#4
-19
-63
-144
-167
-157
-97
-107
-122
-94
-102
-103
-36
-32
-105
-103
-18
67
11
-53
-23
58
130
93
-26
-54
102
254
186
-8
-113
67
305
295
48
-97
40
208
185
28
-61
53
144
92
-87
-103
19
63
2
-144
-157
-22
2
-81
-160
-138
-72
-91
-172
-195
-111
-91
-88
-112
-105
-76
-54
-66
-106
-86
-22
47
34
-29
-4
80
118
80
9
17
95
156
138
66
29
83
193
167
49
-50
13
135
110
13
-34
27
110
35
-81
-114
-88
-31
-23
-92
-72
-51
-100
-183
-180
-60
-13
-143
-262
-185
-35
-22
-180
-233
-93
6
-36
-128
-176
-40
80
52
-50
-76
4
83
85
74
75
76
38
19
81
180
193
99
38
77
125
114
65
68
83
52
30
22
13
-11
-43
-31
-10
-58
-140
-117
-16
-1
-140
-248
-213
-11
81
-68
-287
-313
-37
156
-20
-219
-177
-4
78
10
-81
-56
20
67
40
17
49
102
97
64
46
131
172
89
17
89
226
244
89
-31
65
163
133
64
38
65
78
47
0
-9
-9
-48
-36
-12
-15
-100
-187
-155
-7
35
-88
-241
-250
-120
2
-12
-129
-181
-167
-84
26
24
-86
-175
-98
73
161
85
-57
-57
74
160
114
71
58
74
103
122
135
120
78
46
74
123
164
45
-124
-95
142
275
111
-204
-281
-50
172
151
-120
-325
-195
58
121
-99
-328
-268
2
70
-109
-296
-277
-64
71
-40
-176
-208
-105
-6
-12
-29
-70
-57
39
73
65
22
7
70
106
110
84
55
78
134
167
148
103
63
78
79
104
148
69
-22
-20
88
128
17
-147
-164
-35
95
16
-173
-207
-71
20
-76
-219
-170
-62
-27
-109
-185
-163
-25
-13
-89
-58
-3
-12
-94
-125
33
174
67
-50
-44
75
179
92
1
47
197
217
43
-60
86
295
275
42
-76
78
238
170
-19
-56
115
217
61
-133
-95
34
112
21
-166
-208
-67
21
-5
-131
-201
-119
-33
-99
-178
-191
-127
-25
0
-89
-196
-137
22
64
-44
-137
-92
85
183
123
-5
-43
-9
99
203
186
92
-3
24
142
227
160
34
-30
77
216
112
-86
-90
86
206
64
-168
-174
-1
126
81
-144
-252
-126
13
-15
-155
-202
-93
-29
-107
-232
-230
-60
29
-99
-234
-161
-27
41
-34
-149
-118
3
87
75
-38
-75
26
156
161
86
-16
-21
95
232
233
103
-14
24
133
191
117
46
54
53
36
26
75
57
-36
-72
-38
-35
-78
-92
-87
-47
-27
-136
-206
-143
4
1
-179
-253
-143
35
39
-133
-188
-46
48
-10
-82
-29
105
72
-46
-28
97
158
76
3
22
146
261
154
-40
-66
163
336
288
39
-111
38
219
205
62
-13
50
95
37
12
13
-4
-51
-72
-51
-4
-63
-172
-168
-19
41
-71
-263
-301
-121
71
78
-155
-294
-186
53
129
-40
-214
-191
-10
200
204
-5
-185
-74
185
285
178
-15
-104
53
268
298
105
-67
-35
126
225
190
44
-112
-81
123
226
110
-143
-251
-24
169
130
-116
-300
-202
78
141
-107
-349
-272
-7
136
-90
-351
-321
-41
103
-41
-200
-197
-118
-29
-3
-13
-42
-66
-60
2
95
113
58
-16
10
128
172
89
10
39
168
253
181
29
-37
23
178
261
126
-53
-82
64
150
83
-82
-130
-70
11
2
-75
-140
-127
-47
-65
-134
-127
-102
-74
-114
-155
-155
-74
-10
-54
-63
-61
-55
-41
-46
1
77
63
-20
-2
49
114
130
53
39
100
164
134
28
48
199
231
140
25
11
169
226
68
-54
4
178
190
-6
-141
-92
65
130
15
-166
-216
-124
30
65
-98
-212
-186
-93
-43
-108
-170
-156
-64
22
-52
-163
-159
-30
46
0
-39
-53
28
66
76
76
74
54
17
51
148
247
173
-33
-73
106
287
249
34
-90
-24
86
139
93
-2
-19
-45
-18
37
-5
-70
-99
-100
-52
-24
-89
-165
-165
-86
-15
-89
-210
-224
-136
-37
-69
-152
-106
-55
-59
-94
-105
-56
18
11
-56
-19
67
90
37
11
74
167
174
36
-36
60
213
266
155
-6
-43
67
217
216
51
-71
-44
118
193
46
-126
-175
-56
75
58
-126
-239
-138
12
17
-135
-239
-142
-12
-22
-148
-200
-94
-44
-54
-20
-10
-62
-123
-72
64
135
85
-47
-80
8
173
209
82
-44
12
202
241
91
-18
71
219
262
95
-29
60
134
110
93
82
74
28
-35
-9
35
38
-9
-101
-121
-60
-43
-73
-107
-100
-73
-80
-166
-190
-113
-17
-41
-130
-197
-142
11
48
-56
-132
-101
34
119
79
-37
-21
83
127
99
26
71
172
158
70
29
92
151
143
91
35
90
122
33
-49
-4
130
184
-8
-231
-135
86
107
-52
-244
-151
78
49
-185
-322
-177
96
55
-222
-357
-207
50
28
-142
-203
-148
-33
-31
-94
-66
41
3
-36
-10
42
72
59
40
78
118
120
42
-17
108
258
248
95
-43
-28
136
254
193
-30
-139
6
200
163
-39
-138
-80
-12
-25
-68
-86
-45
-54
-129
-188
-148
-47
-16
-119
-208
-148
-26
4
-110
-137
-8
34
-58
-175
-135
110
237
75
-152
-150
98
307
207
-66
-128
97
340
267
-9
-94
105
287
268
77
-32
21
106
150
147
91
33
-33
-20
80
74
-31
-111
-86
-17
9
-92
-145
-106
-61
-84
-134
-157
-119
-91
-124
-80
-72
-90
-79
-84
-76
-41
-13
14
-29
-32
20
95
120
75
26
-16
78
209
208
54
-64
44
240
254
77
-68
-7
179
237
26
-180
-75
174
273
-3
-283
-186
53
153
4
-244
-220
3
85
-113
-283
-234
-7
55
-112
-305
-284
-60
62
-12
-140
-243
-151
1
55
30
-80
-137
-42
102
138
69
-9
9
87
151
117
27
36
142
216
174
50
-6
74
195
182
42
-57
18
129
126
15
-99
-84
19
7
-78
-104
-77
-29
-68
-154
-162
-82
-37
-94
-194
-149
-54
11
-60
-202
-145
46
106
-42
-193
-132
93
187
79
-61
-91
65
206
170
27
-1
109
212
154
16
53
157
221
149
42
82
151
107
53
48
78
100
20
-40
9
70
-4
-80
-109
-63
-20
-60
-124
-109
-61
-44
-126
-197
-185
-110
-49
-15
-69
-162
-188
-94
43
73
-18
-130
-130
58
181
110
-22
-35
57
126
143
115
85
74
75
117
155
153
78
0
30
153
144
-10
-76
30
161
111
-107
-192
-33
99
50
-125
-209
-103
19
-17
-169
-231
-124
20
-43
-231
-295
-142
72
7
-208
-248
-90
83
26
-169
-150
8
110
79
-46
-79
31
158
152
69
2
34
115
156
185
131
79
70
89
119
105
93
101
90
46
11
28
32
-3
-38
-50
-38
-61
-78
-54
-48
-88
-158
-154
-80
-11
-68
-197
-216
-108
41
16
-148
-157
-23
35
-29
-105
-70
69
104
56
-6
-20
80
163
98
27
30
154
185
91
32
120
212
179
69
37
126
164
82
40
65
106
91
-36
-91
37
110
28
-138
-182
-53
65
17
-166
-237
-103
39
-16
-213
-261
-157
18
52
-95
-253
-206
14
140
-15
-201
-157
93
230
96
-100
-68
148
226
99
-52
-4
189
274
141
-48
-15
172
278
141
-29
-24
45
77
88
77
46
-44
-111
-17
83
21
-95
-167
-118
7
-6
-117
-222
-197
-32
28
-141
-262
-202
-33
12
-134
-209
-95
-5
-50
-162
-118
31
95
15
-72
-57
42
137
114
55
22
69
104
101
96
135
162
110
75
93
112
105
56
68
39
61
108
64
-38
-102
-29
51
-3
-105
-157
-113
-45
-30
-83
-128
-133
-122
-131
-104
-55
-70
-120
-149
-93
27
83
-40
-183
-162
27
232
146
-106
-146
30
263
255
-10
-135
24
289
305
66
-111
19
218
357
211
-21
-81
15
178
264
140
-44
-115
-15
136
174
-16
-189
-187
21
160
-24
-285
-263
-25
159
29
-299
-422
-170
129
124
-104
-277
-256
-43
124
64
-111
-186
-64
55
100
118
45
-10
9
64
148
174
96
26
45
111
211
161
55
23
71
166
134
-24
-104
35
185
171
-75
-237
-75
118
127
-75
-276
-188
40
123
-75
-325
-282
-13
111
-74
-292
-290
-74
62
-63
-203
-182
-56
31
-35
-142
-67
31
52
25
-12
-7
45
121
148
93
15
-6
110
231
178
56
10
111
203
147
32
19
82
119
68
5
-22
33
69
-29
-135
-142
-43
33
-10
-96
-175
-189
-108
8
23
-166
-277
-186
30
86
-81
-237
-144
64
125
-43
-182
-78
139
143
6
-69
6
153
157
56
6
93
190
165
47
46
155
188
134
87
100
148
94
21
48
134
151
37
-91
-52
60
79
20
-82
-133
-97
-66
-34
-61
-103
-106
-124
-123
-152
-114
-83
-83
-86
-87
-108
-77
-53
-58
-46
-27
6
32
35
14
36
71
104
91
67
75
96
152
143
73
74
132
131
69
64
107
131
31
-82
-25
140
174
-16
-220
-145
105
204
-12
-295
-287
-5
160
-26
-295
-309
-77
93
-16
-243
-322
-141
26
-2
-86
-142
-131
-73
-41
-36
2
-7
-34
3
32
82
109
66
12
58
126
119
65
82
158
208
164
71
-14
46
181
161
31
-31
46
151
119
-66
-160
-73
64
65
-72
-217
-145
20
50
-124
-277
-190
3
54
-91
-239
-210
-9
23
-63
-80
-38
-54
-55
-42
42
102
24
-64
-20
119
202
89
-47
-22
158
298
195
-44
-72
179
338
216
-22
-63
128
244
124
-23
-20
108
150
23
-63
-55
13
30
-43
-102
-106
-87
-82
-62
-56
-52
-112
-214
-183
-108
-3
-18
-138
-219
-143
49
93
-72
-202
-131
54
177
103
-46
-87
53
203
141
25
-6
111
212
140
36
71
160
152
64
-9
78
121
73
9
6
62
98
-13
-107
-53
27
-6
-87
-157
-83
15
-59
-172
-218
-90
14
-85
-232
-240
-109
20
-72
-204
-149
-33
11
-74
-168
-74
97
69
-87
-99
6
168
162
28
-18
84
162
90
52
100
165
177
107
40
67
132
126
66
18
49
82
86
9
-83
-61
29
49
-68
-177
-132
-5
20
-110
-255
-209
21
86
-104
-291
-268
-11
151
-24
-241
-134
49
62
-56
-142
-16
115
112
7
-64
6
168
183
114
30
58
116
114
119
155
151
94
83
96
196
203
25
-92
30
213
220
-3
-127
-70
35
74
26
-70
-108
-107
-128
-97
5
13
-95
-226
-253
-119
22
-5
-153
-219
-108
40
25
-91
-173
-110
68
152
33
-104
-28
107
172
116
11
14
132
200
133
5
14
172
217
109
-21
36
146
138
-7
-61
52
175
103
-114
-213
-24
137
53
-148
-213
-59
69
-28
-238
-286
-87
74
-34
-234
-289
-134
48
-8
-165
-197
-119
-16
23
-38
-95
-72
-19
56
95
41
1
-1
88
168
115
20
0
94
215
198
97
30
79
134
117
65
59
57
57
64
42
21
-29
-36
-52
-46
-18
-41
-96
-157
-120
-44
-39
-140
-182
-126
-67
-47
-103
-128
-113
-78
-54
13
-5
-98
-121
-11
128
106
7
-45
-21
101
166
111
37
43
121
162
119
65
95
159
187
142
48
66
142
152
97
9
13
75
92
49
-19
-89
-42
28
-22
-92
-104
-115
-86
-36
-13
-85
-202
-227
-131
-29
-27
-77
-120
-134
-128
-57
29
14
-83
-118
-41
97
127
54
-34
15
95
145
128
106
100
81
47
74
172
199
101
-36
22
152
131
8
-59
31
141
75
-117
-147
-1
78
20
-126
-194
-67
25
-57
-215
-240
-79
42
-43
-234
-294
-134
11
-71
-147
-106
-29
-29
-123
-155
12
112
12
-94
-66
63
148
112
31
33
83
107
71
66
145
195
150
103
31
46
102
151
100
14
2
93
143
73
-111
-157
-45
67
17
-130
-180
-66
15
-63
-187
-184
-71
-5
-90
-200
-176
-45
11
-53
-84
-47
-33
-57
-74
-6
94
80
-16
-47
41
195
162
-3
-73
74
282
250
-1
-122
94
361
331
12
-158
32
306
278
33
-134
-40
182
168
-7
-87
-92
-21
50
-6
-68
-122
-127
-98
-32
-18
-87
-215
-251
-109
27
-4
-130
-194
-181
-41
94
19
-153
-186
5
156
94
-50
-54
62
203
169
-25
-78
114
291
229
19
-64
73
246
214
27
-55
44
128
70
29
75
103
-23
-180
-82
113
111
-74
-263
-203
73
130
-113
-339
-250
42
121
-137
-382
-291
4
147
-34
-284
-258
-45
94
18
-134
-130
-3
63
64
25
-8
16
69
131
122
92
21
22
102
233
220
115
25
-4
74
184
173
47
-52
8
126
141
16
-114
-133
-20
51
-16
-130
-143
-65
-21
-76
-159
-170
-109
-87
-83
-93
-96
-93
-153
-117
33
106
-43
-216
-198
99
308
134
-170
-227
47
334
263
-50
-167
67
335
308
-27
-144
105
348
317
33
-116
28
212
250
92
-67
-11
118
123
30
-84
-100
-4
57
-3
-97
-186
-154
-24
49
-30
-176
-252
-194
-53
-6
-53
-129
-156
-117
-34
26
2
-104
-141
-60
82
129
78
-12
-10
88
107
94
103
113
120
102
83
101
132
139
69
31
63
157
88
-49
-35
103
164
27
-141
-123
-29
50
22
-108
-147
-114
-64
-54
-101
-114
-117
-130
-176
-142
-80
-81
-160
-182
-76
32
-31
-153
-175
-52
72
48
-33
-68
-3
73
93
59
67
120
98
2
13
167
289
182
-1
-44
86
213
202
64
-67
-14
133
169
51
-120
-127
19
116
15
-177
-190
-36
60
-45
-255
-241
-59
65
-39
-211
-241
-109
22
-1
-73
-92
-81
-62
-20
15
51
55
-47
-69
76
190
194
3
-123
17
269
325
96
-119
-4
238
344
197
-46
-51
148
230
139
0
-9
83
119
35
-6
-35
-80
-36
39
13
-75
-197
-143
17
51
-74
-243
-293
-144
32
44
-108
-226
-212
-88
71
104
-82
-241
-133
117
219
24
-174
-87
183
314
83
-147
-64
230
371
175
-94
-88
134
322
205
-61
-103
81
159
91
23
16
54
1
-56
-44
-11
7
-53
-173
-146
-2
36
-91
-264
-230
-11
43
-113
-269
-247
-72
24
-37
-106
-163
-173
-94
10
67
26
-96
-105
27
134
118
41
-31
26
176
208
78
-67
8
238
323
177
-34
-90
65
239
218
34
-93
-5
167
154
-57
-163
-62
58
10
-131
-126
-13
-6
-149
-262
-154
34
37
-159
-302
-181
63
81
-141
-249
-89
109
106
-87
-187
-36
150
104
-26
-41
72
185
104
-24
24
178
233
118
-27
38
227
272
125
-49
22
198
224
86
-59
5
152
116
-31
-75
-31
7
22
-29
-80
-122
-112
-77
-34
-42
-88
-162
-226
-157
-63
-29
-66
-127
-185
-118
22
48
-51
-165
-119
53
156
85
-52
-61
92
169
102
3
74
206
161
11
-23
150
262
158
-41
-91
120
263
107
-99
-117
90
219
23
-176
-139
26
88
-42
-178
-152
-24
-2
-128
-237
-120
4
-66
-218
-248
-124
10
-59
-168
-155
-67
16
-26
-140
-138
9
98
56
-23
-40
21
104
133
107
66
26
14
88
197
249
121
4
37
118
176
119
23
-10
60
139
99
-23
-103
-72
24
19
-56
-147
-68
-11
-55
-143
-187
-97
-1
-78
-218
-199
-28
26
-75
-179
-110
53
67
-81
-202
-80
145
179
-2
-118
-13
177
214
32
-84
10
254
322
85
-105
-3
243
326
169
-59
-40
178
244
94
-32
-2
94
95
15
-6
-24
-56
-45
-11
10
-63
-201
-172
-17
87
-10
-246
-330
-162
25
34
-94
-196
-147
-31
38
-9
-139
-150
-6
117
117
14
-76
-16
128
197
120
7
28
141
197
119
35
75
101
150
145
85
7
-23
26
128
163
59
-97
-153
-11
111
71
-106
-210
-140
41
74
-112
-274
-205
-48
43
-102
-285
-254
-60
79
-61
-215
-176
-77
6
-35
-128
-81
46
58
-12
-26
21
61
86
100
110
77
24
8
94
223
237
96
-9
17
118
162
148
50
6
38
84
85
7
-79
-49
-7
13
-52
-145
-123
-42
-12
-76
-169
-191
-104
-28
-54
-120
-169
-141
-39
-17
-67
-66
-48
-28
4
4
-13
-22
57
97
80
31
15
68
170
174
98
9
53
157
225
166
82
59
89
168
151
42
-11
52
169
156
-47
-109
6
84
54
-43
-152
-84
-32
-40
-115
-127
-48
-24
-123
-222
-196
-61
26
-35
-181
-244
-66
119
66
-126
-204
-77
124
189
53
-102
-35
169
224
65
-49
31
200
231
105
-4
41
166
200
101
15
-16
46
120
86
23
-14
4
-8
-32
-34
-57
-48
-62
-100
-55
-49
-99
-206
-185
-7
50
-139
-350
-322
-42
143
20
-201
-294
-155
53
107
-61
-163
-114
29
150
89
-46
-49
40
161
193
89
-32
-17
141
245
190
54
40
91
145
146
69
21
54
90
82
50
-15
-61
-46
8
-22
-104
-120
-13
22
-104
-262
-217
-4
101
-68
-289
-303
-67
153
64
-236
-279
-36
153
91
-102
-154
-35
129
155
36
-76
1
140
163
102
34
79
172
140
96
106
118
128
118
106
139
106
36
38
96
127
91
-37
-86
-12
57
76
-29
-132
-135
-103
-82
-41
26
-19
-198
-307
-204
15
87
-72
-247
-260
-80
122
124
-114
-270
-146
125
215
44
-114
-81
106
215
123
-18
-17
138
256
169
-17
-8
157
224
109
9
59
104
51
-8
2
116
153
-8
-180
-113
88
96
-52
-218
-198
15
105
-51
-325
-293
16
126
-91
-342
-295
-28
117
-50
-279
-230
-1
91
-43
-193
-108
50
97
43
-52
-34
77
138
124
60
27
22
80
151
201
158
62
19
53
175
220
82
-84
-60
137
224
83
-132
-202
-10
152
50
-184
-254
-62
89
-11
-227
-277
-96
86
-16
-242
-268
-111
90
5
-195
-182
14
98
-4
-152
-86
83
132
43
-59
-22
117
188
104
6
32
142
202
107
49
141
192
127
56
95
200
143
-30
-49
119
226
107
-127
-151
36
180
59
-136
-222
-83
28
0
-99
-149
-109
-81
-126
-143
-111
-103
-92
-73
-100
-98
-78
-33
-22
-56
-56
-13
26
36
49
65
62
65
46
67
141
150
109
56
51
155
206
112
10
21
105
121
45
-9
21
91
82
-62
-107
0
61
-17
-117
-186
-91
53
36
-146
-301
-217
11
81
-135
-314
-277
-52
123
-23
-244
-246
-80
70
38
-81
-128
-101
62
177
74
-85
-70
121
260
152
-50
-99
60
277
314
95
-91
-12
191
263
146
-47
-95
79
208
166
-36
-154
-75
77
53
-88
-174
-109
26
32
-154
-300
-193
30
101
-110
-303
-257
-4
135
-26
-243
-185
39
108
-15
-120
-67
32
85
104
31
-14
59
103
95
98
92
143
153
76
57
131
188
191
64
16
86
145
157
51
-6
54
112
66
-45
-108
-36
64
55
-67
-195
-188
-47
57
-19
-145
-220
-209
-87
-5
-21
-147
-201
-99
-27
-16
-49
-72
-68
-51
-5
47
22
20
91
122
61
-25
16
188
261
140
-32
-63
139
280
223
11
-65
85
165
82
-24
-14
83
112
-22
-129
-68
58
65
-74
-233
-146
27
51
-120
-280
-222
-13
81
-108
-346
-291
11
132
-92
-287
-212
6
122
-19
-153
-115
0
134
95
-58
-80
64
188
197
56
-76
-13
177
274
177
38
28
81
123
149
107
33
10
65
136
127
-9
-166
-128
42
122
1
-213
-225
-22
100
-37
-235
-265
-124
25
0
-133
-217
-144
-39
-38
-61
-73
-25
-23
-85
-67
45
119
34
-74
-13
138
204
82
-55
1
206
276
116
-63
-8
238
338
176
-58
-64
120
252
168
11
-45
48
93
50
23
-45
-61
-20
-24
-49
-97
-92
-74
-69
-63
-103
-150
-157
-122
-83
-79
-73
-134
-135
-69
-9
-30
-100
-116
0
132
99
-52
-110
51
231
173
-34
-61
134
301
180
-71
-83
179
356
225
-65
-178
75
295
165
-90
-132
63
189
60
-98
-125
-60
28
3
-100
-115
-102
-89
-109
-136
-104
-60
-119
-207
-188
-78
15
-105
-212
-150
-27
30
-69
-174
-75
87
57
-4
-51
-9
88
125
112
45
31
80
89
122
174
162
80
43
59
130
161
132
23
-38
28
134
154
18
-149
-153
49
136
-20
-224
-206
-32
60
-49
-224
-249
-96
43
-12
-164
-221
-135
-66
-11
11
-40
-121
-136
-31
94
133
7
-134
-49
159
234
112
-75
-97
113
331
312
13
-175
16
342
379
93
-163
-52
257
341
89
-143
-60
169
190
-6
-121
-100
15
95
19
-126
-220
-152
32
98
-54
-252
-284
-136
20
26
-117
-217
-204
-60
69
31
-131
-226
-90
129
178
21
-127
-73
134
254
114
-60
-36
185
291
157
-61
-60
159
297
220
-2
-99
55
214
145
-23
-91
38
126
16
-89
-109
-47
30
1
-90
-133
-110
-72
-96
-145
-116
-73
-115
-165
-176
-95
-32
-131
-170
-95
-40
-21
-58
-119
-60
42
44
-12
-14
-1
58
107
113
100
73
19
41
145
220
155
45
17
105
179
150
43
-29
44
127
123
13
-69
-57
28
67
-83
-214
-132
55
82
-130
-298
-234
-17
87
-100
-274
-209
-18
77
-42
-223
-204
12
151
19
-181
-181
35
159
129
28
-50
-17
104
176
153
63
25
87
154
160
134
87
114
162
117
77
77
49
74
110
114
58
-37
-14
40
11
-36
-62
-28
-19
-128
-204
-88
56
46
-152
-309
-251
-25
75
-34
-210
-256
-128
83
123
-74
-261
-175
84
221
110
-103
-131
57
268
176
-38
-62
116
269
201
-2
-49
115
221
206
25
-50
45
126
138
22
-52
-7
39
44
3
-40
-83
-76
-78
-82
-25
-34
-96
-188
-218
-63
37
-69
-268
-289
-88
55
-30
-154
-184
-95
-19
-33
-82
-33
28
13
24
14
-2
28
107
164
108
-3
-36
70
239
277
122
-50
-16
162
251
136
-17
-42
71
154
111
15
-81
-76
-8
66
-6
-138
-175
-50
25
-48
-218
-255
-42
101
-51
-298
-283
-41
125
7
-201
-192
-22
93
8
-151
-110
105
175
55
-97
-69
128
256
108
-99
-27
236
338
98
-132
2
281
361
134
-107
-33
191
235
74
-52
0
132
96
-10
-96
-74
48
51
-68
-182
-135
-22
29
-60
-183
-186
-118
-52
-84
-156
-129
-55
-51
-87
-110
-83
-23
-25
-83
-27
42
80
51
25
56
77
56
51
114
184
135
29
7
137
255
175
-18
-73
101
213
146
-26
-97
14
159
90
-58
-115
-72
-7
18
-58
-110
-75
-40
-92
-192
-198
-57
25
-122
-258
-232
-53
2
-75
-146
-116
-65
-72
-85
-56
51
34
-82
-63
58
128
80
-2
36
129
148
73
11
70
196
236
132
-5
-6
113
183
151
8
-53
55
147
107
-51
-135
-64
64
31
-114
-169
-75
-5
-57
-196
-213
-75
18
-98
-210
-181
-21
11
-100
-155
-71
48
22
-107
-165
-7
168
144
-38
-117
5
172
194
74
10
61
132
178
113
74
108
149
157
122
110
122
60
-3
61
172
177
-14
-157
-55
107
113
-35
-157
-121
-13
-19
-109
-123
-53
-26
-107
-220
-210
-58
41
-50
-214
-210
-48
72
-2
-142
-159
-6
124
100
-21
-89
3
165
193
22
-53
109
256
199
-14
-69
140
302
217
-35
-111
92
246
157
-38
-99
8
121
64
-53
-57
-9
-34
-82
-89
-58
-27
-85
-189
-175
-95
7
-39
-199
-277
-163
-8
-6
-159
-190
-68
19
-12
-151
-165
15
119
56
-42
-68
21
140
141
79
28
17
61
158
218
174
39
6
119
208
137
17
-12
67
115
107
72
15
-64
-56
23
15
-93
-176
-81
41
12
-150
-254
-163
-1
32
-132
-239
-177
-27
45
-56
-185
-101
55
29
-80
-120
-3
112
89
18
-59
8
167
182
61
-36
55
212
234
87
-16
68
219
264
109
-24
20
117
173
115
4
-21
48
95
73
-36
-118
-101
10
65
-18
-191
-209
-71
55
-5
-201
-287
-169
15
60
-76
-217
-251
-81
110
95
-80
-232
-159
90
227
103
-122
-123
98
236
169
20
14
110
171
100
49
144
179
95
-2
55
166
144
-16
-79
37
166
107
-110
-180
-16
118
73
-112
-281
-173
70
103
-129
-328
-256
15
97
-102
-337
-314
-18
147
-10
-237
-249
-75
87
32
-104
-123
-49
81
129
17
-71
1
158
221
114
-65
-72
132
285
246
48
-37
80
167
166
98
25
-7
42
127
147
23
-134
-148
0
144
53
-198
-258
-92
99
20
-228
-289
-121
30
20
-133
-224
-157
-41
-9
-1
-33
-111
-147
-67
54
143
52
-86
-69
86
215
159
-41
-69
97
257
234
50
-71
75
299
288
68
-106
30
259
261
-1
-138
-8
226
207
-25
-167
-97
43
100
-8
-136
-174
-101
-35
-4
-42
-144
-221
-208
-56
5
-46
-162
-206
-122
1
66
-39
-183
-173
36
185
105
-82
-122
57
274
203
-32
-120
57
294
278
36
-98
54
235
235
71
-21
10
80
111
63
19
16
10
-43
-26
20
0
-67
-147
-150
28
87
-109
-303
-263
-14
133
-51
-323
-371
-124
161
66
-228
-310
-106
84
46
-119
-127
-8
38
56
16
-11
31
52
110
132
97
28
-1
93
208
224
132
-1
-10
117
227
169
-19
-92
41
192
148
-10
-181
-120
103
139
-87
-302
-175
98
104
-159
-335
-230
54
95
-115
-282
-218
-41
52
-15
-105
-106
-59
-65
-52
51
115
2
-109
-37
146
246
114
-79
-97
120
332
278
-14
-152
46
327
352
130
-118
-56
168
236
138
9
-36
36
82
42
16
-41
-58
-27
-14
-35
-94
-162
-115
-13
6
-81
-222
-249
-94
24
-6
-143
-242
-153
27
107
-1
-221
-251
22
289
204
-140
-245
41
350
258
-66
-158
88
347
293
-30
-175
61
334
317
17
-157
-49
176
207
47
-96
-25
70
54
-19
-91
-102
-40
-7
-58
-86
-97
-125
-136
-112
-84
-71
-135
-191
-179
-92
-30
-90
-154
-110
-59
-43
-51
-54
-63
-50
-24
84
95
-7
-61
17
165
243
110
-102
-95
135
360
292
-10
-137
14
249
304
84
-139
-76
146
239
94
-141
-191
-16
158
76
-190
-264
-70
114
26
-228
-341
-120
151
85
-227
-399
-231
103
181
-43
-267
-233
12
182
86
-130
-151
-25
116
173
78
-19
17
106
143
124
75
88
111
138
183
161
87
51
98
163
159
18
-39
58
158
155
5
-103
-67
37
95
38
-117
-173
-133
-60
0
0
-106
-226
-195
-62
4
-84
-174
-154
-73
-39
-45
-98
-110
-60
25
61
26
-60
-32
91
179
112
-16
-7
101
215
194
72
-24
61
199
207
80
-29
31
135
129
53
-32
2
56
58
-27
-44
-29
-41
-52
-117
-99
-18
6
-108
-228
-220
-41
77
-92
-310
-297
-72
105
-17
-226
-227
-74
67
38
-122
-121
-6
76
83
-1
-58
-1
122
207
108
-41
-52
111
281
232
63
-30
69
175
169
81
10
9
111
168
87
-34
-118
-67
74
108
-50
-208
-186
15
81
-77
-284
-253
-8
128
-55
-333
-309
-7
182
-1
-282
-271
13
218
76
-199
-230
38
237
135
-38
-78
63
159
142
62
58
136
155
82
38
142
237
193
41
-26
100
228
172
-6
-72
32
178
117
-45
-151
-65
84
93
-50
-189
-199
-77
57
34
-127
-240
-209
-90
-12
-62
-136
-131
-119
-69
-6
-21
-76
-106
-83
41
129
58
-65
-49
110
234
105
-42
4
197
241
91
-38
61
216
191
48
-22
70
158
85
0
-32
49
118
45
-83
-104
-18
74
10
-179
-242
-71
83
13
-216
-273
-112
49
-40
-224
-308
-136
57
39
-135
-236
-137
26
49
-43
-73
-74
-21
80
93
22
-21
60
166
153
26
-48
57
226
267
111
-42
14
142
219
156
14
-40
40
129
122
31
-95
-96
36
95
-56
-237
-180
57
107
-131
-355
-241
87
148
-136
-379
-287
51
165
-33
-236
-219
-18
127
45
-155
-110
81
162
81
-71
-82
99
237
161
3
-31
109
245
187
61
46
103
170
147
115
124
71
-1
21
145
198
61
-153
-80
66
90
3
-119
-122
-37
-58
-106
-78
-10
-45
-171
-226
-160
-49
0
-99
-167
-154
-57
6
-19
-79
-103
-59
28
87
56
-24
14
143
131
-13
-28
142
274
189
-14
-82
111
310
209
-11
-72
62
170
133
5
-37
21
65
16
-41
-22
-34
-51
-52
-88
-74
-70
-94
-127
-133
-93
-55
-101
-208
-198
-114
-15
-79
-174
-162
-67
12
-33
-122
-114
17
75
29
4
-16
-29
64
140
139
83
16
26
85
174
197
122
48
43
114
150
120
32
1
68
108
96
27
-85
-106
-21
47
-16
-133
-136
-40
-13
-93
-185
-167
-45
-35
-135
-155
-132
-84
-56
-34
-45
-75
-86
-54
5
56
18
-61
-58
92
157
117
26
-23
68
161
170
112
63
41
127
231
188
56
-6
116
215
90
-17
31
152
182
19
-133
-66
63
99
12
-116
-146
-107
-67
9
-8
-106
-188
-171
-113
-77
-76
-84
-98
-121
-131
-65
10
-13
-107
-142
-42
103
140
19
-92
1
178
165
25
-36
80
221
222
58
-67
64
238
231
42
-63
19
151
148
34
-68
-21
95
67
-37
-88
-77
-44
-16
-77
-107
-71
-57
-97
-166
-163
-58
-37
-151
-249
-184
-5
48
-123
-226
-148
3
40
-70
-126
-43
53
88
15
-87
-61
113
239
183
27
-110
-36
178
311
242
41
-89
1
195
266
135
-77
-104
80
223
148
-34
-169
-87
105
100
-125
-282
-133
97
101
-125
-352
-269
22
165
-58
-357
-336
-11
178
57
-192
-261
-41
119
58
-86
-107
-8
145
155
9
-80
30
164
184
74
43
134
139
76
83
162
195
130
15
21
165
179
45
-32
3
166
172
-20
-142
-89
39
101
10
-135
-202
-138
3
75
-42
-233
-295
-164
56
71
-104
-269
-262
-53
125
60
-139
-256
-114
95
211
74
-128
-105
129
253
93
-89
-25
198
319
155
-69
-78
168
314
173
-59
-68
105
195
118
-13
-49
45
66
-21
-86
-18
22
-47
-135
-136
-5
27
-102
-246
-233
-41
76
-69
-280
-292
-100
90
0
-245
-246
-43
87
1
-154
-143
2
86
93
-13
-84
3
117
171
129
43
-32
-5
159
268
210
39
-49
42
192
248
115
-72
-101
82
250
183
-62
-236
-133
128
166
-67
-276
-189
31
77
-88
-265
-224
-21
48
-125
-263
-168
36
28
-145
-180
-21
70
1
-144
-104
84
149
52
-73
-32
140
204
72
-57
29
223
272
100
-72
41
254
258
98
-30
75
192
129
43
9
70
134
73
-52
-63
-13
23
37
-51
-125
-141
-129
-57
57
5
-168
-292
-219
12
98
-66
-278
-276
-59
140
80
-160
-278
-95
204
222
-44
-226
-61
234
301
42
-157
-15
277
340
111
-155
-85
250
404
147
-156
-129
138
318
156
-131
-178
48
224
82
-112
-155
-93
24
35
-71
-131
-112
-109
-142
-124
-40
-27
-146
-272
-246
-49
99
-43
-228
-198
-73
32
-10
-86
-67
-54
-14
80
74
-2
-16
27
122
176
94
-9
-6
146
269
176
22
-23
68
234
223
61
-117
-62
150
230
94
-144
-223
-27
202
129
-186
-349
-148
123
149
-155
-397
-265
66
130
-90
-289
-258
-57
65
-1
-108
-133
-80
-32
19
79
57
-38
-70
17
150
188
65
-69
-12
147
277
224
5
-75
97
282
263
89
-40
53
165
160
65
-7
31
105
68
23
-28
-94
-38
75
49
-122
-251
-167
45
149
-53
-318
-350
-99
135
54
-201
-288
-163
41
105
-43
-216
-195
1
161
131
-45
-117
34
205
167
-10
-92
68
286
253
19
-113
14
264
303
90
-63
-30
55
168
129
-9
-41
17
21
-5
16
-30
-101
-74
-61
-67
-54
-73
-111
-144
-145
-83
-60
-162
-212
-167
-48
-10
-146
-208
-99
20
3
-117
-168
0
109
46
-55
-98
2
151
178
93
9
-16
29
168
222
161
49
36
113
156
128
84
50
11
41
127
139
9
-105
-113
14
122
6
-183
-202
-45
54
-15
-232
-276
-45
110
-75
-298
-239
-10
91
-55
-190
-129
34
91
-33
-180
-85
127
167
17
-69
3
162
185
42
-45
72
254
213
13
-46
154
307
235
30
-69
64
197
148
38
8
77
110
1
-69
-15
47
29
-81
-118
-74
-67
-65
-58
-39
-62
-155
-207
-190
-78
-8
-76
-135
-124
-92
-36
-30
-80
-72
-40
50
73
14
-14
50
139
87
-8
11
147
253
164
-38
-78
125
318
240
-27
-115
39
205
195
21
-90
-26
113
87
-45
-106
-93
13
52
-50
-161
-145
-68
-54
-113
-129
-104
-116
-154
-160
-113
-57
-95
-188
-128
-9
31
-75
-176
-131
57
145
10
-124
-56
123
190
99
-14
1
78
121
130
146
147
104
81
80
93
109
112
61
57
45
60
76
44
-47
-47
18
8
-98
-168
-103
35
23
-122
-259
-202
-4
56
-85
-260
-240
-31
74
-26
-182
-150
11
65
-21
-100
-27
88
86
-33
-17
77
174
113
-16
-21
161
274
186
-28
-67
158
333
253
8
-132
42
265
252
32
-110
-22
138
156
55
-116
-150
0
103
14
-153
-240
-119
62
72
-114
-295
-261
-62
60
-14
-186
-260
-130
53
51
-87
-149
-110
15
101
60
-22
-32
54
148
125
23
5
135
209
108
-4
18
166
231
105
2
71
109
56
30
67
96
28
-43
-74
-2
88
26
-135
-222
-112
71
85
-112
-303
-263
-50
118
-3
-276
-350
-186
69
72
-135
-241
-176
-25
39
-23
-74
-83
-46
18
96
91
-16
-42
47
192
199
37
-86
-3
208
298
159
-10
-4
125
196
143
-10
-61
73
184
131
-30
-130
-90
43
93
-41
-188
-161
-18
44
-69
-241
-230
-43
50
-65
-234
-236
-69
52
58
-90
-218
-130
25
104
36
-79
-96
-3
146
194
100
-31
-47
89
218
196
78
-3
47
176
235
176
69
-6
89
191
155
23
-5
96
158
57
-75
-48
41
71
-21
-132
-145
-44
-8
-52
-93
-91
-137
-152
-103
-45
-92
-157
-158
-93
-34
-15
-59
-142
-120
-35
63
115
32
-93
-84
109
258
162
-55
-102
105
317
232
-55
-140
111
331
254
11
-89
11
141
159
50
-69
-51
37
113
50
-90
-180
-109
38
31
-85
-204
-170
-76
-32
-63
-142
-192
-168
-104
-75
-116
-122
-123
-50
17
-51
-138
-171
-68
76
86
-2
-46
-20
54
106
129
97
28
-6
61
208
253
140
-41
-27
146
258
208
0
-145
-15
250
314
36
-268
-248
93
318
78
-327
-391
-37
282
154
-329
-535
-187
299
276
-262
-605
-307
241
372
-43
-432
-364
62
343
155
-207
-282
-42
253
241
8
-105
1
142
172
116
93
107
101
73
120
181
179
113
25
67
152
130
52
28
52
90
57
28
-10
-88
-41
35
47
-76
-172
-166
-37
61
-3
-185
-299
-211
-38
48
-43
-190
-220
-76
73
28
-128
-222
-114
131
226
42
-175
-141
147
303
116
-89
-36
194
283
137
-79
-19
224
316
100
-122
-49
186
251
52
-145
-62
135
172
-38
-181
-69
83
57
-137
-267
-109
116
26
-231
-321
-124
89
34
-217
-359
-209
79
89
-172
-275
-124
61
57
-115
-176
-44
88
137
5
-115
-16
151
214
123
-27
-61
60
248
259
83
-37
15
186
232
98
-27
-21
86
192
139
-5
-139
-114
75
137
-37
-243
-182
29
102
-65
-295
-260
9
157
-43
-348
-341
-29
175
35
-195
-273
-73
143
95
-70
-174
-85
99
187
119
-45
-68
50
170
178
112
58
57
69
135
212
204
79
-20
71
254
198
-21
-115
60
278
226
-57
-247
-93
160
182
-35
-244
-204
-6
63
-6
-126
-172
-156
-124
-71
-48
-97
-155
-165
-110
11
56
-51
-188
-219
-30
199
199
-58
-238
-31
281
280
-2
-152
48
304
274
-28
-154
95
363
305
-14
-213
-7
269
269
43
-149
-108
86
166
39
-99
-104
-90
-40
-21
-69
-89
-86
-133
-153
-92
-44
-80
-191
-218
-122
-20
-71
-214
-198
-1
100
-51
-240
-187
82
169
30
-82
-90
14
110
136
127
74
18
-7
51
200
259
146
-5
-1
143
214
127
-13
-56
74
207
137
-34
-170
-98
72
155
-2
-249
-232
14
130
-28
-294
-287
-37
151
-22
-298
-302
-62
96
36
-123
-217
-97
57
73
-41
-111
-34
57
110
102
37
15
30
65
132
144
119
118
84
61
131
181
156
78
72
147
124
13
-18
83
182
134
-55
-128
12
96
49
-66
-132
-107
-67
-49
-57
-57
-101
-147
-143
-137
-108
-70
-66
-96
-130
-134
-63
12
16
-89
-109
-14
77
58
-12
7
131
149
27
-47
80
240
229
36
-90
26
259
285
63
-72
-20
114
164
46
-46
8
107
61
-71
-91
-4
7
-38
-143
-181
-69
37
-21
-208
-255
-130
27
-40
-198
-254
-172
-18
-29
-60
-92
-124
-130
-84
8
79
-23
-93
-22
30
111
104
70
53
55
48
72
113
161
143
99
63
99
122
121
99
11
-4
94
168
100
-23
-105
-76
41
86
-58
-207
-128
48
41
-126
-329
-224
90
170
-132
-406
-287
59
195
17
-267
-298
-39
193
151
-79
-226
-87
128
196
83
-39
-12
82
145
122
107
102
99
87
98
175
198
140
39
25
136
190
101
-16
-26
100
145
28
-52
-66
-23
63
4
-86
-137
-112
-64
-17
-47
-139
-188
-148
-80
-64
-110
-127
-130
-85
-18
-14
-67
-136
-123
-18
117
127
-10
-111
-24
183
239
46
-61
34
210
251
82
-82
20
221
266
78
-34
19
95
135
46
-26
5
59
32
-5
-38
-46
-62
-69
-71
-74
-23
-55
-163
-191
-102
-1
-56
-211
-235
-131
32
-26
-201
-196
-60
33
-5
-143
-144
34
124
39
-73
-82
51
136
155
79
-3
-8
71
152
213
176
60
14
61
147
185
135
-19
-65
63
196
170
-24
-203
-131
134
190
-59
-319
-239
42
170
-35
-340
-335
-20
163
-23
-276
-300
-51
126
0
-193
-196
-34
83
58
-72
-100
24
77
68
75
57
39
33
39
104
208
235
66
-80
20
264
334
160
-71
-98
120
270
161
-6
-40
43
110
61
41
-15
-113
-81
-12
48
-24
-191
-208
-36
69
-31
-221
-287
-153
41
78
-141
-293
-194
52
124
-48
-237
-199
67
227
105
-141
-162
114
315
154
-97
-100
163
339
210
-74
-122
146
357
210
-83
-106
48
208
227
40
-121
-89
29
106
82
-40
-165
-140
-9
54
-29
-179
-216
-128
-30
-5
-66
-233
-277
-153
4
61
-104
-265
-171
-3
61
-41
-184
-145
23
116
70
-7
-74
-77
76
215
216
60
-105
-90
174
381
266
-40
-176
31
332
349
50
-211
-92
207
314
109
-169
-241
-46
224
190
-153
-372
-212
109
182
-79
-350
-276
-7
103
-64
-267
-235
-34
50
-36
-134
-82
-1
-28
-87
-54
69
122
20
-73
-15
143
222
80
-67
-26
200
349
185
-83
-86
175
365
264
-1
-132
58
236
204
52
-67
4
102
123
18
-117
-115
22
96
12
-179
-270
-89
125
60
-192
-344
-204
58
75
-163
-297
-158
69
100
-88
-265
-170
56
159
71
-95
-121
36
186
185
31
-67
30
215
254
89
-62
-16
208
289
110
-61
-28
72
164
143
16
-70
-28
80
82
-33
-92
-80
-11
7
-80
-115
-134
-120
-78
-69
-88
-120
-192
-178
-74
-32
-77
-207
-222
-35
68
-1
-163
-221
-52
145
119
-26
-93
-50
69
159
139
53
-16
-22
104
235
223
83
-16
41
172
206
107
-16
-35
69
182
182
31
-135
-148
14
161
66
-188
-281
-79
165
55
-249
-374
-170
141
134
-174
-381
-227
70
140
-17
-243
-262
4
192
112
-140
-190
-38
167
200
77
-29
-11
47
122
170
184
132
26
-8
124
288
252
55
-73
51
255
218
10
-87
39
204
138
-69
-149
-52
115
79
-122
-203
-113
-10
27
-45
-146
-175
-125
-86
-82
-142
-147
-110
-56
-39
-46
-62
-93
-107
-66
31
96
33
-70
-57
141
246
69
-114
-23
261
321
89
-121
-42
242
347
127
-112
-123
81
280
208
-36
-170
-61
120
138
61
-100
-197
-144
14
48
-13
-139
-231
-179
-67
16
-36
-208
-277
-163
-11
30
-122
-254
-141
42
53
-79
-209
-89
91
113
11
-68
-31
92
123
111
69
23
25
80
172
202
140
19
23
137
199
135
0
-57
64
188
175
-4
-154
-138
72
203
9
-298
-290
42
217
15
-350
-380
-55
205
38
-321
-395
-74
184
100
-191
-309
-81
140
113
-99
-163
-28
106
136
40
-46
52
153
136
55
30
99
168
152
105
105
129
148
141
84
73
100
73
45
83
156
84
-53
-82
1
47
47
-19
-115
-112
-101
-70
4
13
-95
-265
-305
-75
123
25
-229
-300
-115
89
126
-77
-272
-230
18
244
172
-117
-237
-5
283
271
3
-152
31
310
299
14
-151
41
303
284
26
-127
-4
203
214
52
-90
-40
91
95
-40
-77
-16
-28
-97
-118
-66
16
-13
-159
-268
-162
-4
32
-136
-298
-227
-23
68
-110
-288
-141
73
68
-133
-251
-62
131
168
32
-162
-126
109
268
213
-8
-137
-25
203
325
212
-44
-107
80
296
311
51
-210
-118
211
360
153
-187
-282
-54
247
234
-124
-400
-228
136
211
-107
-411
-317
64
214
-66
-377
-335
-1
161
31
-169
-235
-80
74
41
-31
-66
-24
3
82
100
71
34
26
60
131
159
162
97
22
49
180
275
199
24
-57
78
235
157
21
-17
46
106
58
-27
-38
2
13
-20
-79
-116
-118
-101
-22
33
-48
-222
-280
-158
-1
34
-106
-199
-155
-46
18
-35
-133
-144
-17
145
121
-60
-135
34
238
193
-44
-135
89
342
286
-13
-170
58
328
267
11
-116
21
174
184
28
-108
-50
125
137
-26
-115
-84
-42
3
-77
-125
-84
-47
-100
-202
-164
-26
-5
-180
-309
-197
7
90
-95
-281
-220
-1
97
-1
-148
-136
-8
131
123
-66
-135
33
228
224
18
-123
-3
217
282
153
-7
4
130
202
168
50
-27
-14
105
186
115
-30
-167
-95
103
143
-76
-292
-174
92
136
-103
-379
-279
66
191
-84
-373
-292
9
140
30
-187
-266
-48
168
118
-87
-209
-76
147
212
85
-64
-21
140
200
120
26
52
127
150
122
120
141
120
106
92
141
137
41
-11
45
137
135
-20
-97
-33
51
49
-58
-140
-106
-39
-40
-63
-74
-107
-157
-142
-112
-89
-104
-93
-108
-81
-40
-31
-99
-158
-87
57
150
29
-143
-108
144
285
135
-103
-88
158
345
209
-87
-126
137
356
253
-53
-175
18
275
302
0
-219
-88
151
166
2
-138
-148
-60
36
0
-82
-119
-127
-140
-138
-88
-11
-79
-220
-273
-155
53
40
-176
-265
-112
72
66
-136
-231
-64
143
166
-15
-149
-55
141
240
155
-32
-108
27
231
313
152
-51
-74
127
292
229
9
-123
-27
178
230
64
-122
-176
-11
175
129
-171
-320
-127
112
88
-162
-349
-208
83
112
-151
-328
-185
58
72
-89
-202
-169
19
79
7
-70
-26
3
28
72
86
111
55
4
11
126
225
202
72
-29
67
239
227
102
19
71
159
158
42
-3
77
131
74
-62
-67
16
16
2
-22
-58
-108
-174
-138
-7
61
-49
-246
-281
-155
40
78
-107
-294
-208
49
150
-37
-245
-220
53
248
102
-177
-144
147
308
124
-125
-67
197
353
161
-117
-102
192
339
194
-79
-112
85
263
176
-58
-156
-16
140
101
2
-105
-160
-93
33
31
-50
-165
-167
-118
-73
-77
-95
-173
-204
-108
-57
-67
-157
-204
-52
39
-14
-140
-179
-61
92
85
-32
-81
-24
82
156
115
59
20
14
71
161
242
164
40
-15
55
162
201
95
-40
-28
135
204
104
-106
-201
-29
182
100
-196
-319
-61
187
90
-279
-414
-117
210
108
-283
-425
-157
170
177
-83
-334
-249
78
216
52
-169
-208
2
227
226
38
-133
-44
146
229
172
51
17
59
165
245
192
40
-14
79
227
246
83
-109
-50
167
249
83
-122
-140
-45
69
125
0
-176
-242
-134
81
139
-60
-306
-350
-115
129
93
-168
-340
-225
57
156
1
-207
-247
-88
165
213
24
-207
-155
168
353
174
-134
-145
140
375
255
-52
-174
58
353
328
24
-187
-85
157
299
126
-111
-152
-18
111
128
-2
-173
-191
-51
12
0
-67
-151
-203
-197
-66
47
-55
-252
-296
-156
45
25
-154
-201
-118
-15
35
-63
-122
-48
32
93
48
-36
-31
67
191
167
47
-65
-12
169
269
186
15
-21
97
204
174
24
-65
19
186
180
22
-125
-133
11
120
37
-168
-227
-40
111
-3
-263
-321
-80
165
43
-290
-370
-134
156
144
-127
-291
-183
74
157
9
-147
-119
50
162
127
21
-29
59
119
113
87
131
179
120
25
73
183
215
128
11
54
182
158
-17
-32
115
201
68
-138
-129
18
149
62
-139
-219
-122
15
37
-48
-177
-214
-156
-63
-32
-80
-150
-150
-92
-36
-37
-66
-104
-88
-9
67
46
-52
-84
69
230
167
-82
-136
121
387
278
-67
-217
38
387
364
-9
-200
-13
211
259
45
-130
-70
111
129
-16
-97
-75
1
-12
-91
-131
-64
3
-101
-217
-206
-40
31
-140
-284
-203
11
77
-142
-310
-175
39
116
-44
-231
-137
106
150
24
-115
-64
102
185
135
36
-26
19
121
217
192
84
18
67
143
185
123
-6
-54
59
192
203
33
-181
-185
64
243
31
-307
-317
16
230
19
-373
-378
-4
258
17
-400
-425
-13
274
92
-277
-380
-89
236
223
-73
-255
-172
81
258
229
-1
-121
-37
121
221
216
118
-2
-67
84
360
375
86
-197
-105
255
409
149
-163
-137
136
308
129
-139
-212
-60
158
159
-83
-269
-226
-45
123
87
-167
-340
-264
-3
126
-8
-285
-322
-65
171
125
-158
-345
-192
124
295
133
-196
-287
38
409
319
-92
-258
15
388
378
43
-234
-49
335
401
87
-146
-82
110
226
139
-33
-77
0
57
42
-13
-65
-86
-75
-68
-64
-35
-51
-119
-180
-154
-45
-23
-128
-218
-215
-76
19
-86
-204
-107
31
-3
-133
-150
-9
101
58
-20
-55
-8
105
148
116
47
-2
31
140
196
173
63
16
74
165
207
121
-53
-71
124
243
156
-74
-255
-132
205
267
-67
-417
-294
105
281
-7
-419
-421
-5
273
56
-356
-424
-88
191
165
-142
-375
-199
123
248
61
-190
-180
20
221
197
-12
-102
5
180
236
128
43
41
113
202
198
101
29
68
154
195
88
-36
7
131
191
76
-90
-88
30
76
13
-44
-88
-143
-144
-51
67
25
-180
-341
-220
40
114
-93
-296
-242
-14
119
35
-149
-265
-177
87
260
116
-159
-218
42
313
245
-37
-161
45
315
312
20
-147
32
290
280
58
-81
-68
103
226
161
-37
-139
-45
89
125
21
-144
-183
-65
44
-4
-122
-177
-144
-107
-69
-74
-122
-174
-169
-133
-46
-17
-123
-203
-91
9
-5
-116
-151
-19
68
89
40
-55
-73
38
195
235
64
-126
-84
175
369
251
-36
-115
61
266
296
77
-166
-76
185
303
135
-142
-250
-87
204
233
-106
-388
-226
142
206
-103
-409
-330
61
243
-34
-395
-369
-3
199
68
-177
-275
-111
82
121
22
-92
-69
41
129
92
8
25
116
112
78
80
133
153
103
48
111
227
206
53
-28
80
193
163
41
-55
19
128
94
-22
-83
-53
49
43
-74
-186
-168
-32
69
-16
-227
-297
-110
83
24
-193
-307
-163
67
125
-78
-279
-208
45
188
135
-91
-222
-54
274
341
14
-257
-75
342
453
120
-255
-167
280
514
215
-218
-264
63
378
329
-62
-292
-111
222
239
-30
-215
-183
-26
86
9
-113
-159
-152
-118
-95
-49
-31
-142
-243
-197
-78
2
-83
-211
-166
0
68
-63
-206
-147
70
155
32
-96
-85
48
163
158
71
-6
-7
75
186
195
112
37
59
133
158
115
37
-18
45
154
156
43
-83
-109
16
117
24
-220
-220
6
126
-1
-266
-333
-82
157
18
-298
-354
-64
176
63
-188
-293
-158
111
161
-22
-168
-123
30
175
159
12
-64
7
134
143
88
70
120
162
111
71
120
155
145
106
104
115
31
-1
82
164
151
-2
-115
-42
88
81
-36
-136
-152
-30
13
-29
-93
-157
-144
-97
-95
-62
-117
-152
-138
-69
-11
-28
-115
-172
-102
38
117
44
-102
-109
81
247
171
-52
-154
34
315
328
51
-172
-38
277
331
112
-101
-36
121
179
84
-54
-49
74
113
-20
-104
-27
8
-36
-102
-120
-69
-54
-89
-113
-133
-101
-93
-142
-171
-135
-74
-58
-135
-176
-87
-4
-26
-117
-134
-17
89
15
-63
-49
42
96
106
115
107
-2
-52
67
206
271
155
-34
-67
123
315
236
-48
-186
4
288
273
10
-232
-190
67
230
68
-250
-326
-29
205
79
-279
-427
-137
193
126
-233
-408
-191
92
137
-9
-222
-236
-36
125
96
-37
-128
-76
68
197
157
-21
-77
17
195
237
134
43
-5
72
229
253
137
39
50
113
181
117
-12
-14
104
177
83
-67
-86
-28
38
57
-43
-138
-158
-95
21
35
-102
-221
-202
-90
7
-46
-174
-208
-88
51
8
-142
-198
-75
45
86
43
-77
-97
83
263
169
-88
-153
104
367
288
-54
-207
50
394
357
-11
-220
-29
267
307
70
-192
-177
88
247
126
-120
-242
-120
82
91
-120
-200
-117
-35
-47
-160
-181
-107
-61
-119
-172
-141
-103
-105
-80
-47
-51
-82
-129
-102
32
94
9
-53
-57
15
119
149
80
13
-9
42
122
203
171
102
24
43
123
171
106
19
17
76
123
82
16
-38
-55
3
32
-64
-179
-109
31
44
-94
-248
-215
19
89
-107
-315
-244
-12
82
-12
-149
-197
-57
88
29
-91
-99
31
90
56
-18
4
105
162
103
4
12
146
234
171
17
1
160
251
200
31
-23
118
157
52
38
86
121
23
-101
-74
33
87
11
-126
-192
-143
3
87
-27
-210
-268
-161
-28
6
-79
-184
-202
-106
1
11
-90
-121
-98
-15
46
51
-26
-51
69
192
115
-47
-44
133
282
219
-40
-151
97
385
320
-52
-213
4
252
285
32
-192
-115
143
238
42
-172
-208
-48
91
33
-166
-200
-60
11
-93
-189
-170
-113
-89
-89
-130
-130
-89
-143
-135
-15
-5
-122
-187
-95
111
158
-2
-162
-101
84
231
159
-13
-67
12
163
207
132
35
37
132
191
170
77
-41
-30
107
222
211
9
-198
-176
76
274
126
-273
-409
-94
254
206
-206
-523
-304
176
311
-64
-499
-426
35
281
108
-266
-363
-72
176
175
-62
-209
-70
84
136
128
42
-25
-11
58
171
222
166
49
-36
33
257
313
155
-61
-77
169
310
135
-118
-90
152
271
85
-171
-176
-18
169
155
-103
-306
-248
-8
188
70
-217
-392
-255
42
140
-25
-255
-316
-104
122
123
-93
-287
-215
85
278
105
-210
-213
115
372
222
-120
-200
80
396
338
-32
-255
1
375
388
49
-164
-98
90
273
199
-30
-164
-85
39
139
128
-72
-246
-216
12
156
44
-210
-354
-210
46
114
-72
-315
-331
-114
105
43
-248
-310
-67
125
63
-172
-256
-44
174
127
-34
-99
-58
99
169
121
80
2
-11
91
191
239
138
-8
-18
96
207
166
17
-64
31
170
158
4
-146
-84
83
110
-113
-237
-98
100
40
-229
-324
-107
145
85
-258
-401
-155
143
125
-90
-296
-236
52
215
57
-188
-215
19
221
220
20
-151
-75
170
275
167
-20
-29
137
260
195
82
25
90
170
154
128
46
-23
32
174
220
64
-173
-139
33
164
108
-82
-209
-192
-71
63
69
-67
-247
-274
-138
7
30
-100
-235
-225
-24
101
13
-169
-214
-94
88
149
36
-123
-104
105
244
142
-58
-78
137
339
235
-87
-170
100
399
313
-18
-187
-76
186
323
132
-159
-230
14
238
208
-62
-301
-233
44
170
0
-231
-278
-113
18
-6
-108
-202
-222
-151
-58
-18
-73
-175
-189
-67
34
8
-103
-141
-57
30
102
79
-43
-125
10
209
262
81
-151
-74
219
365
195
-75
-109
151
345
238
-75
-203
11
319
311
12
-273
-242
82
320
108
-327
-387
-2
286
103
-316
-454
-154
189
177
-168
-427
-287
50
178
30
-215
-253
-56
130
91
-59
-118
-44
53
133
150
60
-24
-33
63
210
234
141
3
-26
126
291
218
34
-52
74
274
230
-36
-149
27
278
242
-62
-230
-150
103
197
52
-210
-289
-140
85
146
-58
-291
-320
-119
77
38
-128
-243
-220
-39
97
24
-167
-207
-60
102
137
20
-107
-58
126
196
66
-43
26
223
263
66
-115
-24
270
348
81
-128
-71
124
271
162
-113
-161
27
204
109
-79
-160
-98
18
32
-78
-168
-122
-32
-73
-185
-164
-34
-33
-169
-266
-209
-14
65
-72
-210
-185
-35
40
-28
-103
-83
3
74
101
-4
-56
36
166
182
42
-97
-28
202
334
181
-55
-72
128
316
238
-31
-188
-18
244
290
20
-227
-197
102
295
59
-368
-362
34
295
56
-377
-448
-47
285
89
-343
-446
-108
226
131
-183
-340
-168
144
196
-3
-208
-150
56
185
136
4
-31
41
104
117
110
128
140
98
57
131
209
143
38
39
188
208
48
-77
29
219
233
-17
-223
-136
170
227
-2
-238
-258
-55
97
49
-114
-213
-177
-82
-42
-81
-167
-164
-95
-39
-26
-49
-112
-128
-65
8
88
63
-65
-144
29
269
228
-44
-211
22
368
383
20
-231
-44
332
383
74
-165
-76
177
259
83
-101
-73
86
151
18
-111
-84
-49
-6
-34
-100
-99
-92
-104
-144
-117
-57
-51
-140
-221
-200
-62
23
-49
-249
-224
-16
83
-12
-162
-158
-9
120
141
3
-141
-82
147
284
192
-80
-188
52
363
379
66
-192
-96
248
383
172
-151
-192
95
355
218
-122
-260
-92
206
231
-93
-371
-216
132
204
-103
-382
-292
67
204
-48
-387
-366
-26
192
48
-172
-236
-109
84
102
-20
-118
-111
-7
154
174
35
-52
14
132
172
119
117
114
91
63
112
174
169
106
54
98
160
92
2
32
131
170
39
-145
-93
62
122
7
-149
-198
-78
17
18
-51
-158
-203
-157
-63
-30
-94
-144
-152
-89
18
10
-110
-196
-143
51
185
56
-164
-152
118
287
151
-67
-117
80
337
270
-31
-170
63
362
289
2
-141
-38
189
278
109
-144
-159
24
198
153
-62
-201
-165
17
114
-30
-186
-222
-141
-19
22
-104
-227
-239
-137
-45
-25
-84
-195
-210
-19
92
-31
-221
-232
29
208
107
-99
-166
-15
176
230
131
-43
-105
55
226
253
116
-24
19
170
232
165
14
-58
37
151
180
79
-47
-96
-57
56
130
-2
-237
-252
-13
146
21
-289
-349
-73
157
54
-245
-316
-150
30
64
-20
-174
-185
-13
103
68
-31
-126
-91
100
218
152
-14
-76
-10
139
267
216
81
-47
13
207
296
172
-6
-40
119
259
171
-60
-85
98
233
105
-112
-140
-35
93
74
-87
-176
-128
-57
18
-16
-140
-222
-140
-32
-55
-136
-162
-120
-45
-18
-50
-93
-94
-84
-32
66
95
-24
-89
13
194
195
2
-99
39
294
312
50
-142
0
277
299
48
-106
16
139
175
57
-71
-33
57
80
15
-26
-88
-92
-56
-34
-26
-74
-136
-163
-121
-90
-57
-76
-170
-202
-144
-41
-5
-150
-209
-94
24
42
-86
-218
-134
63
190
139
-67
-176
-25
218
292
106
-109
-123
114
362
298
11
-130
20
265
303
83
-152
-122
146
345
186
-140
-270
-64
240
218
-163
-407
-176
183
194
-136
-420
-276
126
232
-128
-434
-320
51
205
45
-242
-303
-41
167
108
-98
-177
-35
116
180
79
-21
11
95
94
76
93
160
159
76
5
121
224
205
113
4
19
130
155
100
44
0
17
48
64
12
-87
-84
6
29
-63
-138
-155
-49
38
-39
-216
-250
-109
14
-14
-152
-231
-123
50
58
-106
-220
-142
86
194
32
-180
-135
179
343
118
-186
-163
197
423
247
-122
-214
119
392
280
-35
-148
29
183
214
57
-56
-60
11
53
63
16
-91
-161
-113
-5
34
-42
-164
-234
-150
-8
16
-112
-274
-253
-72
54
-33
-234
-267
-8
120
-8
-235
-231
28
221
105
-82
-115
-28
126
186
130
22
-44
39
142
194
176
88
39
67
135
140
60
-11
46
158
134
-8
-97
-36
64
113
-15
-227
-244
11
169
24
-289
-383
-99
201
104
-269
-392
-148
99
72
-97
-224
-140
47
81
-11
-84
-46
37
36
28
69
89
67
53
41
89
147
174
140
34
10
154
286
204
8
-45
145
247
101
-92
-63
183
264
50
-158
-187
-26
172
128
-118
-316
-230
71
205
-2
-314
-392
-122
133
67
-181
-312
-197
61
127
-79
-230
-163
0
109
95
-62
-127
11
221
240
7
-167
-18
270
358
139
-152
-140
174
376
249
-24
-130
-8
157
202
68
-82
-79
18
109
114
-43
-202
-176
12
100
-27
-193
-213
-132
-33
-21
-95
-197
-239
-153
-17
13
-128
-280
-193
61
136
-63
-268
-218
75
252
105
-146
-219
-2
293
295
61
-143
-111
127
321
275
30
-102
37
249
261
102
-73
-62
100
222
146
-17
-123
-88
58
147
1
-218
-197
-14
106
-2
-220
-307
-103
118
69
-212
-358
-183
45
127
25
-208
-247
-62
128
139
-29
-179
-129
64
266
193
-70
-140
30
228
254
120
0
9
116
233
230
82
39
58
134
210
129
-40
-61
80
214
134
-71
-139
-79
65
139
-3
-196
-223
-108
51
67
-75
-260
-267
-80
70
9
-180
-299
-162
85
115
-94
-252
-175
40
157
88
-84
-165
9
252
243
2
-169
-19
304
353
62
-188
-66
295
399
118
-180
-130
129
292
186
-69
-151
-5
162
108
-35
-116
-113
-62
-10
-47
-92
-86
-70
-108
-210
-170
-32
-21
-155
-219
-167
-51
-8
-111
-162
-77
-16
-44
-126
-109
38
90
22
4
-12
18
62
136
154
56
-52
11
174
286
194
-17
-46
89
226
209
38
-96
12
206
230
26
-187
-192
74
262
38
-333
-335
23
269
63
-354
-464
-98
261
136
-275
-458
-196
124
176
-27
-286
-255
15
173
109
-111
-195
-59
139
222
94
-53
-36
75
158
175
124
89
90
84
144
178
147
99
74
119
158
47
-33
31
168
170
14
-132
-84
35
112
51
-100
-212
-151
-63
51
60
-110
-291
-263
-36
100
-1
-258
-357
-129
172
178
-126
-372
-250
122
324
114
-236
-285
72
427
291
-147
-317
26
490
462
-53
-369
-84
440
495
67
-263
-161
188
388
197
-161
-257
0
231
188
-19
-210
-221
-51
123
63
-122
-248
-202
-67
21
-34
-186
-290
-205
-8
47
-88
-258
-283
-1
194
33
-260
-336
-43
280
231
-52
-273
-150
175
354
216
-59
-186
-35
255
329
168
-36
-60
130
266
206
5
-123
-16
198
267
97
-110
-192
-47
180
183
-130
-335
-164
121
149
-118
-348
-249
44
153
-92
-371
-278
36
141
-60
-236
-160
37
100
-7
-134
-124
52
128
63
-7
-5
75
153
110
63
42
112
174
114
62
104
169
173
121
70
83
142
98
29
17
84
103
44
-45
-27
-9
0
19
-13
-105
-161
-126
-13
45
-57
-219
-268
-106
59
0
-193
-293
-117
134
103
-178
-333
-157
157
263
48
-231
-217
113
353
225
-85
-181
58
362
317
-19
-189
40
352
288
24
-85
-25
99
178
125
6
-34
-34
9
47
55
-47
-157
-133
-38
28
-14
-133
-194
-159
-85
-35
-79
-168
-221
-181
-56
38
-53
-213
-194
-39
7
-41
-81
-35
-6
0
15
56
25
7
64
147
140
2
-64
82
249
240
59
-29
77
191
192
56
-66
20
196
228
32
-144
-146
5
192
136
-159
-323
-151
126
155
-123
-365
-284
31
182
-57
-346
-322
-58
148
102
-140
-264
-169
64
174
43
-143
-166
-12
190
224
69
-79
-30
100
208
177
81
29
52
159
249
192
54
-1
67
187
226
66
-100
6
199
211
-20
-213
-102
111
192
15
-225
-251
-72
59
63
-63
-241
-257
-109
-7
-4
-114
-202
-208
-48
90
43
-177
-284
-149
108
254
106
-175
-239
38
338
308
-23
-255
-60
334
416
129
-186
-119
229
379
204
-42
-180
-54
204
274
73
-158
-158
42
176
117
-116
-270
-147
95
118
-57
-253
-270
-130
15
48
-71
-270
-292
-119
43
40
-173
-282
-77
92
23
-184
-228
-2
162
112
-21
-87
-51
96
183
140
48
-23
-12
85
216
273
145
-37
-43
122
289
215
-52
-190
34
314
275
-62
-312
-180
198
299
-63
-383
-271
84
221
-53
-364
-314
10
185
-13
-345
-360
-63
146
113
-90
-257
-152
55
105
4
-84
-84
22
157
172
52
-51
-7
90
178
176
110
68
82
155
200
136
74
75
85
124
148
67
9
57
123
79
4
-44
-43
-41
18
49
-42
-155
-184
-81
50
49
-107
-281
-252
-69
59
-2
-208
-281
-112
108
84
-154
-285
-134
159
265
3
-258
-142
246
383
98
-227
-169
247
479
213
-234
-247
212
528
302
-127
-260
-12
298
306
28
-194
-137
129
204
36
-127
-168
-62
10
1
-104
-153
-118
-70
-88
-120
-134
-124
-135
-132
-145
-107
-71
-105
-106
-94
-80
-72
-73
-52
3
15
30
30
-30
-55
50
179
206
48
-122
-52
213
354
206
-68
-161
70
351
328
7
-256
-103
262
370
82
-229
-239
40
263
77
-285
-303
-4
209
39
-323
-397
-59
225
69
-303
-417
-105
181
109
-147
-290
-191
77
167
16
-149
-160
-6
143
182
82
-33
-40
70
173
193
79
39
93
143
172
179
101
34
80
158
207
99
-66
-82
106
259
191
-69
-211
-144
64
206
106
-170
-327
-199
79
202
-18
-339
-367
-101
156
57
-241
-355
-166
125
180
-93
-332
-249
59
270
156
-173
-281
-2
365
307
-54
-239
-25
334
424
93
-231
-123
293
431
139
-157
-153
117
322
200
-87
-217
-51
206
206
-5
-210
-222
-50
133
85
-151
-271
-173
-16
25
-96
-224
-236
-128
-42
-54
-111
-190
-199
-37
55
-13
-140
-192
-107
108
172
13
-116
-103
58
209
207
59
-92
-91
125
319
251
55
-95
-8
227
289
138
-83
-83
95
238
185
-23
-170
-145
86
236
59
-266
-320
-36
214
87
-291
-421
-105
233
138
-287
-480
-197
156
223
-34
-322
-262
46
215
88
-170
-219
-18
189
214
58
-92
-6
148
175
110
53
101
169
140
73
85
137
174
125
66
78
63
45
121
154
86
-37
-123
-25
84
98
22
-136
-213
-135
31
80
-28
-204
-273
-141
0
-7
-130
-214
-142
-48
32
-23
-158
-204
-80
51
138
73
-127
-170
67
288
205
-51
-190
53
365
356
15
-217
-57
331
417
83
-177
-79
176
261
101
-104
-101
44
150
52
-54
-100
-52
-28
-64
-99
-79
-42
-61
-122
-212
-168
-41
-24
-135
-245
-177
-24
21
-130
-222
-113
41
25
-98
-171
-17
143
128
-10
-145
-62
169
271
150
-88
-146
85
337
322
46
-141
-25
251
351
135
-151
-152
110
337
226
-93
-294
-144
207
314
-18
-418
-330
89
301
1
-407
-407
-23
251
48
-337
-406
-91
173
125
-112
-304
-218
40