#4
-111
-14
119
64
-105
-168
-29
50
-41
-123
-85
11
-8
-100
-114
-86
-109
-132
-49
61
9
-183
-275
-78
177
108
-184
-284
-115
128
90
-139
-231
-126
42
99
31
-113
-190
-139
33
172
47
-186
-193
29
168
7
-199
-132
120
149
-114
-244
-64
157
111
-121
-215
-64
103
74
-63
-91
-54
-25
-10
38
43
-88
-195
-117
55
49
-99
-184
-78
23
-56
-162
-124
51
60
-178
-276
-55
168
107
-157
-261
-55
119
84
-40
-79
-16
-20
-37
40
92
-56
-188
-76
137
135
-95
-217
-15
206
81
-221
-222
61
228
7
-282
-208
87
200
-18
-198
-153
1
0
-78
-40
13
-42
-140
-93
22
-8
-77
-48
-33
-55
-93
-72
65
72
-125
-215
-56
149
36
-197
-204
8
155
16
-180
-113
108
139
-63
-148
-30
119
71
-49
-42
-6
-3
-5
52
78
-50
-216
-124
157
187
-113
-302
-119
158
65
-172
-184
-14
62
-30
-117
-52
32
-77
-151
-1
74
-56
-165
-71
93
41
-169
-178
86
240
-6
-331
-230
181
274
-31
-233
-82
155
84
-131
-109
103
123
-70
-148
11
113
-10
-82
-16
40
-36
-96
3
116
41
-106
-97
54
122
-30
-162
-64
92
13
-181
-135
73
92
-126
-254
-52
164
68
-202
-250
-27
149
25
-91
-82
-12
-22
-40
30
81
14
-81
-66
90
139
-40
-163
-65
106
107
-44
-114
-1
106
39
-83
-98
4
48
45
-19
-98
-130
-32
125
113
-70
-231
-137
52
95
-41
-119
-35
36
-73
-168
-81
144
146
-162
-328
-76
243
181
-143
-324
-99
201
152
-123
-254
-80
102
73
-34
-61
-22
-12
24
50
22
-41
-34
40
85
0
-94
-12
171
116
-140
-223
-12
222
105
-183
-242
33
170
-24
-245
-144
102
109
-111
-193
-31
96
25
-97
-65
5
-63
-121
12
139
0
-240
-192
152
323
8
-332
-228
137
253
18
-157
-51
93
41
-48
-29
63
41
-17
-43
-12
5
-13
6
96
31
-140
-123
88
204
16
-211
-102
191
199
-87
-262
-76
169
107
-129
-201
-37
96
15
-125
-120
-13
8
-51
-27
-30
-124
-115
63
184
11
-241
-183
112
247
30
-192
-72
163
157
-65
-167
-14
131
39
-80
-26
61
11
-33
21
46
-39
-91
20
136
23
-214
-205
118
315
22
-346
-222
149
199
-112
-254
-38
186
71
-220
-228
75
243
3
-250
-152
93
100
-52
-93
-28
7
-31
-36
-8
-33
-86
-49
84
93
-64
-160
26
220
84
-179
-150
129
225
25
-170
-103
151
214
-13
-156
-75
54
44
-16
-20
-5
-50
-86
-28
33
-24
-140
-110
72
104
-62
-206
-68
127
95
-96
-196
-51
109
67
-73
-100
-25
45
33
-9
-27
-25
-24
6
79
44
-24
-46
18
75
-14
-67
25
130
17
-168
-82
152
172
-17
-227
-121
152
209
-12
-179
-78
136
130
-36
-106
-3
57
-14
-57
-43
-57
-56
14
48
-33
-150
-142
14
135
17
-230
-201
63
263
74
-224
-238
51
227
80
-119
-76
73
97
38
-34
-4
-4
-23
27
87
36
-91
-90
107
163
-66
-212
-16
247
156
-217
-321
26
339
159
-251
-293
45
199
-6
-194
-92
79
50
-60
-98
-33
32
11
-49
-26
-11
-73
-26
86
41
-129
-153
28
144
-4
-208
-135
144
190
-47
-209
-65
200
149
-91
-140
58
173
68
-70
-55
43
90
53
11
-14
-75
-70
48
137
34
-192
-177
62
167
-16
-218
-146
78
146
-51
-177
-59
100
35
-92
-71
-14
-10
2
20
-24
-89
-101
55
217
81
-243
-286
81
378
158
-268
-265
112
313
74
-214
-141
119
192
7
-168
-56
101
78
12
3
-41
-67
-19
101
134
-4
-118
-63
108
124
-68
-150
-4
120
-3
-180
-103
95
72
-141
-160
29
139
-23
-231
-156
111
162
-10
-161
-82
72
75
-24
-25
23
61
14
28
68
34
-66
-64
47
90
27
-61
-39
80
98
-20
-136
-8
144
102
-81
-160
-50
101
109
-12
-98
-89
-27
22
16
-12
-55
-73
-10
-7
-42
-49
30
68
-56
-152
-105
85
184
16
-219
-195
85
213
6
-233
-148
105
151
-14
-134
-49
92
108
13
-59
1
72
80
39
-24
-60
-6
123
189
16
-220
-198
98
278
83
-210
-202
40
166
-39
-207
-87
77
68
-58
-110
-10
30
-30
-56
21
2
-116
-87
86
145
-61
-248
-106
259
279
-108
-349
-113
262
243
-81
-195
3
164
48
-101
-14
123
69
-38
-73
-11
88
82
11
-25
-65
-57
50
136
68
-101
-127
67
200
77
-186
-167
90
201
-27
-278
-130
175
169
-132
-261
-47
158
88
-112
-201
-88
62
89
74
13
-126
-180
-11
225
174
-103
-219
23
268
162
-134
-209
23
192
80
-96
-51
73
59
-2
-21
0
-8
-1
66
70
-74
-163
-27
192
159
-133
-265
-46
173
86
-151
-184
69
165
-39
-220
-118
142
114
-97
-151
5
124
-7
-117
-26
76
11
-117
-113
20
108
11
-93
-25
60
24
1
50
32
-42
-39
52
159
82
-134
-110
125
254
71
-202
-190
80
219
67
-140
-127
20
67
-22
-100
-34
-4
-39
-37
31
36
-72
-120
9
105
25
-157
-166
48
170
19
-166
-145
64
188
79
-123
-158
-34
107
143
59
-28
-66
-50
30
88
52
-4
12
55
-20
-92
23
128
89
-65
-147
-23
166
145
-51
-138
-25
139
94
-47
-73
-8
14
-29
-33
6
22
-31
-89
-81
-4
26
-45
-60
1
-9
-92
-72
52
113
-14
-169
-51
134
134
-54
-106
72
180
25
-132
-64
112
130
-9
-91
-6
55
37
31
54
-5
-115
-63
144
202
-29
-311
-159
238
314
-65
-343
-154
194
207
-104
-238
-18
154
26
-156
-120
52
100
-31
-77
-32
-38
-35
35
113
4
-169
-176
68
210
-1
-227
-129
144
187
-47
-186
-6
199
97
-109
-87
142
174
-41
-144
-7
178
148
-28
-102
-37
16
37
33
54
-30
-114
-90
54
72
-59
-162
-73
112
107
-73
-143
-30
63
9
-22
-43
-45
-19
-10
28
6
-84
-54
78
138
19
-172
-149
93
219
61
-122
-87
98
147
-21
-131
6
138
63
-107
-40
109
79
-74
-86
38
85
25
-56
4
82
55
-25
-63
12
64
19
-60
-29
-5
-42
-46
30
42
-58
-169
-79
110
124
-92
-245
-104
147
173
-24
-151
-81
68
91
24
0
-5
-8
4
81
131
20
-123
-93
85
171
38
-124
-70
111
157
-20
-152
-21
136
105
-75
-159
-35
127
100
-22
-105
-80
3
24
-18
-43
-21
9
24
-24
-88
-75
33
94
-5
-148
-106
72
177
30
-195
-158
63
167
-23
-180
-69
111
83
-54
-70
37
93
29
-56
3
92
80
-21
-38
37
66
36
24
35
-6
-66
-53
73
108
-8
-138
-95
42
59
-51
-94
-20
21
-35
-87
25
108
-41
-190
-87
132
108
-91
-145
20
98
-46
-176
10
263
152
-212
-289
44
330
134
-187
-157
99
194
23
-134
-30
101
68
-58
-47
89
77
-14
-64
11
47
15
2
41
50
-17
-21
43
84
15
-106
-71
99
93
-130
-175
34
145
-5
-186
-104
92
78
-99
-175
-51
111
58
-39
-26
29
-18
-85
-40
109
166
19
-110
-49
97
125
7
-66
-18
19
32
69
58
-37
-64
-3
92
83
-28
-47
18
18
-53
-83
41
139
50
-143
-156
11
93
-1
-103
-70
82
77
-119
-185
30
221
39
-250
-217
108
256
70
-201
-211
1
148
62
-99
-104
-46
30
67
55
-22
-75
-6
115
88
-46
-80
60
163
71
-98
-113
93
228
83
-167
-158
47
172
60
-99
-123
-19
59
8
-55
-66
-55
-18
17
35
-11
-99
-76
50
102
-41
-197
-98
173
180
-92
-274
-69
241
240
-65
-272
-118
154
202
25
-73
-20
22
3
19
58
50
-39
-43
28
97
66
-27
-28
24
34
-1
7
27
21
-14
33
80
44
-51
-67
25
81
11
-97
-92
19
60
-34
-132
-40
69
0
-122
-74
27
30
-87
-77
43
94
-9
-92
-21
72
60
-3
0
59
66
-6
-31
31
72
-7
-78
8
97
48
-71
-35
68
81
-26
-66
42
95
-41
-164
-38
186
151
-112
-243
-29
157
52
-109
-91
26
50
-51
-93
-15
77
29
-109
-91
47
45
-10
-11
9
-49
-123
-35
102
79
-75
-177
-41
126
117
-17
-79
47
80
-28
-55
84
170
42
-148
-56
135
204
50
-102
-84
21
49
22
32
6
-67
-102
-52
38
55
-45
-120
-45
79
71
-59
-97
-8
14
-38
-25
-18
-5
14
-5
-34
-36
-7
41
88
4
-123
-117
54
179
92
-81
-92
56
111
4
-83
-1
131
119
-93
-167
33
215
125
-128
-193
-8
190
143
-18
-109
-42
70
103
36
-27
-80
-60
39
74
-33
-116
-94
40
80
-60
-139
-28
73
39
-149
-173
43
194
56
-143
-139
38
133
29
-71
4
100
84
-15
-22
37
33
-7
-12
49
94
-15
-90
-10
160
96
-121
-147
63
249
75
-225
-238
59
270
156
-134
-232
-90
61
94
53
-39
-114
-87
5
75
7
-81
-57
19
47
-47
-72
14
88
-7
-134
-84
93
79
-105
-145
18
142
48
-100
-89
86
186
-9
-142
-49
137
174
24
-84
-51
42
146
134
14
-138
-167
11
215
138
-111
-209
-75
106
93
-63
-140
-81
35
42
-2
-15
-42
-79
-41
78
71
-107
-177
12
181
67
-195
-202
143
299
37
-319
-214
190
309
23
-191
-93
121
132
-60
-73
56
109
17
-63
-2
109
50
-28
-34
2
18
22
54
46
-27
-81
33
142
66
-114
-139
36
171
44
-182
-166
74
140
-68
-193
-42
131
66
-128
-199
-53
124
105
-11
-81
-68
-8
62
96
35
-22
-45
32
109
99
-37
-113
-22
118
111
-13
-70
-18
69
99
4
-93
-3
111
87
-61
-181
-77
137
179
10
-191
-137
72
114
-10
-139
-94
52
94
-31
-141
-85
115
122
-74
-193
-52
129
129
-60
-169
-96
79
100
-48
-132
-62
61
78
9
-44
-50
34
92
46
-22
-41
28
94
79
6
-47
9
131
112
-49
-140
-44
103
118
-26
-110
-50
36
16
-44
-71
-53
-39
31
31
12
-45
-106
-64
66
93
-90
-185
5
214
94
-201
-246
93
332
130
-252
-312
39
323
203
-144
-199
31
162
72
-51
-59
0
63
99
21
-51
-42
56
99
14
-112
-80
109
197
27
-142
-65
99
139
-5
-145
-38
102
77
-75
-154
-22
91
16
-95
-96
-3
2
-35
-29
-48
-63
-27
60
110
-34
-146
-88
109
192
59
-136
-85
87
162
48
-72
-50
38
64
23
10
13
-20
5
81
63
-62
-84
37
162
37
-208
-206
125
306
40
-292
-230
119
196
-38
-202
-61
157
74
-153
-187
39
183
30
-156
-94
23
64
35
-15
-69
-69
-31
30
49
-26
-107
-63
81
121
-34
-127
19
192
95
-105
-125
86
223
56
-136
-91
118
224
59
-140
-135
35
137
73
-50
-114
-68
43
64
-17
-112
-142
-24
122
99
-87
-193
-57
118
103
-65
-171
-81
121
130
-41
-168
-100
99
194
70
-140
-199
-4
214
185
-39
-149
-39
116
139
-17
-100
-15
128
100
-71
-110
56
153
71
-102
-152
4
179
136
-43
-121
-15
85
63
-12
-46
-29
-6
50
12
-92
-105
-17
61
21
-73
-126
-43
72
20
-113
-127
12
138
72
-90
-129
-9
116
94
-16
-13
45
21
1
53
82
32
-58
-41
77
99
-17
-89
28
108
1
-64
10
115
59
-139
-196
24
255
146
-172
-258
1
175
55
-138
-135
13
134
16
-131
-134
43
118
41
-77
-147
-97
82
203
55
-210
-226
32
221
80
-182
-215
18
212
110
-116
-138
53
144
36
-49
-2
75
69
-8
11
66
60
27
-15
4
-5
-17
-1
48
11
-42
-56
5
6
-53
-108
-6
96
16
-131
-129
25
89
2
-90
-74
-10
14
38
25
-23
-129
-117
97
254
75
-254
-246
82
343
158
-200
-195
71
236
85
-142
-111
76
157
52
-78
-24
47
34
21
-6
-3
-4
3
55
72
-5
-48
-12
67
53
-45
-55
14
33
-68
-89
42
80
-47
-177
-112
89
142
-19
-216
-180
45
181
88
-86
-126
-43
43
87
81
10
-35
-40
72
159
83
-109
-129
36
174
95
-76
-127
21
188
96
-109
-168
33
207
115
-158
-255
-19
255
223
-92
-287
-125
142
176
-19
-172
-103
46
81
-46
-130
-15
115
39
-136
-140
25
159
69
-105
-166
-45
82
75
-64
-114
-26
54
29
-15
9
38
34
-8
9
50
53
33
-4
-11
29
53
83
70
-2
-85
-62
36
107
48
-98
-102
6
55
-17
-86
-59
-24
-2
-17
-6
-15
-19
-54
-68
19
46
-65
-91
38
105
-15
-150
-77
118
188
-4
-201
-131
104
178
4
-68
44
92
2
-87
-11
120
129
-4
-108
-43
78
76
50
-9
-68
-64
28
153
124
-74
-149
-7
167
113
-92
-152
-8
138
55
-113
-120
8
63
-26
-73
-38
12
-20
-50
-45
-34
-11
4
25
34
-39
-94
0
107
69
-32
-37
63
124
40
-73
-74
82
140
18
-93
-45
77
113
55
-52
-100
-29
107
171
23
-190
-215
49
286
177
-160
-325
-79
225
142
-131
-203
-2
139
45
-130
-150
32
101
8
-70
-79
-30
31
34
28
-43
-99
-33
44
50
-32
-91
-49
66
101
-13
-111
18
140
59
-62
-8
105
76
-54
-69
54
187
102
-76
-135
-24
135
111
-23
-126
-80
33
53
-30
-87
-80
-23
36
39
-42
-81
-62
18
57
5
-114
-117
52
145
10
-175
-170
77
251
135
-152
-274
-62
200
241
23
-149
-110
67
154
56
-53
-63
31
111
31
-46
-12
42
76
17
-77
-54
76
120
31
-50
-17
75
41
-40
-46
28
60
-6
-87
-83
-1
61
28
-72
-129
-36
58
45
-54
-139
-110
36
163
90
-137
-190
0
187
133
-73
-135
25
185
148
-24
-124
-49
72
118
63
-10
-59
-67
50
189
87
-143
-162
63
225
88
-184
-218
42
256
133
-178
-238
9
148
-5
-116
-55
73
49
-90
-151
-8
128
88
-86
-142
-72
46
139
65
-119
-185
-53
138
157
-58
-208
-120
103
187
14
-150
-68
142
140
-33
-81
52
113
0
-30
35
101
73
-5
-35
-7
12
25
24
2
-38
-49
-22
14
-29
-88
-41
32
23
-65
-91
-35
51
48
-56
-89
-45
-7
59
66
-23
-121
-116
39
190
140
-132
-287
-74
259
256
-61
-225
-45
205
135
-106
-133
54
190
77
-118
-103
54
125
50
-57
-71
16
69
68
13
-32
-22
29
69
51
-26
-70
-36
55
32
-38
-36
-10
-16
-67
-68
7
45
-12
-99
-135
-10
106
63
-58
-110
3
97
49
-46
-23
83
72
-3
-2
59
45
-21
-42
31
82
59
-29
-32
65
95
-32
-111
0
144
129
-83
-221
-68
197
219
-43
-253
-145
112
161
-20
-165
-124
36
121
12
-128
-104
57
125
-14
-143
-114
60
160
8
-171
-121
40
91
2
-93
-56
19
39
-22
-30
18
64
60
-16
-29
36
66
38
8
18
17
45
95
54
-34
-99
-46
91
123
-13
-133
-113
41
89
-9
-100
-93
-30
8
20
14
-20
-72
-75
4
80
-9
-121
-65
70
87
-75
-160
15
204
100
-147
-189
20
172
94
-54
-26
76
50
-72
-65
98
163
20
-119
-103
67
149
56
-44
-67
-6
61
72
40
-18
-47
16
88
57
-66
-79
32
104
28
-145
-132
62
131
-29
-194
-128
116
127
-70
-201
-145
47
137
76
-39
-102
-76
42
128
78
-42
-84
55
150
105
-69
-130
4
138
122
-19
-78
-16
48
95
63
-19
-67
-30
88
117
-15
-183
-104
136
208
-16
-213
-119
84
83
-52
-115
6
103
-2
-150
-131
80
175
-50
-203
-112
88
161
42
-126
-163
-29
72
56
-58
-102
-54
47
90
38
-71
-105
44
163
91
-66
-111
33
152
98
-44
-71
54
144
78
-63
-113
-20
89
79
-37
-89
-33
45
-5
-80
-83
-39
18
23
-33
-48
-47
-18
12
6
-40
-60
-12
21
-2
-52
-52
12
79
67
-41
-120
-59
105
126
-18
-87
25
107
51
-45
-60
43
113
81
-23
-102
-31
98
138
20
-110
-108
65
185
99
-112
-134
72
192
50
-127
-86
68
100
-24
-125
-99
57
102
-31
-181
-123
72
114
-12
-197
-190
42
208
139
-98
-226
-122
158
249
36
-189
-98
157
229
67
-127
-137
25
126
104
1
-28
-28
12
89
104
-30
-133
-20
161
124
-111
-234
-4
269
169
-183
-280
-7
218
64
-171
-146
84
136
-60
-202
-89
138
144
-43
-189
-114
59
146
84
-104
-192
-63
111
115
-57
-181
-55
129
138
-37
-190
-62
206
200
-56
-176
-22
192
154
-57
-130
11
206
184
-83
-211
-73
158
174
-5
-151
-138
19
124
17
-131
-153
-26
113
72
-79
-162
-62
87
76
-27
-113
-120
-1
115
69
-72
-141
-51
120
190
-5
-235
-185
98
280
88
-179
-133
95
178
37
-114
-53
110
162
-23
-162
-44
144
166
8
-153
-123
89
220
92
-138
-178
37
223
152
-92
-199
-51
126
127
-97
-209
-59
164
101
-129
-202
-44
135
89
-111
-219
-85
162
194
-32
-195
-105
81
150
59
-1
-19
-24
17
110
91
-19
-71
-19
86
106
15
-100
-20
155
95
-103
-125
84
217
38
-223
-228
95
299
105
-239
-250
38
209
69
-152
-179
28
145
24
-140
-145
34
122
45
-61
-129
-59
89
108
-12
-157
-112
54
117
-5
-134
-106
53
110
40
-30
-28
36
33
-7
35
59
36
-13
-32
37
88
87
55
-38
-87
-38
46
105
25
-86
-103
14
69
-3
-122
-108
-18
68
31
-68
-94
-61
6
43
25
-80
-125
-37
100
109
-65
-206
-78
193
255
-48
-305
-133
202
273
4
-217
-73
155
143
-24
-93
1
119
105
-32
-120
-22
85
114
40
-64
-87
-2
111
123
-10
-75
4
102
61
-56
-92
-3
66
3
-104
-58
68
52
-110
-149
9
102
14
-121
-160
-47
90
110
14
-103
-101
14
106
114
2
-101
-26
127
183
22
-117
-83
80
163
72
-74
-92
20
122
114
-14
-102
-58
78
147
23
-169
-169
92
245
60
-228
-186
83
151
-33
-198
-81
160
134
-125
-247
-51
226
167
-112
-259
-121
146
225
54
-210
-222
-22
158
120
-73
-171
-104
70
151
58
-133
-95
69
151
83
-55
-64
53
77
6
-2
36
124
59
-75
-95
26
109
54
-56
-111
-29
61
41
-53
-114
-117
-4
89
67
-67
-170
-74
81
130
3
-193
-189
63
239
79
-201
-265
40
320
228
-161
-355
-106
261
300
-21
-216
-123
77
191
107
-70
-97
30
117
57
-29
-60
-13
69
81
-14
-75
2
98
54
-27
-16
69
55
-30
-76
9
87
71
-105
-200
-26
171
95
-152
-222
-22
146
84
-117
-225
-106
123
218
27
-187
-200
42
213
129
-90
-143
31
186
142
-41
-118
-19
111
111
0
-30
-16
24
70
90
-16
-109
-61
122
164
-33
-238
-135
168
291
7
-296
-180
113
161
-65
-183
-14
157
43
-191
-172
49
226
72
-175
-200
3
151
125
-19
-164
-154
25
141
54
-120
-165
2
175
100
-105
-149
51
205
77
-138
-113
125
223
35
-153
-79
134
200
68
-126
-120
18
110
103
-13
-111
-108
-7
63
41
-74
-140
-59
64
59
-14
-96
-82
-5
35
1
-83
-86
25
96
-1
-106
-68
88
155
33
-167
-193
29
250
161
-114
-169
35
184
101
-112
-139
60
209
85
-132
-139
58
170
104
-72
-160
-30
147
139
-7
-108
-36
114
107
-4
-77
-41
-1
6
-40
-44
64
18
-117
-147
10
136
51
-131
-226
-96
143
179
-36
-190
-119
82
186
39
-125
-93
86
190
73
-61
-95
-1
98
97
31
-10
-23
-5
35
99
71
-76
-129
26
195
111
-128
-241
-28
226
190
-100
-222
-86
116
106
-86
-158
-20
132
68
-141
-174
-8
152
87
-94
-193
-66
145
171
-37
-221
-147
84
186
27
-164
-167
22
178
103
-109
-117
66
116
-8
-54
20
134
80
-77
-56
76
156
110
-41
-131
-70
75
151
72
-107
-157
-29
91
56
-84
-171
-85
73
88
-29
-117
-93
-4
43
38
-20
-100
-93
2
111
64
-134
-161
50
258
138
-202
-305
36
304
149
-120
-132
32
124
56
-33
5
70
33
-67
-56
78
125
37
-66
-85
-2
80
97
35
-54
-61
44
130
81
-79
-133
-39
129
107
-115
-196
18
142
59
-156
-175
4
111
40
-139
-171
-5
126
115
-42
-152
-85
72
133
62
-51
-53
57
132
95
-44
-108
-14
121
117
-11
-71
-12
65
100
6
-86
-41
87
107
-4
-106
-110
33
144
79
-89
-143
-24
82
10
-98
-63
37
77
-32
-149
-104
53
164
23
-154
-157
0
149
117
-62
-174
-104
59
110
17
-92
-108
-42
86
104
-5
-88
-28
93
80
18
-19
3
39
51
49
13
38
56
9
-41
-4
45
34
-7
-70
-43
37
61
-70
-171
-80
61
93
-12
-114
-113
1
73
36
-34
-97
-90
34
115
11
-137
-156
56
229
131
-143
-269
-55
238
213
-63
-179
-10
151
131
-69
-119
38
132
96
-47
-95
-6
94
105
9
-81
-78
43
131
64
-64
-62
44
98
38
-51
-56
43
63
-47
-140
-28
105
40
-107
-187
-22
169
85
-136
-216
-93
125
169
-2
-175
-135
50
159
70
-79
-100
61
178
83
-74
-97
44
140
76
-57
-81
25
55
82
65
-9
-94
-62
89
154
28
-166
-172
49
233
108
-167
-236
3
167
18
-140
-88
54
106
-43
-169
-75
95
144
-32
-178
-94
66
115
81
-65
-179
-102
83
159
-19
-192
-123
85
162
36
-109
-84
126
146
-35
-144
7
183
127
-47
-110
19
156
127
-21
-112
-59
43
94
53
-26
-92
-56
1
12
-12
-56
-71
-32
34
34
-28
-73
-81
2
50
39
-54
-76
-16
30
-1
-37
-37
53
112
7
-133
-96
96
155
17
-80
1
78
42
-45
-47
62
109
47
-81
-92
60
153
68
-93
-131
-7
137
131
-23
-131
-35
145
148
-27
-144
-74
63
117
-9
-133
-95
42
75
-14
-146
-91
51
69
-52
-155
-90
50
109
42
-104
-104
27
112
49
-46
-21
81
96
36
-7
-14
2
31
51
22
24
-15
-23
48
108
33
-109
-82
93
173
-2
-185
-151
106
245
52
-209
-180
65
144
-33
-157
-64
91
81
-56
-142
-69
86
114
-18
-107
-89
-32
58
84
-8
-104
-70
59
59
-77
-123
-14
131
64
-63
-111
28
160
65
-88
-56
93
134
10
-72
-15
75
147
84
-46
-124
-66
71
160
36
-123
-142
-17
75
16
-94
-87
-14
30
9
-54
-60
-17
-2
-16
-33
-32
-22
30
21
-23
-96
-95
80
204
67
-177
-217
39
251
111
-152
-140
108
225
43
-181
-99
138
196
23
-159
-98
88
139
45
-59
-67
-23
73
87
47
-20
-43
-11
53
80
15
-52
-39
-10
-41
-50
40
78
-42
-177
-129
88
181
-18
-233
-225
5
212
159
-69
-213
-108
91
198
88
-81
-116
-11
127
189
51
-116
-130
40
182
143
-19
-143
-73
98
182
46
-137
-113
68
171
56
-130
-163
31
181
77
-134
-127
-13
39
12
-46
-56
0
15
-40
-64
-15
65
24
-77
-101
-26
65
71
-43
-82
-49
12
30
-9
-58
-49
4
24
8
11
-1
40
52
-2
-56
14
129
95
-34
-97
-3
138
164
29
-118
-137
6
166
118
-73
-167
-52
84
73
-68
-134
-83
-4
21
31
-2
-36
-63
-67
9
75
-2
-126
-81
58
84
-21
-121
-15
130
89
-75
-159
-20
129
127
-21
-56
51
73
-17
-44
47
90
59
-34
-80
6
122
103
-7
-125
-127
60
219
143
-113
-208
-1
208
175
-68
-222
-67
159
156
-63
-236
-97
124
122
-72
-186
-89
72
102
-41
-172
-133
25
154
105
-87
-187
-49
146
170
34
-78
-53
49
100
49
-35
6
35
6
25
47
23
-26
29
109
26
-81
-77
49
121
19
-163
-103
115
181
-3
-193
-106
56
57
-33
-72
-9
45
-26
-104
-67
57
89
-21
-110
-72
-18
68
79
-4
-82
-107
-21
80
42
-72
-104
-1
63
62
-25
-65
76
130
3
-113
-48
137
179
-17
-124
0
167
158
-7
-145
-80
79
122
21
-102
-83
32
74
-29
-98
-96
-22
42
12
-57
-49
-4
3
-24
-40
-13
-19
-22
10
-5
-45
-48
14
95
121
-35
-199
-121
117
241
51
-161
-99
108
157
19
-107
-50
94
163
8
-161
-77
151
176
4
-161
-124
80
174
59
-87
-104
53
145
65
-59
-110
-36
69
61
-63
-131
-30
47
5
-57
-57
-28
6
-21
-93
-109
-12
86
86
-29
-125
-62
62
98
34
-11
-3
57
72
36
16
-18
-34
15
100
102
5
-113
-60
125
163
-13
-144
-63
139
135
-66
-196
-47
185
135
-83
-155
-9
66
-18
-80
-34
76
35
-96
-116
-22
99
85
-47
-110
-75
-25
67
92
-7
-100
-78
20
67
-27
-108
-61
46
100
28
-79
-33
91
86
-25
-42
52
119
40
-57
-24
88
125
43
-58
-52
9
47
34
18
-10
-53
-52
-23
-23
-37
-35
-23
-8
-4
0
-52
-52
-18
-6
19
-9
-81
-60
38
113
13
-173
-124
121
260
47
-265
-234
101
325
102
-214
-162
108
224
35
-168
-94
125
171
-9
-134
-35
100
80
5
-43
-40
6
66
66
16
-20
3
56
32
-41
-51
-10
67
18
-98
-111
4
73
34
-116
-114
-10
58
0
-107
-113
-6
81
73
-31
-112
-63
61
110
62
-24
-48
44
117
68
-38
-70
18
123
96
-43
-88
-1
142
133
-39
-154
-76
139
219
42
-216
-240
34
265
182
-126
-231
-74
80
80
-11
-82
-66
20
13
-34
-39
7
28
-13
-31
-38
-32
36
57
-16
-78
-73
5
49
-31
-75
-6
68
52
-31
-98
15
155
77
-49
-93
-1
143
128
-2
-79
-54
115
198
40
-144
-130
36
176
93
-115
-173
-35
70
28
-53
-76
-44
6
-4
-42
-23
16
-19
-39
-22
-37
-61
17
80
22
-115
-151
31
221
155
-137
-301
-65
261
238
-90
-220
-3
199
148
-82
-178
-22
173
163
-25
-149
-61
75
135
56
-109
-134
19
179
149
-53
-160
-23
144
116
-51
-128
-29
92
54
-107
-116
-1
66
-17
-106
-53
47
15
-88
-134
-58
73
93
9
-97
-121
-6
139
134
-11
-93
-44
106
172
61
-95
-98
41
150
86
-57
-93
-4
137
148
-17
-157
-115
107
227
62
-211
-245
25
273
172
-135
-232
-40
117
47
-85
-67
23
25
-66
-93
25
130
19
-143
-129
36
119
68
-46
-114
-95
25
121
34
-117
-153
-19
148
122
-53
-135
-14
165
111
-59
-107
26
157
86
-81
-68
90
196
83
-141
-155
23
186
127
-74
-177
-66
90
82
-77
-157
-71
55
63
-11
-91
-85
-1
41
20
-27
-98
-99
51
139
25
-165
-166
60
241
140
-164
-293
-38
252
215
-72
-175
-8
168
108
-102
-132
32
215
128
-143
-210
31
210
175
-59
-235
-98
187
259
29
-221
-155
125
257
75
-177
-187
17
152
45
-115
-108
-18
21
1
-28
-20
-54
-50
-67
-73
-3
15
25
-1
-35
-37
-5
30
46
13
20
42
38
16
3
29
51
31
5
-18
13
35
37
64
69
-33
-126
-25
159
195
-65
-284
-162
205
320
7
-299
-194
120
207
-12
-208
-145
95
168
19
-158
-162
31
161
49
-94
-120
-57
79
116
-15
-147
-97
92
88
-57
-147
-38
117
97
-47
-111
30
169
78
-83
-90
87
186
51
-75
-72
88
199
93
-104
-169
-29
154
162
-6
-159
-150
19
123
23
-170
-167
38
140
24
-146
-121
31
105
8
-111
-143
-16
121
117
-65
-220
-110
148
254
39
-260
-248
104
326
105
-197
-192
110
260
79
-197
-184
96
279
108
-191
-219
26
235
157
-69
-177
-68
109
151
50
-82
-43
54
91
32
-42
-73
-7
43
-1
-69
-45
-12
-8
-61
-88
17
69
-49
-143
-129
23
131
68
-67
-154
-61
117
136
24
-78
-65
47
144
127
-10
-121
-72
115
207
66
-136
-160
25
215
169
-95
-235
-37
228
212
-105
-290
-92
210
244
-16
-231
-122
65
58
-37
-67
11
84
-2
-126
-124
31
158
51
-146
-189
-33
154
191
-7
-213
-155
60
147
11
-159
-120
59
158
60
-130
-138
86
233
87
-126
-143
61
201
121
-74
-138
0
211
215
-27
-244
-139
154
259
29
-238
-189
37
147
9
-146
-117
9
74
19
-77
-89
-26
54
45
-51
-107
-69
50
102
-26
-174
-89
144
250
-11
-288
-179
195
294
0
-242
-95
187
216
-38
-227
-65
204
233
-21
-215
-91
119
203
74
-145
-207
-18
210
197
-24
-191
-86
159
214
-23
-221
-116
138
146
-54
-162
-70
63
52
-78
-121
16
58
-51
-120
-97
35
86
-1
-89
-62
-3
69
70
5
-59
9
96
118
26
-101
-36
82
125
33
-79
-57
38
99
104
2
-111
-79
86
178
73
-150
-237
-20
245
235
-91
-337
-120
200
198
-73
-258
-99
161
164
-65
-219
-86
144
127
-49
-147
-89
62
149
36
-133
-150
-25
89
43
-58
-86
-11
81
59
-47
-59
72
128
20
-79
-49
114
150
8
-104
-27
158
200
-4
-192
-113
102
213
38
-155
-146
22
117
23
-135
-155
-6
99
55
-83
-119
-55
57
65
-16
-97
-123
4
118
61
-107
-175
-40
196
207
-74
-260
-115
155
239
49
-128
-99
66
132
29
-94
-60
92
155
20
-123
-95
56
181
94
-153
-200
26
252
155
-110
-211
-3
226
172
-91
-237
-87
150
160
-51
-185
-97
46
74
-35
-99
-51
8
1
-50
-84
-54
31
107
17
-109
-101
46
114
50
-59
-40
94
143
48
-102
-100
34
147
119
-6
-91
-76
46
172
91
-94
-169
22
221
142
-154
-288
-37
287
241
-132
-305
-90
149
124
-33
-106
-44
29
-18
-38
-9
32
-2
-73
-31
29
29
-6
-14
-36
-48
-19
29
39
-46
-100
-26
78
88
-13
-109
-23
145
112
-51
-101
17
146
116
-65
-73
67
136
109
-17
-92
-63
39
113
55
-49
-99
-60
-3
31
-31
-100
-62
21
62
2
-90
-106
-25
53
45
-53
-116
-45
101
95
-59
-172
-64
207
211
-93
-295
-110
212
259
2
-196
-103
121
173
6
-146
-35
155
147
-51
-187
-49
150
158
-1
-170
-122
109
213
44
-124
-126
49
169
98
-82
-123
-22
59
46
-56
-85
-22
32
-2
-72
-55
-16
8
-12
-87
-122
-23
94
106
-26
-114
-61
49
80
43
15
-3
5
54
72
38
-22
-31
27
73
82
12
-61
8
101
64
-66
-67
68
139
15
-169
-159
73
214
66
-177
-151
60
124
-19
-121
-77
23
64
-5
-86
-71
26
55
19
-27
-93
-72
45
129
24
-142
-131
10
108
18
-75
-58
23
54
8
-53
-9
87
68
-19
-15
64
70
12
-36
43
105
82
4
-75
-68
30
129
83
-88
-142
-32
82
57
-77
-173
-82
73
116
-29
-165
-106
48
96
-7
-88
-100
-31
56
83
-1
-130
-127
42
194
121
-121
-239
-39
217
216
-80
-172
-3
129
86
-38
-57
51
104
20
-82
-50
81
133
38
-76
-119
-32
123
158
21
-105
-99
78
189
58
-133
-176
7
186
79
-143
-174
6
120
-4
-133
-96
14
55
-21
-117
-100
8
96
61
-48
-91
-19
70
84
6
-37
25
101
86
-8
-78
-2
103
105
-10
-81
-12
82
104
21
-83
-49
37
115
44
-63
-124
-31
103
110
-35
-167
-61
81
67
-68
-124
-17
128
47
-136
-158
5
158
70
-145
-172
-1
167
104
-88
-177
-60
109
99
-65
-171
-76
114
165
17
-157
-126
99
218
72
-130
-124
98
249
85
-152
-138
89
255
129
-127
-203
-19
197
168
-68
-194
-104
69
95
-22
-108
-120
-41
59
94
-27
-118
-108
-4
103
66
-107
-169
5
141
71
-127
-168
28
190
113
-144
-209
32
201
121
-102
-112
44
141
92
-56
-86
43
120
65
-91
-74
33
92
100
3
-105
-96
61
142
68
-81
-64
74
112
5
-93
-83
42
85
-4
-124
-71
27
13
-53
-66
-5
2
-63
-81
-30
13
28
-7
-42
-34
2
53
40
-44
-49
69
166
68
-103
-91
56
159
51
-115
-76
81
150
39
-67
-68
23
60
46
47
-3
-79
-85
2
111
79
-84
-146
12
126
29
-167
-161
86
217
-6
-253
-173
114
241
21
-219
-185
33
189
111
-94
-167
-85
53
123
8
-128
-95
55
115
44
-85
-103
89
181
12
-105
-46
122
145
-7
-85
23
148
127
-19
-108
-58
64
120
21
-94
-101
5
66
10
-74
-104
-85
11
82
23
-96
-103
-11
53
37
-29
-135
-101
89
167
-2
-202
-188
73
296
153
-213
-315
-4
302
228
-83
-204
-59
139
169
5
-69
-36
32
52
18
4
28
11
-3
-12
-21
25
44
19
-7
-5
37
64
5
-58
-57
39
70
-16
-123
-88
53
80
-41
-175
-83
116
125
-57
-237
-193
54
215
124
-95
-195
-85
137
167
14
-119
-49
129
148
4
-79
-27
55
60
13
2
14
32
15
21
20
-24
-21
33
79
39
-107
-129
43
170
71
-148
-132
67
102
-78
-158
-30
142
129
-101
-248
-100
159
209
-3
-193
-183
1
202
171
-90
-248
-130
121
203
16
-202
-182
61
224
77
-148
-147
82
195
50
-85
-49
80
90
4
-28
49
120
64
-24
-72
-37
50
124
29
-96
-132
-6
80
11
-93
-127
-31
94
51
-99
-141
-19
109
41
-81
-103
-78
41
121
50
-120
-188
-23
202
191
-75
-265
-121
194
245
-16
-214
-64
211
203
-60
-189
-43
169
170
-47
-162
-40
118
128
-2
-112
-84
28
135
134
-11
-133
-63
75
138
37
-87
-81
23
80
-48
-138
-19
103
34
-145
-145
58
134
-55
-213
-124
115
188
1
-201
-142
99
216
51
-135
-102
97
187
113
-59
-141
-38
133
176
-8
-141
-72
88
160
93
-71
-164
-36
185
205
-52
-279
-169
131
285
98
-213
-260
24
231
79
-179
-190
1
194
83
-156
-197
8
197
101
-169
-212
-27
189
168
-97
-237
-67
120
120
-42
-143
-73
53
107
23
-81
-56
96
95
-12
-71
21
138
78
-33
-65
17
130
121
4
-101
-75
80
118
5
-126
-105
51
112
-24
-170
-137
8
92
44
-35
-121
-92
13
84
62
-72
-164
-64
125
149
-62
-219
-109
172
272
9
-293
-187
153
287
43
-155
-91
60
124
60
-31
-25
14
33
27
31
12
5
14
48
7
-77
-27
91
110
-19
-77
33
96
23
-74
-66
58
101
-46
-196
-46
120
93
-95
-204
-62
129
90
-102
-231
-91
145
171
11
-145
-147
0
152
107
-10
-73
-7
98
117
11
-86
-33
62
100
55
-22
-33
-9
38
91
24
-85
-74
95
181
9
-227
-201
107
295
107
-236
-282
72
261
-3
-252
-180
113
241
9
-273
-189
124
240
16
-191
-177
29
197
116
-137
-198
-64
145
151
-52
-217
-135
95
200
77
-129
-140
68
191
97
-93
-103
47
126
90
11
12
46
51
-6
-33
-2
24
28
-3
-39
-24
3
-6
-45
-90
-81
-3
69
23
-88
-102
-15
61
54
-33
-119
-100
31
128
39
-123
-132
53
203
108
-152
-219
-20
245
154
-101
-131
49
155
70
-103
-94
73
148
62
-85
-114
18
124
120
-27
-154
-96
93
170
66
-97
-102
70
150
22
-121
-109
41
119
-20
-148
-89
30
45
-11
-95
-42
1
3
-35
-78
-89
-19
72
75
-26
-129
-44
102
89
27
-23
13
58
73
16
-31
-32
41
85
39
-35
-65
-6
128
149
-31
-197
-66
209
237
-69
-335
-196
203
368
61
-325
-270
91
229
17
-171
-106
46
89
-2
-114
-72
49
76
-21
-87
-93
21
106
59
-77
-162
-59
116
107
-74
-143
-31
112
94
-47
-136
14
215
98
-98
-116
52
179
99
-41
-79
1
153
160
-2
-144
-114
56
172
72
-116
-202
-68
104
108
-27
-155
-129
15
96
38
-55
-113
-53
23
55
10
-101
-91
23
54
-17
-95
-12
147
98
-105
-168
28
196
92
-96
-116
61
178
56
-131
-84
123
187
12
-175
-100
105
183
60
-108
-158
-9
167
156
-15
-161
-102
125
225
35
-195
-181
62
226
40
-196
-194
0
162
55
-139
-145
-2
64
-25
-123
-85
39
92
22
-95
-68
53
91
24
-31
-14
74
90
55
-4
-49
-17
53
88
24
-12
-22
3
93
88
-64
-125
27
181
104
-144
-240
-52
208
217
-58
-252
-130
114
133
-21
-131
-86
43
79
-16
-124
-78
73
125
-11
-142
-156
37
207
103
-127
-210
-81
136
133
-34
-148
-89
54
119
43
-46
-57
18
34
72
60
34
-15
-58
7
127
133
71
-53
-128
-49
99
173
53
-147
-189
-5
164
83
-173
-214
-13
152
73
-92
-158
-60
61
57
-11
-55
-97
-66
47
111
24
-171
-131
113
273
75
-248
-272
84
328
137
-131
-146
30
131
59
-45
-23
64
66
-4
-80
-39
90
96
36
-59
-92
-15
121
127
-11
-144
-48
118
145
-34
-175
-55
158
117
-144
-224
-13
176
90
-175
-206
26
156
41
-179
-206
-19
161
137
-31
-141
-106
32
140
87
-28
-58
31
118
81
-35
-67
3
58
64
16
5
-15
0
50
62
-23
-60
-4
97
68
-95
-171
-22
181
162
-93
-244
-81
134
103
-47
-144
-56
81
80
-57
-155
-56
105
98
-10
-107
-89
51
119
34
-89
-119
-26
68
46
-58
-99
-9
96
73
-34
-79
33
76
7
-5
42
77
43
-68
-28
107
195
90
-117
-174
3
178
130
-72
-170
-60
98
79
-81
-134
-62
11
50
-21
-60
-33
-5
-26
-24
14
2
-71
-56
15
69
11
-89
-67
83
152
-11
-138
-79
101
132
-34
-109
54
176
79
-102
-138
22
184
152
-59
-211
-67
171
182
-1
-185
-164
91
244
102
-134
-191
46
213
104
-113
-170
14
130
46
-128
-147
31
93
-1
-144
-113
45
110
-19
-171
-168
9
157
121
-54
-193
-107
128
200
62
-111
-82
63
149
78
-52
-64
6
97
100
14
-51
-41
12
95
106
-13
-113
-32
118
102
-120
-202
-3
219
157
-133
-246
-36
139
51
-101
-100
12
56
4
-88
-65
21
67
31
-40
-69
-51
30
85
20
-64
-94
-28
65
36
-77
-94
22
105
34
-81
-56
79
120
14
-66
-20
86
104
-20
-50
48
135
80
-64
-92
-16
94
87
-37
-110
-56
34
34
-16
-56
-62
-61
-32
10
37
5
-50
-73
-65
23
62
-25
-71
-46
6
17
-21
-17
46
84
-5
-109
-44
94
104
5
-63
17
95
53
-58
-82
22
167
112
-94
-165
-3
153
126
-25
-137
-95
52
150
91
-54
-97
-9
96
107
-14
-105
-81
36
87
-36
-100
-35
35
6
-79
-50
22
7
-61
-113
-66
42
87
39
-82
-136
5
154
133
-48
-129
5
155
155
9
-113
-49
83
123
29
-34
-48
6
71
72
21
-59
-24
69
98
-51
-157
-83
119
175
-38
-196
-88
126
102
-100
-181
12
143
31
-145
-161
-6
149
98
-61
-131
-85
23
106
87
-56
-144
-78
73
134
-35
-166
-90
93
158
12
-138
-59
119
103
-11
-67
30
132
54
-59
-37
75
151
86
-93
-122
-5
114
111
-35
-154
-77
82
85
-67
-160
-76
64
92
-25
-122
-91
33
67
-12
-48
-48
-43
-23
27
60
-43
-84
-27
105
156
-48
-218
-65
191
190
-47
-137
8
132
95
-63
-94
56
133
42
-107
-74
98
128
33
-94
-118
1
133
125
-1
-109
-59
109
171
12
-189
-147
103
210
-6
-233
-166
97
200
-15
-237
-158
92
129
-41
-189
-106
43
123
35
-95
-100
2
79
75
41
-10
-25
52
93
41
-21
-50
3
76
101
21
-62
-57
45
121
45
-82
-76
34
138
39
-167
-145
91
203
14
-182
-174
55
163
5
-159
-129
105
135
-71
-233
-111
170
210
-19
-220
-169
89
206
86
-142
-217
-59
147
119
-79
-154
-55
98
102
7
-100
2
141
97
-58
-95
38
155
47
-62
-7
100
132
34
-91
-95
15
124
61
-83
-97
14
59
-18
-113
-66
1
22
3
-58
-68
5
59
-26
-80
-33
20
19
5
-10
-40
-88
-26
127
173
1
-225
-177
126
303
65
-243
-147
166
254
43
-207
-177
96
292
150
-162
-247
-47
180
234
56
-207
-203
42
246
157
-72
-167
-46
115
128
-5
-100
-66
-11
-20
-26
41
25
-92
-101
-4
92
30
-125
-178
-89
95
138
13
-138
-141
17
152
130
-19
-138
-50
143
208
66
-125
-140
37
196
122
-93
-141
-8
123
155
44
-135
-132
45
187
107
-138
-244
-52
235
211
-78
-271
-137
146
156
-49
-166
-59
90
71
-74
-145
-16
133
52
-100
-90
13
60
52
-11
-75
-78
-10
68
36
-69
-109
-9
105
80
-73
-117
76
186
55
-110
-92
99
194
26
-112
-51
97
186
61
-115
-126
9
144
85
-82
-156
-38
95
61
-65
-147
-112
13
106
44
-83
-135
-22
88
54
-67
-145
-67
104
150
-52
-229
-120
181
299
59
-296
-287
100
350
153
-173
-187
38
195
89
-89
-118
36
182
113
-109
-162
-1
167
152
-46
-181
-97
112
200
59
-134
-113
74
143
24
-106
-113
49
109
-10
-117
-90
-3
56
16
-88
-85
-10
19
-25
-99
-52
43
67
10
-84
-77
57
132
47
-73
-54
79
137
81
-35
-89
-25
96
145
39
-91
-96
18
160
106
-73
-160
-13
165
142
-100
-251
-84
210
223
-80
-277
-99
153
137
-84
-187
-52
144
110
-93
-198
-62
132
136
-4
-151
-159
22
214
110
-139
-222
-43
168
127
-100
-180
-35
128
99
-64
-98
40
153
42
-74
-46
102
116
-15
-62
19
120
132
-13
-157
-86
116
199
22
-183
-186
39
189
57
-184
-232
-30
170
131
-98
-221
-79
122
114
-38
-146
-98
16
109
98
-61
-177
-92
151
272
32
-283
-245
133
359
122
-204
-199
46
228
129
-106
-137
47
180
83
-112
-154
0
163
155
-44
-199
-105
132
255
80
-177
-169
62
204
107
-103
-174
-9
122
25
-113
-92
9
54
-3
-80
-59
-9
-14
-51
-69
-7
56
29
-39
-76
-30
82
90
28
-39
-41
41
109
104
18
-77
-71
48
144
79
-57
-105
5
165
121
-113
-179
7
212
126
-157
-246
-21
223
182
-99
-235
-72
92
99
-42
-139
-83
62
94
-26
-150
-83
89
119
3
-158
-137
31
179
79
-122
-165
-17
100
50
-76
-95
4
93
51
-47
-68
56
92
23
-37
-39
47
123
50
-40
15
84
98
7
-104
-74
61
123
52
-80
-131
-45
74
55
-53
-162
-117
50
106
29
-82
-123
-68
54
116
37
-146
-180
24
183
63
-172
-124
131
213
-11
-228
-128
153
215
2
-136
-29
148
112
-76
-144
34
187
121
-87
-152
-12
131
141
-5
-139
-118
58
173
121
-75
-166
2
201
155
-64
-235
-88
156
140
-71
-179
-94
40
104
9
-76
-79
-70
-35
-23
-25
-8
7
16
-10
-34
-30
18
59
60
-1
-25
41
92
102
5
-77
-42
54
95
45
-12
-33
32
100
30
-86
-93
70
182
51
-219
-228
82
304
150
-236
-317
-6
257
129
-158
-240
-22
201
95
-151
-191
19
144
73
-58
-124
-85
67
123
17
-104
-120
-23
72
36
-35
-59
-7
27
8
-5
55
86
-11
-91
0
131
168
5
-154
-75
151
227
87
-153
-185
-6
191
168
-51
-210
-107
100
125
-38
-176
-132
29
118
43
-109
-161
-21
104
75
-42
-153
-128
42
164
75
-147
-178
30
256
145
-176
-277
0
290
181
-131
-198
30
226
116
-118
-163
33
210
146
-96
-226
-37
193
191
9
-205
-169
98
256
94
-118
-168
23
180
118
-76
-172
-61
151
98
-110
-154
-45
71
43
-89
-105
-2
32
-22
-109
-92
32
118
38
-127
-147
7
172
158
-44
-140
-43
145
197
44
-112
-119
46
170
102
-33
-105
-73
79
161
80
-99
-149
5
166
89
-117
-189
4
182
97
-109
-149
-13
26
-8
-5
-6
1
-40
-98
-48
75
117
-30
-134
-81
18
89
91
-25
-129
-104
5
107
80
-94
-194
-44
182
161
-59
-179
-22
180
141
-57
-107
15
160
87
-67
-60
91
157
85
-92
-132
-9
114
104
-28
-108
-78
7
34
-9
-77
-81
-4
41
-13
-69
-51
4
8
-16
-31
-66
-62
65
99
-34
-153
-108
118
269
84
-251
-264
70
321
159
-166
-222
37
236
128
-135
-155
85
213
95
-161
-179
55
231
134
-129
-230
-53
192
206
11
-172
-141
102
221
86
-149
-177
6
166
69
-151
-146
26
109
-29
-151
-89
47
72
-38
-145
-111
51
129
28
-88
-66
18
81
41
-23
6
41
58
71
4
-45
-12
47
82
51
-21
-42
-7
73
82
12
-62
-52
52
77
-23
-127
-69
104
123
-57
-168
-31
111
37
-95
-106
11
94
5
-133
-112
54
143
44
-133
-151
-21
116
134
-11
-157
-152
30
145
62
-126
-140
35
155
46
-101
-112
67
152
35
-72
-17
107
106
-34
-83
37
156
144
-24
-157
-82
82
164
68
-116
-159
-39
81
73
-59
-146
-99
27
91
42
-56
-117
-96
2
80
69
-74
-152
-16
159
89
-103
-186
37
262
125
-223
-279
78
358
150
-241
-242
125
321
97
-250
-218
141
320
90
-233
-216
56
235
146
-76
-227
-91
144
217
76
-133
-161
40
184
102
-88
-139
-11
95
7
-108
-90
44
56
-49
-94
-21
45
-13
-110
-111
15
93
27
-90
-92
15
89
61
-5
-29
19
79
88
11
-62
-15
99
115
4
-92
-58
71
116
52
-22
-71
-37
61
99
28
-120
-158
7
185
123
-104
-211
-33
134
44
-134
-145
38
159
22
-160
-155
33
153
65
-86
-138
-30
114
129
-30
-139
-112
16
111
37
-90
-121
3
123
74
-81
-109
45
158
93
-47
-88
41
136
61
-45
-48
78
163
43
-116
-128
20
164
100
-70
-167
-72
63
66
-26
-100
-128
-43
73
75
-51
-127
-58
51
86
-3
-150
-108
62
121
-19
-137
-69
156
193
-34
-226
-91
183
199
-52
-179
6
211
132
-99
-200
-5
219
179
-66
-235
-58
173
207
1
-160
-161
41
215
133
-89
-182
-5
180
141
-67
-197
-66
176
151
-102
-195
-54
90
83
-60
-161
-72
78
34
-101
-154
-30
128
122
-50
-175
-71
137
172
3
-144
-38
150
177
17
-137
-80
105
179
28
-130
-91
87
165
76
-87
-132
2
129
133
-15
-203
-166
96
262
79
-256
-236
85
228
34
-232
-206
89
250
58
-236
-249
48
253
125
-117
-227
-98
120
206
55
-180
-204
-4
162
81
-128
-160
17
135
73
-69
-98
92
138
-21
-103
20
167
96
-81
-110
29
194
174
-44
-178
-91
83
155
64
-83
-172
-61
70
68
-48
-138
-88
35
73
10
-92
-99
-12
55
54
-21
-132
-73
92
91
-49
-145
-41
147
189
-40
-236
-118
177
224
4
-132
-52
112
153
-1
-150
-72
132
182
-5
-158
-82
73
169
62
-112
-120
32
139
88
-40
-89
6
105
88
-25
-110
-45
79
36
-123
-119
33
127
32
-178
-176
81
158
-31
-232
-159
95
201
46
-171
-175
55
204
93
-98
-123
56
164
91
-44
-80
-7
106
97
7
-45
-2
7
40
71
18
-76
-34
59
112
3
-177
-146
86
219
38
-199
-173
68
180
-28
-205
-105
112
166
-43
-212
-131
130
215
-9
-239
-169
95
264
120
-222
-313
-43
248
215
-128
-316
-111
250
261
-66
-267
-70
230
204
-51
-193
-21
198
156
-46
-117
1
174
153
-45
-173
-61
133
172
20
-181
-174
32
140
20
-138
-159
1
100
54
-85
-114
-27
83
62
-44
-139
-113
56
165
63
-149
-203
23
248
189
-137
-308
-66
291
265
-106
-255
-23
231
182
-68
-205
-32
201
197
-41
-190
-101
103
185
66
-119
-135
-11
162
170
-26
-178
-79
125
166
14
-147
-103
69
82
-52
-82
-52
4
10
-40
-23
10
-48
-114
-74
16
96
34
-76
-103
11
91
64
-20
-51
10
81
96
19
-52
-28
68
92
0
-64
-24
66
79
32
-8
-33
-25
18
112
66
-88
-208
-61
173
217
-23
-247
-178
108
204
-15
-202
-124
89
175
7
-198
-140
78
176
18
-136
-142
0
157
74
-88
-131
-44
66
65
-52
-103
-18
71
42
-20
-51
16
97
67
-16
-33
39
105
27
-67
-2
93
148
81
-84
-162
0
157
132
-41
-175
-108
56
103
-19
-164
-124
37
136
25
-109
-151
-29
79
64
-47
-113
-48
58
103
-18
-150
-119
110
241
90
-198
-241
49
273
123
-135
-116
84
170
6
-140
-78
133
170
24
-158
-110
47
147
107
-62
-163
-70
108
175
57
-114
-116
68
169
44
-123
-118
42
122
-30
-150
-61
81
71
-73
-168
-50
94
57
-93
-199
-80
152
187
-12
-204
-153
76
217
109
-105
-131
47
178
118
-48
-109
-18
102
94
16
-30
-5
11
46
39
-4
-46
-10
84
82
-44
-159
-76
106
159
-7
-194
-107
99
90
-77
-138
-24
131
96
-107
-215
-65
167
155
-25
-159
-139
51
180
87
-130
-220
-71
168
188
-56
-235
-142
106
233
37
-184
-130
131
200
65
-96
-101
46
122
57
23
13
32
30
-34
-52
22
103
38
-74
-120
3
98
21
-147
-171
-22
119
84
-76
-164
-53
66
58
-27
-72
-56
-25
45
88
6
-140
-102
82
222
95
-158
-223
-2
235
158
-70
-145
-6
143
107
-12
-68
-33
29
50
46
25
-48
-27
58
41
-31
-41
1
78
63
-17
-24
1
49
39
-14
-49
-9
24
-19
-43
-10
15
-21
-96
-46
50
7
-84
-107
-74
39
109
43
-70
-115
-10
94
79
-36
-57
46
133
94
-19
-87
0
87
60
4
-29
2
48
49
44
14
-57
-66
35
131
65
-123
-207
-24
201
190
-91
-260
-69
165
116
-96
-198
-73
142
146
-71
-208
-98
128
177
28
-149
-211
-3
194
126
-96
-198
-79
127
126
-73
-153
-37
92
97
-17
-83
-8
88
35
0
10
56
60
-21
-14
73
95
43
-21
-63
-11
53
56
4
-42
-65
-45
10
4
-46
-71
-57
2
28
20
-28
-67
-94
-37
84
80
-69
-150
-32
100
70
-45
-109
15
168
66
-130
-134
64
145
23
-86
-8
140
102
-76
-131
36
185
98
-137
-148
83
173
77
-84
-136
-28
112
109
-2
-62
-49
55
113
35
-72
-81
5
79
22
-101
-93
19
54
-19
-102
-45
56
7
-109
-134
-20
116
83
-48
-139
-54
76
112
24
-63
-27
83
94
31
-10
-15
7
45
34
-5
-4
13
33
36
63
13
-71
-42
58
101
-1
-146
-131
83
197
45
-178
-186
73
172
-35
-183
-78
105
142
-58
-201
-126
93
212
43
-173
-201
-13
180
160
-51
-190
-133
50
150
39
-148
-151
20
164
106
-92
-136
30
161
96
-33
-69
24
103
36
-18
1
74
114
3
-78
-36
40
73
6
-61
-73
10
40
-29
-130
-92
17
84
22
-78
-98
-31
23
25
-8
-49
-70
-13
69
45
-61
-112
0
175
141
-109
-229
-42
219
175
-74
-181
24
199
118
-103
-167
29
196
131
-75
-156
2
118
82
-8
-90
-107
27
146
122
-23
-129
-23
115
99
-40
-118
-45
85
71
-84
-155
-13
92
32
-105
-128
-7
57
0
-106
-110
19
114
51
-74
-122
-21
119
131
-4
-76
-4
99
101
15
-64
-25
86
96
-5
-56
-13
69
78
17
-61
-46
57
112
30
-97
-158
-52
145
181
-41
-240
-89
136
130
-93
-211
-55
168
170
-90
-273
-131
163
247
20
-212
-210
13
200
140
-67
-189
-114
48
150
38
-120
-138
8
133
91
-69
-83
32
98
52
-13
-16
59
69
-28
-27
58
128
76
-71
-123
-18
120
123
-25
-146
-84
39
40
-17
-77
-53
-25
-6
-19
-9
-8
-11
-38
-48
7
18
-35
-32
7
-5
-52
-58
61
139
48
-118
-120
24
154
90
-109
-110
107
180
35
-134
-95
93
181
72
-121
-128
23
135
104
-16
-125
-74
63
146
70
-59
-105
25
144
84
-88
-127
-1
114
30
-145
-127
43
94
-37
-124
-62
71
28
-93
-153
-57
132
131
-13
-160
-115
66
162
49
-81
-57
87
168
48
-75
-75
50
100
50
-37
-32
13
37
52
65
-4
-81
-27
92
99
-35
-185
-100
138
216
-24
-252
-117
136
142
-85
-217
-39
195
116
-170
-235
8
224
129
-148
-234
-80
169
216
-11
-222
-175
54
197
74
-160
-209
-18
195
170
-51
-206
-47
188
183
-33
-151
-11
139
112
-41
-33
51
114
51
-59
-64
21
78
47
-68
-82
-5
56
-17
-94
-85
-18
42
42
-55
-77
-38
15
23
-31
-43
-45
-32
20
48
8
-64
-77
43
174
84
-128
-179
31
200
102
-117
-96
64
137
55
-90
-85
89
177
36
-159
-130
71
186
117
-82
-175
-83
113
193
51
-143
-110
89
170
36
-131
-124
54
122
-13
-152
-90
62
73
-33
-134
-75
56
45
-79
-160
-32
117
101
-33
-129
-70
68
117
44
-61
-55
55
125
86
-12
-78
-29
102
131
-8
-112
-55
83
184
92
-134
-197
-1
216
155
-127
-299
-78
256
259
-119
-349
-101
218
174
-126
-256
-41
218
168
-151
-290
-35
241
157
-108
-222
-98
140
211
25
-191
-185
-10
155
95
-96
-161
-40
123
126
-46
-133
12
151
105
-31
-100
1
133
94
-28
-76
27
156
95
-56
-152
-48
130
134
-19
-142
-100
22
72
-12
-94
-104
-31
69
38
-78
-102
-11
55
24
-28
-85
-55
42
81
-10
-105
-73
89
177
38
-197
-164
129
260
20
-182
-68
125
155
21
-108
-63
86
132
13
-88
-70
9
79
95
-19
-121
-55
68
150
72
-95
-100
45
126
38
-99
-87
68
102
-50
-178
-56
83
108
-48
-192
-96
82
91
-24
-172
-130
54
151
53
-112
-146
7
163
128
-28
-128
-17
156
181
14
-118
-59
74
120
25
-71
-47
42
131
75
-76
-118
2
147
95
-132
-212
-16
216
167
-103
-256
-88
180
156
-119
-263
-47
224
158
-150
-254
-46
188
168
-29
-185
-150
65
184
75
-108
-177
-39
114
84
-75
-154
-41
133
125
-48
-116
17
130
86
-30
-87
34
111
42
-18
16
70
72
-5
-51
-11
29
47
-26
-50
-15
47
22
-81
-123
-45
19
37
-16
-99
-60
30
60
10
-55
-67
-66
18
91
53
-94
-153
-47
170
234
28
-256
-230
102
315
111
-166
-147
72
193
88
-104
-139
43
161
108
-68
-157
-76
123
226
28
-225
-186
108
282
140
-156
-218
13
231
116
-109
-154
3
104
-23
-98
-43
36
25
-82
-97
14
53
-11
-120
-118
5
119
91
-76
-161
-59
134
165
-10
-133
-35
149
183
27
-136
-99
57
172
99
-69
-145
-25
140
178
0
-189
-135
113
271
89
-269
-330
32
357
252
-198
-397
-89
297
232
-158
-324
-79
227
179
-101
-260
-77
181
166
-51
-217
-147
89
224
81
-169
-223
-35
183
144
-113
-221
-32
184
163
-61
-154
13
165
58
-85
-68
101
168
18
-120
-43
139
196
34
-166
-147
37
167
107
-59
-170
-103
42
96
11
-130
-124
-21
77
87
-9
-103
-106
-19
71
32
-73
-92
21
78
7
-87
-48
101
142
-2
-145
-74
110
115
-15
-72
36
123
65
-78
-136
30
200
139
-91
-188
-54
120
182
52
-155
-173
21
193
155
-39
-167
-39
160
159
-37
-192
-83
120
97
-73
-139
-48
57
50
-62
-102
-34
12
37
-32
-108
-73
38
83
2
-89
-59
54
108
48
-15
-36
15
97
93
8
-62
-51
65
119
46
-72
-114
30
186
96
-115
-156
32
204
101
-193
-245
41
289
146
-208
-321
5
281
128
-212
-281
-2
246
174
-129
-271
-90
170
187
-1
-202
-184
62
239
101
-159
-240
-52
166
147
-71
-179
-77
109
136
11
-91
-10
58
62
19
-12
17
39
12
31
68
66
19
-47
-36
28
78
43
-33
-108
-56
50
76
-44
-167
-119
45
126
46
-113
-170
-42
103
96
-32
-138
-119
44
141
51
-95
-150
-11
197
180
-76
-275
-107
189
246
1
-151
-59
101
129
-3
-76
-7
92
71
-34
-68
-40
28
97
44
-45
-88
-14
85
135
33
-126
-66
77
106
-10
-93
-20
63
0
-105
-34
59
21
-117
-155
17
146
44
-172
-225
-26
215
134
-88
-188
-89
98
181
64
-99
-105
24
156
152
18
-116
-90
83
179
76
-91
-115
-21
136
155
-38
-184
-83
155
227
-27
-293
-188
159
306
67
-262
-252
70
211
33
-162
-150
25
134
44
-115
-139
3
124
73
-50
-151
-78
107
167
19
-162
-169
8
155
63
-128
-147
28
166
75
-85
-86
63
122
46
-46
-48
62
93
18
-8
27
99
94
-42
-135
-54
109
144
5
-155
-135
27
100
-17
-134
-91
19
71
19
-62
-102
-42
26
44
3
-42
-73
-27
37
39
-21
-56
-23
95
92
-66
-118
30
148
44
-87
-45
101
128
-1
-131
-55
110
160
30
-122
-92
0
93
122
26
-121
-118
43
165
115
-76
-150
8
153
116
-66
-125
-37
70
28
-58
-59
-14
8
-39
-63
16
62
-22
-131
-138
7
117
63
-65
-116
-32
93
119
10
-77
-43
85
139
74
-31
-71
-15
80
103
15
-44
-33
7
77
77
-7
-79
-32
76
94
-21
-165
-130
111
203
7
-199
-140
99
115
-59
-161
-61
99
114
-32
-177
-126
94
155
28
-114
-148
-14
133
105
-39
-144
-96
53
117
14
-88
-100
13
105
54
-46
-26
39
38
19
21
58
52
-33
-68
73
163
98
-100
-149
7
177
128
-91
-215
-73
120
137
-49
-185
-134
17
93
13
-103
-104
5
77
33
-54
-74
-68
-8
69
60
-49
-118
-52
109
202
47
-204
-196
95
276
88
-140
-133
65
187
95
-102
-135
24
188
117
-96
-170
-25
157
160
-11
-185
-125
109
210
78
-133
-150
37
181
73
-98
-124
-6
90
47
-84
-89
-10
4
-14
-51
19
26
-52
-139
-116
31
159
70
-97
-146
-37
118
130
2
-82
-9
83
97
51
-2
-29
19
42
9
-11
32
32
10
30
28
-6
-37
-8
58
35
-54
-99
-16
88
75
-77
-114
31
88
-84
-183
-37
165
138
-74
-213
-121
121
197
13
-172
-138
11
141
91
-58
-130
-76
63
95
-9
-129
-108
63
144
36
-124
-84
94
143
30
-76
-48
77
116
-15
-48
40
104
86
-12
-81
-44
56
98
25
-95
-96
25
68
-18
-101
-93
-23
32
22
-60
-73
1
46
8
-57
-45
-26
-4
33
24
-45
-91
3
141
119
-74
-198
-57
195
212
-61
-194
-11
196
141
-70
-183
-42
198
187
-21
-177
-104
100
181
82
-128
-201
-13
179
185
1
-165
-117
97
195
49
-146
-159
32
155
30
-138
-117
11
67
-21
-119
-60
64
26
-112
-150
-17
145
136
-52
-211
-104
130
213
58
-126
-101
68
170
112
-49
-113
-9
126
110
-44
-106
15
127
95
-41
-118
-45
107
145
11
-174
-170
59
224
101
-167
-225
-4
179
53
-131
-145
20
127
28
-114
-114
13
112
47
-56
-127
-52
107
114
-18
-146
-129
25
126
51
-110
-140
24
144
76
-68
-109
44
133
73
-47
-76
60
141
37
-62
-38
70
132
37
-63
-69
29
87
24
-89
-78
29
42
-57
-125
-86
30
104
13
-90
-105
-23
60
54
-45
-94
-75
19
95
38
-89
-127
-10
167
177
-66
-235
-89
182
231
-16
-191
-47
182
171
-58
-202
-33
196
199
-61
-223
-92
131
241
96
-182
-260
19
259
195
-70
-223
-52
192
171
-54
-208
-78
146
158
-85
-230
-94
97
126
-32
-153
-84
47
45
-69
-132
-21
96
74
-44
-109
-17
72
77
8
-60
19
121
95
-13
-59
-8
89
74
0
-46
-6
44
53
39
-36
-59
10
90
87
-55
-183
-102
128
206
7
-234
-169
119
192
-30
-236
-131
130
205
-3
-245
-194
88
231
90
-163
-230
-24
186
173
-60
-243
-131
132
195
-28
-218
-127
105
209
46
-175
-127
138
196
1
-130
-42
153
141
-22
-114
-6
152
141
-42
-147
-49
114
134
-22
-161
-108
65
113
-21
-177
-155
15
132
60
-92
-149
-49
66
105
11
-134
-142
41
174
75
-144
-227
-10
279
231
-127
-336
-89
293
282
-84
-267
-54
222
227
-73
-246
-31
252
199
-115
-252
-27
195
217
-5
-253
-200
134
308
125
-191
-239
51
284
147
-152
-259
-46
217
178
-109
-267
-117
116
169
5
-172
-126
-4
64
-25
-114
-55
53
108
1
-118
-68
97
132
-7
-95
-13
120
131
27
-102
-45
97
113
10
-79
-55
39
137
97
-70
-162
-35
175
174
-92
-278
-103
232
271
-49
-317
-172
173
234
-48
-282
-132
167
231
-37
-256
-151
129
190
27
-131
-170
-9
164
127
-55
-190
-103
98
146
-29
-179
-82
133
158
-28
-179
-70
151
165
-11
-121
-35
152
119
-19
-67
14
122
110
-39
-149
-51
104
169
18
-172
-155
45
154
24
-214
-222
14
209
112
-143
-252
-67
177
169
-24
-215
-185
83
242
93
-211
-250
64
336
207
-177
-340
-49
300
229
-78
-202
-29
181
138
-76
-153
21
181
112
-96
-156
0
128
120
-14
-112
-75
27
110
105
-16
-111
-9
114
94
-52
-121
-37
88
50
-94
-112
-25
66
28
-90
-75
15
39
-49
-143
-76
70
128
-5
-146
-99
89
165
50
-98
-104
68
194
147
-45
-182
-48
148
193
19
-136
-107
46
168
132
-59
-190
-69
172
179
-81
-266
-94
230
214
-96
-290
-95
197
134
-126
-223
-48
169
137
-101
-205
-60
168
157
-53
-185
-125
76
201
75
-165
-223
-31
205
167
-98
-261
-130
182
258
-20
-255
-104
172
219
50
-136
-108
84
166
46
-56
3
97
70
-63
-84
17
105
48
-70
-87
-14
64
-5
-116
-122
-14
60
51
-56
-111
-52
56
37
-14
-44
-77
-48
64
113
-9
-171
-145
121
277
107
-208
-278
33
308
168
-136
-165
41
185
71
-79
-94
28
147
64
-77
-85
-9
84
120
7
-111
-103
13
150
119
-56
-107
11
111
73
-29
-113
-34
74
18
-66
-72
-22
35
-21
-71
-21
10
-26
-87
-98
21
107
39
-71
-100
-18
116
97
-28
-82
6
133
139
6
-86
-43
82
104
8
-54
10
55
15
-10
9
12
1
19
41
23
-54
-143
-25
139
127
-69
-188
-77
117
102
-94
-177
-47
115
111
-71
-148
-60
88
102
-7
-119
-92
53
150
46
-123
-183
-47
125
109
-59
-167
-68
118
145
-16
-140
-42
147
116
-18
-88
-11
131
90
-38
-36
44
125
49
-94
-87
41
139
51
-110
-160
-20
131