#4
-15
14
170
142
-53
-107
111
245
120
-69
-57
71
20
-89
23
194
144
-182
-333
-35
323
205
-260
-444
-139
172
116
-128
-206
-226
-231
-111
63
106
-153
-383
-254
130
204
-141
-327
-109
210
136
-220
-270
46
263
104
-112
-103
24
134
134
78
37
-93
-86
116
301
159
-163
-200
73
303
160
-170
-188
96
260
73
-130
-113
-7
3
-65
-38
0
-95
-209
-135
40
45
-155
-238
-77
77
-25
-230
-191
-4
83
31
-66
-80
-91
-124
-25
203
236
-101
-382
-118
406
490
4
-414
-180
325
461
158
-117
-102
81
156
193
153
32
-88
-83
101
212
38
-150
-66
167
163
-161
-316
-39
240
75
-283
-305
-10
197
39
-194
-170
-55
-47
-82
-39
44
-23
-187
-141
105
118
-164
-301
-19
288
177
-165
-205
101
281
117
-107
-14
176
167
0
-38
93
121
48
26
111
154
-60
-227
-3
310
230
-109
-280
-110
140
168
3
-153
-215
-190
-49
153
130
-205
-489
-303
160
276
-87
-429
-309
67
129
-85
-186
-43
55
-10
-101
-78
8
20
-12
86
143
-31
-145
-1
278
278
-41
-280
-80
311
306
-3
-171
-19
127
91
31
50
43
-31
-34
94
168
-28
-271
-179
134
205
-96
-320
-188
87
80
-159
-215
-40
30
-103
-172
-84
29
-59
-153
20
167
-13
-313
-236
203
417
23
-414
-280
271
510
203
-221
-271
11
309
383
211
-80
-211
-49
298
447
122
-292
-201
226
360
28
-262
-117
240
240
-86
-280
-126
107
82
-83
-137
-92
-105
-60
71
74
-122
-316
-187
150
206
-88
-318
-168
139
166
-96
-250
-88
92
97
13
-2
25
0
17
117
192
83
-101
-50
197
278
45
-151
4
215
174
-29
-124
-17
108
90
55
42
-34
-162
-134
123
245
-47
-397
-324
95
310
34
-371
-404
-96
134
37
-169
-194
-141
-86
-44
25
16
-91
-154
-43
73
5
-121
-85
120
233
20
-203
-53
239
247
-11
-140
13
169
122
-13
4
131
100
-55
-31
133
120
-42
-75
95
214
0
-244
-152
151
147
-147
-277
-98
101
3
-194
-183
-27
22
-97
-100
-21
-79
-191
-133
115
224
-48
-335
-229
134
283
77
-155
-144
14
148
191
144
59
-90
-114
126
406
315
-58
-244
-17
306
297
43
-97
17
82
23
8
99
121
-36
-122
-27
82
7
-168
-108
72
20
-194
-199
32
193
-33
-319
-218
108
163
-99
-256
-114
86
63
-83
-113
-31
-28
-65
39
165
84
-125
-105
171
298
82
-148
-50
223
242
-1
-92
64
194
82
-50
71
123
-46
-143
58
322
142
-306
-371
86
446
193
-419
-549
-66
368
228
-222
-432
-286
-3
138
52
-158
-341
-297
17
265
54
-292
-292
85
293
11
-340
-240
158
384
103
-241
-181
146
263
116
-1
-44
-52
25
167
236
99
-167
-183
122
353
151
-216
-213
135
310
116
-147
-203
-40
67
26
-39
-73
-167
-198
-33
129
35
-263
-311
-34
197
35
-262
-271
9
203
95
-147
-218
-96
34
143
159
-4
-229
-191
184
480
235
-240
-350
70
508
387
-65
-249
11
274
250
104
7
-15
-11
43
130
129
-3
-121
-13
148
92
-143
-256
-47
220
65
-263
-272
30
164
-7
-193
-135
-29
-56
-90
-21
63
-55
-186
-84
133
88
-180
-263
24
295
163
-149
-186
101
272
121
-70
-16
181
172
-7
-37
93
137
70
62
135
64
-128
-186
109
363
175
-215
-334
-47
250
204
-65
-294
-272
-86
119
205
-1
-372
-495
-127
295
249
-240
-532
-241
237
238
-184
-338
-55
212
68
-193
-151
37
100
72
39
27
-27
-53
89
269
176
-156
-224
99
364
227
-129
-175
49
188
106
-19
-7
22
18
18
107
115
-108
-263
-106
199
157
-180
-355
-145
157
121
-192
-284
-59
97
-17
-190
-140
-8
4
-2
46
-5
-172
-218
36
322
207
-248
-381
70
509
322
-189
-319
51
360
295
56
-26
38
81
58
150
212
76
-86
-29
140
141
-39
-93
103
197
-25
-235
-135
105
158
-54
-266
-185
7
61
-1
-28
-62
-171
-201
-21
149
64
-202
-278
-3
239
96
-243
-267
18
225
97
-57
-69
67
129
48
40
118
132
11
-13
97
153
53
-35
82
198
116
-83
-124
14
161
134
0
-76
-81
-46
21
108
72
-197
-361
-134
246
243
-223
-539
-266
192
240
-112
-367
-243
8
72
-44
-99
-74
-46
-30
11
9
-63
-117
3
203
185
-96
-217
52
333
235
-91
-218
10
252
181
-9
-28
92
71
-4
-1
98
88
-33
-40
124
149
-69
-222
-66
148
72
-191
-232
-31
97
-53
-211
-148
10
10
-105
-121
-38
-39
-145
-102
116
172
-110
-341
-138
259
326
-25
-323
-187
184
347
202
-31
-133
-88
72
327
403
99
-246
-152
215
418
174
-164
-116
152
175
-19
-78
77
178
10
-168
-104
51
38
-58
-69
-31
-75
-158
-88
101
97
-141
-290
-126
137
113
-140
-213
-42
110
15
-137
-118
18
6
-43
32
155
64
-86
-34
157
227
57
-93
11
211
193
-10
-58
97
185
83
-22
16
32
-41
-31
165
223
-29
-311
-219
189
376
0
-469
-405
62
328
120
-294
-429
-206
67
153
33
-234
-405
-221
186
288
-70
-401
-257
207
346
-57
-414
-174
304
364
0
-298
-117
250
273
83
-72
-58
7
59
159
194
63
-118
-108
147
260
45
-189
-71
207
218
-20
-199
-103
66
62
-90
-124
-30
-40
-116
-112
-34
-45
-120
-103
10
28
-159
-258
-80
178
191
-106
-313
-168
112
223
63
-87
-128
-91
102
283
264
-37
-266
-86
337
495
128
-257
-163
222
390
145
-136
-90
171
206
21
-89
-2
96
85
22
-16
-105
-163
7
169
47
-221
-322
-61
235
157
-190
-352
-132
151
117
-122
-184
-56
17
-42
-27
30
-68
-197
-99
192
266
-7
-269
-91
311
355
7
-218
-23
249
228
-1
-51
62
129
72
56
130
36
-181
-118
242
376
23
-387
-300
195
413
47
-405
-402
7
242
106
-132
-289
-305
-128
118
148
-101
-388
-320
86
292
-1
-354
-272
140
253
-48
-297
-143
201
251
9
-132
-56
101
176
121
69
-35
-149
3
270
290
-15
-232
-53
232
235
-2
-163
-42
182
193
2
-109
-55
-5
-22
8
0
-98
-170
-112
24
42
-141
-253
-82
133
46
-229
-274
-17
167
60
-113
-121
-49
-56
-72
56
203
68
-192
-237
135
465
253
-188
-289
54
367
324
86
-72
-16
49
129
243
211
-14
-165
-32
230
227
-57
-201
-3
232
140
-183
-268
-7
149
13
-173
-173
-21
32
-12
-42
-70
-163
-192
-35
172
103
-193
-267
-28
193
61
-238
-218
80
230
78
-111
-60
113
127
53
40
115
107
10
9
134
176
21
-46
75
195
91
-126
-156
104
275
129
-129
-186
-71
91
151
45
-190
-294
-147
105
221
-15
-386
-447
-63
284
139
-284
-395
-126
143
67
-155
-175
-4
56
-38
-84
-39
25
18
19
97
105
-61
-76
120
221
86
-113
-84
136
226
62
-78
9
154
84
-21
9
82
44
-6
50
128
39
-150
-172
44
183
-7
-291
-249
53
157
-73
-278
-148
78
41
-130
-180
-86
-1
-44
-27
94
42
-202
-268
-1
300
206
-162
-280
-16
293
309
61
-135
-95
63
218
316
199
-78
-179
41
351
352
-29
-266
-20
293
225
-126
-201
90
272
71
-221
-204
29
172
63
-152
-209
-137
-34
80
86
-70
-255
-230
37
182
12
-254
-215
77
198
-26
-254
-188
66
169
49
-55
-21
27
76
111
127
78
-13
9
151
212
70
-105
-48
189
267
78
-104
-126
22
128
120
111
2
-159
-209
39
307
145
-305
-463
-121
303
268
-152
-479
-354
23
181
25
-197
-267
-164
2
77
9
-140
-172
-40
118
68
-143
-184
44
256
178
-111
-214
58
299
197
-49
-153
-22
139
183
135
57
-20
-67
24
150
155
-58
-145
34
245
152
-111
-222
-44
110
36
-131
-161
-45
-6
-85
-120
-37
-3
-106
-152
-25
28
-111
-182
-73
111
150
-97
-277
-137
159
221
19
-139
-156
2
192
314
183
-114
-241
10
390
454
69
-290
-154
265
427
175
-161
-149
109
204
84
-27
-4
32
-8
20
62
-43
-165
-119
97
114
-109
-285
-139
167
159
-144
-303
-141
83
65
-76
-102
-31
-24
-63
-56
9
-28
-103
-30
152
159
-51
-187
34
267
220
-40
-103
80
209
92
-33
48
161
117
-26
12
120
68
-114
-59
189
243
-37
-310
-168
222
283
-88
-391
-240
89
176
-5
-172
-250
-238
-101
76
79
-124
-330
-250
85
196
-55
-275
-144
147
127
-136
-209
-4
184
135
-13
-72
31
123
94
75
72
-4
-74
16
209
238
22
-177
-71
182
253
31
-159
-47
150
159
13
-103
-103
-40
16
40
0
-127
-212
-114
56
63
-137
-241
-105
109
69
-196
-271
-61
157
144
-53
-244
-185
19
163
178
30
-173
-248
-2
406
418
-31
-383
-162
342
495
187
-177
-127
145
245
143
43
39
46
37
40
56
29
1
45
98
-3
-123
-105
-10
104
30
-201
-233
-22
124
32
-113
-159
-59
-44
-81
-64
48
35
-152
-198
14
167
14
-246
-183
134
277
76
-175
-94
155
195
76
17
45
75
75
56
99
80
3
38
167
188
-43
-231
-81
254
312
27
-269
-224
76
229
79
-150
-218
-164
-51
68
101
-78
-330
-336
-32
184
45
-252
-313
-75
120
14
-139
-118
-2
22
-44
-49
-8
-6
-13
76
125
42
-81
-26
166
250
45
-192
-110
186
320
126
-114
-86
73
122
100
37
-2
-33
-15
125
174
11
-243
-220
71
210
25
-253
-293
-41
129
14
-181
-166
-50
-11
-36
-73
-96
-133
-72
133
157
-93
-339
-214
219
428
54
-399
-301
232
530
202
-235
-230
69
285
287
145
-7
-61
24
175
242
127
-52
-43
98
141
9
-101
40
172
77
-127
-138
5
70
-13
-119
-134
-27
-2
-44
-44
0
-36
-187
-187
10
155
31
-217
-224
3
180
45
-195
-192
15
159
106
13
-38
-24
21
129
180
92
-35
-23
131
240
105
-115
-71
191
308
68
-183
-190
53
287
221
-20
-200
-222
-22
208
237
-64
-419
-361
74
345
123
-334
-482
-192
129
138
-62
-242
-234
-114
28
55
-1
-107
-163
-64
75
79
-61
-128
23
191
111
-59
-73
95
182
96
-36
-8
63
56
46
98
144
52
-92
-56
136
183
31
-98
-11
152
120
-112
-195
-8
137
4
-207
-190
-32
31
-46
-114
-79
-72
-120
-86
22
6
-157
-229
1
257
115
-259
-383
-26
375
289
-110
-372
-159
277
434
198
-130
-278
-68
317
530
238
-260
-338
118
521
366
-130
-315
33
347
198
-134
-210
77
251
96
-138
-152
-71
9
67
62
-126
-217
-155
52
165
5
-268
-262
5
166
39
-163
-187
-49
50
32
-16
-77
-117
-85
68
212
132
-127
-176
79
320
199
-82
-109
112
251
124
-67
-32
133
180
69
-18
-5
-41
-54
122
277
119
-239
-337
23
377
216
-288
-514
-168
271
251
-117
-376
-310
-75
99
55
-80
-250
-282
-65
185
87
-217
-285
22
271
89
-299
-294
113
359
164
-143
-199
58
246
181
35
-54
-82
2
172
264
120
-122
-172
41
290
219
-114
-231
36
272
177
-90
-209
-81
69
59
-48
-121
-121
-87
-30
-7
-63
-118
-141
-88
11
5
-127
-165
-57
80
114
-42
-200
-156
17
141
152
22
-175
-187
119
404
280
-126
-335
-35
412
502
98
-287
-163
191
365
236
-11
-97
1
90
111
49
-2
-26
38
77
35
-97
-177
-44
130
64
-190
-238
-42
137
49
-149
-186
-87
-11
-21
-29
-16
-49
-112
-61
50
31
-143
-170
28
213
135
-107
-150
81
244
128
-42
-43
134
188
77
-5
35
95
71
68
121
95
-77
-181
30
299
261
-97
-352
-161
221
277
0
-319
-328
-83
187
194
-64
-358
-420
-113
238
200
-190
-429
-237
114
154
-70
-195
-95
61
14
-98
-84
40
85
2
22
88
50
-42
-13
162
235
29
-167
-104
201
335
109
-175
-157
91
259
145
-43
-105
-22
117
174
61
-137
-201
-39
133
32
-175
-222
-22
101
-21
-240
-213
42
133
-42
-250
-227
-24
89
103
31
-111
-232
-188
105
341
186
-237
-408
-37
459
478
-11
-370
-192
234
481
302
-81
-230
-34
267
363
181
-148
-181
83
317
189
-136
-235
27
297
174
-170
-337
-50
259
162
-201
-330
-148
114
157
-17
-181
-206
-109
47
91
-1
-126
-218
-79
142
120
-139
-248
-79
167
158
-13
-103
-9
140
147
75
43
45
30
66
135
139
18
-39
63
196
187
-1
-192
-109
153
283
128
-141
-235
-116
115
251
87
-288
-421
-136
256
288
-116
-507
-412
40
302
45
-321
-350
-73
120
46
-123
-147
-45
40
23
-72
-95
-28
52
134
127
-45
-134
19
201
225
43
-132
-56
124
183
114
13
-19
-6
21
111
150
48
-120
-80
153
240
22
-262
-236
60
222
4
-255
-222
-24
90
-18
-143
-130
-46
-44
-79
-100
-85
-63
-20
59
64
-95
-249
-111
180
268
6
-267
-183
151
347
226
-43
-150
-74
116
337
331
40
-175
-97
196
374
199
-133
-164
101
243
77
-113
-48
155
131
-52
-148
-106
50
85
-21
-121
-144
-104
-23
84
37
-123
-243
-129
102
109
-77
-223
-129
88
96
-50
-147
-107
-5
60
77
91
10
-82
4
156
170
52
-37
35
152
157
58
-65
18
163
165
64
-50
-83
-40
89
200
168
-97
-306
-138
246
359
-76
-498
-351
138
354
62
-368
-418
-133
150
112
-135
-266
-212
-69
67
49
-103
-204
-92
103
111
-81
-181
-41
139
192
50
-136
-101
157
251
116
-61
-87
11
142
183
120
-9
-106
-43
136
246
67
-150
-124
128
234
59
-189
-188
21
168
38
-170
-208
-80
-1
-16
-50
-91
-138
-110
4
36
-72
-192
-158
15
172
89
-178
-252
-82
168
211
41
-157
-189
12
310
346
59
-252
-212
192
502
342
-155
-330
54
436
358
-26
-248
-35
235
217
14
-143
-54
126
184
22
-173
-193
-38
167
120
-141
-312
-151
119
181
-47
-260
-218
5
117
5
-114
-115
-68
-30
9
28
-40
-159
-118
100
248
84
-170
-141
137
288
135
-94
-54
146
192
68
-7
22
80
107
129
116
-22
-191
-103
204
341
99
-274
-349
40
384
216
-264
-481
-178
225
249
-34
-340
-377
-163
120
167
-41
-339
-342
-28
218
79
-238
-260
25
207
24
-207
-202
47
212
146
4
-95
-46
65
171
220
59
-156
-132
115
310
222
-80
-206
-32
219
228
20
-129
-51
88
148
82
-80
-179
-97
84
118
-67
-227
-168
2
86
-60
-225
-161
8
50
-65
-197
-146
19
72
34
-51
-121
-126
-68
118
234
59
-201
-223
91
398
289
-86
-276
-58
288
423
199
-110
-159
41
259
290
102
-118
-97
95
225
112
-100
-92
68
180
13
-170
-146
10
139
9
-193
-197
-55
75
61
-38
-152
-176
-127
3
106
64
-103
-208
-118
97
116
-86
-209
-105
136
186
55
-108
-68
106
193
155
31
-25
8
85
167
148
-14
-80
78
245
189
-80
-262
-38
303
309
-44
-354
-201
187
315
56
-280
-351
-114
132
184
-32
-315
-370
-94
160
86
-198
-327
-166
91
103
-105
-219
-71
85
88
-77
-177
-80
77
149
143
-16
-154
-39
190
258
104
-133
-154
70
277
211
-27
-124
2
137
133
78
-45
-51
50
134
113
-2
-152
-149
31
157
35
-217
-268
-52
100
16
-175
-186
-28
36
-35
-135
-149
-59
-28
21
97
14
-208
-254
1
294
263
-123
-379
-147
331
478
159
-247
-272
28
390
448
142
-215
-219
110
442
352
-70
-304
-40
337
298
-86
-274
-50
262
207
-90
-246
-149
48
159
30
-193
-223
-98
59
139
19
-223
-293
-88
169
179
-70
-292
-214
85
214
20
-240
-213
13
212
173
-11
-133
-68
123
264
169
-50
-122
53
260
195
-37
-123
43
274
209
-41
-170
-78
92
221
172
-24
-205
-209
23
272
173
-205
-434
-229
171
330
21
-431
-497
-120
268
194
-163
-385
-275
22
186
6
-202
-203
-10
157
79
-151
-211
21
273
191
-114
-199
44
251
202
-14
-127
-2
141
147
99
42
16
-8
-15
92
150
56
-68
-22
109
149
2
-169
-117
54
72
-85
-144
-67
-20
-54
-110
-99
-68
-36
-67
-70
-66
-80
-112
-87
57
126
-15
-246
-213
82
279
122
-139
-237
-47
238
333
144
-122
-212
8
331
417
149
-207
-171
168
374
221
-83
-121
76
177
52
-41
8
96
80
-43
-90
-49
-54
11
43
-40
-165
-157
-33
111
81
-133
-272
-133
69
95
-64
-155
-100
15
38
-10
-58
-102
-100
5
151
149
-24
-135
-3
204
213
40
-81
16
164
153
35
-5
45
122
145
76
14
-89
-118
73
286
223
-114
-378
-172
251
384
16
-431
-443
12
313
160
-209
-416
-280
23
171
43
-215
-323
-186
77
111
-77
-192
-75
113
64
-145
-233
-15
238
177
-33
-115
-31
127
154
97
58
-28
-56
19
165
205
49
-72
-40
77
123
81
-22
-5
65
60
19
-20
-6
-22
-41
-73
-62
-25
-67
-108
-88
-57
-66
-70
-60
-59
-83
-98
-96
-40
-10
42
42
-69
-182
-162
53
235
168
-115
-305
-73
360
440
62
-294
-251
152
474
390
-28
-297
-98
304
399
169
-125
-162
33
212
157
-24
-81
14
115
77
-61
-153
-95
94
131
-79
-246
-182
8
142
54
-146
-225
-148
19
70
36
-77
-177
-112
57
116
-39
-199
-159
67
226
123
-87
-134
66
188
153
35
6
73
100
77
49
47
41
77
138
132
21
-129
-123
116
287
146
-154
-277
-71
218
229
-34
-357
-348
-40
255
216
-155
-475
-366
66
285
56
-331
-392
-99
196
119
-181
-251
-28
125
42
-138
-142
55
135
62
-6
-50
-12
95
139
92
26
-31
25
97
131
83
-4
10
55
62
32
52
62
24
15
27
60
33
-69
-137
-34
56
20
-125
-172
-87
6
-31
-111
-113
-53
-45
-76
-88
-62
-72
-43
57
78
-66
-233
-183
106
316
127
-233
-293
48
404
340
-43
-258
-97
215
402
271
-30
-193
-29
239
331
130
-127
-98
137
241
69
-167
-85
173
207
-18
-200
-166
48
154
10
-199
-191
-67
38
68
-22
-111
-172
-125
15
63
8
-124
-154
-48
51
22
-78
-105
-29
61
104
57
-14
-36
57
143
121
38
3
47
107
130
71
1
25
113
175
97
-81
-153
-18
200
258
80
-170
-280
-76
246
295
-65
-455
-388
46
387
212
-319
-590
-280
251
349
-69
-488
-430
30
307
116
-270
-351
-42
240
182
-158
-289
-103
185
317
110
-222
-211
95
325
246
-51
-219
-69
179
288
136
-81
-112
6
157
207
66
-120
-136
57
217
139
-96
-217
-75
124
92
-120
-223
-122
3
27
-53
-114
-148
-126
-26
55
-18
-184
-218
-39
213
202
-151
-414
-169
283
386
22
-333
-267
135
408
289
-38
-232
-124
182
438
345
-55
-271
-28
319
375
85
-173
-72
128
168
37
-52
43
124
59
-79
-71
-50
-34
13
5
-77
-139
-142
-9
101
42
-150
-255
-127
86
104
-23
-130
-139
-55
44
53
-51
-147
-106
41
161
127
-26
-100
37
168
172
68
7
26
58
77
96
117
93
41
3
63
75
-34
-77
87
258
141
-186
-320
-41
307
256
-183
-498
-277
177
345
38
-395
-478
-142
221
220
-100
-393
-360
3
248
74
-237
-283
-19
219
91
-219
-218
80
236
150
-90
-188
-28
214
247
106
-82
-147
-22
201
291
126
-123
-172
22
231
194
-38
-179
-28
214
234
6
-221
-208
12
185
58
-165
-227
-109
40
55
-96
-209
-147
2
78
-28
-221
-224
-16
175
162
-71
-300
-249
41
281
208
-56
-269
-182
156
400
280
-85
-281
-96
274
488
261
-154
-259
54
324
299
61
-100
-50
74
139
82
3
-7
41
54
-18
-88
-51
26
30
-62
-164
-129
-20
87
43
-108
-190
-124
-7
28
-27
-60
-55
-70
-67
-15
19
-20
-95
-67
58
129
53
-42
4
121
111
38
54
124
95
34
14
80
142
100
40
53
74
1
-97
-7
178
225
-12
-251
-165
134
270
75
-258
-385
-156
171
232
-15
-361
-445
-147
215
231
-140
-462
-310
119
254
-33
-303
-209
93
200
-20
-236
-149
106
195
115
-43
-144
0
201
206
57
-108
-116
55
221
211
25
-104
-37
91
155
79
-35
-39
27
101
97
10
-65
-87
-52
5
8
-66
-121
-110
-50
-31
-81
-78
-44
-46
-100
-125
-111
-53
12
25
34
-48
-165
-159
-7
210
162
-68
-229
-137
221
402
199
-155
-276
2
366
429
125
-197
-177
136
373
293
-5
-211
-73
194
277
72
-141
-113
117
189
0
-204
-161
40
142
17
-153
-199
-113
65
107
-2
-168
-251
-135
97
169
5
-224
-222
-25
168
96
-154
-237
-45
208
207
-8
-164
-48
169
252
136
-35
-57
49
169
189
65
-84
-26
158
252
90
-156
-199
52
291
238
-80
-284
-166
133
264
81
-275
-394
-156
203
281
-40
-438
-455
-46
302
147
-292
-468
-178
199
188
-111
-303
-156
120
161
-45
-224
-128
114
223
127
-102
-193
25
278
244
5
-185
-94
163
264
132
-81
-115
46
157
142
13
-95
-52
117
201
87
-113
-212
-92
126
145
-71
-240
-169
22
48
-90
-171
-99
-3
-26
-101
-108
-61
-41
-48
-4
60
-12
-181
-186
32
233
166
-83
-265
-97
272
394
115
-209
-225
72
398
416
80
-222
-156
168
393
253
-85
-175
52
238
154
-75
-107
85
178
2
-122
-89
-22
39
12
-65
-100
-119
-64
61
72
-89
-233
-179
34
128
9
-165
-194
-43
115
86
-102
-220
-90
117
181
78
-86
-114
50
226
183
28
-76
-2
173
207
74
-79
-24
178
250
105
-91
-166
-35
169
269
110
-175
-274
-85
218
302
-5
-399
-413
-27
317
239
-195
-525
-354
93
318
32
-350
-413
-116
195
173
-150
-308
-147
140
201
-37
-291
-156
163
262
107
-144
-179
79
259
229
24
-182
-122
119
261
189
-15
-137
-68
117
227
123
-93
-138
43
217
162
-75
-218
-95
91
100
-85
-193
-171
-33
33
-24
-119
-161
-85
19
30
-88
-232
-184
35
237
137
-195
-355
-157
218
351
67
-254
-299
13
409
406
-4
-315
-210
197
490
379
-52
-302
-93
303
420
140
-171
-164
112
289
144
-98
-133
16
176
116
-81
-193
-127
58
154
9
-196
-260
-84
173
137
-120
-269
-181
33
129
31
-116
-179
-94
73
95
-55
-189
-159
84
247
122
-137
-173
97
276
198
-37
-103
51
195
170
28
-37
42
166
160
44
-33
-93
-31
171
243
54
-222
-230
47
263
159
-192
-391
-205
126
247
22
-272
-412
-221
105
207
-40
-328
-322
-46
161
44
-165
-181
-30
101
19
-164
-164
88
216
80
-90
-118
40
169
148
62
-16
-72
-10
120
207
122
-33
-80
20
133
127
8
-93
-7
145
152
5
-130
-110
10
97
1
-173
-187
-52
80
21
-141
-207
-114
12
48
-64
-168
-178
-78
69
161
62
-202
-316
-92
235
314
13
-310
-285
122
472
359
-85
-345
-178
292
518
299
-126
-299
-20
363
415
78
-214
-151
158
303
122
-134
-174
80
245
89
-150
-244
-86
143
167
-89
-271
-205
40
184
65
-156
-266
-176
45
162
58
-162
-249
-97
136
152
-76
-250
-126
145
257
71
-156
-118
127
244
129
-22
-4
91
141
94
34
16
46
123
148
96
-29
-161
-84
190
311
107
-216
-293
-27
254
242
-118
-429
-305
86
317
137
-308
-530
-259
198
286
-69
-421
-393
15
268
78
-246
-280
-9
176
74
-157
-197
3
191
144
-13
-105
-21
148
189
88
-48
-93
18
152
176
53
-39
-21
73
104
77
3
-20
15
65
64
35
-28
-89
-59
-3
4
-41
-108
-135
-79
-23
-36
-82
-100
-85
-49
-67
-72
-53
-76
-33
67
48
-138
-239
-64
218
235
-32
-263
-171
189
401
221
-151
-268
-41
340
475
204
-175
-241
60
376
365
28
-225
-84
198
268
38
-146
-77
133
168
-19
-154
-135
-29
106
82
-107
-239
-184
46
180
62
-196
-295
-126
115
166
-3
-219
-243
-21
177
97
-155
-244
-49
163
203
48
-118
-79
108
239
149
-24
-54
49
168
157
59
-40
-15
144
231
112
-112
-223
-41
280
350
30
-355
-337
75
393
219
-241
-528
-270
245
391
27
-441
-503
-133
258
243
-141
-436
-326
65
242
15
-244
-250
-7
163
71
-147
-181
9
168
165
24
-114
-46
121
198
122
-35
-97
-30
129
242
160
-41
-133
-35
137
191
57
-90
-72
77
167
82
-114
-172
-37
85
5
-121
-140
-81
-38
-35
-79
-93
-86
-63
-36
-48
-102
-131
-93
49
156
19
-236
-287
10
313
217
-113
-301
-115
256
387
156
-157
-219
-4
359
449
107
-234
-175
195
380
220
-75
-130
83
208
99
-86
-93
92
188
39
-143
-132
-43
66
96
-54
-183
-173
-49
86
81
-51
-188
-192
-35
61
33
-48
-126
-112
-26
63
28
-95
-156
-68
122
210
57
-157
-99
156
291
158
-74
-84
64
197
173
39
-50
0
128
213
154
-91
-266
-58
334
357
-41
-408
-282
204
450
119
-411
-529
-92
336
282
-136
-497
-423
3
338
185
-272
-518
-272
172
290
-22
-345
-254
129
241
-15
-286
-164
127
262
117
-101
-174
19
204
241
95
-106
-141
22
201
231
65
-85
-111
33
194
170
-22
-141
-23
151
182
20
-160
-157
-5
89
9
-111
-173
-123
2
27
-84
-161
-105
-24
2
-73
-152
-129
-19
67
81
-44
-216
-194
33
259
185
-111
-249
-112
235
380
171
-169
-265
-11
375
484
147
-239
-246
121
437
326
-74
-214
-15
229
180
-37
-114
30
169
75
-100
-148
-92
61
136
-18
-213
-247
-82
148
141
-78
-253
-210
6
135
57
-100
-192
-125
24
114
41
-139
-193
-32
167
195
19
-117
-52
118
191
102
10
35
102
101
65
47
40
87
105
110
50
-86
-118
81
262
181
-121
-264
-105
196
222
9
-268
-315
-82
153
132
-82
-310
-316
-90
123
100
-126
-314
-237
20
106
-3
-152
-88
28
13
-113
-139
45
138
66
12
-8
-12
53
114
132
92
-47
-86
38
209
208
19
-118
-47
100
167
87
-38
-59
22
108
98
11
-103
-126
-23
48
1
-113
-140
-80
-36
-46
-98
-95
-48
-41
-41
-92
-127
-115
-56
68
136
3
-259
-275
42
356
242
-187
-381
-86
399
511
65
-377
-312
176
561
445
-63
-390
-134
351
490
162
-218
-217
92
323
182
-120
-181
48
226
92
-170
-218
-13
177
91
-144
-244
-182
20
142
68
-111
-248
-199
12
145
81
-119
-215
-143
66
131
-16
-203
-179
68
240
143
-87
-139
34
190
194
71
-34
-6
92
160
140
26
-47
43
171
164
54
-152
-136
128
296
165
-169
-287
-49
227
219
-61
-343
-312
-4
231
178
-141
-445
-361
10
256
62
-274
-357
-145
158
153
-113
-265
-134
110
141
-53
-192
-72
81
173
128
-66
-142
26
215
228
33
-165
-102
128
288
194
-40
-157
-74
112
225
133
-64
-125
26
184
153
-53
-234
-143
83
132
-45
-217
-197
-10
60
-32
-139
-172
-83
14
-1
-88
-173
-124
3
144
79
-150
-302
-156
199
347
76
-259
-278
44
390
354
-3
-275
-205
148
482
411
-47
-330
-122
289
447
197
-155
-194
55
258
147
-65
-106
28
136
53
-82
-130
-48
56
38
-75
-139
-128
-42
53
32
-80
-174
-133
-16
35
26
-72
-109
-84
-20
35
-8
-97
-96
10
113
123
14
-77
5
132
176
103
1
-8
57
146
138
57
-3
49
143
116
28
-106
-76
145
266
116
-185
-292
-22
291
241
-149
-411
-238
118
244
33
-302
-411
-197
125
177
-58
-309
-284
-64
120
45
-116
-177
-47
94
29
-150
-158
63
177
123
14
-116
-87
130
249
152
-43
-169
-88
171
324
172
-112
-174
-1
206
229
32
-166
-118
122
241
103
-134
-228
-76
122
102
-100
-226
-171
4
79
-42
-175
-168
-54
23
-8
-115
-179
-118
53
160
45
-200
-284
-79
204
269
20
-234
-236
81
386
342
-32
-308
-155
253
509
292
-168
-299
6
397
412
43
-258
-118
202
290
56
-161
-105
136
207
14
-185
-198
-23
147
96
-114
-248
-195
38
171
59
-165
-287
-180
84
191
38
-206
-261
-64
163
147
-105
-289
-138
191
310
78
-224
-179
145
324
184
-70
-118
78
227
163
4
-59
22
154
225
102
-95
-195
-12
266
304
7
-298
-276
86
362
183
-259
-442
-200
184
261
8
-328
-428
-162
152
191
-89
-348
-297
-38
161
78
-122
-188
-83
59
32
-84
-71
54
83
50
25
-19
21
83
140
121
13
-74
-29
105
207
141
-17
-98
-39
118
181
80
-75
-90
75
169
74
-110
-193
-55
121
74
-121
-246
-133
68
85
-118
-240
-155
9
46
-42
-169
-171
-60
102
153
-40
-260
-239
21
282
208
-95
-279
-145
191
391
218
-118
-250
-40
324
431
159
-177
-196
120
351
262
-29
-149
20
205
168
-55
-148
24
237
138
-138
-236
-98
113
156
-49
-238
-220
-43
151
125
-105
-253
-197
0
93
43
-62
-159
-147
3
111
26
-162
-186
2
202
182
-4
-158
-59
176
247
101
-88
-42
123
216
120
-27
-37
69
208
176
33
-115
-139
62
295
219
-106
-313
-174
138
306
102
-249
-351
-155
137
192
-21
-305
-394
-158
164
195
-90
-345
-318
-2
167
31
-164
-176
-18
91
30
-114
-117
28
101
126
54
-68
-22
95
178
121
-10
-97
-28
164
259
97
-99
-125
29
202
181
-3
-145
-81
121
230
103
-185
-271
-38
182
115
-147
-294
-158
58
85
-85
-203
-151
13
59
-46
-180
-206
-98
112
215
6
-298
-317
43
375
255
-156
-389
-143
313
466
168
-210
-270
4
354
439
152
-213
-239
128
414
327
-39
-206
-38
174
172
12
-60
30
79
9
-56
-26
-48
-46
7
-21
-87
-117
-112
13
69
7
-152
-203
-70
75
66
-59
-177
-122
28
100
2
-141
-173
-17
159
180
37
-112
-36
132
207
90
-39
-4
111
161
113
1
-14
99
178
139
3
-119
-126
94
304
224
-132
-343
-144
219
323
37
-360
-408
-66
258
234
-114
-464
-400
14
287
83
-263
-378
-168
120
148
-113
-248
-92
113
105
-84
-223
-79
160
229
115
-130
-208
25
254
263
66
-154
-157
40
266
298
73
-183
-187
51
292
240
-52
-228
-65
208
265
39
-253
-241
30
186
41
-211
-242
-77
51
4
-112
-146
-99
-29
-21
-74
-133
-121
-39
107
132
-92
-306
-204
127
349
132
-232
-311
-13
364
418
77
-263
-267
111
459
419
30
-284
-167
270
467
186
-201
-211
98
314
178
-113
-192
-4
213
137
-79
-163
-163
29
158
7
-182
-229
-106
111
158
-34
-267
-279
-32
182
150
-102
-288
-181
92
183
40
-236
-244
20
288
208
-82
-208
-26
240
291
72
-136
-65
143
240
141
-39
-60
67
215
172
3
-167
-118
146
285
116
-164
-271
-64
235
274
-51
-406
-343
53
304
130
-269
-450
-269
107
243
1
-323
-343
-78
157
66
-160
-191
-16
117
1
-193
-171
97
245
94
-102
-151
31
245
213
20
-83
-53
55
144
158
83
-38
-38
41
101
117
51
-53
-28
92
156
57
-99
-156
-50
75
53
-87
-168
-128
-13
9
-67
-135
-126
-65
-18
1
-77
-188
-154
7
152
108
-125
-314
-160
185
330
94
-263
-340
-5
440
463
30
-357
-276
213
550
386
-94
-356
-88
355
464
133
-230
-185
144
309
122
-142
-144
92
224
37
-160
-196
-77
122
150
-63
-222
-245
-50
184
123
-123
-281
-181
45
106
27
-94
-179
-101
74
92
-49
-187
-131
54
186
131
-50
-105
51
204
149
24
-43
33
153
163
67
-33
-9
92
175
189
45
-186
-194
124
369
215
-219
-409
-73
318
300
-108
-425
-307
73
303
111
-286
-487
-246
145
276
-15
-384
-365
-33
222
47
-234
-248
8
175
57
-164
-179
48
169
101
2
-87
-35
82
162
180
46
-113
-105
80
267
232
-3
-169
-90
125
245
116
-93
-144
29
204
180
-38
-219
-174
28
144
31
-168
-238
-99
52
49
-91
-178
-131
-25
31
-53
-153
-145
-21
110
109
-93
-270
-184
146
300
103
-193
-249
34
339
329
14
-257
-160
190
452
319
-62
-248
-16
281
331
77
-131
-60
145
168
19
-81
21
166
101
-147
-183
-12
97
108
-78
-224
-144
-26
64
57
-70
-149
-156
-76
37
28
-54
-98
-112
-36
38
51
-71
-179
-107
107
219
93
-126
-129
88
241
186
20
-82
6
153
186
68
-32
-8
119
184
125
-45
-181
-53
218
299
48
-266
-262
51
296
210
-187
-451
-256
158
329
64
-366
-486
-189
201
265
-97
-404
-326
6
200
43
-208
-217
13
168
29
-225
-186
104
206
136
-41
-135
-12
163
201
113
-51
-109
-18
124
247
141
-56
-95
-6
141
164
48
-103
-87
103
212
92
-132
-222
-81
142
126
-85
-257
-196
21
110
-45
-201
-208
-66
61
40
-100
-211
-143
54
201
48
-235
-296
-45
273
269
-28
-288
-209
169
430
262
-122
-323
-101
334
501
228
-200
-283
100
417
350
-16
-246
-67
232
260
17
-170
-63
183
145
-79
-140
-112
10
87
1
-130
-164
-113
21
105
5
-140
-209
-118
34
100
20
-145
-195
-59
80
77
-44
-151
-122
91
203
94
-78
-83
60
180
156
40
-5
19
82
117
89
47
19
88
140
65
-38
-85
-32
160
249
59
-195
-238
10
234
189
-124
-377
-281
60
284
103
-296
-492
-230
188
288
-85
-405
-339
35
249
47
-252
-261
6
186
75
-183
-223
41
215
186
-10
-198
-62
216
272
132
-108
-182
1
227
283
66
-153
-137
59
229
196
-10
-167
-52
161
210
38
-164
-195
-42
117
62
-114
-187
-112
-19
7
-63
-122
-106
-71
-33
-45
-82
-119
-100
31
164
30
-227
-279
-26
291
260
-79
-337
-177
268
482
211
-206
-322
-35
383
495
195
-210
-273
96
421
320
-57
-202
-18
211
186
-24
-92
13
138
67
-94
-131
-53
67
56
-85
-155
-135
-45
85
71
-63
-215
-221
-56
127
95
-80
-193
-153
11
111
42
-133
-184
-33
174
184
-2
-143
-63
192
275
76
-114
-69
127
234
160
-15
-63
29
184
195
36
-140
-155
67
317
241
-120
-348
-166
207
328
65
-338
-421
-114
252
267
-67
-425
-461
-74
285
212
-210
-465
-293
148
293
-30
-340
-244
124
239
4
-253
-190
121
248
146
-84
-201
16
236
251
62
-167
-160
74
274
247
5
-179
-61
159
210
59
-74
-70
50
125
102
-15
-126
-102
10
53
-22
-113
-141
-100
-9
-5
-63
-136
-104
-18
6
-67
-170
-155
-18
136
114
-92
-275
-191
116
316
124
-213
-303
12
384
376
-7
-272
-152
207
423
285
-42
-206
-55
245
340
160
-90
-111
98
178
79
-72
-52
111
145
-34
-168
-99
39
110
20
-154
-173
-88
8
44
-3
-88
-149
-141
-37
42
48
-41
-158
-139
30
123
0
-182
-199
20
214
191
-35
-144
-41
127
218
142
-17
-50
54
176
162
26
-49
23
165
187
43
-132
-143
76
296
209
-147
-322
-141
214
324
43
-345
-411
-109
233
266
-69
-465
-452
-19
330
161
-292
-464
-203
195
208
-104
-305
-160
103
169
-35
-207
-86
124
169
80
-70
-85
57
157
156
68
-56
-86
31
182
212
47
-106
-55
87
166
123
-13
-85
3
128
111
-16
-149
-88
36
61
-22
-143
-156
-46
-4
-39
-114
-108
-54
-25
-67
-108
-110
-61
-7
67
36
-116
-201
-90
140
236
34
-209
-218
59
331
322
-3
-228
-126
159
360
300
22
-172
-70
212
333
152
-79
-92
78
186
88
-56
-42
92
101
-46
-111
-50
19
63
-1
-137
-161
-130
-9
115
50
-116
-224
-189
5
138
74
-140
-264
-98
147
163
-53
-255
-176
90
262
141
-133
-171
53
263
227
-5
-125
-10
189
240
75
-84
-39
155
250
112
-96
-206
-51
237
335
72
-272
-310
6
319
265
-141
-440
-321
97
334
127
-337
-505
-237
206
301
-58
-421
-371
27
231
23
-264
-242
54
206
26
-255
-219
122
254
94
-70
-139
-29
155
222
133
-44
-128
-35
133
223
151
-3
-82
-58
77
202
146
-58
-133
10
181
173
-41
-229
-140
80
125
-36
-210
-176
-9
51
-27
-159
-145
-42
-10
-42
-106
-140
-94
-1
118
51
-130
-237
-114
166
252
27
-235
-218
93
401
343
-61
-305
-165
237
509
334
-112
-335
-79
368
492
126
-295
-242
168
381
173
-170
-218
48
236
102
-124
-182
-113
58
119
-12
-163
-235
-106
142
176
-62
-313
-274
8
200
127
-140
-288
-136
125
169
-32
-228
-191
74
245
145
-75
-142
10
218
240
32
-92
0
157
181
74
-25
-8
110
186
119
-29
-175
-52
191
292
76
-272
-299
31
345
242
-194
-459
-279
119
318
98
-299
-479
-255
137
275
-4
-341
-384
-103
189
135
-133
-253
-93
98
93
-71
-127
-15
84
117
64
-57
-52
56
154
188
48
-110
-99
92
252
209
-35
-160
-72
133
236
115
-98
-122
57
205
111
-99
-200
-78
98
98
-81
-217
-158
-18
46
-32
-136
-169
-69
9
29
-79
-198
-140
14
166
99
-175
-334
-104
264
317
-4
-316
-259
164
490
318
-153
-395
-123
371
575
241
-250
-331
66
468
388
-28
-251
-42
260
228
-75
-194
23
262
178
-175
-288
-75
161
231
-36
-301
-275
-48
176
171
-59
-267
-256
-46
138
94
-66
-204
-147
20
135
42
-169
-215
-25
177
198
-2
-171
-79
160
254
134
-51
-59
77
165
141
52
-27
16
124
167
122
-53
-206
-66
254
359
71
-343
-353
63
390
249
-262
-525
-249
244
380
20
-449
-537
-147
307
291
-160
-496
-320
117
281
-8
-342
-257
103
242
20
-258
-200
87
223
172
-48
-173
-45
165
262
165
-72
-216
-44
229
308
119
-150
-181
36
241
231
3
-163
-95
102
241
121
-159
-249
-80
157
148
-97
-296
-210
46
131
-31
-215
-208
-35
77
1
-163
-214
-74
139
204
-22
-318
-308
59
362
256
-159
-377
-132
335
481
135
-256
-314
48
436
470
109
-266
-256
156
468
350
-96
-298
-52
295
288
-12
-201
-49
196
136
-93
-148
-95
47
112
-19
-170
-176
-113
50
120
8
-175
-253
-118
82
157
8
-190
-217
-72
112
116
-68
-200
-139
95
226
134
-66
-129
24
168
195
96
5
-17
35
139
141
60
0
43
107
125
-7
-131
-42
210
251
-19
-264
-192
124
288
78
-294
-410
-111
245
242
-67
-418
-431
-65
256
164
-190
-416
-282
108
220
-43
-284
-175
115
157
-59
-256
-114
217
251
14
-169
-119
124
257
153
-14
-144
-78
135
243
167
-28
-113
-19
114
179
101
-68
-106
36
192
156
-12
-177
-173
-3
139
43
-138
-215
-105
25
22
-79
-157
-125
-40
24
-29
-144
-150
-81
74
152
10
-259
-282
49
341
253
-141
-363
-155
286
466
186
-221
-307
24
433
485
101
-309
-235
203
451
294
-109
-236
-2
252
212
-37
-145
-3
166
83
-54
-127
-135
-8
90
15
-82
-192
-164
33
135
28
-187
-277
-106
117
135
-33
-194
-183
-5
132
56
-111
-195
-61
142
181
29
-109
-54
149
229
75
-45
1
113
160
94
-10
-9
57
173
172
17
-173
-169
109
361
243
-166
-382
-155
248
366
26
-397
-445
-33
317
231
-181
-523
-384
107
342
79
-385
-456
-87
264
164
-226
-356
-74
228
164
-140
-294
-57
248
200
-35
-135
-23
151
161
64
-21
-18
34
82
110
119
77
0
-65
-5
110
162
48
-79
-29
90
140
34
-124
-152
-30
78
43
-77
-180
-172
-55
46
8
-116
-180
-110
37
53
-100
-235
-130
139
236
-71
-360
-240
176
381
119
-271
-331
20
408
395
30
-288
-220
152
472
378
-37
-302
-80
338
426
109
-225
-132
158
281
81
-157
-108
128
210
37
-165
-164
-64
99
96
-62
-184
-203
-80
135
144
-75
-289
-245
7
169
84
-129
-228
-115
90
131
-41
-209
-148
63
216
130
-52
-118
8
181
212
53
-60
7
142
156
65
-14
1
93
188
133
-18
-134
-117
122
310
160
-197
-314
-65
215
232
-16
-339
-340
-20
236
176
-140
-424
-392
-22
296
179
-246
-479
-231
196
220
-133
-313
-85
174
145
-148
-289
-36
231
220
34
-149
-141
113
272
194
-24
-190
-87
178
296
151
-89
-117
16
162
182
37
-112
-78
85
177
139
-55
-198
-167
51
149
-6
-176
-211
-82
46
38
-92
-166
-125
-16
23
-41
-140
-151
-54
122
148
-74
-298
-229
140
364
148
-240
-320
-6
386
407
8
-301
-202
218
498
313
-137
-310
-11
400
441
42
-270
-149
224
352
54
-237
-161
158
288
49
-207
-246
-45
198
141
-122
-296
-206
67
188
79
-162
-308
-200
84
165
45
-158
-242
-61
139
115
-117
-238
-90
134
222
38
-155
-91
150
241
105
-46
-34
108
173
107
6
-27
45
143
171
64
-54
-135
-45
209
289
80
-228
-293
-51
285
295
-100
-464
-355
82
362
158
-313
-514
-282
167
314
-12
-396
-421
-54
263
126
-189
-275
-57
120
81
-104
-161
19
125
112
28
-88
-26
133
175
114
-41
-103
13
151
211
105
-51
-63
28
116
118
21
-52
-17
91
138
58
-74
-163
-72
93
70
-115
-200
-115
34
21
-82
-168
-109
-12
13
-41
-133
-177
-141
20
202
126
-173
-348
-150
240
357
47
-312
-296
113
468
356
-112
-375
-113
344
543
221
-222
-298
82
442
376
-15
-295
-93
269
297
9
-202
-46
205
166
-104
-208
-93
67
107
-12
-134
-169
-100
9
68
6
-91
-184
-157
-19
80
49
-78
-175
-115
44
98
0
-183
-156
62
202
133
-61
-127
4
192
217
56
-61
-18
120
185
113
-5
-29
86
176
112
-59
-157
-14
219
262
42
-261
-258
38
286
222
-143
-446
-309
126
346
118
-354
-539
-248
222
349
-31
-450
-432
-22
276
117
-186
-279
-77
141
92
-121
-161
7
129
166
60
-121
-81
97
226
173
-41
-179
-43
189
298
124
-125
-144
51
212
164
-14
-117
-43
128
201
69
-155
-205
-35
120
62
-102
-201
-124
22
31
-83
-165
-129
-19
60
-11
-190
-241
-81
149
244
-17
-339
-329
62
411
259
-201
-422
-131
352
504
163
-299
-341
65
480
464
32
-328
-199
281
528
233
-240
-304
96
424
263
-191
-321
29
360
236
-180
-338
-100
172
192
-41
-261
-232
-44
145
134
-94
-269
-203
17
148
31
-150
-185
-60
65
85
-47
-171
-151
10
175
155
-2
-135
-56
154
244
116
-79
-63
118
203
103
-21
-19
91
138
121
57
-46
-142
-19
212
289
29
-314
-289
101
359
148
-274
-432
-167
194
269
4
-350
-434
-164
188
212
-99
-368
-302
-9
173
69
-123
-176
-74
30
17
-43
-29
22
31
56
49
10
10
47
102
144
35
-83
-74
98
258
199
-31
-168
-75
165
259
97
-148
-133
77
196
114
-102
-200
-72
83
70
-77
-184
-129
-15
4
-55
-138
-109
-17
6
-73
-155
-133
-36
125
135
-94
-286
-196
117
321
156
-179
-310
-91
281
442
159
-255
-311
67
474
464
29
-333
-192
289
487
186
-213
-217
108
333
180
-149
-218
55
271
139
-149
-226
-88
94
150
-36
-247
-205
-36
125
78
-107
-201
-153
-17
59
8
-70
-115
-92
4
65
-24
-138
-130
2
170
172
-19
-134
-25
160
202
77
-22
2
86
132
117
42
-3
29
122
153
58
-121
-174
73
311
252
-103
-363
-216
175
361
99
-303
-419
-143
202
280
-5
-400
-466
-107
259
208
-176
-432
-287
114
247
-7
-272
-220
28
151
29
-144
-112
51
135
130
-20
-91
-8
121
184
120
-32
-127
-47
161
292
154
-86
-176
-47
197
257
53
-167
-135
121
263
106
-191
-281
-45
169
103
-127
-249
-140
40
72
-71
-225
-183
13
134
-2
-251
-256
-25
235
208
-122
-357
-226
174
371
99
-269
-294
14
372
389
41
-279
-221
151
439
349
-21
-260
-93
298
401
126
-174
-143
142
273
101
-135
-125
121
222
15
-185
-155
-23
121
84
-120
-222
-162
17
138
75
-154
-269
-152
50
148
13
-154
-161
-50
57
57
-61
-153
-110
42
178
121
-49
-103
4
135
162
95
9
10
82
152
119
10
-10
45
141
142
50
-138
-154
96
315
215
-168
-346
-116
261
314
-20
-396
-377
-2
292
199
-187
-479
-329
84
279
43
-344
-394
-86
213
112
-169
-245
-49
131
49
-148
-156
33
176
112
-15
-93
-31
99
179
151
17
-106
-59
79
209
200
8
-103
-68
87
181
118
-35
-105
-1
157
179
-32
-216
-165
53
181
6
-226
-231
-43
105
16
-151
-207
-89
53
59
-113
-248
-153
39
233
139
-204
-404
-164
284
409
52
-320
-306
50
413
380
-13
-322
-202
211
504
354
-83
-340
-89
358
469
106
-258
-194
166
345
128
-184
-195
101
276
84
-165
-218
-105
106
140
-21
-161
-227
-124
111
175
-20
-262
-292
-46
163
122
-72
-231
-143
39
124
8
-159
-160
5
188
162
-39
-136
10
191
194
61
-47
16
149
174
40
-50
1
125
197
75
-54
-124
-37
170
257
98
-206
-279
-39
253
232
-92
-386
-298
58
266
108
-224
-423
-269
74
212
12
-290
-333
-81
125
78
-116
-186
-39
76
8
-131
-89
64
113
60
-13
-48
11
112
143
96
-2
-72
-3
106
182
151
17
-57
-46
59
141
120
-19
-84
24
155
133
-45
-208
-145
59
148
3
-215
-228
-48
99
32
-139
-196
-102
36
54
-99
-192
-130
29
179
100
-209
-334
-81
263
319
1
-302
-267
134
450
320
-103
-335
-141
289
517
290
-189
-328
19
418
414
-3
-269
-73
253
255
-40
-197
-30
245
218
-104
-277
-162
94
242
37
-263
-307
-78
182
199
-48
-290
-277
-66
166
144
-69
-247
-192
7
183
72
-176
-251
-54
199
240
24
-199
-120
138
274
158
-50
-88
67
209
169
17
-83
-12
137
227
117
-76
-191
-87
198
340
103
-274
-320
-4
313
285
-132
-493
-358
117
393
184
-320
-581
-298
221
360
-40
-451
-408
25
299
97
-254
-302
-37
189
117
-129
-220
-5
163
157
53
-75
-86
39
186
199
50
-100
-116
55
261
231
-7
-171
-74
144
229
101
-91
-126
51
183
145
-70
-214
-134
72
125
-18
-188
-185
-47
21
-22
-100
-122
-66
-37
-46
-81
-116
-71
14
114
18
-195
-233
-2
228
208
-57
-245
-106
190
313
176
-73
-187
-49
240
399
215
-123
-219
55
347
330
11
-201
-60
209
229
-15
-144
-8
177
109
-91
-139
-87
43
84
-53
-134
-144
-100
23
75
15
-135
-205
-126
9
94
50
-95
-206
-122
78
128
-26
-227
-170
115
260
111
-122
-114
99
217
132
-13
-45
60
161
128
32
-7
24
122
158
65
-55
-121
-16
209
243
7
-242
-213
55
270
161
-204
-421
-208
187
318
24
-417
-506
-106
307
259
-210
-509
-292
173
278
-52
-357
-218
135
252
-31
-311
-196
175
275
110
-107
-206
-8
246
287
108
-159
-214
4
285
315
66
-178
-148
88
233
144
-30
-123
-21
128
167
39
-123
-173
-41
105
55
-116
-195
-100
26
19
-98
-148
-114
-19
15
-40
-146
-163
-78
75
165
31
-224
-275
-41
269
249
-61
-309
-158
213
410
238
-132
-288
-94
326
534
217
-247
-310
80
478
387
-63
-294
-62
270
288
-30
-220
-64
203
214
-50
-249
-161
58
163
43
-179
-251
-130
105
193
11
-252
-297
-87
132
145
-53
-225
-166
47
148
9
-183
-168
2
180
151
-30
-114
-22
140
186
101
-17
-34
75
159
131
22
-34
50
167
132
16
-74
-79
57
185
157
-19
-194
-156
56
216
114
-176
-351
-203
120
265
52
-349
-484
-170
248
278
-135
-482
-340
113
292
37
-309
-263
34
200
57
-193
-207
47
221
211
-47
-213
-36
187
235
119
-88
-132
19
212
231
23
-130
-72
97
233
139
-82
-153
2
221
212
-35
-239
-167
43
153
33
-164
-197
-67
8
-22
-81
-117
-103
-29
-2
-42
-121
-157
-86
106
195
0
-310
-286
62
355
224
-173
-359
-112
336
471
131
-285
-325
71
487
493
55
-357
-236
270
506
228
-208
-238
102
337
165
-149
-174
54
239
88
-153
-214
-60
141
123
-84
-244
-197
0
139
72
-120
-247
-179
14
129
71
-110
-215
-135
57
146
14
-187
-200
16
218
177
-42
-158
-28
165
213
82
-16
21
102
106
72
13
19
84
134
112
35
-92
-113
59
244
201
-64
-299
-195
153
329
79
-330
-422
-107
265
307
-98
-494
-462
13
381
196
-323
-552
-204
278
266
-149
-375
-140
199
206
-117
-316
-95
235
272
44
-226
-171
123
306
236
-31
-221
-96
177
278
166
-73
-135
-4
151
185
60
-90
-76
63
164
132
-47
-192
-124
75
153
-31
-214
-211
-43
72
7
-136
-181
-74
37
35
-99
-198
-129
19
165
106
-129
-302
-193
164
323
103
-203
-280
-18
330
368
60
-219
-206
90
411
403
46
-277
-172
225
421
238
-122
-197
49
240
159
-69
-114
41
142
57
-91
-99
-80
-18
26
16
-80
-181
-126
32
103
14
-177
-229
-95
94
134
-33
-233
-183
33
132
37
-158
-189
-15
195
186
-2
-132
-36
165
224
80
-73
-31
113
200
125
-36
-54
89
201
141
-43
-188
-74
214
323
73
-260
-301
20
308
237
-139
-404
-294
58
272
147
-188
-456
-342
73
294
76
-328
-443
-114
234
151
-176
-284
-67
157
78
-149
-186
29
179
131
-5
-121
-38
114
178
162
7
-114
-48
100
230
173
-15
-138
-68
134
212
118
-79
-106
43
157
118
-36
-180
-121
30
107
-10
-153
-149
-61
-7
-37
-108
-106
-35
-5
-50
-129
-158
-57
57
99
23
-152
-216
-78
173
238
10
-218
-197
80
361
284
-30
-244
-116
206
418
295
-72
-273
-48
326
403
107
-189
-155
144
275
89
-139
-144
103
210
36
-146
-169
-69
90
117
-26
-190
-243
-57
150
137
-70
-280
-256
-6
189
127
-137
-284
-142
136
179
-62
-263
-158
117
256
124
-109
-154
58
222
185
28
-62
-4
156
207
65
-91
-27
163
249
99
-115
-216
-18
275
303
8
-294
-248
86
300
147
-191
-372
-220
110
252
34
-308
-415
-158
172
204
-133
-385
-261
67
168
-33
-246
-175
79
161
-31
-231
-146
134
221
54
-138
-112
100
221
170
15
-114
-83
86
212
173
37
-84
-49
62
140
139
39
-89
-83
81
209
112
-110
-220
-89
145
123
-135
-244
-127
38
51
-80
-171
-144
-5
28
-34
-134
-178
-67
93
149
12
-237
-278
4
287
213
-116
-286
-118
220
398
199
-163
-277
-2
335
407
157
-165
-197
95
376
295
-28
-186
-23
194
196
-14
-108
18
145
68
-99
-89
-14
2
10
-64
-95
-80
-65
-25
14
-21
-101
-119
-99
-29
17
15
-45
-99
-98
-40
3
3
-53
-68
8
96
80
-7
-22
51
134
94
12
39
121
131
38
-11
29
107
167
106
-10
-80
-63
63
202
172
-31
-228
-162
89
217
84
-185
-303
-189
90
245
66
-294
-451
-217
169
285
-51
-437
-393
27
287
98
-237
-293
-49
168
84
-122
-152
38
144
110
-17
-82
-6
114
168
115
-31
-94
-13
153
221
120
-53
-118
-24
131
221
93
-106
-127
47
215
151
-76
-222
-128
76
128
-27
-196
-204
-47
70
16
-132
-209
-103
33
64
-76
-193
-164
54
222
43
-287
-327
30
362
253
-172
-377
-102
339
446
105
-251
-241
80
365
363
89
-200
-166
180
396
252
-87
-217
4
271
214
-86
-175
26
231
123
-136
-209
-95
96
152
-37
-230
-220
-84
134
167
-18
-260
-290
-73
159
165
-67
-258
-202
39
180
54
-188
-221
-38
166
195
22
-122
-61
130
205
106
-6
7
75
119
89
44
18
39
117
144
92
-56
-191
-52
249
320
18
-304
-292
61
350
219
-218
-488
-257
212
355
5
-418
-475
-90
267
237
-209
-458
-242
130
228
-55
-296
-178
93
170
-29
-211
-138
113
208
92
-85
-86
53
147
128
61
-17
-25
1
96
199
133
-51
-99
-1
158
156
30
-77
-25
100
145
54
-113
-160
-34
86
34
-101
-162
-128
-19
13
-68
-127
-102
-15
9
-67
-151
-156
-37
127
143
-79
-284
-194
106
282
123
-170
-271
-31
287
349
84
-186
-205
89
385
375
47
-233
-181
198
453
250
-135
-221
38
277
195
-69
-164
14
185
95
-102
-154
-77
65
93
-52
-161
-171
-81
106
140
-52
-248
-260
-47
140
108
-68
-201
-155
2
102
63
-103
-198
-86
140
221
71
-86
-105
36
204
178
48
-26
20
96
145
101
17
-6
73
134
71
-34
-90
31
213
165
-57
-225
-157
101
236
95
-224
-375
-156
161
249
-8
-380
-452
-99
279
222
-214
-478
-258
159
240
-35
-273
-169
83
133
-66
-196
-30
190
123
-31
-122
-24
154
183
91
-22
-79
3
89
144
123
34
-9
-25
-7
97
155
57
-57
-47
68
134
65
-94
-166
-69
100
75
-103
-219
-154
3
62
-35
-148
-163
-80
24
-17
-114
-134
-52
111
130
-91
-293
-175
145
311
86
-245
-285
51
387
334
5
-261
-176
179
439
306
-36
-257
-81
288
407
126
-189
-161
131
295
117
-146
-135
80
206
76
-125
-174
-67
85
79
-49
-165
-179
-56
106
94
-87
-247
-201
28
146
48
-132
-237
-103
108
123
-75
-231
-134
98
247
114
-137
-182
59
258
216
11
-94
-2
154
200
99
-40
-44
50
170
168
34
-125
-124
63
261
217
-93
-317
-161
199
313
36
-355
-382
-50
255
216
-146
-459
-352
48
283
101
-293
-454
-170
212
208
-119
-308
-122
126
119
-90
-205
5
166
118
-12
-81
8
125
149
83
-3
-39
3
60
143
148
49
-50
-37
38
111
129
36
-52
-37
62
136
21
-118
-119
-38
50
28
-70
-141
-139
-63
0
-31
-63
-102
-104
-53
-42
-67
-87
-43
105
87
-143
-270
-131
190
297
63
-259
-277
84
391
318
-25
-285
-182
232
506
309
-129
-309
-42
364
423
71
-244
-132
198
309
60
-197
-129
158
248
26
-208
-216
-2
155
65
-93
-213
-186
-23
121
110
-77
-246
-226
-17
171
114
-125
-265
-158
94
184
13
-208
-214
27
245
185
-69
-149
7
192
204
64
-88
-24
157
215
64
-79
-37
142
222
93
-82
-139
-44
170
262
105
-167
-273
-56
227
255
-67
-351
-320
-4
254
198
-179
-469
-393
38
330
151
-308
-502
-179
251
226
-113
-319
-166
123
169
-65
-202
-56
125
167
59
-89
-73
75
186
185
26
-138
-87
102
247
191
-27
-112
-48
78
166
135
-28
-105
-29
134
166
-7
-166
-151
24
105
-34
-162
-160
-47
41
-25
-128
-150
-57
15
-14
-88
-147
-105
38
130
40
-174
-254
-62
237
230
-64
-256
-143
177
363
211
-106
-238
-58
294
436
188
-156
-215
63
356
313
-17
-197
-39
234
231
-19
-152
-45
179
172
-41
-192
-127
43
148
30
-172
-227
-122
74
119
16
-149
-230
-122
66
94
-24
-166
-168
-29
124
75
-106
-219
-111
136
236
48
-168
-105
133
249
136
-35
-43
82
171
108
19
-23
29
155
182
73
-89
-164
-25
249
281
-6
-296
-242
98
321
170
-213
-423
-210
124
276
41
-309
-442
-201
178
238
-90
-400
-317
39
221
30
-236
-242
3
181
69
-191
-202
23
204
160
-40
-133
-29
155
241
142
-78
-197
-23
220
305
113
-143
-139
41
181
179
16
-95
-39
87
163
82
-102
-169
-44
106
44
-96
-182
-113
-3
10
-77
-131
-89
-12
8
-83
-151
-113
-41
43
95
12
-169
-238
-67
225
255
-19
-262
-183
161
395
260
-109
-294
-77
325
468
189
-198
-258
92
441
349
-76
-297
-61
312
339
-26
-260
-120
186
260
11
-178
-189
-55
111
103
-83
-225
-177
-7
150
80
-134
-300
-180
88
194
56
-201
-287
-81
152
149
-63
-241
-163
95
240
121
-111
-103
76
186
125
16
-10
58
129
116
39
5
49
116
110
49
-42
-95
9
181
213
7
-208
-184
26
226
164
-140
-350
-224
46
210
101
-231
-465
-271
144
287
23
-377
-424
-52
245
140
-159
-274
-83
103
88
-53
-105
-30
89
117
16
-46
7
110
165
72
-32
-65
16
156
205
99
-84
-103
38
165
171
17
-120
-82
120
237
95
-147
-239
-55
126
94
-116
-234
-129
35
33
-78
-150
-122
-6
44
-54
-190
-168
1
133
111
-106
-270
-187
118
294
124
-187
-264
-24
332
362
23
-257
-184
147
422
335
-24
-257
-108
271
410
164
-177
-167
122
304
126
-156
-173
84
271
107
-189
-238
-49
151
137
-83
-240
-197
3
149
82
-106
-247
-187
-6
123
76
-93
-200
-133
37
112
41
-131
-220
-75
177
235
40
-154
-93
121
231
141
-10
-49
41
133
155
78
5
-5
91
176
122
-67
-210
-13
254
261
-38
-321
-193
165
307
87
-271
-387
-145
167
254
-38
-374
-397
-86
217
169
-175
-412
-252
101
210
-5
-250
-192
39
127
-1
-143
-130
47
187
129
-37
-121
-15
169
219
75
-98
-95
35
197
210
61
-76
-105
27
178
148
-7
-111
-6
145
156
8
-147
-164
-8
114
21
-138
-197
-96
35
16
-119
-171
-75
31
2
-95
-167
-108
41
98
58
-131
-256
-123
150
269
69
-194
-237
37
311
298
30
-228
-162
174
414
308
-52
-252
-55
299
382
107
-170
-131
167
269
46
-174
-88
201
228
-44
-225
-127
48
140
37
-165
-186
-76
19
63
-1
-114
-156
-128
-14
57
5
-60
-86
-91
-25
9
-30
-85
-84
-1
108
111
4
-62
-15
121
171
93
-17
2
83
155
98
18
-7
77
141
107
5
-76
-73
82
208
114
-102
-211
-66
156
174
-4
-251
-265
-51
141
129
-102
-320
-303
-62
167
122
-157
-378
-249
90
182
-24
-240
-152
75
112
-80
-196
-47
154
166
24
-88
-37
83
155
144
58
-81
-112
61
220
196
47
-86
-103
27
174
173
32
-83
-64
76
140
58
-104
-162
-45
78
55
-90
-184
-128
-9
14
-64
-151
-116
-21
21
-42
-124
-128
-56
72
112
-47
-201
-181
59
262
148
-170
-262
-17
306
353
72
-238
-229
137
436
369
-6
-285
-116
279
445
174
-188
-208
85
307
172
-121
-165
62
215
63
-162
-199
-16
181
87
-177
-250
-109
45
117
28
-127
-221
-160
18
135
64
-133
-230
-116
70
139
3
-162
-175
14
178
147
-28
-103
11
150
146
55
-12
41
140
152
26
-37
23
145
152
41
-62
-82
16
158
173
26
-124
-153
-2
179
126
-97
-279
-215
9
140
75
-152
-301
-256
-27
158
48
-204
-315
-135
92
83
-100
-180
-64
74
34
-102
-130
14
116
107
34
-48
-19
59
120
165
57
-78
-71
48
199
198
28
-94
-81
62
181
135
-21
-93
-24
125
162
8
-154
-155
-13
103
19
-143
-196
-94
51
33
-87
-191
-139
3
72
-37
-174
-189
-18
208
127
-174
-335
-133
248
318
8
-284
-240
136
423
309
-80
-332
-171
277
548
305
-198
-374
-22
480
454
-2
-311
-134
259
333
43
-231
-147
144
256
69
-192
-228
-44
156
113
-96
-243
-193
24
161
77
-150
-296
-171
85
183
22
-190
-217
-69
111
110
-61
-189
-136
80
211
124
-74
-118
20
156
172
66
19
38
60
75
64
67
73
80
90
41
-5
-49
-44
104
202
103
-146
-241
-31
248
205
-144
-382
-229
98
238
56
-278
-413
-178
130
181
-68
-326
-259
14
119
-56
-206
-99
82
99
-94
-202
-51
155
174
-16
-129
-38
127
180
128
9
-66
-28
56
132
156
69
-37
-36
49
85
85
58
7
-20
30
98
70
-42
-132
-115
38
90
-31
-149
-171
-91
13
3
-83
-106
-79
-27
-29
-105
-135
-83
59
139
14
-209
-252
-18
268
241
-78
-311
-186
219
449
250
-170
-357
-64
392
506
133
-284
-268
148
512
345
-163
-325
11
383
294
-106
-313
-44
310
267
-105
-321
-174
155
217
-16
-265
-261
-53
169
181
-44
-275
-279
-52
151
115
-61
-206
-171
21
131
60
-130
-202
-60
149
177
25
-127
-82
104
239
146
-26
-76
57
177
158
36
-47
5
136
195
96
-58
-168
-63
196
279
71
-237
-281
23
304
223
-203
-459
-254
146
325
84
-343
-516
-207
239
299
-82
-439
-408
5
306
141
-237
-344
-65
193
142
-132
-220
-11
183
188
19
-129
-77
105
234
187
-30
-194
-86
178
316
158
-85
-191
-30
171
220
78
-92
-98
46
145
105
-52
-154
-113
39
97
-27
-157
-170
-79
6
-15
-77
-96
-71
-42
-52
-94
-94
-57
27
86
-20
-166
-164
20
189
133
-84
-180
-57
161
278
161
-57
-182
-33
263
397
172
-149
-199
70
365
326
2
-197
-87
156
223
41
-87
-32
107
81
-50
-101
-79
6
33
-22
-100
-138
-71
28
55
-26
-171
-191
-62
90
92
-64
-171
-145
23
97
17
-134
-148
-14
126
145
16
-95
-17
123
140
67
5
30
72
105
65
83
68
61
61
39
27
35
-22
4
104
138
25
-132
-117
35
147
85
-148
-292
-169
79
216
26
-325
-433
-128
234
201
-168
-436
-245
135
202
-77
-304
-185
112
205
-30
-251
-144
133
251
115
-122
-179
35
260
248
24
-174
-143
95
299
234
5
-192
-129
152
246
117
-68
-133
2
169
189
-9
-186
-150
23
119
-28
-158
-144
-18
28
-59
-137
-123
-27
16
-36
-139
-147
-69
9
68
69
-62
-196
-157
36
203
131
-96
-193
-50
188
305
167
-121
-243
11
398
444
72
-290
-228
210
505
264
-180
-255
51
314
192
-77
-162
6
180
101
-100
-176
-69
69
77
-47
-178
-163
-39
68
68
-54
-191
-175
-33
79
47
-67
-162
-124
17
92
-1
-133
-162
8
187
146
-42
-149
-21
181
222
84
-60
-31
90
166
120
20
-24
23
168
161
40
-108
-168
54
287
219
-83
-301
-175
161
313
86
-305
-410
-128
261
296
-83
-507
-464
26
384
194
-303
-557
-231
271
320
-96
-412
-251
117
275
42
-263
-214
93
278
142
-121
-160
41
232
205
20
-154
-98
116
283
198
-51
-165
-36
165
226
53
-117
-84
69
175
119
-52
-172
-118
37
116
-16
-160
-169
-82
20
7
-95
-136
-79
-13
-25
-80
-140
-85
3
56
52
-68
-189
-117
85
207
87
-137
-198
-8
275
325
38
-233
-176
154
445
335
-41
-276
-75
330
418
75
-235
-120
189
275
48
-157
-86
153
189
-16
-193
-136
62
141
14
-171
-206
-91
56
92
6
-143
-202
-120
17
92
42
-102
-177
-106
44
83
-32
-152
-112
45
160
108
-32
-87
-3
133
175
106
-2
-15
53
146
120
34
-20
26
132
154
50
-118
-137