#4
-176
-143
-126
-124
-111
-151
-115
-54
-82
-81
-46
-9
-26
-81
-96
-15
17
-34
-55
-6
28
1
-68
-82
-52
14
36
-30
-115
-139
-108
-50
7
-68
-229
-286
-178
-7
0
-239
-442
-350
-24
98
-79
-339
-396
-223
19
93
-113
-345
-361
-104
161
94
-215
-415
-251
146
318
62
-345
-370
1
309
230
-85
-290
-188
124
262
89
-148
-223
-43
177
120
-118
-235
-119
103
138
-85
-281
-270
-113
35
4
-190
-332
-286
-116
39
-42
-260
-385
-284
-50
10
-179
-353
-281
-74
0
-154
-335
-291
-73
55
-42
-202
-248
-113
95
134
-12
-222
-214
25
247
208
-94
-325
-212
143
356
123
-311
-395
-61
280
226
-126
-392
-239
119
261
-35
-428
-472
-91
247
134
-310
-528
-303
70
131
-136
-433
-368
-50
74
-83
-341
-330
-65
81
-55
-253
-271
-120
57
82
-77
-157
-83
2
59
40
9
-32
-50
2
57
58
29
13
31
55
43
1
-28
-34
47
111
66
-34
-112
-117
13
85
-73
-272
-207
-22
65
-44
-250
-331
-206
-2
74
-76
-276
-348
-151
102
103
-143
-339
-249
37
217
26
-299
-352
-21
294
233
-106
-301
-151
176
300
145
-124
-221
-43
230
257
14
-165
-96
123
203
15
-136
-92
45
118
25
-145
-193
-86
10
6
-80
-188
-217
-163
-73
-12
-82
-205
-251
-141
-85
-117
-191
-185
-91
-41
-114
-177
-200
-143
-64
-10
-18
-97
-183
-121
87
174
12
-166
-149
69
275
181
-116
-246
-89
209
299
72
-225
-245
-25
217
212
-83
-321
-213
144
310
-4
-401
-437
-74
267
140
-273
-448
-245
42
113
-118
-317
-251
-81
-14
-85
-218
-221
-60
18
-67
-174
-196
-59
86
70
-84
-140
-34
68
80
18
7
53
15
-1
33
87
111
50
1
36
79
91
29
-11
8
80
109
36
-77
-107
14
93
-2
-180
-223
-66
87
45
-209
-372
-217
82
184
-13
-318
-423
-153
198
198
-118
-325
-245
-19
177
117
-127
-296
-127
174
296
112
-179
-253
-2
276
290
42
-190
-136
149
285
155
-54
-110
28
149
99
39
-18
-15
26
54
-22
-109
-126
-31
44
-40
-166
-198
-105
-23
-42
-128
-186
-158
-106
-83
-101
-143
-181
-126
-50
-31
-110
-219
-200
-34
96
23
-184
-207
12
195
124
-70
-150
-41
155
266
136
-120
-208
-48
238
303
79
-253
-252
46
316
231
-154
-394
-129
266
304
-71
-462
-375
82
324
65
-366
-462
-155
180
146
-181
-422
-278
62
148
-91
-356
-288
43
174
-42
-276
-283
-29
215
115
-97
-124
-20
36
92
100
60
18
3
15
103
131
69
-1
56
133
101
20
-24
56
159
124
19
-42
-23
-10
-11
32
7
-97
-156
-73
54
-4
-189
-283
-167
50
126
-25
-250
-307
-100
138
113
-115
-249
-184
55
198
72
-207
-295
11
301
238
-71
-244
-58
255
303
64
-145
-106
120
282
192
-21
-117
10
217
202
3
-113
-61
113
190
55
-138
-185
-44
92
34
-92
-180
-175
-94
-28
-15
-74
-157
-195
-122
-29
-49
-200
-226
-75
55
-9
-188
-281
-141
60
128
-31
-177
-163
22
146
141
23
-102
-81
79
255
222
-35
-207
-79
194
334
105
-232
-229
80
284
191
-107
-284
-123
169
255
-21
-348
-312
14
227
80
-261
-362
-168
74
80
-121
-284
-199
-14
14
-119
-233
-125
30
30
-96
-184
-140
5
98
54
-40
-43
12
35
62
98
93
34
12
54
83
121
107
61
39
76
88
83
74
41
51
96
108
64
-49
-80
21
70
30
-85
-173
-103
47
56
-144
-287
-195
64
143
-30
-261
-318
-100
167
184
-63
-300
-264
57
259
123
-221
-312
-16
317
335
10
-286
-198
176
405
280
-66
-256
-53
285
348
101
-152
-138
131
310
163
-97
-129
23
185
121
-83
-168
-77
21
42
-27
-115
-162
-133
-57
17
-38
-132
-179
-146
-73
-71
-132
-123
-52
-38
-89
-155
-130
-83
-17
-4
-14
-68
-94
-2
130
144
-18
-141
-42
214
294
125
-162
-181
61
319
269
-35
-247
-139
158
291
96
-180
-231
-3
259
189
-167
-423
-222
188
274
-23
-380
-369
-74
150
74
-162
-316
-199
5
59
-54
-209
-213
-51
55
41
-84
-208
-122
96
181
44
-88
-67
41
131
120
59
5
19
49
94
137
136
60
30
70
135
105
20
-3
81
166
129
2
-73
-27
70
75
-42
-152
-122
-1
66
-23
-209
-261
-83
113
95
-90
-282
-247
4
172
62
-139
-233
-106
85
144
17
-135
-163
-36
206
259
81
-148
-125
102
288
231
-1
-156
0
262
276
90
-90
-31
146
184
64
-26
2
59
85
33
-64
-83
-39
2
5
-31
-98
-149
-119
-32
17
-63
-159
-167
-120
-29
-41
-130
-153
-92
-24
-63
-158
-178
-83
65
83
-53
-194
-138
121
247
103
-114
-157
24
277
289
70
-161
-156
46
286
309
40
-245
-212
98
345
222
-162
-319
-121
247
307
-46
-388
-354
12
303
157
-259
-446
-252
104
252
-25
-362
-363
-50
169
54
-232
-288
-66
127
51
-139
-214
-76
152
139
-8
-78
-4
84
115
71
35
32
62
95
110
85
61
74
134
120
42
-19
49
162
201
64
-52
-24
65
75
36
-15
-82
-77
-41
4
-2
-79
-187
-199
-63
71
63
-70
-237
-243
-39
153
115
-85
-238
-183
52
254
107
-241
-296
58
382
289
-67
-265
-110
227
385
217
-89
-179
19
290
300
83
-125
-102
137
258
169
-25
-126
-16
178
190
-35
-221
-162
19
123
21
-145
-218
-145
3
55
-31
-180
-235
-91
28
-21
-174
-195
-100
18
7
-133
-208
-129
23
89
12
-122
-115
53
179
125
-15
-123
-16
195
296
137
-129
-200
29
321
334
-14
-294
-157
185
339
143
-203
-276
-19
274
199
-148
-354
-226
104
237
8
-283
-347
-111
132
93
-176
-306
-184
36
57
-89
-221
-144
16
47
-53
-132
-133
17
109
54
-29
-20
7
78
130
113
34
-31
25
167
156
58
15
68
154
142
53
11
36
122
167
121
17
-53
-43
58
151
76
-145
-242
-67
156
127
-137
-333
-217
79
165
-2
-224
-246
-127
60
147
20
-167
-202
-65
110
160
9
-216
-179
110
295
199
-73
-192
-15
217
289
159
-48
-125
51
268
250
66
-85
-31
193
234
55
-109
-40
140
174
31
-143
-147
8
106
54
-87
-215
-192
-23
106
20
-174
-254
-153
15
37
-119
-255
-154
36
52
-101
-223
-173
-30
74
57
-64
-158
-70
131
197
85
-104
-140
67
308
275
-9
-208
-102
179
323
187
-95
-222
-30
209
246
62
-190
-218
13
249
216
-123
-387
-249
103
277
53
-304
-397
-147
148
148
-123
-364
-267
38
154
-30
-256
-217
-13
80
4
-154
-165
19
117
78
-17
-54
11
96
119
90
46
26
64
94
108
118
99
42
62
148
140
54
-50
19
196
244
61
-137
-159
103
282
78
-241
-280
-36
169
106
-135
-307
-198
59
154
7
-174
-248
-178
48
158
35
-140
-196
-63
98
112
-20
-148
-86
104
226
148
-26
-126
-20
169
278
153
-53
-94
100
266
198
9
-61
79
189
127
-9
-36
60
153
82
-61
-108
-47
49
40
-30
-116
-132
-84
-60
-24
-16
-98
-160
-161
-83
-12
-44
-140
-171
-99
-7
-1
-135
-210
-102
58
118
-28
-200
-98
160
232
68
-144
-138
94
336
279
-31
-227
-99
212
359
167
-169
-234
29
283
258
-4
-279
-222
98
344
189
-241
-421
-179
186
252
-44
-341
-346
-72
174
105
-205
-370
-189
107
112
-110
-286
-176
52
120
-25
-201
-191
50
194
93
-65
-75
-7
118
169
113
15
-21
36
142
187
118
2
16
141
192
119
-29
-20
118
202
127
-19
-55
24
94
96
-34
-137
-109
-4
59
18
-157
-248
-154
25
127
25
-144
-261
-176
39
162
62
-115
-233
-136
91
222
73
-188
-218
43
318
279
-71
-243
-19
266
298
115
-56
-69
125
229
156
45
0
45
138
114
36
-1
11
69
122
57
-67
-99
-70
21
54
-49
-166
-169
-60
42
-4
-121
-178
-162
-69
-10
-66
-150
-175
-80
6
-5
-131
-207
-130
57
147
-9
-190
-127
141
252
88
-154
-154
107
359
276
-62
-264
-98
261
423
167
-222
-304
54
377
260
-108
-313
-142
230
362
29
-374
-386
-26
288
170
-205
-390
-221
63
155
-19
-293
-308
-47
110
34
-181
-243
-83
22
18
-48
-134
-113
5
140
105
-17
-70
-20
105
182
145
14
-75
17
181
218
119
35
18
76
139
131
65
5
35
139
174
93
-58
-95
19
138
93
-125
-212
-61
92
68
-115
-265
-199
24
126
39
-134
-250
-199
26
152
101
-117
-264
-156
142
249
52
-247
-239
138
419
228
-194
-289
28
369
395
78
-223
-153
188
389
208
-89
-156
82
319
188
-62
-148
21
228
187
-66
-209
-106
60
99
-1
-127
-192
-125
-22
23
-16
-117
-194
-146
-46
-1
-69
-201
-162
-37
31
-29
-179
-207
-74
89
114
-36
-185
-102
144
266
62
-184
-144
174
404
220
-145
-262
-2
341
383
61
-267
-206
103
312
209
-79
-247
-118
155
244
37
-232
-303
-80
158
159
-115
-312
-272
-23
122
33
-191
-270
-148
34
43
-88
-201
-135
8
13
-46
-112
-112
27
138
66
-1
-24
-12
56
119
120
115
42
-1
27
129
211
129
24
24
88
128
122
47
34
91
125
72
-16
-31
55
88
-14
-159
-128
1
96
28
-162
-261
-149
48
122
-15
-181
-264
-140
103
188
16
-197
-253
-47
218
198
-78
-275
-128
220
374
129
-196
-195
103
344
290
-11
-189
-19
290
316
73
-116
-52
179
276
96
-100
-84
95
205
105
-97
-139
-59
19
44
15
-79
-166
-163
-56
43
-2
-130
-195
-144
-61
-18
-59
-118
-142
-92
-28
-30
-129
-167
-96
47
117
9
-151
-101
96
220
97
-100
-102
115
283
173
-41
-104
-11
152
248
133
-74
-145
-8
191
233
10
-258
-189
176
328
43
-332
-346
-34
240
133
-157
-317
-249
2
124
-13
-222
-251
-104
-2
22
-60
-159
-121
-49
-25
-19
-59
-72
13
46
38
50
12
-1
29
102
149
118
5
-48
73
188
199
69
-31
51
156
154
56
-5
69
165
146
23
-81
-26
104
113
-30
-148
-141
-8
78
15
-161
-229
-144
43
126
3
-212
-288
-114
167
210
-27
-269
-246
16
224
168
-111
-279
-100
256
381
85
-242
-200
152
395
265
-46
-159
-11
244
255
100
-24
-3
134
167
72
-15
5
97
157
74
-112
-169
-19
108
54
-76
-193
-167
4
74
-50
-184
-170
-67
-36
-69
-129
-143
-105
-16
-29
-106
-154
-120
-51
1
5
-34
-89
-59
70
165
100
-39
-93
15
195
271
131
-92
-164
27
271
320
62
-255
-217
137
371
223
-163
-352
-96
282
325
-19
-379
-359
17
286
136
-214
-394
-261
62
207
21
-300
-344
-91
151
96
-208
-335
-102
131
136
-84
-276
-161
138
241
86
-110
-169
6
239
253
79
-105
-73
108
230
172
57
7
66
144
142
82
10
28
113
142
129
51
-36
-70
50
114
2
-133
-153
-4
111
5
-203
-247
-87
83
73
-71
-200
-188
-26
114
72
-102
-205
-133
67
176
66
-182
-226
65
333
269
-97
-256
-47
277
341
130
-103
-104
107
268
209
12
-38
34
170
176
53
-48
-8
107
168
39
-134
-115
36
75
-16
-92
-123
-96
-60
-34
-43
-72
-123
-116
-92
-81
-87
-120
-116
-73
-21
-33
-91
-165
-165
-31
115
64
-107
-194
-3
218
221
11
-166
-89
178
341
175
-117
-170
23
245
287
75
-161
-139
76
229
172
-20
-182
-159
65
242
113
-187
-338
-165
137
216
-25
-321
-335
-94
150
120
-161
-330
-189
32
83
-49
-181
-184
-71
60
29
-104
-103
10
87
79
15
-59
-10
105
167
121
24
-21
50
166
167
102
24
22
109
204
141
-34
-53
92
229
183
17
-137
-72
94
168
21
-180
-168
-24
86
33
-160
-264
-154
38
124
40
-173
-306
-143
138
209
-23
-240
-222
27
229
129
-187
-261
11
316
343
-7
-297
-113
254
411
179
-152
-193
104
370
269
-29
-143
27
259
249
-17
-141
8
200
185
-7
-171
-105
33
61
0
-46
-102
-161
-127
-24
55
-38
-173
-208
-91
-16
-37
-131
-141
-101
-17
-17
-110
-168
-107
12
79
-9
-123
-106
79
201
120
-79
-137
64
285
268
11
-165
-81
144
290
197
-41
-175
-80
158
232
105
-114
-177
-34
182
155
-72
-265
-191
39
140
12
-213
-252
-134
8
48
-53
-187
-206
-103
4
4
-108
-167
-98
-11
16
-64
-107
-47
58
94
54
-2
-18
-9
84
156
151
51
-44
4
139
212
150
26
19
90
141
88
12
34
160
201
86
-86
-103
46
178
72
-142
-206
-75
94
105
-68
-268
-236
-33
133
86
-110
-266
-188
26
147
36
-135
-177
-69
76
130
17
-143
-118
94
221
175
-37
-119
29
176
206
109
21
20
98
157
111
50
74
111
108
48
12
57
95
78
38
-3
-33
-37
-30
-1
-6
-42
-93
-132
-91
-16
-25
-98
-143
-118
-67
-38
-111
-148
-100
-40
-25
-77
-130
-150
-91
15
69
6
-101
-105
64
179
107
-46
-99
25
227
264
73
-131
-90
88
266
234
7
-184
-110
131
228
123
-62
-196
-112
152
238
19
-253
-317
-88
189
147
-124
-343
-298
-23
194
67
-224
-325
-180
51
113
-63
-248
-184
11
97
5
-146
-158
19
168
122
-18
-96
-40
120
231
163
11
-73
9
171
215
119
15
28
116
147
91
-2
29
152
189
94
-60
-104
10
169
108
-143
-230
-70
152
132
-141
-350
-233
74
230
30
-245
-318
-114
155
185
-46
-234
-211
-14
175
156
-30
-213
-172
156
343
159
-133
-174
60
239
259
99
-49
-18
93
169
163
101
49
9
68
117
111
58
4
25
75
36
-35
-43
-64
-34
4
9
-75
-137
-131
-56
2
-3
-119
-225
-171
-18
28
-77
-175
-162
-31
29
-65
-166
-141
-7
68
10
-102
-92
111
198
71
-89
-89
86
259
208
-18
-144
-33
179
293
160
-85
-196
-26
199
210
31
-129
-152
11
218
157
-134
-326
-202
110
235
-22
-309
-330
-93
143
95
-156
-308
-156
38
48
-115
-233
-134
66
74
-76
-202
-146
57
160
77
-41
-69
-10
105
170
123
43
-4
6
112
168
139
64
32
56
140
160
90
4
4
134
202
112
-49
-119
10
177
102
-131
-246
-111
130
159
-83
-313
-252
8
152
82
-120
-291
-221
58
216
67
-194
-266
-73
171
217
-24
-265
-200
142
362
232
-108
-243
-38
271
364
171
-108
-154
89
304
244
19
-58
18
150
149
59
-5
10
93
98
22
-56
-75
-43
-4
25
-19
-115
-174
-117
6
23
-76
-198
-200
-74
18
-25
-144
-192
-93
34
-2
-149
-202
-98
57
105
-17
-158
-101
98
204
91
-83
-79
75
248
216
18
-125
-55
116
242
191
-15
-143
-82
88
257
155
-128
-241
-20
228
232
-110
-376
-242
103
237
23
-298
-353
-118
148
125
-133
-314
-226
-23
86
-23
-180
-173
-45
54
24
-120
-180
-41
130
134
25
-51
-62
40
165
195
80
-44
-36
92
213
198
49
-18
51
167
174
76
-11
3
143
231
105
-102
-144
14
181
127
-105
-241
-124
114
163
-87
-341
-284
52
256
89
-226
-361
-180
140
236
-3
-277
-267
39
272
160
-158
-303
-60
284
358
55
-245
-196
143
381
269
-37
-186
-33
264
325
117
-72
-67
103
230
161
-2
-73
2
157
196
-6
-192
-160
31
142
54
-140
-240
-132
48
85
-61
-212
-215
-103
-9
-35
-99
-134
-89
-54
-51
-54
-94
-179
-121
19
105
21
-106
-74
65
147
88
-10
-49
9
165
234
115
-63
-121
31
258
287
44
-215
-168
115
321
192
-152
-301
-68
290
266
-136
-413
-261
116
277
46
-290
-401
-183
144
197
-84
-330
-295
-50
129
30
-184
-209
-78
48
42
-93
-162
-54
125
142
32
-88
-57
64
193
213
63
-62
-49
119
246
185
34
-20
51
184
168
29
-37
39
161
183
88
-26
-101
-30
105
111
-62
-187
-104
73
95
-115
-307
-209
72
181
25
-256
-323
-100
198
204
-55
-286
-237
43
240
149
-111
-256
-50
219
268
94
-151
-118
122
252
187
46
-23
47
148
165
78
19
34
128
144
43
-16
40
98
110
58
-60
-106
-2
44
13
-70
-107
-81
-74
-91
-64
-34
-63
-111
-145
-103
-70
-54
-115
-125
-82
-16
-35
-127
-175
-83
37
91
-21
-132
-59
114
190
54
-100
-56
131
260
168
-25
-104
-38
149
256
169
-83
-199
-12
229
244
8
-210
-159
113
288
76
-304
-394
-78
284
232
-175
-423
-272
71
204
7
-313
-340
-68
143
58
-201
-262
-88
94
68
-100
-211
-107
107
185
32
-110
-66
62
142
134
76
46
33
53
85
119
130
119
83
46
77
94
98
78
57
81
129
101
-24
-56
32
100
38
-107
-154
-69
50
77
-97
-258
-201
12
118
39
-143
-264
-156
73
181
39
-203
-269
-25
230
205
-100
-297
-118
215
346
158
-143
-190
38
299
334
100
-153
-123
160
314
199
-27
-88
79
236
149
-20
-68
23
142
135
-14
-146
-106
9
79
46
-97
-184
-148
-35
73
-24
-154
-221
-116
-3
-24
-128
-164
-110
-42
-4
-49
-155
-182
-64
90
89
-61
-161
-48
130
202
54
-85
-64
115
243
175
-2
-96
-27
148
254
162
-90
-193
-21
196
245
64
-187
-232
35
284
189
-185
-413
-212
217
282
-106
-385
-304
1
166
24
-240
-262
-111
-4
-4
-75
-121
-73
-20
-44
-104
-106
-31
71
62
-11
1
42
51
36
80
129
100
48
30
60
114
155
111
57
44
103
125
85
56
57
117
117
29
-46
-30
76
123
11
-165
-196
-8
144
66
-204
-342
-177
127
204
-1
-280
-329
-97
185
207
-41
-272
-241
45
267
159
-158
-311
-38
322
370
36
-251
-186
156
398
273
-76
-183
14
296
287
38
-99
-9
227
237
34
-120
-25
159
224
82
-142
-198
-36
118
80
-39
-166
-197
-93
22
57
-55
-181
-197
-77
9
-71
-148
-145
-75
6
-17
-101
-189
-166
-30
91
55
-76
-139
-23
145
164
44
-52
-47
84
212
181
44
-52
-64
51
211
247
18
-186
-144
122
301
167
-159
-287
-47
250
222
-103
-371
-246
131
230
-16
-301
-347
-117
167
124
-162
-332
-218
25
117
-55
-220
-171
9
66
-21
-143
-147
50
141
76
-21
-54
-1
98
154
131
56
-12
33
135
150
107
59
78
108
115
68
52
78
90
87
107
85
-16
-43
34
72
8
-102
-151
-20
95
27
-188
-286
-129
126
154
-51
-283
-269
-32
172
136
-91
-235
-176
17
182
165
-95
-251
-104
213
337
135
-156
-203
59
345
328
30
-177
-52
229
295
114
-68
-37
145
227
102
-32
-42
66
138
73
-90
-125
12
91
8
-96
-155
-95
-20
-19
-77
-115
-85
-58
-85
-141
-134
-98
-42
-48
-91
-115
-104
-66
-58
-66
-25
9
-39
-63
54
128
88
-41
-72
53
207
209
56
-64
-45
76
174
171
52
-81
-88
36
155
182
29
-163
-163
99
255
61
-279
-333
-59
227
164
-155
-375
-246
30
156
-4
-263
-293
-58
85
-7
-171
-196
-47
48
19
-131
-178
-64
129
140
8
-79
-44
70
161
119
65
46
49
83
97
96
91
93
112
124
104
62
36
51
98
120
114
34
-46
-15
76
120
-6
-189
-184
11
169
11
-242
-277
-95
117
123
-57
-257
-257
-47
155
133
-61
-224
-160
34
197
120
-137
-231
-44
223
304
89
-183
-152
143
342
267
-7
-159
-14
232
285
117
-50
-41
126
196
103
-1
-26
37
117
99
-30
-134
-74
16
76
7
-120
-205
-139
-4
58
-30
-161
-202
-117
-26
-45
-115
-152
-99
-3
0
-134
-190
-103
12
90
28
-112
-145
43
183
138
-31
-96
3
180
238
114
-70
-101
21
200
271
128
-124
-185
-11
218
247
33
-230
-194
105
288
76
-260
-370
-91
233
203
-144
-392
-309
13
226
86
-258
-385
-164
89
124
-72
-228
-207
-20
135
19
-188
-196
20
203
167
-20
-149
-60
182
272
126
-78
-74
117
229
182
41
-36
38
191
205
73
-40
1
142
207
120
-37
-102
-23
117
118
-34
-176
-142
7
126
10
-212
-278
-92
118
92
-85
-246
-221
-24
154
80
-98
-179
-116
53
166
61
-163
-192
40
268
276
6
-202
-59
189
281
179
0
-88
20
197
235
113
0
-7
110
154
64
14
15
60
109
45
-95
-86
-6
28
24
-36
-113
-167
-119
-14
15
-31
-129
-199
-133
-33
-25
-96
-148
-125
-27
8
-81
-183
-144
25
105
-10
-155
-107
125
222
94
-129
-166
65
327
305
-17
-228
-76
232
322
142
-117
-204
15
233
182
11
-107
-87
-17
109
109
-29
-201
-220
-60
110
94
-88
-258
-266
-64
101
38
-186
-284
-153
43
57
-100
-215
-119
17
73
-39
-154
-133
42
162
106
-51
-81
11
165
218
101
-49
-54
90
225
185
47
-17
67
165
153
74
10
25
97
172
157
15
-105
-66
85
132
-6
-147
-152
-24
76
26
-156
-245
-143
51
111
-38
-219
-248
-63
141
149
-46
-225
-212
12
255
206
-156
-327
-31
328
361
36
-242
-159
172
395
254
-57
-195
12
309
293
48
-138
-1
227
255
62
-89
-80
86
202
74
-96
-143
-73
47
68
-20
-131
-182
-111
14
33
-61
-161
-201
-130
2
-7
-129
-166
-100
-18
-4
-95
-186
-125
28
101
-28
-160
-67
143
212
37
-153
-64
156
268
160
-43
-104
40
159
192
108
-43
-94
0
128
166
47
-107
-127
19
165
113
-132
-261
-189
91
202
-32
-298
-296
-44
99
-2
-178
-212
-82
-2
-52
-132
-155
-56
24
-29
-102
-113
-69
26
88
46
-8
5
3
25
100
158
98
15
-21
74
171
189
100
-2
33
168
190
65
-38
3
151
203
101
-60
-73
56
146
29
-154
-174
4
96
31
-147
-240
-146
17
91
14
-138
-241
-178
35
142
74
-125
-239
-135
108
216
56
-197
-237
66
375
263
-84
-259
-69
280
388
168
-132
-174
110
348
270
-21
-139
1
256
248
26
-110
-49
139
207
18
-153
-103
-3
45
21
-60
-151
-149
-61
15
4
-106
-164
-169
-68
-23
-77
-127
-122
-89
-37
-30
-103
-147
-130
-41
70
86
-38
-133
-14
132
158
45
-86
-15
161
233
113
-65
-109
31
240
283
50
-199
-161
103
284
166
-133
-259
-17
264
184
-137
-337
-226
107
225
-31
-248
-237
-81
4
-38
-106
-122
-80
-89
-116
-122
-57
14
-18
-116
-146
-86
11
85
59
-38
-51
45
98
67
48
65
96
74
53
45
93
164
141
61
14
86
158
145
44
-14
40
151
183
39
-86
-73
57
88
-9
-129
-121
-11
34
-38
-154
-190
-86
64
64
-86
-248
-196
26
179
43
-181
-212
-50
134
156
-16
-193
-123
129
285
167
-77
-188
33
280
300
87
-128
-92
148
327
231
-28
-126
12
206
229
71
-81
-81
116
248
88
-174
-218
-31
119
103
-51
-237
-219
-40
94
27
-151
-226
-143
-8
-3
-100
-169
-146
-25
25
-42
-158
-187
-93
59
126
3
-173
-137
94
247
127
-99
-149
70
318
289
-6
-230
-134
159
377
269
-123
-299
-61
287
319
16
-273
-228
118
349
126
-256
-375
-132
190
214
-86
-321
-270
-48
98
15
-168
-211
-117
-11
-37
-122
-142
-75
17
-16
-89
-124
-42
71
67
-16
-30
21
46
72
90
90
77
54
24
82
132
147
109
61
39
89
140
107
23
-3
93
186
137
3
-84
-25
76
78
-60
-160
-84
39
48
-57
-206
-206
-42
100
75
-115
-270
-219
35
192
94
-167
-297
-133
169
285
31
-275
-243
136
403
261
-165
-307
22
378
375
69
-184
-109
182
326
166
-40
-62
101
204
133
17
-42
17
145
125
-37
-136
-81
19
56
5
-85
-136
-119
-55
-23
-34
-74
-151
-161
-93
-50
-64
-88
-108
-100
-57
-36
-58
-107
-130
-59
20
76
3
-62
-24
62
123
72
-21
17
141
178
65
-31
-32
86
198
164
-17
-123
-32
120
190
50
-143
-118
77
191
35
-207
-256
-54
121
75
-133
-235
-142
-33
-16
-89
-154
-111
-26
-49
-145
-160
-67
36
-8
-100
-116
-76
4
82
31
-37
4
50
52
38
81
118
95
31
16
65
149
157
86
43
85
123
115
54
26
57
112
137
99
-5
-55
-6
93
76
-61
-153
-103
19
65
-48
-217
-236
-77
114
121
-84
-289
-271
21
260
140
-167
-342
-171
183
330
75
-319
-303
123
473
312
-148
-333
-39
352
426
123
-194
-174
152
387
279
-49
-182
24
261
232
24
-95
-54
116
192
31
-162
-152
-29
101
90
-89
-217
-195
-14
63
-34
-162
-189
-107
-9
-28
-133
-165
-77
-15
-54
-124
-122
-75
-43
-9
-2
-55
-56
29
139
109
-5
-74
9
144
248
174
-60
-165
-16
225
317
120
-167
-205
40
266
238
-57
-278
-137
190
312
-7
-327
-337
-24
262
146
-166
-325
-230
-25
94
-9
-178
-215
-121
-33
-6
-60
-128
-94
-64
-46
-32
-53
-37
11
72
31
3
0
18
81
105
97
55
26
57
92
123
139
116
89
47
61
75
137
127
47
-5
59
142
96
-14
-69
-7
33
-4
-53
-69
-45
-16
-54
-150
-162
-89
18
59
-38
-203
-232
-24
155
119
-96
-255
-159
142
279
24
-275
-200
146
385
210
-150
-233
26
307
347
104
-138
-98
146
283
179
-3
-53
76
189
101
-15
-8
75
151
78
-79
-105
-30
31
22
-21
-99
-157
-128
-42
3
-37
-99
-159
-164
-73
6
-29
-128
-184
-131
6
15
-103
-189
-126
23
89
18
-86
-55
73
141
70
-35
-33
115
232
165
-18
-138
-32
178
296
137
-116
-166
48
243
173
-49
-226
-115
158
214
8
-208
-251
-88
131
104
-110
-230
-205
-76
55
17
-151
-238
-150
-7
29
-77
-177
-105
-11
36
-45
-141
-101
44
135
72
-36
-54
13
101
139
120
44
-23
44
137
151
124
81
58
57
106
128
94
3
-2
114
213
150
-55
-145
-31
142
120
-72
-197
-86
69
57
-101
-233
-174
-20
70
28
-107
-212
-164
29
133
45
-149
-221
-75
145
194
-23
-244
-123
207
359
151
-184
-222
68
352
316
59
-150
-89
178
324
195
-40
-102
65
209
169
45
-49
-6
96
118
21
-103
-119
-10
75
25
-108
-208
-153
-27
54
-15
-151
-192
-136
-43
-35
-92
-123
-102
-51
-33
-54
-123
-144
-74
46
81
-36
-122
-28
112
147
64
-57
-37
103
238
175
-21
-120
-41
160
280
120
-142
-171
56
247
180
-49
-223
-123
172
230
-25
-265
-244
-35
179
108
-118
-280
-240
-39
86
12
-159
-233
-154
-15
12
-80
-157
-87
-3
-27
-62
-81
-60
51
71
24
7
-11
22
77
120
128
80
-19
1
125
202
155
50
2
68
113
124
96
51
40
101
136
73
-18
-45
31
88
10
-112
-117
-4
58
-4
-161
-212
-121
18
72
5
-142
-232
-155
60
167
54
-175
-256
-59
172
182
-40
-220
-108
179
275
119
-117
-113
52
259
259
71
-67
-13
140
251
150
-4
-38
89
188
131
1
-38
23
135
99
-26
-127
-85
31
79
-15
-128
-181
-114
-17
11
-59
-155
-163
-78
-37
-106
-144
-107
-25
-29
-81
-127
-149
-75
22
51
-32
-121
-87
84
181
108
-45
-87
24
187
221
102
-54
-72
17
199
242
68
-121
-124
69
225
148
-73
-218
-86
185
221
-34
-276
-273
-3
200
74
-171
-309
-208
32
117
-21
-230
-280
-112
58
55
-115
-214
-91
42
12
-99
-160
-43
120
127
5
-73
-31
85
143
138
71
16
-7
75
145
159
89
34
34
132
154
85
14
28
108
180
146
-1
-106
-40
107
141
-11
-163
-137
6
68
-29
-187
-219
-96
60
76
-18
-156
-247
-140
84
175
34
-196
-243
-77
182
231
-9
-248
-164
151
373
202
-149
-223
32
296
355
116
-158
-146
138
343
258
7
-121
-6
194
217
73
-84
-57
108
153
20
-133
-162
-43
109
79
-87
-220
-201
-52
74
42
-108
-231
-196
-70
14
-34
-128
-151
-115
-47
-4
-56
-156
-138
22
93
10
-115
-45
101
174
86
-56
-51
117
239
173
-17
-124
-29
192
325
128
-187
-230
36
273
235
-32
-241
-158
120
249
48
-250
-328
-85
195
164
-126
-352
-278
4
156
14
-237
-279
-99
43
18
-122
-176
-95
11
40
-66
-157
-76
80
100
61
-8
-44
19
123
168
92
-5
-11
82
147
176
108
54
58
95
84
60
51
79
124
127
86
-4
-46
18
100
64
-93
-158
-45
78
45
-108
-232
-179
6
109
-5
-159
-173
-117
-34
63
68
-33
-159
-167
-25
188
162
-105
-220
-43
243
310
63
-199
-121
154
317
235
17
-84
14
171
217
126
17
-12
104
153
85
24
12
43
90
39
-41
-47
-40
-40
0
11
-75
-163
-161
-53
34
4
-124
-233
-177
-41
42
-39
-159
-198
-89
25
3
-118
-193
-76
71
61
-82
-91
22
124
122
28
-27
30
131
175
79
-16
-52
22
158
219
93
-97
-133
43
194
149
-28
-173
-105
122
193
-14
-265
-264
9
185
48
-190
-302
-186
20
91
-22
-194
-241
-133
-5
8
-80
-96
-74
-70
-71
-64
-34
21
66
29
-27
-4
54
68
74
95
91
83
13
21
120
196
156
39
4
50
141
162
75
-10
26
148
150
53
-52
-17
60
65
-10
-89
-118
-68
11
28
-116
-204
-137
8
71
34
-130
-261
-178
83
212
65
-230
-325
-44
292
272
-118
-345
-125
307
415
94
-270
-202
164
422
290
-60
-210
-21
288
341
117
-107
-88
131
238
152
-8
-98
-2
171
146
-59
-161
-120
22
106
30
-147
-229
-131
8
55
-35
-200
-208
-88
-6
-33
-114
-155
-112
-42
-2
-52
-145
-183
-63
93
98
-39
-129
-44
103
175
77
-56
-48
109
237
165
-31
-136
-4
234
294
81
-195
-198
68
282
220
-88
-295
-91
247
262
-76
-381
-302
87
288
42
-278
-364
-156
90
131
-81
-295
-227
-32
74
-27
-187
-154
-22
33
-33
-122
-135
17
155
86
-79
-97
36
146
158
77
8
2
67
139
144
79
49
65
131
130
56
34
87
123
116
64
43
29
6
39
53
21
-65
-100
-66
36
27
-100
-208
-170
-13
90
39
-139
-262
-173
71
183
50
-178
-236
-95
133
199
49
-202
-219
39
307
294
14
-238
-141
192
380
268
-46
-174
-34
254
333
150
-88
-79
127
218
118
-33
-59
76
169
108
-81
-208
-100
102
144
-23
-225
-222
-70
49
38
-108
-206
-170
-55
-7
-38
-127
-156
-95
-20
-22
-84
-118
-117
-67
10
59
7
-38
-27
23
96
90
21
25
88
160
122
14
-47
13
168
226
84
-114
-144
21
239
235
-69
-289
-136
205
254
-20
-291
-306
-2
193
60
-193
-306
-154
51
50
-102
-242
-164
-4
37
-112
-228
-113
77
60
-106
-206
-130
99
183
29
-86
-41
41
99
105
95
67
36
41
83
118
134
91
69
55
66
86
109
102
74
82
85
56
19
5
16
56
4
-74
-106
-40
48
19
-144
-213
-107
26
46
-21
-114
-185
-148
2
117
50
-121
-220
-120
93
221
62
-184
-172
68
279
241
-19
-202
-50
218
319
189
-17
-106
29
226
247
94
-37
-6
120
178
123
-11
-72
43
150
103
-54
-129
-96
2
79
13
-144
-205
-131
20
58
-52
-203
-214
-109
-3
-14
-93
-152
-114
-57
-15
-53
-99
-128
-100
3
84
45
-26
-38
-4
74
115
71
25
53
102
153
74
-55
-44
139
230
86
-113
-125
49
242
171
-91
-270
-95
230
253
-61
-376
-304
66
257
84
-279
-400
-168
133
161
-115
-349
-249
32
115
-67
-250
-172
22
106
-31
-192
-171
62
186
74
-75
-81
49
139
122
71
41
22
90
138
99
70
71
114
139
91
41
42
71
121
119
68
37
18
32
45
25
-40
-83
-67
-1
36
-49
-138
-185
-80
31
43
-35
-153
-183
-97
69
102
-20
-178
-185
-37
167
179
-48
-246
-104
183
305
144
-100
-133
38
203
218
131
38
-5
68
157
153
104
57
43
45
89
148
74
-5
-7
45
44
-19
-29
-24
-30
-25
-63
-111
-90
-68
-61
-75
-96
-67
-80
-120
-141
-101
-41
-50
-105
-110
-73
-31
-69
-115
-79
20
32
-5
7
7
29
55
54
53
68
95
127
80
8
-17
59
184
181
2
-129
-84
92
217
124
-113
-233
-47
198
215
-90
-357
-246
68
202
49
-236
-344
-164
75
118
-84
-285
-215
-23
53
-40
-159
-168
-69
36
14
-88
-124
-21
109
106
-1
-61
-38
98
199
137
11
18
62
94
111
121
117
76
81
70
82
98
80
77
77
84
58
23
1
37
73
-4
-120
-117
-11
38
-7
-133
-216
-155
12
106
33
-178
-282
-139
132
173
-11
-212
-215
-17
189
198
-61
-278
-117
189
360
178
-177
-210
56
307
323
98
-115
-101
121
287
206
29
-56
29
169
179
76
-44
-31
88
151
54
-91
-133
-74
46
77
-38
-179
-188
-71
68
27
-141
-227
-176
-47
32
-43
-168
-174
-68
12
-19
-126
-190
-112
55
108
-13
-125
-53
85
149
64
-32
-10
135
176
102
-4
-3
48
99
148
113
15
-54
-39
35
150
118
-61
-159
-51
157
178
-73
-331
-280
50
238
60
-249
-358
-173
56
129
-62
-278
-260
-52
107
-5
-187
-187
-38
68
0
-162
-161
27
177
110
-39
-88
-21
104
212
154
23
-66
-8
149
233
186
38
-39
31
157
159
83
-2
42
136
144
81
-23
-68
22
115
50
-129
-146
-25
51
-11
-146
-196
-115
7
68
2
-138
-215
-134
51
145
28
-163
-217
-77
146
215
-19
-214
-138
121
315
215
-76
-188
-13
235
308
153
-37
-63
46
184
221
131
9
7
70
84
101
102
50
13
-2
-1
22
-18
-57
-38
-15
-29
-105
-152
-96
3
31
-70
-198
-212
-100
7
0
-109
-167
-106
-19
-27
-111
-152
-82
14
48
-25
-74
-25
78
136
51
-16
-13
70
177
164
73
-15
-54
18
195
243
66
-160
-170
57
278
212
-93
-295
-106
201
224
-43
-357
-306
92
250
14
-308
-358
-100
143
95
-159
-305
-220
1
108
-31
-222
-212
-49
87
47
-109
-163
-44
107
133
38
-54
-67
80
178
189
83
-47
-26
104
202
179
69
-15
40
132
192
100
-20
11
138
184
82
-43
-70
0
88
24
-91
-136
-38
61
-3
-162
-212
-95
53
55
-40
-171
-213
-100
103
154
-41
-230
-194
34
248
128
-199
-261
23
327
310
2
-231
-101
188
287
176
11
-36
56
151
161
114
80
42
62
64
96
93
52
36
48
40
3
-48
-51
-17
0
-6
-77
-129
-126
-55
-1
-32
-121
-168
-109
-48
-55
-107
-114
-99
-71
-67
-62
-79
-107
-63
0
2
-38
-37
36
71
66
28
21
33
83
128
128
54
-28
-29
83
230
195
-28
-184
-82
170
259
117
-191
-264
8
265
188
-126
-384
-270
89
250
71
-262
-407
-185
153
172
-127
-342
-256
10
131
-6
-231
-226
-49
86
76
-111
-187
-57
124
161
54
-88
-83
81
223
224
46
-114
-44
152
264
185
4
-64
59
204
199
46
-70
-2
183
262
76
-137
-116
61
183
45
-180
-210
-22
143
28
-207
-276
-82
117
109
-103
-259
-222
-3
140
115
-102
-232
-140
75
183
82
-131
-202
-4
245
293
61
-173
-140
104
316
281
31
-131
-40
180
290
174
-14
-65
38
175
180
84
-44
-36
86
124
30
-79
-106
-74
22
72
-27
-188
-191
-73
39
28
-101
-203
-186
-84
21
-24
-135
-170
-124
0
9
-91
-204
-133
72
135
8
-149
-96
90
188
110
-46
-82
74
257
217
29
-147
-82
161
328
182
-129
-260
-68
260
329
43
-303
-258
112
331
122
-264
-375
-113
171
166
-83
-311
-289
-70
110
45
-171
-260
-162
3
44
-70
-170
-134
-47
29
5
-106
-122
-5
99
116
57
-43
-65
58
211
201
39
-89
-15
178
288
147
-43
-47
83
202
169
20
-45
55
182
190
17
-118
-58
123
123
-40
-183
-138
30
102
-5
-218
-242
-90
74
106
-32
-229
-250
-33
176
129
-110
-284
-192
106
299
128
-237
-275
23
334
342
-20
-277
-88
258
343
157
-71
-84
56
228
225
84
-22
2
117
154
123
50
-50
-12
96
145
25
-110
-129
-46
52
64
-61
-204
-202
-40
90
27
-164
-269
-183
-20
57
-35
-180
-195
-78
6
-1
-86
-180
-141
16
101
10
-76
-29
103
116
20
-28
33
140
173
89
-23
-11
26
140
213
106
-80
-147
-6
212
236
-31
-268
-165
168
284
27
-329
-341
-27
242
137
-174
-348
-246
-2
124
24
-214
-298
-148
39
75
-77
-192
-163
-67
72
45
-81
-140
-54
98
139
54
-20
-41
86
172
151
71
-26
6
96
178
150
84
28
60
119
153
79
2
21
111
140
70
-50
-20
66
65
-44
-138
-81
17
6
-56
-146
-159
-79
34
39
-66
-184
-199
-9
168
86
-137
-244
-110
127
215
-2
-243
-144
140
294
181
-77
-164
43
219
227
110
1
1
88
165
140
68
39
80
119
105
31
26
69
94
67
6
-60
-53
-21
-19
-22
-13
-66
-126
-141
-71
-13
-37
-92
-142
-170
-108
-21
-12
-88
-156
-139
-51
5
-63
-154
-124
6
86
46
-49
-80
31
143
112
-14
-47
86
203
175
-2
-101
-6
187
293
115
-180
-221
38
291
279
-41
-324
-200
184
340
54
-317
-418
-95
273
227
-126
-398
-328
1
192
72
-214
-367
-222
81
169
-42
-278
-278
-21
188
83
-183
-224
-2
208
178
-22
-135
-64
161
259
134
-38
-73
58
191
190
105
29
46
104
147
104
29
7
69
145
147
56
-63
-59
45
96
-24
-142
-117
11
64
-26
-174
-211
-104
46
81
-36
-199
-247
-54
162
139
-68
-242
-178
50
238
103
-186
-184
77
278
206
-64
-163
27
220
263
128
-30
-47
82
213
174
45
-12
79
179
109
9
-22
21
123
161
33
-138
-116
-12
61
49
-55
-151
-162
-99
13
11
-68
-166
-168
-123
-41
-10
-51
-140
-147
-81
-24
-23
-97
-155
-83
37
68
-5
-65
-13
79
122
40
-46
14
172
206
96
-53
-78
27
221
243
37
-174
-129
105
271
158
-94
-235
-97
175
221
-13
-260
-273
-29
143
67
-118
-270
-253
-67
91
49
-129
-254
-215
-54
68
-6
-143
-179
-81
20
16
-82
-93
23
88
82
33
-25
14
81
126
121
50
3
44
137
168
113
51
65
96
105
73
16
47
135
160
75
-44
-59
6
123
102
-69
-192
-132
46
71
-68
-196
-179
-62
40
52
-49
-197
-229
-43
163
150
-81
-251
-186
63
249
93
-195
-194
72
304
228
-44
-163
-5
207
262
138
-19
-35
98
197
156
44
1
65
158
160
65
-54
-44
97
194
86
-116
-195
-48
103
87
-76
-238
-193
-3
102
4
-149
-214
-149
-35
-16
-61
-161
-150
-59
4
-46
-123
-138
-100
-4
53
-1
-63
-47
47
122
92
-13
-72
60
216
181
37
-76
-40
80
214
202
-14
-165
-98
135
264
137
-136
-250
-28
220
167
-98
-314
-203
64
154
-21
-195
-246
-148
-4
23
-49
-166
-189
-124
-39
-2
-55
-100
-113
-113
-31
29
-7
-54
-52
40
119
93
-13
-61
47
188
198
45
-60
14
139
210
154
42
-10
37
124
195
104
4
6
77
149
106
-22
-70
41
69
-35
-132
-99
3
67
-26
-198
-252
-57
114
88
-123
-286
-192
100
255
28
-299
-280
48
278
163
-172
-313
-45
318
366
52
-262
-185
185
407
243
-54
-173
-4
270
305
94
-84
-28
134
224
140
-26
-79
37
170
149
-35
-168
-115
48
103
10
-137
-193
-102
-8
6
-65
-149
-150
-78
-47
-92
-122
-100
-79
-84
-78
-57
-55
-99
-133
-96
28
95
17
-72
-45
80
115
55
-9
13
129
205
112
-57
-91
28
239
228
5
-200
-112
126
271
177
-97
-297
-146
189
255
3
-318
-336
-22
226
165
-142
-400
-299
8
217
82
-243
-372
-201
93
153
-38
-240
-241
-39
136
68
-137
-148
-4
148
170
43
-97
-68
115
243
166
-8
-72
22
163
228
138
24
23
75
117
134
81
16
54
134
115
-1
-55
15
93
44
-81
-127
-88
-3
35
-44
-173
-191
-61
79
63
-100
-253
-205
36
228
77
-180
-280
-115
163
251
11
-250
-171
131
350
216
-101
-214
-1
269
324
128
-96
-79
140
272
156
-13
-57
106
192
97
-22
-12
88
140
63
-50
-94
-43
9
17
-26
-69
-123
-126
-94
-39
0
-49
-132
-166
-132
-72
-51
-54
-91
-122
-93
-49
-50
-111
-103
-12
55
12
-86
-57
76
134
75
-44
4
154
186
98
-11
-32
20
105
167
155
3
-116
-76
119
236
121
-156
-268
-16
287
226
-149
-418
-261
141
285
30
-297
-405
-148
159
166
-132
-347
-247
16
125
-44
-232
-188
-30
89
35
-149
-191
-9
151
126
20
-44
-29
59
153
155
66
-32
2
118
180
170
68
38
67
94
107
106
65
45
73
83
88
33
0
17
46
-4
-99
-102
-15
48
-20
-147
-154
-93
-37
0
11
-62
-175
-193
-26
145
104
-106
-252
-142
133
245
25
-206
-176
78
313
247
-56
-189
-44
225
331
178
-50
-110
64
254
208
46
-18
53
152
112
36
6
27
80
87
0
-70
-68
-42
12
28
-56
-158
-168
-53
38
-12
-124
-177
-149
-74
-31
-73
-102
-105
-106
-67
-35
-32
-102
-153
-67
31
63
17
-39
-29
66
106
62
38
49
80
130
135
33
-50
-7
155
207
63
-99
-117
61
208
163
-57
-229
-75
183
176
-70
-297
-270
22
213
84
-190
-349
-234
7
141
36
-219
-316
-180
63
109
-49
-194
-204
-54
84
17
-98
-98
33
112
77
-30
-79
45
206
190
38
-65
-4
143
198
144
77
26
27
103
148
127
42
36
79
117
76
12
-19
-17
58
44
-53
-105
-82
-26
-5
-45
-138
-171
-96
45
79
-51
-235
-242
12
224
109
-177
-303
-109
220
281
-28
-322
-173
213
398
179
-161
-219
28
299
345
104
-153
-103
172
325
194
-40
-114
72
245
186
-33
-109
32
213
171
-64
-213
-130
72
173
37
-186
-273
-144
32
77
-46
-177
-185
-90
-38
-64
-97
-137
-109
-51
-29
-57
-120
-150
-61
30
14
-24
-21
-15
27
99
96
34
5
37
147
178
76
-51
-83
59
251
239
-33
-229
-89
212
288
75
-215
-244
53
281
146
-174
-397
-203
148
219
7
-266
-340
-153
78
124
-63
-267
-283
-61
96
48
-146
-252
-132
61
103
-48
-168
-99
79
181
120
-62
-137
0
217
265
93
-93
-75
121
263
210
42
-40
25
165
168
88
-5
6
89
189
125
-26
-134
-9
146
96
-109
-208
-83
64
53
-106
-219
-153
-4
54
15
-121
-238
-145
72
131
26
-153
-213
-61
201
207
-87
-272
-124
224
374
148
-176
-191
83
334
296
54
-159
-91
184
326
169
-26
-53
71
173
108
20
-11
67
144
56
-87
-127
-9
69
4
-65
-123
-120
-74
-13
-25
-99
-153
-130
-79
-69
-79
-92
-96
-75
-67
-75
-76
-82
-108
-81
0
32
-2
-31
16
54
46
28
51
69
104
119
105
48
-12
-8
73
181
161
-11
-129
-41
139
205
44
-158
-171
64
216
88
-200
-329
-118
140
135
-46
-251
-277
-94
72
59
-112
-240
-205
-76
17
2
-95
-135
-93
-23
-6
-54
-55
7
50
61
62
-4
-49
35
198
190
41
-83
-11
171
246
139
9
-27
92
184
177
59
-19
21
98
164
106
-28
-81
-4
75
40
-87
-140
-50
48
8
-126
-214
-147
9
98
28
-163
-287
-149
116
211
6
-227
-271
-32
239
228
-67
-285
-133
206
367
175
-156
-208
30
325
334
110
-97
-117
88
271
225
57
-33
16
111
157
98
-20
-31
61
146
46
-127
-144
-34
71
47
-81
-207
-194
-13
89
-4
-189
-263
-135
27
19
-108
-180
-125
-36
-4
-62
-142
-150
-79
53
70
-8
-100
-43
79
133
90
7
-21
46
167
213
85
-99
-121
97
307
238
-81
-260
-101
221
344
76
-293
-299
108
322
121
-272
-398
-96
224
163
-124
-333
-295
-44
135
94
-152
-315
-232
8
97
-9
-138
-174
-120
21
67
-54
-127
-37
94
135
69
-45
-78
61
208
182
41
-67
3
132
205
155
66
2
24
127
184
119
2
-28
75
171
165
-8
-120
-65
76
96
-21
-118
-119
-19
10
-82
-182
-145
-14
74
39
-158
-271
-113
151
173
-55
-248
-213
24
243
173
-130
-275
-62
258
356
98
-191
-157
63
303
334
89
-143
-116
142
334
229
-7
-100
31
181
176
46
-69
-10
146
109
-29
-112
-91
-23
55
34
-117
-196
-131
-11
46
-48
-145
-183
-135
-68
-46
-41
-118
-148
-89
-18
-22
-112
-171
-75
66
70
-36
-116
-18
143
152
23
-76
-4
164
214
112
-48
-92
36
204
265
65
-165
-132
75
230
173
-68
-235
-91
202
236
-38
-286
-279
-28
191
117
-144
-313
-248
-44
117
29
-155
-269
-184
-27
43
-25
-131
-150
-85
11
3
-72
-74
35
107
53
-17
-34
18
99
147
122
54
11
50
110
144
135
88
36
37
109
163
128
-3
-46
76
218
161
-74
-153
-8
126
81
-90
-172
-97
40
43
-127
-216
-123
51
85
-48
-230
-249
-18
203
120
-129
-281
-150
122
272
72
-243
-224
29
285
293
44
-167
-108
106
272
238
56
-81
-6
167
237
124
-5
6
96
140
71
42
60
66
46
-5
-40
-14
-34
-69
-18
20
-24
-113
-182
-116
-23
24
-76
-177
-174
-77
-2
-30
-124
-155
-123
-41
-14
-93
-138
-68
8
72
23
-61
-42
64
88
58
40
40
89
145
120
34
-55
-11
150
229
97
-105
-140
38
211
204
-19
-224
-165
135
246
56
-275
-345
-37
226
133
-178
-331
-225
-14
91
-6
-184
-226
-125
-26
-4
-86
-110
-103
-47
13
-47
-89
-54
45
96
46
-27
-36
36
126
139
110
49
-11
32
138
175
140
75
35
62
117
118
89
15
25
115
158
53
-63
-53
35
76
21
-82
-103
-63
-32
-33
-83
-163
-137
-3
90
-15
-178
-266
-69
161
155
-74
-270
-212
91
308
112
-245
-260
54
350
289
-58
-235
-55
219
318
183
-19
-96
15
213
270
169
-40
-95
58
212
196
68
-67
-64
53
139
73
-72
-155
-108
24
83
-25
-175
-209
-87
45
25
-109
-207
-187
-47
3
-47
-132
-151
-86
-17
-40
-104
-141
-92
23
77
8
-37
-6
26
56
92
70
48
38
75
120
100
-20
-46
113
249
159
-111
-202
-10
226
251
42
-229
-216
69
254
94
-217
-366
-114
168
136
-54
-256
-284
-135
40
94
-73
-217
-241
-126
28
68
-47
-177
-148
-28
23
-10
-41
-13
1
51
79
42
24
49
99
127
100
32
-10
53
171
240
147
-23
-52
86
215
170
46
-63
11
176
181
16
-115
-65
48
69
-64
-138
-64
17
-13
-128
-189
-98
10
63
-46
-216
-213
-10
179
119
-122
-288
-151
138
284
55
-255
-182
109
309
240
-58
-180
-13
178
274
185
9
-72
19
206
240
109
-35
-17
126
196
102
-58
-89
80
208
99
-141
-213
-37
116
98
-70
-233
-195
-26
58
-8
-137
-197
-157
-38
-16
-82
-145
-116
-68
-48
-53
-73
-142
-110
-5
47
-15
-57
-17
56
92
56
1
16
69
132
145
106
-20
-73
37
220
249
40
-202
-152
117
290
157
-123
-249
-64
196
184
-50
-288
-253
11
146
43
-112
-258
-229
-84
74
49
-137
-274
-185
9
73
-44
-169
-172
-68
51
39
-76
-77
0
54
89
60
9
-30
50
177
198
66
-45
-18
121
235
207
39
-42
42
154
144
81
27
28
97
124
62
-27
-46
11
58
6
-85
-102
-42
-3
-63
-158
-146
-39
25
21
-50
-192
-241
-61
165
179
-73
-285
-216
96
325
125
-235
-307
32
390
349
-32
-281
-150
210
399
265
-12
-166
-51
211
314
168
-44
-77
47
170
177
47
-38
-17
72
100
-25
-101
-88
-15
40
9
-116
-163
-140
-46
-3
-25
-130
-159
-136
-74
-39
-51
-114
-138
-68
-11
-43
-140
-131
-25
39
7
-28
11
37
11
12
94
127
83
31
51
98
75
35
32
101
166
81
-52
-111
3
174
182
-25
-219
-73
144
179
-25
-256
-265
-4
147
40
-157
-268
-207
-30
99
10
-193
-244
-152
-16
25
-44
-97
-147
-74
20
24
-79
-78
-24
80
170
72
-83
-82
102
265
201
-17
-137
31
257
255
83
-67
-8
158
203
105
-25
-24
91
188
157
-12
-101
-42
65
62
-6
-88
-96
-63
-37
-45
-85
-131
-109
-25
50
7
-169
-262
-87
147
169
-69
-260
-182
80
249
80
-187
-159
56
253
241
-19
-132
-45
135
272
232
54
-101
-71
148
312
237
0
-129
-1
201
220
43
-79
-32
112
137
-16
-133
-113
-18
67
2
-138
-200
-107
23
39
-82
-185
-167
-102
-38
-16
-94
-157
-112
-32
-12
-75
-151
-105
-10
49
33
-81
-67
74
133
91
-7
-37
39
170
211
85
-75
-95
87
278
233
-62
-239
-77
234
312
63
-280
-264
114
351
111
-267
-381
-122
184
185
-68
-305
-295
-95
73
71
-93
-236
-224
-70
42
3
-142
-181
-105
17
50
-44
-133
-73
102
136
15
-59
-45
93
216
163
1
-57
47
179
181
95
41
78
110
82
73
95
92
75
48
74
92
46
-11
-7
25
-3
-46
-91
-70
-8
-12
-98
-147
-113
-42
31
16
-109
-238
-167
55
195
76
-198
-317
-109
221
308
11
-268
-204
117
333
217
-72
-148
-29
160
301
232
-5
-121
-3
208
279
161
-28
-69
71
165
148
35
-51
-17
93
83
-16
-107
-115
-9
97
26
-173
-250
-114
53
57
-71
-195
-211
-122
-13
27
-70
-177
-169
-61
14
-20
-133
-162
-54
74
65
-31
-48
13
73
97
69
2
5
95
170
118
3
-43
49
195
171
-3
-162
-69
170
246
48
-212
-186
115
286
63
-284
-329
-68
211
156
-129
-305
-251
-10
94
-6
-184
-255
-115
15
13
-135
-167
-96
1
33
-57
-136
-84
31
111
48
-11
-39
31
143
171
89
19
-10
55
136
167
147
71
22
45
137
171
81
-11
-12
110
201
126
-47
-115
-22
114
93
-59
-164
-103
-3
20
-86
-160
-126
-54
20
24
-72
-208
-197
-2
181
119
-148
-291
-141
189
296
-2
-291
-213
151
406
239
-103
-236
-51
257
369
190
-99
-169
54
312
305
67
-142
-45
174
240
97
-59
-69
79
156
59
-118
-155
-37
52
59
-73
-211
-158
3
40
-73
-159
-126
-109
-93
-77
-58
-68
-88
-124
-114
-46
-37
-69
-76
-61
-12
16
27
17
5
23
62
78
59
63
110
116
71
-21
-25
91
234
189
-76
-199
-40
220
263
8
-246
-162
139
234
16
-224
-237
-65
107
41
-105
-187
-172
-94
-30
-27
-91
-143
-132
-80
-68
-80
-74
-53
-84
-52
-18
-44
-58
8
64
61
40
0
-39
38
160
192
95
-27
-27
101
213
216
92
-39
-13
109
193
153
36
-31
9
139
178
67
-74
-82
-4
37
7
-62
-83
-64
-64
-88
-110
-102
-72
14
44
-76
-231
-214
44
225
111
-205
-337
-115
269
305
-60
-317
-161
193
397
194
-156
-229
22
298
366
137
-117
-157
77
309
314
88
-133
-105
143
279
169
-57
-132
1
158
126
-76
-163
-99
20
88
-9
-187
-208
-69
43
6
-118
-182
-142
-101
-60
-33
-31
-115
-174
-121
-11
27
-66
-158
-113
40
104
45
-43
-56
13
100
113
46
32
121
159
60
-87
-17
156
235
109
-133
-173
74
303
192
-125
-287
-65
253
228
-132
-327
-194
105
172
-51
-225
-200
-84
-24
-44
-81
-123
-113
-113
-77
-41
-97
-118
-71
-18
-31
-67
-115
-44
93
99
-10
-46
2
90
136
105
57
52
53
82
97
102
112
131
99
45
52
125
141
40
-37
42
193
182
1
-136
-64
59
101
1
-128
-159
-35
9
-40
-141
-164
-78
61
73
-111
-261
-191
72
223
69
-225
-320
-50
286
291
-92
-368
-189
252
460
209
-226
-301
33
415
399
60
-222
-142
194
393
241
-72
-206
37
300
278
-16
-223
-65
229
259
-22
-254
-185
36
159
69
-170
-271
-136
58
72
-66
-210
-195
-101
-3
-36
-101
-151
-148
-84
13
28
-72
-205
-168
27
129
54
-113
-125
42
192
155
-25
-97
55
246
223
17
-145
-87
163
322
169
-135
-223
-5
250
240
-10
-238
-149
140
211
-2
-210
-234
-38
78
25
-67
-154
-173
-128
-66
-17
-39
-124
-160
-112
-36
-62
-92
-67
-49
-35
-55
-69
-35
37
34
46
17
23
43
82
84
118
92
40
45
79
117
150
139
65
17
31
114
165
105
26
16
96
118
37
-27
-17
-3
-25
-44
-43
-42
-38
-87
-109
-79
-49
-64
-51
-22
-93
-187
-121
71
137
19
-190
-236
-31
221
181
-104
-239
-38
245
315
57
-182
-119
122
280
252
61
-72
-11
141
210
183
56
-9
20
98
155
93
-23
-7
86
81
-32
-92
-65
-20
42
17
-125
-175
-103
-15
16
-68
-153
-167
-97
-34
-47
-105
-136
-118
-65
-37
-61
-98
-127
-58
43
59
-9
-91
-49
70
156
70
-26
6
117
174
128
4
-92
7
199
273
73
-168
-144
73
255
167
-94
-237
-63
209
194
-51
-260
-266
-11
152
87
-130
-273
-213
-52
71
36
-133
-271
-212
-29
63
-9
-149
-185
-70
39
2
-89
-74
-5
83
76
44
-6
-35
87
189
139
31
-32
50
131
204
169
67
-6
5
93
186
148
32
-37
33
188
160
-20
-104
-42
60
74
-16
-103
-110
-68
-30
-49
-122
-129
-79
9
30
-73
-213
-172
55
181
32
-208
-239
-20
223
177
-107
-235
-68
226
333
91
-156
-123
82
272
287
89
-74
-50
116
230
204
58
-49
12
131
155
80
-18
-9
105
97
-57
-120
-32
23
40
-53
-160
-179
-53
40
-11
-131
-184
-124
-58
-60
-94
-116
-97
-46
-51
-91
-98
-99
-72
-23
27
-25
-64
-21
62
108
57
-40
-45
98
207
172
16
-49
-19
83
176
189
52
-126
-117
85
226
152
-79
-227
-87
197
230
-39
-323
-305
-12
227
131
-147
-328
-274
-43
119
56
-172
-287
-160
17
49
-84
-181
-141
13
71
-62
-161
-74
103
118
21
-42
-17
65
133
128
65
30
30
78
169
174
108
28
14
87
159
126
35
4
53
144
185
60
-97
-74
48
109
-7
-116
-116
-18
16
-51
-155
-178
-74
38
57
-46
-184
-223
-73
108
153
-3
-195
-233
-23
220
200
-55
-216
-128
161
339
202
-55
-200
-95
238
425
260
-91
-248
-22
311
393
109
-176
-124
131
294
162
-78
-131
38
150
64
-95
-116
-55
27
27
-117
-192
-122
-6
-1
-52
-126
-160
-153
-87
-23
-33
-99
-163
-118
-63
-5
-39
-116
-120
-23
36
27
14
29
3
29
52
82
86
97
78
73
47
18
45
134
144
39
-92
-70
104
196
101
-66
-168
-69
148
160
-57
-256
-243
-2
167
57
-143
-255
-216
-69
37
13
-121
-205
-167
-50
9
-37
-105
-136
-56
20
-17
-92
-84
31
115
104
4
-61
-9
142
203
109
-10
-36
91
211
190
51
-18
25
148
199
121
-16
-24
85
179
144
11
-74
-28
68
62
-53
-128
-72
2
0
-82
-155
-162
-73
25
49
-73
-217
-205
21
172
90
-126
-260
-146
135
259
29
-212
-189
53
320
284
-33
-208
-58
184
271
193
38
-59
-2
151
252
167
4
-72
16
169
197
77
-64
-48
73
134
10
-137
-125
-47
86
52
-145
-228
-141
19
54
-63
-182
-217
-113
0
-10
-112
-185
-122
-13
29
-70
-153
-124
-21
61
18
-65
-59
28
127
112
4
-25
71
169
155
46
-39
-25
94
218
186
-29
-135
-48
125
187
113
-74
-206
-49
188
162
-67
-263
-213
-7
126
32
-129
-230
-201
-64
41
25
-131
-235
-190
-51
34
-20
-89
-102
-140
-78
10
13
8
12
-14
29
81
47
-9
46
130
167
81
-7
14
116
169
146
72
40
41
109
138
88
41
50
102
122
28
-34
-15
26
20
-51
-95
-28
14
-37
-120
-135
-94
-62
-32
-5
-42
-141
-169
-68
93
102
-70
-214
-133
73
200
76
-150
-172
20
254
250
39
-120
-87
105
295
233
40
-84
-35
140
285
209
-21
-97
68
195
173
11
-76
4
116
89
-29
-118
-89
1
39
-23
-126
-165
-80
-11
-11
-79
-126
-157
-155
-86
-21
-7
-78
-179
-142
-8
44
-67
-185
-142
29
115
47
-42
-71
20
123
116
29
-13
87
183
133
4
-92
4
211
245
37
-160
-128
126
255
105
-141
-214
2
203
113
-96
-245
-181
26
111
31
-128
-254
-226
-60
92
33
-177
-279
-166
23
64
-67
-175
-158
-22
61
-19
-122
-102
53
153
80
-48
-59
39
169
167
63
6
27
84
131
168
145
61
-28
12
157
238
125
-52
-66
96
209
107
-45
-96
-25
28
18
-23
-73
-71
-56
-73
-93
-114
-82
-15
6
-52
-143
-142
-36
74
66
-73
-164
-127
50
194
78
-149
-150
62
247
206
-15
-112
-36
140
261
220
47
-72
-22
151
219
164
31
-33
42
124
163
76
-35
-33
72
94
-1
-85
-112
-55
46
13
-110
-192
-130
7
44
-55
-185
-226
-127
1
17
-109
-198
-154
11
94
-33
-249
-259
-8
214
129
-148
-214
11
250
207
-29
-134
21
258
249
15
-163
-99
162
352
222
-124
-283
-67
260
339
57
-280
-261
98
297
120
-195
-334
-161
122
157
-15
-224
-297
-160
46
95
-79
-240
-186
-52
-4
-59
-100
-84
-75
-56
-53
-62
-44
32
71
33
0
18
36
48
97
148
110
34
5
64
109
183
173
74
-23
20
144
191
117
-19
-33
78
175
96
-34
-50
-13
21
-25
-64
-52
-47
-56
-90
-128
-83
-23
2
-41
-130
-187
-103
68
101
-1
-151
-185
-32
136
156
-44
-203
-85
153
268
128
-74
-80
52
149
203
156
73
-11
16
106
155
172
97
-3
-8
48
142
171
39
-67
-23
52
41
-26
-101
-74
12
34
-88
-183
-158
-39
43
-5
-158
-255
-174
-4
75
-30
-194
-242
-89
71
51
-140
-231
-78
110
154
-21
-139
-67
93
180
100
-20
9
158
165
59
-61
-48
126
267
188
-85
-223
-61
214
297
85
-243
-259
34
280
178
-161
-374
-254
112
238
37
-239
-330
-173
39
94
-31
-215
-262
-127
20
69
-45
-176
-181
-28
69
-5
-114
-70
60
94
48
-3
-8
82
145
100
34
29
92
123
99
100
132
119
29
18
71
141
137
94
12
47
97
51
-26
-35
10
41
-15
-80
-115
-44
26
-65
-181
-183
-51
109
52
-135
-308
-194
109
248
69
-268
-333
-30
300
267
-113
-319
-102
247
356
122
-161
-172
68
255
277
114
-51
-55
60
215
257
123
-50
-67
93
213
152
-28
-118
24
169
106
-110
-173
-42
79
67
-89
-221
-168
-23
42
-39
-142
-158
-139
-90
-43
-11
-52
-130
-196
-99
22
32
-114
-197
-92
84
147
26
-113
-106
83
200
137
-15
-63
83
252
194
-41
-165
-19
249
326
38
-248
-201
115
347
214
-173
-356
-64
300
254
-133
-419
-277
143
251
29
-256
-369
-207
76
162
-12
-262
-326
-124
98
80
-100
-228
-152
28
88
-25
-131
-65
49
100
83
11
-33
31
117
152
129
45
12
45
97
175
165
54
-19
53
161
189
75
-45
7
152
174
28
-105
-78
57
78
-22
-124
-94
6
-28
-96
-146
-130
-43
44
15
-141
-227
-121
82
166
7
-200
-218
-17
219
163
-110
-224
-49
185
285
108
-82
-91
31
227
258
125
-31
-45
85
223
210
79
-30
-7
102
150
119
-6
-30
27
83
46
-50
-70
-34
-19
-19
-80
-117
-119
-78
-17
-32
-96
-165
-160
-103
-29
8
-57
-174
-188
-48
68
-38
-209
-171
24
124
49
-95
-90
63
149
113
-11
-57
56
198
204
56
-106
-99
107
316
235
-98
-285
-93
261
362
77
-298
-348
73
383
202
-256
-490
-178
260
281
-43
-407
-430
-53
231
141
-184
-385
-232
62
157
-36
-245
-198
-29
98
26
-107
-141
-23
92
124
79
-37
-67
58
202
185
55
-42
-4
103
217
192
71
-44
8
130
225
137
-3
-39
64
206
169
-30
-145
-66
90
104
-28
-150
-114
4
1
-76
-151
-139
-32
79
7
-199
-254
-76
158
163
-90
-287
-178
111
259
86
-210
-218
44
264
244
13
-148
-14
132
171
161
113
45
-3
38
135
204
160
11
-45
49
179
160
13
-62
-8
106
71
-53
-138
-85
46
74
-60
-222
-181
-40
45
24
-123
-231
-170
-31
9
-73
-136
-152
-85
-23
5
-76
-163
-136
5
108
47
-55
-90
17
138
150
61
-46
-3
151
225
104
-111
-122
100
325
249
-82
-287
-120
257
379
65
-357
-300
150
378
141
-329
-450
-82
262
191
-117
-360
-283
-27
121
37
-167
-282
-170
2
69
-61
-176
-146
-55
35
14
-109
-117
28
146
91
-37
-55
6
130
202
118
-37
-45
111
198
144
72
23
60
143
155
77
8
20
85
157
140
25
-63
-29
53
74
-26
-109
-102
-8
13
-59
-155
-182
-72
56
64
-72
-223
-219
-29
161
136
-88
-270
-177
65
228
117
-147
-230
0
240
275
50
-113
-76
71
225
268
121
-50
-108
47
270
292
81
-105
-50
149
221
98
-68
-62
83
155
52
-121
-185
-72
101
107
-88
-251
-184
-26
75
-7
-146
-235
-160
-36
14
-42
-147
-185
-85
31
27
-124
-226
-121
61
133
29
-141
-86
106
179
91
-29
-13
103
184
142
18
-72
-21
129
242
157
-67
-184
-48
199
263
54
-253
-222
97
246
96
-213
-339
-124
156
176
-54
-322
-334
-72
138
86
-161
-305
-187
6
65
-34
-175
-206
-63
97
40
-117
-150
-15
134
136
54
-60
-81
81
213
179
40
-45
5
107
213
214
88
-55
-17
140
233
150
-38
-77
79
229
137
-38
-126
-30
99
60
-72
-150
-78
4
4
-103
-195
-153
13
105
-14
-215
-230
-55
163
133
-99
-241
-170
54
222
112
-134
-184
-2
215
236
57
-75
-64
61
218
247
110
-41
-49
77
218
238
104
-35
-23
79
135
126
46
-28
19
20
2
-16
-33
-53
-52
-18
-56
-139
-103
-55
-15
-57
-122
-146
-124
-59
-40
-79
-131
-142
-59
4
-15
-153
-192
-54
81
75
-34
-95
-12
88
133
61
1
34
99
162
120
11
-64
-10
159
286
115
-155
-237
7
316
309
-41
-370
-233
199
380
80
-397
-474
-37
359
220
-207
-471
-306
89
253
8
-324
-353
-102
119
106
-129
-256
-178
46
136
-15
-190
-163
83
207
105
-62