#4
-69
-157
-155
-151
-151
-84
-81
-142
-186
-152
-75
-86
-170
-222
-141
-29
-78
-175
-169
-34
2
-121
-216
-98
-3
-16
-60
-73
-28
-25
-59
-29
34
22
-82
-149
-1
158
28
-197
-163
82
147
-70
-199
-42
89
-27
-173
-133
91
101
-155
-303
-108
172
75
-267
-353
-55
174
21
-255
-315
-104
45
-49
-173
-147
-77
-97
-115
-59
-37
-129
-155
-9
109
-53
-272
-164
133
232
-3
-238
-207
91
227
37
-184
-125
31
71
15
-4
-8
-50
-106
-31
49
-15
-122
-104
-6
20
-121
-202
-74
48
-26
-251
-274
-67
65
-43
-204
-194
-83
-41
-69
-121
-111
-81
-120
-129
-45
5
-84
-173
-82
-18
-80
-102
-31
31
-63
-139
-50
104
85
-183
-247
44
269
115
-190
-229
24
161
37
-133
-98
39
42
-83
-107
-34
-17
-56
-56
-30
-60
-190
-212
-12
116
-75
-312
-236
58
135
-129
-332
-147
100
0
-223
-219
25
119
-70
-249
-144
88
48
-79
-40
48
-9
-109
-16
174
135
-138
-232
21
286
157
-222
-250
70
236
79
-159
-128
79
112
-14
-97
-55
-10
-30
-3
11
-61
-130
-89
17
13
-94
-147
-66
30
-32
-196
-190
-15
67
-56
-177
-127
11
-16
-132
-84
57
72
-76
-179
-74
89
99
-13
-60
-10
-2
17
52
70
6
-76
-52
72
150
44
-105
-91
18
37
-34
-44
35
14
-116
-84
-13
-8
-56
-155
-120
-19
-28
-154
-205
-31
107
-55
-276
-200
48
115
-91
-249
-157
23
40
-66
-125
-59
-29
-99
-81
48
53
-90
-187
-44
168
143
-112
-245
-57
204
151
-23
-103
-32
24
7
10
30
-18
-59
-9
52
-3
-133
-173
64
203
-3
-302
-270
23
191
-7
-293
-250
38
107
-87
-206
-112
25
-43
-188
-120
63
69
-79
-140
-65
26
1
-100
-10
113
57
-113
-95
83
223
104
-110
-111
11
143
120
-11
-66
-26
46
82
47
-15
-60
-18
93
64
-93
-88
52
116
-28
-188
-81
115
62
-190
-209
58
166
-59
-295
-192
100
119
-112
-221
-99
70
64
-119
-172
-11
95
17
-87
-74
-4
7
13
83
71
-51
-109
38
191
93
-96
-72
85
121
-7
-55
89
107
-75
-199
-17
223
148
-187
-278
26
209
21
-236
-233
6
97
-69
-223
-105
51
-9
-181
-154
45
18
-152
-183
-18
101
-51
-226
-85
99
81
-120
-218
-67
109
79
-64
-95
-10
51
60
18
-42
-65
-14
101
159
35
-114
-100
103
162
-19
-149
-15
153
72
-169
-218
50
236
84
-224
-303
-54
141
101
-98
-266
-158
-5
97
39
-127
-241
-155
15
107
-9
-164
-149
12
79
-9
-82
-87
-10
71
82
17
-37
-51
35
136
141
2
-109
-55
159
227
-15
-182
-45
205
160
-58
-136
-1
151
73
-103
-77
110
111
-96
-177
6
189
32
-248
-197
93
182
-69
-252
-149
68
80
-104
-192
-62
69
35
-90
-129
-56
29
38
36
-38
-129
-120
58
246
143
-129
-200
68
284
130
-145
-138
86
207
53
-82
-7
118
65
-67
-61
55
94
7
-62
-17
23
-100
-134
32
108
-67
-265
-194
52
131
-51
-226
-180
15
106
-32
-150
-127
-41
-14
-57
-19
3
-67
-86
-38
17
-11
-55
-23
36
3
-19
18
83
25
-81
-71
81
174
81
-83
-97
51
122
57
-22
-6
29
-8
-36
1
21
-27
-48
-1
30
-62
-182
-112
104
134
-177
-344
-79
193
121
-194
-307
-59
123
19
-180
-124
89
104
-110
-207
-2
128
31
-43
1
73
47
-38
22
143
102
-50
-83
100
212
28
-183
-56
204
196
-78
-149
64
194
56
-116
-64
93
101
-48
-91
-3
63
-2
-95
-87
-20
11
8
-4
-43
-118
-138
-28
86
23
-149
-191
26
167
-25
-213
-127
155
212
-63
-284
-121
218
301
43
-195
-148
94
261
168
-37
-152
-54
142
225
74
-72
-97
18
127
66
-41
-30
64
58
-49
-88
-43
-3
-36
-96
-46
-3
-89
-156
-80
64
62
-108
-228
-110
78
95
-96
-188
-98
-8
30
-12
-49
-37
-69
-110
-12
121
110
-77
-190
-18
183
147
-56
-157
-32
123
125
38
26
39
-40
-71
71
137
42
-82
-79
41
68
-44
-81
39
102
-71
-225
-148
80
156
-86
-280
-123
127
72
-157
-187
-7
70
-76
-203
-29
160
72
-168
-204
-19
143
58
-64
12
93
45
-58
22
156
142
-14
-61
30
114
110
-13
-50
57
88
46
5
32
51
17
16
69
31
-46
-36
60
97
-24
-145
-52
89
41
-106
-99
28
70
-78
-162
-56
62
11
-139
-124
37
113
-40
-196
-107
132
156
-36
-169
-61
61
135
97
20
-59
-78
54
206
162
-55
-152
39
221
136
-63
-87
90
149
-1
-153
-36
155
140
-85
-145
12
80
-49
-149
-61
47
-57
-200
-133
88
116
-129
-277
-58
152
33
-205
-193
47
108
-100
-183
-2
133
10
-197
-156
87
182
7
-156
-83
104
152
13
-99
-61
53
93
114
59
-13
-59
15
120
90
-58
-77
74
139
-7
-172
-112
137
193
-32
-254
-183
52
140
11
-150
-154
-41
-11
-21
-20
-21
-109
-156
-61
67
71
-51
-126
-37
53
13
-56
-72
33
144
77
-43
-38
48
131
133
50
-61
-88
63
215
121
-62
-87
11
162
126
-19
-33
57
65
-40
-74
80
180
7
-198
-150
133
234
-34
-326
-229
163
318
19
-298
-257
19
139
37
-107
-126
-65
15
19
-33
-40
-30
37
51
-18
-104
-49
136
199
37
-164
-114
146
283
99
-180
-112
164
230
6
-122
23
145
66
-49
-31
42
47
-14
-19
60
-6
-168
-140
75
170
-58
-326
-213
114
196
-45
-231
-188
16
113
-3
-119
-100
-59
-56
-2
42
-7
-103
-104
4
87
26
-77
-50
50
57
-11
17
44
5
-33
7
87
108
41
-29
14
70
49
-30
9
98
77
-52
-118
-15
100
91
-49
-111
-66
-15
-41
-26
39
-35
-159
-140
14
98
-31
-206
-144
70
107
-112
-203
-20
149
71
-152
-180
42
152
41
-15
-5
36
21
18
116
149
17
-104
-34
175
219
-38
-153
3
205
160
-79
-105
99
148
16
-95
-14
128
83
-121
-106
56
117
-4
-150
-111
29
86
1
-61
-69
-98
-92
-8
55
-12
-131
-108
40
87
-50
-138
-43
123
122
-96
-185
6
225
181
-17
-143
-60
149
215
97
-61
-90
20
151
159
44
-58
-47
40
80
55
26
2
-25
-25
20
-5
-52
-36
-61
-69
-34
-8
-56
-115
-67
65
39
-144
-180
-29
66
7
-115
-135
-27
48
10
-70
-53
-9
-41
-70
9
119
48
-134
-126
108
261
47
-243
-166
178
289
73
-165
-92
113
166
25
-73
-31
77
90
49
-54
-109
-48
91
148
-13
-237
-206
48
219
18
-280
-260
66
237
5
-299
-239
66
173
-47
-217
-61
96
37
-87
-72
16
42
-58
-42
131
154
-20
-123
21
192
160
-13
-75
6
148
128
-6
-32
58
89
67
32
53
36
-44
-2
77
99
16
-57
-52
44
48
6
-41
-62
-60
-5
56
61
-65
-188
-134
65
97
-51
-184
-91
104
90
-114
-200
23
181
75
-124
-114
32
122
78
7
23
28
32
64
98
49
-12
7
87
108
-1
-33
66
149
74
-105
-112
75
209
24
-169
-87
54
39
-88
-127
-6
16
-114
-162
-18
111
27
-204
-189
65
129
-79
-227
-79
118
38
-161
-153
18
140
-19
-194
-91
137
154
-56
-175
-25
185
142
-83
-159
10
168
140
11
-64
-13
75
116
63
-44
-103
40
165
115
-80
-205
-73
171
202
-58
-265
-183
55
146
-1
-158
-136
-30
-16
-47
-32
-5
-52
-132
-110
22
110
20
-104
-98
-45
51
62
3
15
15
-6
31
73
91
58
39
39
33
19
46
101
58
1
12
68
78
65
16
-14
19
63
34
18
25
3
-39
-27
52
81
-11
-153
-131
73
158
-1
-199
-188
18
110
-17
-174
-111
59
104
-56
-169
-78
90
100
6
-52
-64
-46
34
145
135
-7
-113
-16
216
215
-45
-163
-4
193
148
-28
-44
91
84
-39
-76
82
153
27
-115
-54
84
14
-148
-114
81
106
-121
-265
-126
120
126
-102
-228
-101
73
36
-84
-114
-33
-5
-67
-49
50
15
-104
-121
-10
90
63
-30
-64
-11
31
61
79
6
-71
-39
89
159
71
-48
-41
48
130
77
-51
-47
71
105
-6
-99
-60
38
91
60
-44
-135
-141
-43
90
87
-92
-228
-154
67
131
-49
-212
-134
29
55
-29
-43
-14
-37
-67
-67
47
122
20
-62
-29
90
106
28
0
71
122
22
-64
0
152
157
-26
-111
53
197
79
-57
-29
57
64
2
-4
69
66
-50
-103
15
150
77
-141
-193
-25
130
87
-46
-131
-85
-61
-55
-10
61
15
-122
-123
10
67
-27
-84
-10
72
40
-94
-93
77
192
108
-76
-98
90
196
98
-76
-65
85
163
64
-22
18
71
65
10
-26
-14
62
73
35
-67
-79
-76
-16
68
37
-93
-177
-117
5
61
17
-99
-172
-101
67
87
-36
-163
-163
-10
94
34
-102
-125
27
82
-36
-99
-29
75
70
-14
-51
28
82
8
-62
-26
112
121
14
-34
57
121
18
-96
-18
119
134
9
-97
-78
-20
44
86
71
-77
-232
-140
97
196
-41
-314
-206
104
184
-85
-235
-94
68
4
-131
-72
115
104
-164
-236
4
257
126
-200
-154
148
231
50
-110
-34
128
175
35
-71
-18
105
98
36
53
45
8
-15
88
132
21
-82
-46
89
143
26
-98
-76
38
75
23
-48
-60
-64
-6
60
60
-78
-194
-91
65
89
-49
-158
-103
63
83
-96
-145
37
154
83
-89
-144
-27
135
162
52
-48
-66
34
168
162
12
-91
-50
132
167
53
-10
20
45
15
3
13
67
38
-84
-55
73
40
-109
-147
-30
106
1
-199
-199
36
162
-9
-233
-168
62
112
-58
-177
-50
45
-41
-113
-31
81
43
-135
-183
18
201
101
-134
-161
55
215
83
-139
-130
72
178
104
-18
-22
26
29
34
53
45
19
12
5
-4
-17
-28
34
73
-13
-122
-104
3
35
-18
-118
-114
-5
33
-70
-143
-32
95
-13
-201
-181
72
201
37
-213
-188
28
174
63
-77
-48
44
84
87
62
42
18
12
73
77
40
37
17
53
102
62
-4
-7
66
90
39
26
-16
-2
53
64
-1
-79
-52
67
76
-64
-179
-64
177
156
-135
-297
-123
158
157
-102
-239
-53
135
72
-123
-196
-23
160
123
-62
-144
-85
88
183
138
-21
-148
-49
204
271
14
-203
-106
192
273
41
-148
-62
196
190
-71
-161
-18
159
124
-50
-74
-27
-61
-80
7
75
-39
-226
-176
63
176
-24
-261
-191
73
164
-42
-246
-134
69
69
-61
-121
-62
18
41
-32
-46
18
20
-22
-26
15
63
59
19
-36
-35
32
100
79
30
29
32
31
30
-5
1
85
120
-12
-142
-106
76
198
82
-147
-219
-88
69
94
-18
-158
-156
-37
56
17
-64
-87
-52
-45
-57
-57
14
71
-19
-124
-163
-14
200
160
-113
-185
33
231
160
-67
-92
74
211
94
-97
-80
132
164
33
-33
-7
83
89
35
42
27
-10
-16
34
116
72
-77
-129
21
170
46
-165
-207
9
198
92
-149
-216
-56
49
20
-40
-62
-67
-34
22
-2
-81
-71
13
103
107
-69
-188
-47
200
227
16
-177
-62
186
234
38
-138
-63
132
177
64
-10
11
37
24
53
71
5
-51
-21
61
95
-50
-165
-117
36
89
-35
-149
-119
-45
22
16
-38
-126
-74
-3
3
-43
-72
-69
-44
0
-6
-60
-41
12
4
-41
-42
19
46
11
-30
4
92
55
-71
-76
62
185
95
-65
-44
94
123
10
-101
-29
141
145
-11
-136
-83
62
129
57
-85
-184
-122
30
148
24
-231
-256
-15
172
53
-177
-209
-24
110
-16
-183
-74
89
55
-87
-136
-8
116
16
-61
58
152
28
-128
-25
235
265
-14
-237
-94
227
306
21
-185
-80
137
190
67
-19
-1
-19
1
92
126
54
-96
-126
4
134
111
-60
-192
-100
81
150
36
-124
-200
-97
33
87
7
-128
-145
3
110
5
-135
-59
81
101
-26
-126
-59
105
181
79
-40
-57
2
118
165
68
-40
-29
51
118
91
42
26
27
6
-18
-5
55
86
34
-79
-73
-3
12
-17
-73
-81
-35
-59
-81
-20
39
-20
-156
-150
48
99
-76
-217
-92
100
93
-100
-189
-56
129
80
-121
-180
22
209
72
-150
-124
101
175
2
-146
-25
155
146
-30
-89
41
147
95
-42
-90
-6
144
166
-12
-173
-145
41
203
165
-125
-310
-174
113
236
-13
-297
-251
8
193
42
-182
-166
-31
39
-12
-66
-44
-3
-13
-17
-17
-3
-20
-28
63
147
48
-74
-48
128
181
85
-84
-67
79
186
119
-43
-77
64
150
63
-28
-11
56
87
62
-14
-34
27
64
27
-66
-44
48
61
-58
-134
-38
102
80
-102
-210
-75
106
74
-100
-162
-23
91
27
-133
-136
41
157
76
-98
-145
-46
128
200
94
-69
-160
1
259
262
-24
-219
-74
210
243
53
-110
-48
139
131
-37
-95
1
92
50
-58
-40
-7
-62
-68
-4
14
-59
-132
-79
12
-8
-89
-101
-6
52
-88
-162
-47
88
53
-139
-213
-7
157
57
-149
-207
10
217
114
-125
-188
16
213
161
-78
-207
-34
190
231
48
-106
-90
102
205
82
-120
-136
103
210
51
-168
-204
21
260
161
-164
-303
-120
155
197
-64
-296
-231
52
226
41
-226
-238
-15
137
51
-133
-163
-35
109
74
-79
-92
-8
56
92
58
17
-23
-1
90
146
87
-5
-64
9
132
147
13
-68
17
124
115
19
-37
6
72
64
4
7
27
11
-30
-14
34
22
-62
-115
-23
94
69
-79
-157
-76
36
22
-77
-58
12
-2
-68
-84
-35
27
27
-4
-2
5
-43
-52
63
153
86
-85
-105
101
245
102
-119
-129
82
215
121
-43
-35
80
109
14
-56
-20
34
92
65
-42
-79
-87
-44
59
58
-81
-203
-139
31
113
3
-140
-183
-55
70
45
-51
-121
-110
-24
12
5
-16
-80
-81
-28
39
51
8
-13
-59
-47
34
126
136
-25
-146
-80
145
209
75
-79
-56
83
129
20
-77
-7
123
90
-54
-116
-28
79
102
51
-107
-200
-110
65
147
-16
-224
-210
20
165
23
-187
-161
11
57
-86
-124
25
107
-6
-189
-122
104
170
-11
-104
-10
117
91
-22
11
106
115
-4
-79
29
188
115
-75
-72
97
166
34
-46
19
83
48
-18
-21
77
88
-36
-99
-4
90
74
-69
-134
-73
42
110
24
-128
-172
-52
77
43
-74
-121
-33
60
42
-115
-136
43
172
70
-145
-176
31
248
176
-65
-177
-29
195
205
24
-97
-52
86
138
88
11
36
80
31
-29
-28
49
107
70
-39
-75
7
3
-70
-76
-16
37
-28
-124
-146
-25
98
41
-171
-174
-5
65
7
-88
-100
-51
-47
-22
9
23
-27
-114
-89
54
141
41
-156
-141
80
240
95
-163
-186
69
242
171
-77
-128
3
171
137
-15
-91
3
119
79
-45
-127
-73
106
164
11
-240
-227
37
228
80
-258
-292
-37
199
111
-170
-219
-16
74
-38
-169
-65
113
77
-102
-161
-62
113
92
-35
-29
46
55
34
52
90
81
6
-1
55
81
90
2
-20
56
132
76
-37
-19
49
87
72
9
-3
17
25
-9
-9
4
12
30
-29
-75
-51
60
60
-43
-115
-93
9
3
-59
-55
24
36
-75
-151
-83
85
149
44
-118
-140
1
151
136
29
-46
-44
5
110
163
81
-68
-97
62
177
111
-36
-20
70
92
-7
-52
11
95
80
-27
-59
-30
-58
-46
6
36
-47
-154
-173
-31
118
67
-136
-233
-93
134
82
-133
-177
-54
47
16
-51
-74
-46
-31
-16
33
52
-36
-91
-20
93
99
24
-56
-31
45
90
46
-10
12
68
78
22
15
-17
-14
103
144
0
-134
-109
16
152
141
-54
-269
-186
88
207
36
-244
-277
14
208
75
-190
-234
-42
105
37
-124
-151
17
107
44
-117
-174
5
137
102
22
-40
-23
65
122
89
33
21
1
9
81
139
38
-23
15
64
97
29
-1
44
62
22
-11
6
40
49
0
-46
-16
49
36
-85
-120
-7
113
71
-99
-173
-73
64
32
-84
-94
-40
26
18
-63
-87
-17
59
60
11
-69
-95
0
172
185
4
-188
-86
168
267
88
-158
-135
93
206
116
-6
-23
14
-5
11
74
108
26
-113
-129
85
167
-27
-218
-151
51
119
-33
-204
-160
22
123
21
-161
-178
-27
77
31
-88
-135
-81
40
76
3
-118
-108
-30
53
65
12
-43
-42
15
80
102
21
-80
-90
52
186
139
-29
-119
-7
153
153
-17
-114
-3
142
96
-85
-143
-31
154
136
-81
-215
-136
53
148
3
-219
-197
42
184
42
-208
-254
-8
180
31
-218
-205
67
221
32
-213
-219
46
204
119
-20
-59
-31
4
102
187
137
-69
-139
8
206
194
-50
-143
27
205
126
-74
-78
86
119
16
-57
-7
90
89
-52
-115
-9
100
60
-94
-142
-29
90
78
-58
-124
-105
-16
16
1
-44
-42
-30
-23
-50
-64
39
116
37
-103
-133
-17
153
184
41
-126
-96
124
220
80
-90
-91
86
192
83
-67
-30
123
160
16
-126
-68
80
156
63
-101
-99
-9
30
29
-47
-96
-101
-61
-16
20
26
-63
-139
-125
47
103
-44
-182
-137
35
112
10
-136
-149
3
97
20
-98
-90
36
100
23
-44
-13
30
21
11
26
85
78
-7
-44
36
104
77
-35
-58
39
136
102
-63
-132
-72
77
162
61
-132
-222
-87
103
128
-46
-219
-145
39
96
-21
-154
-131
5
29
-51
-86
-26
28
-16
-89
-72
34
76
-42
-54
87
133
15
-71
23
155
123
-7
-58
14
120
96
-1
-2
47
94
46
14
64
74
-6
-53
6
92
110
4
-128
-77
85
166
3
-218
-169
90
229
45
-224
-268
-36
202
99
-162
-232
-26
161
120
-128
-229
-17
199
126
-93
-191
-53
155
205
67
-89
-101
40
175
143
3
-94
1
125
129
32
22
79
24
-61
-49
67
159
98
-86
-159
8
99
-7
-117
-106
-18
34
-28
-112
-87
3
11
-55
-103
-44
-48
-40
-13
18
-39
-111
-100
5
65
-1
-97
-119
21
118
74
-85
-145
1
176
140
-60
-159
-48
144
195
66
-60
-61
53
121
50
-31
-12
79
75
-25
-103
-67
82
152
23
-181
-184
-22
107
91
-100
-208
-90
64
79
-54
-160
-111
32
55
-79
-142
-22
87
67
-76
-165
-56
107
90
46
22
-23
-18
52
112
116
39
-46
-28
59
151
125
0
-92
0
121
147
64
-64
-85
57
150
101
-5
-74
-90
12
122
97
-62
-158
-99
59
138
45
-123
-193
-72
104
86
-81
-188
-99
92
133
-36
-204
-147
82
189
75
-102
-182
-57
175
251
66
-161
-180
76
295
198
-93
-230
2
263
210
-36
-127
-3
143
129
-2
-72
-13
55
47
0
5
-37
-109
-75
34
48
-77
-162
-128
13
96
25
-145
-178
-21
61
32
-73
-122
-63
-31
-21
2
-11
-17
-25
-59
-13
21
9
-21
-20
47
78
49
-21
-73
-9
113
154
60
-54
-58
84
150
47
-105
-62
120
154
-10
-151
-101
85
167
67
-144
-232
-120
117
186
-34
-236
-199
-12
138
62
-105
-191
-93
7
18
-6
5
-25
-117
-125
22
190
85
-147
-162
59
235
152
-36
-121
9
160
141
16
-61
25
94
73
40
46
33
4
35
74
61
12
-38
-26
95
135
-19
-139
-86
88
135
-18
-180
-112
89
139
0
-167
-181
-19
92
34
-95
-97
-19
40
-20
-118
-60
71
116
52
-114
-175
5
244
201
-41
-178
-80
172
269
71
-117
-116
78
190
121
-20
-35
56
94
46
-31
-16
24
55
28
-18
-12
-63
-81
-12
62
11
-136
-177
-76
92
118
-61
-237
-150
84
139
-33
-174
-150
-5
70
19
-62
-89
-49
-15
-15
24
63
8
-84
-79
60
177
74
-145
-158
107
258
115
-118
-117
77
221
96
-131
-146
59
254
122
-161
-194
-3
174
141
-82
-226
-169
37
152
74
-161
-216
-61
90
55
-112
-137
-35
8
-66
-112
-34
73
44
-86
-132
-41
90
64
-20
5
59
19
-14
39
146
134
-17
-100
-6
186
208
-6
-167
-28
166
179
19
-45
13
47
60
19
9
28
35
-3
-4
29
14
-40
-75
-35
31
58
24
-76
-149
-64
38
40
-40
-122
-66
32
50
-56
-133
-39
104
127
10
-150
-147
49
209
173
0
-139
-82
138
220
108
-89
-136
27
201
185
-20
-110
2
147
111
-37
-87
-5
83
57
8
-28
-101
-101
-36
44
28
-82
-155
-99
12
77
-9
-121
-88
-27
-34
-51
-23
7
-55
-118
-44
47
25
-46
-132
-70
93
125
-54
-141
-28
140
173
-2
-174
-103
121
200
67
-67
-8
51
82
60
13
-39
8
72
39
-25
-41
-37
30
92
23
-115
-178
-50
124
104
-109
-209
-119
66
120
-22
-178
-144
-36
16
11
-1
-17
-64
-68
-22
13
22
0
-10
52
96
36
-40
3
110
142
64
-43
-55
74
189
42
-77
-15
77
119
62
25
-12
2
39
76
62
26
-37
-56
12
65
40
-53
-105
-21
83
69
-55
-140
-111
10
76
-18
-156
-116
33
108
17
-128
-164
1
139
122
-42
-166
-104
106
241
116
-117
-204
9
254
220
-14
-195
-67
201
229
16
-126
-6
144
129
-16
-104
-27
111
109
-17
-44
-58
-79
-52
37
63
-26
-199
-181
-13
128
65
-109
-226
-110
111
85
-90
-152
-70
17
12
-12
-71
-60
-14
7
15
-17
-32
-21
37
66
32
-4
-60
-34
50
120
80
-56
-35
92
116
58
-24
-73
-7
144
150
-7
-145
-113
47
177
109
-93
-252
-159
71
173
51
-149
-201
-80
87
81
-64
-156
-96
-9
-14
-51
-11
25
-25
-95
-66
58
113
-26
-137
-2
160
147
-25
-113
17
211
170
-46
-126
35
212
137
-50
-86
20
159
112
-29
-24
32
75
46
-24
16
49
2
-39
-1
30
-17
-58
-42
-2
29
3
-67
-92
-46
17
-33
-84
-70
-8
51
13
-109
-131
8
129
96
-64
-156
-72
119
219
109
-121
-168
37
249
170
-31
-156
5
198
159
-15
-56
56
105
37
-48
-8
78
96
7
-75
-20
10
-55
-75
-10
41
-21
-136
-146
-10
77
18
-117
-145
-10
61
-5
-131
-96
-18
0
2
-8
-44
-68
-56
-17
41
68
18
-81
-95
50
160
81
-83
-122
1
178
172
-24
-128
-10
155
175
-6
-149
-55
143
180
-3
-145
-130
46
155
100
-115
-221
-115
88
160
-6
-228
-192
18
130
28
-176
-170
15
91
-44
-178
-100
67
100
-21
-121
-78
1
55
91
86
8
-98
-55
122
223
105
-67
-116
16
208
191
-32
-135
-21
149
147
32
-19
32
18
-10
34
77
80
-2
-90
-52
42
85
2
-87
-78
14
57
18
-76
-135
-93
14
35
-32
-64
-45
-9
4
-49
-51
31
56
-6
-73
-61
41
113
91
21
-34
-14
90
116
64
-7
-40
59
134
73
-19
-8
106
148
-24
-156
-33
183
192
-33
-170
-68
39
32
-29
-53
-51
-67
-90
-70
1
21
-47
-116
-92
40
31
-95
-135
-41
32
-9
-56
-50
-37
-20
-29
-20
35
-3
-69
-61
47
143
103
-87
-171
-17
201
186
-21
-149
-43
171
189
15
-129
-85
69
186
91
-83
-138
-59
81
146
31
-166
-192
-18
144
111
-131
-250
-130
106
168
-33
-242
-178
29
96
-30
-118
-48
25
30
-58
-87
-2
71
-2
20
67
48
15
2
21
88
120
57
-35
-28
89
156
80
-63
-28
64
127
100
14
-58
-36
65
135
89
-35
-102
-42
54
117
43
-101
-154
-40
111
100
-71
-190
-113
43
97
-16
-132
-95
6
73
9
-121
-121
0
128
122
-46
-179
-114
155
284
76
-181
-158
110
268
160
-86
-185
24
242
169
-47
-81
39
136
43
-50
-42
47
92
20
-55
-19
-35
-101
-39
69
54
-124
-248
-139
113
171
-15
-244
-214
52
166
4
-181
-182
9
110
12
-105
-117
-31
52
22
-28
-34
-8
-3
34
58
38
-11
-31
-32
24
74
85
69
34
-4
-11
40
73
51
28
22
5
-21
-37
-20
40
64
6
-85
-118
-60
33
59
-60
-108
-67
13
-2
-124
-91
65
79
-125
-259
-72
199
177
-91
-274
-146
170
240
-21
-157
-47
128
157
37
-38
19
91
107
14
-36
24
105
70
7
6
30
58
70
55
10
-17
10
54
64
16
-22
-38
5
43
22
-44
-61
-26
12
27
-26
-96
-87
-20
14
-41
-82
-53
24
64
-41
-164
-101
97
169
47
-142
-188
2
223
204
-25
-163
-81
163
242
73
-111
-112
74
168
117
5
-8
50
60
8
-21
31
90
50
-45
-44
28
-8
-105
-70
35
40
-66
-172
-117
39
95
-3
-157
-134
-2
16
-22
-65
-25
-22
-72
-74
6
49
14
-96
-125
6
153
95
-112
-171
13
237
174
-90
-224
-47
216
265
7
-168
-56
110
138
33
-70
-3
121
79
-65
-117
-36
94
99
-23
-158
-117
18
101
12
-151
-152
-26
73
30
-116
-151
-27
89
-10
-202
-145
92
190
-15
-238
-179
97
220
42
-81
-53
17
67
105
108
51
-26
-30
37
131
125
-10
-100
6
161
120
-12
-46
20
87
52
-3
-8
49
53
-44
-59
27
84
39
-97
-144
-30
111
121
-50
-185
-124
29
64
-24
-117
-76
22
45
-45
-93
-30
71
81
-14
-103
-97
53
172
128
-15
-112
-40
134
195
62
-86
-54
92
176
76
-60
-39
98
132
53
-77
-101
32
167
126
-36
-146
-155
-10
114
81
-89
-218
-158
40
139
32
-153
-206
-60
84
31
-70
-95
-54
-18
-46
-47
-26
4
2
-64
-78
29
97
17
-103
-60
91
126
12
-87
-67
67
153
85
-28
-49
38
87
65
-23
-47
39
125
77
-64
-146
-58
100
151
-9
-189
-191
-5
157
76
-158
-221
-62
110
72
-118
-174
-50
51
-23
-115
-71
76
83
-68
-154
-67
91
86
-11
-5
40
79
21
-30
47
127
107
1
-56
27
131
90
21
16
20
11
51
101
64
-20
-42
23
90
109
-1
-100
-67
53
106
40
-101
-137
-52
89
132
-10
-178
-190
-14
104
71
-68
-169
-76
69
62
-52
-90
-27
78
87
-43
-147
-31
193
195
-7
-190
-72
217
284
49
-206
-121
172
249
61
-121
-53
147
148
-3
-109
-25
127
111
-53
-70
-28
-47
-35
-11
-19
-13
-76
-120
-50
41
13
-99
-175
-73
109
80
-109
-202
-85
54
76
-16
-124
-127
2
83
62
-61
-85
-32
56
72
44
-4
-43
-14
26
86
78
21
-6
40
76
54
7
-27
-14
89
122
-10
-113
-112
15
157
116
-59
-228
-170
51
183
57
-184
-234
-72
114
86
-92
-138
-39
5
-23
-98
-61
31
57
-8
-110
-81
30
80
20
30
53
-12
-30
46
154
146
0
-118
-24
172
222
2
-152
-45
153
196
28
-97
-28
77
92
48
-9
2
19
-13
-19
19
54
-19
-88
-80
19
91
63
-108
-218
-93
107
137
-63
-237
-150
99
184
-42
-227
-109
129
170
17
-136
-124
40
177
143
-13
-126
-41
135
189
84
-69
-51
64
101
74
66
62
16
-58
-51
83
145
70
-74
-127
25
110
-4
-127
-119
2
41
-28
-132
-113
10
74
-26
-172
-113
41
55
-57
-94
-72
-57
-4
56
11
-82
-142
-65
74
131
37
-109
-128
31
171
135
-37
-170
-53
158
210
15
-137
-51
139
203
38
-136
-72
151
183
-26
-193
-106
94
175
59
-149
-227
-86
138
149
-59
-232
-162
13
121
23
-131
-155
-44
23
-23
-53
-26
-4
-30
-54
-21
1
23
-24
-34
100
122
-2
-85
16
149
172
39
-95
-70
82
178
78
-30
-10
54
68
30
51
88
-8
-71
-8
105
144
-14
-139
-80
96
156
-11
-199
-137
76
169
41
-152
-175
-34
82
8
-103
-83
2
47
-16
-103
-65
68
89
-7
-105
-68
54
109
83
6
-23
-9
89
120
61
-16
-39
66
147
52
-32
4
97
117
19
-92
-55
83
149
43
-110
-78
3
8
-16
-43
-68
-74
-65
-52
5
13
-27
-109
-132
-15
65
-4
-87
-90
-65
-39
28
42
-39
-112
-95
4
108
74
-89
-145
6
174
132
-51
-150
-89
116
203
90
-98
-110
52
164
119
-36
-122
-35
132
167
11
-144
-152
14
190
149
-107
-297
-163
143
234
-8
-266
-273
-24
213
146
-121
-251
-150
38
75
9
-80
-74
-32
20
19
11
-15
-74
4
145
126
-14
-104
-7
160
196
47
-93
-74
81
182
99
-61
-78
36
114
119
71
-18
-66
-2
91
121
55
-100
-120
29
144
84
-89
-157
-50
95
99
-7
-143
-128
-14
80
7
-93
-112
-52
45
50
-38
-89
-57
57
104
30
-107
-147
25
212
163
-44
-149
-13
193
215
7
-177
-50
155
168
42
-10
44
53
-20
-43
54
108
68
-63
-123
6
69
-9
-118
-108
3
39
-31
-135
-105
5
66
-32
-122
-110
-55
23
33
-30
-121
-118
5
93
9
-124
-134
-1
124
79
-59
-144
-60
148
189
38
-153
-194
32
257
224
-39
-184
-53
173
193
-10
-161
-30
175
173
-28
-200
-149
96
238
96
-186
-275
-77
186
193
-127
-332
-140
155
202
-52
-258
-137
85
61
-95
-140
-7
95
7
-132
-102
52
128
13
-41
42
79
28
-22
52
148
97
-54
-83
39
167
135
-29
-90
30
141
104
12
-43
-3
68
69
42
15
-10
-28
-9
47
57
1
-82
-117
-15
79
92
-4
-142
-157
-21
71
-3
-94
-74
-5
47
-13
-117
-102
55
137
39
-116
-151
11
183
163
16
-148
-72
140
198
79
-94
-108
61
158
96
4
9
99
53
-64
-62
66
149
61
-92
-105
46
64
-63
-130
-46
61
32
-128
-190
-49
109
68
-116
-169
-58
35
23
-42
-83
-65
-47
-21
15
10
-28
-86
-88
37
107
54
-87
-108
58
153
59
-81
-92
34
162
123
-31
-62
34
132
88
-41
-99
30
175
113
-98
-182
-32
165
170
-54
-224
-168
60
193
42
-210
-244
-44
147
106
-106
-222
-84
65
32
-121
-128
24
114
2
-137
-115
44
126
27
-28
14
27
25
54
98
77
12
-19
12
81
92
17
-20
40
89
63
8
5
52
49
21
-20
21
89
43
-60
-84
19
124
59
-107
-172
-16
137
103
-93
-213
-89
79
92
-51
-175
-108
63
98
-40
-172
-75
92
153
37
-128
-156
15
194
194
-5
-164
-76
158
236
118
-111
-171
45
252
171
-31
-84
-1
97
108
26
-45
-38
20
30
54
56
-84
-169
-61
91
81
-88
-224
-156
82
162
-1
-210
-179
-20
91
71
-56
-165
-139
-61
105
125
-35
-198
-159
46
205
102
-160
-240
0
260
213
-57
-234
-138
142
280
108
-124
-135
74
184
108
-57
-109
41
141
89
-76
-164
-59
150
180
-18
-240
-212
43
201
63
-205
-270
-61
190
162
-143
-306
-123
123
115
-95
-179
-40
109
71
-105
-166
2
124
55
19
3
37
15
28
79
95
50
-9
11
59
105
45
-19
31
82
67
35
9
36
52
39
4
5
65
51
-29
-54
-13
50
37
-62
-98
7
74
29
-72
-115
-54
-1
5
-67
-58
9
35
-5
-94
-119
-9
111
102
-7
-114
-121
44
201
142
-42
-147
12
194
184
-1
-148
-42
179
163
-9
-74
72
188
48
-151
-101
109
210
55
-154
-131
50
67
-22
-113
-73
-4
-22
-84
-90
-5
30
-30
-121
-87
2
21
-42
-109
-63
-21
4
2
-51
-75
-40
7
9
-13
-21
1
-10
7
31
52
30
-23
-61
34
134
122
-24
-89
7
129
114
-16
-99
35
150
78
-98
-171
-21
178
161
-48
-245
-196
50
197
34
-198
-206
-36
135
85
-145
-206
-26
93
7
-147
-92
66
84
-64
-142
-52
111
106
-46
-47
71
111
40
-14
30
97
90
5
-38
7
106
67
35
66
64
0
-12
41
96
74
-9
-65
17
111
60
-62
-86
3
95
39
-92
-134
-34
102
120
-42
-185
-146
21
102
3
-125
-127
21
111
-37
-178
-85
105
147
13
-141
-115
93
213
116
-96
-174
31
242
170
-59
-158
3
208
158
-22
-90
30
126
79
-12
-58
18
92
48
-60
-47
9
-26
-71
-62
17
31
-71
-147
-89
52
81
-60
-180
-90
66
56
-71
-114
-58
0
9
-38
-65
-18
-13
-43
1
74
15
-102
-111
88
203
95
-118
-183
-16
181
203
15
-125
-50
120
180
61
-107
-83
74
152
15
-100
-107
33
171
85
-131
-231
-81
142
133
-83
-201
-127
8
79
15
-103
-118
-58
-2
-42
-44
-7
18
-32
-67
-56
-5
53
19
-12
42
73
20
-27
23
117
131
20
-95
-28
129
182
31
-67
-43
52
105
82
49
19
-20
-22
44
111
88
-43
-153
-71
138
176
-59
-246
-122
119
197
7
-239
-215
63
201
11
-228
-221
27
217
76
-173
-229
-16
201
136
-72
-154
-45
113
186
80
-90
-125
50
195
127
-7
-82
8
135
90
-5
-4
95
127
-15
-114
-28
149
190
2
-152
-78
19
22
-24
-35
-44
-55
-67
-56
-30
-7
-4
-41
-89
-44
-4
-31
-65
-27
-18
-64
-83
-6
50
5
-69
-90
-11
70
9
-62
-41
47
109
40
-53
-99
6
127
121
-7
-54
34
118
109
-3
-124
-57
141
178
-13
-159
-136
52
178
95
-112
-244
-118
110
145
-41
-198
-166
-2
127
57
-166
-220
-47
98
47
-90
-121
-35
64
23
-85
-109
28
82
75
59
-19
-62
5
122
143
81
-52
-81
28
161
140
-6
-43
17
82
90
47
8
-9
-10
66
108
55
-45
-86
-6
79
71
-14
-101
-83
21
101
56
-66
-136
-83
11
57
-31
-119
-104
30
91
-7
-131
-125
29
144
123
-75
-190
-90
149
266
140
-137
-222
12
269
253
3
-220
-94
174
240
67
-67
-22
69
42
-1
23
45
33
-1
-39
19
20
-61
-77
-28
4
-34
-87
-114
-50
31
40
-61
-126
-51
-25
-34
-26
-46
-59
-85
-30
37
17
-53
-105
-50
33
36
3
-23
-32
34
48
21
-18
-23
17
70
93
48
10
17
25
24
22
-5
67
98
3
-97
-88
33
134
78
-80
-167
-92
29
87
-4
-128
-124
-44
46
25
-102
-111
-26
55
-38
-166
-97
87
124
-35
-176
-126
80
153
13
-62
9
83
51
5
25
103
122
11
-76
-1
149
175
-6
-94
19
123
90
28
-1
1
26
53
32
42
23
-33
-48
25
88
44
-110
-149
2
125
84
-92
-196
-113
77
131
-25
-210
-180
15
196
77
-186
-206
10
210
132
-119
-236
-35
250
266
-12
-242
-101
186
258
64
-141
-99
126
213
61
-78
-55
122
171
13
-130
-68
98
175
55
-99
-107
-49
-13
24
12
-30
-125
-136
-40
56
61
-54
-180
-87
77
35
-105
-160
-59
81
38
-88
-106
-51
33
17
-63
-38
18
22
-27
-10
71
113
-2
-119
-84
92
193
81
-82
-58
108
165
44
-104
-93
82
187
53
-107
-134
4
127
113
-37
-172
-124
20
93
6
-112
-114
-61
13
5
-60
-76
-34
-43
-98
-93
43
92
-4
-135
-115
19
111
38
-103
-24
126
131
-13
-82
7
170
164
6
-90
-46
120
190
84
-63
-92
14
147
173
49
-114
-106
78
209
122
-105
-205
-49
184
198
-71
-254
-158
110
232
67
-191
-255
-67
157
117
-116
-222
-91
122
144
-81
-231
-84
141
166
-28
-175
-98
89
215
144
-60
-142
-27
149
194
75
-102
-116
91
214
123
-47
-80
60
138
64
-51
-76
60
130
18
-95
-61
-10
-21
-11
6
-43
-109
-115
-28
40
26
-53
-121
-71
7
-5
-48
-47
-36
-43
-89
-33
61
13
-86
-120
-37
113
122
-70
-158
-16
163
133
-34
-132
-61
108
177
58
-66
-27
70
93
36
-46
-50
69
108
37
-62
-76
-34
53
102
10
-131
-142
-30
102
58
-144
-209
-48
101
89
-123
-191
-54
70
16
-115
-121
15
103
15
-134
-131
43
131
55
3
-18
-15
56
100
63
-4
-1
48
94
112
44
-87
-62
123
212
61
-101
-96
85
164
77
-37
-48
16
59
35
-1
-15
-9
-17
-30
-8
-10
0
-5
-45
-63
-22
24
-31
-64
-65
-23
38
22
-95
-137
-25
154
137
-38
-170
-143
64
275
197
-93
-262
-57
227
302
86
-205
-183
120
264
140
-96
-95
104
157
27
-119
-50
106
140
-12
-84
-48
-41
-47
-14
36
6
-136
-187
-54
145
127
-115
-265
-109
111
105
-47
-179
-158
-33
78
109
-29
-155
-145
-17
119
113
-37
-174
-99
106
201
79
-125
-166
1
186
169
-32
-92
7
100
106
22
-70
-56
94
174
41
-167
-165
37
227
133
-133
-254
-106
112
138
-55
-173
-130
0
80
-2
-135
-86
26
-18
-141
-122
67
163
33
-200
-199
37
193
92
-113
-120
99
196
85
-75
-82
94
196
104
-61
-102
42
146
124
57
-11
-43
4
112
145
26
-79
-51
66
153
55
-121
-133
19
160
83
-119
-193
-30
160
147
-84
-242
-160
75
175
15
-202
-177
32
168
22
-208
-171
98
258
81
-223
-276
38
354
247
-177
-309
8
318
273
-26
-234
-94
177
223
59
-64
-41
73
99
21
-19
7
41
44
6
2
-29
-115
-86
16
80
6
-127
-194
-76
83
86
-33
-157
-113
36
44
-77
-103
-61
11
18
-34
-91
-50
-6
17
20
-16
-21
-47
-31
70
101
35
-48
-77
3
136
131
-2
-64
21
65
60
36
-31
-5
93
80
-12
-80
-53
32
83
51
-81
-137
-76
59
97
-37
-151
-129
6
103
13
-152
-138
-17
61
-34
-94
-49
8
9
-37
-66
-4
63
-5
-58
37
124
40
-48
-15
90
138
54
-28
-20
60
108
45
0
23
47
44
73
79
17
-74
-21
86
135
57
-88
-100
37
142
47
-127
-170
-40
113
118
-35
-187
-114
44
105
-19
-162
-144
23
166
36
-180
-209
4
216
152
-106
-249
-77
188
261
76
-156
-170
53
249
172
-22
-158
-53
198
204
20
-89
-19
119
113
4
-62
-36
74
100
7
-44
-69
-57
-34
23
48
-46
-156
-124
6
84
13
-112
-147
-22
54
-7
-88
-58
-38
-39
-38
0
-18
-58
-90
-21
85
87
-58
-152
-48
162
191
-13
-185
-120
117
240
87
-116
-114
65
194
147
-66
-181
-53
199
224
-4
-208
-169
60
222
128
-159
-296
-115
167
197
-50
-254
-204
17
164
48
-144
-161
-45
33
-16
-80
-51
20
21
-38
-107
-67
68
78
44
18
-2
-24
5
100
156
94
-65
-91
8
163
165
-5
-73
16
93
103
46
1
-13
21
74
60
30
-1
-21
-21
8
52
25
-43
-74
-58
16
90
34
-113
-156
-56
75
65
-61
-156
-68
88
113
-68
-185
-77
120
184
20
-189
-181
83
305
185
-147
-253
-4
299
255
-30
-251
-53
227
244
31
-118
-14
142
98
-61
-80
28
134
73
-63
-66
0
-46
-82
-39
21
11
-82
-157
-68
57
86
-53
-172
-94
-7
2
-12
-58
-83
-70
26
51
-25
-100
-111
-34
70
77
-22
-86
-39
86
109
8
-77
-33
56
86
45
10
10
30
37
58
23
-34
4
117
104
-39
-156
-100
114
205
48
-207
-260
-41
204
118
-107
-224
-145
73
161
-13
-167
-134
4
2
-74
-72
9
59
-5
-99
-96
25
96
33
-11
36
63
11
-33
37
137
147
-14
-104
-34
138
173
34
-100
-7
150
116
-9
-26
18
59
63
16
35
37
-4
-68
-37
63
76
-23
-112
-88
50
131
15
-164
-178
-8
105
32
-107
-143
-34
104
63
-115
-171
-14
145
128
-57
-203
-72
187
255
42
-188
-152
98
250
142
-76
-152
18
190
123
-3
-13
63
81
0
-64
28
92
59
-66
-85
23
54
-35
-80
-39
0
-50
-100
-70
-14
32
-14
-95
-102
-11
-3
-70
-69
-20
9
-41
-57
-22
-3
-19
-58
-61
29
84
18
-97
-60
105
170
11
-160
-107
107
244
90
-128
-108
102
202
94
-125
-157
67
269
128
-167
-249
-8
229
188
-79
-242
-148
63
142
20
-152
-177
-47
96
86
-91
-189
-75
67
35
-101
-109
-3
45
8
-67
-61
8
27
-14
44
126
69
-67
-101
55
224
176
-66
-148
-7
183
186
-21
-102
3
128
96
17
3
5
10
29
72
79
-16
-90
-55
68
127
10
-131
-156
-20
134
138
-66
-222
-155
57
156
18
-171
-185
-15
137
63
-120
-162
-1
169
86
-87
-151
-17
155
171
17
-132
-80
98
200
122
-74
-117
27
173
167
11
-94
-12
114
100
-10
-42
30
68
37
-33
-23
-48
-53
-29
-4
6
-41
-115
-101
26
74
-22
-155
-111
19
42
-32
-97
-77
-9
9
-13
-21
-36
-52
-51
-15
65
32
-57
-68
25
117
73
-52
-109
-19
131
153
19
-89
-8
100
105
32
-61
-47
85
129
39
-89
-128
-5
151
97
-89
-187
-91
62
101
-53
-148
-119
-1
68
0
-128
-110
-7
41
-54
-149
-65
76
78
-40
-139
-107
50
121
11
-17
25
45
20
3
55
109
73
-27
-35
38
134
95
-8
-29
47
100
69
8
-37
-15
66
102
33
-8
-17
3
20
25
2
-21
-53
-44
24
59
30
-86
-142
-36
64
53
-83
-157
-64
79
109
-54
-173
-98
78
146
47
-94
-142
-17
188
205
14
-178
-95
130
232
96
-110
-109
71
191
125
-20
-48
61
98
24
-64
-12
101
102
-34
-68
9
-6
-78
-72
4
66
-47
-157
-133
12
95
21
-163
-150
-4
47
-17
-98
-54
-13
-47
-23
14
-11
-69
-109
-7
88
37
-82
-78
44
144
72
-85
-148
-7
195
195
0
-156
-97
106
192
89
-68
-118
34
158
96
-83
-167
-56
140
170
-29
-233
-191
44
221
68
-219
-282
-62
176
149
-112
-244
-119
44
62
-32
-67
-29
-11
-41
-50
13
56
-19
-54
56
119
53
-43
-46
87
197
108
-68
-106
36
180
120
-30
-34
67
94
43
-10
13
88
69
3
-22
22
42
4
-39
8
46
7
-66
-91
-10
103
96
-94
-206
-77
118
89
-88
-183
-91
96
117
-76
-189
-68
127
137
-19
-129
-102
85
195
101
-88
-135
39
169
155
10
-102
-6
100
85
21
26
99
68
-65
-65
61
142
80
-64
-108
5
109
-25
-140
-74
37
35
-100
-175
-72
92
68
-85
-177
-102
49
45
-72
-107
-51
4
-8
-21
-38
-38
-73
-72
23
101
45
-98
-117
17
179
143
-78
-198
-64
205
257
36
-199
-121
157
278
61
-216
-149
172
296
38
-243
-225
75
272
123
-179
-292
-93
174
198
-69
-269
-187
30
180
45
-177
-178
-2
96
-9
-153
-123
27
101
14
-141
-112
52
124
46
-3
-9
-9
38
107
112
65
-8
-52
41
133
107
-49
-67
67
130
50
-7
26
88
51
-29
-38
78
122
5
-141
-69
110
140
-50
-195
-97
105
162
-20
-194
-176
50
155
4
-195
-159
16
151
38
-169
-176
12
165
102
-54
-143
-70
83
174
102
-36
-86
2
102
157
62
-65
-45
81
142
59
-40
7
105
90
-12
-49
-22
75
107
-4
-64
-79
-59
-13
4
-3
-50
-88
-86
-44
20
25
-43
-116
-99
4
35
-10
-60
-108
-90
2
76
27
-90
-141
-64
112
139
-37
-180
-89
160
233
33
-191
-175
65
244
167
-76
-149
13
164
151
10
-126
-49
124
160
27
-149
-137
60
200
93
-172
-279
-72
184
177
-123
-284
-161
108
228
-7
-263
-234
6
153
32
-153
-148
-3
104
22
-128
-119
63
116
54
29
-7
-37
-16
87
152
89
-22
-80
-16
136
159
31
-61
-41
54
144
105
10
-64
-50
55
137
93
0
-121
-103
57
166
95
-133
-220
-52
149
151
-27
-190
-156
30
131
13
-151
-150
-12
97
44
-111
-132
21
132
61
-72
-132
-24
129
170
63
-75
-77
40
131
155
34
-83
-16
119
103
-11
1
121
129
-36
-142
-31
153
193
12
-176
-111
65
83
-11
-126
-113
-33
17
-23
-65
-67
-50
-41
-15
16
-32
-116
-88
5
21
-54
-57
-15
-3
-25
-41
-50
-20
32
35
-23
-25
4
42
66
6
-76
-62
81
180
83
-92
-103
57
197
132
-98
-163
27
208
143
-95
-229
-82
171
193
-54
-256
-146
94
164
-36
-200
-176
5
139
15
-143
-142
-25
52
-23
-104
-51
28
35
-25
-73
-44
28
3
10
90
80
-31
-58
64
193
145
-43
-138
-10
168
190
-12
-128
-2
153
152
20
-66
-33
70
124
83
-22
-61
4
34
35
37
-17
-76
-85
-7
93
89
-47
-166
-105
25
77
-16
-124
-123
6
101
35
-161
-156
42
179
98
-94
-165
-53
112
193
85
-98
-124
53
178
127
-27
-104
27
196
110
-56
-45
105
134
-9
-111
-1
126
91
-31
-124
-23
64
3
-102
-79
4
21
-54
-117
-75
21
40
-56
-128
-75
-46
-10
31
-2
-96
-129
-18
98
22
-114
-160
-18
132
89
-81
-159
-28
144
173
49
-120
-168
5
208
204
1
-153
-60
128
191
54
-133
-65
121
151
0
-126
-91
68
94
16
-80
-115
-40
45
4
-45
-56
-66
-63
-21
-17
-37
-4
-29
-97
-121
-31
88
76
-77
-159
-99
83
146
1
-71
28
91
52
-31
-8
108
125
43
-39
-6
77
89
44
13
41
42
11
31
67
38
15
12
26
80
45
-50
-62
24
103
18
-130
-168
11
160
100
-88
-205
-99
62
83
-47
-157
-98
46
86
-36
-121
-78
45
101
56
-74
-118
-12
120
131
21
-60
-25
102
112
48
-26
-47
68
109
70
5
10
64
83
31
-60
-19
83
99
-8
-79
-34
-5
-22
-22
-5
-34
-79
-92
-63
-5
22
-14
-87
-85
-14
-13
-51
-73
-41
6
-29
-54
-13
-6
-44
-58
-44
32
54
-21
-102
-3
137
141
-22
-170
-89
162
280
55
-212
-152
127
278
142
-160
-211
76
289
151
-156
-218
-38
149
178
0
-199
-218
-27
146
95
-79
-209
-144
56
124
-25
-161
-120
-29
-11
-22
-9
-6
-24
-46
-79
-38
62
62
-29
3
63
58
0
-18
42
121
111
-9
-82
-20
129
151
30
-35
-9
34
89
121
36
-76
-45
82
152
70
-84
-140
19
141
83
-65
-132
-74
39
77
27
-69
-125
-60
37
63
-43
-129
-123
25
107
-5
-127
-92
51
115
49
-95
-106
11
165
146
-45
-129
-1
174
173
20
-129
-59
153
172
22
-75
17
181
145
-83
-170
10
226
149
-98
-185
-27
86
45
-75
-119
-19
30
-50
-153
-75
40
46
-71
-115
-66
-15
18
-47
-83
-58
-14
16
12
-55
-115
-58
54
110
19
-141
-127
71
204
103
-106
-197
-51
178
253
51
-161
-138
107
267
117
-165
-206
61
277
157
-143
-244
-49
200
195
-69
-264
-180
82
196
38
-207
-240
-39
146
97
-108
-204
-81
45
18
-91
-70
16
47
-28
-93
-34
63
69
-21
-20
15
67
50
10
46
89
92
13
-49
-8
117
138
10
-53
17
77
85
50
16
-41
23
113
101
-5
-79
-65
36
102
65
-51
-149
-87
69
138
34
-132
-173
-43
102
62
-87
-167
-68
107
124
-78
-204
-84
139
152
-10
-172
-134
87
263
115
-144
-160
76
210
150
-36
-141
-33
163
198
15
-102
9
146
108
-47
-95
-11
108
95
-12
-61
-40
-71
-74
20
70
3
-142
-183
-65
88
88
-68
-173
-66
64
16
-91
-135
-33
42
-5
-49
-61
-40
-49
-23
45
78
-13
-124
-72
90
146
50
-102
-143
11
200
175
-22
-162
-61
168
231
44
-189
-129
151
257
50
-184
-176
61
189
70
-142
-172
-26
125
30
-113
-143
-47
33
19
-50
-97
-51
-10
-22
-76
-95
-10
77
43
-68
-141
-76
97
153
17
-71
-16
53
73
71
52
27
31
29
45
50
41
-12
17
107
113
19
-62
20
113
79
-30
-30
46
96
6
-68
-41
55
79
-32
-166
-102
94
162
11
-173
-171
-4
120
21
-138
-172
-8
118
70
-138
-189
10
184
97
-122
-186
-36
163
218
43
-155
-96
92
198
129
-38
-123
12
166
123
-21
-61
65
137
58
-51
-62
18
117
96
-28
-93
-71
-32
8
36
-17
-95
-91
-50
-4
-2
-33
-49
-95
-64
16
5
-57
-51
-62
-69
-8
47
-11
-92
-93
-24
76
82
-29
-115
-54
88
156
54
-100
-132
0
158
165
-27
-123
-18
159
188
19
-161
-100
142
223
41
-162
-171
18
177
137
-81
-215
-127
66
129
-17
-192
-157
24
142
15
-187
-188
2
116
-24
-189
-129
89
165
-9
-209
-161
83
161
73
-15
-45
-25
32
105
116
46
-5
-34
18
108
124
9
-52
4
77
85
61
34
-13
-18
16
96
106
6
-111
-62
89
129
11
-141
-160
-12
142
113
-62
-183
-120
27
115
15
-147
-185
-17
175
94
-155
-223
-16
202
151
-73
-188
-78
141
228
70
-131
-126
71
200
129
-54
-107
50
196
106
-53
-51
111
168
32
-146
-106
117
251
91
-172
-156
-4
92
34
-75
-114
-57
-25
-26
-23
-45
-49
-54
-44
5
5
-86
-126
-48
43
27
-20
-113
-101
-24
43
22
-1
-31
-75
-57
54
141
92
-59
-149
-58
127
181
44
-119
-82
107
203
101
-102
-168
21
232
166
-106
-231
-92
151
213
10
-239
-221
42
207
83
-148
-222
-118
72
113
-13
-158
-106
1
-11
-100
-70
46
68
-36
-148
-76
67
133
-10
-91
15
117
69
-4
-21
61
153
74
-56
-63
76
174
68
-33
-34
51
117
89
1
-16
-29
42
104
87
16
-77
-89
27
152
71
-127
-205
-60
173
211
-39
-252
-199
59
189
41
-200
-244
5
248
93
-237
-265
31
290
178
-116
-293
-113
218
326
46
-225
-174
128
304
173
-120
-213
6
232
174
-40
-88
81
166
35
-119
-70
107
167
12
-144
-92
20
35
-21
-56
-50
-49
-55
-59
-59
-35
-27
-11
-14
-56
-96
-97
-30
52
36
-116
-152
-36
87
78
-78
-164
-36
103
91
-32
-84
-2
66
50
-22
-20
38
52
25
-5
29
92
96
16
-67
-67
93
169
63
-108
-140
-6
141
116
-31
-164
-128
40
122
-10
-156
-131
-60
66
97
-75
-168
-71
34
-22
-98
-70
31
58
-15
-97
-74
29
81
3
-3
48
56
13
4
56
111
76
-10
-60
16
136
134
2
-82
9
143
126
36
-47
-39
13
82
115
68
-38
-123
-49
118
138
-15
-183
-140
30
154
98
-89
-211
-105
87
115
-54
-179
-128
39
122
6
-149
-132
38
144
73
-86
-176
-55
186
247
28
-200
-125
132
240
133
-86
-144
38
192
99
-44
-26
100
128
-1
-93
-53
109
157
1
-171
-104
50
57
6
-61
-92
-78
-38
3
13
-62
-86
-48
15
28
-89
-144
-14
64
7
-83
-80
-39
-23
-26
-18
28
49
-21
-96
-33
121
131
-24
-125
-79
69
153
74
-53
-63
53
168
99
-55
-130
-20
170
182
-11
-162
-102
88
145
38
-83
-153
-94
37
72
2
-94
-125
-77
24
44
-67
-117
-45
14
-42
-128
-60
72
91
-40
-153
-111
69
139
4
-58
35
59
21
30
67
79
50
-23
-31
68
122
69
-36
-27
74
85
37
6
16
9
20
60
59
35
-26
-48
9
91
66
-71
-136
-48
56
80
20
-95
-136
-44
50
32
-52
-118
-71
49
85
-44
-154
-92
90
166
22
-165
-167
50
252
209
-74
-236
-66
218
288
94
-180
-190
99
285
155
-90
-109
58
167
96
-78
-100
35
166
50
-84
-61
-50
-42
-11
39
-10
-115
-147
-61
78
67
-72
-167
-59
72
24
-100
-118
-27
47
-17
-109
-92
-9
57
39
-57
-86
-20
55
49
18
-12
-24
-2
28
34
7
-2
30
80
76
2
-14
29
21
13
75
85
5
-104
-81
30
108
84
-36
-163
-139
14
107
34
-104
-158
-85
43
37
-54
-64
-33
-66
-131
-68
85
107
-42
-179
-143
58
206
58
-155
-91
126
176
41
-91
-41
133
183
28
-100
-29
124
129
19
-12
43
59
27
0
9
38
78
65
27
-4
-17
-10
24
43
45
-27
-107
-113
25
163
118
-125
-260
-113
118
146
-40
-193
-142
65
183
1
-217
-166
77
221
79
-171
-205
34
244
187
-49
-177
-41
146
190
82
-100
-89
70
166
87
-21
17
87
65
-26
-66
10
110
82
-51
-72
-7
-40
-45
31
18
-78
-152
-111
21
100
17
-152
-177
10
129
-17
-182
-152
33
101
-26
-114
-103
-24
51
-2
-40
-16
6
-8
-3
25
31
17
-19
-41
14
78
60
-1
3
47
104
70
-30
-96
-7
162
177
-38
-190
-134
106
221
78
-153
-236
-54
143
95
-58
-134
-153
-47
99
65
-92
-126
-54
12
-30
-94
-42
44
64
-56
-118
-57
78
85
-27
-18
60
59
16
5
32
83
92
38
-19
-5
64
73
53
47
23
-9
33
105
85
-37
-58
38
151
98
-78
-151
-18
155
140
-49
-198
-132
82
210
65
-185
-243
-41
174
110
-125
-225
-63
141
92
-105
-214
-71
126
140
-1
-103
-101
22
140
129
-11
-69
-24
42
98
130
28
-43
-3
31
70
119
108
20
-87
-84
60
182
101
-90
-159
7
126
4
-135
-122
15
89
-24
-160
-151
9
110
13
-139
-139
-18
50
-4
-46
-97
-117
-3
98
11
-111
-124
-30
70
56
-12
-75
-5
87
62
-58
-67
24
88
81
14
-45
-17
76
135
69
-26
-89
-26
141
165
-2
-169
-124
48
192
106
-111
-236
-117
94
183
-1
-224
-201
-10
177
103
-176
-223
-57
96
4
-142
-86
78
94
-60
-163
-75
119
121
-14
-62
6
67
61
33
49
82
38
-31
-18
68
135
32
-33
13
77
75
57
37
-28
-39
46
109
103
-20
-125
-49
109
145
-6
-162
-121
26
111
89
-35
-152
-117
18
67
-12
-115
-124
4
109
29
-151
-169
27
208
99
-109
-237
-55
188
251
78
-153
-145
56
213
159
-18
-110
4
124
95
20
22
93
76
-40
-86
6
142
114
-40
-124
0
91
-8
-137
-120
27
116
-34
-205
-153
55
165
14
-227
-197
9
126
55
-140
-208
-75
133
129
-74
-192
-109
61
121
24
-85
-118
-6
129
135
-21
-134
-117
102
226
93
-119
-121
68
187
145
-58
-145
-12
176
160
-33
-201
-128
116
251
72
-249
-321
-18
265
170
-156
-298
-134
123
196
-20
-226
-207
-10
103
1
-109
-58
38
20
-76
-94
5
72
13
-2
52
82
34
-40
-10
118
150
28
-84
-66
100
183
47
-47
-8
66
119
46
-3
-6
4
30
77
105
30
-96
-64
41
126
65
-117
-174
-18
148
127
-57
-205
-151
65
143
13
-171
-177
-7
135
62
-144
-196
30
184
99
-92
-159
-44
149
186
8
-119
-43
102
150
76
-33
-60
47
138
61
-22
15
119
69
-48
-65
35
104
83
-8
-95
-53
29
-11
-39
-26
-3
-56
-111
-106
-11
58
-4
-69
-107
-45
7
-36
-54
-46
-43
-39
-26
-14
-31
-53
-29
-13
17
23
-29
-49
-26
72
94
7
-90
-88
52
180
105
-72
-94
40
164
108
-50
-127
23
194
122
-99
-205
-38
171
165
-22
-189
-161
19
126
15
-137
-119
-19
41
39
-65
-126
-71
7
15
-84
-95
-26
56
51
-40
-119
-70
53
75
64
72
-3
-57
-24
96
167
121
-26
-94
-11
126
149
22
-66
19
98
101
22
-16
-13
20
68
91
69
-17
-89
-46
64
129
1
-131
-122
37
149
79
-152
-227
-49
137
85
-107
-229
-83
148
154
-68
-244
-128
120
203
25
-172
-160
30
207
162
-36
-141
-37
83
176
129
-50
-117
26
154
107
-9
-12
80
117
18
-114
-42
124
158
-9
-185
-92
98
71
-43
-110
-77
-11
-24
-74
-35
-2
-12
-52
-55
-26
-48
-38
-18
-24
-72
-82
10
57
-21
-127
-102
50
131
39
-113
-135
24
173
101
-79
-160
-40
162
199
42
-124
-91
97
204
105
-109
-169
39
251
154
-141
-234
-43
209
186
-48
-246
-183
69
222
50
-182
-230
-71
124
137
-70
-216
-161
51
94
-39
-125
-64
30
71
-40
-130
-49
65
66
56
44
-5
-36
9
94
140
103
-29
-104
-32
115
177
62
-76
-40
62
109
94
16
-55
-51
41
142
113
-53
-158
-68
135
177
-3
-212
-175
63
209
92
-149
-228
-72
96
97
-36
-154
-105
20
79
4
-110
-106
19
108
65
-63
-123
-8
145
150
6
-113
-33
133
187
43
-98
-76
108
172
65
-51
-26
126
144
-15
-123
-11
152
149
-57
-166
-23
80
19
-86
-94
-43
17
-21
-89
-71
-10
22
-36
-82
-68
-37
7
-2
-60
-97
-55
39
52
-39
-117
-120
10
141
88
-107
-165
-5
182
157
-59
-227
-114
172
288
112
-170
-192
38
287
183
-123
-235
11
277
196
-130
-287
-61
239
223
-69
-304
-172
119
199
-40
-230
-171
48
159
15
-188
-199
-3
117
-15
-175
-100
80
128
-22
-195
-138
98
158
2
-59
28
56
16
20
52
78
55
-5
-26
53
138
83
-62
-44
99
147
34
-22
19
65
58
-6
-2
58
16
-43
-29
58
103
12
-125
-151
6
177
136
-113
-268
-125
132
193
-17
-257
-205
85
246
22
-267
-197
103
245
64
-187
-224
43
293
228
-111
-252
-47
227
255
37
-151
-87
127
189
60
-78
-30
140
111
-9
-98
-20
111
117
-2
-76
-41
-73
-80
0
83
35
-126
-205
-80
91
77
-77
-155
-50
59
3
-107
-117
-30
43
-19
-62
-53
-23
-9
-44
-16
36
14
-70
-81
55
169
58
-137
-160
28
204
163
-30
-160
-56
155
234
44
-193
-151
152
285
58
-240
-220
102
283
120
-172
-303
-112
184
196
-52
-235
-200
34
181
61
-185
-200
-36
87
13
-113
-114
21
104
-12
-123
-113
31
129
64
9
5
-29
-15
87
128
86
1
-35
17
78
89
13
-2
77
96
6
-34
59
107
42
-44
-31
87
131
1
-112
-49
104
112
-36
-167
-109
75
195
53
-194
-227
-16
141
79
-99
-199
-81
111
113
-92
-190
-66
107
140
18
-126
-123
12
185
161
-27
-107
-37
106
194
67
-113
-87
96
175
71
-62
-5
115
99
-13
-90
-21
120
146
-35
-150
-88
-10
44
36
-33
-119
-134
-33
62
32
-87
-130
-73
29
28
-58
-95
-60
-3
-11
-43
-12
-12
-57
-62
-45
43
75
-2
-99
-84
44
126
70
-75
-97
-9
136
136
19
-57
-11
72
98
31
-37
-16
89
114
14
-120
-96
52
149
72
-79
-199
-98
87
92
-35
-119
-125
-45
64
65
-73
-159
-76
8
-12
-56
-48
28
40
-40
-118
-83
41
97
36
11
13
10
1
35
106
106
30
-51
-37
67
148
52
-62
-28
90
118
64
-5
-25
5
42
72
56
4
-30
-20
20
82
28
-88
-113
1
83
51
-51
-125
-70
30
64
-43
-133
-98
-14
71
46
-93
-117
-18
87
83
-32
-101
-54
77
174
55
-96
-60
61
140
127
-13
-80
20
154
74
-45
4
142
158
-33
-177
-70
182
260
30
-241
-153
66
114
-15
-129
-95
20
21
-93
-98
-14
20
-20
-89
-64
6
-3
-48
-76
-62
-34
19
35
-39
-115
-70
39
74
14
-54
-77
-21
66
84
33
-56
-76
6
125
135
28
-93
-65
95
200
89
-139
-135
87
209
55
-164
-173
46
216
114
-153
-269
-65
175
150
-62
-224
-191
23
170
43
-161
-202
-38
75
8
-91
-85
9
48
-25
-95
-39
39
26
8
89
83
-21
-90
0
163
192
38
-149
-118
143
245
61
-120
-68
96
163
107
-20
-93
-33
95
135
79
-27
-89
-32
64
97
4
-132
-90
12
82
81
-27
-131
-130
9
94
23
-138
-165
-6
150
67
-154
-202
8
174
118
-66
-151
-61
127
161
25
-77
-5
61
93
109
2
-42
18
100
64
-13
35
103
81
-30
-81
5
114
96
-21
-102
-24
75
11
-118
-99
-6
32
-28
-129
-100
13
72
-2
-128
-112
-40
-5
24
4
-88
-137
-47
69
58
-56
-119
-75
45
91
-11
-90
-55
41
84
18
-50
-46
38
126
70
-36
-47
42
122
109
-53
-128
14
198
125
-112
-203
-16
202
185
-67
-266
-164
82
214
37
-207
-211
-33
130
97
-103
-190
-71
65
40
-84
-140
-56
95
87
-62
-159
-77
65
92
64
45
-12
-52
34
138
133
33
-51
-64
48
155
112
-34
-43
45
115
73
22
3
10
11
43
83
66
-29
-96
-48
71
163
31
-172
-175
46
187
95
-148
-246
-41
183
130
-147
-288
-124
172
220
-51
-297
-173
148
260
71
-202
-236
-5
256
244
-41
-182
-99
98
225
144
-64
-157
-4
183
145
6
-35
62
77
-18
-74
14
143
111
-30
-147
-56
72
43
-60
-112
-51
5
-12
-69
-91
-35
3
-15
-44
-54
-76
-78
3
36
-38
-106
-52
27
10
-62
-97
-20
78
47
-54
-107
-12
99
116
10
-105
-75
64
156
114
-40
-98
15
143
152
-5
-123
-34
130
149
-21
-160
-84
99
178
15
-173
-180
-6
150
58
-105
-188
-107
35
114
-12
-152
-140
-3
34
-36
-82
-34
35
11
-66
-104
6
98
37
-26
15
60
58
-4
-4
85
146
49
-77
-70
68
171
99
-48
-66
41
123
120
15
-74
-45
86
157
48
-83
-118
12
145
104
-59
-167
-88
71
100
31
-86
-148
-59
58
72
-43
-163
-115
67
120
-28
-166
-137
52
163
73
-122
-156
-3
203
206
-29
-187
-60
175
242
69
-152
-148
99
231
106
-70
-35
121
133
-35
-116
3
159
140
-51
-145
-23
57
5
-64
-75
-27
9
-38
-121
-81
38
84
-41
-129
-89
-29
6
2
-43
-92
-85
22
55
-24
-97
-101
0
102
44
-75
-99
-11
100
104
36
-107
-133
45
181
137
-44
-99
25
137
112
-46
-126
40
177
109
-80
-161
-42
126
147
-34
-209
-146
58
160
16
-187
-207
-42
142
116
-110
-232
-85
73
16
-102
-70
21
51
-13
-101
-86
33
76
18
19
62
9
-39
9
112
166
57
-86
-103
68
206
117
-90
-72
76
156
71
-36
-66
14
103
101
61
-18
-73
-29
74
133
44
-140
-197
-51
158
193
-3
-232
-215
41
213
77
-196
-299
-72
238
234
-112
-330
-148
216
282
-8
-292
-224
135
323
160
-144
-234
26
257
181
-29
-138
-28
122
179
46
-65
-8
127
102
-29
-102
11
135
94
-51
-80
4
-12
-67
-52
7
31
-43
-126
-104
3
66
-4
-120
-120
7
28
-25
-76
-87
-50
-29
9
31
-32
-118
-122
27
158
60
-132
-183
13
216
183
-66
-236
-110
195
262
45
-171
-139
116
260
139
-175
-214
36
286
173
-126
-255
-67
210
238
-56
-299
-193
89
179
43
-138
-200
-110
71
126
-28