#4
-200
-4
144
-14
-293
-268
78
302
66
-350
-380
23
283
111
-208
-250
-42
68
18
-13
-33
-112
-173
-100
53
49
-86
-164
-113
-105
-140
-84
16
2
-238
-407
-226
110
106
-256
-431
-197
78
-10
-225
-282
-139
-10
-82
-187
-124
-74
-173
-209
-20
69
-111
-269
-136
121
103
-196
-297
37
306
100
-305
-290
104
332
50
-253
-173
78
143
-46
-184
-75
18
-31
-94
-93
-107
-94
-47
-16
-80
-236
-245
32
193
-48
-423
-369
91
289
-68
-441
-284
91
154
-137
-277
-65
94
-72
-239
-120
135
117
-134
-214
-5
135
37
-59
16
99
-9
-116
-19
147
151
-28
-142
-49
119
72
-74
-32
64
38
-86
-77
49
94
-20
-184
-156
18
84
-30
-158
-212
-189
-71
86
56
-203
-408
-215
158
225
-170
-488
-228
226
239
-172
-395
-97
263
163
-182
-267
-48
179
173
-67
-191
-127
-15
141
206
4
-253
-259
49
329
194
-207
-358
-71
221
158
-103
-168
-60
-23
-151
-68
111
33
-241
-363
-119
129
6
-248
-276
-68
63
-109
-234
-112
-30
-107
-138
-72
18
-95
-268
-157
120
108
-176
-340
-52
291
160
-258
-372
11
358
232
-175
-299
-62
229
251
30
-160
-157
-41
135
175
17
-209
-194
39
159
-39
-235
-127
106
84
-188
-333
-83
209
122
-211
-339
-128
108
76
-134
-152
-46
-77
-139
-49
80
42
-130
-198
-57
79
31
-39
-36
10
-16
-47
60
186
84
-115
-135
83
237
109
-90
-63
86
116
22
-57
-20
44
29
22
100
31
-123
-103
75
116
-95
-245
-78
176
99
-284
-393
-48
298
91
-365
-387
1
227
-15
-297
-205
62
109
-91
-165
-23
87
13
-99
-46
9
-7
37
110
77
-137
-227
25
327
226
-197
-321
-9
299
199
-143
-228
23
169
33
-126
-51
80
-2
-171
-122
76
55
-132
-185
-101
-34
-105
-162
-37
51
-103
-268
-193
57
101
-164
-288
-67
104
-24
-187
-154
11
18
-149
-175
50
175
6
-201
-163
73
186
122
-40
-98
-48
40
158
193
23
-189
-157
129
302
49
-266
-220
129
259
-42
-287
-143
105
122
-86
-223
-134
22
36
1
-41
-142
-228
-117
118
144
-58
-289
-263
58
192
35
-183
-148
-41
-5
24
102
81
-97
-209
-33
251
294
-22
-244
-40
238
213
-59
-136
92
248
63
-119
-36
137
115
-46
-46
98
103
-74
-78
118
134
-119
-254
-42
245
158
-239
-391
-109
209
151
-190
-318
-114
46
9
-38
-81
-120
-160
-37
151
115
-131
-211
17
216
70
-205
-153
200
326
-23
-340
-188
241
363
35
-261
-128
141
155
0
-11
62
-8
-116
-34
132
138
-62
-183
-99
26
54
-43
-97
-80
-117
-165
-48
55
-23
-218
-223
-23
67
-64
-211
-156
23
48
-133
-174
-44
37
-70
-152
-45
54
1
-74
-12
82
1
-139
-85
200
285
-40
-307
-77
314
323
-48
-257
-74
216
179
-68
-127
1
66
-15
-56
-17
-3
-75
-86
7
10
-132
-157
10
168
3
-306
-268
112
233
-39
-272
-166
69
53
-79
-66
43
16
-158
-181
81
278
73
-248
-182
162
277
89
-92
-44
97
114
19
54
162
117
-90
-81
153
240
19
-136
-37
165
164
-33
-84
42
104
-3
-111
-22
89
47
-107
-177
-93
-3
40
-15
-75
-166
-197
-26
124
37
-220
-250
32
245
51
-273
-217
155
297
-10
-314
-158
235
338
54
-221
-186
52
183
155
54
-59
-161
-63
149
246
79
-184
-209
51
243
121
-114
-159
-20
39
-2
-19
-7
-88
-195
-142
46
86
-121
-290
-152
108
83
-197
-268
-24
107
-59
-197
-106
57
12
-178
-124
64
57
-131
-157
85
216
-37
-270
-112
307
372
-51
-372
-114
336
365
11
-220
-112
118
200
95
-33
-92
-88
2
130
75
-113
-203
-41
168
95
-210
-279
26
257
86
-232
-300
-48
166
62
-106
-116
-60
-87
-71
37
122
-6
-172
-150
55
144
31
-63
-15
55
41
9
95
170
78
-72
-60
135
236
85
-81
-51
122
214
44
-97
-12
101
88
48
52
13
-18
-4
46
32
-79
-117
14
144
-4
-280
-261
104
273
-38
-419
-301
138
251
-54
-334
-158
148
149
-92
-162
6
117
45
-97
-53
58
95
74
36
1
-85
-75
107
248
109
-199
-177
136
260
61
-146
-71
119
112
-62
-108
64
150
-34
-213
-87
129
81
-141
-209
-63
36
-65
-151
-55
-1
-65
-189
-156
17
83
-113
-196
-38
65
-45
-173
-114
59
66
-122
-182
65
232
60
-226
-175
117
271
112
-102
-109
35
177
164
97
-35
-128
-3
221
202
-74
-246
-52
212
193
-116
-299
-82
217
191
-185
-350
-128
193
220
-9
-248
-263
-76
127
150
-1
-221
-260
-15
222
130
-161
-260
-34
169
96
-89
-63
89
75
-19
-34
111
184
50
-109
-18
192
199
14
-50
62
152
54
-1
33
92
49
-50
26
166
91
-79
-76
107
110
-125
-186
57
239
18
-308
-302
101
326
-4
-386
-320
85
204
2
-190
-163
-20
58
50
10
-58
-110
-8
121
133
-49
-179
-8
284
238
-145
-325
-10
357
308
-101
-280
-5
237
134
-47
-25
76
33
-83
-45
105
116
-18
-152
-106
34
60
-25
-56
-79
-159
-170
-23
107
-6
-200
-217
-17
56
-41
-168
-148
24
62
-112
-155
-29
65
-16
-136
-106
32
92
10
-49
-26
-18
-7
74
177
89
-112
-109
167
323
62
-208
-124
193
268
13
-212
-81
181
154
-117
-215
-46
135
120
-51
-200
-199
-44
130
156
0
-251
-322
-29
286
176
-209
-337
-89
182
106
-99
-110
11
12
-98
-57
162
214
-56
-249
-40
272
276
-6
-176
7
210
142
1
0
151
137
-22
-20
110
117
6
-48
89
197
69
-144
-72
168
187
-73
-226
-63
189
157
-106
-291
-140
118
142
-56
-213
-212
-57
97
109
-75
-259
-184
127
258
26
-290
-200
200
296
-26
-303
-90
317
331
-79
-320
-109
226
309
87
-146
-134
22
137
176
105
-49
-167
-85
163
228
5
-188
-124
64
84
-55
-76
-6
-35
-152
-157
-11
61
-62
-204
-120
48
-11
-178
-147
3
27
-73
-133
-52
35
-54
-142
-36
75
-8
-137
-83
127
146
-99
-219
29
364
248
-185
-312
60
416
292
-137
-277
15
280
201
-54
-154
-46
108
94
-2
-108
-118
-8
115
90
-169
-317
-100
257
297
-104
-448
-276
213
331
-26
-332
-216
74
126
7
-55
-75
-77
-49
41
122
90
-65
-125
24
155
124
4
-1
93
129
45
-9
76
161
101
21
25
90
38
-27
68
175
120
-73
-122
51
217
148
-96
-202
-65
129
152
15
-155
-237
-122
127
199
-39
-347
-316
58
320
79
-349
-337
86
316
76
-254
-207
110
210
14
-118
-59
96
124
59
21
-44
-78
-13
176
214
12
-180
-75
164
255
35
-161
-93
107
130
-10
-52
42
37
-88
-156
-12
175
71
-185
-267
-91
85
13
-125
-120
-85
-73
-107
-35
32
-94
-209
-86
125
76
-168
-238
-21
165
40
-219
-163
134
230
-38
-211
-53
223
246
2
-151
-42
142
202
108
-31
-40
17
79
121
65
-84
-120
47
202
57
-221
-196
64
248
65
-297
-307
52
283
119
-215
-305
-86
124
109
-28
-97
-130
-108
-3
119
74
-134
-193
-21
130
100
-43
-48
2
55
30
39
147
150
-4
-77
79
188
96
-32
7
157
149
2
-46
52
142
88
-19
-12
81
99
34
6
21
-47
-108
-19
162
119
-179
-346
-110
245
221
-196
-443
-175
215
208
-110
-265
-104
87
76
-5
-50
-37
-14
22
81
70
-59
-79
110
245
59
-239
-203
180
400
124
-245
-193
118
262
91
-118
-34
136
53
-90
-46
156
142
-105
-212
-51
142
73
-114
-167
-108
-46
-38
-12
-9
-95
-183
-128
27
70
-90
-249
-131
113
77
-92
-201
-93
55
31
-82
-96
22
93
14
-67
-42
42
95
132
93
-36
-110
14
240
263
-38
-235
-60
274
278
-78
-282
-63
267
196
-145
-288
-52
201
114
-121
-231
-113
86
157
33
-162
-262
-111
144
165
-76
-228
-128
57
113
-40
-137
-24
104
6
-176
-84
205
220
-60
-232
-22
289
264
-36
-158
55
233
150
-31
-29
143
149
1
-16
121
137
2
-74
77
220
83
-127
-69
159
127
-96
-152
29
156
6
-227
-215
44
181
25
-213
-254
-59
89
73
-34
-176
-171
15
183
115
-124
-233
-20
256
185
-131
-257
34
376
251
-194
-333
-19
308
299
-7
-181
-82
82
132
128
76
-48
-156
-48
191
201
-25
-213
-113
71
96
6
-103
-105
-46
-91
-113
-27
19
-82
-139
-98
-15
-44
-103
-108
-41
14
-62
-136
-38
33
-68
-150
-24
85
-1
-110
-37
124
81
-114
-120
133
300
103
-219
-179
193
402
121
-238
-191
150
296
110
-148
-146
23
126
59
-60
-72
-50
16
59
34
-155
-255
-42
252
200
-162
-399
-148
239
235
-92
-268
-152
45
92
26
-6
-47
-124
-93
83
225
103
-188
-214
110
310
139
-82
-52
129
158
53
6
77
127
77
-3
57
135
48
-66
17
169
167
-21
-112
6
175
160
-97
-214
-54
143
138
-56
-217
-176
16
157
68
-212
-302
-84
159
142
-98
-305
-128
163
200
-79
-247
-27
235
141
-144
-187
45
269
178
-64
-174
-46
108
173
113
-16
-94
-47
91
182
114
-60
-141
13
156
79
-52
-41
49
17
-120
-96
45
86
-25
-190
-197
-20
48
-42
-126
-110
-39
-75
-98
-40
9
-105
-152
-28
97
11
-184
-214
10
200
35
-219
-151
131
192
-43
-187
0
256
204
-74
-171
34
235
168
3
-29
13
35
48
99
81
-47
-111
-5
119
51
-105
-126
37
119
-52
-229
-131
147
217
-67
-325
-204
78
194
29
-144
-149
-96
-20
56
97
-13
-139
-132
9
131
99
-11
-61
-15
57
75
98
120
56
-16
18
150
162
5
-49
80
158
134
5
-81
39
173
91
-44
-49
84
142
41
-68
-72
4
53
64
5
-90
-185
-125
74
159
-31
-299
-267
63
218
37
-256
-239
49
192
49
-137
-138
37
131
89
-29
-100
-47
125
249
105
-196
-269
35
395
325
-135
-359
-46
326
286
-37
-209
-36
146
92
-36
-22
99
52
-134
-159
47
153
-17
-176
-160
-28
21
-82
-138
-58
2
-57
-140
-121
-4
-11
-93
-54
-11
-61
-122
-102
38
61
-84
-167
-25
155
131
-64
-177
-33
148
200
87
-45
-89
25
174
214
68
-137
-150
107
327
157
-178
-282
6
306
147
-210
-259
27
231
61
-222
-260
-10
182
125
-81
-242
-212
27
172
63
-137
-234
-108
110
122
-43
-139
-62
26
14
-11
38
132
55
-131
-136
126
310
174
-116
-141
99
258
157
-23
-30
58
73
104
109
76
4
-63
38
206
161
-84
-142
55
195
56
-172
-158
93
190
-34
-294
-186
126
193
-54
-295
-211
76
132
-34
-146
-129
-25
94
72
-58
-122
-45
148
141
-31
-171
-48
233
291
-52
-316
-119
286
379
30
-275
-145
158
262
68
-85
-42
33
40
35
69
45
-34
-84
-27
56
44
-86
-105
-34
-16
-105
-142
-85
38
6
-122
-163
-111
-19
7
-69
-123
-75
-16
-5
-26
-84
-119
-68
54
55
-54
-85
17
109
35
-111
-41
185
226
-16
-202
-35
276
311
5
-231
-66
210
226
-13
-143
-32
94
71
-37
-58
-17
-24
-24
-1
-33
-97
-105
23
108
-9
-196
-208
38
171
34
-179
-186
-29
74
33
-22
-13
-23
-105
-63
111
186
22
-200
-94
197
264
60
-116
-31
179
188
31
-23
82
156
68
-32
93
133
35
-60
-4
154
172
11
-118
21
178
85
-141
-177
12
188
87
-140
-227
-107
85
114
-55
-250
-225
-5
186
91
-203
-284
-44
239
174
-133
-268
-21
249
157
-101
-190
-8
246
203
-54
-199
-77
158
259
120
-115
-156
26
188
177
2
-128
-83
92
182
35
-124
-68
68
39
-63
-87
-13
36
-34
-157
-151
-23
20
-52
-131
-119
-42
-28
-70
-71
-91
-88
-31
2
12
-78
-171
-61
84
35
-136
-115
98
183
-19
-222
-94
253
350
13
-269
-143
241
350
87
-153
-104
113
185
83
-55
-74
-13
54
67
15
-87
-115
20
160
54
-235
-293
16
308
163
-248
-397
-76
245
208
-124
-292
-134
91
131
21
-90
-127
-52
21
62
52
32
-16
-34
43
82
32
82
132
84
14
-5
106
139
74
3
21
127
159
-9
-95
46
180
153
-14
-106
-9
114
133
-3
-108
-92
30
119
34
-165
-256
-69
165
167
-121
-350
-205
127
217
-25
-293
-181
112
187
16
-155
-105
64
125
45
-35
-62
16
121
161
32
-154
-149
135
331
169
-177
-240
61
289
198
-68
-172
-29
101
101
12
-19
21
-36
-91
-48
65
63
-87
-181
-101
8
18
-116
-145
-71
4
-50
-118
-78
-19
-48
-75
-34
-17
-44
-110
-84
16
27
-76
-125
13
149
79
-118
-139
65
240
139
-58
-119
19
167
166
42
-18
-30
13
112
142
10
-114
-71
119
143
-38
-214
-102
158
166
-121
-325
-117
199
232
-44
-285
-239
6
161
87
-88
-187
-143
12
106
77
-56
-128
-76
2
35
45
88
44
-49
-63
30
157
188
34
-54
32
148
117
-17
33
175
145
-23
-83
65
184
102
-69
-65
138
200
8
-106
-18
93
36
-89
-74
66
60
-126
-230
-22
201
59
-265
-320
-15
217
114
-184
-285
-68
138
139
-4
-140
-131
65
178
103
-107
-168
58
312
227
-161
-336
-42
386
347
-92
-301
-41
238
201
15
-54
6
-6
-35
30
149
127
-61
-206
-99
92
124
-38
-177
-124
-49
-39
-59
-38
-29
-86
-123
-104
-57
-8
-75
-111
-42
12
-46
-103
-91
-31
4
-17
-68
-43
48
55
7
-72
-91
29
224
227
-21
-223
-100
222
364
121
-235
-207
151
333
116
-203
-188
90
226
39
-206
-127
85
165
-1
-203
-215
-17
159
145
-60
-272
-258
44
252
95
-213
-311
-54
208
151
-104
-220
-51
94
28
-71
3
124
44
-49
-33
88
165
102
-1
16
86
116
71
55
95
70
1
18
153
155
-27
-78
46
209
163
-83
-152
68
227
27
-199
-138
133
179
-68
-274
-166
93
163
-18
-237
-223
-28
92
75
-74
-172
-111
44
127
14
-115
-69
79
120
-2
-135
-30
227
234
-22
-235
-146
170
321
105
-159
-156
64
196
154
5
-89
-50
50
123
51
-66
-47
41
61
-39
-125
-56
49
55
-88
-229
-130
29
54
-82
-168
-92
-32
-40
-82
-112
-68
-2
10
-66
-111
-133
-63
55
87
-74
-178
-49
166
158
-93
-201
10
304
252
-108
-245
11
331
275
-67
-206
5
251
190
-74
-168
-7
138
108
-34
-126
-92
28
89
47
-134
-243
-67
201
211
-89
-379
-236
177
291
0
-303
-246
42
188
49
-95
-137
-48
43
52
23
1
-23
-9
48
95
68
55
56
74
89
57
33
55
97
104
87
31
46
84
44
19
66
94
62
-25
-21
86
134
27
-125
-131
35
181
75
-148
-264
-153
85
216
41
-287
-359
-60
240
179
-172
-338
-114
194
216
-35
-219
-106
103
180
50
-101
-81
88
201
107
-94
-159
-7
222
223
-10
-168
-84
147
259
100
-112
-100
33
97
15
2
59
23
-94
-137
8
129
20
-163
-211
-62
68
10
-108
-155
-86
-37
-46
-60
-59
-96
-92
-39
8
-1
-98
-162
-60
96
62
-114
-142
17
157
79
-117
-154
84
262
164
-60
-155
-10
204
254
83
-94
-123
48
200
138
-42
-165
-55
140
129
-80
-165
-35
112
43
-172
-204
26
214
75
-214
-301
-50
208
126
-162
-215
-56
80
42
-64
-81
-5
3
-26
-30
-11
69
97
0
-72
-24
115
211
126
-43
-41
84
170
102
2
37
118
122
54
-3
9
108
115
47
6
-21
9
70
88
48
-59
-123
-23
132
112
-120
-299
-145
180
217
-84
-374
-244
96
235
20
-216
-224
-6
131
88
-36
-84
-33
44
73
38
-29
-20
87
144
27
-119
-75
126
280
92
-170
-140
121
228
85
-63
-56
27
33
9
51
83
34
-111
-129
28
141
-10
-185
-163
-1
43
-64
-160
-92
0
-29
-105
-111
-35
-2
-97
-144
-46
53
-15
-123
-133
-25
73
14
-90
-62
28
61
-5
-63
-7
107
155
71
-85
-100
108
277
159
-102
-209
47
320
210
-166
-302
-12
313
230
-170
-324
-88
235
215
-114
-347
-208
144
289
85
-236
-371
-131
221
257
-64
-320
-231
60
245
117
-160
-242
-59
127
91
-16
-17
-2
9
47
89
100
65
10
30
106
129
52
-14
76
161
104
-13
-3
93
116
47
-6
72
101
9
-46
41
148
80
-131
-150
46
180
42
-239
-266
18
234
89
-251
-303
-60
131
88
-95
-179
-79
57
80
-5
-82
-67
47
113
55
-84
-103
72
239
131
-88
-163
-29
189
214
29
-114
-69
50
115
143
90
-24
-132
-85
104
201
92
-115
-200
-110
120
151
-54
-173
-132
-46
1
-38
-95
-92
-77
-55
-66
-88
-80
-19
-30
-66
-108
-72
-5
-6
-110
-122
7
76
-35
-91
-15
86
43
-54
-49
110
194
47
-122
-73
185
266
53
-126
-86
147
239
32
-161
-85
114
151
9
-148
-129
42
131
64
-115
-243
-142
111
228
61
-249
-341
-5
289
150
-187
-323
-122
156
146
-50
-141
-75
64
29
-3
-12
46
59
-34
-1
75
104
92
72
73
72
31
19
62
127
126
47
16
85
87
2
-1
70
136
68
-48
-14
106
98
-84
-152
-8
148
102
-111
-224
-118
79
134
-15
-218
-234
-83
76
96
-56
-177
-106
59
101
-11
-130
-45
122
106
-57
-117
17
177
177
-9
-128
-93
44
211
209
9
-170
-116
132
268
130
-101
-165
-17
159
145
-13
-91
-30
15
-43
-63
14
31
-25
-122
-128
-57
-32
-47
-48
-52
-84
-150
-141
18
102
-69
-212
-155
22
110
-10
-195
-126
27
47
-27
-23
45
48
-64
-103
67
206
157
-54
-151
20
230
216
42
-95
-65
92
159
93
-33
-85
-46
71
108
-18
-151
-76
111
128
-107
-292
-138
172
233
-8
-320
-274
61
228
78
-179
-229
-59
61
74
12
-73
-79
-63
-6
86
97
-8
-98
-35
108
155
80
23
9
62
119
78
61
49
68
97
73
73
40
21
34
95
79
65
26
-1
7
52
89
23
-87
-94
30
100
5
-185
-199
18
188
43
-271
-347
-11
243
106
-203
-291
-37
211
135
-99
-208
-59
160
163
-20
-144
-37
153
225
47
-156
-166
83
302
215
-84
-230
-51
208
220
47
-83
-66
28
63
33
64
67
-10
-156
-137
84
167
-15
-212
-201
-36
54
-26
-101
-114
-63
-50
-72
-97
-41
-37
-83
-89
-17
-17
-95
-120
-60
66
25
-89
-115
15
149
61
-102
-119
53
197
160
-27
-123
-13
182
213
69
-85
-88
86
214
72
-118
-124
73
185
25
-192
-141
89
178
-13
-252
-210
49
208
91
-146
-266
-114
74
122
25
-149
-204
-86
77
114
22
-104
-115
-22
36
32
14
15
4
23
70
84
81
29
36
106
121
61
-23
-9
151
208
75
-32
19
91
108
42
-11
45
92
56
1
37
50
-14
-76
-30
111
63
-124
-220
-75
136
95
-135
-270
-130
70
98
-60
-168
-87
52
70
-32
-85
-27
79
89
-21
-78
-21
95
155
82
-62
-120
-16
132
214
71
-109
-96
85
142
70
5
-1
11
-18
-3
61
112
37
-73
-114
-46
27
47
-19
-101
-140
-113
-32
22
-7
-121
-168
-87
-32
2
-23
-136
-137
-18
39
-49
-137
-112
-17
34
6
-89
-71
52
108
6
-126
-63
149
239
79
-150
-137
129
284
149
-97
-123
68
241
134
-126
-149
58
184
61
-157
-146
22
144
80
-95
-210
-143
49
180
89
-151
-266
-132
116
191
-9
-220
-208
-5
129
80
-44
-127
-104
1
54
51
39
12
-50
-14
74
147
124
24
4
40
114
87
39
41
104
137
71
17
50
43
41
69
66
64
9
-17
59
126
7
-133
-93
86
170
9
-246
-241
13
217
87
-221
-331
-94
168
136
-115
-260
-148
110
214
24
-218
-197
95
283
112
-163
-229
20
290
241
-62
-256
-109
178
317
135
-138
-198
-1
174
208
74
-84
-141
-35
134
163
57
-78
-145
-93
33
112
92
-103
-242
-183
32
125
-12
-199
-209
-29
83
-24
-176
-161
-32
52
-15
-115
-103
-18
-26
-23
-34
-61
-76
9
97
68
-52
-103
-7
167
194
-2
-163
-51
222
288
51
-143
-72
131
205
65
-106
-96
58
142
62
-105
-161
-14
137
128
-78
-280
-190
106
286
73
-294
-357
-30
281
188
-170
-321
-110
108
117
14
-69
-103
-86
-24
38
96
102
-40
-116
9
156
143
37
-15
34
159
141
18
-55
53
173
154
37
-24
29
78
90
58
36
43
28
14
36
77
12
-69
-64
19
93
13
-141
-205
-63
127
126
-139
-309
-161
119
196
-33
-280
-202
102
203
17
-185
-123
96
188
43
-142
-130
97
286
172
-134
-255
-51
265
344
39
-246
-162
149
278
121
-93
-108
26
93
54
6
19
41
-34
-129
-74
106
72
-104
-168
-113
-18
10
-75
-114
-82
-26
-53
-94
-62
-29
-93
-92
-15
18
-58
-151
-129
34
109
-38
-195
-75
165
167
-68
-200
-23
236
234
-11
-191
-90
197
325
111
-161
-175
91
294
166
-123
-240
-46
219
216
-89
-284
-107
169
180
-64
-277
-205
77
256
82
-228
-303
-62
171
143
-54
-236
-197
12
148
120
-75
-192
-128
70
156
84
-53
-120
-16
122
132
63
36
38
69
124
88
10
-11
92
172
117
3
-2
68
75
53
14
71
99
33
-39
26
113
66
-88
-134
40
157
27
-226
-241
55
238
40
-291
-337
-13
232
137
-177
-314
-65
165
135
-73
-168
-40
112
116
-2
-83
-34
116
169
68
-67
-98
21
149
193
20
-111
-69
79
152
103
11
-22
-34
-29
48
122
92
-49
-161
-121
71
156
-2
-190
-201
-79
16
32
-58
-129
-120
-61
-33
-52
-60
-103
-145
-42
34
-9
-110
-129
-76
30
18
-46
-83
12
75
48
-82
-95
58
185
168
-54
-153
-9
233
272
43
-136
-72
130
205
30
-125
-86
103
127
-27
-132
-64
81
92
-62
-141
-122
-6
111
75
-88
-205
-131
43
124
29
-138
-179
-40
82
42
-75
-97
-11
47
-6
-52
11
102
59
-40
-21
57
128
130
53
17
20
77
92
76
77
98
50
30
55
74
66
62
48
54
14
9
48
122
85
-66
-159
-35
159
171
-111
-306
-181
123
210
-18
-306
-272
-1
185
72
-167
-247
-55
160
127
-34
-181
-94
97
159
31
-121
-88
124
240
93
-168
-212
38
329
249
-81
-218
-77
173
243
80
-108
-108
14
101
98
34
-6
-30
-61
-88
-3
87
17
-120
-208
-100
63
55
-114
-209
-122
35
41
-107
-165
-99
10
31
-74
-156
-87
15
43
-39
-103
-101
-2
130
99
-53
-155
-57
148
254
104
-146
-192
93
354
245
-86
-227
-22
268
268
-10
-234
-155
111
264
61
-204
-210
10
199
115
-164
-331
-129
236
306
-34
-399
-331
123
337
68
-270
-288
-41
170
105
-38
-121
-87
-25
-9
23
106
84
-75
-107
62
186
137
2
-20
70
120
81
38
50
102
122
47
36
42
42
46
64
53
75
53
23
3
42
28
-39
-67
31
96
14
-120
-195
-95
74
128
-45
-273
-212
40
151
9
-199
-211
0
157
87
-90
-125
14
142
60
-108
-111
75
230
164
-78
-194
-62
170
247
101
-107
-142
21
157
168
47
-57
-75
-2
82
90
70
13
-105
-124
-9
118
82
-106
-212
-132
24
59
-56
-178
-130
-3
38
-61
-167
-96
-21
-35
-56
-38
-29
-74
-116
-63
36
43
-75
-122
29
146
65
-116
-135
75
260
142
-92
-176
29
274
236
8
-146
-69
138
221
49
-141
-115
50
139
37
-102
-99
19
104
11
-167
-180
-15
119
99
-90
-219
-118
75
99
-53
-134
-109
-20
10
14
-4
-39
-65
-44
19
69
38
5
-37
24
92
93
46
27
70
110
96
37
-3
61
171
145
0
-45
43
132
131
27
-27
6
74
83
63
62
9
-102
-113
12
163
102
-154
-311
-119
198
224
-116
-385
-227
100
244
23
-275
-249
20
228
127
-116
-188
-27
152
137
-7
-133
-42
154
221
45
-161
-163
84
298
181
-87
-191
-32
156
211
103
-41
-119
-94
53
175
159
-21
-187
-184
7
191
88
-159
-239
-118
38
54
-68
-171
-120
8
-5
-94
-140
-91
-49
-20
15
-39
-112
-127
-67
47
70
-62
-186
-61
133
141
-25
-150
-62
151
228
77
-123
-88
93
244
147
-44
-98
5
143
144
17
-84
-30
50
59
-29
-91
-22
54
53
-74
-168
-100
57
154
43
-172
-265
-112
159
217
-45
-295
-229
41
212
105
-111
-200
-76
78
78
30
0
8
-23
14
99
111
75
16
28
117
131
67
-32
15
169
161
56
-8
-10
35
102
93
69
39
-13
-1
79
98
-22
-87
-24
77
68
-37
-184
-169
23
111
4
-162
-211
-65
100
48
-121
-186
-83
68
119
-2
-131
-120
50
164
103
-60
-116
-21
185
227
1
-188
-149
113
306
194
-135
-219
8
213
203
23
-111
-83
23
87
121
68
-45
-140
-138
22
162
85
-136
-249
-177
50
135
-47
-211
-196
-28
52
-21
-133
-140
-95
-8
55
-4
-134
-186
-76
92
107
-56
-165
-65
118
127
-34
-143
-40
145
214
64
-108
-77
101
222
162
-18
-83
-1
131
116
15
-66
-38
49
55
-12
-48
-38
23
25
-68
-154
-98
76
143
3
-190
-219
-17
149
76
-81
-197
-107
22
35
15
-29
-68
-54
-21
5
77
96
-18
-105
-16
137
180
78
-35
-20
143
175
55
-38
19
174
188
49
-59
-46
60
165
138
13
-47
-19
66
142
54
-94
-149
-13
192
151
-117
-320
-193
146
239
14
-325
-350
-29
245
157
-171
-355
-144
202
280
-23
-307
-200
156
280
80
-177
-201
69
304
223
-89
-264
-67
235
297
27
-183
-86
129
182
80
-16
-23
-18
-33
6
132
173
6
-193
-226
11
213
126
-151
-298
-159
95
127
-91
-231
-153
32
47
-112
-166
-80
-18
6
-45
-88
-58
-47
-58
-58
-19
-31
-33
25
66
21
-68
-77
68
196
109
-67
-125
34
247
226
-5
-155
-62
189
269
54
-202
-191
80
263
112
-178
-243
-33
199
161
-126
-321
-153
153
244
3
-282
-282
38
215
102
-141
-247
-128
38
100
82
-42
-159
-164
-17
157
191
37
-164
-151
84
236
187
-10
-107
16
169
180
87
-28
-3
105
132
106
53
12
10
53
88
104
46
-37
-44
92
136
14
-128
-117
65
144
-2
-207
-192
30
169
14
-245
-277
-1
186
74
-185
-253
-39
177
137
-88
-206
-22
180
118
-70
-131
19
176
166
-2
-127
-89
52
215
183
-23
-146
-29
135
175
72
-50
-71
11
75
59
37
29
-42
-115
-76
67
104
-39
-164
-158
-58
22
4
-87
-139
-92
-28
-40
-83
-85
-87
-78
-15
28
-52
-142
-153
-27
92
50
-128
-166
41
183
63
-171
-167
84
304
190
-127
-214
34
329
260
-54
-183
-33
186
203
10
-132
-63
119
118
-39
-145
-61
63
90
-30
-145
-156
-37
126
123
-37
-222
-215
-4
156
111
-100
-232
-145
55
143
45
-129
-171
-32
109
108
21
-26
-45
-17
53
103
110
75
31
36
96
109
67
17
68
108
101
44
47
31
52
76
77
92
29
-27
-8
86
82
-33
-96
0
117
54
-145
-225
-66
159
140
-147
-340
-162
118
166
-30
-245
-198
44
179
66
-105
-170
-20
161
154
-39
-165
-46
194
243
33
-199
-173
94
321
212
-118
-248
-37
202
264
66
-124
-119
36
116
70
4
4
-23
-77
-84
15
117
21
-163
-225
-100
85
64
-95
-216
-139
-8
27
-45
-122
-155
-75
40
24
-72
-131
-98
-34
25
28
-54
-106
-1
110
60
-68
-95
48
201
149
-49
-144
6
242
224
4
-127
-16
150
193
27
-149
-125
58
181
67
-136
-154
1
140
62
-145
-236
-49
167
155
-80
-287
-168
80
161
35
-150
-181
-59
32
65
36
-42
-113
-108
1
125
170
25
-161
-114
123
240
122
-45
-80
88
220
149
-31
-49
113
203
76
-29
10
72
83
80
26
47
55
24
12
19
32
-32
-62
16
77
7
-114
-149
-48
77
48
-122
-228
-102
64
64
-73
-168
-70
51
63
-44
-113
-36
99
97
-4
-104
-51
123
216
82
-133
-170
27
241
236
-3
-191
-84
145
225
84
-81
-74
25
61
46
25
34
21
-51
-104
-39
102
91
-103
-214
-158
15
91
-38
-192
-165
-7
68
-50
-185
-164
-35
56
28
-86
-150
-117
-10
64
23
-95
-156
-3
152
104
-61
-168
-24
214
244
4
-196
-115
187
349
136
-187
-170
105
298
168
-149
-238
-10
248
192
-121
-272
-89
156
199
-41
-268
-230
38
243
140
-168
-336
-160
155
217
2
-241
-220
-52
109
143
-12
-160
-140
-19
96
108
52
-51
-123
6
179
171
28
-39
25
137
144
59
-14
39
150
116
9
2
71
94
79
15
42
77
23
15
54
92
9
-113
-125
53
190
44
-236
-293
-5
262
158
-226
-407
-129
213
230
-96
-370
-215
146
293
62
-259
-250
85
297
157
-134
-251
-13
306
284
-33
-275
-154
170
350
161
-127
-208
-25
194
248
75
-86
-144
-44
126
184
89
-103
-190
-100
85
174
0
-199
-210
-62
90
20
-148
-197
-87
31
22
-84
-186
-149
-21
53
36
-101
-185
-119
0
80
44
-111
-175
-8
179
130
-89
-216
-12
260
269
-25
-242
-90
224
350
87
-191
-145
116
281
125
-122
-172
21
162
88
-97
-147
-37
82
86
-60
-184
-118
77
154
15
-204
-262
-28
203
149
-116
-282
-197
69
182
56
-109
-147
-62
28
50
38
35
9
-49
16
85
136
122
33
2
44
97
120
84
36
54
74
82
72
41
32
56
77
89
54
-3
-8
67
123
8
-135
-90
99
175
-28
-254
-221
26
182
70
-212
-284
-84
128
118
-93
-262
-134
120
170
3
-173
-147
93
195
77
-116
-158
54
280
190
-133
-259
-39
290
298
-2
-200
-115
118
253
126
-68
-120
-30
86
104
50
-22
-42
-40
-59
-8
60
19
-84
-166
-130
3
41
-84
-183
-107
21
14
-119
-157
-88
-19
-3
-47
-93
-67
-27
-36
-33
-46
-59
-31
26
72
40
-59
-94
20
180
182
11
-132
-61
178
244
81
-82
-89
65
214
135
-85
-155
-23
151
137
-61
-172
-92
82
145
-19
-219
-235
53
243
112
-176
-320
-108
171
163
-88
-222
-133
57
70
-16
-53
-42
-24
-33
-26
56
125
52
-90
-65
76
176
165
55
-37
-1
98
131
105
71
51
36
54
104
79
1
19
85
115
71
-12
-44
36
72
42
-65
-68
24
93
-9
-194
-194
9
152
50
-213
-276
-77
136
158
-108
-277
-159
101
200
42
-167
-161
38
149
110
1
-114
-9
163
152
-44
-160
-39
196
226
15
-153
-85
107
219
109
-25
-81
-60
36
123
127
11
-128
-153
-15
147
104
-112
-248
-164
39
116
-35
-217
-214
-3
111
-19
-213
-174
-25
22
-6
-78
-102
-64
-31
-29
8
-6
-100
-79
55
120
35
-118
-117
78
230
157
-70
-151
23
268
239
-12
-175
-75
179
261
58
-153
-164
44
191
78
-145
-146
39
137
-17
-211
-165
61
159
69
-140
-253
-124
95
151
-13
-178
-195
-32
95
45
-61
-77
-36
-42
-26
42
98
65
-64
-99
63
195
131
-6
-41
92
158
93
-22
29
141
146
10
-10
88
129
67
-35
-40
108
160
54
-79
-50
76
92
-26
-102
-6
52
-19
-133
-99
40
77
-48
-212
-164
34
111
-30
-180
-143
23
104
32
-91
-92
29
121
56
-67
-109
34
191
176
-6
-137
-100
91
218
148
-25
-108
-45
94
159
132
12
-109
-99
48
178
142
-8
-174
-155
35
171
58
-148
-214
-92
68
48
-97
-188
-137
-17
43
-75
-164
-97
-25
-5
-16
-57
-99
-109
-41
11
42
-52
-148
-76
118
193
-6
-238
-144
173
347
145
-208
-250
94
388
252
-88
-251
-77
243
302
47
-203
-186
78
218
90
-138
-182
-44
123
94
-105
-246
-105
111
160
10
-233
-223
15
138
56
-106
-194
-115
42
91
17
-77
-119
-68
34
124
100
-12
-126
-67
145
216
108
-49
-31
91
157
97
24
21
84
138
88
29
40
40
10
56
108
117
23
-71
-5
121
98
-92
-158
14
174
91
-190
-283
-59
185
144
-140
-337
-192
109
164
-30
-203
-174
26
144
53
-116
-121
21
132
76
-47
-98
8
151
164
13
-141
-94
113
243
155
-74
-147
-23
135
204
97
-72
-129
-24
120
146
40
-79
-112
-53
56
77
-28
-129
-113
-55
16
-15
-139
-188
-68
78
52
-152
-269
-123
87
130
-36
-231
-210
-8
118
57
-100
-182
-98
120
175
59
-159
-173
56
274
210
-75
-233
-52
280
335
48
-192
-139
137
302
146
-128
-182
-21
157
160
-23
-148
-125
30
118
25
-146
-179
-48
128
90
-77
-172
-127
-6
47
27
-55
-113
-102
-49
54
93
14
-130
-155
-22
156
186
25
-192
-130
142
266
153
-69
-97
78
207
145
-16
-34
96
158
66
7
54
69
53
39
35
82
68
8
-10
11
28
16
-32
-6
31
-11
-115
-152
-37
65
40
-106
-228
-138
44
94
-27
-179
-143
28
123
24
-123
-110
84
150
27
-114
-98
101
243
112
-123
-174
22
233
202
-17
-153
-32
145
193
59
-82
-44
86
78
-12
-24
42
75
-5
-112
-104
59
104
-57
-201
-163
37
93
-94
-220
-130
38
64
-104
-199
-94
0
30
-50
-134
-90
-37
5
17
-15
-89
-115
8
123
85
-65
-122
12
202
210
-16
-177
-55
235
284
55
-114
-57
131
199
64
-119
-132
56
194
104
-121
-215
-50
152
163
-88
-298
-186
121
254
55
-258
-296
-46
167
125
-73
-215
-173
-11
73
98
22
-133
-165
-43
94
135
67
-74
-130
56
168
99
21
2
53
142
107
16
-17
71
177
114
-26
-17
90
127
68
14
14
64
51
13
42
63
2
-82
-71
45
127
-18
-229
-197
89
208
7
-293
-326
-15
224
117
-211
-315
-68
209
190
-67
-242
-113
149
210
46
-156
-128
110
264
117
-121
-186
-15
235
266
29
-182
-102
104
193
108
-26
-35
7
36
44
53
69
-5
-118
-76
42
98
-5
-146
-160
-65
42
10
-128
-171
-67
29
-7
-128
-138
-89
-59
-1
30
-64
-133
-113
-28
85
26
-139
-154
35
162
85
-118
-154
69
262
149
-114
-168
63
275
216
-25
-153
-8
189
196
-2
-135
-60
118
122
-38
-161
-75
107
137
-50
-185
-151
21
109
23
-92
-134
-83
12
14
-22
-81
-80
-46
-45
-32
17
49
-33
-120
-101
7
118
153
-16
-134
-31
98
180
130
32
18
22
58
83
84
124
114
31
-39
40
127
123
45
-24
22
108
82
4
-3
34
19
-21
-35
17
32
-59
-140
-97
56
92
-45
-231
-200
17
123
3
-156
-195
-12
125
100
-89
-147
-20
124
108
-38
-116
-24
182
222
-26
-199
-110
122
286
172
-110
-200
-37
190
255
93
-106
-111
3
101
107
36
-33
-59
-35
-37
18
56
-32
-105
-115
-73
-13
-16
-117
-128
-69
1
-16
-148
-164
-32
40
10
-105
-165
-78
25
43
-9
-106
-138
-26
137
152
-64
-176
-85
164
293
118
-154
-191
52
323
244
-35
-189
-27
224
242
-8
-211
-124
151
212
16
-202
-148
51
177
73
-167
-279
-99
192
244
-24
-320
-278
32
216
119
-137
-271
-130
65
125
40
-92
-136
-63
40
103
80
1
-133
-84
148
240
111
-94
-106
101
263
171
-51
-115
61
228
174
13
-36
-7
52
125
122
35
-31
-26
43
122
85
-61
-148
-27
120
96
-87
-230
-143
57
158
-24
-253
-227
-29
133
78
-157
-234
-53
144
135
-63
-205
-75
118
175
28
-129
-88
131
242
83
-165
-156
49
266
208
-43
-146
-73
114
218
131
-33
-111
-60
46
116
105
37
-96
-180
-72
157
163
-78
-250
-183
20
104
-8
-155
-195
-84
23
1
-97
-97
-80
-86
-57
-7
9
-36
-116
-95
12
47
-54
-78
-5
87
37
-80
-56
114
214
92
-107
-113
87
285
197
-96
-188
34
291
218
-82
-208
-54
178
166
-69
-229
-87
168
176
-91
-287
-203
119
259
84
-236
-324
-79
186
149
-108
-241
-139
47
104
-3
-82
-56
-7
-31
-44
25
79
59
-55
-42
62
113
81
31
43
127
93
-7
-11
84
179
156
-24
-75
54
161
139
28
-45
20
75
42
65
82
12
-96
-129
-9
166
115
-139
-325
-143
187
259
-70
-399
-298
78
280
81
-294
-326
21
263
134
-144
-225
-12
197
152
-64
-168
-10
208
220
7
-184
-154
118
321
178
-101
-192
-33
184
226
71
-72
-96
-24
86
159
101
-55
-166
-137
55
204
47
-207
-244
-68
106
59
-128
-202
-105
32
30
-118
-170
-82
-18
-13
-43
-58
-86
-78
-30
-12
6
-58
-105
-23
77
91
-19
-110
-31
145
206
61
-145
-108
132
300
167
-99
-145
22
209
177
-43
-150
-35
132
138
-57
-186
-73
97
130
-38
-203
-174
31
154
81
-116
-263
-123
100
138
-26
-191
-163
-9
82
31
-50
-81
-45
-22
-13
37
78
48
-41
-55
60
142
118
42
2
51
114
95
44
33
79
87
54
55
73
53
57
48
51
84
48
-14
20
62
19
-40
-60
28
96
10
-157
-177
-22
116
58
-160
-240
-72
76
40
-104
-178
-72
81
113
4
-139
-152
66
193
90
-91
-139
15
210
216
-35
-216
-111
160
301
144
-128
-202
-16
222
259
69
-141
-186
-21
186
200
51
-105
-148
-61
78
98
-20
-123
-142
-105
-5
4
-90
-134
-100
-6
-5
-103
-118
-106
-83
-8
41
-45
-138
-119
-50
45
20
-78
-107
-7
77
73
-6
-87
-40
109
194
85
-85
-100
109
232
129
-5
-76
-3
139
113
-4
-49
-29
47
74
-18
-82
-57
34
78
-24
-164
-145
36
166
57
-132
-264
-104
123
137
-51
-186
-133
-21
60
38
-25
-63
-70
-62
9
91
121
24
-125
-78
110
203
135
-30
-45
101
169
57
-26
60
180
136
0
-39
54
133
92
31
20
51
37
2
41
91
-7
-110
-63
96
111
-29
-203
-210
18
184
69
-218
-284
-106
110
139
-64
-251
-155
89
198
22
-212
-169
101
233
81
-152
-189
80
300
163
-131
-230
-24
241
252
7
-173
-101
121
231
121
-47
-93
-34
82
120
46
-24
-42
-43
-39
13
62
-22
-111
-134
-71
19
-11
-129
-164
-34
43
-45
-176
-122
-15
-4
-31
-74
-91
-40
-49
-74
-32
15
-5
-35
-49
-5
68
42
-46
-30
103
170
56
-97
-62
152
234
90
-52
-73
54
168
85
-46
-83
1
106
61
-51
-115
-39
65
80
-91
-190
-101
104
172
-39
-253
-199
48
180
-5
-191
-151
14
52
-66
-66
23
66
-31
-150
-89
105
201
27
-156
-58
140
196
87
-56
-27
109
167
80
-25
12
138
144
50
22
30
48
65
80
67
42
21
5
33
61
8
-76
-74
32
105
-2
-182
-187
8
164
41
-199
-285
-78
127
115
-86
-246
-141
122
188
-4
-190
-124
95
152
65
-47
-107
0
181
183
-19
-177
-95
152
295
145
-137
-189
3
216
246
48
-145
-144
47
197
154
-6
-149
-162
-22
138
131
-86
-219
-148
15
83
-47
-181
-170
-11
55
-61
-172
-129
1
4
-63
-82
-66
-24
-64
-75
-4
10
-75
-85
34
119
34
-117
-100
104
230
116
-94
-130
76
245
172
-16
-101
-11
155
188
-8
-125
-65
102
121
-20
-123
-65
49
60
-29
-152
-121
20
81
30
-67
-138
-128
-14
45
19
-50
-113
-104
-16
20
50
2
-105
-117
-13
70
123
95
-70
-140
-1
171
206
102
-41
-46
74
161
122
16
-6
75
125
85
68
18
-22
28
124
157
64
-83
-65
102
145
-11
-142
-71
106
118
-78
-239
-136
118
165
-58
-272
-216
11
143
23
-183
-201
17
149
48
-111
-106
19
104
52
-34
-71
21
144
170
11
-118
-99
69
248
180
-71
-192
-43
185
233
79
-72
-112
-21
88
140
73
-26
-105
-88
-26
61
75
-47
-165
-165
-33
71
-18
-166
-162
-47
46
-29
-186
-157
-35
22
46
-61
-167
-137
-20
55
33
-81
-157
-61
134
168
-10
-199
-119
148
259
114
-95
-150
70
250
181
22
-94
-52
118
174
54
-73
-80
29
93
16
-79
-63
-2
46
18
-94
-158
-59
91
109
-33
-203
-174
-12
100
72
-89
-162
-103
-33
45
96
47
-84
-201
-127
111
282
143
-187
-238
50
295
266
2
-180
-40
247
267
17
-137
5
218
196
30
-51
-1
99
135
79
22
7
-10
-9
83
85
-8
-91
-47
62
61
-81
-176
-88
67
80
-75
-212
-137
8
41
-39
-128
-114
18
87
28
-115
-95
68
127
20
-118
-107
93
248
175
-73
-213
-76
166
251
95
-117
-116
45
150
158
62
-18
-44
-47
8
96
146
53
-110
-194
-71
146
171
-74
-292
-221
55
159
-27
-236
-206
12
118
-58
-263
-187
15
102
-17
-162
-171
-21
54
-11
-97
-91
-25
55
83
-2
-88
-91
20
208
213
-7
-207
-78
232
313
77
-150
-106
119
269
112
-133
-167
31
198
113
-125
-186
-17
132
95
-87
-227
-129
88
178
43
-205
-279
-58
141
111
-67
-184
-94
-10
-8
-7
24
34
-55
-161
-95
132
245
51
-221
-184
135
311
189
-77
-133
48
232
152
-18
-20
93
131
88
68
44
2
1
69
115
100
0
-63
30
135
74
-80
-143
-17
111
76
-92
-222
-105
95
149
-93
-290
-192
53
147
10
-210
-201
20
174
91
-118
-155
21
162
88
-82
-124
62
225
132
-96
-178
-19
183
239
87
-102
-122
14
135
166
81
-29
-97
-39
92
134
96
-19
-159
-128
56
200
62
-228
-278
-79
150
112
-147
-290
-134
95
91
-108
-265
-167
51
113
5
-151
-211
-110
45
112
11
-165
-203
21
259
140
-182
-292
39
382
295
-98
-329
-96
338
425
45
-324
-176
214
370
121
-224
-233
56
290
144
-182
-267
-31
206
144
-114
-293
-161
126
225
35
-225
-263
-45
112
102
-26
-144
-151
-62
21
54
23
-17
-89
-156
-45
158
201
8
-179
-93
145
244
139
-40
-79
58
175
159
14
-30
45
150
165
75
-48
-52
66
169
127
24
-63
-19
93
131
9
-118
-102
63
161
11
-229
-242
0
206
91
-212
-296
-74
133
104
-112
-208
-67
89
47
-65
-72
6
79
46
-7
-45
-24
57
142
114
-61
-150
-7
204
239
10
-149
-96
114
228
110
-98
-133
18
157
139
-16
-97
-30
54
8
-46
-48
-57
-14
-38
-103
-102
-65
-39
-41
-69
-75
-71
-83
-77
-53
-61
-79
-48
-35
-55
-71
-30
-3
-28
-112
-92
52
142
47
-134
-123
73
231
161
-69
-144
9
222
225
0
-127
-28
155
220
48
-156
-110
95
175
42
-159
-152
24
146
88
-128
-257
-110
135
234
21
-276
-309
-32
224
158
-136
-277
-145
100
143
7
-109
-96
-26
9
13
49
78
-4
-77
1
133
185
75
-58
-24
148
202
69
-83
-34
156
257
132
-68
-140
26
223
197
17
-101
-54
101
198
92
-146
-213
-37
197
177
-87
-292
-188
86
220
34
-282
-337
-63
236
182
-148
-336
-155
130
221
18
-210
-179
97
249
107
-160
-215
60
300
209
-119
-284
-71
276
352
41
-235
-198
90
306
203
-54
-179
-79
112
160
85
-31
-110
-98
-26
82
79
-68
-167
-134
-27
57
-24
-157
-168
-25
63
-43
-164
-159
-67
7
44
-22
-141
-159
-58
45
47
-25
-135
-95
45
151
79
-104
-166
48
260
203
-95
-220
-8
300
323
10
-240
-140
204
335
79
-218
-187
103
245
70
-199
-187
30
173
63
-186
-246
-24
181
141
-81
-278
-198
68
195
16
-176
-166
-36
43
2
-51
-3
48
-52
-161
-78
161
234
17
-205
-98
190
259
79
-103
-43
167
208
37
-62
33
199
158
16
-28
8
81
105
50
31
12
18
61
81
12
-99
-115
39
182
78
-152
-254
-91
139
136
-95
-296
-184
85
167
-28
-263
-235
64
251
97
-190
-260
17
263
173
-121
-217
-44
249
271
21
-195
-162
85
271
207
-43
-154
-68
121
229
134
-54
-127
-58
88
181
110
-60
-142
-86
25
110
40
-138
-176
-71
28
33
-106
-192
-109
17
30
-81
-178
-96
1
-13
-56
-90
-49
-42
-76
-69
7
-4
-80
-60
49
136
23
-157
-128
111
308
149
-170
-228
87
376
254
-88
-246
-46
272
298
-18
-223
-124
121
214
42
-175
-165
39
151
38
-178
-202
-17
139
100
-96
-221
-156
25
113
20
-110
-121
-62
-22
-2
25
42
-58
-154
-104
77
218
124
-128
-225
25
278
259
20
-164
-76
169
288
136
-93
-69
103
211
147
19
-62
-11
112
158
92
-22
-76
33
148
94
-81
-169
-23
151
115
-105
-272
-133
131
176
-87
-330
-193
59
168
12
-211
-194
35
164
57
-137
-172
11
181
130
-49
-130
-33
147
220
63
-161
-162
55
285
219
-48
-197
-100
151
274
140
-68
-180
-56
127
204
83
-71
-154
-94
29
113
25
-112
-149
-98
-21
11
-61
-125
-106
-55
-13
-77
-111
-91
-71
-74
-35
2
-47
-104
-111
-9
47
-30
-115
-50
103
123
-40
-160
-57
170
225
66
-133
-115
102
255
157
-32
-125
-6
192
198
8
-176
-112
109
185
28
-179
-163
50
187
70
-205
-253
-70
162
186
-17
-261
-239
-2
182
128
-81
-217
-183
-55
142
179
-1
-193
-235
-30
208
263
35
-251
-200
135
357
230
-105
-209
24
313
271
-27
-175
7
258
240
19
-84
-48
73
166
149
59
-50
-68
46
142
60
-96
-141
6
160
97
-144
-273
-113
147
163
-97
-301
-198
75
161
-9
-212
-193
29
164
60
-133
-157
40
189
84
-105
-143
41
237
176
-71
-203
-67
183
283
71
-151
-139
55
236
177
-52
-166
-46
125
169
50
-58
-70
-35
-10
24
59
-36
-138
-139
-34
26
-18
-162
-174
-26
92
-22
-206
-210
-30
90
14
-118
-166
-86
24
4
-45
-73
-69
-22
37
40
3
-11
-25
19
91
118
39
-36
-39
89
174
130
1
-79
-7
164
156
-25
-152
-54
135
128
-52
-134
-46
84
87
-81
-199
-111
72
141
13
-183
-196
-24
94
66
-45
-157
-112
-17
20
18
22
-44
-105
-92
9
100
137
35
-136
-73
127
209
103
-58
-26
134
175
58
-42
47
188
144
-15
-53
61
127
98
18
5
35
52
53
58
46
-18
-98
-34
87
115
-52
-211
-166
57
200
21
-252
-312
-64
195
153
-123
-299
-170
116
222
41
-211
-184
83
223
103
-106
-162
41
219
164
-54
-143
-40
128
187
77
-49
-57
28
83
125
76
11
-73
-59
64
155
100
-66
-165
-95
51
139
48
-154
-224
-112
71
80
-98
-229
-140
56
67
-110
-213
-119
32
32
-46
-117
-109
-52
-4
27
-2
-97
-128
-1
138
111
-94
-174
-11
243
253
-21
-222
-89
227
320
104
-153
-131
107
229
111
-79
-139
-11
140
92
-56
-119
-78
33
75
-13
-131
-147
3
107
22
-116
-175
-79
41
88
-4
-140
-168
-76
39
122
59
-127
-210
-69
143
193
65
-134
-160
30
225
217
54
-110
-43
143
210
97
-22
-20
76
163
124
65
-15
-50
63
144
151
47
-91
-54
111
153
8
-147
-116
94
187
-19
-245
-196
43
179
24
-232
-250
-15
124
28
-155
-172
-11
115
55
-83
-111
46
143
23
-136
-94
87
221
135
-99
-145
-33
119
197
121
-65
-93
23
135
131
44
-25
1
36
4
10
39
93
30
-103
-140
6
118
25
-151
-191
-72
76
15
-156
-188
-60
58
-23
-169
-173
-42
48
-8
-111
-145
-63
9
23
-55
-114
-103
34
124
50
-81
-138
-18
186
218
36
-159
-139
146
323
167
-105
-143
15
206
208
1
-151
-115
87
187
16
-167
-121
54
141
21
-183
-209
-5
165
93
-111
-238
-121
75
104
-24
-133
-129
-26
48
-5
-56
1
8
-41
-81
-42
80
144
19
-101
-26
151
180
40
-62
4
190
209
43
-110
-18
194
249
99
-76
-111
60
233
189
-13
-121
-42
135
190
42
-136
-136
34
151
55
-130
-219
-100
98
136
-61
-246
-195
-10
131
49
-154
-212
-47
101
111
-42
-144
-54
93
108
-6
-57
-11
104
129
33
-63
-57
28
124
134
38
-39
-22
-3
70
119
127
41
-120
-140
69
240
176
-98
-291
-191
163
305
-4
-319
-311
28
216
8
-277
-253
-2
139
-6
-196
-211
-52
36
24
-66
-162
-138
-21
66
13
-76
-137
-33
101
79
-36
-130
-30
150
208
70
-134
-98
103
282
196
-57
-135
25
213
185
-61
-202
-46
211
199
-94
-275
-92
196
195
-66
-309
-202
108
242
55
-214
-287
-44
162
110
-58
-154
-147
-41
21
22
29
4
-67
-121
-82
80
169
77
-121
-148
71
240
174
-35
-118
47
241
189
-56
-131
76
270
211
9
-101
-27
111
189
93
-31
-66
14
118
139
21
-117
-131
35
199
115
-206
-337
-104
215
237
-109
-400
-276
122
280
41
-305
-321
12
276
154
-163
-243
-2
216
154
-67
-201
-29
252
233
-41
-215
-90
175
279
74
-156
-98
81
155
110
17
3
13
-1
-12
29
100
68
-52
-128
-57
78
59
-95
-150
-68
25
-5
-125
-147
-54
30
-18
-163
-190
-27
59
-39
-141
-126
-26
25
-39
-111
-76
-16
5
20
-2
-15
-47
-35
85
145
95
-41
-97
-29
179
274
72
-136
-84
121
235
99
-133
-127
48
161
71
-110
-147
1
118
59
-89
-171
-113
45
119
26
-132
-179
-76
47
71
20
-94
-154
-130
-19
93
96
-2
-145
-217
-50
192
242
15
-236
-150
151
297
150
-105
-111
124
259
131
-66
-84
108
245
155
-29
-88
16
164
185
60
-63
-77
46
196
158
-73
-219
-92
173
214
-25
-266
-248
55
240
85
-237
-336
-103
159
168
-89
-280
-144
118
172
-6
-188
-134
95
190
41
-106
-96
82
189
107
-54
-130
-68
125
232
120
-45
-103
-42
107
179
96
-33
-102
-37
85
121
60
-5
-90
-110
-26
106
63
-93
-175
-116
10
21
-93
-148
-99
-10
-2
-100
-148
-95
-42
-14
-13
-71
-110
-83
-40
19
13
-99
-132
-17
130
70
-90
-133
63
206
156
-62
-164
-20
202
276
76
-145
-100
119
246
95
-124
-147
22
174
134
-93
-215
-57
146
149
-78
-254
-153
106
216
54
-193
-305
-96
188
174
-62
-228
-202
7
144
86
-83
-163
-73
50
60
11
28
33
-33
-29
88
150
93
-9
-11
99
186
99
-26
-26
132
210
89
-52
-13
76
127
103
55
-12
-29
39
112
116
-23
-123
-88
65
122
-5
-175
-174
1
115
52
-144
-227
-95
67
88
-68
-226
-116
77
121
2
-136
-89
95
136
12
-122
-82
90
231
135
-98
-178
-17
192
215
25
-112
-75
62
150
121
37
-28
-60
-35
69
125
104
-50
-186
-130
90
208
-1
-272
-223
4
145
7
-208
-229
-17
125
-18
-236
-214
-18
89
27
-110
-175
-107
8
24
-17
-81
-112
-31
67
76
4
-79
-77
60
169
129
-36
-113
13
226
219
19
-125
-59
151
280
97
-184
-207
23
256
179
-146
-268
-55
184
159
-108
-282
-140
136
195
-8
-228
-216
13
138
43
-102
-149
-98
-18
12
25
33
-45
-110
-97
28
143
124
-30
-181
-28
213
250
39
-176
-92
221
321
99
-165
-89
174
308
124
-97
-96
49
174
142
41
-25
-26
41
130
97
-58
-152
-47
110
136
-55
-242
-162
79
162
-28
-254
-218
-6
114
20
-140
-179
-60
69
93
0
-106
-76
69
93
-4
-68
-10
133
178
46
-128
-105
62
203
150
-26
-93
-11
86
125
88
30
10
-19
-46
26
114
109
-33
-138
-100
32
135
-11
-170
-150
-53
39
-37
-155
-115
32
50
-132
-251
-98
77
33
-128
-169
-80
57
32
-98
-140
-67
27
78
19
-49
-50
-17
33
104
107
16
-53
-35
94
201
144
-23
-67
39
149
144
5
-118
-52
80
127
-10
-145
-99
43
128
23
-137
-215
-86
120
165
-5
-249
-238
8
150
102
-72
-217
-146
-10
88
88
-13
-141
-126
-7
109
106
23
-97
-84
93
187
103
-41
-57
99
232
131
-49
-58
116
219
113
-32
-19
50
81
91
127
99
-27
-82
27
199
114
-116
-179
0
185
94
-157
-253
-76
156
133
-97
-259
-182
43
90
-53
-166
-109
24
100
2
-127
-72
91
140
-18
-116
-49
117
159
67
-61
-34
46
78
60
26
30
43
5
-4
84
123
68
-13
-83
-31
66
143
77
-60
-162
-89
88
137
-25
-205
-215
-27
107
26
-174
-201
-52
52
-26
-157
-149
-53
-10
-25
-57
-67
-78
-106
-52
47
11
-110
-100
57
133
39
-148
-132
101
287
129
-140
-190
60
295
227
-14
-134
-57
142
187
58
-81
-109
26
139
77
-72
-157
-66
87
118
-78
-244
-139
106
219
35
-257
-288
-26
200
186
-85
-311
-212
57
185
111
-101
-208
-115
70
161
98
-20
-131
-66
126
182
110
-17
-32
81
170
134
13
-23
56
182
152
38
-48
-34
94
157
122
22
-38
-22
58
157
76
-82
-131
-1
106
74
-94
-193
-108
62
134
0
-226
-255
-68
129
105
-86
-218
-120
73
138
16
-119
-69
49
95
36
-52
-23
62
131
51
-63
-71
50
170
129
-21
-69
10
89
83
29
32
54
-2
-50
-5
78
115
-5
-145
-150
32
187
33
-208
-239
-30
96
-10
-207
-179
34
103
-117
-280
-149
101
91
-98
-209
-132
49
67
-73
-156
-87
26
101
68
-68
-118
-42
117
176
70
-82
-78
68
178
141
2
-17
48
89
89
40
-23
-7
25
43
27
-45
-66
-18
43
48
-62
-132
-108
19
107
64
-117
-202
-86
68
85
-30
-122
-138
-50
20
42
38
-37
-94
-85
-16
88
101
24
-100
-70
106
169
91
7
-24
89
168
103
6
-12
89
154
108
22
20
42
65
94
61
56
19
-15
15
124
80
-79
-148
-5
141
103
-107
-238
-132
100
148
-77
-276
-191
51
150
-15
-217
-174
75
173
-6
-176
-101
107
130
-5
-112
-38
124
171
37
-82
-88
14
134
158
50
-48
-16
39
50
66
115
90
-30
-131
-52
120
215
84
-177
-246
-54
240
199
-160
-346
-163
110
164
-96
-250
-128
70
64
-132
-242
-122
47
55
-56
-132
-114
-35
17
6
-50
-118
-103
32
145
70
-125
-157
43
255
220
-71
-246
-61
273
347
84
-195
-141
132
276
122
-126
-175
-7
161
144
-67
-157
-54
51
66
-30
-130
-125
-25
53
81
-17
-136
-157
-95
39
107
11
-154
-189
-74
101
157
11
-177
-197
-25
200
205
-15
-236
-93
196
289
108
-138
-118
161
277
140
-83
-62
124
199
104
-8
1
37
78
87
98
73
-11
-65
56
165
47
-163
-154
92
228
36
-269
-285
37
232
84
-237
-313
-76
109
106
-67
-198
-125
32
104
38
-77
-92
29
82
53
-8
-38
30
95
91
18
-46
-36
51
141
104
38
-5
-42
11
81
145
125
-31
-167
-93
115
262
137
-194
-341
-89
277
259
-111
-370
-270
66
222
29
-257
-283
-62
132
50
-167
-207
-107
5
34
-21
-101
-140
-94
10
53
-44
-82
-9
52
25
-53
-56
67
154
85
-69
-97
64
212
183
-18
-105
23
169
163
9
-99
-61
64
77
27
-59
-65
4
37
4
-88
-148
-63
79
105
-28
-167
-154
13
84
13
-101
-123
-54
11
-15
-24
-31
-4
4
-33
-61
24
125
78
-97
-79
92
193
156
6
-68
30
186
160
16
-33
56
162
156
66
-42
-44
95
195
111
-17
-51
48
98
64
-59
-92
-3
121
85
-90
-217
-123
89
154
-48
-269
-230
-8
143
78
-126
-238
-99
113
139
-27
-158
-94
82
127
53
-80
-77
60
201
137
-82
-183
-52
185
263
73
-130
-142
12
193
193
52
-49
-112
-52
81
174
116
-65
-195
-149
82
228
41
-269
-291
-52
181
84
-170
-300
-120
110
90
-133
-277
-159
41
135
4
-165
-204
-95
58
93
-21
-176
-128
64
147
38
-126
-133
66
257
166
-88
-191
5
279
264
-4
-169
-51
178
235
64
-135
-139
49
186
101
-122
-194
-37
142
120
-80
-221
-123
97
142
-12
-165
-149
-40
30
40
-29
-92
-75
-50
-65
2
61
36
-64
-153
-82
124
198
17
-170
-70
147
214
102
-46
-24
133
188
49
-50
42
182
158
27
-31
12
93
126
73
11
16
36
60
55
-8
-51
-51
34
91
38
-93
-160
-90
41
88
-49
-233
-192
9
139
26
-201
-242
-2
185
106
-111
-199
-30
169
140
-56
-128
-38
155
200
31
-125
-92
75
173
104
-17
-37
17
71
58
64
67
71
-2
-86
-65
100
206
70
-205
-273
30
266
97
-213
-293
-71
138
75
-154
-239
-82
60
-2
-135
-141
-70
-39
-14
-21
-78
-115
-87
4
39
-28
-119
-76
70
134
21
-125
-100
64
216
138
-77
-137
49
263
195
-25
-134
-7
190
208
-10
-169
-92
118
201
16
-207
-145
88
179
13
-205
-216
5
175
96
-85
-201
-132
33
92
-5
-96
-138
-97
-2
47
22
-28
-85
-70
-16
53
85
62
-51
-109
9
175
202
38
-101
-3
199
206
17
-123
27
247
214
-8
-104
19
139
160
91
-18
-55
4
104
168
31
-159
-154
71
234
58
-230
-293
-35
237
150
-199
-369
-151
170
209
-88
-326
-182
145
224
16
-219
-175
72
212
84
-91
-115
16
156
154
13
-89
-91
37
162
134
40
-15
-57
-10
93
170
139
-11
-135
-91
64
194
126
-84
-223
-123
122
177
-19
-225
-212
-25
96
24
-181
-212
-57
48
-1
-117
-152
-110
-41
25
2
-101
-164
-84
37
79
-45
-153
-82
105
147
-20
-176
-98
151
250
101
-124
-156
78
281
209
-29
-155
-25
196
189
-22
-141
-49
123
141
-20
-147
-91
39
99
20
-138
-194
-48
127
153
-43
-244
-222
34
164
45
-112
-185
-93
14
56
47
8
-79
-118
-68
54
155
125
-91
-185
19
256
240
16
-142
-34
188
235
69
-58
-9
122
159
100
28
-17
10
99
148
65
-36
-34
91
143
35
-101
-136
32
151
54
-157
-237
-62
145
94
-132
-252
-126
46
94
-28
-185
-152
36
121
43
-115
-128
30
128
69
-45
-83
10
137
173
29
-127
-116
85
243
125
-62
-132
-8
138
169
74
-31
-49
-17
8
66
109
51
-80
-159
-69
97
114
-49
-216
-194
26
129
-53
-245
-198
39
115
-59
-221
-166
-42
40
13
-74
-119
-108
-58
-1
35
-35
-117
-57
62
105
-1
-100
-71
102
204
125
-73
-124
46
233
175
11
-88
-4
141
146
16
-110
-62
93
120
-27
-132
-70
63
99
-6
-183
-179
19
175
112
-133
-289
-138
106
174
3
-211
-201
-16
105
93
-11
-121
-127
-58
55
134
91
-45
-157
-57
199
263
73
-145
-90
151
282
140
-91
-71
120
238
129
-25
-43
2
106
132
67
23
-26
1
104
140
-12
-146
-102
92
162
14
-212
-213
-8
149
56
-189
-238
-73
88
85
-103
-247
-108
123
154
-40
-182
-82
124
141
7
-129
-82
117
212
69
-108
-119
50
159
145
5
-51
3
81
99
36
24
40
31
-40
-44
49
134
87
-90
-208
-91
171
224
-87
-342
-236
90
209
-48
-293
-224
38
137
-13
-223
-236
-60
81
80
-48
-188
-191
-39
105
89
-61
-175
-83
101
136
-37
-138
-17
169
202
1
-131
-51
197
260
64
-121
-91
103
234
118
-100
-148
-1
156
135
-79
-208
-81
131
164
-53
-252
-191
54
203
96
-148
-276
-144
93
183
54
-180
-274
-110
125
182
13
-182
-191
-25
157
140
-11
-141
-93
113
200
103
-29
-45
71
209
159
-26
-89
70
251
198
-12
-103
18
126
123
56
25
51
32
-39
77
130
6
-134
-80
95
155
-30
-241
-208
57
214
35
-265
-284
13
176
8
-203
-205
1
170
104
-111
-210
-53
171
165
-27
-155
-59
136
218
57
-147
-101
73
188
124
-50
-68
55
109
71
37
46
63
-16
-89
-16
129
177
40
-181
-224
-10
244
148
-178
-325
-154
93
145
-75
-268
-164
38
81
-88
-225
-164
1
57
-20
-118
-109
-51
-27
-11
-21
-78
-59
15
76
26
-96
-64
92
201
88
-92
-114
73
224
171
1
-81
-30
134
197
67
-93
-100
11
121
80
-70
-151
-58
100
117
-55
-224
-174
95
215
16
-224
-229
-18
126
78
-85
-204
-143
43
91
15
-74
-55
-21
-17
-28
24
102
39
-88
-32
112
170
83
-36
14
145
173
56
-55
23
157
191
88
-27
-10
69
123
114
51
-20
-23
66
154
64
-89
-134
7
141
99
-99
-238
-135
70
166
9
-210
-262
-94
105
122
-44
-218
-170
35
177
72
-140
-147
25
155
87
-67
-105
51
203
141
-79
-181
-50
181
258
45
-144
-66
92
129
89
37
7
-12
-42
-11
75
122
38
-135
-191
-18
195
108
-159
-279
-147
97
116
-95
-265
-149
66
71
-118
-251
-106
56
67
-84
-178
-145
-5
59
0
-91
-134
-40
105
96
-32
-135
-44
155
224
52
-132
-106
104
250
160
-24
-118
-12
155
209
45
-110
-115
28
128
56
-68
-101
-39
64
45
-75
-135
-64
71
88
-22
-165
-141
-32
31
46
-39
-98
-108
-70
5
65
47
-35
-126
-113
42
173
123
-105
-171
39
239
186
-15
-124
39
236
195
-4
-109
58
239
163
3
-40
-4
112
135
72
16
18
32
31
59
21
-19
-34
-2
38
14
-77
-119
-47
44
21
-119
-187
-100
42
68
-64
-202
-140
74
151
12
-167
-157
74
203
75
-149
-137
82
248
142
-92
-189
-28
181
229
60
-132
-97
96
166
92
-1
-12
22
12
-23
-8
92
114
-17
-160
-131
88
200
-14
-226
-241
-12
126
18
-188
-237
-68
97
23
-145
-178
-93
-8
19
3
-91
-147
-93
1
77
1
-131
-112
16
115
71
-78
-99
64
201
120
-65
-104
61
213
154
-3
-82
15
155
141
-13
-101
-16
104
89
-76
-128
-12
102
66
-80
-194
-115
69
153
41
-133
-218
-114
63
104
13
-113
-168
-88
10
90
67
-71
-164
-115
60
146
102
-49
-153
-21
187
179
8
-97
37
204
193
28
-103
-17
196
230
57
-33
1
58
106
89
39
12
32
35
43
71
27
-37
-47
14
51
-3
-98
-130
-41
51
43
-92
-213
-133
20
89
-34
-181
-130
45
126
26
-110
-118
22
119
77
-33
-70
-5
105
134
44
-67
-82
45
186
161