#4
-104
143
173
-71
-286
-177
156
253
-37
-358
-256
113
217
-20
-284
-255
13
101
-51
-189
-166
-70
-27
-45
-122
-164
-160
-80
-18
-130
-215
-140
-11
-47
-212
-242
-99
53
8
-207
-233
-61
60
4
-124
-63
28
-13
-99
-64
96
116
-25
-157
-108
48
79
-53
-114
-19
29
-39
-81
-18
34
-11
-144
-128
33
105
-37
-210
-189
7
62
-39
-166
-192
-80
-12
-38
-119
-170
-131
5
54
-113
-292
-237
66
213
2
-312
-309
38
268
67
-258
-279
27
221
78
-149
-183
-32
91
92
45
-5
-90
-106
13
133
143
-39
-139
-21
73
27
-26
-53
-25
-48
-85
-41
-10
-71
-145
-126
-13
5
-161
-249
-117
80
84
-107
-229
-169
-3
55
-32
-107
-120
-126
-83
37
52
-70
-222
-101
111
140
-70
-218
-71
179
121
-116
-152
38
180
50
-141
-163
50
203
112
-111
-242
-70
117
146
0
-164
-222
-72
131
128
-115
-311
-170
107
157
-85
-285
-200
11
42
-121
-148
-48
-28
-165
-211
-66
51
-15
-135
-155
-47
-1
-31
-29
-5
-3
-17
-35
22
82
15
-72
12
97
49
-119
-156
65
204
51
-195
-188
60
211
68
-143
-175
-22
119
77
-64
-141
-110
-13
45
-9
-156
-182
-38
76
-45
-200
-178
30
138
-59
-313
-271
70
285
48
-290
-278
-5
215
111
-157
-186
-5
111
71
-49
-75
-44
23
106
84
-32
-72
-2
125
100
-46
-69
71
141
47
-53
-77
27
95
2
-106
-65
2
-64
-135
-64
68
29
-188
-265
-88
95
58
-72
-150
-128
-59
-26
12
33
-35
-168
-170
0
125
24
-182
-171
36
165
46
-137
-123
41
118
36
-64
-24
31
60
54
6
-86
-59
104
220
54
-243
-242
98
331
119
-302
-349
15
293
123
-232
-311
-52
136
60
-114
-177
-112
-46
-52
-30
-20
-74
-183
-176
-39
45
-37
-101
-91
-75
-47
-19
21
38
-59
-73
33
127
56
-105
-95
122
255
77
-203
-210
56
262
135
-114
-175
-24
84
94
36
-19
-89
-83
56
140
-1
-196
-188
62
197
-10
-298
-213
99
173
-88
-299
-163
147
175
-91
-324
-247
79
277
87
-220
-310
-106
232
267
-45
-314
-224
153
331
114
-224
-243
74
288
137
-124
-130
98
190
25
-63
26
109
34
-20
12
71
49
-60
-44
40
39
-58
-190
-80
83
49
-101
-195
-131
-12
29
1
-34
-86
-151
-107
77
125
-58
-203
-141
23
87
-7
-116
-105
5
66
41
-3
-48
-63
14
95
88
-33
-106
32
183
147
-118
-231
27
305
228
-142
-348
-56
297
248
-96
-315
-154
139
204
24
-181
-198
-50
84
95
-46
-224
-183
-20
67
4
-136
-171
-72
-13
-52
-118
-78
25
2
-105
-105
-23
44
8
-30
25
91
-6
-77
5
154
159
5
-100
-62
33
97
57
17
-4
-45
-53
46
148
68
-119
-136
44
187
25
-201
-165
74
178
1
-228
-187
58
149
-38
-231
-211
-5
168
105
-141
-316
-216
142
316
35
-332
-328
67
401
160
-287
-342
59
372
197
-174
-269
-6
247
203
-9
-109
-19
81
101
67
48
26
-1
38
107
56
-58
-55
58
125
1
-154
-111
27
49
-27
-96
-78
-58
-107
-99
0
97
6
-175
-166
-14
93
20
-91
-83
-45
-19
-17
15
-7
-87
-95
40
165
63
-151
-144
98
256
38
-205
-106
216
271
-25
-260
-109
233
320
32
-260
-225
120
303
141
-148
-284
-107
174
235
-8
-269
-232
50
210
73
-213
-298
-60
146
36
-130
-161
-56
-18
-93
-98
-21
3
-60
-96
-80
-1
8
-9
-6
49
50
-18
-41
18
81
77
72
71
19
-102
-110
84
237
136
-160
-238
25
289
195
-88
-234
-105
151
210
22
-171
-188
-39
110
115
-39
-212
-172
51
151
-25
-256
-210
104
251
-40
-376
-282
169
369
38
-350
-300
85
328
140
-164
-245
-49
187
212
36
-132
-135
46
216
187
-33
-122
-23
155
168
42
-25
27
88
66
-17
9
88
53
-49
-111
11
90
-27
-159
-103
59
62
-95
-206
-134
24
98
39
-99
-161
-98
36
88
42
-90
-167
-87
67
114
-14
-173
-99
91
152
15
-116
-84
73
123
28
-14
34
66
57
15
-11
-27
31
150
129
-51
-158
-36
165
187
-81
-274
-106
198
227
-67
-312
-158
145
175
-71
-227
-160
0
70
5
-90
-140
-115
-38
-17
-35
-74
-114
-48
46
15
-93
-119
17
119
41
-32
3
50
35
-6
42
160
121
-51
-150
-34
179
225
-9
-190
-81
125
148
41
-17
-51
-49
14
110
91
-70
-192
-71
168
143
-128
-282
-86
162
95
-174
-275
-39
216
141
-182
-321
-80
207
181
-80
-239
-160
73
241
138
-127
-257
-84
266
316
-18
-301
-162
207
370
103
-191
-148
83
218
134
9
-9
6
50
94
68
22
-55
-58
60
99
24
-125
-193
-10
137
48
-147
-210
-112
43
85
13
-88
-156
-110
29
127
58
-162
-203
-38
138
95
-89
-169
-66
83
123
48
-70
-120
-27
120
175
46
-96
-67
113
215
61
-188
-160
137
356
155
-253
-323
69
373
208
-210
-352
-47
262
220
-72
-290
-197
59
215
102
-167
-328
-145
142
177
-38
-247
-226
-11
85
0
-108
-126
-44
5
5
5
-30
-56
-37
44
131
77
-67
-75
69
180
153
-34
-135
4
141
94
-6
-15
31
27
-29
-9
121
102
-70
-140
22
194
74
-145
-179
11
132
36
-126
-100
25
35
-99
-160
-49
63
50
-59
-156
-119
3
107
70
-92
-190
-94
133
206
1
-203
-107
151
212
-3
-159
-31
147
129
-35
-58
125
166
19
-103
-1
175
194
39
-95
-9
76
86
40
-2
-25
-44
-9
4
-54
-62
-44
-17
3
-77
-151
-99
31
86
-24
-146
-80
48
47
-52
-94
-27
-3
-31
-28
12
3
-50
-39
67
95
-27
-106
-10
192
149
-81
-153
38
270
172
-124
-218
6
283
237
-46
-246
-101
171
227
72
-144
-243
-56
224
209
-92
-334
-188
188
275
-24
-373
-292
134
285
-21
-318
-228
48
119
-19
-131
-141
-85
20
37
2
-59
-112
-30
109
129
41
-91
-62
99
153
82
39
34
12
-57
-32
91
153
52
-112
-86
72
152
70
-56
-92
19
116
60
-58
-109
-57
18
55
27
-64
-115
-63
18
16
-81
-161
-61
101
94
-115
-272
-97
191
165
-94
-242
-119
151
207
11
-142
-107
12
126
133
43
-69
-97
12
179
173
1
-62
16
84
121
82
48
23
25
41
31
81
75
-28
-86
-40
87
58
-93
-125
-16
45
-42
-162
-129
13
88
15
-98
-115
-68
-3
73
47
-54
-144
-107
37
135
40
-135
-182
26
215
120
-138
-162
67
235
108
-114
-113
85
200
105
-60
-127
14
187
215
39
-210
-178
100
267
142
-176
-271
-35
230
181
-114
-268
-98
119
99
-65
-147
-79
8
-52
-87
-23
-21
-82
-153
-71
36
-18
-92
-67
-23
-8
-52
-27
77
54
-3
-1
11
42
32
37
94
122
23
-95
-72
105
203
87
-98
-127
27
130
83
-4
-28
-1
4
30
71
23
-89
-141
1
177
84
-172
-232
-25
118
30
-142
-181
-10
134
46
-165
-199
-14
145
96
-62
-196
-116
132
213
46
-161
-187
35
266
200
-74
-212
-57
184
219
61
-67
15
77
35
40
161
161
-23
-128
-12
165
176
10
-130
-66
46
81
-11
-110
-99
-8
21
-28
-101
-115
-62
9
54
-1
-101
-138
-34
94
59
-73
-123
-63
40
55
-5
-81
-81
15
86
79
-16
-92
-26
119
150
33
-99
-38
165
203
-7
-200
-72
227
291
-3
-302
-162
232
317
15
-297
-222
117
247
93
-163
-249
-78
125
133
-13
-204
-224
-57
111
101
-103
-231
-150
28
89
-14
-179
-143
15
72
8
-65
-63
-7
11
95
117
-28
-110
-1
166
236
44
-145
-108
80
174
101
-23
-37
-8
20
53
74
77
-2
-98
-36
128
118
-42
-181
-70
134
120
-107
-210
-48
132
35
-166
-178
-28
91
88
-55
-190
-204
21
240
152
-168
-322
-100
285
314
-49
-338
-189
204
350
72
-201
-182
76
255
175
-31
-88
-22
59
140
160
81
-45
-68
72
165
103
-29
-78
8
65
20
-51
-64
-55
-34
6
18
-30
-147
-199
-64
173
160
-112
-288
-150
129
187
-10
-174
-152
-20
80
107
6
-136
-146
24
185
156
-74
-210
-40
233
225
-74
-187
36
265
161
-107
-197
16
256
235
-64
-206
-57
131
171
47
-132
-179
-34
148
171
-48
-242
-168
69
189
28
-219
-241
-12
101
19
-100
-107
-61
-67
-80
5
18
-65
-117
-65
58
74
-33
-101
-45
114
157
31
-41
-19
53
127
126
89
-66
-170
-17
240
250
-34
-269
-138
211
332
78
-235
-216
89
284
114
-197
-246
-22
185
135
-72
-239
-162
74
155
-3
-216
-234
32
237
81
-262
-310
4
280
145
-199
-260
-24
224
193
-52
-202
-101
110
211
126
-66
-138
-54
145
222
106
-59
-95
54
199
118
-7
-26
47
109
24
-18
46
103
34
-81
-86
10
40
-20
-72
-53
1
-43
-125
-94
1
39
-40
-95
-66
-4
30
2
-21
-50
-82
-75
23
93
8
-89
-81
37
113
31
-70
-34
81
121
15
-38
31
116
83
13
-24
-18
13
109
187
21
-171
-122
105
248
92
-230
-231
45
254
128
-180
-274
-59
153
111
-69
-185
-128
-2
-14
-49
-31
-49
-76
-105
-58
11
-28
-95
-61
-7
2
-30
-4
32
44
49
3
-4
17
17
80
171
120
-72
-162
-13
225
217
-33
-203
-93
165
214
27
-127
-100
41
158
111
-26
-144
-133
17
139
106
-94
-241
-104
135
107
-132
-246
-94
174
176
-129
-317
-152
158
284
19
-276
-245
38
287
188
-115
-268
-102
237
307
27
-240
-181
122
331
185
-100
-133
36
154
114
48
56
43
7
27
87
93
28
-78
-44
87
105
-31
-189
-140
68
126
0
-194
-225
-81
96
141
37
-160
-245
-97
154
213
-22
-256
-207
59
202
67
-155
-204
-15
157
169
18
-161
-150
49
247
200
-47
-173
-55
186
266
25
-235
-120
247
338
0
-296
-158
181
283
37
-225
-187
58
179
66
-128
-167
-60
53
90
-12
-150
-170
-51
21
6
-66
-109
-78
-62
-52
-29
-25
-3
-29
-79
-48
5
67
34
-64
-24
91
113
18
-42
27
158
114
-7
-60
-29
40
112
118
26
-67
-79
29
173
132
-70
-154
-24
191
139
-123
-202
-39
181
128
-121
-209
-58
99
22
-120
-155
-44
66
66
-57
-172
-137
45
152
41
-152
-188
6
225
152
-145
-233
5
240
172
-77
-153
9
167
161
15
-29
56
76
45
44
90
103
13
-52
64
138
50
-60
-37
61
63
-20
-85
-57
5
4
-36
-47
-88
-143
-100
23
128
25
-172
-167
1
98
60
-81
-121
-61
-8
36
26
-20
-74
-48
50
101
42
-90
-62
99
179
31
-101
-26
152
186
-3
-133
-26
174
213
35
-175
-108
94
171
96
-66
-171
-93
79
145
38
-133
-168
-37
99
78
-99
-205
-93
34
1
-75
-63
-14
-58
-154
-121
30
91
-10
-135
-133
12
68
48
-15
-4
57
43
-10
5
43
96
119
67
-16
-67
-5
115
184
74
-154
-174
69
270
188
-94
-242
-82
201
238
-25
-247
-176
70
192
75
-162
-243
-58
159
94
-147
-252
-73
186
172
-142
-364
-176
264
319
-78
-376
-239
178
404
117
-293
-298
31
328
238
-58
-213
-108
155
278
128
-99
-111
58
189
163
14
-56
19
125
125
-11
-66
25
108
47
-60
-27
12
-62
-87
-24
67
18
-149
-224
-67
128
122
-50
-190
-139
28
106
59
-49
-147
-127
6
130
90
-101
-193
-23
203
184
-50
-195
-64
163
209
32
-97
-31
107
146
73
-34
-77
24
169
171
-60
-210
-58
205
250
-27
-296
-182
161
264
8
-262
-181
48
125
10
-121
-124
-42
-34
-72
-59
10
-35
-112
-122
-33
13
-21
-50
-63
-57
-47
17
69
47
-39
-12
53
85
51
-18
22
154
143
-32
-153
-26
194
200
-15
-190
-62
154
183
35
-83
-60
20
72
70
-10
-117
-132
26
166
50
-173
-222
3
160
7
-232
-198
81
229
27
-290
-283
28
294
160
-180
-273
-78
196
241
27
-194
-195
47
246
179
-55
-183
-47
197
247
19
-140
-11
174
144
-1
-19
92
115
49
-21
18
91
51
-23
-5
24
3
-44
-66
-22
32
-25
-98
-137
-81
-10
54
71
-55
-155
-116
4
120
63
-87
-173
-115
44
127
61
-88
-145
-21
110
147
32
-103
-84
52
147
90
-28
-16
79
118
32
-109
-27
173
226
12
-235
-164
163
313
78
-255
-275
55
275
123
-163
-276
-101
112
154
-5
-182
-218
-68
85
113
-35
-219
-197
-6
78
21
-126
-174
-46
64
42
-61
-87
-12
48
96
97
-2
-97
-41
130
236
120
-87
-152
-11
197
193
-6
-131
-44
91
128
45
2
-24
-53
-14
99
110
-15
-174
-115
110
169
-35
-222
-144
93
121
-87
-211
-86
83
105
-78
-176
-105
28
99
38
-68
-141
-58
122
192
-3
-186
-125
118
249
55
-137
-81
96
192
66
-59
0
118
99
13
12
122
112
-15
-27
71
123
80
-38
-74
20
53
-14
-58
-63
-23
4
-8
-35
-108
-144
-65
62
102
-26
-203
-163
67
167
4
-167
-157
-18
96
51
-40
-82
-54
35
102
62
-41
-114
-19
163
188
4
-120
-27
159
166
-9
-128
-30
162
240
20
-177
-133
53
207
153
-80
-238
-128
108
211
46
-210
-239
-29
197
129
-153
-288
-104
124
105
-97
-191
-86
-7
-44
-72
-20
9
-22
-106
-84
32
86
47
-35
-43
39
36
36
46
68
87
90
45
-10
-44
-25
105
177
45
-136
-113
93
224
111
-99
-160
10
173
109
-85
-169
-67
77
98
-18
-123
-105
-16
15
-10
-49
-105
-62
48
45
-93
-198
-88
169
177
-94
-258
-96
202
254
-7
-222
-166
100
244
103
-65
-146
-22
150
209
86
-48
-55
35
134
115
41
-5
43
82
38
-12
43
107
43
-79
-105
36
67
-46
-118
-58
23
-15
-127
-140
-16
108
57
-120
-175
-68
85
91
-14
-112
-100
-30
21
52
0
-67
-73
35
110
70
-84
-86
78
188
79
-101
-62
113
169
61
-66
-83
40
168
183
10
-181
-143
89
264
147
-198
-324
-18
299
220
-131
-329
-142
140
182
-34
-208
-180
-13
56
3
-70
-103
-108
-64
-21
25
-54
-121
-60
3
36
-19
-64
-3
60
60
39
-21
-17
29
80
128
139
26
-116
-88
92
201
90
-94
-121
39
154
103
-4
-67
-48
39
116
74
-85
-167
-78
142
156
-61
-272
-151
130
179
-79
-287
-159
154
215
-70
-297
-226
110
290
60
-233
-253
-1
250
215
-79
-255
-123
186
300
55
-190
-171
87
256
176
-29
-81
21
125
112
43
53
84
23
-16
40
105
96
-29
-118
-8
125
101
-109
-208
-41
115
69
-118
-234
-112
54
122
38
-122
-185
-86
92
169
-14
-208
-179
15
159
107
-93
-199
-64
143
186
29
-133
-122
69
213
135
-76
-145
34
227
177
-70
-204
-31
276
284
-60
-313
-114
237
286
3
-287
-209
100
252
67
-205
-227
-1
183
87
-122
-224
-114
33
38
-42
-118
-96
-35
-43
-62
-55
-62
-17
17
-52
-91
-42
39
73
-4
-2
65
45
-15
-27
82
194
146
-59
-164
-20
168
175
33
-94
-66
17
85
126
102
-47
-150
-46
135
147
-23
-162
-110
77
129
-37
-171
-107
45
51
-87
-127
-45
38
51
-37
-144
-146
21
159
92
-110
-234
-66
214
223
-58
-223
-77
174
193
11
-112
-45
105
161
72
-33
10
109
77
21
30
109
81
16
24
45
36
28
19
10
8
-28
-22
-13
-39
-51
-54
-14
-3
-78
-143
-72
95
99
-99
-211
-79
135
128
-74
-197
-105
64
107
6
-101
-108
14
119
104
-23
-140
-57
140
211
41
-157
-74
197
254
-10
-229
-118
200
317
114
-210
-256
25
268
214
-44
-260
-200
84
270
134
-179
-328
-99
214
213
-115
-334
-164
130
170
-64
-262
-169
31
96
-18
-167
-180
0
101
20
-98
-122
-15
103
105
37
-67
-55
73
156
125
30
-35
11
27
29
52
120
91
-61
-156
3
183
202
7
-187
-122
148
244
29
-227
-205
38
206
101
-142
-233
-99
111
117
-51
-199
-166
45
183
15
-242
-258
62
274
119
-178
-298
-44
258
221
-68
-217
-109
142
218
100
-83
-111
-25
145
200
108
-20
-67
-17
102
175
141
-8
-89
-2
118
124
44
-49
-59
0
38
33
-56
-140
-65
61
43
-107
-227
-133
104
205
15
-244
-256
13
194
110
-95
-208
-134
49
148
95
-106
-211
-62
211
253
-16
-292
-165
215
358
78
-230
-164
155
294
76
-163
-154
95
257
169
-112
-242
-31
217
248
-10
-300
-197
163
312
29
-338
-273
106
268
56
-249
-269
5
143
-4
-164
-140
-5
37
-66
-124
-46
-19
-44
-45
-25
-5
-5
-11
10
20
42
32
45
13
-5
42
171
167
-15
-178
-85
155
237
66
-174
-126
129
218
74
-99
-93
14
87
95
11
-97
-101
-18
99
62
-104
-189
-37
105
34
-138
-203
-44
161
111
-149
-292
-113
221
238
-53
-295
-203
139
311
121
-193
-262
-28
290
262
-29
-252
-149
209
349
102
-178
-114
124
203
95
-29
11
96
96
49
-29
23
65
41
-4
-27
-8
-3
-75
-46
28
2
-78
-131
-100
-34
42
50
-18
-116
-131
-35
77
87
-32
-161
-119
5
103
64
-53
-137
-60
109
149
38
-114
-97
85
203
105
-79
-100
72
189
102
-120
-133
65
270
204
-137
-282
-43
248
268
-53
-329
-161
170
251
20
-252
-228
-12
185
146
-94
-288
-217
75
208
8
-231
-244
-55
100
52
-95
-136
-56
24
9
-43
-68
6
36
45
46
40
8
-20
21
126
173
70
-88
-113
38
190
157
-29
-143
-65
109
166
80
-52
-99
-49
105
175
21
-190
-193
44
210
65
-227
-224
59
174
-8
-236
-170
58
154
14
-193
-203
-10
171
135
-79
-232
-120
124
239
101
-168
-242
4
289
225
-41
-204
-66
173
217
69
-48
-23
46
78
105
114
53
-55
-3
130
125
19
-60
-3
59
18
-66
-72
-1
31
-34
-87
-73
-34
-53
-89
-39
79
29
-130
-184
-35
138
135
-56
-214
-178
26
184
110
-92
-214
-61
163
226
39
-218
-180
142
299
111
-169
-149
136
273
81
-170
-137
127
274
115
-181
-209
49
255
157
-108
-251
-76
159
180
-16
-228
-206
32
217
91
-195
-315
-92
193
144
-156
-276
-100
85
47
-92
-148
-95
41
62
-15
-72
-69
6
52
84
58
-22
-51
26
120
152
94
-32
-57
-16
73
123
107
-6
-92
-48
79
148
100
-41
-129
-34
115
122
-24
-139
-105
32
119
28
-126
-153
-2
72
-25
-160
-122
45
119
7
-167
-221
-58
199
191
-90
-284
-139
186
280
27
-249
-225
136
343
128
-175
-225
27
269
227
-14
-132
-24
160
172
26
-49
30
139
114
27
-62
-30
98
118
2
-102
-53
31
-5
-49
-63
-13
-15
-111
-169
-74
117
126
-82
-233
-125
94
160
10
-166
-163
-7
112
89
-41
-159
-97
98
186
72
-109
-137
33
178
135
-32
-75
34
158
117
-8
-95
-38
111
217
89
-153
-158
22
201
183
-78
-263
-132
168
261
-5
-283
-229
80
217
21
-228
-210
1
97
-3
-125
-138
-57
-21
-40
-48
-47
-47
-28
-36
-41
-28
-36
31
53
36
27
8
35
51
24
72
142
79
-70
-137
17
204
199
-26
-201
-93
138
210
86
-93
-151
-34
152
152
-4
-181
-192
25
218
94
-198
-252
-21
154
49
-185
-185
44
153
3
-238
-237
36
278
133
-189
-257
-70
185
221
11
-192
-172
71
250
163
-105
-207
7
269
243
-26
-187
-45
201
220
32
-44
25
101
97
34
-4
36
42
-1
-2
19
10
-79
-83
-6
69
-11
-152
-171
-73
42
94
37
-101
-171
-95
52
145
32
-135
-184
-52
97
121
-10
-162
-114
95
219
101
-127
-191
15
226
192
-27
-128
-34
152
203
49
-133
-119
93
255
128
-133
-178
-4
188
171
-76
-199
-103
85
158
27
-143
-184
-62
94
121
-43
-215
-192
-16
104
53
-115
-201
-116
12
77
-27
-140
-101
-3
65
6
-79
-62
-11
92
146
47
-63
-69
69
229
155
-51
-151
-68
128
200
88
-75
-129
-18
103
141
109
-23
-159
-108
136
244
37
-259
-230
80
238
53
-221
-180
57
99
-73
-184
-99
70
111
-28
-200
-166
48
186
67
-127
-203
-57
194
213
-47
-237
-130
169
310
69
-199
-166
104
299
155
-110
-130
77
223
129
-8
-27
45
69
90
68
20
-17
15
41
21
-27
-25
-56
-55
0
19
-33
-105
-130
-104
-5
125
68
-124
-229
-84
124
163
-6
-192
-187
-8
140
100
-45
-169
-96
79
188
85
-102
-142
23
215
154
-53
-129
18
202
171
-63
-190
0
227
241
-31
-251
-133
139
250
112
-173
-273
-39
223
206
-62
-314
-230
89
257
79
-229
-308
-60
168
110
-129
-222
-94
-11
10
-24
-66
-62
-30
-22
-18
-27
-8
2
8
63
98
28
-41
-17
89
185
137
-32
-112
-48
96
180
92
-63
-111
-20
136
182
60
-107
-160
13
215
158
-99
-254
-104
120
169
-22
-175
-138
11
70
-55
-162
-106
63
160
10
-226
-277
13
286
187
-156
-363
-142
270
348
15
-313
-253
136
383
194
-148
-276
-54
250
300
72
-138
-90
85
195
141
15
-63
4
125
97
-8
-8
33
51
1
-59
-39
-8
-51
-63
-22
24
-20
-137
-177
-46
132
117
-101
-238
-142
106
202
35
-170
-199
-88
96
188
29
-187
-196
48
229
156
-56
-209
-55
223
211
3
-129
-6
175
157
-37
-130
3
169
177
-31
-162
-49
126
161
16
-175
-144
65
205
79
-193
-257
-8
183
109
-129
-224
-104
41
23
-85
-97
-32
-14
-103
-130
-2
78
-16
-141
-126
-2
86
55
-35
-65
32
109
88
29
-24
2
139
170
28
-125
-101
97
230
104
-106
-126
12
144
128
12
-93
-75
40
136
91
-65
-188
-102
109
162
-28
-245
-150
92
138
-80
-270
-142
157
218
-67
-344
-231
161
321
38
-288
-284
48
319
185
-153
-263
-49
222
258
34
-176
-174
92
266
169
-58
-87
41
137
110
23
19
70
79
41
7
37
77
21
-26
4
40
-6
-98
-116
14
82
-3
-135
-186
-81
78
101
1
-160
-165
-60
97
136
8
-153
-195
-33
164
128
-77
-226
-106
177
257
58
-188
-202
95
309
144
-141
-172
93
276
169
-139
-236
-11
301
308
-63
-344
-143
193
349
99
-289
-300
51
263
159
-161
-280
-95
133
142
-35
-195
-197
-36
88
-4
-99
-123
-71
-59
-57
-5
-20
-44
-73
-89
-41
51
80
-3
-63
20
102
53
-1
-12
81
164
104
-54
-132
-6
186
171
-17
-143
-73
86
158
97
-9
-99
-75
55
164
59
-131
-198
-52
161
151
-85
-217
-100
72
71
-111
-174
-27
113
63
-119
-191
-94
100
157
-11
-190
-154
31
198
143
-62
-171
-98
149
256
75
-142
-133
51
235
187
-3
-81
-24
77
160
123
34
-8
-32
46
123
110
17
-46
-34
9
58
14
-85
-93
-25
29
29
-67
-179
-165
-5
170
103
-164
-270
-73
190
195
-65
-271
-179
79
193
63
-148
-194
-13
178
179
-5
-154
-123
112
224
98
-120
-98
118
220
63
-130
-110
111
244
124
-167
-206
11
215
196
-29
-245
-173
75
225
109
-171
-280
-83
176
185
-91
-315
-194
92
147
-52
-189
-135
6
34
-67
-134
-81
39
56
-56
-109
-74
50
105
62
4
-53
-16
82
128
97
38
10
4
8
23
80
112
69
-50
-101
1
139
155
35
-134
-111
59
166
95
-126
-203
-45
157
144
-106
-224
-77
82
48
-101
-182
-35
147
101
-129
-292
-176
185
342
42
-330
-332
62
408
261
-177
-376
-119
318
374
20
-295
-213
141
361
208
-128
-220
37
236
204
26
-103
-13
124
164
47
-73
-40
61
78
15
-56
-62
-64
-35
19
47
-26
-181
-217
-48
164
164
-96
-284
-164
112
215
25
-213
-195
1
102
77
-19
-106
-120
36
164
121
-65
-177
-39
191
197
-6
-127
-13
173
176
0
-134
-69
140
236
69
-142
-143
13
178
198
-28
-262
-166
108
257
86
-246
-303
14
253
102
-179
-299
-112
119
95
-73
-160
-130
-37
-23
-6
-13
-79
-78
-46
1
42
-2
-38
-18
36
84
72
2
-36
-5
125
201
108
-84
-170
-2
263
258
-19
-264
-144
164
275
102
-118
-179
-26
166
161
-17
-196
-193
46
231
105
-201
-293
-46
204
158
-169
-357
-121
243
252
-144
-395
-196
240
323
-8
-315
-290
87
364
205
-186
-297
-73
261
297
32
-237
-181
130
336
197
-123
-192
48
240
186
21
-65
-26
75
132
74
-15
-47
-15
61
63
4
-94
-164
-42
124
99
-92
-269
-169
59
165
40
-154
-211
-81
115
184
5
-202
-201
-16
158
130
-57
-203
-108
144
229
54
-170
-167
71
267
140
-111
-157
54
267
176
-105
-223
-31
277
318
35
-282
-226
87
328
185
-174
-329
-97
231
253
-34
-314
-227
91
256
62
-237
-303
-78
138
112
-62
-191
-141
-10
40
-23
-144
-141
45
137
1
-204
-151
88
175
71
-22
-73
5
85
94
135
80
-10
-64
-24
78
131
71
-17
-54
-13
44
108
117
0
-134
-86
75
179
78
-160
-234
-25
213
131
-156
-256
-64
119
54
-108
-166
-39
87
37
-117
-160
-35
133
97
-56
-155
-134
68
201
94
-102
-186
3
220
173
-25
-129
-59
125
212
106
-46
-65
45
117
139
79
4
-46
44
147
91
-35
-76
26
118
52
-80
-141
-71
33
72
6
-119
-185
-129
26
128
71
-106
-219
-142
62
195
70
-166
-227
-32
156
133
-68
-184
-93
89
192
90
-94
-166
-22
212
197
-30
-141
27
236
172
-88
-220
-11
250
256
-44
-284
-122
196
292
65
-229
-259
14
248
166
-125
-304
-151
146
217
-1
-266
-243
7
173
33
-160
-216
-82
52
-3
-74
-74
-46
-11
-64
-72
4
64
7
-45
32
130
86
-40
-109
44
214
192
-2
-163
-103
140
285
129
-157
-218
-10
201
234
48
-160
-160
22
211
161
-101
-246
-120
109
212
20
-251
-224
28
167
36
-153
-223
-50
167
139
-117
-285
-154
147
258
58
-239
-265
44
295
190
-131
-254
-42
229
222
-9
-164
-94
125
222
112
-20
-25
25
81
125
111
59
-11
-18
27
66
119
64
-38
-88
-63
46
80
-51
-143
-68
40
52
-114
-199
-97
91
138
-49
-227
-147
73
177
27
-159
-176
-63
87
144
41
-133
-180
-17
220
198
-45
-213
-85
185
223
29
-130
-37
169
144
-10
-126
-16
167
208
16
-196
-110
108
216
94
-178
-240
16
247
167
-158
-335
-123
232
246
-92
-354
-211
105
189
-41
-241
-151
27
60
-79
-151
-92
-1
50
6
-79
-89
-29
66
93
59
-11
-25
10
71
69
103
110
48
-55
-103
40
188
141
-44
-157
-41
146
186
65
-88
-128
5
126
102
-23
-151
-111
50
131
1
-168
-159
18
122
-22
-212
-152
81
172
-27
-236
-213
79
233
90
-200
-276
-29
259
193
-69
-222
-88
149
249
76
-138
-154
26
228
206
-6
-89
3
128
150
68
2
8
36
72
64
36
42
18
4
18
-9
-20
-67
-77
10
43
10
-113
-199
-134
39
147
56
-150
-226
-69
116
131
-18
-165
-172
-4
127
121
-63
-187
-117
138
260
88
-180
-199
69
282
163
-129
-167
76
244
146
-64
-174
-19
236
252
-25
-251
-135
144
286
111
-229
-295
-6
262
181
-126
-298
-115
133
170
-28
-239
-204
11
82
-3
-95
-112
-108
-59
-8
5
-57
-87
-41
-27
-39
-7
35
32
5
16
33
47
22
-5
24
138
146
16
-94
-55
89
185
105
-92
-134
15
140
125
40
-84
-122
24
142
118
-45
-188
-112
112
174
-35
-233
-166
59
122
-56
-168
-93
70
55
-105
-180
-81
77
149
5
-160
-140
37
160
125
-41
-151
-95
108
201
76
-77
-83
53
170
144
-4
-22
55
74
37
47
90
127
12
-46
23
89
113
26
-74
-52
57
70
-56
-152
-76
78
90
-73
-252
-202
32
239
124
-191
-329
-121
218
268
-36
-309
-220
84
248
71
-180
-216
-42
180
219
39
-159
-179
42
244
175
-48
-131
8
175
179
-15
-148
-23
187
198
-25
-148
-77
85
178
76
-138
-191
-30
136
149
-58
-228
-156
61
118
7
-169
-172
-16
50
-28
-84
-82
-66
-94
-79
-14
-4
-4
-55
-102
-44
51
52
-1
-36
16
85
55
-3
-13
65
176
137
-40
-146
-50
163
243
73
-175
-184
72
266
181
-69
-222
-70
171
207
-1
-188
-153
28
154
71
-133
-189
-51
90
37
-106
-155
-51
87
72
-79
-222
-167
119
247
41
-224
-247
3
298
216
-112
-287
-104
246
299
32
-215
-153
109
290
196
-57
-143
26
161
134
36
8
31
55
77
51
11
16
44
13
-24
-9
15
-37
-97
-43
36
16
-117
-223
-121
112
172
-31
-234
-197
40
179
75
-159
-233
-41
142
129
-52
-166
-93
48
167
120
-45
-158
-84
158
245
41
-174
-100
167
249
76
-144
-150
90
263
154
-111
-220
-77
185
285
55
-270
-302
29
300
228
-151
-374
-172
186
259
-7
-290
-281
-21
163
89
-97
-211
-172
-39
76
72
-82
-195
-111
47
135
14
-94
-84
32
171
124
-61
-93
-2
156
233
83
-105
-156
18
226
220
-13
-218
-124
140
261
123
-92
-192
-44
154
192
-9
-200
-199
11
222
150
-155
-300
-97
175
140
-126
-293
-112
181
225
-56
-351
-282
160
322
47
-257
-271
42
312
200
-157
-262
-41
225
244
23
-139
-108
66
197
148
-2
-48
38
77
59
85
110
52
-39
-13
59
110
77
-37
-60
-8
50
47
-97
-161
-8
89
9
-155
-201
-72
114
132
-65
-237
-150
62
183
44
-146
-198
-54
91
142
10
-181
-178
60
241
148
-107
-201
-8
235
191
-54
-182
-5
253
227
-39
-228
-128
198
365
155
-242
-319
-3
304
301
-61
-362
-232
173
327
98
-278
-338
-15
244
163
-122
-296
-166
67
123
-10
-157
-204
-90
49
75
-22
-179
-156
40
96
25
-86
-101
-10
99
144
39
-91
-72
66
214
214
2
-187
-129
141
275
143
-135
-247
6
232
199
-16
-120
-77
25
103
90
-9
-110
-131
15
146
62
-178
-235
-2
171
42
-204
-226
18
193
90
-185
-290
-95
197
224
-23
-241
-236
51
306
209
-126
-332
-122
268
363
71
-270
-225
131
390
208
-137
-177
23
214
209
65
-55
-66
62
177
105
-31
-87
-2
100
82
-52
-93
-92
-39
54
24
-75
-149
-132
-46
64
124
-23
-212
-188
26
211
109
-161
-264
-93
156
209
-4
-217
-197
49
263
193
-85
-246
-97
196
265
51
-151
-84
132
209
55
-143
-102
131
268
87
-204
-200
72
270
164
-143
-285
-83
203
214
-6
-263
-261
6
222
155
-125
-302
-189
78
129
-31
-157
-140
-55
-20
-20
-81
-93
-14
37
-25
-85
-25
42
16
26
87
42
-47
-40
71
164
179
36
-129
-138
58
234
209
-13
-198
-120
95
212
152
-52
-196
-96
157
269
57
-259
-280
7
265
174
-155
-311
-118
150
154
-95
-240
-121
122
126
-75
-247
-139
126
235
35
-222
-245
43
327
194
-189
-304
-27
334
280
-71
-278
-103
217
320
82
-156
-102
85
220
159
-12
-64
34
134
107
-20
-48
22
115
80
-63
-95
-49
-7
-5
-9
-21
-43
-129
-142
-55
90
100
-86
-184
-101
47
86
-8
-85
-92
-65
8
86
52
-75
-142
-18
147
164
6
-161
-106
139
220
48
-110
-51
141
177
35
-116
-78
135
239
78
-203
-157
87
209
148
-102
-249
-91
143
183
6
-218
-206
5
161
88
-122
-211
-109
18
28
-38
-72
-68
-117
-113
-7
47
-15
-86
-100
-30
38
41
-12
-54
26
119
80
-13
-48
28
162
182
46
-146
-108
125
260
106
-102
-168
-4
156
172
47
-111
-129
26
191
137
-54
-236
-167
92
212
42
-217
-196
26
146
-19
-236
-184
103
225
17
-284
-292
16
294
191
-161
-357
-139
255
370
32
-345
-291
123
420
228
-176
-349
-72
331
390
65
-250
-162
125
297
169
-78
-119
41
172
131
-10
-63
-12
43
68
11
-39
-80
-94
-14
69
33
-94
-195
-152
26
146
50
-152
-210
-66
107
130
-16
-154
-140
-22
94
108
-10
-166
-154
70
244
151
-112
-229
-50
240
247
-2
-161
-21
178
178
12
-129
-67
133
243
72
-155
-175
27
218
183
-75
-267
-131
145
231
25
-244
-242
1
209
109
-163
-274
-141
90
113
-35
-177
-157
-54
6
9
-54
-72
-5
-17
-70
-60
31
64
33
-5
17
30
44
28
43
124
130
47
-89
-90
86
200
125
-66
-151
-42
138
176
61
-85
-143
-1
174
168
-36
-267
-202
116
256
33
-276
-228
50
172
-9
-228
-179
56
163
16
-185
-215
-47
168
164
-52
-189
-136
77
210
91
-118
-202
-15
241
227
-13
-196
-111
157
274
114
-99
-74
76
146
106
45
39
33
15
42
41
49
46
7
-27
-14
-12
-50
-60
-18
13
-9
-95
-135
-91
-13
55
59
-62
-158
-98
54
98
14
-104
-133
-55
65
95
-19
-124
-83
45
139
117
-7
-119
-51
117
151
1
-84
20
166
135
-46
-116
30
210
177
-52
-200
-70
136
220
45
-186
-199
21
189
105
-115
-257
-97
122
162
-19
-230
-240
14
160
5
-205
-195
-9
79
-21
-126
-131
-8
65
-31
-115
-60
39
82
24
-2
36
39
9
39
80
125
101
-8
-85
-37
130
199
85
-120
-139
42
159
127
-8
-97
-91
65
191
90
-132
-226
-60
144
156
-68
-235
-136
84
146
-63
-216
-143
68
171
29
-209
-301
-58
291
252
-108
-367
-208
251
407
80
-348
-313
125
414
225
-171
-303
-27
296
310
19
-189
-77
131
214
129
-7
-42
1
85
114
58
17
-15
-35
-21
32
46
-69
-133
-49
71
84
-89
-242
-167
44
184
57
-199
-270
-58
215
181
-118
-254
-123
105
158
6
-165
-134
32
171
154
-19
-167
-89
165
249
47
-201
-136
169
302
112
-198
-214
61
308
243
-66
-268
-166
148
343
162
-245
-382
-65
299
311
-71
-415
-269
139
316
63
-286
-323
-36
182
80
-121
-173
-113
-74
-11
49
7
-85
-144
-71
68
101
-4
-92
-79
94
170
70
-61
-79
58
203
186
6
-156
-113
115
276
159
-125
-243
-21
231
250
22
-209
-148
88
225
109
-147
-250
-90
165
207
-49
-285
-191
79
190
-4
-247
-210
52
201
48
-238
-291
15
292
170
-163
-315
-103
239
294
15
-258
-205
88
287
166
-96
-177
-2
216
231
18
-123
-40
127
177
101
-6
-8
47
92
57
11
3
26
53
-3
-33
-33
-72
-45
11
11
-26
-99
-151
-74
28
69
-29
-122
-127
-10
72
61
-57
-113
-76
-4
56
47
-31
-113
-65
102
172
50
-138
-136
98
235
82
-106
-85
139
220
45
-136
-125
103
295
145
-141
-206
-27
186
214
-11
-220
-193
42
248
144
-170
-315
-101
186
210
-60
-289
-219
34
160
-15
-185
-148
-53
-9
-19
-8
-74
-108
-43
13
30
7
-39
-74
-2
134
144
8
-100
-59
132
245
129
-101
-197
-6
241
265
6
-245
-155
117
260
146
-73
-193
-94
118
195
67
-147
-214
-70
138
180
-58
-257
-142
78
117
-88
-203
-88
126
122
-87
-245
-165
74
193
83
-130
-242
-88
180
283
47
-251
-237
112
346
194
-131
-248
-37
256
285
58
-135
-79
94
171
120
29
4
4
73
104
67
-9
-73
-21
73
52
2
-101
-154
-31
99
67
-91
-254
-179
100
227
21
-247
-277
9
262
151
-161
-291
-111
151
191
20
-183
-200
16
226
190
-29
-199
-123
155
277
90
-144
-140
99
237
121
-98
-153
24
215
200
-56
-222
-69
191
234
35
-238
-230
35
253
146
-170
-315
-106
198
208
-85
-331
-257
96
240
-9
-259
-229
-7
85
-11
-123
-131
-24
56
-1
-71
-53
19
26
26
48
47
-5
-19
42
133
159
46
-81
-80
58
171
130
-25
-142
-43
98
156
75
-37
-87
-32
93
139
42
-139
-186
-30
147
118
-95
-218
-117
82
103
-68
-182
-98
68
82
-46
-164
-119
27
105
78
-87
-148
-8
154
128
-60
-175
-62
173
224
42
-122
-89
81
168
118
21
20
41
7
33
115
160
90
-50
-91
34
146
148
9
-134
-111
62
137
-3
-167
-142
-8
95
-11
-207
-188
46
191
26
-232
-261
14
228
132
-131
-254
-103
115
169
5
-195
-193
43
258
197
-84
-245
-82
216
272
2
-198
-66
238
275
-25
-246
-102
223
317
69
-277
-255
91
319
209
-141
-351
-131
224
304
1
-350
-294
77
287
110
-230
-325
-78
189
105
-170
-248
-118
58
56
-30
-124
-142
-34
87
52
-47
-132
-56
105
170
65
-67
-88
27
141
165
84
-35
-38
9
74
132
100
-33
-136
-45
137
184
82
-75
-122
-8
115
109
5
-146
-149
18
172
88
-181
-244
-27
190
75
-228
-286
6
272
134
-240
-390
-76
311
271
-90
-332
-209
124
291
144
-128
-207
-54
168
222
58
-138
-119
46
208
210
50
-79
-33
54
112
122
88
22
-41
-36
78
157
91
-64
-124
-53
105
96
-94
-188
-83
85
84
-113
-256
-137
113
185
-10
-246
-223
12
199
118
-110
-215
-125
75
159
39
-157
-170
28
203
161
-62
-197
-66
195
245
-3
-175
-26
214
193
-34
-143
-8
184
180
-4
-154
-70
87
149
58
-110
-143
-41
95
129
-12
-166
-141
2
88
47
-87
-164
-129
8
39
-33
-92
-80
-88
-63
-19
-22
-36
-42
-52
-38
16
14
13
20
-17
22
84
57
-7
-12
96
188
99
-60
-143
11
199
185
-16
-166
-76
119
172
106
-51
-137
-51
95
157
40
-166
-185
22
167
83
-159
-220
-23
117
31
-139
-173
-8
104
34
-140
-197
-51
172
160
-94
-253
-143
147
274
118
-160
-271
-43
300
297
-25
-287
-126
223
317
88
-163
-106
124
215
98
-32
-8
93
84
30
-20
11
79
67
-26
-67
-19
7
-23
-36
-31
-47
-58
-83
-102
-50
65
70
-79
-205
-124
87
188
28
-211
-219
-4
196
152
-97
-247
-121
167
270
71
-191
-199
64
270
168
-66
-149
-1
212
191
-36
-201
-58
216
292
41
-235
-194
54
273
172
-164
-298
-77
200
241
-36
-273
-205
30
180
82
-155
-259
-93
114
67
-102
-186
-87
0
5
-63
-83
-32
23
-41
-87
-57
34
74
19
-32
24
70
45
21
15
94
125
46
-69
-68
95
199
114
-95
-157
-21
152
193
57
-122
-156
29
204
167
-92
-272
-170
178
273
-11
-307
-239
82
231
15
-280
-254
59
262
105
-249
-358
-74
297
267
-94
-358
-218
181
371
117
-242
-281
41
335
220
-89
-245
-45
216
263
58
-110
-25
104
124
90
40
41
13
54
71
30
19
31
29
-18
-27
15
-8
-85
-72
-9
37
-1
-130
-192
-77
103
140
-36
-235
-182
64
212
31
-183
-193
-12
108
94
-11
-127
-125
13
187
154
-52
-204
-37
214
225
3
-180
-76
182
239
19
-159
-91
143
248
68
-161
-174
37
231
139
-122
-230
-82
161
201
-26
-276
-196
61
197
57
-174
-246
-102
69
25
-78
-74
-38
-84
-123
-73
42
53
-52
-132
-82
45
80
21
-49
-15
90
70
1
-26
52
155
137
8
-78
-60
87
177
118
-70
-144
-23
143
201
99
-106
-183
-36
193
205
-22
-260
-209
73
249
69
-212
-249
-31
171
66
-185
-232
-16
190
79
-174
-263
-45
188
171
-53
-252
-173
121
282
94
-193
-233
16
287
238
-57
-245
-73
235
292
63
-142
-65
137
168
80
0
20
52
72
63
-4
9
41
47
30
-41
-70
-32
-34
-37
-8
-14
-47
-120
-141
-32
90
79
-73
-212
-161
55
192
92
-124
-225
-109
83
168
47
-158
-179
-7
232
193
-64
-216
-57
181
189
35
-70
3
117
97
3
-58
22
135
140
-9
-122
-63
78
164
67
-98
-161
-63
102
148
-9
-211
-193
33
168
81
-165
-265
-117
104
97
-78
-176
-164
-50
66
32
-80
-133
-70
16
50
20
-33
-50
-3
72
91
37
-2
-3
48
140
139
21
-90
-56
86
169
107
-51
-139
-19
164
180
13
-140
-123
79
204
96
-147
-238
-69
176
178
-61
-274
-162
100
152
-77
-265
-126
136
166
-69
-254
-180
90
208
42
-164
-225
-30
210
212
-32
-246
-135
156
300
121
-170
-214
52
299
238
-67
-182
14
222
187
-28
-60
69
146
89
-14
-65
4
126
106
-15
-118
-75
-7
23
10
-33
-61
-115
-135
-55
55
98
-11
-158
-194
-60
157
173
-59
-257
-164
72
207
99
-160
-262
-67
215
263
47
-197
-192
99
303
149
-137
-192
76
277
176
-82
-196
-40
227
253
14
-228
-146
116
222
94
-139
-222
-44
159
168
-34
-254
-181
58
182
27
-172
-232
-81
49
24
-56
-99
-109
-93
-22
37
-8
-80
-117
-82
37
91
9
-70
-47
105
140
47
-85
-64
94
256
179
-63
-203
-71
187
273
75
-176
-161
59
193
131
-22
-102
-78
38
136
75
-75
-165
-79
64
119
-20
-144
-118
2
47
-39
-119
-81
12
31
-24
-102
-96
15
89
47
-72
-153
-49
140
195
-5
-199
-126
151
293
76
-209
-196
127
314
192
-66
-182
1
201
216
67
-45
-33
44
84
88
40
16
-14
-16
22
22
-3
-83
-95
-8
73
13
-136
-218
-103
91
167
-38
-237
-175
59
176
21
-188
-192
22
151
73
-100
-179
-65
85
191
101
-79
-190
-45
225
232
-12
-183
-88
186
265
82
-159
-160
110
264
134
-128
-196
-13
171
192
-9
-226
-176
94
242
103
-209
-326
-94
223
212
-77
-321
-252
77
185
-41
-217
-133
-4
11
-43
-81
-69
-16
12
-47
-54
-19
36
33
-4
43
57
32
-6
22
120
168
62
-74
-122
44
223
189
-65
-208
-62
210
266
31
-192
-159
43
218
157
-71
-214
-145
66
191
43
-202
-207
14
175
31
-234
-259
8
239
137
-190
-335
-132
234
257
-24
-283
-225
83
292
183
-130
-295
-104
248
328
91
-193
-239
42
302
242
-10
-172
-50
139
219
124
-29
-84
-6
134
172
49
-79
-86
13
100
85
-55
-194
-82
82
101
-56
-202
-229
-35
164
136
-83
-249
-182
42
184
120
-113
-249
-137
106
186
64
-162
-231
-33
239
254
-11
-242
-151
149
281
104
-120
-101
100
172
57
-54
-40
80
143
76
-54
-74
-14
78
127
34
-127
-144
7
127
101
-86
-193
-105
34
84
8
-128
-163
-88
-21
-11
6
-13
-121
-178
-82
63
64
-50
-105
-91
-11
30
52
29
2
8
54
47
-11
-4
115
193
101
-92
-138
20
217
190
-52
-167
-33
162
189
-1
-149
-74
82
140
67
-72
-130
-77
36
82
4
-115
-95
-18
34
-36
-157
-120
42
133
8
-191
-217
-37
190
172
-104
-254
-123
116
248
80
-139
-160
5
180
192
-8
-156
-86
129
245
129
-77
-87
84
185
98
-22
28
92
58
26
-13
26
88
62
-12
-62
-22
11
-25
-66
-14
10
-31
-157
-155
-28
116
82
-97
-237
-107
105
176
18
-196
-193
-24
152
143
-86
-243
-94
168
226
60
-130
-170
12
225
167
-51
-127
-8
222
202
-29
-172
-65
172
256
70
-177
-183
55
228
168
-74
-229
-186
84
257
124
-210
-304
-70
169
177
-76
-303
-227
59
185
-11
-201
-172
-39
23
-7
-54
-61
-54
-42
-61
-22
51
44
-23
-50
69
121
48
-46
-46
109
236
129
-98
-190
12
251
210
-51
-219
-94
151
240
117
-96
-210
-71
152
245
46
-228
-256
-19
248
171
-179
-305
-91
150
121
-126
-227
-76
107
131
-79
-234
-120
131
182
-22
-235
-199
97
321
164
-187
-299
-36
289
294
6
-218
-151
103
290
187
-56
-106
11
136
154
87
42
-12
-19
65
123
65
-8
-51
-7
53
51
-37
-139
-84
54
61
-58
-178
-183
-27
128
121
-75
-243
-153
105
202
31
-225
-233
-11
173
139
-55
-217
-138
90
231
128
-128
-197
4
245
176
-76
-191
27
278
243
-77
-274
-57
285
329
5
-301
-215
116
349
195
-186
-346
-135
197
324
48
-325
-357
-5
298
209
-179
-386
-201
141
202
-77
-264
-169
28
69
-35
-109
-102
-15
39
3
-54
-48
-9
13
79
122
26
-82
-68
95
238
166
-20
-136
-87
123
246
146
-117
-220
-46
220
263
46
-191
-193
37
265
207
-103
-302
-175
159
290
-4
-307
-269
51
272
82
-274
-334
-13
285
183
-198
-356
-91
228
210
-50
-273
-174
139
266
91
-163
-209
15
244
194
-18
-179
-86
141
267
121
-97
-70
69
154
129
53
-3
-20
28
93
64
15
8
3
-3
2
12
-27
-89
-85
15
38
-6
-164
-218
-27
159
105
-107
-249
-128
112
176
19
-198
-212
-18
150
157
-24
-210
-185
55
266
181
-101
-236
-26
239
199
-62
-159
42
249
160
-106
-183
7
231
232
-2
-229
-136
107
277
130
-181
-294
-84
256
283
-59
-361
-251
115
287
67
-248
-329
-74
191
104
-156
-233
-85
52
34
-63
-128
-116
27
73
-3
-99
-88
56
101
75
30
-36
-32
33
110
183
122
-21
-138
-74
138
256
112
-133
-207
-9
200
246
63
-195
-222
6
247
239
-35
-304
-268
64
324
175
-222
-365
-124
188
172
-112
-246
-116
87
106
-22
-181
-125
38
128
67
-120
-207
1
243
191
-113
-292
-70
294
326
11
-299
-200
192
405
183
-182
-209
78
269
201
-13
-107
2
114
127
44
-21
-31
-1
46
47
-5
-77
-126
-63
67
83
-47
-213
-200
-25
156
148
-94
-293
-172
123
259
44
-218
-241
-51
156
188
-21
-218
-189
84
261
183
-91
-253
-52
239
238
-15
-173
-32
210
204
4
-142
-92
137
248
85
-176
-194
54
229
168
-108
-269
-112
164
228
-6
-263
-215
55
210
63
-222
-280
-31
174
69
-163
-242
-94
61
48
-71
-172
-81
76
71
-51
-123
-67
48
96
79
19
-37
-20
58
141
151
51
-61
-88
20
178
164
3
-132
-84
64
156
117
3
-123
-122
42
192
152
-78
-247
-175
90
250
63
-231
-246
-56
147
83
-144
-190
-28
104
52
-125
-180
-22
133
113
-56
-197
-115
127
236
81
-192
-214
51
293
193
-70
-207
-37
185
233
98
-58
-52
69
89
79
80
80
58
-14
-15
29
89
87
20
-73
-55
23
7
-75
-62
-10
-1
-62
-143
-112
20
102
22
-153
-178
-22
125
118
-81
-224
-148
64
206
97
-130
-221
-120
147
296
129
-184
-270
28
321
232
-94
-241
6
290
209
-124
-244
15
299
269
-78
-285
-108
165
284
75
-231
-280
-19
259
241
-99
-368
-235
145
305
45
-298
-339
-42
198
103
-125
-220
-118
6
26
-31
-87
-86
-22
15
5
-46
-79
32
83
68
33
-17
-12
43
123
131
66
-10
-76
-24
109
184
82
-85
-127
9
169
175
3
-137
-124
77
202
108
-128
-269
-102
211
233
-55
-310
-227
71
235
36
-266
-264
16
238
135
-204
-347
-65
273
249
-89
-335
-202
182
344
121
-225
-312
0
352
301
-53
-298
-133
216
367
156
-157
-174
48
205
190
45
-40
-33
45
103
67
47
6
-49
-83
3
106
15
-130
-142
-24
96
39
-186
-232
-53
157
143
-94
-279
-159
129
203
28
-198
-226
-44
180
180
-41
-247
-186
130
325
154
-185
-279
3
299
240
-61
-188
16
215
151
-47
-126
21
171
140
-34
-115
-82
63
195
112
-97
-223
-101
157
222
-28
-271
-197
56
189
37
-204
-252
-52
149
51
-152
-185
-89
5
40
-18
-109
-99
9
10
-40
-59
-13
64
49
11
9
48
56
31
28
101
118
39
-66
-49
107
193
95
-101
-148
10
195
166
-29
-146
-80
105
175
47
-148
-209
-48
155
147
-77
-218
-134
61
106
-73
-213
-110
91
111
-40
-199
-180
51
211
83
-137
-245
-107
188
304
63
-247
-240
62
328
238
-59
-272
-132
224
353
113
-146
-139
74
215
144
35
-32
-12
62
100
67
14
-27
-5
2
26
13
-88
-108
-14
66
30
-131
-225
-113
97
173
-3
-254
-243
-1
228
173
-117
-272
-150
109
244
73
-194
-250
-31
231
249
12
-216
-174
120
291
150
-118
-180
41
269
193
-74
-194
-51
223
295
10
-266
-206
136
348
164
-220
-392
-102
332
321
-102
-439
-274
172
355
57
-336
-391
-43
244
151
-156
-267
-151
31
59
-7
-101
-122
-33
39
57
-21
-90
-67
56
173
105
-64
-132
28
236
265
43
-198
-207
84
341
252
-106
-281
-100
188
245
64
-129
-152
-10
155
172
22
-175
-225
-18
184
141
-115
-250
-121
97
140
-103
-259
-98
157
150
-100
-261
-153
103
195
40
-153
-224
-21
217
229
-29
-273
-173
190
364
134
-182
-253
18
301
291
9
-150
-54
114
166
136
56
-22
-25
38
73
90
56
-26
-50
13
29
13
-59
-102
-42
21
20
-89
-180
-97
56
97
-21
-181
-189
22
199
86
-159
-220
-62
135
143
-9
-150
-158
18
190
168
-27
-171
-106
148
243
67
-144
-85
143
225
52
-127
-100
87
226
124
-111
-173
-16
189
218
-27
-269
-204
80
270
130
-212
-335
-112
202
221
-70
-290
-229
34
140
-7
-150
-128
-59
-36
-27
-25
-36
-33
-53
-48
-15
-8
11
9
19
66
69
-1
-20
26
137
167
57
-78
-98
62
201
155
-41
-150
-78
104
205
137
-76
-202
-70
189
230
3
-253
-242
47
258
146
-199
-299
-65
193
99
-205
-267
-16
201
121
-173
-303
-69
196
164
-52
-202
-167
77
241
144
-123
-237
-64
213
290
81
-195
-196
66
310
270
-51
-246
-48
266
279
40
-155
-92
131
249
97
-126
-143
17
159
141
-57
-184
-176
12
174
81
-145
-283
-194
47
210
110
-152
-308
-150
132
235
47
-217
-253
-21
158
155
-39
-202
-158
63
235
171
-97
-225
-63
225
256
9
-186
-91
204
277
15
-172
-91
146
237
93
-116
-160
-30
175
186
-20
-225
-196
65
242
112
-165
-279
-94
128
155
-19
-221
-215
-32
82
39
-74
-154
-141
-75
51
62
-58
-122
-77
-4
41
31
2
-44
-13
130
134
-23
-108
-10
181
213
63
-138
-158
87
312
214
-114
-295
-97
234
322
57
-227
-205
56
266
172
-119
-295
-166
139
264
64
-261
-268
-10
200
87
-214
-254
-12
207
105
-176
-294
-67
187
198
-23
-243
-214
60
259
188
-113
-285
-100
267
339
32
-278
-200
187
372
159
-161
-178
89
267
161
-52
-77
82
154
75
-28
-42
39
89
15
-68
-45
3
-25
-45
-17
-12
-55
-142
-125
-6
99
73
-108
-247
-138
109
204
37
-189
-221
-19
158
127
-69
-182
-102
97
208
100
-75
-171
-39
181
202
24
-137
-46
167
222
24
-154
-75
150
217
45
-168
-126
64
188
118
-88
-199
-98
141
188
2
-217
-232
-24
172
137
-99
-269
-151
64
84
-41
-148
-128
-71
-47
-18
-11
-33
-44
-59
-43
3
28
-9
-48
15
153
107
-50
-118
17
244
244
12
-201
-120
147
294
86
-166
-170
52
208
141
-21
-111
-66
54
133
70
-74
-167
-93
101
157
-34
-223
-156
68
115
-94
-243
-91
152
153
-84
-284
-184
119
250
80
-191
-276
-65
210
228
39
-194
-199
58
285
196
-82
-234
-49
251
281
51
-163
-68
176
202
46
-52
15
129
103
24
-39
-3
100
91
-22
-102
-46
25
-17
-35
-19
-22
-59
-117
-117
-8
84
53
-110
-225
-79
116
172
-36
-222
-173
35
199
114
-132
-228
-97
159
260
98
-173
-240
40
280
205
-82
-185
38
269
179
-115
-208
27
278
238
-75
-255
-99
170
251
65
-206
-227
-1
200
161
-68
-254
-168
65
159
-7
-182
-193
-27
84
-11
-181
-122
30
14
-127
-154
-74
58
85
-36
-143
-109
18
128
93
-20
-32
15
69
74
53
67
65
45
12
-10
42
115
90
-9
-97
-53
85
168
113
-58
-148
-57
134
201
1
-250
-200
81
235
32
-222
-209
9
132
-2
-174
-120
32
78
-18
-161
-159
32
158
94
-81
-198
-128
95
243
109
-138
-225
-12
245
247
4
-186
-116
114
265
174
-25
-103
-26
106
177
118
22
-43
8
80
92
52
15
-4
-27
-23
-15
-34
-57
-10
-7
-18
-52
-116
-143
-54
85
79
-84
-201
-88
77
123
-18
-145
-131
-11
102
57
-47
-124
-84
59
164
117
-72
-153
-4
190
164
-7
-93
27
144
89
-37
-58
45
162
105
-55
-109
-16
85
131
70
-93
-192
-63
138
192
-21
-265
-229
66
220
65
-203
-275
-66
137
43
-176
-149
16
38
-113
-184
-33
98
78
-96
-208
-73
140
169
-3
-127
-35
128
145
46
-43
19
159
157
-16
-141
-9
178
170
-26
-149
-46
137
198
65
-110
-105
7
119
99
-44
-169
-115
45
138
23
-167
-164
-15
67
-9
-136
-119
43
97
-45
-191
-157
43
178
76
-115
-205
-76
179
237
20
-214
-196
80
293
217
-94
-243
-64
225
307
76
-147
-82
131
189
69
-24
-3
92
112
22
-47
13
76
59
-2
-55
-40
-61
-60
13
47
-10
-141
-210
-76
104
149
-19
-222
-237
-6
218
156
-132
-275
-121
130
171
20
-135
-151
-15
143
170
19
-156
-134
113
256
117
-128
-160
109
279
117
-127
-166
16
259
236
-47
-248
-123
147
277
93
-189
-272
-69
224
266
-27
-354
-280
73
288
121
-232
-361
-114
188
131
-131
-212
-126
-17
18
4
-63
-66
-45
-30
-7
16
26
1
-29
31
102
38
-40
-34
86
212
136
-34
-127
-43
154
208
68
-126
-149
9
167
199
56
-134
-192
5
222
205
-93
-327
-204
154
315
73
-284
-344
-29
246
127
-213
-292
-51
179
145
-117
-266
-107
145
201
2
-224
-188
100
260
137
-141
-244
-36
271
284
-6
-228
-120
148
312
145
-113
-126
75
189
139
35
-14
-6
49
69
55
40
24
15
-6
-40
-36
-37
-39
-8
-12
-30
-78
-122
-104
7
93
27
-131
-180
-89
108
145
-44
-161
-134
-12
107
96
-44
-163
-113
113
247
99
-158
-181
70
242
120
-86
-118
101
240
83
-140
-127
123
257
131
-163
-238
-26
240
253
-43
-283
-209
94
293
131
-201
-327
-88
180
200
-60
-293
-238
39
168
-5
-202
-170
-38
29
-10
-80
-109
-52
8
-7
-23
-9
-1
-4
19
88
62
-21
-45
40
150
170
66
-69
-94
41
192
159
-28
-178
-76
139
230
97
-107
-196
-42
187
236
2
-235
-236
1
215
144
-112
-254
-131
94
146
-59
-208
-133
62
112
-38
-192
-125
70
132
22
-111
-152
-8
133
153
15
-141
-122
83
255
143
-95
-192
0
209
238
54
-117
-34
123
147
72
26
45
47
37
26
20
34
63
17
-36
-59
-33
-6
-23
-37
-26
6
-76
-195
-109
64
133
-8
-195
-187
8
195
101
-142
-231
-82
107
145
-13
-148
-127
26
173
141
-47
-170
-62
168
243
47
-184
-104
171
289
65
-193
-134
145
273
117
-157
-194
17
165
160
4
-165
-188
-17
151
174
-48
-257
-186
80
199
36
-222
-278
-54
152
46
-148
-161
-69
7
4
-54
-106
-44
24
-5
-57
-49
18
52
53
52
18
-12
-15
62
147
152
67
-58
-105
-14
174
208
49
-149
-159
60
226
155
-53
-173
-83
125
203
54
-171
-220
-44
149
148
-63
-251
-163
81
129
-63
-174
-93
16
44
-24
-139
-96
46
86
31
-76
-125
-50
90
144
39
-111
-123
45
208
154
-63
-149
-28
194
270
85
-137
-111
94
201
150
30
-20
-30
26
104
99
48
-22
-48
-40
41
39
-87
-129
-38
67
49
-119
-226
-115
122
174
-31
-243
-218
46
207
70
-186
-213
-37
143
145
-31
-179
-141
62
199
143
-32
-154
-68
137
194
54
-105
-57
139
191
35
-117
-52
124
190
80
-108
-149
8
172
166
-33
-196
-142
49
186
95
-131
-252
-88
147
160
-88
-264
-206
54
139
-38
-194
-164
-17
53
2
-102
-155
-64
65
85
-42
-143
-70
89
141
98
-27
-91
-37
108
228
174
-35
-165
-92
161
273
102
-150
-195
14
198
177
-25
-145
-59
84
159
57
-74
-155
-98
43
118
42
-115
-161
-63
54
-5
-132
-86
50
64
-76
-163
-126
24
122
59
-79
-159
-89
103
205
87
-128
-206
-24
224
230
2
-181
-92
150
236
105
-65
-44
97
115
60
67
102
26
-57
30
140
131
-12
-127
-74
71
130
18
-165
-170
25
138
8
-227
-267
-39
219
176
-139
-346
-173
186
289
-2
-295
-259
0
228
175
-85
-241
-132
109
240
141
-86
-193
-47
201
205
9
-126
-44
172
193
0
-147
-37
163
221
25
-166
-110
71
167
122
-69
-186
-162
61
235
92
-205
-286
-74
196
192
-100
-309
-213
59
170
-25
-199
-174
-11
43
-43
-110
-69
-14
17
-14
-66
-41
46
63
19
26
42
2
-38
31
185
226
54
-147
-144
58
254
187
-57
-189
-78
150
224
83
-124
-170
20
184
156
-63
-251
-169
103
222
35
-219
-224
4
157
46
-190
-228
13
191
55
-195
-241
-37
205
172
-110
-241
-124
136
269
88
-157
-208
-8
237
203
2
-151
-94
122
241
124
-30
-27
54
77
51
92
126
48
-59
-34
65
140
84
-38
-103
-24
74
62
-85
-159
-80
40
43
-112
-202
-80
102
134
-56
-225
-166
54
162
43
-122
-190
-71
89
119
-12
-151
-116
43
186
142
-58
-172
-50
183
200
38
-108
-59
142
196
8
-142
-57
168
206
0
-139
-91
56
178
81
-122
-187
-65
122
195
28
-220
-273
-20
233
159
-158
-344
-185
127
177
-60
-230
-171
1
46
-4
-46
-87
-50
-22
-17
3
6
8
-7
41
94
50
-51
-52
83
236
202
-49
-211
-92
195
314
113
-201
-218
55
265
174
-73
-194
-68
154
207
64
-141
-235
-101
142
193
-28
-239
-168
36
110
-9
-185
-140
52
134
-30
-221
-201
63
240
86
-174
-257
-80
202
275
50
-228
-242
14
311
279
-43
-257
-112
193
303
114
-124
-116
128
218
73
-44
-6
84
113
13
-50
7
107
59
-29
-45
-7
-17
-80
-77
11
54
-29
-203
-201
9
162
105
-138
-297
-144
169
249
-14
-286
-226
53
221
112
-122
-209
-85
130
239
101
-110
-213
-2
234
202
-3
-138
-23
186
169
-8
-131
-41
158
221
48
-194
-197
77
298
174
-147
-317
-159
213
342
17
-372
-315
64
300
127
-220
-353
-105
180
133
-125
-257
-132
49
72
-32
-136
-123
-12
54
22
-38
-44
-23
7
69
99
76
-44
-77
48
215
200
-17
-182
-73
175
245
47
-162
-151
67
214
163
-56
-181
-71
127
189
46
-153
-207
-48
155
164
-67
-256
-140
74
122
-45
-211
-147
54
132
-23
-191
-161
33
142
53
-73
-152
-79
97
181
74
-107
-174
-10
207
210
-1
-171
-83
152
264
140
-99
-107
75
161
105
50
40
46
25
14
22
43
89
56
-40
-93
-57
30
25
-11
-100
-98
-41
-22
-55
-80
-28
25
-4
-102
-130
-7
126
63
-112
-179
-64
108
130
-9
-158
-141
61
232
179
-82
-228
-38
239
227
-23
-160
-21
212
194
-69
-179
8
250
217
-47
-235
-123
161
274
86
-211
-268
-37
220
202
-67
-293
-222
81
238
61
-224
-292
-73
142
62
-127
-179
-77
6
-14
-90
-94
-36
61
40
-78
-140
-68
88
160
88
-37
-97
-34
98
187
160
15
-101
-83
54
189
169
-6
-157
-111
77
222
144
-62
-177
-64
130
206
69
-192
-262
-47
209
206
-89
-301
-184
113
207
-67
-318
-170
181
235
-42
-340
-273
89
300
149
-177
-327
-98
245
324
35
-266
-260
75
367
235
-105
-280
-76
263
327
71
-187
-108
160
254
113
-55
-67
41
132
124
17
-77
-43
56
123
38
-62
-141
-115
8
90
44
-116
-259
-167
108
224
48
-254
-316
-35
253
204
-120
-316
-170
121
236
56
-188
-234
-37
193
241
68
-169
-181
42
231
179
-14
-120
1
158
133
-23
-85
29
154
135
-25
-123
-56
67
145
82
-86
-185
-78
114
164
-30
-210
-159
23
147
39
-163
-205
-65
61
-2
-114
-105
-29
-11
-76
-108
-46
37
18
-66
-103
-29
81
60
-5
-9
16
53
64
16
41
137
134
4
-120
-73
150
254
89
-175
-162
55
228
178
-64
-216
-84
158
230
64
-188
-262
-71
199
215
-67
-275
-203
53
179
5
-213
-193
27
159
61
-204
-239
-11
191
160
-84
-264
-135
157
297
106
-242
-321
41
417
294
-140
-355
-65
345
397
19
-276
-125
185
282
130
-68
-87
39
147
111
-12
-57
19
70
33
-23
-62
-88
-50
16
45
-19
-155
-208
-58
130
122
-53
-238
-207
60
219
90
-165
-255
-92
129
187
31
-176
-187
-21
173
224
38
-176
-156
76
216
140
-48
-80
55
176
83
-65
-67
76
180
115
-85
-150
-7
143
127
0
-149
-157
5
177
141
-118
-262
-114
100
141
-7
-194
-211
-43
82
24
-115
-153
-54
-13
-17
-75
-84
-15
30
5
-48
-106
-28
81
91
65
15
-35
15
79
132
126
35
-66
-76
51
188
132
-27
-112
-27
95
118
40
-36
-61
-11
68
90
23
-93
-157
-54
114
106
-121
-204
-51
122
55
-166
-219
-11
180
74
-189
-277
-72
194
217
-22
-249
-225
58
271
218
-79
-282
-148
170
345
150
-184
-257
40
332
275
-38
-196
-25
177
193
89
-26
-34
36
119
109
-16
-85
-5
115
95
-23
-140
-162
-18
132
91
-110
-234
-162
29
129
74
-126
-219
-123
100
170
-5
-153
-167
-42
111
124
-31
-170
-130
38
177
156
3
-137
-96
89
200
110
-59
-115
58
199
118
-71
-103
61
204
122
-99
-164
-33
166
194
-15
-233
-195
48
249
143
-149
-304
-132
102
185
16
-196
-259
-76
86
45
-59
-100
-137
-111
-43
70
72
-74
-163
-114
26
142
80
-95
-165
59
239
119
-90
-162
77
304
209
-84
-246
-82
253
333
40
-284
-245
123
354
200
-130
-259
-91
162
245
67
-197
-268
-64
208
201
-80
-272
-168
67
133
-45
-185
-107
66
73
-50
-147
-91
50
66
11
-62
-91
-11
104
114
-10
-131
-78
123
213
82
-114
-136
56
226
213
18
-117
9
136
100
27
44
79
65
35
0
-28
59
108
51
-75
-97
-16
13
-15
-50
-51
-34
-65
-120
-98
28
89
-22
-171
-160
13
141
60
-111
-184
-65
86
115
-10
-138
-100
48
124
103
-6
-86
-35
86
91
43
13
29
110
76
-8
-81
6
166
168
5
-139