#4
415
174
-127
-158
109
371
331
23
-171
-6
313
379
94
-210
-113
279
426
97
-248
-175
146
306
121
-172
-234
-25
179
183
-6
-226
-265
-58
167
137
-94
-305
-241
47
218
38
-238
-285
-62
159
135
-106
-258
-112
136
224
37
-193
-158
69
251
196
-41
-152
5
254
283
85
-75
-77
110
237
218
88
-55
-41
125
253
166
-50
-216
-90
199
283
38
-254
-271
-21
179
86
-190
-346
-168
73
126
-93
-291
-242
18
185
64
-242
-331
-46
258
206
-107
-289
-117
224
319
38
-250
-161
182
325
194
-52
-131
44
220
266
153
-47
-95
66
273
293
82
-109
-106
130
247
150
-55
-155
-16
140
121
-7
-108
-102
-3
68
46
-80
-192
-175
-2
176
83
-206
-348
-162
174
218
-67
-327
-261
56
356
261
-127
-370
-158
300
465
209
-189
-260
132
496
361
-52
-245
37
413
388
-30
-268
-41
372
411
24
-273
-198
133
353
176
-181
-313
-96
256
272
-95
-357
-260
102
266
41
-280
-331
-86
153
89
-137
-204
-123
-19
-4
7
-9
-56
-79
-63
34
96
36
-23
-30
13
91
133
95
21
2
61
146
199
58
-42
54
221
223
13
-135
38
301
271
-70
-290
-92
244
276
-47
-313
-242
41
193
65
-221
-372
-176
134
178
-91
-355
-311
65
281
42
-344
-340
59
335
129
-223
-301
-15
290
239
-34
-213
-92
159
303
244
-41
-221
-20
313
403
105
-245
-192
217
474
272
-122
-300
-18
332
339
15
-250
-214
90
313
214
-141
-355
-177
174
263
4
-342
-346
-14
253
162
-199
-370
-198
119
211
-12
-287
-275
-14
211
198
-12
-211
-178
98
309
247
22
-166
-41
254
350
132
-82
-49
169
306
191
-45
-103
70
264
212
-28
-150
-42
140
219
39
-193
-195
71
262
104
-228
-324
-99
159
152
-70
-259
-252
-64
140
112
-118
-301
-215
37
204
74
-208
-247
-2
191
139
-98
-193
-19
164
177
43
-63
-44
91
175
182
113
-52
-90
92
292
274
3
-206
-44
279
350
58
-261
-243
70
322
212
-135
-365
-253
55
259
83
-309
-466
-157
251
188
-214
-445
-215
189
268
-83
-396
-267
105
262
74
-186
-243
-14
231
232
-32
-212
-113
167
336
236
-89
-226
19
310
310
36
-158
-53
185
281
168
3
-80
-32
102
170
69
-98
-127
70
212
71
-161
-195
-39
95
54
-98
-190
-119
-23
6
24
-73
-178
-189
-58
95
54
-162
-279
-103
222
256
-40
-272
-157
174
326
163
-66
-94
64
259
265
101
-44
-16
157
286
167
-73
-118
118
308
170
-129
-170
25
231
182
-83
-252
-105
170
223
-26
-267
-248
-53
164
121
-129
-288
-213
27
146
-30
-244
-236
-35
127
31
-136
-165
-41
52
30
22
2
-26
-45
-10
98
142
77
-67
-56
105
257
189
-24
-136
34
251
252
24
-106
-6
182
239
79
-150
-188
9
182
133
-74
-231
-164
19
97
-89
-280
-197
-15
74
-87
-234
-183
-21
74
-21
-179
-187
-18
120
33
-115
-162
-26
170
188
7
-208
-157
145
318
215
-50
-178
3
257
264
83
-63
-73
94
276
231
-12
-135
-44
196
278
71
-174
-181
65
262
143
-142
-266
-77
158
143
-91
-252
-194
-6
79
42
-92
-231
-223
-53
136
112
-152
-333
-187
141
254
59
-209
-218
50
282
219
17
-114
-34
166
343
253
-38
-184
22
329
356
45
-256
-133
278
446
111
-261
-232
67
299
202
-110
-311
-178
155
312
50
-325
-374
-81
255
204
-197
-432
-243
144
257
-59
-374
-282
25
202
53
-212
-243
10
170
85
-95
-174
-51
160
181
-5
-130
-16
186
209
51
-52
19
107
133
106
78
83
41
28
102
137
115
3
-122
-104
85
201
57
-186
-239
-96
81
90
-117
-301
-237
-18
101
8
-235
-328
-94
199
122
-213
-384
-114
240
241
-79
-340
-192
198
350
79
-232
-211
90
297
259
15
-193
-67
219
323
149
-113
-165
102
359
282
-56
-215
-35
245
263
3
-190
-112
138
198
-7
-171
-147
-3
96
54
-85
-198
-189
-57
73
88
-70
-252
-245
-45
123
70
-148
-272
-167
91
241
128
-154
-283
-89
278
379
135
-195
-229
148
508
350
-102
-294
5
391
398
31
-242
-112
247
396
132
-222
-245
69
315
207
-183
-341
-97
245
247
-115
-356
-228
109
226
-54
-305
-257
-12
118
23
-167
-207
-131
-44
28
45
-51
-123
-99
-15
69
47
-44
-65
-1
79
96
76
34
-28
19
130
210
130
-106
-128
175
374
186
-187
-222
156
421
222
-221
-365
-14
345
283
-131
-377
-252
72
197
17
-278
-347
-107
144
89
-225
-406
-200
182
266
-89
-446
-311
142
322
51
-255
-263
11
262
197
-61
-204
-66
168
249
181
-30
-189
-26
255
334
124
-174
-134
137
370
232
-71
-201
-27
214
283
89
-187
-229
12
274
209
-110
-349
-190
152
245
-12
-310
-301
-42
153
130
-128
-312
-230
-4
178
77
-204
-340
-143
198
311
50
-299
-292
120
414
256
-126
-252
-7
374
427
85
-217
-137
241
440
237
-146
-261
20
333
340
-22
-276
-122
192
335
81
-295
-311
33
307
163
-184
-345
-206
85
205
3
-259
-309
-123
142
160
-113
-341
-246
59
217
45
-273
-277
50
238
108
-185
-242
43
268
187
-63
-192
-36
221
276
113
-73
-106
32
211
246
110
-46
-86
74
242
178
-7
-139
-112
39
189
144
-94
-276
-235
18
208
52
-300
-416
-126
225
164
-226
-453
-234
168
248
-71
-376
-305
80
278
100
-175
-293
-61
243
276
15
-284
-169
194
390
244
-151
-302
41
392
356
15
-253
-124
229
397
202
-102
-189
-11
238
249
26
-173
-153
77
215
73
-139
-202
-54
101
41
-111
-167
-114
-66
26
64
-64
-247
-238
-4
181
42
-258
-335
-51
288
268
-73
-340
-195
195
388
194
-123
-197
40
382
385
29
-247
-91
327
453
137
-276
-270
220
511
225
-273
-333
66
383
233
-202
-395
-99
300
288
-85
-354
-272
-12
202
131
-164
-334
-245
20
165
40
-191
-254
-122
35
48
-24
-92
-108
-59
31
68
33
-58
-81
16
141
130
2
-78
12
172
189
60
-25
-14
106
216
145
-18
-72
46
206
232
23
-200
-174
96
262
104
-197
-308
-132
105
136
-103
-333
-244
10
108
-22
-248
-275
-94
111
107
-135
-271
-149
89
163
6
-192
-192
66
283
161
-149
-293
5
354
310
-9
-206
-98
224
333
138
-78
-122
51
234
252
91
-76
-83
106
220
58
-118
-97
98
182
24
-179
-155
26
130
26
-146
-193
-62
0
-87
-49
-5
-84
-189
-161
13
83
-53
-230
-172
27
172
122
-82
-213
-98
173
286
187
-62
-182
19
350
372
32
-218
-32
310
362
67
-214
-120
235
393
112
-245
-201
103
270
138
-147
-265
-106
158
242
34
-275
-386
-116
270
205
-200
-405
-222
150
224
-49
-337
-324
-64
191
168
-81
-267
-202
9
219
177
-108
-264
-74
218
259
25
-159
-105
151
285
131
-42
-96
4
192
273
158
-88
-176
61
325
286
-56
-325
-196
189
347
55
-326
-363
-74
193
154
-148
-408
-284
47
203
2
-335
-360
-36
262
128
-298
-424
-78
319
238
-162
-370
-131
276
318
-4
-257
-183
150
310
191
-28
-163
-53
216
308
135
-93
-111
56
229
220
77
-54
-32
59
113
44
41
20
-20
-51
-43
65
103
-25
-179
-170
17
87
-39
-211
-194
11
118
-38
-249
-275
-43
193
87
-210
-340
-86
297
284
-108
-357
-126
292
394
89
-222
-149
242
426
204
-130
-157
125
349
288
-16
-203
-27
271
337
24
-265
-160
183
325
91
-278
-323
22
330
226
-184
-420
-261
153
300
-14
-348
-351
-54
199
122
-161
-322
-227
25
154
61
-147
-243
-97
116
184
10
-197
-169
48
217
191
10
-135
-103
134
292
199
-28
-202
-40
283
385
107
-226
-186
182
395
190
-174
-288
-67
209
200
-14
-215
-236
-81
69
63
-161
-290
-183
13
71
-116
-286
-188
57
131
-87
-291
-210
63
172
23
-134
-161
-73
108
213
114
-137
-220
-5
262
359
82
-244
-175
199
399
202
-150
-211
102
364
243
-57
-186
-12
222
218
20
-138
-113
58
188
65
-129
-175
-54
105
80
-113
-203
-136
-41
25
17
-99
-178
-154
-63
41
45
-113
-261
-156
146
240
-2
-246
-174
123
311
174
-77
-137
49
311
315
69
-126
-60
195
341
199
-124
-203
101
392
268
-163
-321
-16
325
315
-83
-408
-258
188
398
92
-356
-433
-113
263
255
-141
-426
-338
18
301
145
-301
-462
-145
252
243
-105
-395
-254
134
275
53
-199
-209
33
216
155
-36
-98
2
121
126
109
103
50
-54
2
155
221
111
-68
-46
123
220
135
-117
-220
-36
223
234
-77
-351
-265
47
251
27
-387
-443
-57
290
138
-311
-499
-151
288
233
-238
-506
-185
290
329
-40
-376
-304
118
418
259
-212
-427
-102
390
462
83
-325
-237
232
452
217
-149
-225
62
337
297
23
-132
-63
115
192
78
-52
-82
-8
84
82
-30
-81
-71
-15
13
-42
-121
-98
-65
-102
-45
20
-29
-170
-233
-74
118
82
-194
-308
-105
185
254
0
-266
-200
104
345
224
-57
-196
16
345
379
54
-224
-94
293
459
156
-256
-251
205
485
211
-269
-298
91
368
209
-177
-357
-131
219
289
-19
-293
-322
-94
201
186
-143
-379
-269
58
224
27
-279
-325
-92
145
117
-95
-228
-143
50
150
69
-109
-157
-38
158
230
50
-169
-106
175
313
158
-113
-183
40
287
320
98
-172
-158
114
350
256
-80
-311
-162
201
345
63
-289
-324
-55
162
95
-182
-340
-196
36
107
-70
-287
-271
-55
166
88
-218
-366
-149
223
262
-81
-336
-201
195
343
31
-260
-186
159
319
160
-73
-148
23
261
255
58
-97
-65
140
268
183
-16
-109
-20
165
213
33
-128
-103
64
189
76
-156
-237
-61
163
162
-76
-318
-242
1
126
88
-134
-305
-240
30
173
40
-230
-314
-114
153
214
58
-169
-238
-27
260
283
52
-149
-73
179
346
223
-56
-144
54
314
305
22
-190
-52
251
341
84
-192
-155
67
235
155
-125
-248
-107
153
196
-10
-217
-284
-93
144
120
-137
-312
-204
32
142
-18
-241
-266
-101
103
150
-46
-251
-168
47
156
79
-95
-157
-15
140
148
3
-60
44
112
115
96
85
14
-32
68
226
222
-13
-159
-18
249
303
29
-282
-229
117
336
166
-241
-390
-190
161
249
-68
-415
-392
-34
261
108
-306
-444
-124
233
157
-205
-384
-118
246
181
-150
-272
-76
205
210
-35
-186
-102
138
236
160
19
-128
-35
179
269
166
-59
-139
31
238
260
78
-91
-88
62
186
139
31
-112
-128
17
116
95
-48
-167
-136
6
87
-18
-193
-220
-67
101
83
-130
-287
-212
25
173
44
-228
-338
-76
255
279
-19
-307
-195
181
395
181
-145
-177
123
379
262
-37
-154
61
306
303
20
-171
-41
224
292
42
-190
-120
103
234
96
-187
-263
-21
250
139
-138
-265
-191
28
150
-9
-209
-236
-114
35
78
-33
-218
-250
-100
97
108
-76
-198
-104
32
74
32
-69
-70
33
102
74
8
-3
43
84
132
155
49
-105
-17
190
294
102
-165
-132
204
343
135
-166
-252
-26
235
201
-91
-286
-206
-3
139
40
-265
-377
-147
166
136
-174
-401
-241
102
229
-41
-345
-290
77
251
33
-235
-212
78
250
132
-105
-222
-60
214
287
124
-123
-162
74
288
250
53
-126
-36
144
254
141
-5
-38
26
92
112
61
-19
-84
-16
133
131
-32
-203
-157
43
141
-6
-211
-215
-79
16
56
-23
-178
-245
-121
77
124
-79
-300
-213
111
270
67
-220
-242
48
344
261
-50
-184
-26
279
366
147
-107
-146
91
353
314
-29
-243
-55
334
351
-24
-278
-117
187
254
2
-251
-198
89
232
70
-169
-281
-176
67
178
17
-276
-348
-100
215
153
-183
-378
-224
108
212
-19
-288
-248
74
205
76
-121
-163
-39
118
170
103
-29
-87
6
138
213
163
-25
-106
32
223
265
90
-131
-74
167
261
143
-118
-231
-46
231
245
-80
-350
-276
29
250
71
-333
-460
-129
238
194
-214
-463
-276
151
284
-20
-380
-340
48
276
122
-188
-286
-48
231
242
-25
-224
-107
161
289
182
-78
-137
52
229
221
64
-95
-63
142
280
183
-24
-129
-30
158
223
64
-110
-146
16
166
95
-76
-148
-99
-17
34
6
-100
-185
-173
-2
138
-27
-294
-312
-6
245
75
-285
-380
-62
295
263
-108
-342
-197
193
394
199
-118
-219
52
368
365
38
-212
-86
262
422
150
-224
-186
209
417
155
-217
-235
51
272
201
-75
-273
-156
98
243
78
-200
-298
-172
81
155
-67
-244
-208
-15
83
-16
-176
-175
-101
-32
5
-20
-63
-99
-75
-3
78
28
-56
-13
29
37
37
31
67
96
51
61
91
73
29
30
135
198
73
-79
-30
167
262
100
-157
-228
12
248
157
-153
-316
-173
67
166
-21
-316
-352
-79
164
114
-224
-410
-212
152
263
-59
-411
-330
100
309
103
-229
-285
-6
259
219
-56
-224
-82
162
328
177
-139
-203
50
306
322
52
-204
-124
218
389
177
-155
-212
79
296
195
-53
-204
-98
124
197
44
-143
-180
-88
59
113
-34
-216
-265
-117
129
171
-68
-335
-298
22
229
61
-253
-355
-101
230
282
9
-284
-213
151
350
203
-100
-160
112
370
251
-65
-138
85
311
282
29
-165
-62
228
321
80
-187
-158
73
257
168
-120
-300
-136
178
275
4
-318
-335
-48
222
139
-240
-379
-154
145
168
-89
-310
-245
-6
156
69
-173
-287
-64
151
166
12
-179
-148
29
175
154
4
-70
8
100
128
136
114
2
-50
29
242
283
-13
-240
-31
317
356
34
-329
-268
132
362
147
-257
-372
-158
156
202
-105
-431
-334
44
248
33
-376
-458
-62
352
177
-337
-502
-99
321
257
-126
-324
-135
175
265
87
-159
-183
15
240
289
85
-174
-151
154
347
212
-85
-190
47
307
301
28
-150
-89
118
263
140
-100
-199
-56
165
206
4
-230
-226
-13
185
86
-194
-304
-160
60
156
-20
-241
-276
-106
124
108
-109
-280
-217
51
228
104
-154
-217
-25
237
268
62
-134
-77
186
347
172
-76
-89
130
309
229
-30
-161
15
262
266
18
-229
-86
200
265
29
-266
-252
68
278
109
-225
-295
-120
69
117
-45
-226
-230
-85
62
86
-85
-258
-263
-41
151
75
-120
-193
-76
74
101
-20
-160
-95
104
198
92
-76
-101
66
214
177
43
-68
-43
120
256
191
-24
-149
-22
233
322
133
-191
-276
-29
254
262
-33
-334
-311
0
257
135
-284
-496
-236
194
278
-109
-494
-369
148
346
1
-430
-416
29
348
197
-196
-363
-117
271
342
32
-310
-281
110
437
363
-95
-369
-104
356
462
116
-243
-221
126
392
323
4
-223
-178
147
332
156
-120
-237
-69
206
239
-21
-256
-203
36
147
28
-166
-248
-160
13
147
35
-237
-330
-116
174
169
-163
-364
-222
146
325
113
-235
-277
12
277
278
68
-152
-111
191
401
208
-113
-181
123
410
281
-120
-243
66
391
293
-111
-314
-70
284
290
-24
-296
-242
77
278
121
-171
-312
-194
80
195
-30
-294
-277
-44
172
64
-216
-307
-127
82
128
-46
-197
-152
6
79
40
-55
-63
0
57
68
45
0
7
69
115
128
67
24
2
56
162
206
117
-82
-138
96
312
200
-152
-296
-58
289
275
-101
-393
-236
72
190
0
-323
-359
-71
184
71
-238
-385
-172
153
179
-141
-361
-186
147
218
-36
-245
-178
93
241
119
-126
-180
13
190
204
85
-70
-64
102
206
161
48
-60
-12
150
245
157
-42
-132
19
214
198
-4
-129
-96
72
147
13
-109
-130
-36
33
26
-69
-155
-161
-78
40
84
-79
-287
-251
36
202
17
-291
-300
-25
247
204
-73
-271
-140
168
315
161
-88
-170
83
379
336
-45
-233
-2
358
420
73
-279
-169
229
429
191
-197
-265
30
263
228
-47
-285
-231
96
312
118
-242
-382
-183
164
245
-64
-352
-314
-21
216
102
-213
-382
-205
95
232
35
-244
-306
-38
253
208
-111
-299
-138
212
334
98
-186
-182
85
304
221
-4
-123
-64
136
302
229
-27
-183
-48
238
308
48
-208
-189
74
228
93
-169
-255
-96
72
75
-90
-275
-268
-86
83
51
-177
-345
-186
126
198
-91
-389
-254
132
279
14
-270
-227
98
294
116
-179
-210
47
247
263
49
-166
-94
184
318
164
-102
-174
67
308
267
4
-151
-34
182
241
25
-144
-40
67
134
50
-78
-129
-68
44
55
-29
-160
-176
-108
-16
37
1
-128
-217
-179
19
136
-8
-232
-285
-69
216
235
-63
-282
-154
170
363
194
-116
-198
58
372
367
30
-229
-75
286
419
160
-191
-204
118
365
217
-139
-236
6
226
204
-63
-254
-158
105
205
11
-238
-264
-70
148
73
-168
-261
-154
43
75
-68
-234
-220
-77
73
107
-68
-219
-155
58
162
27
-144
-147
37
154
126
-11
-60
14
102
150
132
83
-25
-60
127
272
195
-55
-178
52
313
264
-47
-272
-142
146
264
51
-232
-284
-106
104
157
-72
-379
-329
2
209
27
-330
-407
-91
237
139
-215
-382
-144
199
192
-44
-232
-169
85
221
133
-104
-169
-13
191
267
100
-140
-107
153
307
174
-56
-104
57
235
204
48
-72
-3
145
160
-17
-93
-14
120
124
-21
-148
-84
1
19
-34
-85
-78
-62
-96
-118
-34
24
-57
-193
-204
-33
107
16
-192
-278
-72
202
209
-57
-269
-119
167
329
194
-103
-191
76
385
355
0
-236
-48
340
444
81
-296
-194
264
477
168
-277
-264
81
313
176
-181
-308
-87
198
234
-26
-275
-325
-81
219
197
-132
-414
-328
87
317
69
-360
-459
-101
259
251
-112
-362
-224
117
267
74
-186
-217
39
234
200
-17
-165
-58
174
279
128
-55
-85
35
226
268
72
-139
-68
174
295
164
-116
-260
-89
194
267
19
-298
-317
-65
201
135
-199
-439
-252
129
228
-78
-412
-391
10
302
129
-327
-460
-119
292
286
-26
-356
-287
134
391
189
-220
-325
40
376
316
-30
-268
-83
284
339
102
-96
-105
84
223
204
57
-65
-54
95
168
69
-51
-70
33
104
33
-73
-85
-31
-10
-22
-63
-117
-120
-106
-52
45
2
-136
-262
-161
89
150
-76
-300
-257
47
306
168
-179
-301
-60
265
328
114
-172
-194
154
443
323
-75
-276
-3
418
423
6
-337
-103
353
413
30
-278
-152
137
238
70
-152
-209
-41
141
118
-47
-220
-249
-39
149
79
-185
-310
-155
86
132
-96
-271
-196
24
91
-3
-154
-172
-29
57
58
-7
-55
-13
8
51
69
36
14
43
68
116
123
77
-28
-35
112
250
154
-46
-114
76
260
184
-91
-236
-68
209
209
-87
-309
-208
44
178
14
-307
-373
-114
177
116
-236
-441
-223
204
300
-120
-508
-302
208
375
49
-358
-372
46
414
294
-124
-376
-150
256
402
180
-164
-246
57
372
306
4
-215
-98
237
395
186
-159
-237
60
333
207
-85
-196
-63
154
225
25
-191
-214
-47
122
111
-86
-252
-237
-54
151
136
-127
-338
-266
48
251
42
-290
-339
-67
253
276
-39
-323
-241
132
405
297
-79
-300
-88
386
503
138
-271
-232
218
545
330
-207
-384
-1
471
435
-49
-379
-209
218
382
106
-286
-356
-44
312
249
-138
-420
-274
126
264
0
-326
-346
-48
201
97
-182
-335
-195
73
164
1
-195
-205
-12
122
72
-72
-129
-23
102
129
47
-26
5
96
116
109
98
27
-57
41
225
253
51
-173
-55
232
343
79
-251
-256
55
317
189
-189
-368
-186
111
227
-6
-398
-427
-21
286
109
-319
-507
-179
277
280
-171
-490
-264
250
368
-36
-363
-246
153
347
130
-218
-267
44
325
250
19
-163
-93
182
324
155
-86
-130
69
240
194
43
-12
9
86
99
36
24
19
-9
14
44
-8
-70
-66
-16
4
-29
-107
-134
-105
-57
10
6
-110
-180
-147
-34
94
11
-196
-257
-100
159
227
18
-214
-158
109
277
165
-73
-117
112
330
229
-34
-117
95
325
273
-32
-202
-29
298
347
48
-264
-156
169
304
109
-224
-314
-48
283
251
-128
-348
-251
46
219
62
-224
-324
-142
121
151
-96
-318
-256
5
172
70
-170
-265
-71
112
110
20
-102
-106
-14
114
157
71
-58
-96
44
200
259
110
-141
-158
104
363
295
-44
-247
-59
267
333
71
-239
-237
56
271
154
-165
-318
-198
66
188
-52
-357
-328
25
199
-37
-334
-338
6
268
52
-348
-397
-24
310
196
-194
-298
-74
206
223
16
-162
-140
53
203
223
85
-114
-90
132
255
193
-5
-115
-4
188
256
125
-62
-124
65
223
161
-37
-149
-70
130
179
-30
-213
-167
35
111
20
-140
-197
-162
-30
80
40
-127
-264
-184
46
137
-33
-267
-252
35
230
137
-135
-243
-17
248
265
44
-121
-56
178
341
212
-42
-113
65
315
323
-6
-248
-55
295
374
47
-242
-144
129
258
98
-190
-227
-33
184
142
-69
-237
-252
-43
172
121
-154
-340
-240
81
232
-17
-356
-346
-16
227
130
-205
-313
-99
137
195
10
-194
-155
32
183
187
27
-123
-65
133
219
209
42
-160
-102
188
373
214
-142
-242
62
354
325
-34
-351
-239
162
375
115
-308
-409
-103
237
201
-213
-494
-261
155
237
-91
-448
-384
56
366
107
-390
-477
-25
383
228
-200
-359
-84
236
260
11
-228
-143
140
289
209
-51
-167
-9
216
286
118
-108
-105
108
286
242
16
-148
-57
162
223
58
-89
-102
24
132
86
-58
-164
-84
34
49
-37
-151
-172
-71
6
52
-36
-228
-270
-85
168
148
-176
-387
-179
224
271
0
-247
-200
96
308
220
-46
-177
-3
285
344
108
-107
-89
181
378
232
-110
-227
51
345
298
-67
-278
-72
237
265
4
-273
-248
34
291
176
-162
-388
-254
111
270
13
-331
-387
-57
240
154
-206
-411
-226
100
200
29
-215
-268
-78
150
168
-24
-193
-111
81
187
89
-52
-56
54
164
154
76
-17
-43
76
225
207
28
-123
-43
196
271
101
-135
-223
-13
225
204
-77
-296
-225
19
171
24
-276
-379
-143
150
135
-179
-440
-278
155
315
-32
-444
-398
108
377
133
-261
-370
-50
332
316
-60
-322
-175
176
374
241
-88
-249
-30
316
410
104
-236
-211
142
439
294
-101
-282
-50
322
304
-21
-239
-145
125
238
63
-172
-205
-63
106
94
-64
-237
-210
-44
99
63
-140
-287
-181
48
116
-27
-237
-235
-24
197
171
-55
-241
-154
151
316
170
-83
-157
35
317
330
71
-159
-84
271
413
141
-199
-183
175
394
221
-143
-267
-56
206
272
33
-222
-234
28
231
89
-182
-309
-160
98
179
-52
-258
-249
-53
97
55
-153
-270
-175
37
125
21
-170
-181
-32
86
57
-65
-83
27
97
68
-16
-26
73
127
81
72
112
47
-24
34
188
215
34
-101
19
217
232
9
-161
-123
85
192
57
-154
-209
-81
19
69
-89
-282
-261
-19
141
-6
-280
-348
-80
229
117
-265
-402
-95
266
183
-176
-280
-52
208
165
-50
-133
-24
116
113
96
60
22
21
55
128
175
83
-39
-14
118
219
131
3
-83
-1
150
161
68
-56
-113
-16
107
84
-59
-176
-132
49
109
-93
-237
-154
-7
76
21
-146
-254
-163
5
123
-10
-229
-277
-52
236
204
-96
-273
-102
192
303
98
-119
-104
133
334
274
1
-136
-3
269
364
122
-211
-169
205
416
210
-218
-289
24
290
231
-78
-298
-160
163
241
-2
-252
-312
-104
162
165
-107
-326
-238
21
174
32
-229
-341
-124
128
153
-48
-256
-199
26
172
117
-113
-200
-52
169
251
72
-141
-137
96
282
250
25
-185
-109
215
401
208
-170
-255
70
371
299
-63
-322
-178
187
329
64
-284
-305
-77
152
122
-157
-386
-242
83
199
-77
-383
-370
-24
283
163
-265
-445
-173
203
264
-3
-249
-205
69
223
147
-63
-184
-78
162
312
187
-84
-178
23
308
292
11
-191
-44
236
334
118
-140
-146
117
285
152
-129
-186
6
180
130
-69
-188
-129
9
90
12
-140
-224
-150
8
125
48
-210
-337
-155
151
212
-70
-358
-315
71
380
201
-233
-385
-76
359
412
72
-241
-171
175
439
299
-93
-253
36
389
407
18
-313
-134
296
458
128
-304
-274
106
316
188
-145
-297
-128
176
228
-8
-262
-293
-83
173
136
-165
-359
-212
93
178
-34
-309
-300
-33
198
112
-167
-281
-107
102
147
19
-152
-143
46
185
150
-15
-111
9
157
189
116
-9
-64
39
184
204
105
-38
-71
76
225
186
-18
-186
-152
98
256
95
-215
-301
-118
113
139
-129
-355
-253
26
142
-40
-290
-322
-38
206
97
-231
-355
-110
210
200
-79
-268
-149
140
282
89
-189
-201
37
261
288
52
-148
-107
153
309
203
-64
-162
34
261
257
74
-120
-114
80
248
147
-33
-119
-68
62
87
-15
-94
-59
13
-9
-111
-134
-86
-64
-37
4
-20
-145
-225
-132
59
87
-111
-242
-148
92
197
62
-186
-204
26
251
233
48
-116
-53
202
349
171
-110
-135
135
381
269
-115
-258
62
393
334
-94
-364
-91
294
325
-5
-332
-298
68
350
185
-243
-409
-193
145
248
-24
-339
-318
-53
153
98
-127
-303
-248
15
187
67
-216
-285
-62
176
199
-45
-266
-149
148
275
115
-133
-143
102
278
195
-15
-125
-17
190
256
147
-16
-98
4
193
262
78
-176
-189
59
233
123
-142
-268
-131
60
126
-37
-309
-343
-73
191
87
-238
-416
-233
165
282
-65
-425
-355
85
323
111
-208
-273
-64
218
243
11
-195
-176
49
313
332
-2
-272
-132
244
424
205
-190
-227
103
377
288
-8
-177
-81
163
236
98
-68
-134
-30
107
86
-46
-145
-75
23
35
-77
-143
-111
-59
-17
-14
-74
-176
-178
-49
74
19
-178
-256
-87
140
217
6
-240
-188
101
320
236
-24
-183
-61
284
404
173
-137
-167
135
384
282
-79
-220
23
312
292
-51
-238
-67
189
221
18
-200
-197
28
216
89
-156
-302
-207
83
219
-18
-289
-305
-64
163
81
-195
-338
-170
101
161
-23
-238
-218
7
162
94
-118
-186
4
147
130
19
-60
2
122
165
63
5
18
62
131
164
90
6
-43
32
164
180
57
-88
-140
-32
132
150
-29
-233
-214
-22
116
11
-274
-344
-87
124
43
-213
-323
-181
122
156
-134
-347
-210
119
213
4
-207
-191
55
228
139
-80
-166
-37
156
247
139
-100
-159
78
315
274
-21
-196
-24
271
326
88
-172
-112
122
242
98
-78
-74
38
97
37
-69
-86
-11
12
-51
-101
-93
-42
-22
-99
-110
-23
-15
-124
-188
-127
40
75
-72
-230
-166
80
217
67
-186
-183
54
279
241
-13
-176
2
319
344
66
-177
-70
274
416
132
-212
-173
161
394
218
-184
-285
18
308
230
-118
-315
-159
165
261
9
-252
-312
-124
173
204
-76
-377
-313
15
226
58
-280
-360
-121
171
201
-78
-322
-218
76
227
106
-149
-230
-45
183
215
34
-114
-71
113
208
161
57
-55
-77
107
271
202
3
-132
-19
221
267
47
-204
-166
53
222
137
-175
-305
-131
107
113
-114
-328
-250
3
108
-36
-247
-289
-91
134
93
-183
-319
-135
135
177
-31
-216
-161
95
251
134
-151
-215
-18
252
333
81
-188
-162
155
356
233
-70
-191
-2
253
319
113
-135
-155
90
272
139
-81
-140
-38
130
129
-42
-138
-88
-7
-3
-35
-72
-99
-141
-119
15
109
-50
-273
-277
-11
203
53
-259
-316
-56
230
220
-76
-269
-120
190
285
137
-54
-134
49
352
347
23
-223
-68
338
444
88
-311
-210
257
490
162
-305
-298
114
381
177
-189
-310
-99
191
221
-48
-271
-299
-54
206
103
-191
-311
-127
83
89
-120
-253
-185
-6
82
25
-109
-172
-73
85
66
-31
-132
-42
115
123
33
-34
-2
71
136
112
68
65
35
19
84
145
135
37
-50
45
211
180
-29
-194
-92
135
213
23
-217
-253
-66
106
78
-143
-345
-251
36
180
-29
-359
-372
18
299
55
-369
-424
1
355
200
-201
-375
-130
279
372
28
-290
-236
86
342
298
-3
-234
-100
224
368
173
-103
-182
49
312
306
40
-182
-146
134
321
164
-108
-215
-79
178
206
-12
-223
-218
-6
168
82
-152
-262
-166
14
140
10
-218
-297
-110
130
132
-104
-299
-217
74
261
144
-147
-272
-51
242
293
106
-133
-157
178
419
266
-92
-214
64
399
374
-30
-335
-84
370
474
63
-339
-258
115
375
208
-203
-378
-109
244
271
-29
-336
-350
-11
277
162
-240
-428
-236
169
257
-30
-369
-371
-48
245
187
-167
-345
-144
147
222
37
-199
-192
33
205
195
13
-145
-76
151
295
215
-32
-224
-69
287
405
137
-232
-241
126
437
285
-156
-382
-139
280
331
-24
-348
-304
-27
185
97
-200
-391
-210
104
171
-131
-437
-303
134
318
-50
-413
-327
84
300
81
-241
-248
16
229
174
-65
-174
-35
129
208
144
-55
-118
78
271
216
17
-112
-30
184
276
129
-37
-91
32
183
172
15
-123
-99
106
211
35
-202
-219
-35
163
109
-106
-248
-228
-51
128
125
-108
-323
-297
15
227
52
-273
-344
-46
271
252
-90
-342
-184
196
371
179
-113
-188
62
351
336
34
-186
-33
267
354
156
-154
-178
138
367
217
-167
-244
32
269
205
-75
-273
-178
89
212
102
-152
-315
-202
89
212
10
-299
-357
-91
197
166
-158
-410
-265
76
249
76
-289
-335
-39
219
199
-68
-257
-115
142
241
101
-109
-131
49
235
229
64
-89
-102
109
307
235
-30
-204
-17
265
302
66
-219
-253
31
300
222
-153
-371
-216
78
208
11
-344
-398
-85
188
112
-211
-414
-234
175
247
-96
-382
-304
111
295
50
-230
-223
23
226
172
-46
-182
-95
138
277
221
-71
-186
41
268
252
32
-109
0
175
237
124
-44
-72
45
208
131
-48
-109
-22
123
123
-34
-135
-104
-9
19
-11
-72
-109
-125
-96
-4
13
-79
-178
-196
-27
116
3
-249
-271
24
247
125
-186
-270
-11
265
240
43
-105
-74
146
335
251
-27
-164
-14
281
403
158
-234
-203
161
386
228
-159
-260
-1
253
216
-77
-278
-144
159
207
-23
-222
-259
-108
102
140
-109
-331
-265
30
229
61
-286
-382
-121
176
188
-86
-333
-226
72
240
127
-179
-261
-21
229
236
14
-161
-72
163
274
138
-50
-119
-4
239
295
117
-126
-141
108
301
216
-28
-221
-160
98
271
104
-199
-290
-120
88
101
-114
-328
-237
37
141
-49
-352
-371
-10
303
145
-306
-481
-165
311
322
-113
-390
-246
170
376
169
-213
-301
22
330
307
47
-184
-133
154
321
218
-30
-150
-3
243
276
93
-118
-131
82
259
165
-60
-171
-55
137
155
-18
-147
-138
-27
59
30
-78
-156
-180
-99
65
82
-128
-309
-220
73
187
-33
-296
-297
8
235
189
-101
-280
-108
199
313
152
-101
-146
88
342
282
-4
-134
46
313
287
-1
-206
-51
275
369
77
-246
-196
120
287
142
-166
-282
-85
165
183
-32
-202
-250
-72
126
87
-137
-321
-189
85
147
-64
-297
-260
14
150
36
-186
-239
-21
131
105
-53
-194
-68
133
168
28
-59
-14
112
142
73
72
59
20
10
98
215
175
-31
-110
57
232
208
-31
-198
-91
158
218
-21
-258
-225
-12
138
23
-233
-341
-148
115
101
-154
-373
-249
98
233
-20
-366
-320
34
279
62
-240
-253
17
267
166
-84
-173
-61
139
198
105
8
-31
35
137
143
88
19
-6
89
194
170
-5
-72
35
176
167
-25
-116
-51
107
179
30
-139
-184
-92
57
120
-7
-217
-268
-91
115
146
-54
-324
-309
-53
186
130
-183
-364
-165
177
272
40
-258
-240
100
319
212
-52
-190
-15
306
382
110
-173
-132
189
441
289
-138
-286
18
399
375
-32
-316
-160
185
297
115
-175
-259
-64
132
160
14
-193
-284
-133
109
138
-90
-312
-234
23
169
33
-219
-304
-120
86
102
-73
-174
-94
11
57
-4
-64
-29
44
67
35
37
47
52
50
59
131
125
-6
-40
89
238
190
-31
-125
49
252
180
-82
-212
-50
194
209
-70
-290
-193
25
131
12
-254
-358
-140
134
122
-168
-386
-279
82
241
3
-313
-307
-1
203
101
-139
-228
-56
174
217
53
-153
-165
45
280
261
4
-204
-50
266
339
99
-204
-164
199
415
245
-146
-275
18
358
318
-67
-272
-120
143
228
46
-183
-196
-13
134
66
-139
-269
-147
56
101
-21
-187
-247
-133
45
114
-45
-271
-245
4
242
157
-137
-288
-90
244
265
41
-118
-62
130
298
253
6
-126
-7
255
390
152
-206
-251
127
444
356
-111
-424
-136
321
409
9
-411
-332
131
404
155
-281
-454
-182
208
286
-60
-428
-371
38
313
111
-305
-440
-134
222
221
-132
-372
-171
155
211
-6
-192
-160
57
177
119
-27
-72
22
142
150
98
44
-29
3
116
208
154
-18
-90
45
235
247
51
-180
-191
41
245
141
-135
-312
-171
90
184
-47
-376
-373
9
230
77
-310
-452
-140
270
235
-177
-433
-261
126
274
55
-184
-232
-23
190
190
-8
-179
-84
109
238
184
-37
-91
35
193
193
55
-67
6
202
227
56
-92
-45
127
241
74
-132
-97
101
174
48
-170
-163
0
103
12
-134
-146
-72
-6
-60
-106
-47
-61
-145
-149
-38
62
-32
-241
-224
35
235
117
-175
-276
-32
258
261
30
-140
-52
164
349
224
-65
-157
48
352
371
41
-274
-163
253
478
203
-267
-378
32
411
296
-130
-412
-207
214
334
63
-304
-388
-109
210
212
-123
-375
-252
71
172
-4
-243
-290
-126
92
143
-57
-227
-160
18
126
58
-86
-146
-32
126
166
59
-67
-56
110
196
146
31
-66
-7
132
238
164
-55
-135
50
264
248
-19
-236
-162
121
262
105
-221
-316
-135
115
168
-89
-372
-340
-36
193
56
-278
-411
-137
219
215
-171
-446
-252
177
294
50
-263
-298
2
327
270
-80
-297
-150
198
406
209
-170
-251
49
370
328
-12
-241
-72
302
374
105
-145
-188
72
327
197
-124
-215
-68
192
217
-11
-207
-185
-15
101
22
-135
-185
-109
-24
50
16
-140
-277
-176
61
160
-54
-265
-236
-13
192
143
-52
-195
-116
144
274
164
-31
-112
28
279
328
78
-146
-58
246
387
146
-170
-149
149
329
207
-123
-209
22
193
141
-77
-215
-94
115
159
30
-184
-290
-138
107
139
-99
-311
-234
51
183
-5
-283
-326
-60
170
137
-138
-305
-165
120
234
55
-210
-218
34
225
220
4
-192
-97
184
329
192
-72
-210
-8
288
347
123
-171
-227
128
420
270
-166
-349
-83
265
294
-13
-337
-283
30
196
17
-291
-380
-117
172
121
-187
-388
-239
81
220
-11
-331
-345
10
289
149
-162
-285
-98
152
254
101
-132
-177
-9
184
302
138
-153
-184
113
371
280
-65
-223
-11
312
340
55
-185
-124
147
296
116
-89
-149
-56
121
165
16
-163
-203
-66
108
128
-52
-251
-283
-119
173
203
-130
-437
-311
118
328
45
-361
-391
-16
331
251
-134
-346
-111
288
379
96
-203
-189
177
454
268
-115
-208
112
419
333
-62
-314
-73
360
429
52
-341
-235
151
351
155
-183
-316
-89
186
190
-35
-293
-288
-10
190
84
-193
-360
-178
132
218
-30
-391
-425
-12
323
198
-239
-437
-147
244
302
-19
-336
-218
172
311
118
-127
-164
68
277
242
12
-105
-53
106
238
198
59
-57
-35
125
220
139
-71
-170
-53
134
165
-25
-192
-225
-60
112
76
-187
-355
-170
56
96
-130
-323
-223
53
186
-37
-312
-307
46
254
106
-171
-281
-80
193
251
40
-192
-181
70
305
267
-16
-195
-60
231
331
117
-161
-149
174
359
207
-70
-182
-25
245
241
-10
-164
-114
74
206
86
-144
-234
-88
111
133
-40
-219
-252
-143
59
163
-21
-300
-340
-72
222
151
-196
-375
-167
176
279
5
-266
-219
111
313
213
-26
-149
-21
263
347
133
-110
-112
169
427
278
-141
-296
43
417
332
-115
-329
-60
306
279
-67
-313
-165
150
239
30
-238
-287
-96
95
107
-66
-214
-224
-62
73
54
-102
-246
-180
-23
68
18
-142
-145
11
69
-23
-75
-46
44
93
53
0
-20
38
138
130
32
6
74
94
76
106
90
65
3
41
143
148
60
-72
-91
19
107
88
-73
-191
-160
-4
73
-28
-252
-271
-70
106
8
-244
-339
-124
165
170
-146
-406
-247
165
286
-6
-282
-218
65
285
195
-132
-267
-75
234
345
115
-180
-174
127
336
259
-40
-223
-51
303
387
101
-211
-179
122
348
149
-144
-154
6
163
117
-81
-165
-90
63
62
-81
-138
-97
-57
-93
-39
-5
-53
-167
-185
-42
75
13
-187
-232
-76
164
184
-51
-228
-106
144
228
116
-2
-33
96
235
172
13
-29
97
256
264
50
-176
-70
236
361
96
-223
-182
139
270
106
-147
-215
-47
134
119
-44
-168
-176
-94
21
57
-27
-205
-241
-55
140
54
-202
-321
-154
118
160
-62
-260
-198
58
173
49
-128
-151
5
157
119
20
-73
-13
118
193
119
24
-30
-11
103
212
154
14
-62
60
186
174
-8
-139
-79
91
155
58
-130
-224
-116
27
69
-61
-272
-280
-25
156
10
-290
-376
-105
212
148
-158
-371
-215
123
231
37
-179
-228
-29
207
189
-8
-136
-108
78
309
244
-84
-234
-2
314
333
65
-220
-110
248
415
164
-198
-239
76
352
244
-103
-268
-93
201
249
-2
-213
-202
5
128
55
-150
-243
-160
8
128
21
-212
-289
-113
93
95
-100
-252
-170
46
156
52
-122
-159
9
207
197
42
-66
-30
145
293
177
-28
-76
96
287
293
24
-201
-63
248
313
79
-181
-116
124
201
61
-147
-188
-15
155
80
-99
-186
-155
-11
90
-7
-174
-243
-116
77
115
-104
-303
-230
7
137
45
-157
-237
-64
117
78
-47
-117
-55
74
108
46
-18
-11
82
105
67
72
90
79
37
67
105
109
39
17
88
161
72
-46
-67
13
82
70
-40
-140
-125
-27
32
3
-163
-285
-178
47
106
-101
-330
-300
25
236
35
-316
-364
-59
260
212
-123
-285
-120
148
249
70
-166
-150
41
226
252
32
-160
-55
236
317
79
-154
-123
178
383
229
-85
-189
-17
204
276
67
-152
-130
42
204
116
-111
-219
-133
48
133
24
-172
-222
-152
-1
96
20
-171
-271
-152
78
135
-62
-286
-240
41
238
162
-122
-276
-75
250
327
110
-163
-159
143
407
318
-49
-237
18
404
429
0
-337
-116
317
436
112
-256
-236
60
272
205
-103
-268
-119
133
179
-11
-224
-263
-72
148
101
-155
-327
-197
94
196
-48
-339
-315
-21
204
98
-173
-290
-80
141
125
-44
-151
-61
106
144
42
3
-5
39
93
97
112
100
39
-11
46
163
189
82
-54
-12
129
165
37
-97
-87
75
122
-29
-151
-125
-31
4
-62
-177
-222
-73
46
-17
-220
-302
-123
123
133
-124
-312
-220
84
221
-21
-250
-165
97
220
121
-117
-173
-10
160
229
119
-52
-96
24
220
248
82
-98
-82
145
320
190
-65
-167
0
276
257
-9
-231
-154
117
287
127
-209
-317
-108
176
222
-79
-324
-249
-49
148
130
-135
-345
-262
5
208
84
-265
-362
-61
256
231
-85
-317
-155
207
343
134
-153
-187
109
414
347
-13
-252
-78
337
479
167
-282
-268
187
494
283
-218
-355
-11
345
288
-58
-314
-182
105
208
54
-141
-266
-196
50
146
-2
-235
-297
-102
150
104
-163
-350
-210
105
182
-28
-273
-270
14
195
119
-79
-215
-101
134
194
103
-44
-82
18
164
167
105
14
-60
16
169
213
98
-38
-34
93
182
110
-62
-123
-4
117
64
-81
-143
-114
-47
-11
-33
-153
-234
-103
14
-27
-172
-252
-125
82
69
-136
-280
-187
84
176
-17
-182
-138
48
180
108
-67
-122
-2
141
202
123
-19
-87
43
200
230
85
-81
-76
118
271
209
-10
-130
-15
216
233
25
-148
-137
67
188
95
-121
-218
-91
88
107
-67
-211
-197
-92
52
98
-59
-258
-246
-21
163
32
-246
-302
-58
229
206
-74
-258
-130
164
256
111
-57
-99
84
313
288
18
-149
-17
284
380
107
-212
-167
177
398
210
-176
-265
17
268
224
-76
-249
-147
90
168
42
-144
-250
-147
59
127
-27
-263
-311
-61
182
87
-193
-332
-165
87
147
-21
-225
-216
-4
113
76
-55
-137
-4
116
104
15
-34
36
105
112
73
95
62
-2
35
114
168
120
-1
-6
105
161
96
-50
-136
-55
125
112
-50
-169
-141
-31
58
-38
-224
-263
-57
84
-16
-246
-327
-72
200
120
-218
-375
-166
190
231
-34
-233
-170
60
196
129
-39
-127
-59
127
228
129
-54
-92
78
264
214
-3
-157
16
284
281
21
-162
-74
188
285
61
-150
-141
67
234
117
-169
-250
-76
141
134
-73
-236
-183
-26
33
5
-79
-173
-181
-85
58
88
-98
-273
-207
40
206
118
-142
-235
-51
217
268
107
-113
-113
109
339
283
1
-174
-21
319
417
94
-267
-197
205
483
247
-219
-323
-15
289
260
-51
-277
-189
105
233
39
-217
-285
-109
132
122
-122
-284
-203
38
141
-39
-253
-242
-34
89
38
-114
-199
-54
67
58
-16
-98
-58
66
99
29
-8
40
77
69
81
136
125
-15
-73
82
243
228
7
-133
-19
200
253
40
-186
-169
64
222
121
-143
-267
-152
25
101
-56
-285
-277
-53
129
50
-270
-396
-143
205
179
-137
-385
-269
132
274
91
-199
-291
-79
226
282
48
-201
-220
79
382
263
-100
-231
-7
306
323
30
-197
-82
219
337
151
-145
-184
92
300
194
-121
-192
-9
188
168
-67
-242
-154
53
154
-3
-219
-247
-83
60
77
-57
-215
-231
-52
110
26
-184
-256
-92
158
167
-23
-206
-152
66
217
172
34
-63
-17
165
302
203
-54
-117
84
314
319
5
-226
-73
251
377
124
-179
-184
29
193
148
-58
-183
-116
49
148
64
-182
-317
-134
138
197
-61
-371
-321
34
263
45
-340
-392
-59
244
145
-218
-322
-59
170
123
-72
-186
-78
135
156
32
-28
29
89
84
46
77
130
79
7
27
95
171
108
-6
-2
64
129
95
-43
-77
6
62
32
-78
-159
-126
-19
29
-100
-247
-183
8
51
-115
-304
-247
52
193
-3
-291
-317
-14
217
108
-109
-203
-109
111
194
62
-124
-128
41
199
236
72
-120
-95
135
310
201
-48
-122
47
256
237
26
-153
-69
192
312
60
-194
-154
62
218
97
-140
-190
-64
75
63
-86
-163
-143
-74
-10
11
-56
-156
-204
-132
57
115
-78
-279
-211
87
232
80
-171
-215
8
227
246
71
-105
-70
175
362
202
-106
-156
138
411
299
-130
-298
13
400
397
-25
-358
-169
223
319
60
-259
-257
33
234
116
-131
-333
-230
78
234
20
-324
-385
-84
227
170
-190
-447
-258
120
256
31
-300
-319
9
207
131
-113
-244
-77
184
240
66
-143
-125
94
256
223
37
-112
-86
116
273
209
5
-135
-27
214
286
75
-186
-194
54
217
93
-141
-192
-93
8
1
-82
-192
-219
-95
48
34
-177
-331
-190
116
172
-89
-341
-270
99
261
82
-232
-282
-25
256
243
-43
-200
-79
130
240
150
-19
-79
51
189
194
58
-60
3
187
251
105
-83
-103
66
268
193
-96
-199
-25
189
195
-61
-218
-115
56
78
-19
-160
-179
-72
-24
-28
-28
-67
-138
-163
-109
15
24
-73
-180
-133
44
121
47
-68
-129
-23
149
224
129
-56
-46
149
263
142
-28
-9
187
312
126
-129
-119
129
281
194
-49
-180
-4
180
145
-16
-183
-150
68
178
82
-180
-323
-168
108
191
-33
-324
-318
-2
221
82
-260
-385
-154
180
206
-92
-377
-216
150
264
51
-230
-235
53
254
171
-37
-137
-40
175
236
150
9
-96
-57
153
320
205
-77
-193
15
313
280
-31
-252
-115
182
258
5
-275
-264
-37
169
88
-195
-388
-236
93
182
-87
-400
-380
8
328
171
-306
-532
-209
300
353
-31
-343
-271
66
312
198
-109
-266
-85
220
304
139
-97
-136
45
254
248
43
-128
-51
185
302
141
-84
-125
38
235
169
-26
-127
-95
92
162
40
-117
-162
-81
43
60
-64
-178
-152
-92
11
56
-69
-223
-211
-50
106
36
-146
-216
-111
97
171
23
-176
-138
87
257
192
-3
-86
46
250
234
20
-89
44
289
307
51
-200
-91
234
360
131
-195
-192
68
234
137
-102
-184
-62
69
54
-3
-71
-173
-177
-25
84
-1
-190
-218
-91
65
41
-156
-250
-153
68
121
-68
-234
-119
78
90
-21
-113
-47
68
111
31
-33
18
86
114
84
41
85
66
13
79
193
166
-26
-107
58
258
213
-50
-203
-85
131
184
17
-184
-217
-80
109
71
-183
-373
-204
104
167
-93
-414
-332
45
295
56
-328
-411
-98
280
206
-132
-276
-101
124
189
71
-65
-90
-2
118
193
129
-27
-82
64
236
229
23
-145
-25
223
314
126
-154
-170
76
323
221
-85
-214
-103
162
242
53
-208
-260
-82
145
139
-73
-258
-277
-60
188
123
-218
-358
-180
135
192
-80
-340
-240
80
235
90
-137
-193
-14
184
192
87
-17
-9
75
193
198
88
-21
32
211
262
64
-140
-45
187
277
105
-117
-94
46
101
52
-54
-95
-41
37
57
-14
-137
-199
-75
65
34
-131
-247
-170
44
142
-45
-308
-319
-31
200
128
-184
-329
-89
175
123
-59
-158
-57
118
128
46
-7
-9
19
101
163
132
23
-55
18
181
225
106
-67
-85
106
271
176
-84
-202
-84
143
225
-1
-257
-266
-14
193
72
-270
-438
-171
209
203
-170
-482
-339
120
358
62
-411
-473
-38
359
263
-117
-371
-222
163
360
167
-182
-292
-34
318
355
53
-204
-137
175
366
210
-96
-202
38
310
335
68
-201
-174
142
336
161
-146
-217
-6
228
161
-83
-213
-134
44
79
-28
-150
-157
-113
-25
74
12
-191
-286
-128
117
159
-95
-308
-235
65
268
133
-160
-244
-39
228
246
58
-68
-33
154
300
175
-50
-94
139
370
252
-103
-228
36
345
325
-30
-273
-138
167
290
113
-160
-241
-67
134
190
3
-280
-283
-27
179
96
-209
-372
-161
177
214
-107
-376
-303
39
257
106
-263
-375
-61
257
191
-54
-224
-143
102
222
136
-31
-105
-8
134
167
146
33
-67
-1
208
244
63
-110
-46
180
272
63
-167
-146
62
239
96
-182
-261
-97
95
97
-103
-331
-260
37
165
-47
-337
-379
-95
237
195
-187
-427
-249
170
321
10
-293
-258
80
284
140
-129
-189
-15
172
226
120
-84
-94
93
257
203
-13
-141
-6
268
334
70
-195
-134
148
314
149
-153
-173
51
208
126
-117
-199
-65
84
57
-86
-180
-103
0
-42
-101
-72
-19
-64
-145
-153
-38
16
-53
-143
-140
-16
137
104
-89
-180
-24
196
233
76
-70
-35
165
320
200
-80
-155
123
391
285
-70
-270
-49
352
413
11
-323
-192
143
320
149
-172
-297
-119
161
240
7
-312
-313
-4
212
82
-243
-373
-114
209
144
-227
-418
-168
180
230
-88
-384
-236
171
252
12
-239
-203
61
223
145
-25
-104
-25
147
208
99
2
-12
26
122
179
114
16
-68
24
189
204
40
-137
-123
56
160
77
-103
-202
-146
7
57
-71
-254
-220
-34
86
-23
-264
-328
-85
178
125
-164
-355
-224
116
245
65
-197
-263
-22
230
234
17
-210
-170
95
326
285
-27
-240
-66
297
338
85
-142
-95
189
307
160
-73
-175
12
272
241
-13
-145
-108
71
184
57
-109
-165
-97
33
56
-34
-112
-173
-147
-5
98
-31
-237
-252
-42
142
38
-171
-241
-70
151
148
-32
-192
-125
124
260
143
-42
-87
82
285
237
17
-86
47
281
282
33
-162
-34
214
290
100
-156
-131
55
167
116
-30
-136
-93
-16
52
62
-76
-181
-138
-28
85
-37
-237
-245
-12
160
29
-266
-345
-121
179
197
-83
-335
-224
90
210
72
-168
-215
17
240
188
-25
-139
-37
172
240
117
-36
-65
52
194
191
92
-39
-54
109
234
130
-60
-145
-69
108
166
37
-131
-196
-121
9
59
-62
-250
-252
-40
90
-21
-264
-289
-33
164
53
-236
-330
-101
208
170
-105
-235
-98
120
206
88
-80
-134
-22
179
253
78
-130
-93
159
348
189
-117
-192
34
359
338
14
-226
-151
186
362
160
-159
-231
-31
259
233
-107
-324
-178
97
156
-10
-198
-202
-98
17
63
-17
-180
-237
-150
42
122
-66
-253
-213
23
191
100
-108
-198
-37
182
202
79
-44
-37
129
295
214
3
-144
29
329
368
47
-296
-149
251
456
180
-225
-253
32
268
207
-94
-291
-139
131
242
48
-296
-352
-36
245
154
-224
-437
-201
189
250
-87
-412
-341
36
258
127
-232
-383
-100
194
214
-19
-223
-155
87
205
148
-29
-95
4
136
191
136
12
-64
6
179
251
136
-56
-119
52
255
210
-52
-200
-65
159
178
-9
-210
-203
-67
69
36
-156
-293
-171
49
97
-110
-334
-303
46
281
44
-334
-424
-41
336
213
-194
-365
-131
247
335
34
-245
-210
79
331
259
-22
-186
-79
223
365
143
-150
-191
90
376
292
-41
-239
-84
253
335
68
-196
-169
34
192
132
-88
-185
-118
19
71
-11
-121
-165
-145
-61
52
31
-95
-222
-208
-4
125
2
-237
-250
2
226
127
-121
-216
-35
212
257
97
-85
-58
178
297
171
-56
-111
120
364
272
-80
-212
31
309
295
-29
-200
-42
166
173
7
-146
-122
19
77
39
-77
-167
-124
12
55
-42
-214
-227
-52
119
60
-192
-326
-120
91
111
-56
-246
-224
-6
127
115
-24
-169
-120
80
175
107
-1
-37
20
96
139
141
37
-49
-10
149
218
139
-52
-78
106
219
133
-78
-165
-30
141
133
-55
-203
-162
-6
83
-39
-252
-286
-86
96
50
-189
-357
-215
96
195
-33
-293
-281
-8
188
81
-105
-163
-64
96
114
49
-61
-68
26
189
192
37
-66
-13
167
202
72
-26
-1
122
204
121
-2
-70
3
187
209
-21
-150
-27
163
136
-72
-176
-73
59
75
-57
-191
-142
-28
-2
-32
-65
-106
-140
-120
-63
1
-26
-124
-138
-44
63
48
-46
-83
-26
100
144
68
-11
1
121
261
193
-26
-111
60
297
347
94
-183
-179
153
386
245
-103
-227
-69
147
218
58
-159
-183
-7
130
93
-86
-220
-186
13
114
2
-236
-284
-60
163
88
-226
-383
-142
158
201
-69
-336
-242
83
222
59
-174
-186
8
172
137
25
-63
-25
87
144
140
95
-16
-69
71
234
226
26
-143
-56
223
299
73
-193
-193
36
224
121
-134
-246
-126
32
70
-68
-228
-251
-68
69
12
-214
-335
-151
156
187
-106
-375
-283
91
260
63
-173
-221
-46
154
192
47
-105
-153
51
297
234
-32
-192
1
262
277
45
-163
-69
243
351
135
-149
-177
84
311
226
-100
-220
-65
147
224
26
-168
-203
-48
66
52
-78
-155
-175
-97
44
49
-102
-222
-180
17
118
-29
-256
-252
-8
212
162
-115
-250
-53
198
247
57
-91
-44
141
279
207
23
-86
21
263
322
82
-188
-132
178
343
194
-124
-211
3
194
177
-37
-198
-139
25
117
81
-48
-254
-246
-4
171
71
-230
-343
-123
174
124
-213
-395
-181
164
239
-60
-331
-226
79
184
67
-125
-169
-12
147
151
41
-57
-29
68
134
186
171
-17
-121
32
217
259
86
-128
-94
143
276
143
-110
-212
-29
182
160
-96
-262
-175
17
108
-42
-288
-266
-15
116
-17
-303
-344
-61
208
92
-202
-336
-161
140
170
-8
-160
-135
5
125
135
26
-90
-103
48
220
199
32
-109
-40
219
310
86
-153
-123
159
355
219
-134
-251
20
353
292
-67
-229
-138
96
211
87
-112
-209
-154
18
116
-3
-164
-237
-147
67
149
-67
-293
-274
-6
196
64
-252
-296
-56
221
189
-86
-247
-89
205
287
100
-117
-127
155
397
289
-83
-236
29
431
420
-34
-328
-108
337
454
107
-326
-291
129
355
179
-143
-291
-115
158
216
-5
-275
-287
-25
161
79
-171
-324
-177
67
166
-7
-293
-330
-74
196
161
-155
-361
-162
155
234
52
-207
-208
29
238
203
-4
-160
-64
166
272
182
-30
-159
-34
222
351
146
-143
-190
89
349
234
-69
-240
-101
156
198
-19
-202
-179
-36
59
4
-192
-306
-135
90
60
-178
-356
-222
92
221
-36
-329
-331
8
254
121
-152
-225
-87
114
164
38
-80
-82
37
183
215
73
-85
-62
147
276
123
-89
-100
93
301
267
7
-167
-71
207
310
59
-187
-166
66
233
127
-138
-224
-90
84
104
-63
-194
-164
-48
-17
-18
-45
-152
-181
-74
37
37
-111
-228
-120
69
141
15
-120
-106
49
165
150
33
-52
21
200
291
134
-103
-95
172
373
250
-78
-212
23
294
264
25
-160
-79
111
124
10
-78
-95
10
60
-5
-80
-150
-145
-31
58
-19
-178
-233
-93
82
87
-146
-359
-217
89
215
29
-288
-347
-8
265
149
-130
-249
-79
178
222
53
-100
-80
108
194
129
59
-17
-4
112
165
103
49
-2
57
139
137
17
-42
-37
14
53
17
-38
-73
-52
-58
-77
-116
-151
-123
-54
-14
-55
-157
-255
-161
54
121
-52
-237
-241
-30
121
74
-48
-123
-60
54
125
99
-13
-113
-57
137
248
139
-57
-95
95
255
182
-29
-107
91
308
235
-24
-173
-33
200
254
53
-98
-95
-1
123
93
-47
-121
-105
-65
1
0
-59
-109
-145
-107
-3
17
-81
-188
-191
-24
85
-3
-159
-229
-38
176
158
-63
-207
-93
191
292
124
-98
-75
180
320
136
-109
-98
215
404
197
-165
-244
79
380
303
-50
-261
-106
160
247
65
-173
-196
-6
138
87
-70
-204
-181
-10
72
-3
-191
-211
-46
66
-8
-196
-248
-71
97
86
-120
-253
-140
120
166
-28
-146
-112
42
116
96
10
-1
34
75
96
109
116
36
-21
18
149
216
116
-67
-39
145
227
62
-134
-135
49
173
103
-114
-229
-145
24
87
-64
-297
-283
11
177
-17
-342
-398
-98
232
175
-178
-380
-206
150
231
-2
-237
-213
29
205
148
-26
-124
-69
122
230
99
-60
-60
97
240
172
-38
-119
41
274
263
39
-143
-52
139
223
69
-92
-47
52
86
29
-84
-85
5
44
-43
-128
-128
-43
-15
-80
-117
-72
-35
-61
-130
-136
-48
17
-53
-112
-70
13
21
-24
-24
24
24
53
78
68
99
119
145
109
47
51
99
176
190
85
-29
-25
114
229
174
-63
-142
1
105
101
36
-62
-88
-42
16
66
4
-157
-228
-92
122
84
-181
-283
-153
85
144
-84
-331
-277
10
206
76
-237
-280
-22
145
109
-46
-136
-64
67
126
108
19
-52
-9
130
205
124
-55
-82
89
258
215
0
-124
12
210
216
39
-157
-120
52
176
67
-130
-176
-87
29
17
-135
-279
-187
46
107
-91
-324
-306
-6
231
76
-271
-389
-123
195
219
-42
-230
-145
52
164
94
-31
-93
-24
82
181
185
28
-93
8
183
212
55
-79
1
214
242
83
-70
-75
87
245
149
-44
-117
-59
70
113
15
-59
-90
-98
-42
8
-2
-57
-177
-184
-23
107
-20
-227
-238
-33
123
20
-196
-239
-75
165
197
-28
-210
-126
101
223
184
26
-79
14
208
251
102
-46
-10
193
275
102
-118
-74
133
288
176
-124
-188
-7
150
166
7
-143
-166
-22
127
114
-103
-275
-185
34
138
-54
-278
-247
-15
162
23
-269
-346
-89
185
142
-146
-334
-167
138
182
-8
-176
-149
83
214
98
-59
-66
38
141
155
97
32
-13
32
122
192
146
-17
-90
46
234
194
-30
-170
-80
120
146
-22
-165
-171
-29
54
-20
-184
-242
-124
16
23
-155
-297
-198
82
179
-53
-315
-304
-27
205
133
-84
-208
-93
110
169
57
-91
-95
32
173
196
55
-57
-32
140
258
139
-84
-108
98
309
263
-19
-183
-71
195
286
80
-138
-101
59
144
27
-102
-79
-13
-26
-84
-92
-38
-21
-110
-144
-32
1
-80
-157
-143
-38
-3
-38
-81
-84
-49
-3
15
-10
-33
25
76
94
77
69
75
90
127
127
84
55
92
169
175
53
-39
9
152
235
107
-87
-107
-16
72
103
40
-77
-107
-46
58
63
-102
-218
-144
48
106
-107
-296
-148
69
130
-83
-341
-282
15
207
99
-188
-307
-110
124
156
22
-136
-126
34
148
153
46
-48
-37
74
172
167
73
-37
-41
133
256
184
-44
-143
53
230
189
-26
-182
-88
146
192
-11
-218
-238
-55
82
62
-165
-320
-188
65
106
-131
-358
-255
61
196
-20
-275
-284
-45
164
84
-90
-121
-43
43
79
55
-14
-34
18
126
166
63
-35
-15
144
245
111
-91
-99
112
308
256
-12
-196
-52
239
263
4
-166
-100
93
166
61
-133
-164
-39
40
7
-78
-106
-90
-113
-98
9
-7
-126
-193
-116
18
35
-101
-164
-85
34
102
12
-106
-85
45
145
120
57
32
53
113
171
145
40
14
118
232
176
-1
-84
48
223
210
8
-104
-41
51
41
48
25
-41
-103
-84
46
118
-47
-236
-238
-41
135
46
-194
-273
-109
119
36
-224
-262
-68
136
108
-173
-306
-72
155
166
-27
-205
-145
108
241
150
-61
-143
39
227
228
61
-89
-54
102
218
197
40
-108
-47
176
260
86
-155
-172
45
235
127
-149
-279
-162
63
139
-53
-299
-326
-60
161
66
-256
-415
-175
210
232
-141
-426
-272
135
275
33
-259
-214
39
225
152
-67
-151
-31
122
225
144
-38
-101
37
249
258
43
-120
-69
168
316
187
-78
-189
2
296
260
2
-173
-152
53
210
108
-104
-205
-118
44
96
-16
-177
-224
-116
57
82
-92
-238
-207
-25
126
8
-189
-221
-46
138
114
-64
-168
-51
163
193
63
-40
-30
121
267
212
21
-99
28
257
342
139
-148
-150
97
322
258
-50
-202
-82
132
191
61
-136
-152
-63
73
135
-35
-236
-235
-28
133
35
-219
-275
-61
147
25
-250
-332
-106
184
169
-136
-354
-163
174
187
-22
-191
-153
76
184
98
-30
-62
46
156
140
25
22
77
91
77
70
85
106
77
17
45
91
81
20
-44
-42
55
63
-25
-107
-119
-82
-11
-42
-157
-205
-89
15
-12
-187
-264
-120
117
102
-143
-333
-178
132
233
-3
-233
-206
19
243
200
-52
-200
-108
167
328
187
-102
-208
45
369
309
-25
-245
-100
299
464
147
-236
-242
123
390
228
-148
-250
-53
175
199
8
-177
-139
-26
9
-26
-71
-79
-135
-136
-30
46
-47
-176
-192
-50
60
-11
-168
-205
-19
136
100
-68
-159
-55
111
181
106
-16
-29
101
268
221
-12
-108
35
283
334
79
-192
-142
171
380
198
-158
-238
-10
213
216
-44
-217
-130
59
169
66
-197
-285
-106
107
114
-93
-291
-204
39
131
-26
-271
-307
-48
191
131
-141
-347
-191
140
210
29
-166
-177
41
199
139
-38
-58
47
150
116
51
49
56
44
82
122
146
86
-4
-11
83
136
100
-26
-90
-22
45
55
14
-91
-159
-126
-46
-20
-115
-180
-113
-12
-59
-211
-223
-36
100
-11
-202
-246
-63
128
57
-93
-147
-43
96
120
20
-65
-47
15
105
150
115
21
-50
43
185
163
54
-56
23
179
203
78
-43
-36
130
220
81
-103
-98
57
125
45
-104
-141
-9
70
11
-128
-190
-93
-14
-15
-30
-91
-135
-143
-66
21
16
-132
-225
-96
106
139
-30
-147
-81
105
154
62
-5
24
110
182
160
64
6
17
164
284
169
-55
-112
45
238
272
28
-165
-109
85
201
116
-88
-180
-96
43
127
39
-148
-246
-136
71
134
-83
-310
-231
63
190
-62
-363
-289
60
252
62
-289
-368
-11
250
173
-119
-276
-100
195
234
21
-113
-63
112
211
114
5
9
54
123
121
66
39
12
62
156
137
6
-84
-29
74
110
8
-125
-136
-67
31
3
-89
-231
-213
-67
58
15
-209
-348
-183
115
172
-61
-304
-268
-1
178
63
-113
-142
-29
76
100
61
-11
-72
-33
130
222
116
-64
-78
102
280
183
-91
-154
85
352
282
-22
-223
-92
220
340
89
-170
-172
35
198
103
-112
-176
-67
10
27
-22
-110
-155
-138
-34
47
-16
-141
-226
-104
71
74
-117
-236
-117
78
140
9
-121
-97
50
153
148
56
-7
40
162
222
116
-25
-28
160
310
206
-81
-150
62
285
281
-13
-225
-134
122
272
112
-155
-244
-111
133
219
-3
-301
-324
-33
212
118
-243
-377
-119
184
137
-191
-393
-182
131
194
-51
-308
-255
63
211
66
-171
-186
42
206
99
-61
-77
64
166
107
-2
27
101
113
90
57
49
49
76
111
96
59
17
12
2
10
37
1
-48
-94
-103
-56
-38
-40
-126
-180
-160
-44
23
-91
-260
-188
10
93
-17
-223
-253
-30
159
100
-48
-148
-130
42
197
171
-52
-205
-73
244
315
81
-137
-93
172
291
137
-98
-130
151
331
222
-71
-174
2
250
249
-30
-168
-71
92
150
27
-124
-109
-36
-11
-34
-50
-62
-100
-131
-66
9
-17
-125
-191
-101
38
4
-140
-168
-30
97
65
-64
-116
5
124
125
41
-8
28
126
200
156
27
-9
83
259
254
24
-156
-65
191
319
175
-153
-208
34
197
145
-52
-158
-93
23
75
50
-84
-211
-161
-1
80
-29
-200
-216
-41
92
34
-209
-315
-118
133
141
-56
-269
-222
52
161
35
-99
-101
-17
101
95
72
29
25
19
65
129
143
52
-57
5
168
238
88
-97
-43
160
241
93
-129
-133
36
163
78
-118
-202
-114
40
48
-106
-277
-233
11
132
-44
-317
-363
-62
227
151
-200
-390
-205
181
248
-19
-216
-181
24
156
127
5
-83
-76
95
223
170
-1
-148
-17
243
306
65
-174
-89
223
361
205
-122
-250
4
326
269
-56
-192
-77
103
155
36
-116
-149
-67
29
35
-49
-152
-209
-106
87
90
-118
-297
-234
36
176
21
-225
-275
-64
154
183
-6
-178
-133
66
251
200
0
-96
59
289
237
-4
-107
74
306
288
21
-156
-13
204
280
114
-133
-137
43
170
114
-51
-136
-75
24
68
16
-110
-187
-86
43
39
-141
-246
-134
69
110
-83
-278
-280
-44
164
118
-134
-308
-172
135
250
21
-220
-227
57
281
199
-57
-191
-29
199
272
170
-52
-156
-3
238
303
80
-157
-122
186
360
121
-181
-180
60
205
69
-120
-180
-74
27
-10
-106
-175
-166
-59
8
-44
-153
-239
-160
18
73
-52
-219
-219
-35
101
63
-36
-96
-96
-2
75
95
57
-45
-57
68
193
159
32
-86
-4
202
230
64
-99
-28
207
307
112
-127
-155
96
310
178
-94
-156
-70
119
142
6
-100
-127
-73
-20
19
-20
-97
-179
-163
16
88
-39
-208
-209
-50
86
11
-162
-189
-70
85
156
23
-122
-102
74
199
182
29
-91
39
283
280
35
-119
66
306
256
-33
-164
27
269
297
37