#4
171
43
-129
-166
-53
126
201
44
-198
-240
16
329
299
-74
-351
-180
194
326
102
-135
-201
-62
102
163
67
-122
-226
-124
61
127
-20
-162
-146
-37
8
-41
-92
-59
-28
-55
-78
-83
-54
11
19
-74
-103
-110
-51
58
99
-6
-182
-188
22
175
43
-161
-199
-1
188
145
-77
-146
-19
115
122
49
-15
-21
0
66
113
15
-92
-57
69
121
-13
-217
-163
88
193
31
-195
-228
-51
60
80
34
-94
-240
-254
-11
253
180
-205
-451
-198
242
293
-77
-374
-221
138
244
62
-120
-139
-2
114
118
-18
-82
-48
67
183
82
-156
-174
114
321
136
-255
-312
33
379
279
-117
-340
-163
138
234
104
-102
-203
-132
100
236
101
-225
-324
-42
246
173
-150
-338
-162
120
126
-83
-185
-114
1
7
-34
-51
-16
-4
21
61
0
-62
-75
14
150
124
-73
-144
-29
139
181
98
-53
-135
-30
129
206
143
-91
-194
-45
179
213
-30
-252
-175
84
166
-25
-175
-117
38
40
-38
-105
-140
-50
20
45
-22
-197
-186
64
228
44
-302
-346
10
371
246
-212
-429
-147
261
321
-47
-312
-194
66
247
147
-61
-168
-81
116
250
131
-119
-128
80
221
92
-142
-140
106
236
47
-220
-219
20
203
110
-86
-199
-172
-56
131
183
43
-270
-392
-107
285
319
-95
-457
-323
126
316
51
-243
-248
-23
169
103
3
-38
-57
-19
93
84
-33
-54
56
172
109
-106
-167
53
285
194
-134
-280
-47
255
252
20
-202
-166
23
173
169
9
-166
-162
26
190
118
-112
-206
-66
132
105
-122
-194
-61
36
2
-68
-71
-56
-48
-53
-4
4
-27
-87
-53
127
134
-44
-143
-73
114
195
66
-87
-112
-63
83
220
188
-6
-223
-132
186
337
110
-194
-195
64
229
101
-101
-156
-55
22
44
11
-51
-106
-117
-3
98
-2
-208
-168
94
177
-82
-324
-164
241
278
-112
-425
-236
248
366
-4
-355
-273
82
298
142
-172
-248
-107
131
268
103
-168
-215
26
288
253
-47
-195
-14
209
183
-76
-168
34
221
112
-137
-185
-46
94
87
8
-29
-107
-174
-62
104
163
14
-238
-278
-80
141
192
2
-232
-303
-103
179
247
-5
-311
-261
91
310
153
-131
-246
-25
246
186
-63
-119
4
128
111
-25
-81
39
154
168
-11
-215
-133
178
305
89
-222
-282
15
306
230
-127
-279
-74
196
224
-20
-232
-176
27
148
63
-73
-161
-155
-36
47
36
-99
-181
-51
141
110
-148
-230
-21
238
211
-85
-237
-92
122
218
107
-42
-100
-83
26
209
237
17
-215
-152
158
330
142
-141
-185
19
159
118
-10
-88
-51
-23
-7
0
-43
-90
-15
71
31
-123
-205
-59
167
129
-138
-310
-111
211
216
-86
-295
-179
86
187
65
-86
-140
-87
38
120
50
-92
-138
-23
141
178
-15
-141
-55
138
175
56
-57
-12
123
110
1
-40
17
76
83
15
-71
-103
-62
104
122
-36
-174
-117
27
87
31
-70
-97
-108
-83
-55
42
94
-40
-208
-193
23
169
68
-143
-195
9
166
73
-67
-61
40
88
55
-43
-24
52
97
123
53
-87
-102
61
245
204
-113
-293
-62
300
331
-8
-327
-218
154
318
118
-158
-226
-38
142
166
57
-142
-233
-82
163
195
-36
-266
-217
35
112
-29
-147
-78
41
14
-80
-72
58
87
-14
-65
-15
89
58
-51
-5
118
116
-13
-150
-44
210
275
59
-182
-176
98
309
205
-63
-183
-75
112
210
108
-103
-203
-117
70
135
17
-128
-112
-18
49
5
-106
-97
-27
37
15
-75
-129
-40
83
118
-18
-224
-217
68
316
162
-263
-371
-20
350
238
-185
-377
-81
296
304
2
-231
-161
97
285
209
-53
-183
-30
196
206
-12
-165
-37
193
161
-85
-229
-68
177
148
-48
-198
-157
7
84
95
26
-135
-251
-172
84
248
63
-290
-343
-32
218
123
-120
-182
-58
66
49
38
65
20
-86
-56
89
152
56
-63
-78
114
171
-19
-129
26
207
155
-118
-191
51
251
170
-85
-201
-66
126
139
37
-66
-94
-20
95
111
7
-162
-149
35
112
1
-123
-119
-18
11
-93
-87
14
60
-35
-140
-111
47
98
5
-34
9
39
10
-78
11
141
106
-28
-102
-28
92
168
118
7
-109
-82
92
247
162
-116
-193
0
200
182
-54
-186
-105
47
89
1
-110
-86
2
17
-15
-90
-129
-41
84
88
-77
-251
-175
129
273
30
-298
-319
40
336
178
-199
-309
-60
206
188
-41
-187
-143
36
195
170
-14
-150
-108
104
271
137
-113
-149
62
232
146
-98
-145
42
181
92
-78
-160
-94
103
138
-6
-119
-171
-88
97
181
26
-249
-279
-48
185
162
-98
-263
-178
38
120
49
-72
-124
-98
24
133
116
-11
-130
-53
160
163
-38
-119
24
194
165
-85
-167
49
246
176
-70
-206
-76
169
256
88
-133
-197
-47
180
208
30
-200
-202
83
277
154
-166
-297
-83
164
146
-42
-168
-160
-66
30
51
3
-139
-180
-38
138
92
-126
-194
7
251
160
-123
-217
-57
196
232
11
-151
-136
21
227
278
85
-177
-242
22
344
291
-82
-296
-78
235
245
-15
-208
-129
34
73
21
-20
-83
-67
-36
26
34
-117
-206
-24
164
82
-192
-326
-32
298
212
-179
-378
-161
210
307
50
-248
-292
-41
215
218
-1
-237
-263
61
388
267
-184
-381
-55
375
394
-20
-322
-117
243
301
25
-192
-127
100
223
89
-124
-238
-90
179
218
9
-257
-280
9
255
176
-124
-315
-215
38
183
111
-101
-262
-200
15
185
94
-137
-238
-82
172
179
-4
-115
-20
95
88
-31
-56
55
121
104
-9
-61
17
96
105
63
-24
-118
-29
154
210
55
-160
-170
44
192
125
-81
-167
-27
127
108
-19
-77
-88
-23
11
-1
-9
-63
-130
-77
15
7
-92
-104
9
57
-33
-155
-49
126
119
-32
-113
-10
76
23
-10
93
125
7
-143
-93
181
301
95
-214
-162
150
313
135
-136
-155
27
132
100
8
-46
-36
-56
-31
7
19
-17
-23
-4
-58
-143
-95
42
122
-3
-203
-237
-11
223
177
-118
-302
-161
114
192
77
-106
-208
-117
122
215
45
-182
-213
2
231
211
-56
-213
-84
157
228
85
-86
-67
97
134
65
2
-31
2
91
89
-8
-114
-155
7
169
112
-71
-246
-169
70
162
50
-65
-164
-208
-106
132
216
-34
-322
-263
83
228
37
-193
-164
38
136
30
-66
-20
68
78
10
-40
5
65
64
66
52
-24
-54
47
204
143
-111
-224
-8
283
253
-40
-242
-118
103
188
117
-64
-169
-62
80
164
113
-103
-245
-115
143
182
-54
-275
-178
93
135
-80
-205
-77
106
67
-97
-161
-17
106
122
37
-66
-82
-47
62
153
132
-10
-122
-76
112
207
128
-12
-97
-52
65
174
145
21
-95
-80
51
160
88
-118
-178
-44
107
88
-56
-142
-58
31
37
-29
-126
-126
8
67
-6
-106
-137
-10
133
81
-174
-275
-42
220
218
-84
-307
-158
184
275
-6
-265
-207
85
265
157
-89
-161
-58
102
198
157
1
-82
-13
107
144
26
-74
-19
86
94
-9
-137
-96
58
67
4
-11
-73
-109
-60
60
118
-41
-217
-221
-7
197
118
-174
-269
-83
130
114
-76
-170
-98
73
118
55
-3
-43
-67
22
152
113
-31
-124
10
225
147
-92
-137
64
232
134
-137
-169
58
204
160
-40
-159
-85
60
136
100
-69
-129
-32
126
142
-35
-214
-139
88
195
-1
-210
-213
-41
85
15
-88
-86
-60
-28
2
-8
-19
-47
-18
115
104
-69
-144
-31
143
179
16
-112
-70
42
133
167
119
-34
-157
-87
170
333
151
-215
-280
47
336
228
-147
-303
-111
143
167
-26
-190
-125
56
94
6
-135
-208
-76
176
174
-129
-356
-167
249
351
-51
-445
-310
177
427
133
-312
-351
-17
292
232
-56
-267
-218
55
291
257
-78
-265
-133
179
345
150
-157
-156
77
216
112
-55
-78
50
110
36
-29
-100
-52
45
65
34
-66
-173
-117
69
168
76
-168
-295
-135
110
200
35
-213
-286
-102
148
178
0
-206
-175
58
204
132
-73
-148
-30
156
149
-22
-86
1
140
136
3
-90
-30
125
149
19
-83
-81
46
171
181
-20
-205
-149
98
240
114
-156
-222
5
211
195
-51
-265
-191
80
196
72
-157
-278
-126
118
157
-39
-229
-160
75
126
-54
-193
-36
188
157
-84
-203
-54
174
190
27
-110
-10
72
34
31
127
147
12
-145
-41
165
245
71
-131
-91
61
143
68
-47
-98
-75
-24
65
46
-37
-89
-57
-1
29
-83
-172
-33
132
81
-161
-271
-34
264
180
-186
-325
-107
177
237
35
-214
-253
-28
227
255
-25
-304
-265
95
399
244
-205
-334
-16
316
302
-11
-180
-62
116
159
65
-44
-61
19
92
100
8
-149
-143
21
148
93
-130
-231
-98
120
173
7
-209
-263
-85
138
195
-34
-299
-235
62
210
45
-183
-208
36
225
79
-127
-100
70
159
61
-97
-65
81
109
58
47
21
-41
-23
124
178
22
-189
-113
169
295
78
-217
-224
72
273
139
-133
-224
-34
186
196
1
-191
-178
-25
123
124
-33
-194
-192
-3
115
33
-137
-163
-13
101
11
-155
-87
99
93
6
-37
-18
34
-4
-12
90
126
19
-122
-89
156
268
121
-113
-161
1
196
218
84
-68
-125
-49
95
158
64
-109
-212
-94
125
159
-46
-169
-123
0
32
-27
-71
-40
8
-35
-96
-121
-27
111
60
-85
-191
-121
94
194
46
-190
-227
-5
240
149
-130
-255
-49
216
205
-30
-149
-47
87
132
103
26
-5
-22
30
121
108
-18
-46
29
97
18
-133
-140
48
168
74
-106
-205
-105
49
138
94
-80
-238
-213
-1
240
140
-181
-388
-181
198
270
-31
-272
-173
75
144
48
-1
22
-6
-50
32
126
107
-35
-78
75
182
78
-130
-96
154
238
7
-194
-95
166
249
77
-150
-181
-16
161
177
29
-137
-175
5
204
192
-100
-272
-133
129
174
3
-220
-185
26
112
-20
-160
-124
13
72
-4
-96
-93
6
112
130
9
-157
-112
92
248
136
-125
-210
-32
199
254
87
-73
-119
-26
107
210
155
-29
-151
-72
141
207
12
-183
-154
42
120
19
-102
-79
-4
-6
-66
-81
-75
-49
22
57
-11
-171
-197
14
217
110
-160
-313
-91
242
204
-114
-224
-84
97
127
13
-73
-54
-38
34
117
104
10
-97
-89
116
250
109
-78
-75
72
122
29
-25
43
75
6
-45
-69
-6
43
-7
-32
-26
-42
-79
-62
46
114
-9
-198
-236
-26
182
111
-155
-266
-92
90
94
-23
-90
-99
-11
74
71
20
-25
-1
86
90
-51
-105
63
221
147
-94
-203
6
288
266
-66
-287
-136
181
297
136
-122
-215
-104
143
259
97
-172
-233
-14
235
228
-66
-308
-191
150
270
20
-243
-259
-60
141
99
-88
-211
-115
68
150
29
-167
-157
25
195
132
-134
-178
20
210
183
-35
-147
-53
59
129
168
108
-57
-187
-65
218
324
115
-204
-240
46
264
191
-91
-189
-58
29
52
28
-49
-96
-87
-2
68
33
-153
-174
23
136
14
-187
-177
73
154
-2
-193
-182
13
179
97
-77
-172
-103
71
163
75
-74
-193
-109
139
273
73
-191
-171
109
308
147
-87
-122
55
157
80
-26
-22
59
85
-20
-90
-85
7
110
83
-55
-147
-150
-20
85
119
-13
-194
-215
-49
119
143
-24
-229
-239
-57
135
162
-8
-201
-202
15
237
184
-18
-177
-117
81
173
79
-6
-20
-4
49
96
39
-6
5
75
121
-32
-145
-20
209
196
-29
-208
-114
122
229
65
-170
-167
39
195
133
-76
-218
-138
58
156
34
-106
-177
-105
31
57
-34
-124
-75
48
40
-108
-119
42
143
90
-78
-135
4
111
98
27
-22
28
25
-32
14
156
192
-2
-162
-85
167
249
100
-81
-122
-37
75
142
92
-67
-168
-141
29
163
51
-138
-150
-20
98
-1
-156
-113
59
87
-106
-202
-30
155
98
-105
-234
-129
99
207
65
-168
-223
-34
221
219
-70
-300
-181
174
346
84
-254
-223
105
310
197
-72
-153
3
152
159
44
-54
-62
40
122
89
-79
-212
-58
186
180
-54
-280
-211
81
231
94
-134
-293
-202
41
197
133
-121
-306
-231
76
247
111
-190
-291
-56
245
212
-19
-156
-92
79
173
64
-63
-60
24
139
166
12
-158
-85
162
317
107
-260
-280
139
382
169
-219
-298
5
275
199
-70
-210
-79
84
152
101
-69
-204
-118
128
176
-34
-253
-223
27
160
5
-180
-153
20
149
32
-179
-155
27
141
116
-37
-149
-69
74
177
178
4
-182
-143
91
298
211
-42
-216
-105
164
291
139
-99
-162
-17
158
161
10
-133
-127
-27
43
50
-7
-86
-41
5
-14
-88
-132
-37
71
52
-86
-165
-102
103
162
-1
-207
-247
-41
200
189
-42
-208
-150
89
192
18
-176
-119
73
165
89
-38
-87
-32
74
133
117
13
-32
10
68
113
49
-42
-15
121
116
-75
-158
-75
121
146
-33
-190
-126
50
100
0
-47
-58
-86
-118
-80
30
93
-26
-169
-165
-10
92
55
-76
-129
-60
75
117
51
-40
-68
10
121
131
-27
-110
-5
183
188
-36
-181
-40
222
261
-15
-247
-132
171
267
89
-132
-178
-48
142
213
32
-190
-157
86
235
86
-197
-263
-29
221
142
-136
-265
-124
90
72
-51
-114
-65
-3
-3
-51
-70
-19
31
110
98
-109
-159
-11
159
181
28
-103
-57
28
60
112
137
94
-50
-137
-9
252
281
-18
-252
-126
164
251
43
-167
-161
-18
85
69
-58
-77
-27
-16
-28
-52
-104
-64
13
68
7
-158
-182
43
211
36
-214
-234
8
202
115
-118
-202
-48
160
136
-49
-138
-99
26
143
145
21
-111
-61
76
173
143
-42
-71
89
166
41
-99
-34
154
151
-73
-197
-60
129
164
-25
-154
-78
-2
10
-33
-15
38
-42
-158
-169
-35
146
125
-96
-282
-204
67
201
83
-134
-246
-74
177
197
-5
-149
-87
112
173
32
-86
-26
116
135
30
-82
-8
126
163
51
-122
-143
27
189
196
0
-186
-149
75
226
115
-131
-206
12
216
159
-121
-245
-84
151
137
-83
-185
-94
23
33
-57
-98
-89
-29
43
19
-55
-97
-54
50
113
53
-56
-52
-12
29
115
136
61
-93
-160
4
288
301
-19
-316
-178
269
444
123
-291
-252
88
303
170
-113
-182
-60
54
89
16
-83
-122
-47
26
70
-40
-185
-106
67
100
-51
-198
-144
97
183
5
-185
-194
-4
136
106
-9
-142
-121
18
128
86
-97
-191
-27
214
199
-39
-174
-48
154
210
97
-60
-54
29
86
92
89
17
-47
-48
36
122
21
-141
-136
46
190
26
-214
-215
-10
192
149
-148
-322
-170
120
233
29
-242
-284
-68
181
140
-87
-235
-80
129
153
9
-89
-18
73
57
-35
-32
84
122
58
2
-8
-8
28
75
128
71
-118
-135
65
239
175
-85
-255
-61
215
218
-29
-215
-115
93
174
72
-82
-180
-123
66
153
43
-150
-238
-105
102
111
-51
-183
-134
40
103
-13
-136
-93
67
194
83
-129
-160
-31
159
249
75
-180
-228
18
333
321
-37
-307
-171
219
366
137
-161
-196
27
175
143
-7
-84
-50
-30
-10
9
8
-36
-59
-30
5
-31
-119
-68
57
88
-56
-189
-150
28
177
108
-146
-278
-126
127
236
87
-196
-288
-46
263
242
-75
-302
-170
168
326
132
-209
-235
56
249
227
16
-147
-65
161
233
65
-175
-154
127
275
100
-189
-268
-28
261
167
-139
-281
-133
118
184
42
-120
-203
-172
-25
126
132
-70
-266
-223
26
194
100
-133
-223
-74
161
149
-5
-74
-47
18
87
72
12
-11
-11
97
156
26
-121
-70
154
245
7
-237
-104
172
266
71
-183
-171
46
186
108
-31
-132
-94
45
145
106
-91
-215
-108
105
179
-30
-251
-205
22
138
27
-152
-189
-47
100
66
-100
-125
-30
110
148
14
-141
-133
38
229
196
-34
-200
-123
108
253
182
-2
-145
-107
97
264
183
-51
-189
-89
163
245
75
-150
-200
-22
106
89
-53
-136
-48
46
19
-58
-127
-82
71
131
-37
-233
-195
82
259
98
-226
-329
-82
246
284
-19
-330
-243
127
335
127
-244
-321
-32
285
289
20
-253
-189
93
316
254
-44
-234
-56
226
269
18
-204
-87
179
217
-35
-236
-164
121
235
36
-185
-199
-47
85
91
28
-79
-215
-152
10
141
65
-142
-240
-118
84
110
-48
-114
-51
19
9
-15
54
86
-15
-75
-7
89
113
11
-32
28
74
23
-2
71
118
25
-123
-96
116
204
103
-79
-131
-53
103
153
44
-106
-152
-18
157
184
-26
-230
-190
81
219
32
-240
-240
-32
151
70
-131
-204
-74
82
71
-50
-147
-65
86
156
57
-123
-146
-4
145
171
55
-52
-84
-48
72
213
188
11
-182
-135
139
318
177
-138
-211
-7
203
173
-17
-134
-84
12
13
-12
-29
-11
-3
-45
-83
-32
-16
-38
-6
13
-66
-141
-92
90
183
-7
-232
-201
41
202
96
-134
-174
-25
111
109
-36
-132
-72
41
105
123
3
-88
-42
72
143
120
31
1
35
29
2
33
84
86
32
-66
-72
-23
17
59
34
-22
-37
-108
-108
29
111
57
-142
-243
-109
69
119
11
-139
-207
-78
101
91
-49
-121
-89
16
78
47
22
9
9
-11
-18
29
102
77
29
15
15
8
45
77
93
40
-91
-116
45
218
208
8
-228
-187
77
273
168
-149
-278
-18
237
187
-54
-215
-134
26
144
63
-89
-207
-145
39
97
-1
-167
-180
14
128
20
-137
-127
47
189
124
-76
-180
-52
151
235
68
-117
-155
-37
183
302
155
-157
-252
11
301
286
9
-195
-105
121
181
31
-101
-53
41
14
-48
-35
-6
-36
-25
-19
-61
-64
-82
-15
58
1
-126
-142
-26
138
86
-123
-227
-79
109
149
25
-123
-157
-39
111
101
-34
-125
-97
54
164
143
-78
-168
-7
160
209
63
-69
-36
70
108
87
8
-53
-37
63
129
67
-129
-212
1
203
150
-115
-296
-132
138
209
31
-205
-272
-118
97
192
38
-202
-277
-93
150
172
-50
-173
-116
43
106
67
38
-2
-48
-39
30
120
124
-7
-72
35
89
39
-29
42
155
93
-134
-150
97
275
147
-164
-235
4
224
143
-59
-142
-61
73
98
81
-8
-144
-161
21
152
82
-140
-270
-125
115
116
-80
-211
-73
96
56
-129
-168
14
176
136
-64
-178
-46
102
162
98
-52
-107
-36
81
152
156
68
-70
-121
0
192
246
61
-142
-145
25
209
176
-57
-245
-153
93
208
55
-183
-183
10
95
15
-114
-150
-14
115
41
-161
-213
-44
183
167
-127
-294
-152
121
265
93
-183
-274
-76
195
235
4
-247
-208
78
279
178
-96
-184
-46
149
227
148
-55
-144
-25
178
198
22
-132
-39
150
121
-60
-181
-62
106
126
30
-133
-198
-71
110
186
34
-222
-308
-117
187
245
-28
-318
-313
26
267
104
-178
-225
-32
140
113
4
-22
-24
-19
29
81
89
29
-42
6
109
95
-14
-60
49
145
84
-92
-109
45
173
138
-14
-134
-100
57
154
121
-64
-164
-85
141
215
-10
-264
-219
100
256
78
-232
-315
-63
162
115
-87
-206
-113
37
51
-4
-40
-23
-8
48
74
-15
-60
-19
94
141
70
-85
-111
26
174
211
81
-118
-153
12
206
258
57
-159
-144
82
204
95
-71
-146
-71
29
70
34
-56
-90
-63
-40
54
26
-99
-152
-28
96
10
-162
-134
70
156
-8
-208
-190
59
212
70
-160
-191
4
177
93
-105
-181
-66
143
213
47
-153
-135
81
255
177
-63
-140
21
196
159
-49
-158
-7
207
180
-59
-238
-151
108
214
49
-155
-235
-92
110
185
45
-184
-300
-118
134
211
15
-264
-287
-21
180
93
-117
-135
-62
19
26
34
65
48
-16
-11
34
16
-3
23
76
139
81
-75
-113
52
216
190
-75
-237
-55
199
285
61
-218
-245
31
299
245
-96
-322
-136
208
308
56
-264
-306
6
249
152
-130
-277
-149
69
98
2
-103
-149
-60
49
80
-57
-132
-71
102
189
36
-148
-98
50
163
145
-4
-116
-90
66
227
201
-10
-202
-135
155
301
163
-114
-168
-7
152
152
-17
-113
-79
-5
7
10
1
-39
-70
-63
5
31
-80
-166
-31
123
35
-177
-183
61
199
7
-227
-200
54
192
41
-120
-142
3
110
59
-73
-104
-16
77
102
20
-37
-44
56
98
94
40
-11
48
94
65
-28
-52
66
145
80
-62
-94
-75
0
79
75
-26
-99
-128
-67
71
109
9
-132
-200
-123
33
128
72
-104
-247
-173
54
184
80
-118
-232
-118
147
236
99
-130
-169
-10
171
162
24
-110
-47
153
159
-29
-105
4
173
193
-23
-242
-92
237
277
15
-255
-174
129
262
65
-186
-171
81
208
89
-97
-192
-110
66
137
36
-133
-204
-90
53
44
-68
-135
-100
38
70
-38
-139
-76
71
150
93
-78
-148
-14
130
181
93
-59
-144
-99
107
266
211
-47
-248
-127
211
354
144
-188
-223
9
224
205
-15
-206
-155
28
133
62
-104
-145
-14
78
43
-116
-206
-52
159
126
-159
-311
-103
243
238
-90
-315
-222
105
282
118
-166
-245
-89
161
187
-7
-192
-168
68
279
169
-103
-218
-58
199
276
80
-149
-87
113
215
88
-88
-116
70
194
105
-116
-252
-70
193
199
2
-233
-248
4
188
151
-20
-214
-246
-120
86
206
65
-242
-338
-109
199
218
-36
-248
-179
67
195
106
-64
-92
-16
70
107
33
-29
22
82
106
19
-96
-67
124
226
91
-168
-221
56
324
246
-98
-313
-163
180
319
98
-221
-253
6
247
210
-80
-313
-204
146
274
30
-281
-311
-21
216
119
-160
-261
-89
118
124
-98
-186
-54
130
198
54
-170
-166
48
217
194
-9
-182
-136
78
271
237
-15
-187
-129
120
264
173
-64
-156
-19
148
167
22
-131
-133
-22
70
65
-2
-121
-93
4
26
5
-62
-116
-65
21
63
-35
-149
-103
63
114
3
-164
-198
-10
176
146
-67
-190
-88
89
140
-25
-148
-81
81
154
75
-55
-72
26
134
107
16
-25
30
122
113
-27
-89
0
154
163
-53
-168
-136
83
188
22
-137
-163
-66
49
81
53
-40
-191
-211
-54
140
160
-64
-273
-207
27
109
-8
-93
-47
26
-7
-55
38
141
64
-63
-100
3
114
134
34
4
-2
-4
0
78
153
101
-55
-172
-48
217
246
-8
-172
-153
56
218
138
-81
-198
-80
119
224
116
-178
-315
-69
230
201
-95
-256
-168
34
92
-33
-112
-92
-28
18
-4
-69
-76
-13
65
131
34
-126
-98
47
186
147
-64
-125
-24
104
162
104
38
-18
-76
-32
145
230
91
-95
-132
5
143
130
12
-107
-145
-92
43
134
21
-113
-139
-55
79
2
-116
-93
30
65
-89
-157
-30
141
68
-150
-235
-55
196
191
-103
-255
-126
145
208
14
-175
-152
6
161
150
-5
-133
-43
111
175
95
-52
-40
77
135
45
-84
-27
117
165
41
-145
-158
-10
160
115
-54
-155
-145
-26
101
92
-39
-154
-158
-39
72
41
-53
-110
-107
-56
-9
-8
-31
21
-17
-61
-29
28
86
69
-9
-43
8
26
51
89
51
32
27
-24
6
83
117
71
-36
-122
2
198
186
-15
-182
-133
92
235
90
-153
-188
22
202
167
-78
-220
-132
86
159
33
-112
-136
-96
-58
-35
-7
2
-55
-71
-27
-25
-25
5
-14
8
56
4
-45
-11
32
95
85
31
-44
-61
-1
155
221
78
-175
-192
108
358
207
-115
-234
-33
184
177
-6
-133
-117
-10
47
44
-5
-83
-83
-53
9
23
-62
-106
-1
52
-40
-168
-114
79
133
-20
-177
-153
13
120
108
-28
-147
-136
-9
149
153
-30
-215
-151
120
294
151
-150
-233
2
275
243
-4
-159
-43
161
191
16
-106
-31
129
130
-13
-187
-134
76
184
81
-135
-244
-107
118
167
14
-160
-228
-134
51
152
69
-138
-281
-159
91
205
50
-184
-206
-19
155
147
23
-63
-59
-5
68
92
52
4
-18
31
116
78
-24
-56
62
141
56
-60
-67
64
161
80
-77
-122
-25
130
151
17
-137
-163
15
206
167
-98
-280
-128
142
181
-2
-250
-243
-12
136
53
-95
-147
-66
54
36
-61
-72
-18
80
85
-26
-51
-48
37
143
114
-28
-96
-51
89
204
160
-23
-142
-84
138
265
142
-76
-147
-46
109
187
68
-109
-185
-111
78
165
31
-172
-165
-19
103
41
-129
-133
-2
82
-10
-145
-166
18
145
40
-141
-197
-27
164
128
-86
-192
-101
133
177
-23
-209
-123
111
217
100
-157
-177
82
255
151
-59
-116
45
177
126
-55
-102
36
175
132
-70
-193
-81
116
160
-34
-167
-120
12
72
9
-49
-35
-44
-115
-144
-45
97
97
-94
-258
-144
80
151
44
-122
-171
-78
109
167
82
-55
-134
-42
136
167
54
-106
-57
143
174
-8
-134
-6
202
162
-77
-164
8
192
173
-11
-185
-121
80
206
113
-99
-156
-43
133
186
11
-226
-206
57
215
90
-180
-262
-88
116
61
-104
-135
-32
33
42
-43
-83
-65
23
136
115
-27
-141
-110
101
267
141
-122
-219
-34
241
320
118
-176
-245
25
333
321
-12
-308
-188
150
339
157
-166
-276
-99
114
159
33
-144
-142
-14
62
29
-107
-150
-23
108
38
-160
-235
-27
230
215
-182
-430
-177
311
400
4
-438
-386
133
460
219
-277
-418
-82
315
385
13
-330
-235
171
366
191
-128
-190
21
227
191
-15
-152
-39
133
156
28
-118
-149
-28
114
88
-23
-104
-130
-67
39
116
40
-172
-232
-100
121
151
-45
-246
-206
56
161
-4
-147
-102
19
65
44
3
42
38
-11
-29
10
79
100
41
21
31
-3
-12
57
137
121
-54
-184
-14
223
221
-9
-180
-118
98
212
66
-127
-149
-3
151
146
-15
-169
-152
47
154
24
-132
-176
-78
32
32
-65
-92
-36
-15
-34
-45
-32
-31
-8
42
100
5
-118
-82
71
194
121
-62
-124
-32
93
165
151
53
-77
-104
18
203
202
30
-125
-100
35
129
103
-3
-76
-108
-83
35
95
1
-84
-78
-18
-15
-96
-82
41
104
-52
-244
-163
103
269
64
-293
-321
5
310
192
-155
-304
-106
198
230
-32
-212
-160
41
220
174
-66
-185
-42
180
237
82
-132
-126
116
247
106
-109
-123
79
203
65
-130
-139
-38
91
78
-12
-63
-59
-64
-59
28
69
20
-118
-190
-103
62
117
-11
-169
-227
-56
122
132
-17
-169
-136
41
164
113
-54
-78
19
99
56
-4
-22
31
113
79
-39
-28
39
129
117
-23
-146
-21
181
190
19
-183
-121
108
203
42
-143
-140
73
186
62
-110
-130
-36
59
34
-50
-91
-87
-55
-23
-27
-48
-63
-50
-6
1
-56
-93
-14
69
80
23
-57
-55
3
46
113
109
16
-63
-92
20
219
251
15
-222
-154
159
332
163
-118
-170
6
160
138
-11
-125
-86
8
32
-2
-29
-77
-36
24
16
-85
-166
-67
114
117
-104
-255
-119
127
190
-11
-262
-187
78
210
81
-128
-203
-65
112
156
11
-133
-159
4
204
193
-57
-207
-51
176
255
88
-107
-96
64
163
137
17
-57
-36
83
74
-5
-85
-99
28
88
24
-94
-132
-46
40
64
33
-66
-202
-193
-14
148
105
-113
-253
-142
97
150
-28
-179
-117
62
127
33
-34
-6
33
32
4
19
54
32
27
89
83
-13
-58
31
138
135
-48
-160
-21
190
222
27
-166
-160
46
207
142
-98
-153
-33
123
119
-10
-173
-147
50
172
45
-191
-224
-54
147
60
-180
-208
-15
172
83
-196
-246
29
241
178
-53
-209
-137
75
207
160
-33
-162
-76
112
242
137
-50
-132
-21
163
206
40
-96
-18
119
98
-36
-82
29
113
31
-123
-169
-33
114
102
-39
-154
-145
-23
35
56
6
-108
-147
-69
18
104
55
-124
-221
-98
118
213
30
-215
-210
4
252
171
-137
-296
-114
212
310
59
-237
-190
106
287
153
-64
-136
37
179
132
-24
-92
-28
126
168
4
-138
-153
-14
133
114
-14
-122
-179
-87
68
151
60
-152
-273
-167
79
230
72
-243
-316
-79
194
163
-42
-183
-173
-4
152
164
51
-89
-147
8
187
165
-23
-162
-22
227
213
-54
-188
-10
242
207
-93
-247
-5
285
251
-87
-265
-110
157
252
44
-163
-163
33
179
112
-77
-194
-57
118
105
-56
-173
-131
10
44
-57
-130
-64
64
76
-78
-189
-92
85
154
105
-88
-176
-51
121
196
112
-66
-132
-43
102
180
113
15
-35
-27
19
137
182
48
-95
-80
12
140
126
-31
-120
-88
-11
31
50
-29
-115
-58
13
28
-47
-146
-91
64
109
-66
-238
-154
137
213
-50
-294
-194
125
255
45
-212
-229
27
217
142
-128
-240
-92
150
244
69
-143
-159
24
200
194
12
-105
-12
136
142
14
-82
-33
126
140
-34
-154
-105
99
173
8
-123
-145
-91
29
116
78
-55
-212
-209
-31
143
124
-94
-252
-166
55
133
18
-121
-119
-1
81
43
-19
1
49
43
4
-29
-15
83
146
128
-8
-141
-82
134
255
125
-127
-234
-24
250
283
22
-230
-222
56
252
164
-89
-215
-90
144
222
54
-203
-268
-7
218
158
-117
-289
-162
110
148
-55
-233
-170
79
181
-10
-258
-191
105
284
151
-166
-264
-33
226
217
12
-141
-78
75
121
116
99
55
-44
-100
19
168
194
42
-118
-86
46
141
113
-26
-117
-117
-32
59
91
-42
-120
-110
-28
29
1
-84
-36
21
-20
-151
-146
49
192
39
-201
-241
-12
195
160
-84
-248
-129
119
223
32
-169
-186
11
217
204
-33
-230
-93
174
274
117
-129
-112
109
221
87
-97
-97
63
213
69
-117
-150
-44
115
101
-40
-112
-76
-9
39
-10
-49
-29
-58
-112
-103
5
88
38
-140
-224
-76
103
117
-36
-143
-107
31
101
106
40
-32
-76
-6
98
120
35
-77
-2
124
96
-16
-60
34
146
81
-66
-94
47
170
131
-50
-170
-54
131
180
3
-169
-110
84
173
91
-101
-209
-93
112
140
-26
-210
-192
19
86
-12
-105
-119
-5
63
-23
-129
-65
45
99
90
-24
-133
-50
101
166
118
-43
-122
-67
89
255
183
-53
-193
-72
200
253
46
-134
-69
93
150
50
-79
-81
23
43
-63
-92
-9
50
-7
-69
-89
-53
-19
-23
-27
-3
-50
-109
-113
27
124
7
-170
-160
6
136
95
-87
-195
-83
129
187
3
-209
-192
47
251
176
-76
-209
-43
171
216
75
-74
-63
75
154
86
-32
-75
35
128
77
-40
-148
-113
83
163
62
-146
-247
-90
136
191
13
-196
-257
-99
91
123
30
-157
-216
-95
79
101
20
-89
-135
-30
55
90
57
21
-41
-39
30
101
84
-30
-54
114
171
5
-133
-40
212
241
-43
-299
-111
276
352
31
-265
-237
101
289
161
-141
-235
-27
194
199
-18
-218
-179
46
204
74
-151
-248
-98
99
69
-76
-137
-78
29
47
-59
-104
-15
97
92
21
-71
-75
38
98
106
37
-38
-61
42
125
136
62
-2
-79
-51
81
217
173
-16
-146
-104
69
197
126
-105
-225
-121
102
184
32
-203
-174
0
94
27
-117
-154
-6
93
0
-220
-182
130
265
3
-318
-303
45
333
194
-184
-357
-115
250
262
-14
-274
-237
93
329
212
-148
-287
-93
238
365
139
-179
-207
31
282
232
-36
-205
-68
168
199
4
-243
-181
99
214
82
-179
-274
-73
163
166
-19
-206
-247
-89
127
205
31
-259
-310
-50
205
183
-84
-274
-127
120
218
74
-105
-132
-15
135
163
-25
-119
-6
168
197
5
-177
-84
160
270
101
-159
-215
45
280
188
-70
-225
-101
125
203
46
-109
-137
-9
133
152
-4
-176
-166
32
141
41
-104
-191
-129
16
71
3
-121
-142
-30
62
22
-92
-69
34
112
64
-96
-84
59
131
74
-28
-40
-9
15
63
128
155
51
-114
-125
118
305
126
-186
-174
59
244
146
-110
-177
-59
41
48
9
-34
-56
-53
-56
-46
-36
-29
21
4
-111
-152
-72
94
155
-5
-253
-242
27
251
156
-133
-264
-83
138
182
-23
-174
-121
45
145
142
-6
-165
-91
143
236
109
-92
-99
91
196
91
-83
-97
86
206
65
-136
-164
-53
126
163
-11
-140
-154
-90
48
120
47
-116
-200
-124
-14
84
73
-80
-217
-149
34
130
19
-136
-134
2
97
49
-58
-16
111
116
-11
-140
-68
137
214
57
-84
-92
38
153
121
34
-64
-90
-11
138
186
45
-118
-159
-9
171
172
-1
-128
-100
18
128
81
-74
-182
-66
116
145
-14
-190
-230
-55
92
78
-50
-160
-115
13
85
-28
-95
-56
48
119
65
-79
-103
-4
153
161
42
-96
-139
-25
230
314
81
-226
-244
77
387
286
-119
-280
-57
216
218
-16
-172
-97
43
42
-28
-39
-16
7
-42
-72
-39
-40
-45
-15
-17
-38
-89
-82
31
90
-28
-153
-103
11
79
50
-53
-102
-5
47
35
-49
-71
-10
29
43
61
11
-26
10
57
74
47
18
62
113
57
-38
-30
67
125
87
-55
-97
-58
20
78
48
-30
-93
-93
-36
29
33
11
-41
-133
-151
-56
79
111
-66
-212
-163
26
98
24
-65
-122
-48
35
73
57
25
-14
-33
22
97
72
7
-25
33
89
71
1
5
68
110
42
-89
-74
108
182
46
-114
-113
32
166
79
-76
-105
2
119
92
-2
-102
-117
-10
66
22
-57
-72
-79
-69
-38
-45
-14
19
-28
-78
-88
-60
59
90
32
-29
-61
-19
52
75
57
41
-8
-23
2
51
114
102
40
-30
-49
51
175
132
7
-38
-33
-4
34
74
51
-29
-116
-105
19
102
11
-118
-119
-13
60
-33
-130
-75
44
34
-112
-172
-12
155
89
-154
-232
-65
165
195
-47
-245
-160
112
194
46
-180
-183
30
209
161
-18
-146
-74
89
187
119
-24
-58
46
134
101
-35
-74
45
159
90
-68
-170
-89
119
152
7
-146
-155
-40
72
57
-18
-78
-139
-149
-48
104
122
-69
-270
-208
40
172
109
-61
-185
-122
52
161
133
-18
-142
-64
129
179
37
-84
-57
112
198
21
-121
-46
158
198
-10
-176
-59
176
211
32
-152
-147
20
179
125
-65
-157
-50
130
172
4
-184
-196
26
180
68
-144
-232
-78
89
60
-102
-154
-53
40
28
-59
-110
-18
83
95
18
-93
-68
33
101
117
40
-73
-57
40
115
132
75
-22
-78
-30
120
213
90
-102
-109
12
159
138
-21
-155
-102
32
84
-3
-92
-80
10
14
-13
-111
-151
-17
133
80
-126
-255
-119
138
260
23
-339
-313
73
338
209
-184
-357
-135
223
311
39
-303
-285
53
343
247
-91
-279
-114
221
345
88
-206
-153
138
287
123
-156
-177
117
280
73
-210
-220
45
213
94
-125
-170
-89
16
64
48
-15
-113
-185
-115
40
166
75
-197
-306
-102
181
173
-60
-214
-147
68
193
108
-69
-144
-21
154
160
14
-77
-51
72
196
98
-106
-124
83
217
149
-87
-184
-24
184
221
38
-193
-198
56
276
178
-131
-255
-51
222
216
-63
-272
-167
103
177
36
-160
-222
-65
72
49
-50
-143
-85
29
48
-32
-77
-35
9
91
80
-18
-75
-72
43
156
143
12
-125
-127
64
284
265
-28
-288
-158
256
435
120
-283
-272
53
335
204
-132
-259
-99
69
118
53
-49
-113
-87
-20
29
0
-96
-100
8
45
-62
-161
-50
128
121
-116
-268
-108
159
205
-43
-247
-147
125
222
32
-184
-193
-6
190
201
-15
-198
-88
160
231
65
-101
-82
87
207
110
-61
-109
13
165
108
-56
-122
-83
26
92
41
-61
-140
-97
-8
69
91
-6
-190
-210
-58
119
131
-78
-236
-195
11
132
51
-97
-143
-39
83
94
14
-29
1
37
47
10
-8
50
69
49
46
32
2
2
105
169
40
-176
-151
143
337
146
-196
-301
-45
287
278
-50
-290
-159
169
305
105
-202
-284
-66
157
149
-18
-185
-195
-45
69
28
-70
-98
-25
24
-24
-111
-45
50
91
73
-45
-116
-48
69
174
118
-28
-109
-48
99
208
141
-11
-124
-109
99
285
179
-83
-184
3
174
126
-42
-117
-42
35
26
-8
-46
-56
-44
3
-1
-39
-127
-111
28
129
-6
-203
-229
5
246
151
-202
-349
-119
202
270
29
-246
-271
-14
267
226
-82
-318
-180
181
325
94
-229
-199
90
294
190
-59
-138
-15
142
179
65
-102
-65
86
151
32
-130
-166
0
175
112
-92
-204
-121
69
129
13
-108
-162
-101
-25
42
83
-26
-178
-199
-59
116
111
-29
-138
-112
16
122
118
42
-81
-102
23
136
114
20
-59
17
128
94
-43
-61
96
170
30
-134
-66
161
204
14
-162
-147
75
207
146
-67
-210
-105
134
213
75
-170
-230
-26
143
107
-89
-217
-139
62
107
-74
-195
-106
69
107
-47
-175
-119
79
208
96
-147
-191
-14
194
224
44
-154
-150
37
202
224
50
-118
-117
30
186
197
39
-88
-73
51
105
73
14
-57
-49
-41
-63
-14
37
24
-32
-82
-45
-28
-78
-62
39
71
-60
-191
-146
84
208
33
-243
-279
24
264
173
-119
-274
-124
134
233
41
-184
-227
-18
248
245
-28
-232
-128
134
280
160
-91
-119
47
196
143
-17
-147
-39
174
190
-35
-225
-164
124
222
18
-178
-192
-47
89
93
17
-100
-195
-149
9
158
93
-135
-295
-151
91
197
31
-174
-211
-22
176
162
-5
-99
-67
64
151
39
-38
-44
76
182
91
-102
-140
69
289
154
-180
-272
46
340
284
-77
-333
-172
196
313
76
-191
-222
-6
222
211
-47
-268
-192
75
226
85
-170
-266
-119
100
113
-52
-190
-134
37
98
-17
-140
-110
55
178
88
-95
-145
-43
162
224
53
-134
-155
0
193
248
101
-101
-176
-36
229
312
63
-208
-148
81
240
161
-71
-194
-82
57
68
0
-76
-86
-20
16
14
-50
-132
-73
51
61
-81
-186
-84
132
171
-61
-265
-179
38
199
149
-101
-257
-123
139
225
34
-201
-210
-2
255
232
-46
-231
-97
139
254
117
-68
-74
73
130
81
10
-19
11
8
1
38
-3
-76
-34
22
56
33
-127
-201
-52
170
196
-97
-365
-288
107
351
151
-303
-466
-115
301
275
-61
-307
-218
87
240
134
-61
-132
-55
77
146
86
-18
-40
33
127
70
-29
-38
32
135
114
-50
-126
1
181
177
-26
-169
-97
101
180
74
-99
-117
11
121
85
-63
-156
-69
106
84
-85
-141
-54
-8
-25
-93
-104
-3
71
4
-114
-152
-31
121
135
31
-101
-150
-25
146
206
83
-87
-119
-30
114
190
109
-36
-74
-7
113
177
85
-59
-71
81
136
11
-110
-38
96
51
-89
-151
-20
87
55
-50
-143
-114
-2
21
0
-19
-54
-114
-144
3
191
117
-172
-292
-109
169
247
7
-249
-212
47
210
117
-118
-230
-87
152
246
56
-181
-156
60
249
227
5
-135
-35
125
168
40
-72
-65
97
155
46
-94
-176
-51
153
125
-28
-187
-185
26
191
94
-127
-259
-163
57
159
70
-134
-243
-143
82
145
-13
-177
-107
58
111
20
-53
2
62
53
10
5
28
36
32
64
96
53
-54
-44
87
197
75
-156
-164
84
266
154
-91
-207
-61
122
179
60
-108
-125
-7
111
116
-23
-157
-142
22
137
68
-96
-203
-132
7
61
-22
-99
-57
-15
-41
-81
-26
80
110
13
-119
-100
59
133
94
-3
-69
1
45
44
72
110
68
-9
-60
4
146
175
61
-58
-83
-2
106
121
3
-110
-103
-57
43
64
-26
-92
-76
-30
10
-47
-101
-14
51
11
-104
-189
-42
152
89
-131
-242
-67
130
171
-19
-186
-146
48
174
65
-120
-163
-32
134
188
50
-132
-137
57
232
175
-22
-107
-2
131
140
6
-84
-2
136
110
-62
-159
-75
123
155
-21
-167
-163
-4
136
54
-69
-113
-109
-67
-27
21
55
-51
-188
-133
13
47
15
-31
-70
-54
5
24
46
107
78
-50
-111
-21
134
155
39
-31
-30
18
56
96
101
28
-96
-110
60
235
168
-57
-193
-106
100
209
98
-112
-179
-34
153
184
10
-211
-242
23
221
128
-125
-281
-154
111
120
-66
-215
-120
86
128
-73
-174
-73
109
159
55
-134
-154
0
160
194
47
-135
-121
58
184
166
39
-47
-59
1
108
176
105
-33
-71
0
64
88
22
-27
-28
-31
-61
-47
8
38
17
-68
-138
-80
-14
-6
5
7
-41
-132
-122
21
181
45
-192
-246
-83
167
231
5
-270
-236
82
287
131
-163
-283
-62
212
243
5
-195
-90
125
225
112
-39
-51
51
95
31
-1
22
97
70
-56
-79
-36
35
74
-6
-98
-40
-6
0
-58
-54
33
23
-92
-172
-95
92
105
-107
-264
-130
107
144
-46
-162
-85
16
81
36
28
50
11
-39
-17
44
101
71
4
5
44
31
9
44
115
105
-35
-130
-35
168
216
25
-170
-180
35
237
179
-75
-228
-100
157
228
59
-209
-239
-8
185
106
-87
-231
-132
43
76
-39
-122
-68
12
1
-56
-81
-24
74
110
35
-117
-123
54
192
160
-20
-131
-87
46
168
178
76
-57
-87
8
129
204
79
-86
-95
25
136
110
-17
-98
-53
-41
-16
4
27
-14
-72
-100
-29
51
-40
-130
-61
70
43
-150
-214
10
183
73
-167
-226
-52
163
160
-57
-194
-104
77
133
40
-98
-150
-29
160
166
-10
-129
-75
95
213
123
-47
-90
42
164
108
-62
-60
77
112
44
-68
-151
-66
151
133
-33
-197
-188
26
188
107
-112
-238
-170
33
151
28
-132
-190
-91
37
70
-61
-112
-50
37
61
4
-25
-11
56
60
25
15
-13
-9
61
114
104
3
-83
-32
123
212
71
-151
-172
80
298
173
-147
-271
-45
251
251
-44
-262
-133
137
253
91
-141
-240
-72
145
156
-48
-220
-172
2
112
5
-130
-152
-30
102
65
-121
-201
-16
186
184
-28
-235
-126
151
220
107
-60
-118
-45
55
137
182
105
-42
-140
-36
145
238
124
-93
-150
-17
147
174
26
-141
-157
-48
89
112
-41
-166
-80
35
89
-58
-215
-90
140
118
-111
-264
-116
191
225
-89
-332
-201
134
267
77
-212
-243
33
221
132
-112
-231
-85
185
252
29
-214
-141
124
270
120
-94
-98
103
212
115
-86
-141
35
221
167
-75
-199
-116
101
190
41
-151
-217
-61
117
87
-16
-71
-106
-139
-71
59
118
-10
-195
-214
-43
146
115
-101
-212
-93
123
159
22
-72
-65
27
121
89
-41
-86
19
192
178
-56
-189
-25
237
260
-2
-274
-166
202
364
113
-217
-287
-5
284
226
-83
-246
-92
167
223
30
-195
-200
-8
156
109
-101
-222
-125
51
89
-60
-155
-83
28
70
-30
-160
-114
66
142
125
-51
-168
-63
109
176
84
-46
-92
-24
68
131
148
61
-53
-79
18
175
197
9
-145
-47
134
144
-1
-116
-77
26
40
-18
-58
-43
9
9
-71
-86
-78
-24
58
34
-76
-171
-138
63
215
54
-234
-288
-4
240
179
-113
-257
-127
147
250
30
-269
-212
74
273
189
-90
-243
-71
208
247
61
-140
-64
154
233
42
-147
-112
112
252
87
-160
-233
-62
206
204
-49
-237
-185
2
145
86
-59
-138
-170
-67
25
65
14
-135
-206
-63
106
52
-122
-128
20
124
37
-115
-82
92
168
54
-76
-90
25
155
144
23
-60
-41
45
124
146
41
-88
-122
34
208
156
-28
-129
-68
56
102
58
-24
-49
4
28
55
40
-55
-117
-47
48
51
-36
-105
-114
-39
6
-5
-47
-80
-66
-8
12
-46
-40
-4
41
96
24
-67
-87
13
123
159
45
-100
-114
41
201
214
32
-128
-132
70
275
182
-62
-155
-34
92
115
21
-45
-82
-77
-50
30
76
19
-114
-166
-60
81
54
-110
-151
-35
91
13
-171
-137
66
143
-58
-220
-122
89
175
37
-164
-155
15
137
34
-84
-102
-23
123
136
3
-102
-54
71
141
106
21
-7
51
61
39
17
25
62
67
-9
-40
-48
-16
53
41
-24
-65
-109
-83
14
115
79
-94
-242
-182
26
155
68
-133
-236
-101
73
84
-6
-99
-97
6
64
67
17
11
-5
-1
59
60
18
29
17
32
86
53
-20
-2
93
128
7
-113
-24
140
190
27
-138
-142
42
194
128
-67
-188
-62
147
160
3
-138
-154
-6
72
33
-25
-91
-121
-109
-36
55
47
-77
-146
-87
44
80
-10
-88
-15
89
75
-7
-63
-43
66
154
74
-48
-112
0
176
203
74
-99
-126
62
229
159
-28
-106
-41
62
105
66
-1
-78
-162
-96
91
164
8
-196
-205
10
134
2
-154
-127
25
47
-67
-121
-26
93
8
-161
-156
16
165
99
-108
-183
-48
106
115
-31
-139
-91
79
187
92
-123
-168
31
254
228
-29
-169
-32
206
227
9
-166
-98
147
248
49
-198
-248
-15
241
180
-92
-259
-168
54
166
66
-102
-177
-121
-33
31
44
-17
-122
-151
-84
22
44
22
-68
-106
-11
62
50
9
36
43
-1
-20
-2
87
123
54
-8
-53
-17
85
157
97
-33
-134
-54
174
228
34
-156
-156
41
198
152
-37
-182
-96
92
146
31
-96
-130
-72
61
112
3
-114
-158
-74
10
3
-33
-77
-63
-40
-27
-43
-4
30
6
-7
1
10
20
0
18
89
74
10
-62
-43
87
203
116
-39
-148
-22
217
246
27
-164
-92
100
188
86
-102
-152
-14
79
25
-84
-88
-4
30
4
-57
-107
-90
14
67
21
-127
-198
-62
145
183
-85
-301
-170
116
227
75
-143
-215
-44
150
152
-48
-178
-119
84
203
111
-63
-129
-7
121
155
72
-26
-12
53
87
61
12
4
63
55
-24
-67
-77
-1
80
58
-20
-137
-138
-11
85
98
-22
-175
-199
-65
92
114
-31
-230
-220
27
172
23
-137
-149
-9
125
71
-65
-44
54
92
26
-50
-28
86
128
54
11
-14
-32
25
127
159
5
-164
-75
149
230
78
-146
-174
-2
165
182
3
-157
-119
53
173
80
-121
-189
-77
104
138
-12
-165
-186
-50
61
37
-65
-98
-54
-10
-9
-66
-27
44
58
44
-55
-105
-11
117
155
71
-90
-113
10
143
193
77
-57
-84
-11
122
187
67
-54
-46
53
87
41
-7
-25
6
-17
-79
-64
-8
41
22
-51
-126
-86
-31
19
60
-8
-142
-177
-76
80
160
35
-229
-288
-32
229
219
-31
-268
-195
75
206
76
-140
-185
-14
164
153
-27
-137
-37
101
149
104
-19
-46
56
140
102
-17
-77
3
127
122
-40
-163
-113
67
189
61
-149
-195
-79
108
135
0
-154
-193
-103
44
101
42
-114
-217
-112
57
94
-40
-109
-48
22
44
7
19
50
28
-40
-26
43
123
77
-24
10
92
59
-23
-6
118
150
1
-173
-83
171
262
74
-188
-189
56
229
124
-107
-174
-17
163
170
-27
-195
-172
39
159
57
-115
-182
-98
9
19
-38
-82
-72
-46
6
7
-22
-50
-49
30
112
37
-78
-83
17
162
123
-19
-100
-40
79
144
130
34
-37
-78
36
204
167
-37
-127
-32
94
144
35
-81
-85
-36
0
2
11
-44
-42
-24
-33
-51
-106
-55
66
80
-87
-232
-150
99
255
53
-292
-290
12
254
198
-109
-292
-121
186
211
-42
-221
-120
117
241
68
-160
-136
86
204
131
-20
-81
52
162
123
2
-88
-6
132
140
-4
-124
-93
9
100
84
-51
-150
-97
15
54
32
-12
-70
-114
-125
-49
36
72
-28
-179
-176
20
108
18
-90
-119
-23
80
91
39
0
0
12
21
24
27
73
88
70
-8
-81
-27
120
235
105
-146
-211
46
279
213
-47
-233
-159
137
277
98
-159
-180
-17
150
155
-6
-161
-164
-5
129
97
-96
-223
-152
49
99
-52
-185
-118
64
101
-36
-140
-126
10
186
160
-97
-196
-51
140
220
105
-98
-157
-32
147
251
142
-77
-177
-59
195
312
112
-160
-177
15
173
150
-1
-96
-104
-52
-2
39
26
-22
-41
-86
-91
-42
-17
26
42
-47
-142
-147
-2
132
111
-112
-239
-71
128
137
-12
-129
-122
9
101
50
-36
-103
-87
37
147
85
-52
-84
22
114
120
41
-8
40
85
82
3
-44
22
110
115
-1
-89
-106
-9
142
83
-106
-187
-74
79
83
-24
-96
-82
-76
-76
-37
15
14
-80
-167
-72
67
56
-31
-85
-43
11
24
23
46
78
25
-57
-40
44
136
100
5
-26
11
43
47
50
85
61
-52
-88
53
186
143
-64
-171
-60
144
185
4
-168
-135
77
201
95
-110
-232
-85
155
180
-44
-236
-179
20
134
-19
-191
-150
45
136
-7
-197
-145
64
175
119
-90
-203
-21
169
162
30
-78
-45
47
70
73
107
101
4
-93
-48
134
247
143
-65
-185
-71
153
187
53
-92
-175
-110
62
148
23
-169
-157
2
119
-12
-190
-175
29
176
30
-215
-230
22
220
71
-231
-255
-11
239
192
-120
-295
-139
168
232
-17
-228
-171
114
264
121
-152
-194
42
242
189
-22
-118
-3
122
128
60
-35
-50
54
83
26
-41
-117
-40
95
64
-8
-80
-129
-80
8
90
70
-122
-222
-148
73
162
27
-188
-273
-100
146
144
-8
-144
-131
3
85
80
70
23
-73
-61
70
132
61
-33
4
122
85
-36
-69
69
194
107
-116
-136
82
194
107
-91
-156
-12
154
137
-47
-145
-20
139
102
-46
-146
-93
51
125
-3
-145
-149
-31
57
4
-129
-118
3
87
8
-172
-174
23
149
111
-14
-132
-103
76
166
91
-47
-69
12
78
93
66
37
52
49
11
4
73
96
52
34
37
-21
-33
12
78
63
-40
-164
-132
81
149
46
-116
-215
-128
49
96
47
-80
-162
-146
-41
115
167
-30
-277
-260
28
267
180
-123
-275
-111
158
214
0
-206
-189
30
213
189
-30
-195
-87
144
229
106
-66
-69
83
139
93
-13
-32
27
108
60
-25
-101
-99
15
134
63
-56
-132
-103
-5
76
74
-35
-171
-190
-51
95
102
-58
-197
-172
1
91
32
-49
-87
-69
22
81
94
32
-57
-81
31
151
136
-20
-77
21
152
113
-24
-89
20
159
110
-68
-124
50
189
99
-59
-142
-38
166
142
-21
-153
-122
75
211
109
-153
-259
-63
163
174
-29
-262
-251
-3
166
72
-117
-202
-88
91
83
-58
-143
-87
105
176
27
-112
-113
23
153
134
1
-75
-56
32
129
171
78
-61
-140
5
227
259
32
-168
-129
72
167
97
-51
-114
-89
-22
55
41
-50
-87
-66
-4
45
-40
-118
-69
26
13
-95
-152
-8
159
59
-166
-227
-69
136
190
7
-176
-157
21
141
70
-98
-151
-44
144
211
54
-170
-146
70
228
178
-35
-101
49
143
85
-30
-42
57
131
62
-73
-154
-90
118
167
22
-162
-189
-31
79
78
31
-69
-185
-166
-42
83
116
-51
-214
-156
6
103
41
-91
-128
-31
58
70
46
19
-21
-32
54
89
59
-26
-6
78
105
36
-36
-4
101
135
10
-130
-63
144
215
62
-147
-151
53
181
83
-71
-118
0
132
120
-35
-183
-117
69
128
7
-154
-141
-9
50
-62
-125
-61
45
56
-68
-156
-106
48
145
85
-29
-118
-81
55
132
129
41
-82
-94
-6
131
218
123
-55
-157
-48
171
267
87
-145
-140
87
191
85
-113
-114
21
79
-1
-94
-85
-34
17
16
-30
-75
-128
-78
68
104
-36
-205
-203
42
196
56
-197
-225
-29
188
173
-90
-266
-142
137
239
31
-195
-221
19
239
211
-62
-222
-72
162
228
89
-73
-30
91
125
47
-48
-26
76
113
46
-60
-158
-62
101
126
23
-125
-216
-73
132
156
-2
-198
-230
-79
117
123
-49
-209
-187
24
124
36
-98
-109
0
76
20
-55
9
103
62
-41
-56
42
109
79
25
22
30
4
0
64
149
103
-90
-162
14
225
217
-25
-215
-121
136
226
58
-154
-127
76
157
52
-102
-174
-59
136
135
-81
-209
-132
22
83
-54
-127
-96
-17
54
18
-110
-116
-12
111
156
37
-146
-154
46
210
167
-36
-168
-93
94
228
194
-4
-125
-73
74
214
152
-38
-142
-10
151
144
-11
-103
-58
32
16
-38
-51
-44
-5
20
-42
-52
-78
-89
-21
50
28
-92
-143
-78
86
144
-39
-244
-186
95
238
84
-163
-245
-41
183
182
-59
-227
-90
124
241
81
-150
-135
57
208
183
-17
-105
26
161
143
-25
-116
-3
191
181
-21
-223
-199
92
279
125
-165
-314
-155
172
255
32
-250
-280
-86
124
161
-10
-156
-210
-92
69
85
-34
-113
-82
-18
60
82
11
-32
-5
40
69
33
-1
-3
44
111
127
-10
-117
-42
178
265
16
-261
-193
175
373
147
-182
-271
-45
226
217
-14
-212
-106
105
198
74
-142
-245
-65
174
171
-66
-252
-200
40
159
-7
-221
-197
39
181
56
-219
-262
8
273
238
-50
-287
-141
179
259
74
-120
-122
21
129
155
94
5
-19
-14
31
112
139
45
-56
-77
38
128
85
-15
-91
-91
-20
22
32
-19
-42
-59
-32
-8
-70
-110
4
108
17
-184
-255
-14
244
165
-207
-359
-92
258
273
-53
-313
-211
137
277
53
-240
-216
70
240
168
-74
-190
-53
172
238
93
-117
-110
114
253
111
-150
-175
91
278
136
-152
-269
-101
175
234
-10
-199
-186
-27
122
105
-33
-156
-159
-76
9
51
45
-69
-212
-142
52
90
-21
-102
-80
-16
66
50
11
0
21
6
18
48
46
5
16
70
97
38
-46
-15
115
150
9
-123
-63
139
195
69
-110
-157
-12
161
188
-7
-166
-145
77
240
89
-175
-237
-22
166
117
-81
-225
-140
47
84
-43
-117
-93
6
38
-54
-81
-18
43
54
30
-35
-51
34
71
71
29
0
-6
-29
23
157
174
32
-114
-89
108
259
145
-83
-145
25
156
83
-56
-77
21
23
-77
-89
40
73
-22
-139
-158
-1
60
24
-53
-93
-92
-89
-35
28
105
38
-178
-242
-6
230
156
-110
-274
-133
163
253
17
-260
-230
75
313
188
-140
-247
-7
238
221
10
-113
-13
141
151
10
-110
-19
167
158
-15
-131
-141
15
181
89
-106
-177
-106
64
111
5
-90
-128
-93
-41
-1
25
-17
-97
-137
-53
38
14
-65
-79
-17
33
13
-19
14
98
79
-23
-68
-32
96
187
99
-50
-105
7
135
141
62
-16
-62
-20
114
144
71
-48
-99
-59
91
166
39
-120
-94
41
132
96
-51
-165
-138
44
153
52
-121
-177
-78
12
8
-60
-72
-35
2
-26
-84
-83
28
77
38
-24
-55
11
65
60
16
6
23
-9
1
51
118
113
25
-66
-50
73
194
124
-5
-42
6
19
6
31
53
2
-134
-172
2
198
105
-159
-262
-63
143
83
-113
-178
-52
51
-10
-104
-76
46
56
-82
-170
-58
105
113
-11
-151
-123
65
149
2
-116
-91
37
108
84
-9
-28
-15
10
99
142
105
46
-46
-32
36
106
123
58
-44
-76
-10
-10
34
76
22
-59
-117
-88
8
62
15
-46
-102
-108
-71
5
30
4
-92
-172
-92
62
55
-64
-86
-22
29
14
10
30
35
37
-7
14
11
5
25
89
132
75
-76
-95
32
219
197
-106
-260
-46
285
288
-11
-232
-204
82
254
135
-123
-210
-3
201
156
-76
-228
-123
119
160
-37
-192
-172
-2
85
-6
-130
-159
-22
85
32
-89
-136
-27
84
140
40
-119
-140
9
162
195
45
-126
-125
11
181
204
54
-85
-111
4
209
261
16
-175
-76
78
143
88
-48
-113
-69
-7
39
40
-32
-77
-81
-8
27
-55
-143
-61
73
64
-110
-229
-90
175
207
-77
-322
-187
145
252
80
-193
-227
-35
177
158
-37
-140
-96
40
146
99
-45
-100
15
122
150
40
-15
46
92
55
-21
-35
46
123
62
-51
-100
-63
69
103
0
-84
-99
-40
22
15
-19
-32
-66
-85
-87
-46
40
13
-113
-174
-14
101
-6
-121
-105
10
125
57
-66
-50
60
122
66
-74
-85
43
183
137
-3
-82
-44
81
174
113
-45
-138
-31
161
192
32
-116
-135
14
172
120
-44
-122
-49
87
136
21
-145
-160
24
164
78
-150
-221
-97
97
88
-88
-189
-114
47
114
-21
-176
-137
67
184
155
-88
-237
-70
178
236
75
-145
-149
40
172
176
67
-52
-48
20
119
155
65
-49
-20
52
80
1
-26
27
50
-24
-131
-109
52
122
22
-149
-180
-17
65
-5
-100
-51
-4
-44
-90
-65
55
89
-72
-184
-108
93
140
18
-114
-150
-37
92
135
23
-138
-170
11
224
188
-61
-189
-76
176
278
106
-106
-127
52
168
109
-26
-55
5
69
79
-14
-118
-49
54
85
9
-134
-186
-50
136
173
-28
-262
-268
-38
180
166
-77
-318
-245
109
246
37
-203
-212
-4
153
113
-9
-52
13
48
49
28
-15
38
59
99
64
-21
-37
46
140
117
-48
-148
-23
210
236
6
-208
-162
88
250
97
-147
-176
26
207
133
-80
-195
-105
92
152
-28
-168
-145
-13
47
-27
-132
-95
28
66
-16
-156
-166
14
160
121
-50
-176
-67
156
192
55
-119
-96
65
138
67
-4
17
89
76
-7
-36
59
133
97
24
-31
-57
-24
60
105
12
-131
-166
-21
134
109
-93
-191
-94
70
34
-118
-95
26
48
-82
-189
-48
163
112
-135
-285
-100
177
235
-9
-250
-196
49
202
103
-124
-190
-38
167
206
25
-159
-99
86
195
140
-27
-75
34
136
112
-6
-72
5
116
88
-38
-126
-63
92
147
-8
-163
-162
-7
94
75
-57
-127
-132
-35
31
11
-44
-94
-110
-64
29
10
-33
-57
-21
9
-6
-20
56
123
48
-61
-77
21
122
91
25
7
59
42
-4
10
105
139
-22
-139
2
186
146
-33
-123
-53
88
126
16
-82
-23
49
40
7
-14
-31
-63
-69
5
64
19
-111
-196
-108
46
115
-12
-140
-159
-46
49
61
-5
-90
-19
74
28
-26
-25
44
110
69
-17
-71
-23
97
164
125
15
-96
-60
102
189
122
-13
-75
-35
50
98
42
-41
-77
-63
-33
29
43
-35
-65
-64
-66
-19
-18
-30
-24
-21
-62
-108
-52
64
88
-42
-174
-114
38
114
5
-72
-68
8
28
-4
-35
-34
-31
24
88
73
-31
-49
25
87
111
87
-8
-18
40
93
122
15
-76
1
109
83
-63
-132
-49
140
123
-76
-182
-120
27
109
46
-82
-154
-117
-51
10
60
18
-124
-185
-80
52
74
-9
-71
-96
-50
22
88
90
14
-68
-75
68
182
110
-88
-134
76
223
105
-91
-115
60
210
101
-98
-124
36
188
166
-31
-188
-130
119
223
46
-163
-145
70
177
83
-167
-233
-12
201
114
-127
-276
-130
104
95
-88
-174
-74
98
67
-140
-176
-8
164
156
-16
-182
-111
91
218
112
-73
-149
-1
141
168
55
-14
8
32
44
70
99
37
-5
15
40
31
6
-20
29
27
-54
-146
-64
86
100
-48
-165
-99
18
31
-27
-90
-52
-15
-42
-53
13
38
-43
-137
-81
41
106
14
-145
-145
22
167
97
-96
-209
-77
128
218
77
-141
-151
19
176
197
57
-44
-24
75
124
51
-52
-29
87
124
-9
-136
-88
81
149
-13
-133
-116
-32
50
28
-7
-67
-94
-82
-40
-20
5
-13
-95
-116
-45
5
-5
-10
-16
-21
-27
-26
20
96
104
7
-97
-52
62
140
92
-14
-13
32
71
87
68
36
-19
-32
-12
88
149
38
-99
-75
39
150
92
-59
-156
-56
144
190
15
-206
-184
46
186
49
-142
-189
-79
80
56
-136
-180
-24
113
56
-130
-212
-49
160
183
14
-181
-144
85
215
123
-53
-147
-24
133
127
65
7
30
42
18
28
73
109
49
4
4
30
50
16
-24
6
21
-95
-103
3
79
35
-81
-136
-71
-2
-4
-25
-23
-27
-83
-121
-20
115
78
-111
-227
-105
110
165
32
-167
-182
-5
157
97
-74
-147
-55
105
175
48
-105
-98
33
174
152
11
-44
19
75
78
41
33
11
3
3
42
34
-69
-55
49
58
-4
-94
-130
-29
74
86
-27
-178
-194
-54
107
106
-50
-210
-176
-8
99
28
-66
-69
10
11
-19
23
94
74
-46
-98
25
157
117
-31
-50
73
119
23
-56
27
134
66
-92
-85
119
215
62
-127
-161
15
176
135
-46
-147
-45
111
129
-2
-151
-136
15
112
52
-85
-178
-143
12
99
-18
-136
-152
-11
87
9
-118
-119
15
145
139
-100
-213
-22
211
247
13
-173
-137
72
225
169
-10
-89
-2
100
103
74
17
2
26
58
16
1
-11
1
44
-9
-86
-71
-15
5
10
-23
-79
-67
-66
-52
23
33
-54
-135
-107
63
163
7
-229
-226
21
186
121
-86
-209
-70
117
148
-12
-145
-118
23
144
138
-9
-88
-49
51
145
169
52
-60
-49
36
153
123
-10
-66
-29
54
93
25
-113
-84
20
72
59
-65
-173
-118
57
171
30
-221
-284
-67
197
189
-111
-341
-208
140
208
-11
-210
-175
59
189
78
-81
-82
35
113
64
-24
-29
40
114
120
14
-81
-44
116
169
63
-85
-105
41
210
132
-86
-160
-36
136
160
4
-124
-97
70
142
59
-78
-159
-67
77
68
-13
-90
-129
-77
-8
13
-56
-91
-74
7
21
-59
-91
-16
58
98
26
-83
-83
41
109
74
44
15
-12
-41
11
136
166
74
-70
-128
27
233
240
-8
-183
-68
114
154
49
-84
-117
-67
-7
63
90
-49
-154
-138
-22
121
35
-143
-174
-59
65
62
-58
-119
-34
43
-22
-91
-81
6
84
56
-66
-137
-40
98
98
-29
-154
-113
121
236
75
-169
-168
77
303
229
-62
-209
-32
194
210
-4
-144
-46
131
146
15
-146
-117
37
114
48
-96
-178
-83
69
115
25
-133
-201
-148
31
142
47
-154
-230
-86
101
73
-78
-126
-58
69
92
21
-31
9
35
14
8
63
56
13
15
89
77
10
-60
5
146
157
-29
-178
-20
240
196
-31
-197
-112
120
201
54
-132
-168
34
208
130
-103
-233
-80
123
114
-70
-182
-87
55
52
-134
-187
-47
110
89
-79
-199
-113
77
200
92
-94
-209
-46
179
232
44
-144
-109
91
151
38
-19
48
124
86
-42
-41
84
145
97
-10
-61
-45
26
74
92
-20
-162
-166
44
183
48
-179
-222
-33
133
61
-115
-168
-54
29
0
-34
-28
1
-90
-130
-40
70
94
9
-125
-144
5
129
90
-91
-168
-60
134
192
46
-116
-110
51
166
147
30
-57
10
132
104
-15
-36
47
134
79
-43
-108
-89
50
124
34
-68
-125
-109
8
93
38
-75
-147
-136
-31
50
61
-43
-192
-171
20
112
17
-84
-110
-31
35
65
29
21
6
-29
1
68
93
30
-16
45
125
60
-48
-45
80
161
54
-118
-98
123
253
75
-145
-178
25
241
144
-117
-231
-21
213
194
-32
-219
-203
28
211
98
-135
-229
-134
65
134
-15
-200
-204
-21
153
74
-114
-178
-68
112
229
29
-208
-162
99
237
145
-59
-126
-59
100
195
128
-15
-76
-24
69
160
144