#4
297
65
-247
-307
-99
151
214
-15
-299
-238
129
327
125
-239
-309
51
336
150
-171
-223
8
203
146
-60
-115
-38
17
53
58
-39
-139
-105
39
97
-74
-247
-151
96
137
-74
-225
-115
64
33
-138
-180
-38
-14
-117
-134
-67
-42
-146
-218
-99
87
43
-206
-286
-30
201
87
-172
-196
-6
133
111
19
-72
-113
-25
97
153
59
-131
-190
29
223
109
-130
-192
-10
155
53
-147
-183
-27
85
23
-97
-138
-110
-127
-57
85
-15
-209
-202
-24
83
-40
-221
-173
19
73
-101
-229
-102
112
92
-81
-197
-15
145
67
-102
-106
35
87
-13
-30
1
-27
-36
32
125
87
-36
-92
25
160
115
-18
5
65
48
-35
-20
107
102
-113
-251
-47
203
155
-185
-338
-82
214
127
-166
-312
-147
123
161
-9
-186
-213
-116
55
184
63
-233
-282
39
328
158
-253
-333
56
385
231
-146
-277
-35
213
210
15
-71
-52
1
74
145
121
-53
-149
-36
149
129
-51
-125
-40
25
-1
-62
-73
-38
-37
-24
12
35
-54
-181
-137
68
112
-118
-280
-137
137
102
-206
-365
-119
192
129
-159
-281
-124
95
157
52
-87
-151
-114
66
284
184
-145
-314
-48
321
323
-57
-341
-171
225
322
42
-187
-166
-13
106
130
21
-137
-163
-46
141
90
-169
-290
-102
199
169
-182
-361
-131
154
132
-140
-250
-104
9
-11
-10
23
-48
-180
-131
91
219
58
-201
-180
122
227
30
-194
-122
99
168
25
-56
-22
39
61
67
90
62
-13
4
127
159
18
-95
-2
155
115
-95
-164
-21
119
34
-98
-111
-24
8
-55
-98
-26
-1
-96
-133
45
131
-65
-280
-139
165
212
-81
-318
-122
236
204
-105
-217
-10
217
152
-43
-98
3
56
95
101
16
-35
-14
76
167
79
-113
-105
112
213
4
-176
-83
111
91
-76
-126
-41
19
-20
-44
29
52
-69
-196
-125
87
120
-79
-238
-138
55
42
-134
-218
-103
17
-8
-61
-78
-68
-86
-15
110
116
-90
-227
-52
290
301
-90
-371
-130
326
399
31
-285
-231
83
278
182
-36
-146
-119
25
156
91
-99
-182
-30
137
80
-164
-240
-19
153
38
-210
-225
23
122
-36
-193
-139
7
20
-82
-74
0
-26
-91
-43
82
65
-51
-108
7
156
68
-90
-65
50
62
-32
-36
91
106
-16
-105
32
215
163
-52
-83
88
210
94
-57
-45
75
114
7
-58
-49
-3
30
20
6
-117
-181
-56
156
150
-136
-345
-165
215
274
-70
-422
-237
191
271
2
-247
-176
102
177
24
-128
-79
51
152
135
-1
-105
-58
94
230
130
-122
-133
79
234
126
-60
-57
67
127
13
-79
19
93
-1
-141
-70
117
93
-102
-188
-34
154
78
-103
-176
-77
35
72
7
-97
-173
-140
-27
69
-2
-199
-231
11
161
-36
-271
-169
193
297
-41
-292
-110
226
255
15
-182
-111
96
213
144
-11
-111
-127
16
229
210
-24
-213
-122
131
213
-9
-191
-103
84
84
-98
-164
-36
57
-40
-125
-90
-15
6
-72
-107
-56
-39
-76
-48
-5
-21
-94
-67
14
79
-21
-173
-49
152
143
-12
-86
-4
75
-2
-79
11
178
139
-107
-163
54
250
165
-78
-114
95
244
156
-41
-67
44
108
83
24
-77
-150
-46
148
201
-35
-303
-270
79
301
78
-299
-346
-15
228
154
-108
-237
-153
25
123
102
-47
-193
-108
135
243
41
-225
-175
147
308
150
-102
-177
38
239
130
-41
-42
39
107
81
67
45
13
-18
6
75
30
-44
-46
11
19
-47
-92
-4
68
-7
-101
-79
65
50
-116
-148
-15
106
-47
-229
-142
56
58
-156
-259
-46
138
45
-214
-237
40
231
117
-123
-175
-26
96
119
120
14
-116
-91
127
269
88
-209
-192
131
326
105
-189
-169
59
176
59
-106
-118
-7
49
21
-20
-76
-144
-142
32
150
-11
-245
-195
11
114
-10
-159
-135
4
8
-79
-48
46
14
-115
-138
65
215
69
-160
-101
129
206
-13
-184
-57
147
147
-2
-64
24
80
55
97
113
47
0
37
176
151
-20
-133
21
244
167
-186
-307
-37
290
227
-139
-354
-143
154
169
-34
-202
-185
-45
106
128
-64
-246
-164
72
216
34
-224
-161
148
199
-37
-220
-59
257
266
-75
-227
-10
245
209
-43
-153
44
185
98
-4
9
50
46
8
19
82
66
-53
-73
44
61
-50
-94
-20
37
-21
-83
-22
48
-15
-107
-72
64
48
-132
-188
-37
84
-36
-217
-189
24
96
-53
-171
-80
38
2
-4
34
48
-56
-103
31
203
187
-73
-206
-3
256
224
-48
-209
-69
175
216
35
-71
-49
-14
50
91
43
-114
-163
-4
191
94
-233
-303
-5
229
125
-211
-322
-64
177
52
-130
-144
-41
-22
-50
-25
23
11
-88
-141
-9
139
99
-56
-54
71
68
-14
-41
14
48
-11
-18
78
122
19
-73
1
166
189
20
-57
65
146
80
-12
11
76
53
-44
-30
31
0
-87
-43
65
36
-119
-174
-26
128
20
-221
-208
68
233
7
-297
-215
57
178
50
-118
-114
7
75
67
25
-18
-33
9
127
200
9
-207
-86
240
288
28
-215
-116
218
305
37
-148
-79
63
133
102
-6
-62
-65
-63
47
113
-28
-219
-128
146
204
-64
-250
-142
111
147
-69
-217
-122
41
44
-98
-163
-126
-31
9
22
-30
-149
-191
1
245
193
-138
-272
-34
265
266
-32
-229
-82
182
213
55
-71
-87
-9
104
175
82
-77
-155
3
196
123
-153
-230
21
242
113
-225
-349
-35
237
115
-134
-257
-154
74
113
-28
-142
-176
-113
14
97
16
-159
-157
25
137
16
-117
-38
123
90
-51
-77
58
133
20
-133
-70
159
200
16
-145
-31
192
195
-17
-87
68
210
152
-7
-83
13
143
127
5
-131
-155
23
219
126
-157
-299
-97
228
219
-158
-381
-124
288
255
-138
-380
-160
172
220
-14
-198
-123
64
102
47
19
-25
-62
26
149
153
4
-119
-18
180
174
-11
-54
72
146
55
-60
13
142
109
-47
-66
52
93
22
-31
-19
-11
-106
-99
73
133
0
-162
-99
79
87
-85
-185
-49
81
15
-144
-163
-37
18
-92
-154
-36
59
-45
-199
-85
184
181
-56
-219
-83
143
192
67
-55
-76
-2
106
177
135
-51
-216
-94
207
323
85
-223
-236
90
308
95
-222
-179
17
137
63
-77
-178
-128
-11
105
82
-115
-234
-112
66
110
-44
-213
-163
28
129
-4
-136
-92
9
35
2
26
79
-46
-120
24
209
156
-134
-224
20
267
169
-100
-139
39
157
109
20
43
116
100
22
20
81
74
34
60
64
-12
-130
-103
111
189
-37
-261
-201
128
234
-13
-268
-213
51
157
68
-110
-180
-90
9
83
86
-44
-171
-82
145
199
-6
-206
-118
204
271
19
-152
-76
135
187
55
0
20
11
16
83
158
109
-69
-143
-3
230
151
-108
-174
-24
97
71
-56
-135
-74
37
82
45
-50
-163
-164
29
178
43
-236
-268
-15
144
11
-246
-237
10
140
-18
-207
-136
28
96
75
3
-42
-81
-52
94
232
124
-181
-202
108
356
168
-227
-285
97
378
188
-132
-210
-31
137
157
11
-129
-124
3
116
71
-102
-229
-130
111
188
-48
-319
-192
125
188
-43
-232
-173
39
71
-37
-58
9
-55
-127
36
155
82
-106
-145
47
221
94
-134
-127
68
163
60
-63
-17
98
93
17
49
128
92
-11
-13
141
202
26
-122
-6
185
148
-100
-213
-27
192
115
-115
-194
-85
36
64
7
-87
-125
-110
21
124
3
-184
-191
-1
156
95
-112
-178
4
165
80
-71
-68
64
111
58
44
21
-18
9
83
128
93
-38
-74
104
201
88
-121
-103
121
217
11
-155
-81
94
110
-39
-128
-73
25
22
7
-2
-33
-98
-78
54
95
-46
-209
-150
42
76
-55
-185
-149
7
34
-66
-93
-49
-22
-33
37
86
22
-81
-80
55
222
155
-123
-187
61
286
179
-81
-170
-36
149
199
107
-2
-109
-111
54
186
68
-134
-187
-10
174
68
-183
-231
4
161
46
-186
-212
-25
61
1
-72
-120
-85
-59
-21
23
28
-60
-176
-17
162
60
-101
-106
73
172
41
-123
-93
61
153
48
-20
-20
12
46
87
124
94
-64
-81
106
288
188
-95
-173
40
269
149
-116
-190
-40
91
87
1
-94
-126
-67
58
111
-38
-239
-203
51
249
79
-248
-297
-8
214
114
-114
-165
-22
118
83
-21
-68
-33
85
158
116
-38
-150
-28
234
263
14
-170
-71
174
250
88
-93
-62
86
120
16
-52
27
65
-12
-77
-35
26
11
-58
-57
40
61
-53
-117
-39
46
17
-91
-116
-32
-10
-81
-74
-56
-95
-137
-57
69
36
-145
-182
13
213
128
-161
-206
52
242
135
-90
-119
48
176
110
-17
-14
8
-22
28
137
125
-6
-111
-35
84
58
-31
-75
12
77
8
-139
-147
-12
22
-8
-27
-49
-84
-108
-63
20
-9
-106
-130
-77
40
52
-38
-105
-60
54
15
-18
30
46
5
-32
37
129
37
-133
-88
106
190
56
-96
-22
152
138
-17
-53
101
241
94
-105
-66
119
219
110
-43
-85
-56
-3
59
99
2
-149
-181
-18
160
100
-158
-265
-90
137
164
-30
-185
-154
-21
80
131
15
-162
-186
44
240
179
-136
-264
18
349
274
-107
-273
-43
268
272
-1
-130
19
119
100
58
27
29
-6
-5
51
98
43
-52
-62
-10
23
-41
-47
19
10
-43
-55
0
50
-39
-137
-80
69
55
-109
-212
-128
26
34
-89
-163
-75
-7
-53
-71
-7
55
29
-31
-27
20
22
-7
51
139
29
-121
-39
203
258
-19
-272
-147
242
362
25
-243
-138
147
198
-2
-123
-75
34
32
-27
-56
-61
-70
-92
-4
65
-29
-125
-100
-20
1
-81
-117
-46
35
-15
-102
-50
33
-15
-79
-60
102
153
-14
-141
-14
143
129
-60
-145
1
144
127
7
-37
16
24
51
159
159
35
-61
41
188
170
-49
-143
48
226
79
-187
-192
81
221
48
-211
-236
6
172
60
-160
-228
-68
122
130
-21
-224
-232
2
187
142
-122
-282
-40
292
193
-165
-269
21
358
233
-160
-255
23
268
221
-28
-138
14
168
131
36
-17
-18
6
68
102
42
-39
-35
34
77
-43
-121
-50
71
32
-99
-97
90
126
-77
-244
-108
129
126
-117
-276
-101
113
76
-146
-268
-136
56
111
-12
-174
-170
20
196
148
-97
-245
-54
261
299
-15
-296
-142
287
384
54
-288
-249
119
358
189
-99
-188
-63
105
163
78
-67
-184
-121
134
244
-22
-338
-284
86
311
76
-293
-325
-35
206
104
-168
-235
-103
40
78
51
-46
-182
-134
74
185
55
-157
-138
109
249
56
-173
-149
56
175
140
-7
-56
-44
-4
140
226
97
-140
-109
169
320
138
-161
-209
101
349
163
-229
-296
30
279
150
-156
-254
-130
86
164
33
-188
-272
-76
200
245
-75
-364
-245
120
273
70
-222
-224
69
244
100
-110
-147
-6
129
187
86
-49
-129
-36
224
272
10
-181
-71
193
243
31
-151
-55
171
163
-12
-115
-17
105
30
-90
-61
13
-30
-69
8
89
35
-84
-148
-56
66
55
-74
-124
-74
-30
-38
-59
-95
-96
-91
-17
68
-17
-158
-151
79
243
59
-195
-209
83
312
179
-128
-216
3
250
238
-1
-156
-125
44
204
199
22
-162
-176
97
267
73
-212
-214
67
241
50
-240
-257
1
153
53
-130
-178
-63
8
-2
-33
-85
-111
-60
-8
3
-53
-75
-33
56
50
-66
-84
28
135
108
-77
-141
22
133
40
-39
13
87
53
-26
-11
103
149
39
-50
58
198
149
-40
-85
59
203
113
-73
-154
-53
85
113
34
-102
-217
-117
133
219
-34
-329
-268
59
300
142
-255
-360
-43
238
182
-78
-245
-140
134
218
84
-134
-221
-5
314
328
3
-304
-228
191
457
181
-212
-238
51
284
223
15
-94
-57
28
69
130
83
-86
-150
-39
122
123
-92
-215
-74
165
134
-91
-174
-88
19
52
7
-72
-134
-119
-22
28
-32
-168
-206
-51
125
53
-167
-248
-20
224
157
-96
-209
-31
168
188
58
-88
-103
18
173
188
46
-179
-184
104
336
198
-141
-282
-46
251
199
-112
-233
-55
164
103
-115
-196
-93
2
43
20
-66
-136
-125
-37
58
44
-118
-201
-92
88
82
-67
-127
-41
44
21
-8
-3
28
17
24
64
47
-57
-120
11
206
180
-57
-154
11
183
157
5
-47
70
164
112
25
1
59
92
82
48
0
-64
-103
-4
135
133
-88
-268
-142
151
222
-49
-283
-217
26
174
94
-95
-216
-134
23
144
101
-109
-193
-28
195
182
-52
-207
-47
198
216
12
-120
-44
104
165
94
19
-25
-16
84
161
81
-57
-69
47
152
110
-94
-154
57
157
6
-198
-170
74
183
31
-145
-134
18
58
-20
-81
-72
-56
-41
-17
-32
-81
-138
-129
-22
59
5
-167
-204
-4
171
130
-23
-131
-95
11
131
186
90
-116
-183
56
317
240
-98
-294
-101
271
336
17
-230
-155
81
233
111
-126
-209
-79
105
180
43
-232
-287
-56
227
194
-172
-392
-144
187
174
-120
-296
-150
96
124
-31
-141
-72
-17
36
61
10
-50
-59
27
133
114
-43
-140
-61
114
161
68
-45
-62
19
90
117
104
47
-11
9
121
188
56
-78
-32
132
189
0
-214
-130
117
187
13
-212
-174
11
117
48
-98
-171
-108
34
154
44
-211
-290
-29
253
181
-163
-307
-47
250
196
-90
-225
-33
229
228
-1
-127
-76
73
197
150
-9
-68
-47
86
218
155
-50
-148
-17
191
169
-8
-138
-61
56
60
22
-30
-75
-83
-26
75
116
-10
-194
-203
12
174
71
-176
-235
-66
87
41
-137
-195
-115
18
55
-37
-132
-140
19
180
162
-84
-242
-90
205
293
23
-225
-137
154
295
110
-171
-181
67
243
179
-2
-117
-134
19
174
152
-105
-233
-83
162
163
-85
-287
-146
140
181
-57
-276
-208
58
138
-21
-171
-158
-21
71
21
-75
-114
-86
-32
71
118
-15
-116
-85
98
171
62
-71
-105
-25
72
131
115
-28
-123
-8
181
228
32
-153
-52
219
282
55
-175
-79
206
288
32
-237
-191
73
198
89
-127
-185
-103
36
132
62
-139
-253
-130
159
248
-46
-326
-230
104
240
65
-176
-186
13
163
104
0
-86
-93
37
207
203
-40
-202
-34
266
262
-24
-201
-38
258
261
-35
-201
-36
240
178
-48
-134
-22
116
46
-54
-67
-41
-38
-2
74
58
-62
-142
-65
55
52
-82
-132
-49
17
-11
-99
-139
-95
-56
-57
-12
-17
-76
-147
-68
112
160
17
-151
-115
100
225
84
-114
-144
52
214
197
31
-167
-188
45
313
257
-33
-271
-185
168
364
65
-322
-287
104
335
82
-291
-310
15
215
109
-136
-256
-119
70
105
-26
-194
-203
-53
126
138
-72
-218
-165
77
213
44
-171
-95
62
163
81
-46
-54
-18
21
72
109
49
-62
-41
103
162
66
-32
17
132
170
59
-11
21
67
83
61
32
-43
-86
-40
120
149
-54
-293
-214
138
299
36
-325
-339
39
297
157
-183
-323
-115
115
154
51
-103
-154
-30
114
104
-5
-112
-54
127
189
75
-96
-114
94
186
64
-23
15
65
50
26
76
105
32
-58
-59
55
150
43
-99
-111
-5
49
2
-68
-78
-26
25
51
13
-83
-150
-90
80
76
-78
-214
-156
36
67
-95
-211
-101
50
35
-109
-158
-23
167
113
-95
-161
-42
113
167
101
-49
-118
-17
175
216
53
-138
-165
75
255
149
-77
-154
-4
185
120
-116
-144
24
113
34
-114
-156
-52
54
53
5
-124
-211
-73
103
93
-96
-252
-121
105
137
-71
-187
-114
11
69
76
-3
-61
-54
1
134
143
3
-145
-119
73
221
109
-88
-129
57
202
135
-24
-79
52
171
186
73
-38
-80
20
188
212
-24
-279
-206
163
355
73
-329
-374
-6
330
180
-198
-349
-146
137
220
48
-215
-266
-74
151
197
18
-230
-203
95
272
76
-213
-200
125
316
165
-105
-196
-33
207
231
66
-74
-82
46
205
182
10
-155
-88
145
233
57
-140
-138
23
127
59
-58
-115
-57
-11
11
53
60
-18
-163
-151
37
143
22
-184
-190
-27
54
-31
-149
-152
-49
49
0
-103
-76
-2
56
63
3
-60
-45
31
148
115
-58
-111
30
196
187
-15
-155
-69
116
180
80
-26
-49
-49
-6
54
109
-12
-154
-89
98
109
-110
-222
-115
109
160
-93
-276
-137
70
104
-27
-184
-157
-34
54
41
-11
-89
-140
-5
96
67
-20
-104
-19
131
156
-12
-140
-75
89
113
43
2
-12
-3
65
143
148
30
-66
-18
192
233
28
-156
-31
232
219
-75
-257
-90
164
165
-14
-189
-180
-27
108
93
-76
-201
-160
8
182
112
-168
-285
-90
150
208
-21
-246
-131
139
193
23
-128
-73
106
170
70
-25
-38
35
126
120
61
5
-25
57
140
106
-5
-59
53
98
32
-11
15
36
-7
-90
-22
72
23
-112
-150
49
182
53
-181
-200
15
126
26
-170
-190
-44
48
18
-111
-170
-118
9
74
-35
-170
-157
4
193
195
-92
-297
-114
237
363
44
-302
-225
170
390
206
-166
-305
-69
266
352
76
-236
-265
23
311
217
-144
-322
-124
208
236
-77
-301
-179
65
166
32
-180
-211
-89
19
68
4
-90
-145
-150
-11
105
93
-91
-205
-73
92
124
64
-53
-52
24
74
59
-20
-61
-25
85
175
70
-127
-89
138
275
113
-175
-133
194
378
164
-170
-193
81
302
206
-110
-280
-145
136
258
108
-234
-367
-67
324
266
-177
-457
-224
256
412
19
-442
-381
81
355
196
-199
-330
-111
229
292
68
-222
-259
72
370
271
-90
-282
-131
270
385
31
-221
-119
170
260
105
-66
-74
0
54
100
110
2
-123
-117
28
141
46
-133
-149
-6
120
73
-82
-136
-62
-10
13
-1
-43
-119
-113
-1
39
-74
-241
-188
60
193
-15
-257
-214
78
263
122
-142
-206
1
211
187
-1
-145
-68
117
247
145
-77
-204
-56
228
273
37
-173
-143
75
162
35
-96
-60
64
33
-98
-97
-9
44
-31
-72
-76
-58
-29
-48
-35
-27
-92
-107
-20
45
-12
-107
-96
15
73
23
-105
-64
71
98
26
-21
30
40
-51
-50
55
109
81
-34
-55
46
145
113
35
19
61
81
92
103
41
-40
-1
126
127
-23
-167
-110
93
193
44
-227
-267
28
251
69
-235
-292
-46
205
158
-119
-295
-132
90
166
74
-137
-230
-7
218
169
-90
-243
-76
242
316
61
-196
-175
73
277
193
-57
-103
7
153
149
38
-47
-21
64
122
74
-38
-70
-4
52
40
-46
-118
-60
49
36
-35
-32
7
-34
-91
-38
51
53
-116
-222
-74
120
24
-203
-244
-49
130
70
-143
-225
-50
172
165
-9
-108
-86
19
150
159
14
-143
-82
170
273
82
-199
-187
122
330
142
-162
-218
-8
215
165
-28
-135
-110
18
74
43
-57
-146
-112
0
97
0
-160
-145
-23
35
-26
-118
-70
-15
-38
-87
-50
29
-8
-50
-18
37
51
-29
-83
16
164
121
-97
-178
-10
161
174
15
-101
-41
83
132
111
47
-5
15
120
173
98
-33
-51
86
141
25
-121
-101
63
125
16
-130
-146
-3
70
8
-81
-85
-75
-61
14
45
-27
-140
-125
12
99
16
-130
-95
107
162
-9
-162
-77
139
211
63
-109
-60
91
143
104
-14
-7
51
85
91
57
23
0
36
82
43
-3
-19
15
66
11
-85
-61
-15
14
-23
-38
23
52
-51
-149
-63
91
54
-104
-194
-56
72
-34
-199
-165
16
78
-48
-179
-125
13
67
48
19
-34
-99
-58
94
186
110
-87
-156
7
204
214
4
-168
-138
68
238
180
-16
-177
-132
103
199
62
-172
-188
39
202
50
-214
-241
-39
163
85
-137
-195
-54
23
-18
-65
-62
-64
-85
-74
-17
76
25
-115
-148
3
160
97
-78
-112
23
133
87
-19
-93
-81
43
160
148
-18
-132
-29
167
235
98
-78
-65
139
240
120
-67
-107
84
184
88
-104
-161
-30
120
114
-12
-170
-206
-4
194
97
-191
-310
-93
258
251
-133
-355
-156
156
203
-41
-219
-115
128
155
18
-99
-67
77
132
79
15
-30
-8
115
146
27
-51
4
125
156
5
-76
6
154
122
-54
-60
28
59
39
-52
-60
0
-7
-41
-54
14
70
-21
-100
-73
-7
4
-40
-88
-49
-28
-80
-95
-73
-69
-104
-68
13
-20
-107
-120
19
139
82
-105
-154
-3
214
188
-29
-181
-75
167
244
86
-94
-159
-35
185
236
57
-142
-171
18
223
102
-160
-169
52
178
47
-205
-199
15
117
30
-141
-195
-47
78
31
-76
-135
-114
-40
30
39
-58
-114
-50
33
67
-17
-76
-25
50
92
45
-16
-15
0
5
14
81
121
20
-100
-44
121
190
101
-59
-27
127
197
87
-18
-5
58
118
84
-20
-95
-113
11
144
120
-96
-290
-140
191
221
-104
-342
-201
130
285
57
-268
-291
-26
169
140
-27
-168
-113
44
153
83
-77
-111
39
195
146
-39
-144
-26
219
217
5
-131
-62
135
216
110
-51
-118
-22
106
174
82
-114
-158
2
145
101
-111
-205
-65
107
139
-14
-134
-125
-21
52
46
-36
-159
-182
-40
108
52
-169
-295
-143
158
218
-92
-354
-215
190
340
79
-278
-274
71
328
254
-57
-236
-112
169
321
168
-168
-290
-30
324
318
-19
-267
-146
147
279
48
-195
-177
26
154
69
-110
-213
-127
44
143
61
-168
-288
-86
125
98
-106
-229
-115
70
98
-75
-141
-48
45
51
-19
-36
-1
6
31
63
67
26
-80
-105
53
155
95
-36
-64
6
113
133
67
4
19
65
122
100
7
-23
42
144
128
-86
-235
-77
183
236
-20
-330
-270
94
295
72
-255
-305
-59
166
172
-33
-236
-203
-2
143
98
-85
-170
-52
145
187
-25
-196
-100
175
257
69
-122
-114
102
221
93
-26
-30
45
117
124
19
-42
4
89
118
45
-42
-77
23
84
-8
-87
-62
20
31
-14
-29
-15
1
-33
-87
-63
24
26
-33
-119
-107
-35
-50
-107
-85
-35
-13
-44
-107
-94
22
83
63
-31
-90
-90
13
188
204
-15
-195
-83
185
298
106
-207
-253
62
332
233
-89
-215
-81
154
200
8
-155
-141
-9
126
83
-86
-209
-132
39
126
33
-197
-215
-40
77
41
-95
-167
-95
-21
43
68
36
-151
-239
-11
229
178
-77
-235
-53
246
222
-50
-211
-73
155
194
40
-93
-48
55
121
145
69
-23
-15
108
212
97
-59
-55
83
159
72
-96
-124
-7
119
66
-71
-145
-81
36
86
-2
-128
-182
-86
106
152
-41
-241
-181
57
181
57
-142
-162
36
156
64
-79
-85
27
140
119
31
-26
-38
50
117
117
60
-15
-35
60
143
111
5
-59
-6
97
89
52
-20
-49
-51
30
47
7
-80
-97
-5
81
53
-75
-130
-35
43
17
-100
-121
-42
13
-57
-134
-91
-51
-19
-30
-75
-90
-58
7
50
68
22
-77
-119
26
191
159
-50
-154
-11
188
249
39
-174
-168
70
266
184
-24
-186
-140
127
264
83
-178
-210
-2
167
88
-121
-182
-103
30
86
-2
-126
-111
-79
-29
32
-23
-109
-113
-36
45
15
-56
-118
-45
91
53
-32
-53
-6
80
86
27
-20
-57
-29
53
138
79
-24
-63
33
159
153
16
-53
56
194
182
-6
-107
4
171
239
32
-211
-216
40
239
184
-103
-339
-230
138
291
61
-300
-354
-10
300
205
-179
-370
-133
141
185
3
-161
-146
21
142
116
-39
-133
-37
168
212
33
-194
-135
179
330
106
-186
-169
128
283
137
-79
-117
15
138
106
20
-20
-24
-23
-25
2
46
-12
-85
-84
15
79
48
-47
-112
-110
-23
53
28
-118
-179
-83
57
52
-127
-251
-132
104
127
-103
-253
-83
212
236
-48
-258
-122
171
262
81
-182
-138
106
269
185
-73
-215
-99
189
293
85
-160
-156
38
204
96
-101
-143
-31
104
71
-77
-137
-80
-7
28
26
-68
-143
-104
-20
46
-7
-150
-183
-33
100
81
-80
-168
-107
38
133
24
-67
-64
4
86
117
38
-65
-107
-17
100
171
70
-80
-68
56
149
116
33
24
84
119
76
31
29
35
107
103
-18
-149
-128
74
222
76
-209
-282
-49
231
187
-162
-350
-160
154
252
40
-260
-303
-27
226
212
-82
-344
-187
220
371
59
-293
-277
145
416
223
-178
-331
-28
346
305
-6
-215
-78
196
267
80
-94
-121
14
170
156
39
-102
-122
8
117
69
-43
-119
-71
-12
46
86
52
-86
-192
-90
108
133
-65
-237
-182
43
104
-75
-253
-163
73
133
-57
-248
-152
109
230
59
-168
-176
19
198
207
29
-183
-160
113
362
232
-126
-352
-140
306
423
55
-280
-248
88
286
128
-148
-190
-18
122
117
-87
-202
-103
53
83
-33
-179
-171
27
104
-25
-216
-193
34
172
-12
-223
-146
77
122
0
-138
-89
71
105
39
-8
-3
-2
-23
11
57
63
22
-8
33
73
52
10
33
105
134
101
31
-1
28
71
107
109
35
-100
-124
28
158
59
-123
-159
-40
87
89
-85
-169
-123
7
81
65
-38
-144
-124
-21
61
82
-17
-152
-81
102
143
17
-92
-65
57
164
124
16
-95
-31
124
193
88
-77
-113
66
230
199
-3
-160
-70
143
181
46
-103
-87
21
55
27
-58
-88
-43
25
41
16
-33
-59
-51
-43
-60
-38
-27
-37
-62
-94
-89
-58
-68
-78
-56
-31
-51
-83
-55
-1
77
49
-73
-113
7
181
194
-35
-236
-104
237
351
79
-250
-241
93
317
177
-100
-162
-23
118
129
-5
-121
-122
12
156
99
-144
-257
-104
126
177
-70
-279
-207
38
144
52
-142
-209
-111
37
101
25
-103
-152
-67
99
154
-14
-156
-69
150
211
1
-177
-90
106
167
35
-66
-19
88
100
28
34
62
69
57
81
115
91
41
10
6
49
73
27
-30
-65
-22
63
71
-51
-180
-114
106
122
-103
-270
-148
150
246
-37
-314
-231
56
216
117
-148
-253
-14
212
156
-61
-174
-78
158
220
75
-87
-124
39
214
203
41
-126
-93
115
227
119
-91
-119
43
142
127
40
-95
-117
4
104
53
-74
-123
-53
44
92
20
-102
-104
-37
-15
-28
3
-16
-122
-150
-48
34
-12
-130
-208
-94
102
66
-130
-183
-6
171
127
-70
-151
10
162
131
-14
-107
-8
138
180
55
-76
-94
18
179
157
19
-84
-67
61
125
-24
-126
-50
113
99
-108
-227
-97
126
140
-56
-252
-158
50
104
-27
-162
-163
-48
34
31
-29
-114
-88
16
31
-22
-28
24
47
10
-50
4
91
85
-47
-118
-6
160
151
-23
-117
-4
188
180
10
-83
28
177
174
69
-50
-56
49
156
126
-2
-159
-144
45
169
66
-172
-241
-33
175
111
-133
-269
-133
124
162
-38
-224
-166
-2
116
114
-56
-170
-64
109
132
-14
-145
-89
169
270
78
-169
-175
95
291
165
-110
-133
68
229
131
-16
-70
14
93
75
31
2
-14
-9
-5
-35
-25
-16
7
3
-37
-43
6
47
-12
-94
-99
6
55
-28
-149
-140
-12
42
-62
-171
-150
-7
82
-22
-141
-59
62
87
5
-56
-44
19
117
100
9
-52
-39
91
182
127
-68
-177
-14
227
213
-9
-188
-105
136
183
-21
-174
-107
76
138
-17
-203
-171
-23
132
123
-113
-258
-172
37
142
26
-195
-249
-29
147
57
-144
-177
-19
108
73
-35
-41
-18
-1
26
92
96
-29
-117
-66
78
154
83
-27
-27
9
69
120
127
34
-10
48
129
133
75
-3
-12
59
80
-26
-123
-27
123
125
-56
-245
-162
130
231
-27
-295
-272
30
257
180
-150
-327
-161
117
248
77
-215
-215
39
216
112
-85
-144
-3
171
147
22
-42
15
93
110
42
28
48
42
46
49
61
63
40
-20
1
67
86
11
-19
-69
-69
8
36
12
-31
-43
-2
-4
-51
-62
-6
24
-22
-116
-127
-49
37
0
-146
-187
-78
66
40
-120
-202
-85
115
187
44
-145
-190
-35
222
317
77
-276
-309
93
463
343
-160
-459
-178
353
489
122
-319
-333
30
343
249
-129
-305
-130
130
207
25
-204
-238
-76
158
134
-88
-225
-155
-11
75
-10
-119
-132
-101
5
81
20
-81
-104
-46
48
113
29
-93
-98
74
200
98
-116
-164
28
176
150
-13
-88
-48
77
185
147
14
-50
30
184
173
-8
-74
28
158
116
-57
-152
-49
126
152
-25
-179
-172
9
123
60
-108
-191
-147
55
183
69
-175
-268
-89
95
138
-26
-117
-66
39
56
39
15
-13
27
40
57
76
45
-7
12
67
93
55
-9
10
104
123
43
-32
-2
79
96
22
-65
-61
29
48
0
-39
-46
-61
-47
50
86
-17
-112
-112
-13
40
-8
-75
-102
-57
-33
-61
-96
-96
-56
-23
-28
-79
-113
-68
46
180
87
-143
-202
-3
230
219
-16
-191
-93
194
279
74
-178
-182
59
272
220
-25
-164
-126
49
218
157
-97
-256
-118
171
221
-52
-292
-199
64
207
75
-181
-276
-125
88
158
-38
-236
-194
-1
128
75
-93
-194
-88
108
137
-3
-103
-35
79
107
38
-41
-83
-11
85
105
59
-16
-49
14
147
190
44
-127
-65
187
316
113
-151
-148
103
278
144
-184
-273
-33
247
229
-56
-302
-259
51
298
140
-248
-399
-141
273
313
-34
-354
-296
36
232
134
-105
-212
-66
121
129
14
-77
-53
43
128
122
21
-102
-36
147
197
58
-54
-16
73
106
68
29
18
5
8
37
78
86
-27
-120
-46
71
69
-51
-120
-66
57
116
2
-117
-141
-45
51
54
-39
-141
-140
-34
36
-38
-177
-164
-19
96
9
-170
-164
32
190
122
-93
-175
-50
166
223
46
-158
-133
113
257
157
-99
-215
-20
236
235
-8
-175
-118
128
229
20
-193
-155
55
171
56
-184
-242
-53
129
118
-59
-210
-168
38
75
-49
-156
-156
-32
92
43
-101
-138
-43
27
43
-5
-56
-5
79
86
0
-68
-2
36
39
20
11
27
27
66
94
28
1
58
121
97
34
59
98
62
-23
2
112
134
7
-181
-138
99
218
52
-214
-283
-11
233
121
-165
-299
-121
169
230
-1
-276
-292
-24
222
232
-62
-303
-171
153
286
66
-202
-177
114
279
149
-103
-182
6
224
202
49
-95
-83
60
177
164
19
-102
-71
70
193
101
-89
-168
-47
112
127
-45
-175
-110
60
149
43
-119
-170
-77
40
70
-4
-144
-175
-70
50
11
-129
-188
-110
25
39
-82
-140
-36
85
96
6
-131
-110
55
210
174
-56
-216
-80
207
323
99
-219
-261
70
376
220
-139
-264
-46
219
208
-45
-184
-128
50
139
46
-133
-209
-125
41
145
15
-223
-232
14
158
51
-194
-267
-48
145
94
-97
-183
-110
24
139
76
-58
-65
-10
97
96
-14
-89
-40
75
116
42
-32
1
67
79
65
44
39
42
52
120
178
103
-68
-73
95
235
92
-177
-232
30
262
169
-168
-318
-104
190
213
-84
-277
-207
40
220
123
-164
-308
-124
137
197
17
-200
-168
99
223
49
-174
-129
100
233
127
-73
-125
21
201
193
15
-101
-51
98
190
103
-12
-56
-2
99
100
29
-8
-3
6
-21
-50
-23
30
22
-60
-111
7
95
50
-122
-160
-28
66
34
-99
-149
-52
13
-59
-124
-116
-39
23
-9
-103
-126
-42
82
131
26
-127
-125
58
251
187
-92
-238
-23
284
286
11
-254
-169
157
281
131
-49
-120
-51
61
97
72
19
-99
-122
-4
58
-8
-68
-106
-67
9
-22
-89
-46
-27
-54
-71
-87
-35
3
6
-40
-84
-61
-32
23
71
-6
-55
-20
32
75
65
9
-41
-39
-3
63
89
82
10
-50
-23
73
159
131
39
-12
56
108
93
30
35
81
44
-44
-56
-23
30
39
-1
-41
-79
-92
-18
59
11
-114
-178
-76
123
128
-95
-239
-128
76
142
29
-170
-152
77
185
30
-132
-125
89
222
125
-73
-138
4
220
221
21
-157
-74
185
254
78
-114
-108
53
183
93
-22
-36
-5
-8
-37
8
47
13
-113
-127
33
168
72
-162
-220
-17
153
90
-131
-222
-112
44
77
-101
-225
-134
18
81
-26
-170
-144
27
157
114
-43
-144
-124
77
261
153
-133
-190
35
257
237
-16
-240
-185
157
361
199
-139
-287
-71
242
249
-25
-252
-174
77
199
36
-190
-185
7
103
-4
-170
-147
-12
40
-24
-126
-147
-47
42
33
-71
-109
-52
21
39
0
-48
-19
12
44
53
19
-10
-5
-11
16
31
59
19
-10
47
104
91
34
14
46
119
138
56
-10
28
64
101
55
-30
-93
-51
52
122
42
-104
-185
-104
110
182
-29
-296
-248
76
267
111
-248
-336
-58
239
232
-56
-319
-170
180
327
63
-249
-243
112
351
232
-135
-286
5
320
289
-28
-223
-70
199
288
88
-143
-102
81
176
117
-23
-100
-43
46
81
15
-79
-104
-22
56
50
-31
-56
-43
-36
-56
-24
23
-11
-94
-137
-61
7
-30
-119
-147
-59
31
-13
-114
-128
9
162
127
-83
-219
-93
196
294
65
-217
-201
113
366
254
-157
-380
-128
357
441
23
-334
-240
150
324
73
-213
-185
46
149
15
-132
-115
-13
20
-27
-82
-82
-28
-15
-63
-86
-80
-73
-37
13
-19
-80
-77
-5
1
-1
-13
-17
37
26
2
35
55
15
-46
-44
63
105
45
-1
1
30
78
107
91
29
-1
65
164
140
32
-62
-21
121
200
34
-196
-187
77
260
103
-202
-310
-69
255
214
-148
-383
-212
162
321
64
-299
-344
-21
277
218
-131
-321
-115
245
251
-63
-248
-78
236
261
11
-192
-122
131
250
119
-62
-72
33
142
123
43
-12
-12
51
91
54
-23
-62
-5
68
19
-71
-84
-25
30
6
-31
-42
-3
-3
-65
-88
-28
11
-23
-89
-98
-61
-73
-100
-65
-36
-8
-55
-157
-108
26
106
82
-32
-116
-101
55
196
153
-53
-176
-66
168
274
121
-139
-238
-40
239
246
53
-131
-154
2
157
148
-19
-178
-148
56
150
38
-155
-205
-49
131
63
-115
-197
-111
41
59
-40
-149
-133
-49
57
59
-43
-136
-102
27
124
75
-51
-99
30
140
59
-61
-85
15
86
70
18
-16
-3
61
140
122
12
-76
-6
202
266
65
-157
-108
155
276
84
-204
-199
57
201
88
-151
-246
-85
138
173
-41
-246
-203
12
184
119
-122
-264
-132
88
146
0
-153
-109
102
129
14
-98
-84
52
180
154
-35
-115
-20
132
191
78
-86
-105
98
259
172
-36
-158
-42
181
192
12
-108
-78
63
96
-6
-85
-65
-10
30
23
-8
-42
-74
-25
50
23
-61
-146
-103
21
57
-43
-174
-178
-82
69
69
-51
-202
-194
35
213
169
-70
-253
-134
170
326
115
-204
-235
74
324
225
-64
-226
-110
208
314
84
-161
-168
23
202
161
-103
-237
-82
176
188
-83
-274
-147
100
194
-10
-253
-193
39
113
-25
-155
-149
-38
11
7
-15
-73
-47
-31
-45
-9
46
63
-16
-59
8
79
94
-10
-86
-55
52
151
117
-12
-104
-10
150
190
52
-63
17
139
166
56
-14
27
74
50
10
-30
-26
-12
13
38
19
-80
-141
-36
88
26
-130
-192
-51
146
157
-114
-308
-111
134
166
-52
-204
-87
99
110
27
-34
-19
49
96
57
37
30
9
26
58
40
83
109
37
4
2
76
139
68
-58
-69
61
130
35
-59
-101
-29
49
4
-76
-53
26
81
-37
-116
-63
31
24
-67
-105
-49
17
-15
-151
-192
-78
25
41
-47
-170
-197
-21
188
165
-68
-212
-125
131
253
88
-119
-142
15
183
186
76
-75
-137
-40
153
232
95
-102
-167
-17
172
138
-54
-159
-49
71
67
-37
-117
-110
-37
39
16
-86
-106
-74
-53
-5
-11
-83
-102
-67
9
18
-44
-79
-61
6
61
22
-24
-7
34
35
7
4
15
-13
-10
37
89
84
5
-32
30
122
107
44
21
53
107
104
69
23
31
43
76
46
-70
-103
-4
127
128
-73
-245
-125
110
164
-19
-243
-231
16
226
147
-141
-321
-173
116
251
110
-180
-277
-69
225
278
11
-239
-170
135
301
161
-126
-192
35
251
184
2
-82
-30
96
179
145
-12
-136
-91
84
222
92
-101
-152
-35
102
81
-55
-101
-44
6
32
19
-16
-76
-116
-68
42
78
-55
-211
-159
19
61
-75
-201
-145
8
65
-35
-117
-52
65
85
-2
-111
-49
113
200
55
-147
-124
117
291
165
-122
-231
-9
265
264
5
-170
-140
89
212
74
-114
-125
-29
58
46
-42
-83
-81
-32
26
6
-64
-114
-88
13
44
-70
-171
-121
36
83
-31
-125
-89
-7
46
57
-35
-57
13
67
93
34
-58
-53
14
88
94
2
-52
19
101
113
66
7
32
66
74
100
115
43
-29
23
137
117
-32
-159
-77
149
177
-40
-261
-204
79
250
61
-254
-321
-63
233
236
-56
-313
-268
10
196
173
-52
-248
-150
106
225
77
-125
-163
34
204
179
21
-127
-71
112
201
127
-38
-113
19
190
209
42
-136
-110
99
224
99
-111
-137
-14
89
76
-26
-116
-99
-6
91
117
-20
-184
-172
40
148
16
-165
-181
-49
46
-16
-147
-147
-54
4
-29
-102
-117
-20
103
103
-34
-146
-78
74
197
161
-35
-188
-71
199
315
100
-207
-276
30
355
301
-35
-269
-197
121
312
124
-196
-283
-39
249
211
-112
-315
-181
103
164
-9
-194
-169
-26
45
11
-104
-146
-87
19
18
-33
-49
-47
-87
-38
77
68
0
-54
-36
82
94
-11
-92
-91
42
141
116
30
-51
-27
81
143
103
12
-7
84
139
94
3
5
83
106
44
-89
-97
30
100
55
-48
-132
-125
11
116
60
-131
-245
-144
132
241
20
-302
-282
13
256
161
-145
-288
-61
242
233
-61
-245
-99
201
282
92
-134
-168
88
259
137
-46
-84
41
179
124
20
-34
12
57
27
3
45
71
28
-86
-104
28
116
28
-137
-129
41
146
36
-126
-183
-67
95
81
-55
-169
-147
-43
12
-36
-128
-133
-46
10
-50
-117
-49
100
147
-11
-201
-159
117
294
169
-139
-246
-28
248
296
26
-215
-180
102
325
195
-111
-241
-57
225
217
-77
-255
-101
172
187
-53
-252
-138
87
107
-41
-202
-134
46
79
-50
-163
-136
-50
17
73
-5
-162
-166
-46
98
173
2
-180
-125
89
220
117
-114
-207
-47
142
198
58
-96
-106
48
176
143
-4
-78
71
206
152
1
-52
7
124
172
78
-79
-130
-39
98
159
31
-158
-207
-67
133
168
-30
-255
-267
19
251
184
-150
-353
-165
142
233
65
-191
-241
-1
217
187
-47
-182
-57
156
220
109
-107
-162
61
223
184
7
-124
-46
140
195
111
-37
-89
7
101
106
37
-65
-105
11
98
49
-97
-143
-42
102
99
-49
-149
-65
56
47
-54
-99
-100
-60
-15
-3
-93
-173
-124
-11
39
-29
-136
-134
-15
134
133
-52
-191
-117
121
259
152
-111
-223
-22
242
291
23
-260
-208
138
374
203
-141
-261
-42
227
169
-72
-174
-46
87
64
-53
-128
-100
-7
37
16
-96
-140
-62
21
10
-75
-147
-90
47
60
-77
-166
-37
101
77
-99
-183
-5
204
147
-25
-127
-38
65
57
0
0
63
79
22
-56
2
102
144
103
10
-42
61
192
133
-31
-66
43
176
102
-110
-178
6
186
95
-149
-271
-73
178
177
-95
-277
-194
49
230
104
-182
-284
-105
133
199
-5
-209
-165
83
205
47
-141
-102
99
221
89
-74
-110
33
203
140
-15
-79
8
142
190
66
-71
-81
21
144
142
-1
-89
-56
47
79
11
-106
-93
-1
41
27
19
-24
-77
-94
-38
45
64
-73
-200
-129
51
78
-102
-256
-159
73
139
-32
-251
-194
76
232
126
-121
-236
-74
208
292
82
-234
-213
102
341
232
-83
-284
-112
222
316
90
-122
-161
-9
158
137
-13
-135
-139
3
137
62
-92
-183
-128
37
112
3
-167
-193
-87
74
62
-95
-178
-102
56
98
-14
-137
-157
-21
143
118
-25
-128
-73
90
174
63
-110
-121
7
157
136
-4
-49
8
70
88
78
12
25
90
168
115
-27
-54
77
163
96
-75
-165
-49
147
173
-16
-232
-209
14
214
116
-179
-303
-118
146
228
24
-269
-297
-28
213
179
-70
-264
-129
155
245
25
-181
-151
124
232
109
-51
-112
8
155
179
66
-41
-74
61
182
135
15
-79
-24
77
116
85
-25
-66
-35
20
48
15
-80
-134
-14
148
118
-95
-211
-105
93
132
-56
-221
-146
50
122
-59
-266
-236
9
143
48
-145
-239
-92
145
193
33
-175
-185
7
260
234
-49
-252
-126
205
358
131
-204
-280
-1
319
311
-22
-270
-173
152
303
78
-227
-223
42
211
60
-196
-257
-25
187
120
-157
-289
-104
151
129
-115
-264
-165
56
127
16
-141
-148
-32
48
118
29
-118
-98
35
140
110
-28
-93
-47
69
98
37
-32
-7
55
101
75
24
15
55
84
112
113
15
-12
58
124
118
2
-91
-84
36
110
66
-70
-169
-120
36
160
59
-160
-283
-124
172
275
-3
-340
-296
53
268
167
-186
-319
-33
274
217
-95
-231
-81
195
268
62
-155
-133
117
228
113
-53
-79
76
194
112
-43
-53
21
108
75
27
47
-7
-68
-22
29
22
-18
-49
-43
-10
-8
36
39
-26
-119
-124
-31
57
60
-68
-202
-177
5
87
-29
-192
-168
-45
27
-14
-40
5
45
8
-76
-90
38
179
133
-47
-134
-26
150
227
103
-131
-209
12
269
238
2
-203
-140
133
242
39
-220
-202
101
248
29
-258
-229
20
184
98
-152
-259
-120
62
108
3
-180
-198
-51
102
91
-65
-161
-85
28
84
0
-66
-16
77
72
-13
-45
17
66
19
-31
16
84
98
16
-26
40
109
85
46
36
83
112
80
37
33
61
70
44
-47
-77
-9
60
77
-8
-144
-153
20
147
23
-184
-217
-37
147
123
-86
-243
-121
67
113
41
-76
-141
-60
67
122
38
-60
-65
56
138
76
-7
-35
28
86
100
91
41
-5
27
83
79
26
-13
15
64
90
48
-62
-45
35
29
-33
-77
-43
36
36
-19
-53
-30
6
-33
-83
-70
-7
1
-60
-95
-74
-59
-55
-100
-94
-17
-6
-48
-110
-87
68
157
43
-153
-175
26
248
210
-57
-222
-62
216
299
92
-188
-247
46
345
278
-38
-281
-180
140
312
89
-209
-229
22
189
95
-131
-209
-106
69
110
-68
-187
-111
23
60
-45
-166
-164
1
89
10
-118
-107
4
32
-17
-37
10
68
34
-34
-28
43
41
-18
-31
9
77
61
26
5
29
64
77
49
40
93
108
56
5
10
98
155
83
-54
-163
-78
115
187
43
-172
-232
-44
155
140
-82
-263
-210
36
264
168
-183
-416
-204
232
368
30
-373
-335
104
391
218
-186
-333
-31
329
263
-59
-220
-34
218
199
18
-69
-2
126
145
45
-10
-6
48
64
59
53
19
-19
-11
7
-4
-13
-40
-30
-18
18
41
13
-51
-129
-101
43
104
-30
-188
-163
5
68
-62
-215
-186
-17
121
61
-181
-241
-53
225
227
-34
-274
-221
124
364
207
-175
-318
-38
343
370
12
-315
-238
118
342
197
-105
-227
-46
177
160
-54
-166
-77
87
124
-33
-192
-129
15
81
-3
-163
-158
-39
81
50
-131
-237
-127
47
130
16
-140
-151
-61
50
109
36
-77
-105
9
128
122
-11
-136
-67
78
158
64
-81
-69
69
168
143
12
-48
1
136
198
127
-44
-92
63
227
156
-71
-217
-88
148
207
60
-190
-270
-63
179
191
-83
-305
-226
74
292
135
-244
-359
-88
204
205
-39
-235
-123
75
138
52
-54
-50
48
99
38
7
34
59
83
56
5
20
61
106
76
33
-9
-5
55
100
70
5
-59
-27
56
38
-11
-59
-101
-27
67
68
-23
-135
-117
32
83
-18
-138
-137
-34
54
9
-131
-230
-112
47
80
-32
-177
-193
-63
93
172
60
-139
-194
-27
219
263
12
-234
-154
155
341
188
-169
-303
-64
311
360
71
-241
-263
34
327
243
-128
-314
-123
171
225
-38
-264
-192
15
184
88
-135
-266
-187
53
195
42
-186
-272
-98
147
179
-40
-235
-202
61
248
102
-137
-155
-15
152
164
-8
-134
-89
51
138
143
28
-76
-60
76
176
128
-16
-50
83
199
158
-14
-106
25
192
158
-49
-179
-90
111
179
31
-188
-250
-13
213
128
-153
-301
-141
136
239
-4
-285
-277
33
236
107
-170
-255
-24
207
159
-57
-165
-42
164
217
55
-112
-104
74
219
149
-76
-104
75
236
140
-59
-97
8
114
101
22
-18
19
28
-52
-42
9
43
-15
-81
-66
33
54
4
-91
-96
-33
8
17
-26
-118
-153
-54
27
-16
-168
-153
-18
89
-14
-187
-154
67
183
63
-126
-155
-9
185
202
29
-168
-110
123
267
135
-127
-208
3
251
233
16
-160
-131
56
183
91
-89
-119
-58
37
57
-30
-81
-86
-38
-5
-42
-68
-58
-74
-22
17
-71
-181
-135
41
124
-3
-161
-137
-14
118
89
-73
-104
-13
71
88
31
-12
-49
-23
39
77
60
16
7
16
41
70
72
38
60
127
132
58
-21
-14
75
129
75
-31
-126
-79
64
139
26
-177
-183
-15
143
97
-84
-244
-200
46
227
107
-191
-288
-119
115
186
6
-184
-134
83
170
36
-108
-80
113
184
88
-93
-101
92
204
103
-43
-50
67
169
116
14
-47
-22
95
127
28
-50
-25
53
32
-39
-58
-3
44
0
-86
-57
52
75
-21
-157
-97
38
76
-39
-153
-124
-40
-31
-72
-86
-72
-43
-56
-65
-41
8
27
8
-27
-39
-3
57
87
44
-47
-55
55
162
146
36
-117
-125
55
208
185
8
-134
-108
74
167
5
-145
-83
59
106
-9
-144
-121
16
62
-23
-137
-121
-31
13
10
-62
-152
-109
-24
54
24
-100
-124
-27
21
42
8
-35
-18
-5
35
89
68
-48
-86
0
93
85
14
-4
28
48
49
45
110
111
16
-18
103
183
89
-23
-24
74
97
-4
-98
-67
95
128
-1
-191
-191
26
187
94
-165
-317
-149
181
273
-1
-336
-293
37
272
162
-179
-285
-29
235
161
-89
-178
9
218
171
-35
-147
-46
207
235
49
-118
-92
110
243
165
-46
-140
-52
133
214
97
-80
-132
-22
67
68
7
-64
-105
-57
47
89
23
-87
-148
-92
65
116
-8
-171
-196
-60
72
-7
-151
-172
-61
51
0
-147
-181
-32
150
171
-22
-217
-158
147
325
114
-206
-229
76
345
236
-81
-277
-154
186
340
146
-133
-206
-38
176
166
0
-126
-108
13
70
48
-49
-112
-113
-34
43
-2
-44
-103
-121
-52
39
31
-69
-158
-121
31
76
16
-121
-113
43
109
29
-72
-56
48
100
43
-9
-36
-30
40
83
116
37
-66
-46
95
178
121
-7
-22
97
172
110
-24
-10
99
127
5
-107
-102
54
163
85
-134
-224
-97
116
148
-48
-234
-214
30
221
113
-156
-320
-157
126
228
65
-195
-227
11
216
151
-77
-198
-50
197
240
54
-164
-145
128
284
184
-89
-200
-3
291
285
-9
-252
-115
202
272
54
-188
-171
76
188
73
-133
-188
-41
119
87
-32
-96
-56
-17
27
13
-59
-100
-76
-57
-19
-28
-98
-131
-94
-34
11
-33
-117
-117
40
170
85
-115
-204
-28
228
261
4
-221
-139
155
316
162
-142
-239
-7
249
236
2
-116
-83
47
115
36
-47
-46
39
27
-70
-98
-29
55
-12
-122
-88
18
29
-71
-134
-89
29
13
-80
-150
-87
37
63
11
-98
-105
6
77
77
-15
-92
-37
93
132
15
-99
-52
60
129
79
-53
-45
84
160
78
-47
-25
124
198
98
-68
-59
112
216
103
-134
-222
-42
202
203
-59
-254
-189
46
194
83
-182
-273
-125
135
223
34
-253
-282
-28
194
173
-81
-280
-122
175
241
28
-180
-138
105
214
97
-58
-79
46
160
106
16
-42
-11
93
143
103
14
-52
-19
53
133
134
-12
-180
-95
98
144
12
-164
-149
30
146
69
-111
-160
-6
86
18
-136
-152
-59
71
51
-125
-251
-174
40
161
-1
-237
-263
-8
236
206
-61
-240
-145
124
291
153
-145
-223
-21
230
272
97
-159
-235
-6
280
282
21
-230
-196
111
292
81
-210
-198
42
203
81
-178
-238
-76
107
151
-69
-254
-164
71
113
-18
-188
-194
-17
79
23
-103
-100
-38
9
48
29
-33
-44
-15
16
82
73
7
-87
-26
91
115
-16
-46
16
76
91
69
12
34
90
120
108
56
-5
8
58
110
91
-16
-98
-38
51
89
37
-118
-198
-60
117
117
-66
-217
-174
47
202
110
-184
-310
-147
177
279
14
-303
-247
127
365
117
-233
-234
84
304
216
-64
-231
-39
226
272
82
-152
-140
126
297
157
-97
-188
-4
214
189
17
-176
-114
114
133
-5
-144
-124
58
122
35
-86
-127
-39
48
20
-77
-89
-22
-4
-56
-114
-99
-77
-48
-46
-48
-64
-81
-98
-44
80
127
10
-147
-148
39
225
201
-50
-216
-77
224
309
88
-210
-268
49
369
269
-92
-260
-110
181
249
20
-200
-139
71
158
-8
-182
-182
-37
111
124
-96
-251
-145
58
94
-21
-164
-153
-29
22
37
-46
-89
-57
-14
11
14
26
22
-8
15
44
49
3
-13
-15
10
56
85
67
-16
-46
67
197
137
-39
-96
70
263
219
-47
-175
11
250
210
-82
-274
-132
193
272
-26
-310
-239
88
270
38
-281
-301
-20
245
214
-143
-390
-202
166
235
43
-185
-206
4
188
124
-68
-120
12
120
126
50
-67
-61
79
170
123
-3
-71
6
141
179
42
-97
-72
84
183
99
-73
-165
-28
135
93
-42
-126
-106
25
111
66
-66
-155
-102
40
104
27
-123
-212
-108
52
88
-32
-206
-241
-63
125
84
-128
-241
-114
166
254
23
-240
-238
67
345
244
-108
-295
-95
242
361
120
-237
-282
31
370
324
-22
-310
-214
162
335
88
-252
-262
26
235
110
-165
-259
-112
138
165
-96
-264
-162
41
134
12
-192
-195
-52
66
76
-40
-116
-102
-19
49
56
-5
-15
-38
-8
112
126
-4
-176
-119
133
274
122
-134
-201
4
271
231
-38
-171
3
274
291
9
-179
-71
185
244
11
-209
-177
85
239
95
-154
-261
-109
123
176
3
-234
-238
-51
162
196
-40
-274
-233
-5
207
150
-84
-175
-92
51
108
90
1
-25
-5
36
95
93
31
1
-9
27
116
151
63
-36
-38
73
158
97
-41
-100
28
177
82
-65
-143
-42
124
102
-102
-206
-63
169
171
-37
-204
-176
31
135
39
-149
-158
-72
5
-35
-131
-160
-49
55
19
-122
-172
-20
146
103
-77
-165
-51
152
211
65
-143
-149
100
263
182
-69
-232
-102
208
325
90
-186
-246
22
333
226
-161
-328
-101
253
264
-115
-345
-179
130
264
4
-318
-244
42
179
10
-226
-234
-4
140
50
-149
-222
-33
127
79
-69
-119
-24
118
98
-8
-58
-12
53
44
13
-21
-1
86
66
6
35
64
42
20
71
130
129
67
-12
-27
77
169
101
-47
-137
-80
68
184
89
-180
-282
-79
204
234
-85
-384
-259
145
356
104
-312
-397
-55
261
232
-68
-306
-140
163
196
26
-125
-95
58
156
82
-12
-44
25
114
82
59
43
61
37
26
88
127
39
-80
-66
66
231
102
-126
-173
-17
108
93
-36
-119
-87
25
106
31
-67
-126
-83
27
66
-49
-175
-125
45
42
-109
-231
-140
32
91
-53
-184
-148
71
201
95
-157
-209
-17
223
256
-11
-228
-164
135
350
230
-102
-325
-108
283
361
43
-234
-203
87
290
121
-152
-185
2
107
32
-92
-91
-23
-16
-15
-46
-51
-31
-62
-65
-70
-22
-22
-52
-61
-79
-55
-2
58
-19
-107
-39
63
74
8
-59
0
97
107
-3
-122
-80
87
185
91
-65
-68
49
143
178
75
-35
-24
116
199
114
-39
-68
92
184
36
-173
-140
106
218
30
-243
-226
18
201
108
-171
-299
-106
182
212
-35
-280
-247
20
204
135
-111
-243
-41
171
120
-88
-149
1
186
164
-26
-105
-11
119
142
35
-43
16
114
130
47
-16
-8
39
91
73
-16
-50
41
118
43
-128
-143
9
141
65
-108
-153
7
137
68
-133
-213
-80
101
102
-98
-216
-117
21
11
-107
-186
-94
48
42
-84
-173
-30
191
146
-136
-230
-31
249
263
-8
-232
-155
176
368
176
-187
-315
-40
321
333
17
-236
-186
84
258
120
-152
-225
-31
190
162
-119
-286
-141
87
195
-11
-235
-207
-10
128
47
-151
-222
-103
78
116
-54
-156
-87
-24
49
72
-11
-46
-10
13
68
66
-5
-44
-28
19
66
53
18
7
18
78
137
47
-50
19
159
243
73
-158
-128
165
343
123
-252
-336
-11
334
285
-122
-425
-262
161
349
87
-295
-386
-102
244
284
-36
-338
-290
-1
220
190
-93
-267
-125
157
245
45
-170
-138
64
199
151
-41
-157
-21
202
240
76
-127
-121
81
212
163
13
-106
-62
98
160
91
-36
-122
-60
44
108
35
-108
-152
-28
119
123
-39
-190
-131
50
138
-2
-178
-169
-13
45
-43
-163
-130
-36
6
-25
-121
-111
13
106
66
-74
-112
-13
105
141
74
-58
-94
17
161
168
36
-96
-102
54
179
141
2
-74
-33
50
65
-9
-31
2
12
-49
-71
-50
2
36
-38
-129
-133
0
57
-43
-171
-137
-25
69
-9
-131
-124
-3
78
12
-136
-94
57
111
65
-89
-122
38
185
98
-85
-194
-26
190
212
5
-139
-55
137
186
83
-36
6
133
178
92
-57
-51
99
192
80
-111
-190
-9
193
175
-72
-278
-195
97
248
45
-252
-316
-73
243
281
-40
-389
-296
63
302
196
-201
-355
-71
270
246
-48
-217
-77
190
247
58
-129
-105
108
237
104
-70
-68
63
178
135
22
-37
-13
42
86
86
34
-16
-57
-34
28
53
-3
-86
-80
5
69
40
-68
-105
-32
32
7
-75
-112
-51
-2
-21
-123
-181
-108
35
50
-65
-178
-157
-7
177
138
-75
-216
-91
170
265
91
-184
-222
50
308
287
-21
-281
-192
169
375
190
-136
-261
-77
206
229
-1
-155
-132
6
75
47
-46
-125
-127
-25
52
3
-82
-135
-85
16
27
-72
-135
-109
-5
58
13
-78
-120
-57
79
94
0
-40
-54
25
108
89
-31
-119
-48
109
169
80
-81
-80
51
176
138
10
-24
37
153
203
83
-91
-75
105
227
103
-173
-224
15
269
225
-125
-365
-202
156
282
28
-309
-328
-12
274
221
-117
-384
-251
101
287
140
-197
-309
-62
266
240
-55
-205
-86
126
201
117
-71
-106
42
151
143
41
-61
-32
132
185
70
-89
-79
74
173
116
-56
-153
-57
104
151
-3
-154
-151
11
131
72
-79
-126
-76
-7
54
29
-74
-157
-113
-29
11
-29
-139
-191
-72
61
31
-112
-178
-38
151
158
-63
-218
-97
202
281
43
-194
-149
107
276
179
-71
-207
-55
209
267
71
-113
-122
12
143
87
-6
-69
-55
-15
17
14
-3
-35
-67
-87
-68
-11
32
-19
-112
-154
-68
39
26
-83
-104
-61
0
14
-60
-69
9
54
36
-23
-45
25
94
48
-36
-77
-29
121
124
29
-52
-38
67
158
109
-10
-30
88
177
118
-6
-51
67
190
103
-70
-139
-55
96
141
25
-159
-193
-21
114
73
-76
-186
-178
15
188
138
-134
-328
-167
77
227
82
-182
-185
26
193
120
-97
-167
5
191
184
21
-118
-35
157
144
45
-31
-19
112
189
78
-40
-57
37
130
96
12
-40
-41
19
15
8
20
-24
-71
-56
43
93
-5
-122
-138
-26
92
47
-117
-169
-60
42
3
-106
-187
-130
17
30
-40
-135
-105
22
123
51
-81
-127
-32
133
159
52
-78
-68
50
168
144
2
-147
-96
136
241
122
-71
-181
-61
161
177
15
-140
-148
1
104
46
-94
-149
-108
0
61
-21
-108
-105
-65
-25
30
-22
-125
-185
-80
95
121
-55
-233
-151
87
211
82
-112
-173
12
192
136
-90
-192
-64
164
240
55
-155
-109
122
242
102
-85
-49
148
220
95
-73
-50
120
186
49
-118
-140
11
155
124
-53
-181
-120
27
123
25
-107
-188
-112
54
140
40
-161
-230
-67
127
158
-46
-188
-82
127
159
-13
-144
-79
134
198
80
-71
-106
76
192
118
-9
-65
-6
153
178
68
-45
-73
11
104
138
102
-59
-138
-37
78
96
-4
-125
-82
36
88
16
-101
-134
-7
85
41
-105
-160
-83
16
17
-107
-191
-142
1
81
4
-175
-241
-76
205
256
-6
-299
-218
108
331
197
-133
-257
-49
246
300
84
-197
-242
14
289
277
14
-213
-180
98
260
101
-143
-178
-13
107
60
-87
-122
-76
-4
50
-7
-136
-157
-51
43
29
-80
-170
-142
21
102
44
-121
-186
-84
91
161
58
-112
-144
-9
146
148
28
-124
-129
17
191
168
-12
-131
-44
145
198
78
-52
-8
117
197
117
-47
-50
95
185
85
-93
-159
-5
170
111
-91
-223
-126
109
200
-7
-260
-293
-29
225
186
-96
-268
-162
55
119
45
-99
-128
-27
73
93
15
-25
-17
23
71
75
27
-1
28
42
61
95
72
13
5
73
119
65
-42
-35
42
136
114
-48
-158
-36
72
77
-29
-106
-66
24
29
19
3
-66
-110
-63
17
46
-40
-144
-128
-43
0
-53
-123
-104
-22
-21
-67
-114
-59
89
97
-43
-119
-54
82
179
72
-89
-117
33
202
194
32
-155
-154
68
264
209
-25
-194
-127
124
241
84
-168
-192
-1
154
69
-134
-181
-44
82
89
-67
-192
-124
5
67
-10
-144
-149
-62
36
24
-37
-81
-44
-20
11
15
-1
11
20
10
19
33
23
-17
-30
24
50
70
41
3
30
59
69
51
51
74
109
108
24
-43
21
179
177
-29
-208
-149
105
263
114
-183
-324
-107
176
231
-27
-306
-311
14
287
207
-142
-371
-222
107
265
112
-191
-244
-31
153
153
5
-99
-35
95
123
42
-30
14
84
76
44
49
52
15
22
82
114
76
12
-2
-2
31
61
28
-3
-41
-51
22
55
-11
-88
-65
37
103
-6
-152
-145
10
116
33
-134
-178
-64
19
4
-129
-161
-74
39
3
-99
-122
-20
111
78
-48
-104
-14
101
144
59
-58
-90
25
172
190
22
-128
-119
40
210
180
28
-115
-116
66
159
66
-91
-120
-16
67
20
-89
-123
-44
56
18
-106
-132
-69
-24
13
-48
-137
-102
-41
26
28
-41
-65
-77
-87
40
131
36
-95
-77
46
133
62
-96
-108
21
129
129
8
-84
-17
115
183
74
-71
-45
116
221
123
-37
-85
39
203
206
-17
-252
-169
133
277
75
-237
-320
-53
263
245
-126
-413
-272
131
375
146
-301
-430
-97
265
262
-56
-282
-128
96
145
48
-86
-45
61
96
49
8
11
81
89
13
22
83
97
40
-3
27
97
89
16
-9
0
90
111
0
-82
-90
-19
95
55
-100
-126
25
145
28
-143
-153
-26
77
40
-104
-163
-57
19
-27
-112
-158
-120
5
56
-48
-192
-161
33
205
134
-134
-255
-76
206
284
72
-208
-208
69
344
295
-81
-338
-178
243
413
156
-212
-300
-23
299
247
-89
-273
-137
139
193
-24
-211
-190
-4
149
55
-121
-173
-132
-5
91
4
-149
-189
-105
56
131
-5
-165
-169
-7
153
109
-48
-121
-48
104
145
10
-105
-107
30
166
147
-4
-113
-61
97
183
128
10
-20
50
173
166
34
-56
14
134
119
-8
-91
-63
34
100
88
-82
-216
-100
98
142
-46
-249
-171
63
206
77
-200
-285
-86
121
172
1
-160
-131
14
148
99
-61
-108
11
149
137
24
-86
-33
103
163
114
-24
-65
33
141
147
48
-63
-38
60
127
107
-27
-109
-55
42
70
19
-88
-84
0
42
14
-13
-36
-51
-86
-74
13
38
-43
-136
-103
-39
-32
-83
-127
-88
42
17
-122
-160
-18
169
140
-75
-224
-84
200
291
64
-193
-196
69
303
249
-43
-272
-111
230
335
94
-193
-217
36
255
152
-100
-199
-39
122
113
-63
-182
-133
14
131
24
-161
-209
-101
94
110
-83
-253
-165
51
162
38
-142
-173
-86
94
147
-11
-119
-57
64
133
61
-74
-105
4
134
100
-10
-76
-10
122
173
54
-62
-36
101
208
136
-1
-36
34
151
157
16
-124
-142
15
184
131
-104
-237
-144
114
185
-15
-253
-263
-27
213
207
-60
-308
-264
1
239
197
-112
-317
-148
200
281
60
-207
-195
76
259
188
-37
-175
-18
168
199
75
-58
-52
70
175
156
5
-115
-40
122
176
73
-73
-103
-18
69
67
-27
-94
-71
-1
75
68
-15
-127
-118
-10
53
34
-100
-160
-57
53
9
-154
-202
-67
49
33
-93
-177
-84
96
169
36
-145
-176
28
235
198
-44
-206
-119
154
320
211
-126
-325
-100
310
392
67
-305
-291
105
334
141
-162
-263
-54
178
151
-83
-246
-154
91
144
-69
-213
-142
14
108
0
-170
-203
-75
75
93
-35
-133
-131
-79
59
128
50
-66
-124
-2
165
144
-55
-183
-107
152
243
59
-160
-132
96
256
155
-59
-106
50
207
219
37
-136
-31
185
260
12
-240
-197
93
265
145
-156
-326
-160
173
286
22
-330
-367
-27
304
283
-72
-409
-328
84
381
193
-249
-370
-51
310
246
-146
-285
-18
273
256
-25
-210
-106
205
295
54
-160
-102
106
270
165
-54
-155
-39
181
207
18
-114
-90
62
114
18
-93
-71
-19
30
8
-25
-3
-4
-38
-71
-39
13
-4
-76
-99
-78
-14
-41
-126
-131
-43
13
-35
-152
-136
19
170
130
-105
-216
-72
166
260
68
-177
-147
69
242
185
-7
-178
-169
72
305
236
-68
-248
-107
186
218
-7
-163
-92
49
96
-27
-157
-89
25
25
-53
-117
-28
-1
-59
-92
-92
-44
5
-57
-92
-35
9
0
-73
-98
39
96
22
-54
-59
43
122
43
-67
-67
24
66
65
38
22
26
59
85
47
14
41
123
147
98
10
-35
54
151
133
4
-136
-132
21
146
136
-36
-221
-178
73
214
27
-263
-285
5
276
179
-193
-363
-148
157
230
18
-231
-210
41
237
115
-118
-164
3
178
155
18
-79
-42
92
143
94
10
-56
9
129
151
87
-59
-134
8
185
188
-1
-163
-111
68
120
24
-103
-147
-57
97
133
-12
-133
-129
-43
41
33
-39
-99
-123
-62
-22
-39
-99
-122
-69
15
-25
-130
-142
-25
181
160
-90
-237
-105
173
302
110
-209
-216
67
293
229
-25
-217
-154
148
307
149
-90
-172
-36
158
144
-20
-126
-45
37
12
-55
-39
16
7
-93
-133
-56
45
7
-110
-140
-51
42
41
-105
-176
-90
55
121
-4
-134
-128
-4
125
115
3
-76
-42
45
96
7
-89
-21
83
107
65
10
-6
24
63
93
101
64
60
72
49
35
59
85
52
-48
-73
-6
91
73
-38
-137
-116
11
91
27
-103
-169
-104
15
128
70
-117
-237
-121
65
143
49
-139
-155
-17
133
126
-1
-100
-27
80
139
90
-40
-29
77