#4
-104
67
142
26
-131
-189
-5
192
137
-70
-117
34
181
93
-9
21
110
156
92
27
34
62
110
163
135
-17
-91
22
178
205
-32
-196
-55
129
111
-42
-127
-58
-25
-76
-98
-11
-3
-122
-172
-77
17
-39
-187
-197
-6
73
-64
-173
-79
82
59
-99
-109
28
118
73
2
16
63
29
5
118
235
133
-102
-124
105
299
195
-62
-144
29
164
174
73
-22
-100
-64
71
180
74
-157
-229
-21
224
121
-226
-321
-69
167
74
-230
-321
-62
139
48
-192
-255
-95
59
21
-61
-97
-122
-40
103
122
-6
-159
-112
102
245
112
-93
-85
130
267
129
-74
-24
145
213
133
22
-7
62
138
83
10
-18
-25
25
115
64
-121
-207
-54
141
115
-134
-260
-185
-17
107
34
-125
-195
-175
-83
41
131
12
-195
-253
-53
152
135
-29
-147
-148
5
152
164
34
-116
-99
139
279
183
-57
-145
69
301
242
-60
-148
106
299
151
-76
-69
95
165
66
-57
-36
31
3
-14
45
55
-105
-217
-102
113
114
-140
-315
-148
82
79
-113
-225
-132
1
-14
-88
-32
5
-34
-65
4
29
24
-16
70
134
82
-49
-90
83
298
223
-82
-166
65
271
226
25
-93
-39
85
128
136
98
-15
-134
-78
129
196
-8
-165
-85
64
92
-80
-210
-109
34
20
-108
-161
-120
-64
3
-21
-77
-163
-151
-33
69
44
-108
-176
-41
133
102
-54
-144
-12
98
89
101
88
12
-36
50
187
206
41
-67
29
250
280
-7
-206
-5
251
201
-36
-156
-44
108
65
-53
-97
-67
-39
-30
5
3
-159
-277
-85
148
103
-151
-301
-188
83
141
-14
-127
-114
-89
-66
29
157
57
-162
-177
70
241
126
-144
-142
164
289
114
-107
-32
205
269
54
-129
-36
207
273
98
-57
-33
67
119
103
14
-76
-94
15
155
122
-102
-257
-129
93
118
-82
-257
-194
-19
75
-15
-139
-185
-114
-14
34
-23
-113
-141
-27
141
108
-77
-137
11
190
166
-30
-104
46
186
201
87
-26
-42
50
158
216
145
-56
-141
0
236
244
3
-180
-75
124
160
-12
-141
-79
59
76
-17
-125
-143
-84
-7
37
-84
-242
-210
-7
140
43
-234
-330
-56
185
53
-185
-214
-16
152
74
-52
-71
-43
-15
49
135
181
19
-155
-24
284
320
3
-213
-4
317
322
-24
-214
21
280
174
-99
-147
49
139
61
-94
-132
-77
-7
49
52
-79
-236
-271
-31
234
149
-206
-366
-204
63
168
25
-133
-173
-117
-8
103
94
-52
-165
-75
147
157
-21
-156
-10
243
252
-9
-159
5
244
255
66
-46
-18
76
164
197
99
-39
-78
41
164
168
-27
-165
-97
107
181
13
-137
-147
-92
-29
33
-2
-110
-183
-103
6
13
-119
-208
-94
71
5
-173
-154
71
167
23
-187
-158
115
248
87
-126
-103
86
188
148
98
64
-11
-34
70
186
191
42
-120
-40
160
211
50
-92
-42
58
62
13
30
-8
-91
-83
4
73
-59
-213
-158
59
118
-134
-321
-181
105
144
-142
-299
-132
85
48
-127
-137
-42
-6
-17
25
76
24
-78
-66
73
159
108
-11
-49
83
193
135
5
10
122
159
88
37
43
73
34
8
65
67
2
-48
-13
37
-40
-129
-52
71
48
-98
-207
-177
-29
31
-15
-26
-80
-204
-185
10
164
82
-171
-280
-123
149
210
26
-185
-151
22
110
115
59
2
11
55
130
137
55
-21
71
169
124
-25
-22
178
254
66
-94
-20
129
165
27
-107
-67
78
67
-42
-80
-28
11
-79
-114
-27
-9
-112
-115
-78
-47
-77
-118
-80
-28
-78
-156
-95
92
118
-79
-190
-58
152
170
1
-79
15
97
88
72
90
133
66
-75
13
193
193
45
-44
-14
91
103
62
56
76
38
-71
-84
81
135
-11
-135
-89
34
45
-88
-157
-71
3
-85
-162
-83
9
-16
-149
-168
-90
-9
11
-88
-149
-58
17
55
45
-26
-124
-106
54
166
93
-59
-55
110
213
97
-51
-12
138
194
104
31
45
66
65
74
98
36
-55
-20
83
110
-45
-180
-130
46
137
-5
-152
-156
-99
-92
-38
51
8
-133
-286
-201
90
231
-4
-283
-257
25
183
75
-111
-167
-87
55
162
106
-11
-113
-57
175
276
87
-140
-110
192
361
146
-176
-133
192
383
168
-179
-172
103
279
206
-41
-177
-138
40
196
145
-94
-278
-192
76
221
9
-308
-334
-28
176
65
-179
-304
-161
56
94
-29
-106
-105
-80
18
92
20
-51
-18
102
147
3
-106
16
188
238
86
-100
-43
179
193
62
32
63
34
-7
36
141
138
-3
-84
-52
52
96
-7
-87
-37
25
-14
-90
-143
-51
-4
-59
-124
-128
-104
-100
-49
13
-54
-166
-182
-10
79
-41
-151
-135
15
85
-13
-61
22
77
-16
-57
51
192
128
-48
-46
135
228
120
-55
-8
192
195
15
-50
76
115
14
-50
48
101
25
-114
-130
-1
67
12
-101
-92
-66
-153
-153
27
104
-77
-255
-207
7
132
-2
-173
-130
17
35
-64
-113
13
53
-13
-21
33
49
-14
-28
109
229
98
-113
-69
212
340
86
-164
-107
169
325
186
-53
-105
44
145
141
93
-45
-141
-78
124
215
27
-198
-229
-38
127
40
-143
-214
-96
27
-16
-116
-121
-115
-128
-32
33
-50
-162
-98
55
140
-3
-155
-107
150
251
75
-156
-110
129
246
197
49
-94
-84
91
229
222
83
-98
-93
101
198
125
-46
-85
23
80
34
6
-9
-25
-89
-74
19
73
-105
-226
-121
81
69
-166
-310
-113
138
94
-203
-352
-121
168
146
-119
-272
-140
85
165
58
-78
-143
-92
96
228
188
-30
-159
-2
251
254
38
-113
8
211
218
60
-51
13
132
83
-2
23
24
-12
-33
12
3
-70
-126
-19
90
29
-188
-307
-139
128
145
-116
-269
-194
-11
87
66
-56
-166
-183
-62
92
115
-11
-135
-77
72
102
19
-51
-4
116
117
67
39
58
93
121
105
83
46
19
61
176
160
-2
-72
19
161
156
-34
-154
-47
94
105
6
-88
-128
-129
-11
100
34
-192
-314
-131
141
161
-156
-413
-199
173
190
-112
-291
-135
121
159
-3
-119
-69
76
150
92
13
-58
-32
105
302
240
-104
-251
15
327
353
24
-241
-121
187
272
80
-53
-64
-36
-18
86
150
15
-171
-188
32
195
0
-267
-235
7
127
-45
-256
-211
-17
91
-20
-174
-201
-89
4
-17
-18
-36
-120
-112
54
158
67
-114
-127
41
147
117
43
6
30
79
100
127
134
65
24
65
86
94
88
48
30
6
4
-15
23
62
8
-121
-156
-29
114
60
-122
-233
-199
-19
102
43
-150
-258
-192
8
186
82
-214
-322
-86
151
165
-48
-157
-81
43
80
35
-13
8
8
88
158
122
-6
-93
70
289
250
-36
-180
11
312
319
-31
-226
-8
234
221
-14
-133
-51
47
32
28
18
-30
-100
-135
-53
59
-17
-183
-178
-11
65
-85
-212
-179
-6
49
-76
-151
-54
33
20
-13
-32
-23
16
38
117
135
-17
-120
2
224
310
67
-170
-96
174
296
150
-47
-97
24
99
125
124
55
-57
-121
-6
148
119
-73
-148
-46
57
25
-133
-174
-40
29
-41
-165
-199
-77
31
16
-74
-185
-207
-53
75
22
-103
-193
-81
123
136
-34
-157
-82
111
150
59
5
-7
27
95
139
131
72
-8
-11
132
258
112
-96
-60
141
180
7
-103
-19
102
69
-95
-153
-60
35
49
-33
-124
-170
-192
-36
134
86
-172
-328
-180
112
198
-40
-286
-196
44
123
18
-78
-47
-53
-57
80
141
22
-114
-53
187
302
75
-190
-88
254
374
94
-175
-105
175
311
131
-65
-41
63
119
98
61
-28
-92
-64
59
160
38
-183
-251
-23
190
66
-245
-327
-79
128
78
-154
-269
-179
1
116
14
-162
-202
-48
134
144
-45
-199
-55
203
230
-19
-178
-39
198
280
140
-74
-108
58
190
211
133
-4
-112
-54
99
211
174
-23
-147
-95
79
156
49
-58
-90
-80
-20
5
-48
-80
-123
-106
-47
-32
-126
-132
-31
58
-82
-245
-185
19
99
-30
-159
-158
-19
92
58
13
-25
-84
-49
55
192
159
-27
-114
61
267
171
-60
-71
123
268
139
-96
-69
177
219
-16
-172
-34
175
169
-26
-210
-191
-12
137
118
-84
-279
-286
-76
206
205
-174
-403
-205
92
175
-23
-227
-170
-2
59
2
-46
-44
-21
-42
37
68
6
-37
5
135
184
42
-104
2
266
280
26
-159
-43
226
294
114
-71
-81
55
185
194
56
-103
-150
-5
144
114
-42
-144
-89
31
-17
-115
-99
-36
-33
-109
-149
-78
-11
-80
-138
-79
-20
-63
-112
-11
77
17
-108
-124
32
188
137
-46
-117
25
144
162
125
90
18
-61
-32
172
295
138
-126
-163
99
264
142
-66
-104
16
98
38
-22
-6
-21
-61
-53
46
49
-135
-238
-102
91
71
-162
-303
-153
105
114
-129
-293
-125
64
54
-80
-143
-103
-6
73
69
1
-95
-75
43
149
136
11
-51
21
163
178
33
3
79
128
87
70
80
93
51
21
39
63
30
-58
-34
22
27
-67
-116
-25
69
-13
-153
-221
-140
40
73
-51
-138
-176
-137
-10
84
40
-99
-180
-123
25
97
47
-81
-110
8
99
86
26
-52
-10
134
162
94
2
-6
122
210
128
-43
-65
137
286
132
-127
-103
174
264
72
-180
-185
78
202
57
-124
-116
-18
8
-79
-80
-33
-60
-133
-119
-27
-24
-129
-171
-52
36
-81
-177
-68
106
79
-116
-171
7
189
152
-38
-70
2
54
86
136
205
103
-110
-132
139
353
207
-91
-180
14
220
182
-1
-79
4
82
70
28
-15
-60
-76
16
70
2
-137
-225
-54
103
13
-217
-268
-66
118
38
-169
-248
-138
32
59
-45
-122
-129
-71
77
109
-23
-155
-87
113
189
64
-71
-51
91
183
164
34
-20
13
115
177
160
32
-91
21
196
197
-22
-175
-61
172
191
-80
-279
-135
131
161
-63
-243
-200
-73
4
43
-26
-121
-150
-148
-77
35
52
-73
-161
-116
-8
43
43
37
-66
-140
-64
90
201
113
-114
-109
139
267
118
-98
-46
193
223
45
-65
36
219
192
-6
-95
50
189
117
-7
-72
-26
26
12
18
46
-13
-127
-156
-45
60
7
-148
-178
-104
-11
-1
-91
-169
-100
3
-33
-91
-65
-35
-29
4
49
13
-41
12
124
85
-54
-46
86
212
181
21
-104
4
174
181
93
26
-1
19
32
76
129
55
-31
-58
7
89
80
-57
-119
-55
18
32
-30
-144
-136
-81
-5
-14
-115
-192
-129
24
86
-94
-298
-181
58
141
-22
-217
-184
41
155
84
-83
-149
-35
110
173
126
-19
-112
-5
231
274
54
-146
-69
247
320
59
-187
-61
222
231
-12
-164
-72
103
146
11
-131
-167
-88
33
96
19
-207
-350
-143
201
209
-108
-363
-257
83
188
0
-174
-182
-73
7
59
63
-7
-121
-110
54
160
91
-72
-76
112
213
131
-33
-59
115
246
140
-22
-39
73
162
178
56
-10
10
68
105
92
-33
-114
-29
108
124
-49
-184
-133
17
53
-75
-156
-117
-38
-28
-80
-86
-82
-139
-117
-29
10
-47
-96
-47
38
48
-45
-85
18
109
124
15
-57
10
108
133
153
97
-29
-53
76
198
195
48
-109
-95
116
211
133
-27
-84
-29
12
34
62
47
-38
-109
-78
28
3
-122
-175
-91
23
-36
-175
-182
9
88
-116
-284
-189
75
137
-58
-217
-155
25
96
60
-22
-78
-84
8
124
174
69
-79
-50
148
242
109
-68
-7
204
206
41
-114
16
235
184
-42
-157
-30
120
139
-13
-127
-133
-56
60
86
-39
-184
-251
-134
109
143
-131
-289
-154
40
36
-72
-108
-39
-4
-45
-115
-46
70
54
-40
-62
8
58
21
-11
27
120
126
32
15
71
134
109
78
44
43
74
173
163
-17
-85
55
180
185
1
-149
-120
33
151
102
-54
-166
-165
-44
53
45
-86
-214
-157
-5
62
-48
-244
-229
22
140
-29
-238
-153
115
155
-52
-214
-98
175
237
81
-102
-125
41
181
237
182
-52
-219
-24
247
348
129
-155
-176
85
252
155
3
-41
-17
-26
6
129
123
-72
-217
-114
130
154
-131
-311
-129
127
98
-201
-320
-126
121
116
-129
-290
-205
33
139
-14
-191
-202
-29
192
169
-61
-234
-128
139
267
81
-117
-80
107
225
157
0
-28
62
116
169
134
27
-29
55
132
81
-45
-71
24
122
38
-136
-186
-24
108
50
-109
-164
-160
-71
13
-8
-89
-117
-141
-136
-16
94
14
-153
-194
-83
49
78
39
-62
-100
-43
57
98
66
-36
-66
75
190
155
32
-55
53
196
170
41
-36
32
137
127
55
57
80
37
-19
-17
50
77
-25
-83
-5
71
13
-159
-176
-27
89
-28
-213
-151
-27
-24
-95
-131
-65
-35
-95
-112
-10
82
-14
-121
-72
26
85
53
19
24
41
13
26
99
182
172
-8
-97
43
169
188
94
-51
-54
57
136
126
78
-30
-104
-25
141
144
-56
-168
-77
93
96
-100
-248
-138
76
52
-135
-223
-142
11
46
-70
-195
-200
-64
89
73
-132
-223
-112
119
186
4
-193
-141
88
199
87
-33
-17
49
99
116
113
66
25
16
119
217
124
-63
-80
119
226
60
-139
-88
84
151
-3
-161
-123
28
64
-31
-116
-127
-145
-128
-2
99
-31
-239
-256
-33
171
91
-162
-250
-81
83
35
-61
-56
14
4
-21
5
42
47
33
46
121
114
25
-28
92
209
143
-4
-38
74
171
167
32
4
61
94
54
48
34
-17
-73
-30
70
70
-22
-133
-122
2
45
-75
-196
-135
7
-1
-112
-146
-114
-53
10
-28
-121
-126
-35
79
86
-44
-155
-49
129
205
73
-106
-97
85
201
184
65
-49
-9
100
129
146
110
-3
-72
-15
119
210
97
-70
-135
-43
143
143
-33
-145
-104
18
70
11
-162
-194
-71
37
17
-149
-238
-125
64
63
-143
-263
-101
124
38
-173
-180
-18
147
76
-88
-113
-31
69
62
72
107
60
-52
-27
163
253
98
-100
-79
173
323
159
-108
-117
76
193
127
-8
-97
-92
44
114
35
-131
-197
-19
141
51
-198
-332
-129
173
200
-135
-380
-252
84
210
11
-200
-201
-46
55
35
-21
-42
-55
-48
34
115
40
-59
-67
109
237
131
-57
-78
73
243
215
41
-104
-48
187
281
109
-94
-88
74
210
139
-60
-157
-44
120
116
-29
-142
-93
-33
-24
-29
-87
-134
-85
-32
-31
-73
-157
-155
-42
52
-30
-162
-134
22
113
16
-143
-114
103
197
118
-69
-122
34
145
154
182
85
-86
-81
108
244
197
7
-118
-30
145
159
36
-26
31
57
-40
-30
59
76
-25
-136
-94
70
23
-169
-160
16
63
-119
-266
-165
72
130
-99
-315
-215
106
176
-74
-279
-162
65
164
53
-106
-106
-22
85
120
68
-11
-15
54
155
156
30
-38
76
207
175
42
-75
6
183
172
-23
-106
-21
83
94
31
-61
-119
-108
3
81
7
-133
-217
-169
8
127
14
-199
-234
-113
37
84
22
-146
-198
-105
72
131
2
-157
-146
37
169
93
-59
-120
1
200
232
55
-92
-72
147
303
188
-78
-154
41
302
299
-13
-215
-32
244
256
-6
-229
-102
132
160
3
-96
-99
-99
-87
0
78
-49
-230
-198
4
81
-50
-232
-201
4
91
-30
-187
-139
58
102
-17
-118
-54
81
134
88
3
-53
-24
55
226
257
41
-163
-69
174
298
167
-75
-153
-2
158
164
97
9
-79
-71
51
155
54
-135
-175
-17
148
89
-194
-308
-75
165
67
-230
-333
-117
136
103
-117
-309
-224
43
142
-1
-182
-206
-39
156
159
-44
-198
-114
102
210
98
-11
-40
64
136
116
56
31
54
101
157
118
24
-37
54
143
99
-28
-81
-4
91
55
-78
-144
-57
57
32
-76
-112
-141
-143
-27
65
3
-127
-198
-164
19
129
-4
-184
-183
-41
55
32
-15
-5
-31
-43
-7
56
110
43
-52
50
170
131
-28
-50
136
256
127
-98
-64
185
292
108
-117
-73
156
222
65
-116
-103
29
96
64
-2
-56
-83
-85
-39
24
-42
-179
-149
16
75
-112
-284
-200
31
133
-6
-204
-175
-13
74
43
-41
-107
-61
76
174
108
-63
-121
22
198
265
147
-108
-126
106
231
164
38
-30
-5
70
98
87
48
10
-24
7
39
11
-1
4
-1
-47
-77
-67
-39
-31
-57
-108
-91
-99
-114
-90
-13
18
-82
-236
-202
21
124
-6
-179
-192
10
152
79
-75
-120
-46
60
108
147
91
-36
-70
100
252
176
-18
-68
75
219
160
-31
-56
111
162
25
-62
-19
85
91
-15
-119
-95
-24
5
21
-36
-118
-207
-168
29
135
-14
-220
-259
-94
87
100
-71
-164
-116
-28
-7
17
45
-10
-114
-65
91
139
21
-130
-43
214
262
53
-134
-31
192
256
131
-44
-67
73
215
204
35
-85
-51
82
193
131
-96
-191
-37
165
149
-48
-203
-186
-23
75
20
-139
-202
-107
-16
1
-60
-164
-195
-87
33
41
-31
-124
-106
-12
81
71
6
-49
3
74
87
56
14
-2
126
214
127
-63
-93
76
256
222
-8
-162
-23
162
203
77
-66
-68
-3
46
76
35
-55
-83
-55
-2
-4
-91
-128
-91
-4
-9
-150
-193
-67
79
-11
-228
-229
1
122
-14
-161
-133
6
57
19
-33
-16
-19
-9
32
126
127
15
-84
24
273
266
7
-168
-17
269
328
98
-170
-134
138
285
145
-120
-193
-28
175
161
-37
-249
-231
38
256
104
-254
-408
-167
222
215
-150
-369
-237
63
177
29
-156
-182
-126
5
84
58
-51
-130
-70
97
136
12
-88
-55
117
229
89
-76
-40
128
248
176
-11
-116
-21
216
306
92
-144
-91
159
257
54
-176
-168
85
222
88
-142
-181
-48
43
-21
-95
-89
-79
-99
-68
-14
-48
-173
-224
-67
113
64
-175
-244
-30
168
126
-120
-209
-6
205
219
22
-154
-108
123
277
259
56
-168
-130
145
360
232
-91
-197
25
209
170
12
-56
11
71
11
-42
12
45
-3
-58
-41
-6
-75
-146
-78
24
-33
-154
-175
-40
47
-46
-147
-178
-111
-1
7
-52
-83
-102
-95
7
119
81
-78
-163
-53
160
202
70
-83
-72
119
247
151
-15
-60
73
192
197
75
-64
-10
98
111
52
-9
-28
24
37
-27
-103
-91
8
41
-37
-121
-108
-119
-90
-24
2
-25
-95
-187
-171
22
124
-1
-174
-180
-36
79
74
-27
-106
-81
32
90
106
28
-91
-7
168
221
72
-84
-34
163
252
99
-73
-30
175
264
77
-103
-50
119
185
65
-104
-99
15
109
56
-33
-93
-110
-43
40
-2
-157
-231
-60
108
28
-197
-311
-111
123
93
-179
-253
-28
160
46
-120
-125
22
139
108
27
-11
-33
4
96
179
201
39
-134
-48
190
256
123
-47
-111
25
173
167
45
-50
-53
2
52
87
25
-77
-75
2
28
-34
-121
-109
-29
-17
-82
-146
-130
-81
-43
-32
-53
-100
-151
-102
-9
5
-41
-95
-85
-13
41
29
-4
-4
-4
6
50
96
101
14
-3
100
165
128
16
-25
84
208
157
-4
-35
43
89
52
11
12
-6
-29
-70
-28
10
10
-61
-96
-21
-37
-173
-159
6
95
-25
-198
-228
-80
103
65
-73
-172
-141
-25
53
104
65
-105
-207
-47
175
249
33
-195
-89
201
287
100
-94
-29
180
221
57
-50
49
170
133
0
-11
92
145
66
-70
-85
30
114
65
-47
-111
-43
2
1
-70
-135
-131
-26
51
-69
-191
-168
-58
3
-35
-118
-133
-58
38
65
-23
-98
-97
17
147
159
28
-109
-86
80
238
173
33
-46
-9
114
184
119
34
-3
13
58
69
81
94
36
-25
-69
-22
114
113
-35
-154
-128
19
119
-3
-177
-206
-73
81
11
-188
-238
-74
92
33
-206
-254
-52
101
22
-124
-150
-13
100
50
-64
-94
2
78
69
77
81
38
-10
74
192
121
-19
-27
116
227
150
-31
-64
81
154
70
-50
-45
26
80
29
-42
-106
-118
-54
46
64
-34
-233
-278
-4
210
35
-219
-300
-137
81
134
-21
-149
-154
-108
-15
74
96
3
-134
-131
70
180
85
-78
-59
118
183
23
-64
60
256
229
-28
-161
13
280
307
45
-178
-89
162
246
122
-81
-178
-37
140
156
-29
-169
-121
-6
27
-22
-97
-130
-103
-75
-32
-38
-103
-180
-150
10
70
-60
-175
-123
37
102
19
-98
-71
47
160
118
-24
-94
-21
104
236
250
48
-184
-109
158
367
260
-99
-278
-44
310
310
23
-199
-138
54
179
152
-15
-184
-146
34
168
10
-248
-244
29
179
10
-302
-361
-39
229
117
-253
-402
-97
223
121
-165
-275
-90
115
118
-17
-89
-80
5
78
131
101
1
-74
37
220
177
12
-55
59
159
186
80
-42
8
129
138
31
-55
-39
43
72
-8
-84
-105
-19
41
-24
-108
-114
-112
-98
-23
-6
-48
-80
-142
-145
-72
33
79
-40
-192
-168
8
115
62
-72
-126
-33
100
107
-3
-74
5
164
164
61
-21
0
130
199
116
-30
-55
113
263
142
-71
-52
107
192
83
-99
-105
4
101
79
-8
-90
-131
-106
-29
32
25
-117
-227
-138
41
41
-132
-251
-122
65
57
-120
-179
-43
80
28
-72
-62
66
97
26
-9
16
70
78
71
126
126
1
-42
75
196
178
32
-83
-16
114
146
82
27
-24
-36
-15
59
134
26
-146
-155
11
141
5
-188
-165
-23
-4
-70
-164
-122
-29
-13
-64
-132
-146
-85
1
-12
-64
-63
-89
-7
70
47
-61
-124
-20
136
148
66
0
0
64
146
145
65
14
-1
97
214
174
-27
-93
51
175
155
14
-119
-111
35
141
24
-143
-190
-40
110
90
-121
-326
-269
61
265
49
-313
-386
-98
241
225
-132
-347
-207
90
177
31
-86
-91
-80
-23
68
142
76
-78
-76
125
227
120
-27
-4
128
158
65
22
78
148
125
-4
-21
89
146
63
-25
-41
8
40
39
25
-49
-65
-72
-66
-30
1
-52
-144
-143
-51
-2
-70
-163
-151
-35
3
-48
-88
-85
-44
-7
9
17
-13
-24
29
94
95
-12
-38
45
167
218
79
-119
-40
157
201
144
26
-49
-36
80
136
98
59
-30
-58
17
76
37
-16
-44
-47
-14
6
-57
-118
-103
-59
-38
-73
-136
-106
-21
-5
-69
-127
-151
-36
38
-50
-157
-123
29
110
32
-106
-80
20
82
53
34
37
77
83
57
90
130
92
25
22
125
187
84
-3
45
98
66
-8
-1
64
56
-36
-85
-50
-14
-20
-40
-17
-31
-128
-214
-124
84
111
-105
-266
-195
-1
115
32
-134
-171
-108
-6
83
101
7
-157
-188
15
220
162
-74
-154
58
269
158
-54
-89
88
246
159
5
-24
60
180
130
0
-17
60
117
87
21
-30
-33
-11
23
39
12
-39
-87
-116
-67
3
-54
-138
-137
-51
13
-56
-190
-185
-21
99
0
-185
-213
-22
168
110
-106
-193
-18
205
205
2
-141
-37
100
210
227
56
-129
-42
109
191
177
52
-87
-50
124
203
82
-51
-65
-12
59
56
44
-30
-79
-48
9
22
-72
-170
-135
13
40
-92
-225
-170
35
125
-71
-305
-242
40
123
-43
-158
-122
2
61
14
-40
-59
7
70
88
63
16
-9
63
140
127
16
-18
80
205
200
53
-86
-10
173
177
42
-77
-21
44
35
0
-9
-39
-96
-72
14
27
-61
-208
-217
-37
152
37
-189
-256
-124
62
84
-26
-136
-156
-83
55
92
1
-96
-118
-32
144
156
-13
-141
-55
172
235
110
-45
-37
91
218
185
32
-63
22
181
207
41
-96
-21
175
206
27
-161
-119
80
162
67
-73
-156
-138
-35
49
51
-96
-241
-196
7
111
-43
-267
-247
33
140
-54
-199
-141
49
112
20
-89
-61
35
92
93
58
9
-34
-26
181
321
105
-169
-163
128
337
234
-67
-209
-24
215
231
69
-93
-114
2
112
90
43
-57
-130
-66
31
37
-85
-155
-100
-41
-43
-128
-119
-19
4
-74
-166
-173
-58
69
19
-159
-179
-99
45
110
39
-81
-108
-9
119
135
40
-40
-32
89
208
166
-15
-59
65
192
206
61
-68
-54
108
202
81
-50
-74
-21
73
67
-36
-115
-110
-13
34
-6
-85
-188
-202
-13
132
2
-195
-231
-106
50
77
-44
-157
-157
-32
57
49
-20
-66
-82
-3
73
46
13
4
34
108
130
64
-32
23
172
211
103
-46
-51
111
258
147
-68
-94
85
210
98
-80
-106
10
97
62
-40
-109
-87
-40
17
12
-107
-226
-141
43
91
-72
-288
-258
-3
158
26
-246
-242
11
181
90
-107
-190
-65
155
238
116
-121
-199
-33
246
376
183
-195
-267
88
407
305
-73
-243
-98
245
320
77
-173
-149
49
191
118
-32
-129
-115
41
127
32
-167
-263
-101
126
113
-162
-326
-212
61
169
-39
-308
-325
-13
239
111
-203
-327
-130
182
254
-5
-235
-183
94
265
107
-125
-99
93
211
182
43
-45
-4
120
208
175
14
-85
15
191
183
-1
-134
-59
96
143
-17
-141
-89
7
10
-39
-51
-47
-138
-217
-59
116
54
-151
-262
-152
63
106
-12
-147
-158
-100
13
101
105
-51
-207
-117
132
238
60
-150
-90
151
242
92
-70
-18
181
256
103
-100
-60
157
251
99
-63
-31
101
116
52
-4
-29
-7
12
17
16
-20
-76
-115
-79
-13
-20
-99
-110
-59
-62
-136
-124
-81
-20
-25
-110
-141
-61
38
61
-41
-108
-48
78
129
102
-12
-87
-23
75
181
229
111
-78
-81
82
224
195
47
-74
-67
74
165
138
59
-19
-58
-47
53
127
25
-109
-86
-24
41
-2
-122
-167
-89
45
15
-134
-209
-109
45
4
-147
-166
-35
54
-53
-176
-116
62
122
2
-119
-86
39
94
35
6
44
73
43
69
134
106
32
-27
81
202
208
27
-120
2
184
194
13
-109
-66
48
134
24
-122
-145
-47
65
14
-102
-162
-168
-48
70
1
-163
-209
-87
41
42
-79
-142
-79
-22
-52
-51
-7
40
23
-49
-64
-12
45
96
85
39
14
11
91
158
134
52
15
37
109
157
107
10
1
66
145
79
-17
7
14
45
26
-26
-31
52
21
-63
-176
-147
-5
105
-6
-203
-263
-75
80
-5
-181
-204
-42
25
-15
-73
-77
-41
-7
11
12
31
24
17
52
83
51
-4
45
201
206
12
-154
-14
214
275
119
-124
-123
103
211
129
-23
-44
-45
-27
44
123
86
-42
-161
-131
6
71
-41
-133
-131
-99
-71
-44
-63
-78
-96
-127
-86
-19
-33
-101
-135
-63
67
29
-102
-121
-1
146
125
-52
-154
-30
180
238
105
-52
-49
58
179
199
82
-15
9
93
166
132
-8
-67
18
131
94
-60
-125
-47
68
36
-57
-103
-120
-38
10
-114
-178
-67
38
6
-104
-216
-132
79
130
-52
-246
-226
11
211
139
-110
-247
-124
147
266
106
-137
-195
39
290
264
25
-161
-84
213
347
169
-125
-132
117
292
183
-50
-87
42
157
103
-53
-79
-5
56
11
-25
-9
-13
-100
-137
-68
-15
-30
-78
-123
-132
-65
-56
-60
-82
-112
-86
-13
22
-2
-83
-129
-25
120
135
15
-42
-2
37
43
52
120
198
94
-103
-87
144
267
156
-42
-120
23
175
150
36
-25
-34
-36
2
115
134
-40
-205
-127
82
164
-47
-280
-217
40
119
-68
-262
-208
6
103
-13
-201
-228
-77
78
34
-89
-123
-69
39
64
10
-55
-48
15
57
95
72
43
38
72
104
105
71
49
50
127
178
65
-28
-5
87
143
53
-62
-55
22
54
21
-72
-111
-32
30
-8
-100
-174
-176
-16
118
48
-167
-258
-155
33
100
-15
-152
-144
-13
47
-1
-63
-40
-20
-19
18
87
65
-19
-71
76
219
139
-46
-89
85
270
206
-25
-147
59
272
214
-23
-106
5
135
167
66
-71
-144
-41
103
133
11
-149
-188
-83
83
82
-143
-302
-136
83
82
-114
-292
-219
46
104
-24
-148
-162
-24
93
78
-49
-84
-26
95
151
81
-43
-82
42
222
241
32
-122
-31
139
198
165
18
-88
-41
112
197
139
-24
-156
-78
82
186
107
-116
-191
-66
80
50
-106
-178
-100
6
-4
-100
-148
-116
-26
4
-64
-169
-147
3
30
-80
-154
-82
22
62
-6
-47
11
46
-12
-23
73
165
95
-48
-25
149
175
72
-13
81
183
147
-34
-95
61
182
160
5
-120
-87
46
99
17
-86
-150
-80
60
86
-36
-271
-311
-18
230
106
-200
-366
-200
115
196
3
-230
-250
-51
127
120
-8
-143
-141
-15
153
134
-11
-128
-40
194
223
45
-89
-13
200
255
89
-82
-27
141
202
89
-36
13
92
95
40
1
-15
-6
6
21
1
-19
-49
-101
-111
-42
39
-20
-141
-179
-93
-5
-12
-128
-185
-77
16
-17
-63
-86
-34
14
-14
-57
34
114
59
-37
-46
49
138
97
80
77
64
25
32
62
139
188
53
-84
-66
84
200
149
-12
-123
-106
74
189
95
-97
-184
-99
70
99
-81
-219
-162
-5
63
-59
-200
-157
-11
21
-121
-179
-82
58
-36
-173
-134
12
103
35
-84
-97
21
89
64
1
7
44
66
115
108
48
15
50
122
167
135
26
-17
57
144
77
-38
-53
65
101
-21
-102
-78
5
36
-27
-94
-75
-66
-139
-139
7
77
-64
-209
-167
-29
38
-22
-123
-111
-31
-1
-15
-43
-2
18
-12
-23
-1
15
9
26
93
144
89
18
-2
54
159
200
92
-33
-48
95
232
166
-35
-72
40
144
126
-28
-123
-49
75
127
23
-88
-133
-128
-17
63
-10
-164
-207
-86
37
11
-159
-244
-99
70
37
-133
-175
-27
89
22
-79
-65
29
96
87
37
-16
3
67
90
163
180
-2
-90
34
196
199
58
-43
-37
80
116
78
54
25
-22
-29
30
93
51
-84
-141
-47
66
17
-139
-196
-73
52
17
-166
-221
-101
31
16
-111
-172
-107
-34
-27
-13
-49
-79
-57
13
57
28
-48
-71
19
132
156
49
-39
22
103
186
147
22
-26
31
172
210
97
-46
-69
54
146
133
-8
-135
-88
45
97
-1
-115
-135
-33
50
-57
-202
-150
23
95
-72
-209
-178
-26
64
9
-115
-143
-58
5
8
-8
-2
-12
-79
-41
82
127
42
-76
3
149
166
27
-62
52
234
236
18
-139
-25
245
299
21
-148
-38
156
194
36
-82
-85
24
81
47
-38
-70
-84
-78
-32
17
-58
-189
-190
-9
94
-9
-227
-278
-62
118
43
-162
-206
-46
114
86
-41
-104
-13
89
150
53
-65
-67
68
210
237
19
-164
-53
213
276
117
-80
-90
75
195
119
-9
-33
2
64
19
-18
0
23
-2
-32
-51
-44
-46
-85
-72
-64
-60
-63
-114
-149
-86
-6
6
-95
-182
-129
-24
28
20
-78
-126
-42
48
74
27
-37
-75
6
134
161
54
-73
-32
152
240
136
-45
-59
108
254
170
-42
-102
41
170
147
-23
-126
-32
86
47
-63
-117
-72
-14
34
-7
-161
-260
-113
113
128
-78
-266
-243
-29
130
36
-145
-161
-65
8
6
-3
18
3
-54
-47
25
89
69
19
28
69
71
77
98
135
70
-21
4
140
198
105
-28
-41
82
196
116
-50
-79
14
78
66
-1
-58
-65
-30
-44
-40
-15
-52
-119
-160
-57
33
2
-157
-278
-143
100
131
-82
-245
-166
62
167
35
-134
-149
11
193
195
15
-121
-63
113
251
239
-7
-182
-64
195
329
203
-103
-240
-19
275
307
40
-200
-130
78
170
67
-55
-90
-39
20
36
-15
-111
-150
-80
-5
13
-55
-191
-219
-91
75
41
-142
-231
-102
26
28
-25
-90
-100
-38
27
74
61
-35
-80
-14
145
177
29
-91
18
208
202
44
-51
4
162
202
80
-4
19
58
67
37
17
6
6
-42
-41
8
6
-74
-110
-40
-5
-109
-198
-69
69
23
-158
-198
-91
13
16
-50
-69
-30
-49
-108
-81
45
120
9
-96
-64
44
97
51
8
57
115
64
26
72
143
128
43
25
76
118
106
45
21
69
128
97
-11
-47
-18
76
68
-20
-83
-26
52
-18
-158
-150
-49
53
12
-126
-211
-113
-15
-44
-118
-79
-16
-55
-78
-57
-14
-1
9
-1
-17
-20
36
110
91
24
-57
-5
164
270
94
-128
-103
122
289
197
-64
-153
12
195
186
20
-92
-38
44
47
51
51
-25
-103
-97
27
72
-82
-199
-155
11
46
-85
-229
-160
32
68
-88
-237
-160
20
57
-53
-145
-89
9
67
18
-47
-55
-16
71
103
55
-6
1
89
163
100
10
18
106
161
138
44
-23
35
112
129
57
-4
-43
-41
27
84
36
-124
-182
-34
91
79
-105
-301
-198
90
146
-72
-230
-191
-37
58
-16
-107
-72
-6
-37
-93
-53
47
97
-20
-124
-71
87
148
57
-38
26
143
135
18
-18
85
178
123
-2
-37
99
230
157
-38
-74
56
142
97
-8
-29
14
-16
-46
11
69
-18
-167
-147
-2
55
-66
-178
-157
-28
20
-81
-216
-174
13
77
-38
-151
-135
-2
81
51
-42
-76
-33
114
167
84
-67
-108
48
279
290
-1
-263
-72
292
368
110
-178
-159
99
261
161
-42
-121
2
97
94
44
-47
-102
-45
50
72
-67
-196
-134
1
50
-70
-178
-162
-33
34
-50
-148
-177
-81
6
-10
-37
-70
-93
-38
17
46
44
-1
-47
-61
13
132
194
97
-56
-57
98
236
187
-28
-87
96
267
164
-44
-95
33
150
108
-14
-93
-41
16
50
-13
-92
-122
-34
54
-4
-184
-273
-83
140
81
-146
-279
-195
84
168
-11
-204
-213
-85
74
122
25
-90
-124
-82
107
190
70
-127
-120
134
287
153
-82
-95
146
285
149
-80
-87
132
250
91
-95
-7
134
145
36
-63
-59
14
69
40
-18
-73
-91
-84
-21
7
-85
-167
-90
17
-20
-138
-205
-134
11
32
-92
-171
-92
28
72
22
-69
-90
13
125
114
26
-55
-50
49
199
264
95
-145
-131
136
296
199
-6
-138
-50
163
240
123
-82
-152
-19
128
165
34
-138
-158
3
138
69
-138
-283
-132
107
118
-81
-306
-271
18
167
33
-243
-325
-80
171
103
-148
-252
-110
122
193
10
-176
-151
47
182
134
16
-54
1
115
183
93
-10
-9
91
218
203
37
-94
-29
143
175
37
-97
-49
68
52
-33
-55
-56
-54
-25
-4
-34
-94
-190
-157
21
99
-23
-185
-229
-74
94
59
-113
-172
-106
-14
61
50
-23
-87
-99
-2
146
153
-24
-137
-12
234
240
17
-105
2
209
249
90
-66
-54
124
237
137
-48
-64
42
162
149
-32
-135
-55
82
139
-2
-156
-162
-48
73
33
-124
-185
-109
-9
-11
-68
-143
-154
-65
13
-21
-110
-101
-23
17
5
-35
1
74
69
-13
-3
73
93
33
50
139
162
0
-66
74
188
171
37
-78
-9
132
138
57
-10
-14
11
28
10
28
19
-42
-79
-34
23
-22
-141
-142
-38
-5
-81
-161
-133
-7
38
-76
-190
-191
-7
104
-36
-183
-143
44
137
28
-119
-113
30
123
99
2
-22
12
88
165
131
33
-6
52
178
177
84
-47
-16
140
144
49
-46
-45
51
105
38
-86
-128
-86
25
86
-7
-169
-226
-144
61
140
-46
-250
-234
-35
107
58
-105
-199
-104
26
74
-7
-95
-56
1
10
43
29
-5
25
62
86
72
47
56
91
107
93
84
52
27
92
155
130
-3
-39
58
151
105
-27
-58
-11
50
31
-14
-39
-47
-55
-81
-53
-15
-55
-103
-129
-108
-48
-30
-96
-125
-82
-34
-40
-66
-66
-19
-4
-31
-39
21
64
45
28
25
71
46
10
95
201
129
-56
-63
90
211
157
10
-61
25
128
105
18
11
17
-8
-4
51
76
-18
-132
-84
55
103
-81
-242
-154
48
69
-89
-235
-173
10
60
-76
-211
-166
27
69
-67
-143
-107
10
86
33
-67
-46
36
53
30
41
95
66
60
86
86
58
62
66
127
142
89
-1
3
90
156
84
-53
-78
20
93
68
-52
-137
-94
-5
41
-5
-74
-158
-160
-61
37
5
-95
-164
-171
-51
74
31
-98
-133
-57
19
9
-31
-33
-30
-17
42
52
23
-3
22
97
130
78
22
20
114
199
148
-21
-70
74
229
159
-10
-58
50
127
121
8
-61
-38
15
64
34
-21
-77
-125
-96
4
39
-69
-181
-122
-11
22
-108
-232
-128
33
24
-94
-115
-49
4
-10
-11
19
38
17
-8
20
70
72
11
26
133
183
73
-55
-5
121
174
139
24
-50
-27
66
153
136
27
-122
-121
70
202
153
-88
-272
-143
119
175
-51
-283
-244
-1
137
13
-205
-261
-117
65
75
-122
-243
-147
27
59
-23
-82
-51
0
-24
-24
24
48
-9
-40
32
173
124
20
-20
78
149
127
28
11
114
162
115
1
-31
37
91
96
30
-34
-61
-32
27
25
-54
-111
-91
3
34
-123
-234
-105
64
54
-79
-237
-203
-2
115
0
-151
-144
-49
47
64
-6
-62
-101
-55
90
120
37
-37
2
146
149
52
-9
32
143
198
77
-38
-7
140
225
106
-36
-38
39
137
122
11
-79
-71
-10
93
90
-33
-151
-173
-16
91
-7
-191
-222
-56
66
20
-172
-249
-106
56
48
-69
-158
-96
-11
42
37
-13
-38
-3
63
97
56
-10
-6
69
176
170
35
-36
22
92
130
119
57
23
-2
17
91
121
84
-26
-90
-52
79
143
21
-163
-177
17
122
-37
-185
-164
-25
21
-67
-191
-153
-13
30
-91
-214
-123
55
42
-62
-130
-126
8
86
38
-37
-31
0
22
75
105
39
-9
52
146
150
49
-27
29
166
233
98
-83
-56
98
179
114
-11
-91
-77
-2
92
65
-76
-143
-103
26
118
-73
-306
-247
55
223
-8
-273
-271
-73
109
74
-98
-189
-110
11
68
57
-29
-124
-137
51
190
124
-76
-173
44
301
244
-34
-196
-19
310
329
53
-189
-81
229
337
88
-148
-91
144
245
95
-130
-156
-12
144
111
-58
-171
-115
9
46
-27
-126
-157
-93
-14
-35
-91
-150
-158
-59
12
-7
-75
-129
-71
48
60
-24
-72
-20
75
126
80
-22
-64
9
146
263
182
-44
-133
10
199
266
118
-116
-128
56
196
168
39
-54
-74
-28
44
101
69
-60
-133
-73
43
28
-118
-176
-79
6
-71
-160
-121
-9
20
-102
-194
-129
23
49
-109
-186
-80
71
117
-6
-118
-89
52
112
54
18
7
39
92
111
111
74
61
93
95
109
92
47
39
72
66
60
39
23
-7
-15
9
17
-22
-69
-71
-39
-16
-24
-126
-190
-86
28
40
-85
-176
-141
-33
25
-47
-127
-87
2
30
-36
-86
-40
30
33
-1
-37
-13
65
90
82
83
42
23
50
101
166
121
17
-29
67
202
181
21
-118
18
180
177
19
-142
-79
95
120
5
-79
-80
-78
-83
-8
37
-78
-221
-183
14
100
-45
-268
-254
-20
142
13
-203
-209
-4
159
84
-87
-124
-21
107
160
85
-25
-63
4
173
277
125
-135
-139
112
322
240
-44
-177
-27
215
225
55
-67
-74
-13
67
104
89
-53
-160
-80
71
75
-90
-230
-142
41
65
-98
-237
-174
-13
63
-5
-169
-218
-80
53
55
-59
-161
-97
63
100
15
-64
-79
-2
76
102
92
60
18
-3
80
159
162
56
-29
52
176
144
34
-34
8
86
99
53
-13
-53
-44
-4
16
-28
-96
-116
1
75
-72
-249
-196
39
124
-24
-218
-245
-52
116
34
-127
-157
-80
-4
38
45
34
-65
-143
-39
117
176
47
-108
-47
146
236
144
-29
-67
79
202
177
41
-16
10
99
126
135
84
-20
-86
5
120
137
-21
-167
-104
82
151
-12
-201
-221
-52
99
31
-133
-220
-117
-4
-9
-95
-137
-115
-43
-5
0
-36
-60
-34
13
60
18
-6
22
81
71
3
17
124
225
123
-88
-80
91
232
199
11
-95
-10
117
122
53
0
23
35
-18
-28
34
33
-22
-44
-41
-27
-77
-114
-82
-46
-46
-79
-135
-121
-48
-10
-89
-153
-112
27
4
-92
-117
-97
13
73
20
-64
-43
17
36
28
84
141
57
-48
26
146
155
98
46
28
79
116
77
56
38
49
85
46
-4
-45
-16
18
28
-27
-115
-98
-13
75
21
-201
-307
-81
166
99
-169
-297
-156
109
163
-46
-236
-181
11
98
51
-59
-110
-85
-20
99
137
32
-95
-72
136
251
133
-51
-79
108
257
170
-39
-79
90
226
166
-17
-63
35
129
109
1
-54
-36
21
48
18
-43
-68
-78
-44
-17
-63
-165
-130
-16
36
-46
-184
-219
-86
72
14
-109
-166
-75
42
78
-3
-88
-64
39
104
75
-3
12
32
61
135
174
83
-57
-36
113
183
136
6
-55
34
135
117
4
-34
35
70
11
-5
-4
1
-32
-35
-20
-29
-116
-108
-52
-10
-27
-145
-191
-93
38
6
-141
-204
-59
75
4
-167
-166
-28
99
69
-55
-87
0
67
38
28
56
84
39
18
68
124
128
57
17
93
157
135
37
-27
15
98
151
75
-65
-106
-23
81
80
-69
-164
-103
40
93
-60
-261
-237
10
152
26
-184
-270
-149
51
117
3
-137
-200
-91
53
120
31
-114
-154
-33
112
127
8
-83
-21
160
208
56
-49
4
174
218
52
-50
2
151
203
76
-80
-17
127
140
31
-55
-26
57
40
-44
-64
15
17
-53
-135
-100
-31
-39
-110
-103
-34
-39
-134
-189
-105
19
34
-61
-142
-116
29
83
34
-44
-43
-27
44
121
133
25
-88
-13
195
276
99
-148
-90
140
291
165
-65
-115
48
183
130
46
-18
-50
-31
68
117
27
-100
-135
6
115
6
-207
-223
-38
106
2
-210
-268
-73
96
60
-167
-253
-94
80
32
-118
-169
-46
97
116
-56
-183
-88
99
190
124
-34
-91
21
185
200
82
-42
-39
113
253
198
-30
-119
30
224
212
2
-197
-129
130
226
43
-201
-273
-64
167
177
-78
-316
-297
-21
195
117
-182
-326
-179
69
170
-4
-248
-216
-8
112
43
-96
-121
-10
77
40
-18
-30
32
75
96
90
42
-3
35
132
225
147
-34
-85
54
255
218
-46
-124
51
193
150
-17
-88
-18
83
44
-46
-51
-10
-20
-63
-70
-61
-96
-96
-56
-8
-41
-129
-189
-141
1
52
-57
-135
-70
-11
-26
-20
24
42
8
-29
38
116
88
-24
-60
113
265
174
-72
-117
65
231
218
32
-126
-66
130
239
140
-61
-117
-13
85
95
29
-70
-74
-17
16
-10
-82
-146
-97
-7
-11
-85
-165
-151
-48
39
-31
-196
-182
3
93
-39
-208
-169
6
117
87
-54
-123
-48
61
117
68
37
38
6
69
136
137
64
-1
50
140
187
101
-20
-21
45
105
87
38
-19
-76
-42
42
65
-44
-157
-109
-12
72
0
-220
-241
-52
85
20
-127
-222
-145
22
102
6
-139
-176
-86
63
126
30
-127
-208
-42
226
256
-3
-232
-72
235
317
93
-156
-81
222
290
77
-101
-30
162
231
88
-29
-12
64
97
52
-30
-38
32
55
-22
-30
-33
-69
-85
-42
-6
-57
-141
-110
-45
-45
-104
-148
-108
-22
-21
-90
-74
-39
-38
-29
15
20
-20
-41
14
103
109
32
-67
-16
164
273
128
-114
-118
108
267
202
-5
-152
-26
160
207
108
-54
-118
-31
121
125
13
-80
-150
-51
70
61
-98
-228
-161
33
99
-74
-271
-226
10
163
-20
-296
-276
7
197
36
-235
-249
-19
202
158
-92
-208
-71
130
205
106
-53
-100
26
186
247
89
-99
-80
164
367
215
-103
-196
28
262
244
-7
-212
-139
99
230
97
-188
-285
-81
170
183
-78
-390
-349
54
323
111
-298
-433
-129
219
211
-114
-322
-205
21
153
71
-60
-127
-82
17
102
92
-35
-75
13
176
192
30
-85
15
165
247
121
-59
-76
90
263
201
-22
-106
22
130
122
38
-37
-63
5
31
42
1
-35
-110
-146
-32
66
-29
-166
-196
-61
61
-14
-215
-241
-58
90
51
-79
-152
-114
13
95
53
-36
-66
-7
95
160
72
-57
-74
88
261
196
-21
-100
25
189
190
49
-71
-25
100
134
66
15
9
14
-11
-28
47
90
-6
-122
-110
-17
21
-43
-115
-109
-102
-89
-90
-41
-25
-66
-132
-154
-44
33
-32
-126
-114
-13
64
6
-85
-88
27
104
54
-17
13
69
77
97
97
59
28
58
115
129
119
67
-11
44
101
79
33
13
-5
-5
24
44
4
-79
-122
-77
-9
42
-11
-189
-257
-69
115
71
-117
-260
-162
30
113
-1
-158
-171
-74
30
67
45
-75
-129
1
124
102
-22
-99
2
191
225
76
-96
-55
147
266
137
-47
-84
76
240
188
13
-52
-7
97
111
46
-17
-10
-15
-15
-4
30
4
-92
-149
-58
18
-45
-147
-120
-29
5
-100
-197
-135
31
58
-83
-193
-127
76
166
56
-142
-162
10
204
213
3
-155
-100
158
362
206
-146
-235
80
350
273
-11
-218
-74
202
251
62
-87
-56
39
66
29
5
20
-23
-50
-49
-40
-37
-64
-98
-90
-47
-70
-142
-133
-57
-6
-30
-143
-187
-67
62
-14
-144
-130
-14
81
51
-92
-113
7
116
74
3
-20
26
101
118
111
52
17
51
117
151
107
15
1
110
160
54
-48
-56
49
89
21
-70
-61
-2
-41
-82
-54
8
-35
-153
-187
-42
94
6
-229
-224
-22
135
36
-176
-216
-33
102
38
-106
-78
20
40
-14
-27
22
58
66
43
93
95
73
28
43
145
172
76
-41
-10
159
214
74
-34
6
90
96
49
-22
-18
7
40
18
-31
-60
-58
-63
-42
-16
-40
-104
-113
-83
-69
-43
-72
-127
-142
-65
-7
5
-45
-133
-95
65
133
47
-116
-128
48
203
175
-28
-154
39
274
218
-20
-128
23
197
222
73
-76
-46
76
144
144
31
-43
-44
-19
65
122
38
-95
-126
-28
74
24
-180
-220
-66
69
16
-164
-218
-86
28
16
-105
-185
-110
-16
-5
-35
-54
-72
-15
22
-17
-19
0
30
19
30
92
89
21
42
84
123
93
59
43
125
170
76
-15
4
52
101
110
31
-43
-65
4
71
44
-81
-146
-111
13
121
-15
-266
-279
-6
185
27
-232
-279
-73
160
102
-173
-232
-86
83
97
-31
-140
-106
5
92
103
19
-89
-64
105
234
162
-14
-88
31
222
247
58
-74
-22
132
198
90
-37
20
120
80
7
-50
4
95
29
-69
-75
2
46
-65
-167
-103
-17
-8
-59
-111
-129
-130
-99
-39
-43
-65
-102
-98
-48
53
50
-6
-87
-93
21
136
135
19
-47
-16
80
155
178
98
-31
-50
55
186
213
60
-88
-48
106
148
105
22
-40
-9
24
43
73
9
-93
-115
-8
93
-17
-200
-199
-25
59
-33
-170
-181
-65
18
-37
-115
-129
-48
-43
-88
-60
-4
6
-33
-41
-11
51
43
-17
-30
45
133
89
11
42
126
151
85
1
3
138
215
111
-32
-32
90
129
63
-33
-53
10
52
35
-53
-132
-93
4
64
-10
-191
-261
-109
126
125
-141
-288
-208
24
160
34
-175
-234
-59
96
89
-33
-132
-108
-18
69
134
96
-53
-117
49
236
210
36
-114
-31
180
277
129
-95
-106
115
282
190
-31
-123
-7
148
159
25
-109
-73
31
87
24
-95
-143
-79
7
-3
-93
-161
-120
-14
12
-103
-194
-150
-1
28
-72
-144
-95
13
59
8
-58
-55
32
73
102
46
-5
14
21
120
191
135
-17
-63
37
172
202
83
-60
-72
49
168
138
47
-24
-43
-34
23
84
47
-62
-129
-56
35
13
-113
-157
-87
-26
-70
-115
-96
-41
-33
-122
-160
-63
37
-3
-133
-165
-39
80
97
-22
-142
-105
48
137
117
15
-44
1
127
197
97
-25
-14
106
210
160
32
-54
38
142
107
34
-2
35
3
-21
-33
12
7
-64
-112
-48
49
7
-178
-248
-104
122
105
-141
-256
-165
32
118
-32
-194
-142
0
42
-11
-62
-27
35
14
-50
-15
80
101
44
-10
47
114
115
61
72
134
121
6
-9
101
183
132
-9
-43
89
159
50
-71
-52
80
114
-16
-106
-58
18
-24
-102
-97
-49
-44
-49
-82
-97
-127
-126
-68
-25
-25
-104
-123
-54
-17
-11
-2
-10
-11
-4
30
34
22
57
64
33
20
96
176
84
-28
16
144
125
63
23
21
86
88
20
40
62
37
-39
-61
41
111
17
-117
-126
6
71
-67
-190
-132
-20
-2
-112
-180
-82
54
10
-150
-232
-111
46
29
-70
-112
-59
19
14
-32
-11
11
25
10
-2
76
149
97
3
6
87
130
100
51
56
111
138
101
39
8
27
60
61
31
-12
-22
-9
-2
-17
-69
-78
-37
10
-38
-140
-180
-49
60
-30
-147
-153
-71
11
20
-75
-134
-79
-15
1
-16
-12
-9
-51
-47
43
101
64
-37
-54
83
211
151
-19
-83
91
259
168
-26
-78
62
231
190
-1
-70
17
85
81
46
10
-6
-35
-34
13
56
13
-126
-194
-90
52
32
-96
-180
-149
-31
-1
-89
-167
-124
-40
13
-14
-89
-97
1
80
63
-32
-83
-16
132
163
74
-58
-53
135
253
147
-47
-97
66
211
184
47
-59
-32
75
158
123
12
-102
-81
44
176
98
-119
-196
-106
99
127
-79
-268
-214
27
132
-27
-244
-285
-68
100
33
-152
-191
-72
-19
-19
-15
-22
-66
-82
-42
66
117
20
-82
-54
101
185
82
-8
1
85
135
108
60
57
95
137
64
7
7
60
118
92
-13
-110
-93
36
133
23
-174
-215
-20
171
80
-240
-372
-120
193
146
-132
-336
-244
76
211
14
-219
-264
-70
151
163
-33
-181
-158
37
186
135
-55
-126
12
221
230
33
-68
10
155
219
97
-55
-34
126
234
128
-27
-39
61
131
84
-16
-78
-22
50
75
13
-67
-110
-88
-20
22
-70
-155
-135
-33
4
-54
-183
-199
-58
85
19
-154
-196
-59
97
86
-30
-104
-34
81
119
60
-18
-11
59
152
209
95
-55
-72
90
212
159
34
-65
10
116
116
59
33
19
-9
-21
13
98
69
-71
-144
-64
59
31
-138
-202
-104
30
-2
-154
-200
-72
71
1
-169
-230
-100
89
70
-94
-175
-137
8
128
78
-30
-109
-80
54
190
176
15
-150
-51
228
289
65
-106
-36
204
286
131
-106
-120
73
226
178
-33
-166
-95
50
147
74
-151
-233
-101
126
158
-121
-343
-250
72
211
11
-285
-307
-37
180
83
-148
-237
-143
24
104
35
-50
-100
-95
-1
129
140
21
-100
-72
156
249
138
-49
-88
85
269
230
-17
-141
36
246
215
29
-65
-36
64
118
64
-15
-68
-30
37
48
-5
-131
-157
-53
55
2
-164
-191
-113
18
25
-134
-228
-128
20
49
-38
-120
-150
-57
97
126
16
-139
-105
98
235
142
-103
-156
104
359
243
-94
-196
34
265
264
49
-107
-50
79
128
132
93
-9
-123
-87
79
180
101
-123
-239
-73
118
76
-137
-249
-121
51
43
-125
-225
-121
18
0
-113
-178
-97
32
-10
-83
-93
-6
69
24
-81
-55
25
74
48
26
47
53
53
98
126
78
19
38
135
199
132
-31
-82
69
201
157
-27
-129
-70
107
147
1
-144
-151
-57
56
89
-46
-234
-259
-37
146
68
-165
-265
-159
66
125
-35
-222
-186
20
149
64
-149
-183
-23
138
112
-38
-110
-37
104
210
156
-10
-108
18
227
287
66
-155
-84
221
331
110
-164
-104
127
230
117
-91
-137
2
89
58
7
-41
-64
-95
-80
-29
-14
-89
-158
-125
-11
17
-85
-226
-187
-10
86
-18
-157
-166
-41
104
104
-44
-121
-52
111
176
67
-50
-104
78
268
243
15
-164
-44
224
274
95
-105
-73
128
201
81
-40
-4
33
32
4
17
44
20
-60
-86
-42
12
-31
-103
-143
-74
-17
-30
-114
-159
-79
-25
-32
-101
-128
-67
-27
-55
-21
-4
-53
-73
-29
53
79
-6
-102
-19
176
225
19
-128
-12
214
271
57
-110
-36
227
312
77
-137
-89
112
219
90
-71
-115
-10
64
50
-35
-113
-107
-20
55
-22
-192
-248
-65
147
101
-143
-322
-223
44
177
48
-203
-256
-85
88
120
0
-99
-133
-58
101
144
39
-61
-56
103
216
135
-41
-56
108
230
168
-16
-78
72
219
157
-32
-32
81
119
66
-22
-14
35
33
-24
-35
14
23
-60
-155
-112
-13
18
-87
-161
-119
-20
-14
-126
-168
-75
14
7
-84
-146
-71
51
117
21
-87
-94
48
158
130
1
-81
19
189
212
78
-61
-44
103
204
153
-7
-51
30
96
118
85
14
-59
-43
14
64
119
15
-164
-160
22
139
-7
-250
-259
-50
141
42
-203
-298
-103
90
61
-101
-184
-116
-35
-16
-7
-49
-63
-56
-17
46
78
46
-63
-65
73
185
126
36
13
26
64
128
127
100
53
45
50
86
106
41
-6
7
31
22
-2
-17
-13
-21
-90
-71
15
45
-86
-262
-203
47
178
14
-263
-285
-82
114
123
-92
-222
-148
12
88
7
-66
-35
-17
-2
6
43
48
26
20
79
123
95
33
37
108
134
89
35
48
106
143
56
-19
48
112
101
20
-61
-11
64
37
-29
-35
4
-2
-91
-121
-37
20
-65
-132
-145
-84
-3
-34
-154
-163
-58
30
8
-98
-153
-77
71
100
20
-72
-77
48
167
123
-26
-94
40
261
254
4
-172
-48
205
276
120
-80
-111
56
186
131
30
-41
-48
6
59
79
54
-65
-127
-66
43
14
-133
-179
-71
30
-27
-186
-207
-48
80
-4
-162
-241
-93
54
31
-70
-93
-89
-39
8
42
48
-9
-64
-32
55
145
121
24
-40
20
142
172
117
6
-18
114
210
145
-38
-100
27
197
141
-71
-142
-50
107
113
-49
-192
-150
4
95
-14
-225
-239
-19
153
11
-209
-242
-88
76
49
-100
-161
-89
-11
6
11
5
-44
-116
-19
120
150
20
-140
-58
194
258
80
-98
-34
198
260
56
-114
3
207
227
8
-112
24
240
175
-80
-200
-27
211
171
-89
-221
-90
91
72
-112
-195
-110
15
10
-82
-153
-151
-95
-59
-37
-76
-101
-36
10
-30
-92
-44
41
53
-14
-49
24
136
135
-15
-104
54
249
232
4
-156
-15
198
270
122
-81
-130
36
232
223
40
-153
-145
45
193
189
-47
-238
-154
103
211
-28
-320
-276
39
214
6
-296
-326
-35
197
69
-239
-319
-67
138
73
-113
-189
-103
47
116
32
-77
-82
14
112
130
40
-33
1
130
183
70
-16
37
118
189
161
18
-37
21
93
105
64
11
-45
-46
1
57
38
-65
-120
-67
-2
10
-86
-165
-137
-14
29
-94
-149
-107
-40
-10
-59
-100
-64
16
-15
-96
-76
40
81
-30
-116
-24
114
101
6
-12
92
153
80
-5
41
170
165
46
-37
34
166
175
45
-31
26
123
84
-26
-39
40
75
13
-59
-79
-19
36
-9
-100
-136
-114
-55
-11
-21
-104
-188
-152
-26
20
-47
-96
-75
-50
-46
-47
37
75
12
-66
-72
64
194
144
-63
-126
66
289
245
26
-119
-39
132
250
152
-60
-96
36
175
173
53
-59
-57
23
58
86
14
-112
-107
-9
54
-28
-176
-164
-34
35
-49
-173
-177
-45
55
-27
-162
-196
-74
22
22
-57
-125
-80
14
70
40
-24
-58
-56
68
174
145
-33
-105
53
219
214
42
-91
-29
199
317
136
-124
-160
61
266
225
-66
-248
-151
128
276
72
-267
-352
-37
264
178
-249
-459
-178
244
259
-129
-410
-278
47
222
68
-180
-258
-112
42
102
57
-48
-124
-119
6
161
164
-12
-124
-38
186
263
147
-88
-113
118
281
171
-35
-76
83
196
141
42
1
-22
30
82
66
17
-35
-46
-32
36
51
-59
-159
-118
-18
28
-65
-137
-145
-72
-40
-55
-114
-122
-82
-8
39
-40
-149
-116
19
115
92
-45
-79
10
116
139
42
-42
64
176
133
7
-9
65
134
139
52
-17
4
87
107
54
40
40
-19
-62
7
127
74
-102
-166
-52
64
3
-145
-176
-81
35
2
-179
-209
-93
49
-10
-141
-173
-64
13
-16
-75
-61
-34
-11
4
17
31
10
-50
-11
139
178
45
-66
11
146
178
96
21
41
107
119
80
53
15
20
84
108
42
-59
-60
-4
65
30
-105
-159
-42
93
-4
-188
-253
-65
117
59
-162
-260
-136
78
98
-46
-180
-138
-28
35
57
9
-62
-115
-90
60
187
106
-75
-116
76
275
171
-66
-107
87
303
223
-53
-149
45
266
221
-6
-76
14
127
139
-1
-79
-7
47
19
-13
-26
-21
-73
-109
-72
-21
-52
-73
-86
-103
-93
-80
-108
-103
-57
-23
-29
-72
-112
-82
29
101
35
-103
-116
57
205
154
-8
-134
-28
231
317
84
-174
-104
189
308
134
-118
-132
95
250
157
-18
-80
-30
57
58
41
26
-15
-90
-107
-18
52
-23
-113
-152
-94
-38
-48
-88
-109
-103
-84
-52
-55
-74
-61
-72
-84
-43
-4
0
-7
-35
-25
33
20
-31
25
133
126
24
-41
66
148
140
48
-6
77
197
150
-3
-5
57
121
90
-17
-81
-25
51
56
12
-70
-144
-92
32
69
-77
-251
-205
16
161
-5
-247
-294
-103
142
130
-115
-230
-130
60
105
-12
-129
-93
-6
51
61
23
-7
12
36
103
126
63
53
32
90
151
107
34
29
93
140
78
-4
64
103
53
6
-25
21
62
7
-22
-19
-9
-31
-89
-85
-25
-10
-87
-146
-88
-29
-38
-131
-174
-101
31
24
-86
-173
-91
30
76
12
-67
-37
46
121
106
7
-53
-6
109
223
173
6
-120
25
233
210
18
-119
-41
164
226
109
-62
-97
5
92
84
-8
-16
-49
-77
-26
19
4
-104
-185
-127
28
66
-97
-233
-189
-20
77
-21
-192
-210
-48
73
11
-89
-109
-36
32
11
-8
-3
6
3
73
107
78
-22
-1
132
198
89
-20
7
125
197
121
-30
-26
82
133
67
-35
-63
4
63
18
-61
-94
-56
-1
50
-19
-198
-263
-103
142
127
-147
-318
-170
71
157
-34
-272
-240
29
198
92
-145
-223
-59
124
148
19
-111
-77
70
172
177
57
-51
-36
141
270
176
-61
-98
79
244
182
11
-64
24
128
136
41
-65
-44
57
71
7
-71
-58
-28
-39
-56
-84
-80
-35
-62
-104
-111
-70
-62
-105
-124
-74
-21
-12
-11
-81
-85
-16
61
55
-18
-60
9
106
123
5
-37
81
209
195
-1
-120
-1
209
226
70
-100
-33
131
160
71
-33
-35
14
56
37
36
35
-35
-147
-100
44
95
-72
-222
-168
-4
40
-86
-193
-136
-19
22
-78
-162
-102
-20
-34
-54
-22
-14
-59
-53
-14
55
75
-25
-77
-6
181
210
50
-87
-11
136
184
121
48
38
68
133
120
42
-41
14
119
133
-38
-124
-56
73
85
-28
-175
-125
36
83
-84
-236
-184
34
96
-28
-200
-214
-67
91
71
-82
-175
-133
-15
53
49
-12
-115
-126
38
168
122
-66
-123
56
247
210
-4
-97
22
205
227
75
-53
-5
133
185
103
21
-6
10
52
52
57
47
9
-89
-94
47
112
-11
-205
-202
-25
100
18
-182
-248
-96
58
17
-155
-224
-133
41
102
-16
-167
-154
23
130
91
-66
-104
49
172
131
-34
-89
89
239
197
-27
-125
40
221
227
39
-129
-31
156
180
53
-34
-19
35
63
23
-6
-24
-47
-60
8
37
-84
-172
-108
-1
47
-109
-233
-141
49
47
-106
-209
-146
25
57
-69
-129
-56
46
27
-63
-77
11
89
59
-19
-9
95
148
84
7
-5
99
178
129
38
31
97
143
83
-26
-32
77
144
57
-50
-87
13
62
-2
-108
-117
-3
52
-85
-208
-175
15
106
-27
-233
-223
-73
96
59
-114
-199
-95
40
39
-56
-94
-23
37
7
-28
12
59
32
-23
71
160
127
44
-19
44
133
150
85
-2
38
134
127
20
14
76
89
34
-22
-1
39
31
-29
-28
10
3
-77
-117
-57
-8
-29
-131
-154
-76
-18
-28
-130
-161
-91
-3
9
-74
-124
-91
6
101
73
-49
-111
5
185
170
6
-136
-35
203
327
153
-133
-147
95
267
238
-10
-135
-34
122
170
94
29
-42
-46
-5
60
112
32
-125
-158
-27
92
-9
-166
-197
-73
54
-4
-165
-197
-78
13
-5
-110
-168
-102
-1
27
-8
-111
-132
-5
105
78
-32
-114
-75
72
217
168
-10
-111
-6
202
241
91
-53
-12
127
214
121
-12
-69
10
153
165
-8
-157
-108
78
158
6
-192
-204
-12
184
69
-305
-405
-48
282
176
-222
-448
-216
203
302
-64
-399
-271
98
251
43
-194
-222
-15
182
162
-12
-135
-51
139
243
179
-66
-170
48
327
308
10
-195
-46
220
311
105
-134
-93
133
228
99
-87
-104
15
91
54
-29
-75
-70
-41
-25
-10
-94
-133
-100
-25
-38
-85
-137
-122
-39
-19
-46
-86
-104
-75
-10
51
28
-8
-50
-12
65
112
77
-23
-62
112
247
178
-28
-112
35
196
204
67
-87
-55
119
185
98
6
-32
-38
15
52
88
47
-74
-112
-73
33
42
-94
-206
-132
21
65
-91
-271
-187
30
93
-42
-214
-172
-46
15
-18
-50
-79
-64
5
24
36
8
-39
-29
59
107
93
14
21
91
123
82
29
61
135
157
60
-4
25
94
97
72
25
-50
-80
3
99
68
-94
-192
-70
84
92
-105
-310
-229
92
233
-27
-314
-282
6
170
19
-198
-221
-23
83
27
-51
-78
-25
6
-16
2
73
102
31
-32
25
135
143
62
33
87
113
52
12
75
200
184
-9
-113
42
226
156
-49
-150
-28
131
120
-50
-110
-49
17
-52
-114
-64
-34
-59
-90
-107
-58
-42
-83
-139
-162
-82
45
52
-83
-166
-101
49
109
55
-92
-79
42
158
120
12
-80
5
182
232
93
-65
-56
75
191
196
49
-59
-58
31
153
175
36
-125
-111
60
219
86
-174
-212
-16
135
51
-179
-249
-110
88
71
-167
-275
-112
86
51
-154
-250
-101
77
32
-96
-129
-42
47
31
-52
-58
36
47
30
12
44
94
78
63
47
42
81
122
150
137
52
-6
35
101
76
55
25
13
13
-1
-31
-16
9
-7
-76
-125
-68
37
-11
-137
-197
-97
41
-9
-105
-138
-94
-29
-38
-53
-48
-57
-54
-41
1
11
-7
-37
-58
6
96
85
27
-22
49
136
138
64
20
43
121
140
92
49
42
65
58
51
87
71
11
2
18
86
55
-35
-120
-41
75
49
-104
-220
-103
38
20
-74
-151
-137
-96
-59
-67
-67
-71
-29
-40
-59
-81
-38
33
33
-27
-59
-6
107
150
71
-55
-55
117
258
175
-68
-133
74
253
207
20
-103
-9
157
180
44
-73
-42
80
105
49
-29
-51
-65
-12
54
28
-106
-198
-117
26
28
-97
-230
-194
-9
96
-22
-201
-222
-49
67
28
-86
-151
-115
38
110
70
-37
-119
-70
91
203
106
-61
-61
100
213
152
-5
-55
51
235
236
34
-121
-71
136
234
134
-89
-193
-74
117
149
-9
-175
-174
-46
116
75
-175
-317
-162
118
161
-98
-297
-218
33
146
-12
-213
-189
-30
89
47
-60
-61
-30
-29
-30
77
134
45
-56
-42
122
213
134