#4
-87
168
304
134
-58
-35
111
193
137
3
-3
85
109
74
25
16
-40
-61
6
104
-4
-165
-172
-52
6
-73
-187
-175
-59
-18
-165
-229
-111
42
0
-163
-155
-58
-15
-45
-40
3
-13
-85
-90
10
156
122
-75
-128
13
167
185
70
-9
-25
33
104
176
189
36
-182
-83
230
311
-21
-284
-158
180
254
-24
-266
-215
55
135
-35
-167
-184
-139
-65
2
-1
-136
-280
-278
-44
86
-56
-282
-270
-61
61
-27
-171
-158
-49
9
9
-14
-32
-11
12
62
103
90
42
29
71
84
58
59
134
162
35
-68
-39
111
208
71
-118
-115
45
114
43
-47
-65
-84
-117
-55
70
67
-156
-333
-212
71
154
-57
-291
-279
-81
110
67
-116
-263
-184
49
200
95
-192
-317
-60
292
308
-82
-329
-64
334
372
8
-259
-79
254
321
97
-23
19
97
147
189
136
14
-72
18
221
214
-26
-221
-98
173
207
-76
-270
-130
43
6
-136
-193
-94
-36
-89
-134
-110
-79
-76
-86
-48
-7
-87
-164
-60
114
65
-104
-164
-5
157
132
-21
-107
-31
76
161
181
123
-34
-108
43
228
279
79
-151
-115
140
279
88
-142
-120
48
141
36
-76
-70
-88
-53
-2
31
-51
-195
-206
-47
68
-47
-218
-260
-149
6
-11
-154
-252
-123
-6
-2
-93
-182
-173
-15
113
97
-77
-198
-58
204
226
21
-122
1
206
206
23
-61
93
201
114
-30
4
92
90
34
-3
31
22
-44
-5
103
104
-115
-266
-126
172
164
-140
-331
-203
57
93
-108
-217
-130
-41
-59
-87
-64
-68
-123
-106
29
105
18
-141
-138
26
151
104
-58
-71
40
118
123
97
59
22
22
119
220
205
1
-92
113
312
179
-82
-101
129
269
114
-102
-131
21
109
53
-62
-86
-103
-108
-72
-4
-37
-161
-216
-102
29
-7
-160
-188
-93
40
19
-109
-133
-13
65
-1
-79
-49
-6
39
101
75
-48
-87
32
219
257
61
-131
-35
182
219
103
-20
9
82
102
87
57
-5
-63
-51
60
129
45
-145
-209
3
158
20
-230
-272
-72
114
2
-191
-229
-159
-77
-39
-62
-131
-219
-174
10
72
-82
-279
-212
90
232
7
-236
-166
148
237
56
-88
3
173
179
56
-13
55
137
106
82
104
21
-52
25
174
173
-60
-208
-55
224
222
-67
-281
-179
71
153
-9
-152
-191
-163
-82
3
41
-80
-222
-231
-63
98
42
-176
-266
-46
130
97
-70
-161
-60
56
107
92
3
-55
-14
110
212
150
-30
-99
78
252
250
91
-35
-2
160
238
132
-3
-45
58
178
175
11
-167
-147
115
236
30
-254
-274
-17
195
28
-285
-331
-48
119
-6
-199
-192
-62
18
-3
-80
-128
-100
-17
93
58
-83
-148
-51
144
211
43
-171
-111
153
297
151
-65
-85
101
239
155
14
-13
24
89
147
153
7
-158
-104
144
254
33
-241
-234
47
212
15
-228
-183
-35
-4
-77
-111
-79
-110
-203
-210
-36
61
-111
-281
-189
27
96
-71
-257
-182
44
149
33
-131
-124
32
137
137
92
-21
-30
110
223
139
-10
-37
137
226
81
-94
-56
145
202
38
-112
-59
53
108
43
-71
-90
-89
-40
56
73
-54
-280
-278
4
163
5
-259
-276
-37
96
-12
-157
-183
-59
44
28
11
-37
-109
-61
49
150
97
-96
-102
98
257
179
-44
-93
73
238
204
118
69
24
17
118
250
191
-34
-115
95
289
189
-121
-247
-1
263
172
-170
-309
-82
119
33
-146
-220
-90
-5
-56
-130
-118
-93
-60
-10
4
-86
-177
-122
100
185
16
-252
-208
123
321
146
-183
-201
47
266
247
74
-69
-68
74
226
217
52
-101
-51
166
292
95
-187
-171
100
229
91
-130
-134
-24
6
-7
-46
-58
-84
-144
-136
-34
17
-97
-214
-216
-91
17
-57
-205
-201
-75
14
-4
-113
-209
-164
47
168
74
-147
-199
34
223
189
12
-94
38
207
177
23
-30
96
195
132
-25
-23
57
98
89
48
22
-59
-70
51
198
83
-249
-330
-23
308
200
-218
-456
-251
138
194
-47
-274
-252
-67
58
37
-58
-195
-191
11
169
74
-164
-229
16
228
166
-80
-177
1
204
201
74
11
13
65
127
185
190
76
-64
37
254
268
34
-137
-11
234
268
40
-177
-126
65
156
85
-89
-163
-116
-73
-10
-14
-104
-185
-127
-2
-24
-142
-192
-82
81
39
-161
-219
-24
158
114
-87
-188
-66
104
170
106
-39
-138
-28
176
299
183
-100
-175
82
311
271
-26
-155
7
211
215
50
-111
-94
30
112
102
-8
-108
-134
-31
118
48
-162
-240
-123
38
26
-95
-189
-167
-143
-128
-53
3
-85
-222
-208
-30
97
-32
-240
-224
55
222
58
-228
-184
134
281
102
-79
-36
128
199
116
35
46
65
93
146
108
14
-71
-6
182
191
-81
-190
29
245
158
-170
-311
-111
177
185
-68
-262
-228
-75
44
46
-64
-199
-237
-108
74
118
-88
-279
-204
83
209
41
-183
-180
21
163
144
22
-62
-49
43
174
230
73
-110
-59
191
328
214
-12
-95
55
246
245
93
-39
-32
86
190
153
-14
-170
-113
131
219
-14
-273
-228
5
144
-30
-265
-224
-10
54
-93
-194
-126
6
6
-66
-118
-93
-37
40
54
-10
-84
-101
17
178
177
-49
-189
-31
238
304
95
-101
-53
125
220
127
33
-16
20
104
188
120
-61
-156
-45
176
175
-88
-194
-67
125
76
-155
-220
-64
21
-52
-143
-119
-21
-79
-236
-208
-22
16
-145
-231
-91
59
9
-198
-221
-9
134
42
-117
-86
24
90
77
81
88
23
6
95
173
170
47
-9
72
121
102
25
13
64
86
-3
-49
45
99
26
-34
-32
-49
-79
-68
18
59
-28
-220
-265
-55
119
16
-200
-222
-96
50
21
-104
-156
-114
10
85
35
-62
-117
-57
75
195
84
-101
-102
104
248
160
-27
-69
115
237
153
82
82
63
57
152
192
125
-20
-48
106
239
134
-141
-173
68
204
23
-217
-150
55
47
-124
-213
-117
19
-7
-130
-163
-92
-24
-34
-63
-73
-96
-92
-12
125
80
-115
-208
-66
167
251
46
-181
-103
111
227
183
63
-48
-38
90
229
197
23
-92
-13
190
232
64
-162
-132
108
204
42
-142
-100
-14
22
0
-55
-90
-124
-129
-60
33
-42
-209
-232
-102
-6
-48
-166
-194
-82
-1
-49
-139
-171
-68
35
65
-5
-95
-104
9
142
150
31
-47
27
172
211
86
-29
-1
137
201
87
-6
3
22
68
118
104
-5
-99
-73
82
182
39
-220
-249
25
231
67
-253
-335
-103
141
92
-107
-273
-228
-58
91
84
-59
-267
-235
40
259
126
-212
-278
-18
268
247
-64
-214
-19
217
235
94
-45
-22
118
176
200
141
8
-35
132
293
195
-41
-105
120
282
150
-107
-161
30
158
82
-73
-102
-57
-54
-89
-76
-26
-61
-126
-147
-81
-34
-101
-127
-47
15
-33
-159
-135
36
148
34
-131
-135
-9
93
131
80
-3
-92
-53
155
288
158
-65
-132
55
285
259
28
-113
-30
113
194
148
0
-133
-111
67
198
120
-134
-293
-101
177
134
-130
-282
-155
36
52
-98
-218
-196
-119
-37
-33
-91
-192
-174
-60
57
-11
-187
-241
-54
170
151
-107
-237
-36
214
189
22
-19
51
151
113
50
82
104
81
56
76
103
45
-8
39
120
62
-69
-90
66
174
61
-162
-207
-18
158
68
-135
-211
-172
-62
44
28
-105
-221
-208
-16
136
33
-234
-327
-27
259
154
-182
-289
-2
237
160
-46
-142
-18
150
175
110
63
3
3
114
211
171
58
2
75
186
201
72
-28
42
174
174
61
-60
-53
-5
68
91
5
-132
-149
-18
27
-53
-202
-183
3
81
-107
-283
-180
47
103
-29
-158
-190
-74
74
119
8
-131
-145
-25
171
237
47
-201
-148
134
328
230
-11
-133
11
184
184
124
13
-40
3
125
227
127
-135
-214
19
282
188
-151
-308
-120
182
192
-98
-310
-202
22
94
-9
-180
-234
-196
-110
33
53
-166
-353
-195
115
167
-124
-363
-212
141
255
-5
-250
-149
106
208
102
16
13
35
108
170
150
22
-18
81
179
147
-3
-61
45
156
109
-43
-88
8
96
75
2
-76
-97
-95
-5
56
37
-138
-282
-171
80
141
-92
-297
-206
18
99
-21
-165
-161
-50
42
49
36
-35
-101
-56
83
184
51
-96
-43
106
203
148
19
9
75
128
184
161
80
-2
48
194
248
87
-87
-67
173
304
74
-227
-210
111
305
74
-251
-268
-44
97
11
-152
-205
-102
-21
-49
-100
-110
-94
-45
14
-29
-153
-145
56
182
41
-221
-236
76
302
187
-118
-221
7
241
265
103
-53
-48
51
165
183
110
-1
-29
55
173
167
-19
-130
-18
127
99
-62
-92
-16
3
10
-46
-75
-84
-110
-125
-50
11
-84
-196
-215
-103
12
-40
-186
-208
-89
23
-18
-127
-187
-129
28
123
71
-81
-152
-47
154
216
61
-60
-6
171
207
55
-50
64
215
172
-16
-62
26
160
144
51
-33
-96
-47
79
175
85
-173
-316
-76
261
233
-160
-419
-263
109
195
-44
-297
-257
-47
94
68
-104
-213
-170
-17
169
123
-123
-249
-65
207
224
22
-206
-84
200
273
116
-13
-42
36
129
213
251
101
-94
-35
241
365
121
-192
-162
199
406
176
-207
-248
35
241
146
-117
-230
-109
-9
30
-32
-156
-191
-126
26
41
-135
-268
-132
104
123
-122
-281
-126
151
210
-43
-241
-134
99
205
135
-19
-135
-72
110
259
223
27
-129
-21
197
263
120
-74
-86
78
215
166
-25
-101
-56
66
125
69
-45
-188
-139
83
131
-36
-244
-242
-24
101
-19
-218
-234
-110
-34
-7
-77
-214
-226
-89
71
64
-135
-282
-181
129
255
18
-265
-222
135
319
129
-110
-89
124
252
158
-40
-53
130
217
130
11
-39
-22
92
207
147
-98
-223
-8
247
198
-90
-285
-170
137
207
-27
-284
-233
-27
74
0
-99
-160
-188
-124
-6
56
-1
-171
-231
-8
182
68
-126
-124
38
88
54
0
-7
54
93
103
109
78
5
25
144
204
170
66
-6
58
211
227
54
-55
3
156
209
103
-57
-124
-47
109
164
-30
-203
-184
-27
95
-7
-189
-218
-71
30
-62
-197
-153
-4
75
-2
-158
-193
-50
121
141
-35
-210
-163
71
256
202
-78
-248
-45
276
338
99
-159
-108
180
293
119
-57
-49
77
144
147
96
-51
-140
-25
174
189
-50
-185
-113
50
85
-58
-171
-118
-5
-49
-124
-105
-71
-85
-176
-172
-22
30
-143
-302
-162
110
114
-177
-340
-135
193
239
-54
-254
-133
166
254
97
-77
-67
81
241
207
40
-68
-2
181
246
93
-105
-98
117
260
120
-161
-219
43
257
161
-117
-278
-145
113
183
12
-217
-310
-159
84
173
-42
-316
-285
-9
168
26
-207
-261
-52
138
94
-51
-127
-90
16
89
89
53
-21
-29
47
171
171
72
-36
7
136
197
174
122
24
-1
103
214
189
17
-109
34
274
219
-84
-220
-27
217
153
-153
-278
-121
104
85
-138
-251
-127
11
14
-118
-185
-127
-20
45
38
-97
-224
-126
90
210
44
-224
-238
60
298
202
-109
-222
1
239
255
83
-62
-54
112
234
187
45
-73
-30
145
227
108
-117
-152
54
192
80
-117
-99
0
24
-35
-107
-52
-49
-115
-145
-59
15
-46
-208
-263
-123
34
8
-140
-247
-172
8
44
-63
-161
-145
-9
92
66
-68
-120
7
162
182
73
-50
-8
153
179
78
25
70
139
93
22
15
58
121
84
5
-53
-42
60
120
57
-99
-188
-133
83
199
22
-277
-317
-52
147
64
-187
-248
-116
21
18
-62
-117
-145
-91
42
101
33
-144
-157
18
173
145
-59
-130
61
196
152
48
28
42
87
106
153
221
97
-76
-8
261
342
87
-203
-110
242
388
119
-252
-263
79
278
116
-179
-240
-69
41
62
-62
-224
-232
-78
71
31
-164
-231
-81
83
68
-135
-215
-46
146
94
-107
-179
-34
135
172
72
-80
-114
25
213
269
104
-105
-93
109
276
198
-33
-120
49
248
197
0
-143
-79
89
155
75
-64
-121
-98
26
88
-15
-173
-177
-61
19
-47
-165
-138
-72
-85
-144
-161
-64
-42
-129
-155
-70
-19
-51
-133
-103
27
57
-7
-85
-22
120
102
28
20
73
118
95
63
111
112
72
51
67
93
56
1
51
143
65
-83
-119
33
188
118
-116
-253
-123
126
168
-29
-224
-251
-117
33
96
-22
-218
-283
-94
153
123
-154
-345
-160
186
250
-31
-291
-180
145
251
77
-118
-84
77
192
135
64
13
21
101
146
177
148
41
8
96
211
174
27
-40
58
193
178
23
-108
-88
55
144
55
-143
-173
-59
24
-3
-114
-189
-113
6
-22
-150
-180
-65
43
12
-107
-161
-88
39
84
39
-67
-143
-61
108
215
119
-121
-185
46
273
263
45
-118
-35
184
253
122
-48
-66
70
189
174
13
-113
-79
68
167
98
-109
-196
-72
128
122
-123
-263
-133
41
34
-87
-186
-158
-109
-111
-78
-41
-100
-225
-199
13
124
-57
-304
-265
33
247
109
-181
-210
32
222
144
-11
-32
57
167
164
87
23
34
90
132
108
35
-21
16
119
153
15
-117
-65
101
132
36
-114
-151
-74
74
89
-18
-183
-284
-123
133
124
-146
-323
-195
80
145
-58
-257
-224
32
178
72
-116
-181
-39
122
119
49
-32
-49
36
131
171
116
14
-13
78
165
185
149
61
14
66
179
208
79
-60
-23
182
290
85
-219
-221
102
289
83
-232
-252
-36
81
-29
-145
-126
-51
-53
-117
-150
-75
-17
-52
-52
-49
-46
-79
-61
15
58
-36
-136
-55
142
195
43
-128
-81
117
214
171
38
-61
-5
126
206
159
22
-64
-22
157
261
62
-176
-142
127
242
25
-222
-168
25
153
61
-149
-202
-143
-51
25
10
-127
-242
-190
-75
24
-53
-229
-239
-64
80
4
-196
-243
-63
121
99
-55
-162
-100
104
214
121
-39
-64
67
180
182
60
-20
40
184
169
27
-36
26
127
118
15
-30
3
36
15
11
27
-14
-112
-106
26
103
-21
-197
-226
-78
56
2
-132
-154
-91
-69
-80
-48
-1
-65
-150
-86
81
106
-39
-121
-44
98
157
10
-84
43
190
170
11
-54
49
161
173
164
106
18
29
152
251
151
-77
-90
122
329
214
-141
-247
7
250
186
-109
-282
-151
54
73
-66
-182
-196
-57
13
-12
-120
-210
-120
26
95
-22
-230
-178
76
195
10
-184
-151
31
205
162
-39
-117
-37
106
204
193
45
-33
-22
102
206
175
38
-28
21
125
127
43
-15
-40
-9
30
73
29
-51
-120
-76
29
17
-68
-168
-156
-43
9
-53
-121
-224
-207
-69
60
-3
-197
-309
-147
90
121
-95
-292
-185
131
270
21
-244
-158
134
269
151
-31
-76
61
175
184
126
45
5
16
100
169
106
-51
-36
109
141
-3
-117
-28
134
137
-76
-237
-100
124
139
-58
-239
-250
-85
77
85
-65
-240
-249
-58
129
94
-126
-300
-151
164
214
-10
-212
-156
22
179
166
25
-75
-27
78
172
190
59
-39
18
135
223
185
32
-19
100
215
171
15
-32
87
179
131
-22
-115
-35
95
140
-13
-180
-142
-27
22
-43
-161
-175
-55
14
-89
-198
-146
26
61
-55
-169
-121
-4
72
65
-35
-122
-109
13
154
176
18
-156
-97
142
284
174
-49
-102
46
237
200
54
-60
-2
118
166
122
-27
-128
-39
139
194
-5
-168
-154
-3
144
61
-159
-248
-130
-5
26
-54
-135
-160
-195
-129
24
20
-169
-324
-172
108
162
-146
-366
-218
157
280
43
-257
-236
69
288
161
-28
-83
47
199
198
85
-21
-28
112
231
133
-55
-111
32
238
187
-89
-216
-22
206
199
-53
-220
-188
11
158
93
-119
-277
-222
6
154
19
-257
-299
-89
140
103
-132
-284
-169
96
156
27
-149
-149
6
122
160
34
-109
-84
96
258
201
-19
-142
20
272
282
103
-30
23
132
185
160
71
4
12
129
212
130
-71
-181
-38
191
197
-61
-282
-186
42
104
-61
-227
-157
-15
-20
-124
-147
-66
-15
-12
-49
-98
-115
-62
59
109
-2
-161
-177
45
259
198
-59
-215
-82
208
302
153
-63
-99
39
206
226
122
-35
-75
53
191
196
4
-169
-91
125
190
38
-133
-179
-51
107
87
-61
-191
-235
-107
87
109
-121
-339
-278
-9
117
-42
-286
-296
-75
151
63
-198
-296
-137
124
184
3
-158
-146
38
208
189
20
-66
3
173
221
104
-6
-9
105
179
109
-16
-14
54
95
109
33
-90
-65
55
160
84
-148
-261
-70
181
167
-125
-331
-244
38
155
2
-233
-255
-89
38
65
-65
-182
-180
-24
116
116
-37
-184
-89
85
180
90
-77
-72
73
171
178
79
-2
-9
75
168
237
169
-3
-28
133
268
165
-41
-86
103
258
153
-95
-195
-16
198
186
-97
-251
-141
0
46
-10
-151
-197
-100
-11
-18
-91
-142
-104
1
33
-65
-150
-91
63
100
-41
-151
-71
87
155
78
-60
-74
27
145
182
117
16
-39
54
185
161
36
-28
36
123
143
85
-43
-80
26
89
65
-14
-55
-80
-53
21
19
-72
-142
-129
-47
-23
-65
-125
-151
-146
-111
-67
-53
-111
-189
-138
-23
45
-78
-229
-175
51
203
87
-176
-222
82
287
153
-94
-119
103
294
213
-13
-94
57
215
169
44
-40
-8
100
155
56
-92
-110
65
216
117
-148
-302
-120
185
218
-65
-283
-234
-30
78
8
-130
-218
-155
-17
79
13
-156
-259
-117
138
194
-23
-268
-182
138
262
90
-125
-152
77
210
156
50
18
26
82
136
186
165
55
-26
81
233
186
28
-30
60
189
173
41
-93
-99
9
142
102
-87
-202
-127
0
52
-48
-191
-185
-66
6
-51
-149
-129
-19
20
-36
-115
-135
-30
89
73
-59
-125
-72
70
168
132
-43
-164
-33
232
287
94
-117
-55
151
236
114
-29
0
98
128
100
39
-22
-38
10
98
82
-38
-108
-87
21
70
-28
-149
-148
-86
-16
-43
-112
-118
-125
-172
-143
-21
12
-143
-273
-165
83
113
-122
-313
-158
125
180
21
-163
-143
54
211
153
28
-30
17
136
171
113
58
40
87
112
97
14
-31
76
162
71
-96
-106
56
146
97
-71
-199
-139
54
151
32
-178
-298
-190
57
165
-27
-256
-258
-33
123
3
-178
-199
-68
104
74
-54
-105
-42
26
43
79
66
-9
-13
50
151
146
76
4
33
102
164
183
120
51
17
110
200
148
23
-35
47
193
187
-23
-180
-62
160
155
-75
-220
-141
-10
35
-41
-148
-160
-86
-69
-65
-51
-60
-89
-72
-30
-63
-101
-52
64
101
-12
-167
-141
89
246
129
-135
-177
86
301
213
-20
-123
8
212
256
93
-63
-61
74
197
197
31
-146
-124
85
224
74
-150
-179
-32
88
60
-87
-126
-106
-81
-89
-53
-42
-88
-177
-213
-92
6
-51
-187
-194
-48
33
-48
-187
-185
-18
113
91
-48
-132
-81
88
187
118
24
-51
51
193
165
39
0
82
169
124
-6
-70
56
178
129
-22
-120
-56
99
124
54
-84
-194
-111
133
160
-58
-322
-284
38
208
5
-271
-296
-31
113
5
-173
-184
-69
39
48
-4
-51
-77
-38
40
74
90
2
-36
36
133
113
56
29
82
126
88
99
155
137
56
23
112
211
115
-16
8
159
186
55
-132
-98
94
192
21
-193
-175
-28
32
-13
-108
-150
-126
-84
1
-25
-139
-164
-73
49
29
-131
-193
-51
179
139
-85
-232
-113
156
255
94
-135
-157
22
240
271
106
-86
-110
82
284
236
-9
-122
-14
189
226
43
-135
-84
65
156
62
-78
-94
-46
-2
14
-47
-101
-104
-72
-60
-74
-111
-100
-88
-130
-172
-136
-38
-27
-97
-163
-134
-56
-18
-79
-88
19
86
-7
-156
-83
143
202
74
-60
5
136
181
104
4
45
125
137
67
4
2
42
111
120
36
-77
-74
57
163
95
-126
-246
-89
183
149
-124
-277
-197
3
94
-21
-163
-204
-133
4
66
-11
-175
-239
-83
153
164
-36
-209
-122
80
184
126
-66
-133
8
158
222
145
-4
-64
27
192
250
182
2
-72
72
280
243
47
-80
-3
151
207
81
-90
-124
15
141
85
-96
-200
-150
28
92
-65
-231
-202
-31
34
-63
-171
-122
0
26
-66
-139
-83
65
92
-37
-142
-90
29
151
150
0
-143
-105
127
307
214
-48
-176
38
299
261
4
-127
5
189
206
40
-73
-65
56
154
87
-79
-136
-43
52
54
-72
-171
-88
30
-8
-145
-187
-91
-1
-71
-184
-167
-98
-44
-95
-130
-94
-24
-58
-135
-155
-25
117
50
-102
-107
53
120
54
36
88
129
80
3
37
149
164
76
-5
27
102
106
56
15
27
12
15
21
60
42
-10
-78
-89
-39
38
29
-42
-149
-174
-101
10
15
-107
-176
-116
18
33
-118
-229
-118
110
119
-61
-176
-101
108
164
35
-67
-69
29
152
149
57
28
40
99
135
124
77
97
122
125
105
112
97
56
24
89
181
135
-43
-139
-19
160
160
-59
-240
-143
63
59
-99
-209
-134
-6
-1
-121
-183
-107
5
11
-51
-98
-110
-68
30
86
4
-102
-121
-19
160
195
12
-171
-95
127
258
175
13
-48
27
146
159
96
32
26
23
71
145
106
-49
-83
37
113
14
-65
-72
-43
16
13
-58
-106
-136
-136
-41
19
-33
-164
-278
-173
36
45
-133
-282
-202
12
85
-30
-225
-233
-16
167
115
-69
-184
-78
136
230
121
-36
-65
101
233
157
-2
-34
99
166
98
23
-6
35
102
87
-1
-57
-2
64
78
11
-95
-144
-69
84
88
-73
-219
-210
-40
88
11
-170
-218
-102
23
40
-67
-158
-149
-32
83
90
-15
-136
-107
45
166
126
-33
-110
-6
167
223
140
-6
-66
48
195
271
183
-18
-71
104
283
233
-25
-155
31
275
268
-15
-217
-106
128
177
-13
-175
-141
-29
-17
-32
-95
-152
-111
-47
-31
-85
-143
-103
-2
41
-57
-176
-111
96
151
-37
-201
-132
110
238
132
-108
-173
-1
213
237
89
-47
-44
74
187
173
75
-20
2
97
151
99
-7
-79
-12
86
90
-12
-77
-89
-58
27
66
-39
-146
-166
-94
-5
-11
-99
-187
-178
-50
-5
-98
-202
-193
-57
30
-12
-144
-236
-125
93
185
32
-190
-194
44
261
175
-47
-53
94
206
132
-13
-3
147
198
80
-28
-10
59
134
125
51
-95
-120
30
184
157
-53
-243
-197
82
224
33
-245
-273
-93
55
43
-68
-158
-188
-121
7
73
-35
-193
-206
-2
160
113
-104
-213
-27
147
131
3
-70
7
113
146
112
62
35
36
53
167
234
116
-15
14
174
263
124
-54
-43
130
231
122
-67
-160
-11
149
147
-64
-217
-149
15
74
-27
-214
-238
-54
85
-1
-205
-214
-30
79
-3
-149
-190
-40
130
128
-42
-175
-131
64
199
177
-8
-183
-105
165
322
213
-59
-166
34
253
240
49
-97
-26
130
209
128
-54
-119
-28
102
138
17
-115
-126
-8
88
10
-140
-177
-124
-33
-5
-57
-100
-137
-194
-191
-58
54
-61
-260
-234
-17
124
-19
-259
-228
19
198
89
-107
-147
20
149
122
22
28
80
115
112
86
79
76
74
89
70
14
8
85
150
45
-116
-92
99
176
84
-108
-211
-100
105
129
-34
-203
-205
-83
18
20
-87
-152
-145
-68
-24
-23
-69
-121
-110
0
74
1
-58
-10
9
-20
40
74
13
-5
52
134
153
76
10
31
117
192
163
44
18
106
225
174
3
-71
31
238
281
36
-205
-195
87
300
158
-217
-350
-96
171
126
-177
-333
-126
131
55
-189
-279
-118
94
104
-66
-232
-196
35
201
126
-127
-267
-100
182
271
96
-180
-202
90
311
253
-18
-139
7
219
239
78
-67
-38
118
200
132
-34
-110
-2
139
137
-22
-131
-81
25
71
4
-113
-159
-63
-34
-70
-81
-75
-71
-159
-196
-96
17
-34
-188
-250
-92
65
11
-175
-224
-60
127
119
-42
-160
-110
87
219
124
-1
-60
34
195
220
62
-66
8
191
210
64
-105
-73
121
266
104
-155
-189
34
243
182
-111
-296
-164
142
239
9
-284
-331
-78
190
121
-191
-323
-139
66
62
-94
-167
-111
-17
49
13
-62
-81
-36
56
45
57
29
-16
22
100
115
100
66
66
64
63
107
205
159
56
3
88
217
168
23
-45
84
182
93
-58
-101
17
140
70
-131
-184
-58
31
2
-118
-196
-123
-11
5
-96
-177
-137
-22
61
1
-131
-190
-61
142
128
-66
-210
-98
152
228
64
-131
-128
49
232
259
69
-107
-64
123
239
166
-11
-72
39
174
168
37
-75
-63
64
134
19
-106
-73
-13
11
5
-64
-92
-91
-92
-72
-58
-49
-68
-143
-205
-140
-29
-24
-123
-200
-111
22
12
-139
-230
-134
108
200
28
-209
-177
110
269
158
-54
-114
72
264
206
-12
-64
90
214
153
1
-74
-10
135
220
86
-145
-174
49
223
154
-110
-293
-153
143
218
-36
-282
-257
-27
111
21
-126
-223
-170
-44
43
29
-106
-225
-116
97
139
-22
-205
-113
124
183
78
-81
-88
66
167
121
68
41
56
67
88
151
194
128
18
0
149
216
120
-24
-25
146
212
79
-130
-137
58
195
75
-168
-227
-66
84
28
-132
-245
-123
63
37
-133
-266
-134
92
122
-65
-264
-191
97
223
27
-215
-199
18
232
216
-3
-208
-159
118
317
217
-4
-124
-4
204
237
91
-80
-28
134
208
82
-32
-46
-3
85
111
-7
-85
-59
-16
21
-3
-115
-149
-48
3
-45
-118
-128
-87
-97
-155
-128
-67
-76
-131
-154
-73
9
-49
-159
-190
-32
143
85
-140
-172
55
219
132
-56
-42
114
206
109
-8
5
136
166
75
-9
4
81
130
123
19
-78
-61
47
146
110
-54
-199
-123
68
148
-12
-172
-175
-91
-16
4
-44
-140
-188
-106
20
47
-82
-192
-165
25
112
28
-98
-126
3
89
61
42
-9
-13
23
104
144
121
47
-2
60
142
193
151
51
6
106
223
183
-6
-81
61
233
221
19
-173
-146
62
217
124
-161
-258
-71
68
-3
-126
-146
-107
-88
-108
-80
-35
-29
-73
-93
-71
-67
-33
28
44
-24
-108
-88
23
122
133
35
-125
-93
117
247
170
-14
-67
50
171
158
78
17
11
71
109
127
75
-86
-95
60
151
37
-76
-94
-56
22
23
-45
-115
-146
-117
-54
-14
-34
-106
-218
-204
-38
37
-85
-237
-213
-29
42
-37
-183
-191
-20
128
87
-66
-131
-54
115
180
110
-26
-13
89
181
154
44
-2
73
161
98
-9
-25
78
164
101
-37
-104
-25
128
138
16
-148
-198
-54
135
142
-85
-286
-240
22
154
34
-252
-291
-68
105
63
-128
-237
-156
48
145
40
-111
-164
-21
132
139
23
-92
-54
119
174
90
21
32
99
128
66
79
184
162
91
39
89
169
122
15
5
118
169
84
-69
-114
10
119
50
-101
-137
-87
-56
-20
-40
-117
-118
-108
-75
-68
-94
-88
-42
13
-40
-146
-145
15
164
75
-145
-207
5
236
193
-59
-183
-41
183
254
135
-52
-73
46
199
218
73
-35
-54
68
208
199
-41
-196
-50
159
220
-3
-197
-150
42
131
7
-191
-162
-33
14
-52
-143
-157
-99
-59
-77
-147
-151
-67
-71
-101
-112
-92
-72
-88
-91
-71
41
104
1
-135
-76
101
206
103
-20
24
109
138
74
25
77
150
109
6
-2
76
123
87
2
-30
-30
24
90
95
-10
-148
-159
16
140
46
-157
-269
-153
51
83
-61
-218
-187
-49
64
11
-116
-202
-156
21
162
126
-133
-248
-60
189
220
37
-160
-120
131
258
146
-10
-32
46
148
203
169
63
-3
55
179
253
145
-83
-81
141
288
155
-100
-198
-7
200
167
-82
-244
-155
32
61
-13
-168
-235
-113
23
33
-98
-224
-149
22
90
-17
-164
-148
-2
117
64
-85
-147
-44
136
191
85
-107
-130
53
244
240
40
-79
-25
150
238
99
-46
-32
100
177
120
-20
-76
-19
60
70
18
-32
-71
-51
1
-3
-66
-96
-80
-78
-90
-91
-67
-74
-145
-182
-133
-31
-40
-145
-155
-40
8
-89
-227
-131
89
166
8
-186
-152
96
254
127
-61
-58
96
208
136
8
24
103
146
110
24
1
21
66
148
85
-93
-152
36
238
147
-104
-289
-147
145
236
5
-274
-316
-108
137
153
-90
-305
-247
-7
127
20
-191
-234
-92
114
153
-24
-188
-130
75
146
85
-15
-80
-12
122
196
116
-9
-49
52
207
228
112
-37
-14
171
292
192
-40
-105
63
258
256
27
-163
-134
85
207
70
-163
-209
-33
95
24
-167
-245
-115
63
36
-155
-262
-140
57
117
-23
-204
-213
-19
146
141
-52
-212
-150
87
265
157
-103
-205
-8
226
266
94
-48
-37
93
197
164
29
-56
10
138
188
86
-94
-125
45
189
103
-95
-149
-52
88
48
-83
-146
-89
-15
-54
-98
-113
-81
-92
-156
-134
-53
-51
-131
-198
-91
27
-19
-157
-189
-87
63
100
-11
-110
-91
56
185
111
0
-16
67
163
145
55
5
57
135
140
43
-4
12
84
147
61
-82
-115
50
135
101
-17
-165
-186
9
165
80
-153
-270
-152
29
87
-31
-199
-234
-98
31
50
-27
-168
-229
-39
167
168
-66
-235
-141
106
271
138
-151
-194
68
297
241
11
-142
-7
215
273
137
-5
4
121
224
190
23
-79
32
197
252
85
-149
-189
55
253
135
-144
-274
-105
100
68
-116
-232
-156
16
21
-133
-212
-120
24
77
-29
-160
-188
-13
179
114
-148
-243
-50
206
250
26
-219
-152
142
284
173
-20
-68
34
128
163
126
42
-3
29
97
121
123
21
-85
-52
78
116
17
-65
-101
-79
16
54
-45
-167
-175
-78
32
-2
-121
-232
-204
-39
47
-72
-237
-259
-87
88
59
-133
-290
-180
91
216
53
-178
-183
63
237
151
-12
-27
69
180
123
20
12
93
165
106
18
2
38
97
98
28
-60
-59
44
141
85
-79
-160
-118
70
149
-11
-198
-239
-108
67
49
-87
-201
-172
-44
45
12
-121
-213
-120
109
179
-29
-243
-152
128
233
98
-138
-159
78
262
172
-25
-47
87
170
122
72
102
143
112
76
93
146
121
46
5
94
163
93
-45
-88
19
104
52
-92
-130
-55
27
-38
-156
-203
-63
60
-25
-190
-237
-69
83
106
-80
-252
-186
42
211
138
-120
-258
-128
159
283
112
-167
-224
14
304
328
73
-182
-152
126
373
216
-58
-147
3
206
235
100
-120
-154
25
178
122
-63
-131
-91
5
98
28
-134
-205
-128
-24
-1
-68
-117
-163
-171
-95
-10
-22
-159
-256
-134
70
92
-124
-329
-187
173
270
-5
-286
-229
170
356
126
-140
-110
144
265
186
-13
-70
46
195
210
68
-91
-65
86
216
147
-103
-204
-22
206
204
-81
-311
-197
148
264
5
-278
-304
-91
115
119
-90
-309
-254
19
189
27
-238
-298
-48
205
166
-81
-264
-130
115
194
55
-66
-54
43
147
129
95
41
5
55
132
193
163
94
26
45
142
196
115
4
-21
103
187
117
-63
-134
-15
172
136
-125
-230
-107
50
44
-113
-193
-116
-22
-29
-121
-155
-86
17
17
-49
-156
-130
27
136
53
-117
-173
-34
131
207
72
-158
-154
121
305
180
-49
-85
43
208
187
32
-40
17
120
149
97
18
-79
-55
71
141
43
-76
-120
-64
39
69
-52
-162
-121
-33
-19
-96
-116
-72
-121
-148
-122
-69
-80
-145
-138
-70
-17
-79
-151
-119
-5
72
22
-83
-87
-11
106
145
43
-12
50
144
164
71
-38
12
173
219
105
-51
-95
46
219
198
-40
-227
-107
169
275
74
-242
-323
-57
287
233
-149
-419
-281
95
241
31
-303
-363
-86
197
140
-179
-347
-158
113
192
21
-192
-189
58
199
117
-65
-122
-20
155
181
66
-8
14
108
178
117
69
78
95
105
131
170
139
9
-35
100
219
181
-29
-177
-95
151
234
32
-259
-234
17
128
25
-198
-291
-116
85
66
-151
-275
-143
74
132
-24
-252
-242
36
267
134
-194
-304
-52
245
272
16
-238
-137
146
326
218
-51
-164
-10
239
282
76
-96
-66
116
222
147
-56
-155
-16
184
186
-60
-188
-70
61
107
-4
-175
-199
-56
50
-16
-159
-198
-96
-44
-72
-104
-136
-142
-125
-104
-44
-24
-104
-162
-122
13
110
52
-90
-146
-43
172
213
21
-82
-11
187
257
75
-83
3
189
233
57
-114
-75
138
255
135
-107
-208
-47
188
212
37
-202
-261
-29
209
135
-138
-302
-178
34
95
-55
-188
-181
-67
23
11
-108
-167
-106
-10
93
59
-85
-180
-52
130
125
26
-67
-29
86
158
102
26
40
90
98
82
132
159
107
40
33
150
240
78
-58
17
168
210
38
-144
-120
97
213
61
-203
-233
-65
80
35
-114
-215
-132
5
-2
-139
-212
-81
93
62
-121
-226
-145
87
209
76
-192
-245
-14
230
230
-3
-196
-115
157
303
182
-68
-135
60
242
216
32
-78
26
171
191
49
-116
-84
80
183
66
-109
-130
-15
32
35
-14
-80
-85
-63
-115
-107
-88
-21
-45
-156
-232
-132
9
5
-153
-247
-102
53
19
-184
-253
-30
214
133
-142
-260
-37
263
268
13
-125
-27
166
236
105
0
22
91
141
118
16
-42
33
141
156
10
-138
-100
93
201
81
-177
-297
-42
241
175
-130
-333
-248
36
188
22
-272
-318
-67
147
90
-158
-268
-155
91
181
-15
-197
-110
113
119
4
-50
-22
59
134
97
21
45
99
118
57
60
136
166
103
71
80
130
120
53
37
92
139
125
20
-110
-70
94
156
30
-170
-202
-33
69
-31
-173
-181
-39
33
-50
-192
-196
-12
97
-7
-156
-188
-57
118
152
-10
-203
-186
38
247
197
-81
-236
-56
264
321
86
-131
-107
119
266
181
-28
-81
54
170
145
38
-34
-18
45
85
53
-58
-70
-8
9
-8
-75
-100
-46
-15
-77
-141
-100
-31
-39
-145
-219
-139
-10
-16
-153
-192
-96
-3
-28
-141
-140
-29
79
65
-55
-125
-23
166
152
36
-34
38
147
166
76
12
48
131
143
38
-41
1
98
193
121
-86
-200
-34
202
224
-9
-260
-247
36
278
134
-208
-409
-224
143
235
-23
-342
-307
-15
191
79
-207
-331
-134
152
237
4
-251
-210
71
237
144
-84
-186
-9
238
242
26
-108
-5
207
232
84
9
78
166
146
61
68
145
129
37
25
121
157
21
-122
-67
91
162
0
-185
-150
-4
27
-83
-196
-140
9
19
-98
-219
-160
25
97
-20
-165
-216
-64
171
177
-38
-243
-167
69
253
189
-56
-223
-75
168
293
188
-37
-108
3
198
245
97
-68
-66
78
207
184
-12
-159
-48
134
171
3
-134
-127
-24
78
50
-79
-184
-171
-64
22
1
-98
-185
-193
-96
-14
-50
-129
-198
-153
-37
13
-23
-162
-191
-32
144
107
-78
-180
-55
174
215
73
-37
-21
106
160
114
63
59
86
86
45
36
63
85
47
13
-20
-14
62
108
51
-67
-140
-86
41
97
-9
-164
-203
-90
27
8
-99
-179
-139
-18
23
-64
-123
-122
-74
23
60
-26
-99
-49
73
96
9
-79
-30
127
172
43
-59
29
182
192
85
-8
62
214
196
60
-1
96
176
96
17
51
140
131
-4
-119
-25
135
101
-78
-164
-85
19
-15
-124
-157
-82
-5
-34
-132
-186
-113
32
71
-23
-175
-213
-48
155
148
-59
-203
-129
111
233
127
-92
-190
-27
203
267
121
-72
-102
85
270
212
-34
-124
32
222
236
34
-171
-115
126
221
38
-154
-129
3
90
47
-88
-156
-85
-29
-68
-112
-96
-45
-71
-162
-179
-115
-53
-43
-131
-160
-71
8
-58
-185
-161
42
129
15
-122
-106
65
179
108
-7
2
94
159
102
12
12
112
177
116
4
-21
33
96
122
78
-51
-107
6
126
96
-28
-169
-149
52
166
31
-190
-276
-131
67
76
-68
-217
-205
-28
81
-14
-163
-216
-88
123
144
-45
-230
-150
124
224
78
-85
-101
30
172
148
71
10
25
90
149
142
120
82
65
103
153
139
61
-9
36
172
233
84
-133
-178
33
224
154
-151
-296
-115
120
103
-122
-293
-179
64
101
-91
-261
-194
-6
126
56
-155
-252
-116
131
203
11
-223
-179
80
275
165
-112
-218
-1
257
292
94
-113
-82
111
243
176
9
-51
23
112
186
104
-54
-125
-5
136
124
-27
-113
-110
10
62
-31
-150
-116
-29
-14
-82
-156
-130
-64
-86
-91
-96
-136
-173
-152
-36
34
-65
-194
-185
-28
116
94
-51
-162
-82
119
210
72
-49
-5
122
188
123
17
-2
79
168
143
10
-54
2
151
217
26
-184
-137
114
223
94
-159
-258
-72
159
146
-66
-235
-222
-68
75
46
-135
-236
-133
31
77
-60
-198
-181
-28
105
75
-77
-152
-40
116
112
4
-61
-32
62
160
141
34
-3
46
145
160
116
70
67
126
168
145
96
14
24
132
187
116
-30
-119
-19
142
167
4
-212
-182
13
109
-31
-228
-230
-25
111
6
-211
-283
-114
121
126
-90
-255
-177
37
205
94
-171
-242
-26
216
236
21
-190
-140
116
276
204
-12
-120
13
193
230
104
-35
-60
87
191
137
-3
-96
-36
91
134
-8
-75
-66
-22
11
12
-43
-89
-129
-111
-75
-28
-21
-84
-181
-199
-84
3
-51
-167
-225
-106
35
19
-141
-246
-127
107
177
-5
-178
-113
128
197
89
-25
8
105
166
97
5
50
124
147
75
6
-13
48
124
129
8
-108
-48
59
122
96
-71
-201
-131
61
154
9
-210
-274
-96
80
59
-86
-234
-201
-22
104
-4
-175
-226
-82
120
149
-39
-188
-88
85
92
46
13
-1
49
81
69
84
91
70
40
63
175
208
82
-18
38
189
256
102
-96
-35
173
277
112
-167
-223
23
263
188
-140
-339
-155
126
89
-120
-272
-152
36
45
-114
-203
-116
41
49
-70
-185
-145
30
175
91
-157
-249
-47
214
267
31
-213
-159
158
334
197
-70
-156
50
255
255
34
-142
-36
209
249
89
-109
-125
54
205
106
-111
-171
-4
121
63
-101
-204
-108
57
51
-124
-229
-150
9
26
-128
-245
-177
-21
4
-115
-175
-109
-23
-53
-117
-77
42
54
-30
-110
-42
146
140
23
-22
59
161
135
34
-6
86
153
149
57
-25
-16
58
181
155
-24
-180
-75
149
215
34
-209
-213
-6
174
111
-135
-273
-194
18
106
-23
-193
-231
-90
69
38
-128
-197
-136
17
126
49
-127
-164
0
117
79
37
-27
-32
48
97
121
91
52
37
37
104
210
151
25
19
114
206
162
21
-34
79
189
164
1
-130
-53
106
167
23
-195
-212
-19
91
-6
-191
-229
-70
96
8
-193
-275
-95
123
115
-98
-263
-181
79
240
87
-191
-259
-36
235
294
20
-270
-184
181
390
211
-130
-184
73
311
268
6
-152
-26
177
243
98
-62
-103
-8
134
118
-28
-108
-68
20
32
-11
-81
-96
-67
-76
-100
-93
-45
-42
-140
-185
-129
-31
-52
-160
-169
-77
3
-14
-129
-187
-50
87
101
-23
-125
-85
95
163
92
16
5
71
136
142
84
24
57
137
118
11
-26
52
105
102
6
-76
-24
93
102
-22
-135
-103
28
114
6
-158
-220
-120
31
72
-54
-224
-196
-28
49
-24
-153
-160
-46
52
56
-67
-133
-31
78
61
-20
-33
16
78
114
72
15
51
109
132
62
24
110
176
182
88
16
51
137
144
95
39
75
102
40
-58
-42
82
123
-8
-182
-138
8
18
-64
-166
-127
-21
-5
-122
-189
-84
56
41
-113
-194
-143
4
151
88
-110
-209
-101
126
247
135
-121
-212
-6
221
282
86
-108
-73
123
243
193
5
-96
3
189
223
85
-98
-138
33
212
154
-122
-215
-33
122
84
-77
-173
-79
14
-35
-135
-158
-65
-1
-94
-199
-174
-99
-24
-52
-143
-131
-74
-64
-100
-106
-25
47
50
-29
-99
-27
120
164
44
-34
41
149
166
45
-9
80
207
156
-21
-82
23
179
195
36
-120
-122
35
185
134
-66
-211
-143
61
189
26
-204
-268
-94
108
65
-127
-271
-175
38
103
-30
-236
-229
-46
158
164
-103
-290
-146
183
271
30
-197
-157
112
294
194
-80
-147
66
265
224
23
-48
80
211
193
90
42
51
69
85
128
153
81
-34
-94
8
139
115
-88
-223
-125
34
42
-55
-144
-179
-87
0
-36
-127
-173
-76
37
44
-102
-200
-116
100
181
-7
-201
-166
32
211
184
-24
-187
-55
174
267
152
-14
-73
23
166
206
73
-17
18
105
118
114
17
-76
-11
94
68
-44
-32
-2
-12
-47
-70
-65
-26
-40
-84
-127
-98
-58
-55
-110
-139
-122
-105
-91
-132
-152
-43
26
-72
-204
-151
49
168
47
-162
-185
40
260
191
-59
-108
51
219
229
71
-60
-11
157
226
88
-65
-67
86
205
150
-48
-207
-67
164
216
6
-249
-229
29
216
91
-186
-309
-154
70
80
-59
-209
-198
-26
59
-35
-173
-160
-25
66
38
-69
-123
-27
105
70
-47
-50
43
102
84
13
40
126
157
60
2
36
184
208
86
29
74
180
157
41
-14
71
162
153
16
-121
-72
94
142
-3
-135
-150
-80
1
-12
-112
-175
-120
-38
-43
-108
-121
-49
2
-35
-100
-109
-54
47
78
-24
-109
-66
46
143
85
-35
-104
11
175
181
82
-12
2
130
202
89
-32
-34
120
204
125
-6
-123
-45
143
192
9
-178
-118
43
115
47
-135
-192
-75
37
-28
-122
-154
-78
-36
-98
-148
-159
-109
-54
-89
-100
-93
-94
-104
-78
-48
1
48
-3
-91
-79
76
174
73
-37
17
139
171
94
-2
17
149
191
89
-32
-37
42
145
155
40
-132
-107
91
208
85
-131
-216
-99
121
156
-35
-223
-238
-61
96
47
-127
-261
-175
15
114
-27
-212
-233
-55
145
127
-67
-210
-101
124
140
17
-75
-56
90
179
83
-24
3
130
195
77
-7
49
166
222
140
23
44
113
113
81
69
98
80
-3
-71
10
135
79
-106
-213
-104
94
28
-173
-234
-91
63
31
-146
-240
-152
38
109
-24
-193
-198
-30
171
148
-103
-232
-93
151
247
68
-177
-136
112
260
192
9
-64
13
141
185
132
41
-58
6
151
203
98
-93
-137
15
185
138
-37
-143
-109
44
85
-31
-156
-132
-35
-25
-58
-94
-131
-121
-131
-100
-58
-74
-129
-164
-102
-12
-34
-133
-197
-94
104
143
6
-162
-147
63
206
116
3
11
68
138
125
49
36
90
141
104
15
-53
13
118
163
67
-100
-130
40
171
141
-60
-245
-192
80
245
50
-238
-336
-131
118
134
-65
-272
-241
-35
111
41
-136
-230
-144
76
176
-18
-190
-138
57
141
100
-17
-62
2
119
121
89
69
53
52
39
131
190
123
54
45
119
196
101
-8
18
130
205
84
-66
-117
-3
136
82
-83
-182
-93
17
-17
-106
-156
-76
3
-67
-180
-153
-34
44
16
-98
-177
-134
17
148
74
-119
-204
-58
175
235
57
-145
-152
60
245
248
49
-117
-62
137
271
208
-5
-128
11
190
195
61
-95
-86
79
145
22
-77
-70
-20
24
3
-65
-100
-91
-61
-47
-54
-92
-141
-126
-108
-83
-83
-120
-147
-159
-44
36
-76
-199
-179
0
144
99
-99
-212
-39
175
196
23
-75
41
156
152
57
17
72
131
146
72
-10
-37
48
165
158
11
-149
-122
82
216
109
-123
-256
-123
142
178
-43
-268
-231
-11
107
-14
-157
-203
-101
9
16
-85
-174
-149
-24
106
64
-120
-170
-12
127
104
-7
-85
-29
111
178
75
5
21
97
139
111
87
54
57
149
200
132
65
9
57
131
155
108
5
-93
-57
91
138
26
-143
-164
-25
53
-46
-174
-189
-49
59
-28
-214
-218
-54
94
81
-87
-248
-204
66
240
116
-196
-309
-59
269
320
51
-263
-244
108
364
283
-18
-202
-58
228
310
110
-107
-97
115
252
169
-19
-152
-79
138
216
33
-159
-141
-5
99
70
-107
-193
-110
2
2
-94
-166
-111
-82
-82
-88
-129
-134
-116
-112
-55
-14
-81
-162
-144
-19
106
64
-73
-138
-51
122
161
64
-17
48
109
120
88
13
50
148
175
68
-71
-23
107
175
102
-50
-135
-25
152
155
-11
-197
-159
41
143
36
-156
-209
-106
2
17
-60
-143
-171
-90
33
27
-121
-196
-141
21
134
33
-156
-174
18
135
99
-12
-70
-20
103
165
97
7
22
90
111
91
134
123
78
80
95
141
147
100
-6
12
129
221
101
-115
-185
6
202
157
-136
-279
-110
77
53
-109
-228
-124
40
-3
-138
-211
-95
48
62
-55
-176
-166
37
196
93
-174
-260
-25
235
257
19
-236
-154
180
320
160
-96
-117
69
238
229
52
-101
-45
151
226
165
-61
-174
-20
194
177
-68
-169
-45
67
78
-40
-185
-152
-8
45
-53
-174
-159
-45
-59
-119
-112
-123
-134
-149
-74
2
-38
-150
-199
-96
84
128
3
-157
-161
35
235
194
-74
-134
72
263
236
2
-158
2
285
315
31
-224
-140
180
340
157
-165
-248
-28
206
246
17
-245
-263
-17
229
149
-141
-327
-218
64
179
-18
-289
-279
-5
144
21
-208
-248
-116
130
189
-28
-272
-201
105
268
93
-159
-187
65
303
223
-44
-167
33
265
258
31
-64
61
219
211
82
6
73
129
112
80
100
101
4
-88
-21
90
127
-19
-176
-146
18
32
-79
-173
-154
-35
9
-74
-180
-155
-35
71
28
-126
-219
-124
105
220
47
-226
-224
29
263
223
-57
-236
-86
199
308
146
-77
-118
85
248
196
7
-82
32
176
163
70
-26
-74
36
115
44
-73
-73
-4
42
25
-70
-133
-78
-22
-46
-103
-115
-83
-54
-133
-158
-91
-60
-69
-151
-159
-58
15
-62
-169
-177
-24
111
111
-53
-162
-70
168
214
28
-65
28
178
199
46
-53
40
149
170
102
-11
-72
6
163
229
16
-200
-116
121
215
57
-193
-254
-10
231
136
-187
-346
-174
118
142
-101
-272
-207
7
125
3
-234
-246
-64
107
137
-30
-198
-159
80
198
84
-90
-131
18
194
183
36
-35
41
146
145
76
82
96
114
149
116
94
89
71
67
95
96
84
30
-17
-36
3
17
1
-30
-65
-80
-96
-72
-74
-77
-44
-58
-124
-166
-101
7
40
-37
-130
-145
-70
72
164
3
-197
-183
55
272
201
-100
-250
-63
247
317
102
-100
-93
115
254
177
-17
-92
57
197
185
24
-115
-92
96
192
52
-152
-128
34
128
42
-126
-211
-102
53
18
-125
-222
-103
32
-32
-152
-220
-155
-41
-24
-104
-145
-96
-58
-65
-84
-62
25
48
-28
-74
11
127
87
17
21
89
151
130
6
-7
117
206
136
-23
-80
19
165
207
45
-157
-157
66
230
137
-118
-251
-136
125
202
-26
-261
-244
-54
115
65
-138
-265
-176
52
122
-54
-251
-216
7
157
81
-150
-236
-48
196
178
-32
-129
-47
124
193
89
-32
10
122
152
64
15
117
197
168
49
-17
86
204
143
26
8
106
181
67
-90
-111
9
146
99
-112
-238
-127
31
46
-64
-202
-167
-37
-4
-60
-128
-106
-28
8
-32
-107
-114
3
115
57
-95
-172
-24
177
186
-8
-165
-51
167
230
114
-45
-34
110
219
115
-32
-47
104
192
160
1
-129
-59
132
205
25
-169
-132
18
115
55
-124
-194
-69
60
-13
-180
-209
-70
50
-66
-214
-207
-82
4
-60
-149
-133
-44
-40
-110
-141
-33
110
78
-66
-154
-21
196
172
25
-50
27
156
172
49
-21
70
188
149
-3
-57
10
136
167
33
-121
-81
76
160
86
-77
-183
-140
28
175
71
-152
-292
-190
65
137
-35
-253
-245
-24
127
6
-184
-215
-73
103
126
-67
-201
-91
106
148
62
-60
-88
37
200
163
-9
-45
87
189
112
34
68
131
155
116
53
96
121
88
64
100
143
72
-68
-86
37
137
59
-87
-179
-58
48
-33
-159
-161
-60
32
-41
-180
-217
-59
77
69
-98
-211
-178
19
206
145
-123
-265
-121
166
298
112
-181
-243
24
305
308
31
-191
-98
198
353
151
-129
-152
116
334
185
-65
-166
-57
157
193
3
-163
-98
54
57
-46
-108
-93
-8
-10
-84
-162
-120
-43
-16
-115
-199
-166
-79
-19
-88
-176
-111
-10
-15
-140
-161
-5
131
68
-120
-161
22
232
192
-38
-102
67
227
204
-6
-65
69
215
185
6
-88
-16
120
181
85
-76
-145
-19
145
159
-23
-203
-177
62
192
3
-229
-251
-64
90
42
-143
-231
-112
39
12
-121
-150
-80
10
43
-7
-137
-118
60
169
32
-99
-93
38
174
120
-2
-21
93
205
154
-5
-11
100
210
192
90
19
69
120
116
112
90
59
37
-14
-26
30
75
30
-64
-115
-54
-7
-70
-123
-126
-59
9
-65
-178
-176
-46
52
23
-99
-156
-113
14
117
68
-90
-155
-80
98
220
126
-131
-171
32
215
243
85
-77
-64
89
246
174
-5
-79
24
159
199
85
-78
-115
29
161
102
-69
-130
-56
32
83
5
-142
-182
-113
-28
3
-53
-118
-171
-151
-73
-31
-87
-178
-199
-101
67
56
-152
-281
-150
112
212
17
-194
-162
76
247
162
-57
-78
93
215
153
-20
-34
110
219
155
-38
-90
37
179
161
1
-154
-113
103
220
69
-155
-231
-66
154
154
-78
-238
-169
-27
27
-34
-150
-157
-53
15
-32
-133
-140
-71
-9
51
-5
-105
-95
34
108
28
-49
-28
47
99
107
51
28
76
112
103
78
75
106
145
115
87
73
123
147
74
32
47
122
119
-32
-109
-12
148
123
-78
-232
-131
35
43
-92
-184
-119
16
-2
-150
-208
-77
85
50
-101
-195
-165
48
216
76
-170
-258
-55
205
270
66
-183
-179
112
298
187
-51
-101
60
216
175
17
-63
35
200
188
43
-74
-73
44
152
95
-73
-158
-38
92
94
-34
-191
-172
-14
70
-31
-194
-196
-61
-12
-90
-148
-166
-118
-77
-74
-36
-52
-135
-192
-115
38
118
44
-132
-198
-28
233
241
-40
-140
46
253
252
24
-152
-15
265
307
50
-176
-115
129
274
170
-106
-226
-56
184
244
49
-233
-284
-16
260
178
-171
-347
-195
77
139
-48
-255
-245
1
147
1
-243
-245
-26
139
75
-94
-189
-97
127
171
18
-110
-60
68
172
131
13
-43
55
155
168
63
30
111
151
137
97
102
102
72
37
79
149
145
28
-125
-106
101
197
30
-172
-196
8
76
-49
-196
-188
-38
46
-54
-187
-183
-37
73
20
-136
-185
-93
57
156
40
-143
-179
-12
167
200
39
-163
-138
126
285
186
-35
-123
21
237
238
43
-107
-45
167
225
113
-76
-131
45
175
93
-97
-111
12
41
7
-65
-111
-55
-31
-86
-136
-107
-13
-8
-133
-232
-151
-26
-3
-117
-230
-124
14
15
-113
-200
-99
72
120
4
-113
-95
72
180
85
11
47
77
113
75
56
77
143
146
24
-77
-10
133
210
121
-61
-180
-60
166
194
-1
-196
-222
4
221
106
-194
-294
-121
87
70
-110
-229
-164
21
85
-43
-220
-221
-11
135
79
-90
-206
-107
118
169
12
-77
-39
56
134
101
8
6
106
164
103
26
60
145
174
138
35
13
133
174
86
11
71
131
67
-23
-60
-7
81
53
-91
-155
-55
37
-38
-155
-177
-63
54
-27
-181
-230
-82
109
115
-86
-271
-204
85
260
91
-205
-274
-27
272
277
-27
-282
-159
190
372
226
-79
-201
0
278
314
78
-157
-127
143
317
206
-81
-254
-77
238
264
-16
-250
-171
88
190
22
-226
-251
-46
116
32
-172
-232
-134
-16
-2
-109
-205
-166
-66
-51
-36
-55
-153
-176
-100
44
92
22
-96
-130
16
203
153
-52
-92
72
227
216
15
-108
18
240
262
34
-166
-103
148
283
169
-142
-247
-48
239
241
-29
-260
-222
42
232
104
-184
-294
-151
52
101
-40
-210
-203
-30
88
-21
-164
-196
-82
66
88
1
-160
-134
68
141
42
-41
-67
33
145
144
38
-5
67
138
135
27
43
107
183
194
94
6
50
106
128
98
69
70
51
-39
-56
73
140
27
-163
-193
-29
82
-14
-179
-208
-69
61
-13
-169
-226
-61
100
65
-105
-229
-132
83
171
51
-158
-199
-6
220
221
-19
-208
-116
150
307
193
-69
-173
17
280
291
57
-137
-79
157
248
132
-67
-135
-7
174
134
-67
-144
-80
47
69
-23
-104
-110
-69
-50
-74
-115
-91
-47
-101
-161
-114
-84
-52
-109
-154
-103
-25
-57
-136
-156
-34
116
86
-84
-166
-31
184
187
6
-66
70
206
167
-29
-92
104
289
201
-54
-173
-14
218
236
40
-149
-160
51
201
143
-44
-197
-194
12
178
111
-152
-296
-154
72
118
-76
-261
-220
9
140
-14
-240
-263
-51
175
149
-123
-236
-30
165
146
-3
-136
-82
131
243
110
-79
-53
132
245
136
-1
-7
84
206
213
88
15
42
90
129
125
114
54
-37
-60
16
124
89
-53
-189
-111
56
47
-108
-219
-133
46
61
-119
-258
-188
31
164
28
-193
-257
-86
161
201
-20
-254
-230
60
314
259
-79
-314
-125
264
394
127
-186
-196
114
365
260
-68
-220
-9
297
315
25
-224
-133
137
271
66
-206
-167
67
162
30
-182
-198
-47
47
-26
-179
-180
-47
6
-90
-179
-168
-106
-19
-33
-126
-178
-120
-18
-45
-116
-85
23
85
5
-79
-59
79
146
78
9
37
119
132
51
20
79
166
116
-16
-49
57
161
144
45
-85
-136
-2
164
161
-35
-218
-182
50
219
60
-206
-274
-96
108
52
-134
-242
-129
40
53
-100
-182
-139
-33
99
74
-84
-172
-34
125
113
-30
-118
-18
160
193
76
-62
-38
131
209
102
11
54
138
193
140
53
34
84
93
144
119
71
32
-18
1
35
24
31
-24
-80
-66
-44
-67
-89
-86
-104
-55
-63
-130
-144
-53
21
9
-64
-131
-155
-59
112
146
-39
-179
-124
69
194
145
-64
-197
-24
239
288
80
-135
-91
120
284
185
-57
-115
71
249
207
-7
-173
-86
144
224
21
-203
-144
78
136
34
-140
-192
-92
35
7
-134
-175
-84
-41
-81
-125
-153
-112
-40
-84
-147
-136
-50
-13
-93
-131
-81
58
117
10
-140
-83
111
178
96
21
0
68
137
92
37
84
144
121
11
-37
29
113
147
72
-89
-135
-14
155
179
-12
-229
-211
63
217
56
-201
-301
-135
116
107
-91
-258
-190
21
102
-34
-237
-223
-20
166
125
-107
-231
-58
156
146
-5
-99
-28
111
157
85
-2
21
114
156
98
30
62
141
171
153
70
28
96
131
108
71
68
70
24
-29
-3
59
75
-46
-172
-111
15
14
-95
-149
-115
-24
-38
-140
-182
-70
59
41
-79
-212
-171
40
184
108
-116
-203
-90
94
216
143
-78
-200
-16
258
284
72
-152
-96
141
298
200
-88
-188
41
291
292
13
-274
-186
174
334
54
-259
-207
49
224
83
-213
-270
-47
125
18
-211
-248
-50
48
-81
-214
-199
-78
2
-57
-158
-143
-61
-61
-109
-103
11
102
29
-108
-127
32
194
150
12
-47
53
180
149
21
-15
83
207
128
5
-75
4
140
197
78
-131
-164
32
211
139
-73
-241
-158
111
217
15
-233
-298
-114
100
118
-90
-273
-214
37
134
-53
-229
-175
9
138
52
-150
-194
24
179
109
-68
-104
14
154
184
68
-52
-1
141
167
109
21
69
147
187
128
31
45
124
160
81
36
51
85
41
-28
-28
47
74
-25
-143
-122
1
-11
-99
-173
-130
-19
18
-90
-178
-132
11
51
-50
-155
-169
-59
128
168
-27
-207
-148
68
226
155
-70
-171
17
216
215
67
-68
1
135
179
58
-16
44
134
131
40
-36
-47
47
131
67
-70
-92
1
54
16
-79
-92
-77
-63
-68
-65
-63
-81
-109
-143
-101
-51
-79
-156
-185
-99
9
-1
-120
-194
-152
3
127
69
-82
-160
-65
126
211
59
-62
11
136
211
111
-34
-11
149
185
92
-34
-50
45
161
147
24
-131
-90
72
169
94
-116
-225
-105
138
196
-20
-283
-302
-18
170
57
-191
-306
-137
120
128
-114
-265
-172
23
163
90
-161
-235
8
211
142
-62
-141
-20
149
168
73
-19
14
140
140
66
36
105
157
137
99
67
80
99
99
121
76
56
49
6
-20
-11
49
55
-26
-137
-101
-20
-48
-97
-132
-76
3
-49
-185
-196
-53
91
66
-117
-248
-125
96
208
32
-217
-228
10
245
216
-3
-186
-140
122
286
214
-18
-152
-22
233
299
72
-137
-71
172
266
100
-105
-145
24
222
182
-92
-204
-86
83
117
-14
-179
-145
-31
35
-41
-181
-147
-49
-48
-88
-158
-160
-82
-24
-77
-132
-125
-89
-61
-88
-38
23
18
-14
-72
-36
81
143
42
-30
45
153
175
90
-20
-2
145
235
98
-96
-101
61
211
208
-12
-221
-145
145
263
95
-186
-269
-84
172
197
-43
-287
-271
-23
145
72
-181
-301
-154
91
129
-82
-278
-217
46
221
90
-204
-249
13
236
154
-72
-167
-4
207
205
1
-93
20
232
232
49
-42
47
180
221
136
9
21
108
156
113
54
28
26
24
37
38
21
-33
-85
-73
-18
-3
-86
-149
-144
-47
35
-34
-178
-220
-71
108
89
-117
-252
-152
95
224
60
-198
-260
-6
253
246
3
-240
-147
159
328
190
-72
-170
29
271
279
40
-165
-68
204
288
94
-129
-143
47
228
148
-104
-185
-79
77
128
-12
-171
-180
-51
22
-26
-132
-160
-97
-56
-88
-130
-128
-89
-88
-128
-119
-47
-34
-91
-160
-90
71
125
-10
-159
-119
110
247
129
-65
-78
83
242
172
-25
-60
120
225
125
-41
-85
49
186
140
-35
-140
-44
121
162
24
-156
-205
-17
151
116
-112
-281
-174
48
111
-27
-240
-238
0
139
-14
-255
-247
-32
152
109
-111
-211
-44
173
124
-64
-119
-3
124
166
67
-22
-4
99
176
116
55
82
81
120
169
138
78
53
36
87
156
161
55
-39
-70
0
122
117
-26
-192
-149
43
75
-97
-238
-169
29
94
-77
-289
-245
26
180
60
-170
-289
-160
135
286
83
-270
-322
3
337
317
-43
-347
-174
235
398
201
-140
-231
61
352
300
-32
-217
-57
272
348
72
-242
-203
124
339
136
-239
-286
18
217
149
-124
-288
-140
113
96
-115
-268
-190
-8
43
-72
-170
-202
-149
-59
-22
-35
-125
-193
-138
14
85
13
-78
-123
-43
93
165
110
-53
-60
128
224
140
-18
-64
107
242
173
-20
-133
-24
186
251
87
-158
-217
-3
242
210
-59
-257
-181
75
226
52
-218
-280
-113
102
102
-107
-276
-184
23
91
-22
-186
-203
-61
108
122
-53
-175
-107
80
135
62
-67
-76
30
130
131
79
23
48
99
88
59
130
179
131
44
21
120
201
126
15
12
85
144
88
-37
-99
1
119
87
-90
-187
-100
-14
-1
-96
-171
-95
11
-27
-140
-191
-73
56
58
-105
-221
-126
104
209
28
-215
-182
63
240
169
-74
-209
-58
225
290
93
-110
-90
96
273
198
-17
-133
17
214
215
30
-129
-85
131
206
13
-189
-125
82
131
-8
-156
-169
-42
64
-6
-153
-223
-80
53
-44
-188
-239
-140
9
3
-139
-175
-99
-28
-43
-93
-77
13
60
12
-91
-62
84
163
52
-6
62
148
149
31
-25
89
195
158
-10
-98
-12
164
236
64
-168
-217
60
280
189
-120
-299
-153
111
222
20
-266
-264
-68
108
78
-121
-262
-176
35
120
-35
-249
-232
-3
161
112
-107
-259
-88
200
233
-27
-187
-59
164
215
62
-83
-18
148
213
152
10
11
130
176
149
96
58
72
58
82
143
131
92
-23
-110
-24
118
129
9
-168
-191
-32
68
-19
-161
-198
-67
61
-31
-201
-225
-16
141
46
-158
-263
-103
165
228
-30
-258
-193
100
278
176
-114
-222
-19
235
268
77
-85
-79
87
256
193
-11
-124
13
242
227
35
-155
-107
123
232
46
-204
-168
52
144
41
-154
-195
-69
49
-10
-126
-154
-79
-73
-104
-97
-131
-148
-127
-84
-60
-59
-95
-109
-117
-90
25
94
36
-94
-128
-13
169
172
37
-40
53
164
151
13
-26
101
228
139
-60
-86
37
171
196
45
-163
-162
70
221
130
-78
-207
-148
71
152
2
-177
-220
-100
56
73
-86
-237
-197
-15
101
-8
-178
-190
-45
88
84
-73
-152
-16
143
62
-57
-75
55
135
106
-2
-37
99
197
136
-3
-29
144
252
176
21
-24
101
201
137
31
22
110
147
39
-100
-86
66
150
38
-175
-186
-16
27
-45
-146
-166
-51
-1
-73
-158
-125
-8
34
-45
-155
-138
-24
119
107
-58
-230
-130
122
272
123
-163
-210
55
294
246
-31
-157
8
240
279
44
-139
-88
156
289
138
-81
-181
-24
233
229
-57
-284
-158
147
224
-34
-260
-204
11
125
13
-216
-281
-73
71
-2
-144
-247
-208
-52
19
-44
-122
-148
-94
-40
-54
-51
4
44
-7
-78
-32
117
146
58
-3
31
135
149
43
5
107
171
111
-23
-60
44
168
163
52
-131
-180
34
231
204
-72
-305
-240
109
282
66
-259
-339
-106
151
148
-114
-310
-205
62
144
-79
-259
-186
24
154
74
-143
-213
8
196
120
-84
-141
-9
179
201
37
-87
-5
176
228
82
-24
44
145
188
145
74
64
70
70
97
115
116
65
-39
-89
18
151
104
-92
-223
-103
54
33
-109
-188
-131
8
20
-102
-244
-163
52
160
-5
-251
-272
-10
279
200
-156
-344
-144
235
313
65
-216
-185
115
293
189
-15
-107
11
166
220
99
-52
-49
102
200
124
-26
-86
-6
136
132
-53
-133
-53
65
82
-36
-143
-134
-27
39
-48
-181
-165
-30
-7
-55
-158
-218
-142
-34
-25
-93
-121
-92
-73
-101
-92
-2
70
35
-84
-108
19
172
151
16
-23
45
144
141
34
23
95
141
88
14
-4
46
110
115
24
-88
-70
70
136
63
-80
-185
-100
81
164
-27
-206
-215
-52
53
22
-124
-205
-120
16
48
-75
-188
-157
-17
114
70
-123
-169
-6
127
88
-13
-44
-10
97
123
40
17
97
147
103
24
59
136
155
131
79
68
89
104
103
98
95
85
29
-28
-32
57
116
47
-102
-188
-81
53
0
-151
-188
-57
47
-36
-200
-202
-24
104
17
-142
-212
-109
102
183
34
-200
-213
4
219
216
-20
-183
-143
120
287
195
-15
-140
-23
206
288
112
-110
-114
133
296
186
-76
-223
-75
217
270
-27
-267
-153
126
199
-6
-241
-210
24
86
-52
-205
-192
-13
22
-106
-208
-182
-70
-11
-81
-137
-100
-88
-97
-110
-36
69
68
-37
-134
-80
78
175
87
-31
17
133
162
80
-32
17
158
216
91
-77
-97
74
215
159
-23
-145
-90
115
194
75
-154
-248
-90
177
192
-51
-294
-277
-18
156
66
-167
-291
-162
58
121
-83
-231
-169
24
158
57
-163
-179
18
165
94
-56
-75
23
128
126
58
6
33
124
153
97
53
59
94
168
168
93
46