#4
172
352
224
-111
-243
-61
228
292
77
-171
-161
74
236
180
12
-121
-139
-10
144
135
-53
-210
-163
81
179
34
-192
-226
-39
137
75
-113
-174
-55
50
104
50
-126
-182
-47
193
249
-23
-232
-141
138
338
181
-129
-213
35
284
252
20
-95
24
174
181
50
-16
58
128
119
34
-26
-9
50
116
69
-69
-121
16
112
64
-64
-144
-84
54
105
14
-121
-120
-33
42
49
-27
-67
-92
-48
44
86
1
-113
-149
15
197
117
-106
-152
25
190
152
-17
-81
-4
129
156
75
-20
-12
70
128
76
32
-32
-34
74
154
94
-45
-128
-30
107
120
-16
-123
-135
-51
69
84
-27
-180
-182
-37
102
38
-170
-240
-50
106
31
-127
-154
-50
68
62
3
-56
-58
28
90
89
2
-77
-14
125
185
78
-95
-82
89
181
116
-16
-49
55
97
48
40
61
18
-9
19
115
137
-29
-161
-49
137
130
-59
-173
-73
67
33
-87
-93
0
9
-50
-80
-40
-4
-39
-59
13
59
-19
-104
-50
94
152
13
-93
-44
71
163
120
-2
-97
-15
167
238
148
-44
-89
97
253
174
-45
-104
67
236
127
-115
-145
63
228
123
-137
-169
-21
106
94
-22
-135
-145
-50
87
119
-9
-167
-173
-13
91
51
-72
-117
-81
-12
42
15
-6
-80
-74
39
105
63
-53
-89
39
178
119
-43
-77
51
192
171
-18
-103
18
168
164
51
-65
-77
20
120
145
67
-79
-170
-49
153
182
-13
-254
-213
29
179
51
-133
-202
-136
-9
38
-43
-69
-84
-88
-60
-26
-3
-11
-11
-22
-44
-59
13
142
121
-37
-81
-31
127
175
59
-80
-41
72
116
71
35
35
53
16
22
76
109
21
-70
-9
104
151
73
-151
-173
78
205
49
-186
-208
21
200
57
-190
-239
-42
146
115
-103
-256
-158
65
199
99
-162
-277
-66
229
264
5
-252
-178
89
265
182
-33
-147
-40
152
233
138
-31
-74
73
264
169
-58
-95
99
240
124
-103
-156
45
206
117
-68
-150
-54
26
40
49
-20
-121
-130
10
127
35
-137
-182
-47
85
70
-65
-141
-62
15
47
0
-77
-98
-49
64
140
35
-110
-102
67
196
108
-90
-115
107
254
146
-112
-114
101
211
146
-39
-57
31
59
57
75
54
-11
-91
-73
48
123
73
-92
-195
-144
32
161
51
-176
-285
-134
106
132
-107
-288
-169
72
154
-49
-265
-141
123
212
0
-207
-137
117
192
39
-99
-90
73
183
131
-10
-119
-48
104
207
147
-66
-104
11
144
140
2
-56
27
97
42
17
11
-27
-24
-7
29
20
-43
-82
-28
19
-20
-104
-94
-13
19
-52
-108
-76
-15
4
-11
-8
-23
-43
-68
-39
101
126
0
-96
-67
95
175
97
-46
-48
59
161
143
67
6
35
110
109
50
37
55
76
67
11
-11
24
69
79
6
-112
-101
31
127
58
-145
-227
-76
147
152
-42
-185
-121
-11
64
9
-58
-78
-83
-38
32
63
-40
-137
-89
39
145
49
-92
-76
43
121
65
-35
7
93
122
72
-7
-9
58
129
97
-1
-48
-20
42
116
104
5
-88
-92
25
80
44
-42
-121
-113
-32
60
66
-41
-181
-206
-80
77
49
-121
-192
-104
0
-10
-70
-73
-13
4
-8
-54
-71
28
110
39
-37
-59
-25
106
179
93
-118
-156
82
273
162
-96
-195
-3
222
222
26
-128
-85
81
142
122
31
-111
-135
41
185
85
-149
-239
-31
192
111
-186
-254
-51
165
87
-135
-241
-105
85
97
6
-73
-104
-58
31
87
66
-31
-74
-26
69
121
89
6
10
48
33
40
144
155
65
-33
16
147
159
15
-23
75
121
24
-64
-18
80
118
-37
-140
-68
68
104
16
-144
-175
-65
107
136
-26
-221
-188
-16
148
87
-113
-233
-107
112
152
-34
-215
-179
44
176
96
-62
-135
-50
98
154
25
-70
1
114
133
29
-53
11
157
167
16
-92
-6
110
99
-1
-48
-6
38
-8
-53
9
90
73
-122
-258
-95
169
187
-124
-326
-212
72
177
-30
-254
-219
-1
108
-28
-199
-143
75
165
16
-197
-189
84
247
105
-146
-163
48
206
166
-32
-153
-48
156
172
71
-31
-25
62
102
35
19
30
5
13
51
82
100
-25
-80
-9
32
-5
-37
-24
8
-24
-84
-71
-16
-1
-45
-94
-58
-34
-36
-58
-52
24
53
-45
-119
-102
62
170
79
-97
-148
-23
166
224
85
-122
-123
86
259
207
-18
-145
23
232
196
-28
-83
88
207
90
-82
-87
34
124
89
-53
-149
-57
86
80
-22
-156
-158
-15
144
83
-138
-194
-100
66
93
-7
-131
-144
-68
61
81
-8
-112
-136
-76
96
210
44
-211
-183
116
329
164
-195
-231
67
331
224
-68
-183
-26
226
255
64
-95
-153
-30
195
240
42
-225
-242
86
299
133
-224
-332
-101
182
192
-48
-245
-209
-33
88
2
-146
-181
-80
43
23
-91
-145
-54
93
65
-85
-146
-29
130
123
-25
-100
-20
95
122
76
-1
-33
-31
29
113
165
56
-74
-89
56
151
127
-18
-98
-3
93
145
31
-133
-110
55
114
65
-108
-192
-104
86
100
-74
-208
-107
55
81
-70
-190
-104
18
48
8
-56
-73
-58
-18
59
89
23
-81
-106
23
193
178
-21
-143
-44
176
243
123
-52
-90
67
205
163
55
-40
-48
78
152
45
-54
-80
41
143
51
-102
-138
-32
95
88
-73
-202
-121
75
124
-9
-134
-185
-80
95
117
-2
-180
-206
-13
174
111
-89
-239
-128
164
205
-30
-157
-48
147
138
8
-59
44
141
109
-3
-59
6
130
156
67
-12
-50
-62
49
163
113
-67
-168
-62
120
148
-25
-166
-139
-31
37
63
-54
-152
-162
-60
29
-5
-134
-186
-66
60
8
-144
-181
-15
120
50
-99
-144
-46
96
110
27
-52
-64
-9
122
176
48
-130
-127
79
228
163
-46
-155
-1
168
157
27
-75
-73
30
111
151
69
-142
-175
13
178
87
-134
-227
-62
127
100
-120
-229
-94
83
90
-63
-177
-144
-37
57
101
10
-152
-178
29
219
144
-101
-193
-42
172
207
78
-73
-76
64
160
145
77
-21
-20
97
205
144
-25
-51
36
162
113
-37
-92
16
144
66
-108
-133
15
104
0
-129
-116
-16
36
44
-23
-124
-114
-57
21
27
-55
-123
-72
27
63
-21
-103
-87
-58
7
115
59
-47
-85
4
108
115
-9
-59
21
136
141
33
-63
-30
149
189
23
-82
-30
64
91
-9
-34
32
67
-25
-105
-41
88
72
-106
-216
-102
93
107
-75
-237
-205
-1
117
-33
-202
-187
-19
52
-14
-120
-80
21
66
13
-104
-95
39
160
113
-70
-114
21
155
152
-8
-98
-32
84
137
104
19
-37
-20
21
101
159
52
-96
-71
86
186
61
-114
-138
34
149
7
-148
-135
11
105
-10
-144
-153
-4
63
-5
-137
-168
-42
35
61
39
-66
-148
-88
33
147
83
-65
-131
-44
118
233
116
-86
-180
-12
235
300
94
-155
-109
203
316
121
-145
-126
127
262
75
-162
-140
105
225
66
-195
-191
26
173
112
-118
-241
-151
96
206
13
-246
-246
-38
160
120
-116
-214
-86
78
86
-41
-131
-75
-31
39
86
11
-74
-73
57
140
40
-62
0
115
155
22
-74
24
163
137
-35
-80
95
166
-8
-136
-32
173
175
-90
-260
-86
235
242
-103
-358
-238
115
263
67
-260
-350
-119
117
135
-88
-238
-187
-25
73
-7
-99
-93
-17
47
4
-71
-27
86
59
-40
-39
39
79
59
29
32
10
-13
-7
89
156
97
-56
-123
-6
197
183
-31
-160
-27
155
188
37
-174
-171
33
193
93
-126
-229
-81
93
79
-79
-214
-139
41
94
-38
-169
-124
-29
55
71
-37
-127
-102
28
142
78
-94
-154
-35
160
232
93
-117
-134
77
235
170
-10
-80
57
181
121
-15
-5
103
124
27
-44
-7
64
88
2
-86
-84
29
96
30
-85
-117
-78
-15
41
43
-53
-123
-104
-40
10
18
-27
-81
-102
-36
55
74
-43
-184
-172
70
231
91
-152
-197
45
245
154
-79
-139
10
181
178
40
-63
-41
69
177
129
-8
-118
-75
113
218
66
-149
-178
-17
153
119
-19
-151
-181
-81
67
95
-28
-186
-218
-77
74
66
-128
-235
-111
60
43
-119
-173
-25
103
53
-84
-154
-10
145
104
-34
-125
-78
96
231
135
-81
-208
-61
217
287
54
-209
-144
131
240
118
-81
-143
0
157
146
44
-111
-158
-1
182
138
-120
-248
-82
170
115
-159
-284
-96
168
133
-131
-279
-135
117
130
4
-133
-146
-31
67
80
62
-40
-108
-45
79
167
108
-13
-65
13
113
134
137
63
-16
8
132
154
59
-28
19
125
137
16
-133
-71
89
185
53
-147
-177
13
165
78
-138
-223
-89
102
169
1
-200
-225
-54
124
97
-75
-189
-117
25
111
17
-125
-165
-45
107
102
-31
-113
-53
81
136
73
-20
-43
5
97
119
57
5
8
62
94
67
40
-19
-64
8
85
75
13
-83
-89
10
104
74
-104
-247
-140
93
170
-23
-261
-260
-38
158
64
-197
-252
-112
51
83
-53
-174
-115
49
109
7
-170
-110
108
196
45
-164
-149
105
296
136
-153
-185
46
242
203
4
-154
-63
110
160
87
-40
-65
25
125
120
7
-140
-81
112
156
-11
-212
-136
104
150
-50
-242
-167
53
135
-16
-177
-207
-38
108
67
-39
-103
-100
-30
38
73
31
-30
-25
-19
-2
80
135
79
-45
-73
63
212
190
10
-111
13
222
208
9
-103
25
183
156
-49
-164
-40
164
176
-33
-212
-121
69
150
59
-154
-244
-98
140
177
-56
-251
-192
53
170
-4
-203
-184
8
151
73
-112
-190
-49
79
89
20
-79
-107
22
159
148
-10
-148
-31
174
199
40
-93
-52
113
193
73
-52
-27
19
16
51
98
66
-97
-161
-18
180
141
-97
-265
-143
116
168
-47
-246
-210
-26
71
11
-140
-201
-64
56
21
-136
-212
-17
144
69
-123
-188
5
163
87
-82
-56
71
112
39
-5
29
38
70
63
-5
24
69
65
29
0
9
60
68
37
-5
-6
28
60
-1
-32
-10
5
17
-47
-86
-52
39
16
-73
-148
-104
8
58
3
-137
-159
-77
54
91
4
-135
-157
-32
147
170
15
-139
-124
53
194
161
-31
-122
-29
138
213
117
-26
-54
98
171
90
20
44
89
49
-42
-11
93
112
13
-62
-97
-44
74
80
-18
-133
-125
-16
59
36
-60
-127
-48
-7
-8
-85
-77
16
34
-59
-118
-23
52
42
-74
-172
-2
183
108
-84
-130
17
151
117
-18
-60
39
141
104
20
-22
16
114
133
67
-62
-120
-3
177
178
-15
-204
-140
128
219
27
-224
-203
-33
100
103
-47
-203
-220
-98
63
96
-85
-240
-164
28
77
-49
-209
-120
73
131
-21
-143
-90
62
120
52
-65
-70
12
118
155
42
-93
-88
68
184
151
-19
-137
-34
135
146
58
-45
-55
7
43
108
103
-36
-129
-77
33
84
11
-97
-101
-30
28
-28
-88
-61
-29
-61
-88
-41
33
-46
-91
-28
33
-17
-96
-50
92
135
17
-104
-81
64
165
113
-16
-69
-11
103
165
154
72
-9
-30
63
159
164
45
-24
15
66
48
-8
-7
75
75
-74
-118
3
76
26
-88
-139
-54
45
53
-32
-95
-116
-95
4
93
46
-86
-190
-142
69
161
29
-178
-237
-27
248
202
-99
-253
-76
197
235
15
-153
-62
158
213
35
-105
-50
133
210
72
-58
-93
-7
133
122
37
-84
-119
-42
83
127
29
-102
-188
-127
15
116
42
-151
-258
-147
84
141
-102
-286
-188
70
135
-59
-214
-116
81
142
-33
-184
-131
87
198
101
-92
-184
-4
238
223
-3
-207
-139
132
265
158
-64
-130
-24
94
148
108
-22
-121
-28
133
240
56
-252
-242
125
338
91
-318
-319
52
288
84
-252
-321
-31
180
110
-130
-233
-144
25
103
82
-49
-177
-118
68
170
78
-111
-153
-21
134
200
98
-53
-108
2
183
206
67
-94
-63
185
286
87
-139
-88
159
263
22
-200
-119
138
231
69
-193
-198
15
155
100
-102
-243
-155
72
195
34
-200
-245
-52
136
93
-102
-205
-62
74
49
-39
-117
-77
-50
32
97
21
-58
-79
1
114
92
12
-15
35
89
66
-10
6
80
146
104
2
-10
-14
-1
75
70
26
-38
-105
-24
86
108
-31
-152
-147
-14
104
71
-117
-220
-145
3
38
-25
-161
-164
-23
59
-29
-162
-155
20
139
79
-125
-216
-52
180
164
-41
-142
-44
137
198
77
-75
-90
5
83
135
107
-19
-65
-1
113
159
61
-92
-95
32
171
136
-12
-157
-119
64
149
41
-87
-141
-80
10
48
-39
-112
-111
-65
-2
4
-39
-72
-85
-47
28
16
-49
-86
-25
82
91
-20
-107
-48
114
195
111
-101
-149
56
241
224
44
-93
-18
146
172
62
0
24
82
64
-12
-28
38
82
60
-49
-94
-23
54
8
-37
-57
-62
-34
23
18
-110
-132
-34
44
9
-104
-110
-6
68
6
-105
-117
-33
53
6
-3
-1
-47
-43
20
132
97
-32
-99
33
155
127
-5
-51
24
145
141
37
-20
16
19
1
54
95
52
-34
-115
-53
62
86
26
-110
-161
-52
79
89
-69
-214
-209
-58
86
75
-135
-267
-144
82
104
-108
-216
-50
129
96
-85
-194
-46
143
127
21
-63
-61
37
109
97
30
-38
-33
58
137
98
-16
-55
16
93
132
64
-65
-73
46
145
105
-54
-122
-63
75
116
-21
-126
-92
27
36
-81
-160
-56
68
54
-97
-224
-110
90
115
-41
-158
-108
21
69
53
33
-22
-59
-25
28
92
119
80
-35
-90
25
182
254
102
-97
-87
99
245
181
-24
-121
10
189
144
-37
-107
10
144
83
-124
-145
13
121
77
-86
-187
-123
61
148
-5
-200
-209
-24
153
89
-117
-202
-92
90
131
-13
-178
-184
-41
153
144
-38
-146
-58
98
133
39
-42
-19
89
115
57
-17
-8
78
145
91
-16
-34
11
24
29
37
31
19
-25
-66
-25
48
50
-37
-180
-138
28
127
15
-204
-268
-88
109
50
-160
-245
-96
71
43
-87
-145
-53
69
47
-72
-131
-18
138
95
-25
-83
-31
120
189
49
-126
-120
79
241
165
-81
-149
21
190
153
-9
-102
-54
86
146
105
16
-160
-141
87
191
60
-161
-207
5
150
31
-189
-197
9
130
18
-177
-193
-36
72
27
-21
-51
-61
-53
-21
57
108
25
-62
-80
-9
91
160
96
-51
-71
40
147
185
80
-25
-13
104
156
89
8
45
105
38
-72
-48
68
132
42
-137
-123
54
111
30
-108
-126
-94
5
60
18
-94
-130
-66
21
44
-22
-102
-105
-59
34
44
-39
-99
-91
-6
50
53
16
-45
-51
35
107
101
-14
-55
16
126
120
70
-28
-30
83
145
73
-23
-120
-54
115
182
108
-116
-212
-24
186
160
-97
-270
-182
77
195
25
-231
-256
-64
92
30
-140
-204
-90
52
30
-94
-171
-70
73
90
-33
-132
-108
41
142
87
-6
-92
-66
92
197
120
-58
-119
-29
131
223
119
-104
-161
3
204
209
23
-163
-128
99
259
142
-180
-250
-15
197
152
-116
-213
-83
86
68
-83
-145
-61
-8
-54
-77
-51
4
-41
-109
-56
45
87
-15
-170
-90
114
185
18
-162
-127
115
273
128
-140
-174
71
296
225
-40
-151
52
268
174
-16
-81
42
142
106
-30
-81
-12
100
118
-47
-154
-66
65
92
1
-149
-166
-28
114
76
-113
-182
-106
41
87
-7
-99
-126
-71
49
78
-20
-133
-139
1
153
108
-77
-156
13
171
131
-49
-131
30
236
191
-44
-145
14
210
193
14
-99
-44
44
101
101
45
-48
-93
-49
79
115
-17
-142
-114
-8
31
-5
-74
-95
-76
-83
-60
-78
-89
-61
-12
-30
-98
-128
-77
37
86
-38
-150
-117
94
190
26
-132
-87
69
139
90
28
-43
-20
44
80
61
38
5
19
85
73
28
-30
-11
33
66
65
65
7
-66
-72
7
75
36
-67
-121
-69
27
42
-78
-160
-83
9
35
-44
-116
-107
-59
41
74
-13
-107
-114
-11
127
113
-27
-128
-87
105
234
111
-78
-138
-5
179
228
120
-35
-58
86
198
158
13
-51
-19
109
126
33
-57
-54
60
115
11
-100
-67
13
50
-25
-115
-81
7
41
-28
-113
-71
-7
-22
-42
-50
-32
-41
-54
1
37
-21
-97
-106
-35
109
122
-59
-150
-7
145
131
-35
-91
32
181
158
-20
-111
-19
161
206
30
-92
-65
46
143
120
-9
-103
-97
0
75
66
-35
-109
-93
-61
1
52
-29
-145
-193
-85
28
2
-133
-165
-38
47
-57
-182
-110
108
136
-74
-218
-142
111
228
57
-165
-162
34
224
226
11
-183
-143
84
253
170
-42
-154
-59
142
208
76
-75
-95
2
129
145
74
-87
-186
-47
176
186
-86
-271
-121
164
190
-111
-307
-158
105
155
-31
-203
-162
-26
21
47
35
-36
-108
-114
-6
131
136
-30
-159
-87
115
233
129
-78
-120
-1
165
216
87
-45
-25
106
165
89
13
29
67
56
-25
-34
43
100
68
-38
-137
-46
100
53
-35
-95
-107
-65
-9
28
2
-43
-121
-78
-17
17
18
-35
-111
-96
4
31
-14
-55
-97
-65
80
106
0
-117
-60
113
159
34
-65
-44
84
168
97
-17
-38
43
117
67
47
3
-38
-11
61
119
50
-115
-124
36
138
65
-128
-218
-99
108
135
-33
-245
-228
-32
103
33
-185
-221
-44
55
0
-111
-121
-23
53
20
-64
-106
-9
116
76
-74
-63
56
141
100
-53
-91
16
144
118
26
-23
22
64
39
35
51
49
1
15
35
48
95
7
-96
-55
57
108
-33
-149
-95
61
77
-52
-160
-115
-23
26
-7
-97
-113
-54
6
34
28
-58
-131
-80
66
147
68
-86
-151
-24
171
220
40
-143
-109
102
264
215
-28
-149
-4
189
230
80
-49
-34
82
113
14
-17
4
43
44
5
-47
-31
-6
3
-5
-60
-91
-64
7
55
-20
-108
-140
-39
36
17
-49
-90
-77
-59
18
65
15
-107
-172
7
168
84
-105
-145
23
179
135
-44
-102
22
171
169
15
-66
-7
100
127
100
0
-107
-65
130
194
68
-120
-194
-57
132
174
18
-189
-221
-62
118
126
-59
-233
-231
-67
90
73
-120
-216
-143
19
57
-44
-122
-79
4
38
15
-40
-72
9
79
76
7
-62
-35
97
138
56
-76
-83
57
184
112
-49
-77
35
128
106
-14
-85
-12
107
117
50
-73
-118
-10
110
58
-59
-108
-65
3
0
-56
-110
-68
17
-8
-76
-124
-43
8
-20
-69
-24
30
-27
-85
-44
79
100
-6
-114
-58
112
199
79
-79
-98
46
159
177
93
-28
-31
121
172
93
-11
-19
75
131
40
-43
-41
39
117
3
-114
-52
45
81
-21
-148
-136
11
105
42
-109
-120
-92
-21
29
-6
-66
-80
-33
-15
13
-14
-43
-83
-84
42
129
26
-124
-70
113
195
16
-144
-32
169
185
33
-106
-18
144
160
60
-37
-16
1
48
57
46
13
-28
-61
-23
52
71
-5
-107
-146
-63
80
78
-86
-214
-188
-24
122
27
-227
-256
-45
136
71
-141
-200
-59
96
80
-47
-148
-40
128
110
-5
-88
-40
126
199
77
-116
-119
53
186
165
-13
-104
-1
107
98
80
13
-51
-41
44
117
131
-8
-151
-111
79
136
-1
-133
-126
-17
56
-15
-114
-82
-9
4
-78
-129
-61
24
17
24
-12
-85
-93
-33
89
125
4
-127
-82
90
177
82
-49
-84
9
135
183
124
23
-60
26
176
147
21
-39
46
141
83
-65
-97
50
183
91
-120
-168
-5
116
35
-118
-132
-27
36
11
-53
-86
-54
-29
-14
-50
-74
-38
-2
-6
-45
-79
-63
3
-10
-23
13
42
-17
-54
-5
104
91
-28
-75
41
175
134
-29
-70
27
128
137
43
-39
15
38
12
22
51
50
-15
-84
-65
45
114
22
-146
-209
-60
119
80
-98
-208
-137
-18
35
-50
-147
-119
-42
-5
-59
-95
-52
34
50
-29
-93
-78
69
144
21
-85
-63
64
177
125
-33
-119
-22
119
174
100
-54
-95
30
126
112
44
-70
-63
53
131
119
30
-137
-150
53
154
50
-122
-147
-20
52
-6
-93
-112
-51
-8
-10
-40
-76
-78
-91
-28
95
52
-84
-166
-78
122
186
7
-166
-135
68
223
174
-39
-128
-27
145
216
122
-38
-50
70
166
131
42
0
40
49
28
0
25
52
40
-21
-54
-33
28
44
-32
-81
-90
-65
5
45
-3
-94
-110
-50
24
13
-90
-109
-47
15
42
-13
-85
-94
-56
30
78
35
-55
-76
24
126
63
-36
-20
48
149
110
-10
-46
28
136
126
16
-30
11
14
18
90
97
2
-108
-124
29
125
78
-80
-175
-131
22
119
36
-152
-227
-123
-5
47
-27
-130
-121
-62
-52
-63
-35
10
18
-13
-74
-93
3
144
109
-73
-132
-9
145
182
41
-111
-104
55
174
134
-11
-88
1
131
124
9
-53
-8
68
104
-3
-20
24
27
18
5
-30
-65
-69
15
51
-7
-123
-186
-68
89
65
-98
-202
-102
55
46
-22
-62
-49
-14
-38
-33
26
94
38
-88
-106
51
196
175
-27
-160
-36
198
260
114
-53
-62
79
210
125
-9
-20
93
144
22
-109
-71
97
186
76
-166
-201
53
191
76
-157
-234
-73
137
144
-26
-192
-171
-36
90
48
-59
-120
-84
-20
31
48
-3
-110
-159
-38
130
133
-9
-106
-37
92
94
10
-14
58
134
82
-30
-35
77
162
99
-28
-63
13
63
84
59
-16
-73
-41
4
66
38
-41
-43
-63
-127
-76
40
61
-55
-190
-189
-64
57
27
-122
-191
-106
4
36
-18
-106
-77
7
19
-19
-42
1
18
34
55
16
-37
20
98
82
-3
-38
14
106
134
27
-79
-48
80
156
98
-50
-105
2
173
208
-16
-241
-139
151
234
-7
-251
-171
66
148
-37
-230
-156
80
121
-80
-223
-136
87
112
-49
-134
-92
16
20
13
14
10
-1
-3
10
30
72
63
42
18
5
67
136
130
53
-7
58
138
103
28
-11
61
120
49
-40
-50
35
115
71
-100
-130
-3
84
35
-81
-129
-65
29
78
-24
-134
-112
-39
18
22
-53
-88
-87
-20
55
15
-105
-137
-56
94
82
0
-90
-81
82
142
29
-90
-24
138
196
53
-76
-8
109
134
9
-48
55
107
-6
-74
10
138
105
-97
-188
-32
167
167
-83
-276
-197
69
202
42
-232
-285
-99
85
98
-87
-237
-162
15
93
-15
-135
-121
-22
69
48
-41
-85
-39
74
74
50
6
-18
25
52
38
32
45
29
71
63
27
1
13
51
83
46
-7
4
38
77
72
-14
-79
-12
56
49
-45
-93
-32
-5
-10
-68
-111
-42
0
-8
-39
-88
-90
-36
-4
26
7
-55
-109
-77
48
153
83
-67
-154
-58
161
224
69
-137
-134
94
278
208
-29
-126
8
231
225
15
-116
-29
176
192
18
-129
-111
80
197
77
-147
-157
-1
110
52
-118
-181
-77
100
135
-57
-201
-176
-2
117
51
-119
-184
-83
56
99
-3
-113
-120
-87
24
149
74
-72
-101
-3
138
134
31
-55
-26
70
110
88
30
14
26
43
99
89
-11
-83
-2
143
136
-37
-171
-79
104
155
9
-197
-204
-30
131
63
-108
-185
-103
-4
14
-71
-162
-108
17
-27
-134
-143
-2
136
82
-100
-187
-89
99
179
72
-125
-134
27
155
157
41
-53
-67
19
112
135
52
-31
-24
35
87
87
43
-44
-66
21
168
157
-69
-167
-80
94
133
-30
-162
-125
19
105
-8
-139
-160
-41
49
30
-91
-177
-79
41
102
47
-96
-189
-90
115
210
63
-161
-201
9
245
254
17
-181
-116
112
262
197
9
-89
-6
167
168
69
-9
13
82
81
7
-39
25
105
102
-75
-160
-28
106
85
-68
-176
-103
58
121
-21
-172
-139
12
70
-4
-114
-120
10
84
-5
-107
-102
7
21
-55
-14
57
28
-24
-45
55
116
34
-49
16
109
124
38
-49
-20
92
167
91
-12
-37
-11
36
91
64
2
-72
-85
27
91
45
-44
-129
-144
-28
79
36
-86
-154
-172
-99
3
34
-77
-154
-125
-34
-22
-45
-44
-24
-24
-53
-39
-16
25
64
-12
-35
27
53
61
34
-5
17
32
49
71
53
20
17
2
15
72
111
48
-64
-91
40
193
134
-85
-208
-54
181
156
-97
-241
-109
135
147
-90
-267
-153
69
142
-25
-205
-190
-11
114
116
1
-169
-191
-11
194
181
-42
-191
-102
111
221
123
-58
-125
4
169
206
84
-39
-34
106
221
109
-38
-62
92
179
103
-53
-116
17
142
144
-68
-198
-77
92
121
-24
-164
-157
-5
106
58
-85
-163
-131
-17
87
35
-104
-144
-94
52
106
-9
-127
-151
-35
147
127
-53
-149
-48
137
150
-6
-90
14
155
152
-1
-70
-14
100
140
74
43
11
-55
-32
62
103
65
-81
-155
-30
146
161
-10
-237
-263
-21
193
125
-143
-326
-217
58
170
30
-203
-256
-106
36
66
-18
-120
-131
-15
119
56
-111
-101
49
131
89
-65
-110
43
198
153
-36
-115
-4
141
161
27
-75
-47
53
154
147
-6
-121
-27
102
147
64
-68
-119
-27
77
49
-49
-79
-36
-4
-45
-81
-49
-6
-19
-66
-120
-111
-11
33
-28
-33
-37
-52
-26
-6
39
49
-22
-49
-21
39
80
118
65
-23
-48
24
169
191
63
-48
-12
123
160
107
1
-21
35
81
66
42
7
-26
-28
-26
35
48
-47
-77
-30
-13
-52
-22
1
-26
-85
-106
-67
27
28
-61
-89
-54
-12
14
-9
-76
-79
-59
14
54
12
-35
-37
45
124
48
-55
-9
101
130
33
-42
15
111
155
64
-60
-36
80
104
24
-23
-25
41
76
7
-69
-41
37
9
-94
-113
-23
52
19
-101
-172
-103
-13
-2
-64
-135
-88
-40
-24
-55
-82
-55
61
49
-62
-139
-81
111
163
44
-81
-94
8
146
147
5
-107
-8
112
140
79
-58
-75
39
153
141
-10
-137
-21
159
153
31
-89
-117
16
130
72
-68
-158
-86
53
94
-39
-200
-143
29
94
-21
-164
-139
-25
43
32
-23
-56
-79
-77
0
101
102
-31
-132
-56
79
200
137
-38
-120
-73
133
277
186
-45
-132
34
200
208
45
-69
-26
105
123
18
-50
3
65
55
-60
-95
12
80
-3
-103
-118
-23
56
37
-76
-137
-56
44
21
-93
-98
-31
22
-46
-69
-35
20
24
-69
-108
-24
84
76
-22
-42
21
59
80
35
16
32
58
41
70
82
46
-1
17
77
114
14
-86
-45
87
113
14
-126
-91
59
118
-1
-195
-197
4
141
36
-149
-232
-139
37
64
-58
-183
-156
-67
0
-7
-45
-49
-19
-10
-39
-90
1
106
41
-76
-53
59
135
112
-26
-137
-49
135
206
109
-77
-131
13
147
124
15
-15
11
43
21
30
81
29
-99
-68
54
128
7
-150
-127
28
81
-45
-166
-121
19
61
-48
-155
-109
11
38
-1
-49
-51
-42
-29
15
59
41
-40
-94
-4
120
171
70
-96
-99
65
219
184
31
-65
-11
153
199
83
-37
-40
77
153
80
-37
-60
29
123
46
-113
-115
36
114
40
-115
-173
-60
84
56
-65
-114
-93
-29
27
-26
-82
-46
7
-5
-39
-48
-58
-51
-8
20
-12
-21
-36
17
81
74
1
-35
-3
81
129
80
-19
-52
36
142
129
21
-31
4
9
17
75
90
-1
-141
-126
53
183
78
-171
-256
-84
130
128
-91
-237
-174
-12
72
-33
-169
-160
-50
39
-20
-141
-108
39
79
-14
-129
-107
50
156
73
-75
-107
-18
129
185
59
-100
-99
54
152
147
35
-55
-5
54
78
46
25
20
9
18
34
102
31
-86
-82
16
81
38
-52
-87
-52
-23
-43
-40
-27
-38
-76
-80
-52
-32
-19
-57
-24
15
-18
-73
-60
31
105
72
-78
-152
-34
139
229
106
-128
-160
38
267
246
10
-163
-67
200
288
106
-75
-106
61
171
76
-26
-64
8
80
46
-88
-72
10
29
-14
-62
-80
-53
19
32
-21
-85
-110
-71
-12
3
-17
-58
-85
-31
29
3
-48
-82
-74
-14
32
69
55
-18
-59
-23
83
121
96
-8
-44
1
99
128
61
3
-16
74
142
4
-138
-41
171
230
15
-264
-211
91
266
124
-166
-309
-146
136
210
-5
-272
-281
-41
145
43
-191
-243
-84
69
79
-37
-165
-117
6
107
39
-91
-110
45
117
36
24
-12
-17
37
94
86
11
-31
8
71
117
65
21
-6
-14
38
64
64
30
-17
15
70
22
-44
-51
4
39
-15
-58
-63
-38
-1
-21
-93
-83
-13
21
-40
-126
-112
-17
61
35
-30
-105
-139
-23
103
142
36
-123
-120
13
165
197
68
-120
-119
60
223
208
80
-80
-57
108
213
147
11
-69
13
121
115
-3
-85
-24
95
55
-71
-69
0
35
14
-49
-107
-63
21
18
-65
-87
-53
-24
-32
-11
21
-23
-116
-131
18
112
22
-128
-167
8
180
105
-76
-114
18
120
68
-34
-4
107
148
23
-80
-3
171
173
24
-79
-46
40
84
55
49
19
-65
-67
-2
68
59
-20
-92
-147
-91
35
92
-17
-157
-226
-149
10
87
-30
-154
-168
-85
33
4
-63
-68
-28
-20
-52
-44
53
89
34
-48
-43
29
76
91
26
-34
-2
66
95
109
9
-67
-13
86
109
76
18
-51
-47
41
155
104
-78
-165
-36
148
108
-83
-201
-80
97
96
-98
-227
-90
68
62
-64
-173
-99
32
36
-5
-30
-51
-77
-52
59
131
38
-107
-122
32
202
182
-6
-154
-71
138
283
180
-65
-175
36
308
243
-7
-160
-29
190
203
-4
-164
-82
124
202
7
-185
-136
20
134
71
-126
-194
-90
86
93
-18
-138
-181
-37
87
66
-80
-173
-106
42
114
1
-146
-167
-33
134
126
-54
-120
-13
151
132
-51
-111
10
181
176
-17
-106
-24
167
190
58
-46
-40
23
63
57
16
-8
-16
-11
-36
-20
22
15
-45
-100
-57
0
-26
-71
-104
-99
-55
-14
-54
-124
-98
-47
-23
-47
-79
-51
3
19
3
-24
-74
-20
82
65
49
6
-46
14
95
83
24
-15
-22
43
131
103
-4
-36
-5
86
156
47
-91
-76
53
163
101
-75
-121
-3
120
50
-115
-114
22
52
-34
-151
-88
35
25
-80
-142
-84
24
36
-44
-57
-11
-13
-71
-52
53
98
6
-91
-65
78
165
106
-12
-71
-25
74
174
161
74
-38
-11
91
141
110
33
9
1
25
60
45
22
36
-8
-97
-75
29
93
33
-111
-184
-91
83
134
-15
-169
-189
-48
55
55
-55
-114
-98
-16
17
19
-19
-52
-112
-36
84
69
-33
-68
-20
104
98
7
-51
16
122
124
50
-31
-14
77
104
63
50
40
-28
-33
51
148
73
-93
-146
-48
93
156
16
-186
-228
-44
120
110
-70
-219
-207
-55
72
26
-143
-193
-62
32
-4
-84
-90
-10
51
19
-103
-124
73
169
22
-110
-106
62
211
126
-72
-150
-2
174
188
19
-102
-40
112
144
55
-17
-59
-10
82
117
52
-24
-60
-44
31
64
6
-105
-87
17
38
-55
-121
-91
-25
-3
-25
-59
-67
-63
-104
-59
76
76
-88
-202
-66
198
219
-52
-254
-159
151
333
195
-162
-281
-15
299
314
75
-142
-111
139
272
164
-69
-131
24
230
197
-47
-206
-76
171
233
-28
-236
-152
100
183
14
-211
-214
14
174
72
-132
-205
-121
63
95
1
-91
-110
-77
-9
45
42
-60
-155
-54
107
127
-20
-105
-37
89
109
19
-38
51
117
83
-35
-17
110
155
71
-48
-44
53
106
68
-8
-21
-3
36
7
-47
-34
47
42
-73
-182
-87
69
85
-66
-177
-172
-63
49
-30
-110
-129
-83
-29
-35
-9
-13
-19
-41
-58
-61
5
98
52
-45
-35
1
48
79
75
26
-22
-3
45
83
81
41
-2
-31
23
112
114
10
-93
-51
84
158
66
-90
-118
10
97
14
-95
-93
-21
48
-25
-117
-113
-7
31
-47
-149
-101
17
25
-16
-33
-75
-57
-18
42
50
-3
-43
-22
13
77
125
68
-20
-53
25
126
148
88
14
0
77
135
88
34
38
71
63
3
-11
35
82
55
-54
-120
-30
116
53
-87
-136
-92
20
92
-10
-113
-95
-22
11
-40
-79
-69
-37
6
-41
-40
-19
3
-25
-88
-54
41
67
2
-56
1
81
44
-5
8
75
136
53
-64
-40
112
173
79
-72
-34
48
65
47
16
3
-4
-46
-56
49
99
3
-137
-183
-74
86
134
-54
-227
-209
-42
71
20
-148
-204
-66
32
-9
-99
-103
-4
53
18
-59
-108
-57
83
102
39
-37
-53
25
130
141
13
-105
-75
75
223
129
-79
-113
37
137
116
44
-44
-50
9
87
149
36
-135
-132
41
166
33
-157
-142
-8
77
4
-116
-132
-51
25
37
-49
-117
-144
-68
102
137
-27
-198
-183
42
251
170
-104
-257
-99
220
313
94
-175
-186
62
265
257
44
-134
-72
122
259
167
-20
-84
14
111
103
17
-52
-32
35
49
-19
-26
10
-38
-71
-56
-29
1
-9
-47
-78
-44
-25
-15
-21
-54
-105
-78
-15
38
9
-63
-78
-34
-7
37
9
-19
-13
16
60
21
-24
3
92
107
51
-50
-16
119
161
85
-44
-32
73
78
-3
-37
29
108
58
-94
-141
12
149
79
-120
-200
-98
73
100
-31
-179
-212
-43
72
-10
-166
-191
-49
48
6
-105
-115
-16
48
3
-81
-90
18
133
61
-71
-89
53
148
100
-22
-62
0
96
107
77
10
-46
-13
48
109
83
-1
-66
-15
88
156
75
-132
-174
22
179
127
-121
-235
-92
110
126
-77
-221
-143
49
103
-26
-193
-183
-17
103
86
-28
-142
-118
-27
88
128
22
-123
-98
37
194
165
-19
-122
-45
91
188
192
51
-68
-8
116
137
89
21
29
82
55
-13
-19
41
77
44
-74
-123
1
83
38
-48
-123
-98
-5
73
35
-98
-154
-71
49
58
-60
-138
-68
32
56
-23
-100
-84
-28
26
32
17
9
-48
-18
56
94
38
-14
20
84
99
21
-16
39
106
91
34
17
32
-9
-14
37
70
67
2
-81
-66
12
71
31
-72
-152
-108
18
90
-10
-177
-222
-90
64
55
-142
-210
-81
41
18
-98
-150
-19
93
8
-108
-87
21
97
41
-21
9
13
40
66
35
15
17
26
28
42
37
67
49
-9
-22
38
98
54
-40
-56
93
151
3
-156
-134
85
165
-1
-184
-156
37
100
-35
-156
-115
24
56
-49
-154
-118
-13
50
45
-22
-79
-100
-63
88
151
34
-135
-129
44
207
188
9
-139
-73
127
218
143
2
-44
61
181
113
16
-9
63
141
79
-42
-89
9
129
115
-44
-175
-92
65
143
20
-171
-183
-36
115
85
-73
-168
-122
6
42
19
-60
-128
-116
37
122
22
-142
-186
-19
145
134
-35
-160
-75
111
147
48
-47
-30
84
145
96
-28
-70
38
153
116
35
-49
-82
2
126
127
24
-103
-135
-26
106
90
-24
-158
-182
-30
107
90
-98
-242
-212
-18
102
23
-154
-199
-95
-5
2
-28
-36
-47
-34
-23
-21
14
21
8
-36
-12
54
63
67
50
-15
-2
36
59
78
57
-12
-14
48
116
103
-8
-88
-25
121
159
78
-82
-133
6
134
78
-87
-196
-41
142
68
-135
-218
-62
131
105
-114
-248
-142
52
124
2
-94
-89
-38
7
33
50
21
-39
-53
6
113
112
42
-20
-27
55
89
127
112
62
8
27
88
106
117
71
10
-5
18
53
61
6
3
21
2
-42
-27
-33
-6
22
-20
-98
-81
-7
31
38
-58
-161
-113
16
53
8
-81
-136
-57
59
51
-48
-147
-90
100
130
-34
-116
-36
124
132
6
-62
21
127
91
4
-28
39
126
118
15
2
4
0
-16
56
109
76
-54
-145
-74
75
147
35
-182
-231
-47
152
136
-107
-276
-224
-4
140
40
-174
-250
-107
73
98
-42
-173
-124
33
115
17
-129
-81
80
128
44
-55
-55
69
123
49
-20
-26
42
97
71
13
-32
14
61
101
86
-22
-53
2
101
138
-4
-129
-69
72
137
7
-165
-155
11
131
41
-157
-209
-58
80
75
-63
-183
-110
-13
38
67
-5
-125
-131
0
121
106
-40
-119
-46
98
179
107
-54
-116
3
169
207
128
-36
-86
50
189
172
71
-44
-43
56
119
93
-19
-71
11
84
9
-56
-50
2
30
-28
-109
-85
30
80
-15
-150
-131
-18
54
38
-85
-127
-54
5
38
8
-34
-73
-114
-39
126
137
-24
-158
-73
110
166
64
-59
-13
83
129
65
-4
-5
88
106
35
9
3
-11
16
70
106
45
-97
-134
-13
120
150
-29
-244
-251
-17
223
151
-155
-326
-206
55
163
-17
-248
-257
-33
139
95
-115
-214
-105
80
120
-17
-114
-46
40
55
68
16
-31
6
49
65
36
17
4
47
59
58
58
1
-29
17
114
82
-32
-59
14
92
85
-28
-99
-19
83
76
-50
-161
-103
38
59
-32
-112
-113
-40
5
-30
-33
-30
-91
-69
40
88
-22
-157
-88
103
181
37
-135
-130
50
231
191
-51
-153
-5
180
207
111
-28
-46
92
183
121
28
-11
33
98
41
-30
-7
72
89
4
-121
-103
62
115
-2
-128
-134
-10
99
38
-110
-150
-65
13
1
-36
-45
-14
-29
-71
-34
10
-9
-43
-80
-1
75
47
-49
-63
16
92
56
-5
-9
78
108
48
-31
9
112
126
58
-44
-30
79
70
-2
-8
13
26
-7
-44
-13
48
19
-67
-140
-70
33
51
-35
-165
-195
-49
51
-1
-140
-179
-75
10
-1
-66
-77
-17
-6
-36
-45
-43
-1
97
75
-41
-79
14
136
139
6
-90
-58
66
152
151
38
-64
-58
48
119
111
30
-73
-64
63
183
135
-64
-192
-87
132
143
-22
-144
-102
3
56
-14
-118
-72
-15
-45
-67
-61
-18
-23
-99
-43
78
70
-72
-179
-76
141
186
-4
-147
-141
53
259
214
-42
-213
-99
206
366
191
-143
-231
35
318
302
15
-216
-123
165
278
109
-158
-191
-2
190
137
-64
-165
-123
25
109
-10
-120
-126
-17
63
13
-113
-158
-80
8
46
24
-39
-105
-115
-23
75
42
-68
-117
-61
64
144
50
-78
-99
8
135
159
69
-56
-79
44
178
162
-3
-111
-17
145
143
-13
-116
-8
109
82
-60
-109
-6
85
44
-64
-144
-105
-22
34
30
-67
-176
-190
-78
71
30
-96
-178
-128
-12
53
-7
-69
-61
-8
6
-23
-31
44
45
33
20
-12
13
77
93
43
-19
-54
14
136
142
48
-34
-28
13
83
105
6
-61
-39
76
160
45
-149
-120
39
128
28
-109
-124
-29
59
-1
-113
-122
-39
31
-12
-98
-135
-84
7
76
34
-85
-142
-40
73
96
15
-61
-43
6
102
132
57
-51
-31
55
125
127
97
52
-6
36
81
115
96
42
-6
-9
18
89
87
11
-54
-56
1
84
23
-92
-109
-47
18
31
-40
-100
-61
4
-38
-53
-57
-19
2
-35
-107
-90
52
97
-25
-196
-142
104
212
65
-181
-172
61
237
155
-64
-130
37
184
145
14
-73
-10
131
153
68
-17
-76
-27
94
123
55
-40
-127
-66
81
125
10
-138
-191
-64
69
75
-53
-181
-190
-73
57
50
-97
-203
-158
-9
60
13
-95
-139
-34
48
34
-49
-53
48
62
11
-31
-8
65
100
34
-36
21
56
49
58
45
21
-11
6
61
92
72
-5
-54
-12
114
103
-60
-101
-6
94
51
-105
-145
-2
100
28
-158
-188
-33
111
24
-180
-190
-12
73
-11
-76
-75
8
34
-26
-43
30
73
34
-74
-84
68
201
124
-51
-108
17
211
238
85
-73
-77
100
207
138
25
-49
-14
68
134
43
-75
-20
89
51
-71
-79
-13
47
14
-80
-107
-47
31
36
8
-68
-151
-103
17
71
-5
-114
-137
-21
101
66
-129
-200
-26
169
141
-59
-193
-81
159
195
19
-97
-25
95
126
67
-4
3
74
70
16
56
84
-22
-84
5
122
152
-23
-223
-157
100
257
84
-231
-332
-86
204
190
-81
-309
-257
2
155
26
-204
-241
-73
78
28
-101
-138
-28
93
32
-100
-128
20
149
63
-52
-87
11
171
167
-16
-154
-52
143
225
82
-119
-104
95
214
114
-69
-130
20
155
152
15
-93
-107
41
141
74
-100
-179
-33
114
59
-109
-179
-60
96
52
-118
-192
-85
41
54
-46
-90
-14
-2
-50
-50
35
121
38
-111
-119
67
209
153
-27
-127
1
128
196
118
-6
-22
86
141
89
20
23
92
81
3
-44
-21
84
115
4
-125
-101
46
125
39
-142
-180
-40
101
78
-58
-156
-147
-36
62
54
-40
-138
-143
-24
108
68
-89
-185
-91
61
117
41
-83
-92
19
100
67
-14
-6
61
83
37
-20
25
85
114
63
-23
21
53
32
-4
29
51
33
-35
-51
21
62
-3
-81
-131
-73
46
53
-37
-119
-123
-88
-31
-6
-62
-118
-80
-56
-70
-66
-14
-5
-29
-31
-26
-23
-14
33
36
-10
2
14
10
101
99
5
-38
-19
29
118
120
50
-29
-23
17
115
122
-23
-84
12
123
120
-21
-132
-64
92
101
-32
-120
-83
17
56
-29
-135
-114
-26
11
-20
-79
-94
-60
-37
-45
36
47
-63
-116
-45
86
118
-26
-120
-56
85
162
87
-26
-72
-2
127
179
102
-1
-11
88
138
75
6
23
86
106
24
-42
-29
64
94
11
-98
-55
43
30
-45
-77
-63
5
24
-50
-94
-48
-2
-5
-32
-92
-47
-2
-28
-68
-66
10
21
-16
-107
-41
104
79
-33
-100
-25
120
115
26
-59
9
97
120
62
2
-13
52
130
81
16
-18
-34
22
85
88
11
-112
-96
61
143
61
-118
-184
-96
28
77
27
-103
-201
-188
-49
84
52
-116
-222
-144
22
91
-13
-140
-100
-4
52
18
-8
11
-29
-47
26
86
85
47
-2
-46
-6
72
90
84
39
-3
-26
24
73
105
80
-47
-72
6
125
128
-24
-127
-62
75
107
-27
-142
-84
17
85
-17
-166
-164
6
96
12
-174
-216
-41
100
82
-42
-109
-94
-16
58
81
29
-38
-84
-17
79
154
109
-18
-64
9
124
158
94
17
-13
68
146
136
55
1
-2
27
77
62
12
-13
-3
37
11
-15
-2
-26
-64
-54
-23
-16
-34
-15
22
-21
-115
-120
-68
30
79
-19
-140
-144
3
126
78
-98
-223
-53
165
138
-24
-117
-20
91
91
23
12
43
57
34
-4
67
113
60
-6
-2
105
78
-51
-68
50
144
68
-140
-166
18
162
104
-90
-241
-154
67
161
9
-218
-262
-102
84
97
-89
-236
-150
-7
47
-21
-117
-98
15
83
3
-127
-101
68
135
41
-56
-79
33
140
90
5
-31
20
52
116
68
-11
-22
27
80
82
45
-23
-37
12
122
111
-20
-122
-85
54
138
8
-115
-140
-17
52
-3
-78
-97
-74
-22
4
-31
-84
-71
-50
30
94
-5
-165
-172
24
240
173
-104
-244
-91
174
283
137
-98
-164
13
189
237
134
-49
-89
56
197
170
31
-60
-6
93
110
27
-35
-14
36
49
-15
-50
-27
-45
-42
5
-3
-31
-78
-72
-4
23
-33
-112
-120
-38
43
12
-84
-104
-25
54
36
-85
-159
-23
124
134
-53
-159
-29
143
156
22
-102
-16
139
135
23
-48
23
126
111
44
-23
-60
-24
72
126
86
-42
-138
-108
60
122
32
-117
-150
-71
57
88
-35
-188
-221
-90
58
40
-106
-174
-96
-18
6
-14
-80
-81
-16
56
2
-97
-73
69
106
13
-67
-15
95
117
38
-21
35
39
-2
37
124
110
14
-83
-30
114
139
20
-78
-8
88
92
18
-78
-69
42
74
-28
-85
-60
-2
9
-77
-111
-46
7
-12
-72
-131
-72
-16
5
13
8
-48
-97
-59
26
83
28
-55
-46
18
82
142
81
-63
-111
38
211
235
48
-124
-43
174
258
114
-104
-113
85
213
117
-81
-131
-1
138
109
-64
-114
-40
22
43
-8
-83
-81
-44
13
-4
-53
-112
-65
10
38
-25
-97
-88
-13
39
5
-63
-108
-20
88
49
-37
-71
25
114
59
-53
-50
89
185
105
-84
-90
80
221
138
-56
-89
76
150
39
-64
-60
73
126
-3
-143
-88
80
135
-17
-198
-181
0
127
27
-166
-217
-95
44
56
-98
-184
-117
1
22
-60
-119
-60
67
94
-67
-142
-31
106
88
-39
-69
26
106
96
24
-25
7
30
62
81
72
26
-15
-19
46
118
104
-19
-94
-26
129
172
18
-152
-138
41
149
58
-118
-178
-63
48
24
-61
-99
-86
-20
21
-9
-96
-165
-103
71
137
15
-169
-191
18
233
170
-103
-235
-95
207
305
85
-170
-170
70
288
242
31
-107
-44
125
186
120
29
-15
15
31
60
85
61
-32
-71
-37
43
120
38
-112
-181
-83
107
161
-36
-234
-172
50
129
12
-149
-164
-21
93
35
-77
-106
-37
37
-41
-52
-22
30
45
-9
-19
27
23
20
33
81
109
35
-64
6
134
152
37
-66
3
124
76
-42
-24
52
82
-16
-96
-55
73
104
-16
-170
-157
-18
102
49
-118
-229
-115
22
38
-72
-197
-142
-15
44
-25
-128
-73
29
58
-52
-138
-62
99
134
-10
-109
-22
98
150
33
-106
-80
91
179
103
-33
-65
17
130
115
24
-45
-17
29
75
76
74
18
-101
-72
45
93
38
-100
-113
-16
57
19
-80
-147
-104
-1
74
0
-126
-162
-85
63
149
55
-146
-233
-71
201
247
0
-261
-220
111
350
227
-89
-242
-76
195
328
167
-72
-134
38
230
213
34
-113
-64
107
215
104
-79
-135
2
129
76
-73
-115
-32
41
58
-45
-127
-119
7
83
66
-73
-183
-151
-11
96
35
-98
-155
-61
68
68
-39
-126
-95
29
103
40
-50
-55
-11
36
103
103
28
-24
-31
57
127
107
38
-10
1
57
87
39
-22
2
43
64
-23
-118
-79
64
134
9
-180
-208
-33
142
114
-90
-265
-219
-28
93
55
-112
-239
-162
18
101
5
-123
-129
-20
60
28
-21
-24
-5
7
30
65
48
36
6
-17
32
99
79
27
-12
-17
41
89
102
51
4
-61
-7
68
93
97
-14
-103
-55
64
102
-24
-150
-67
74
57
-100
-167
-70
54
56
-65
-173
-158
0
103
22
-69
-81
-68
-26
26
58
44
-41
-97
-35
107
185
85
-84
-127
20
198
242
102
-74
-89
83
215
146
1
-41
33
105
67
-9
-16
21
55
27
-85
-76
22
56
4
-76
-112
-48
21
24
-19
-80
-117
-62
-21
20
13
-72
-115
-92
30
45
-5
-90
-112
-7
113
92
-45
-139
-45
143
188
33
-118
-66
123
186
86
-40
-54
81
140
74
27
2
-21
14
48
47
53
-24
-78
-57
28
85
13
-134
-155
-39
84
62
-79
-206
-182
-36
88
8
-149
-200
-72
62
26
-100
-134
-41
51
38
-21
-56
-11
22
21
15
13
30
79
62
-11
7
33
38
52
91
73
-12
-83
-31
129
210
35
-163
-143
133
297
56
-230
-213
52
252
94
-196
-238
-54
146
92
-137
-228
-82
75
85
-104
-211
-105
27
90
64
-54
-127
-91
21
127
79
-65
-127
-35
110
220
110
-91
-133
28
211
201
73
-53
-28
104
190
106
-20
-35
64
145
82
-7
-62
18
76
26
-51
-30
14
-3
-45
-67
-28
7
12
-37
-86
-76
-21
11
-30
-52
-51
-47
-46
-37
6
16
-22
-85
-114
-8
118
92
-53
-110
3
102
99
11
-18
71
109
41
-13
31
92
69
11
28
77
21
-46
-24
70
97
36
-63
-91
-42
59
83
12
-141
-186
-82
91
100
-54
-210
-216
-77
70
66
-86
-218
-199
-41
112
85
-69
-162
-107
40
106
47
-41
-121
-44
148
164
50
-61
-64
22
117
112
22
-12
9
59
101
37
-13
16
64
46
12
3
32
51
21
7
-4
-37
-48
-30
49
58
-50
-133
-122
0
77
-11
-149
-152
-3
101
31
-154
-158
45
165
16
-182
-134
101
199
38
-170
-146
90
306
178
-120
-194
13
251
280
69
-141
-78
162
249
118
-76
-97
83
208
102
-89
-146
26
177
111
-117
-186
-13
108
56
-92
-182
-68
83
79
-39
-139
-122
-45
37
24
-76
-81
-54
-19
10
19
-14
-94
-125
-3
94
76
-3
-76
-39
50
100
66
0
27
55
37
40
78
97
42
-15
-31
72
121
5
-97
-35
97
120
-14
-153
-64
106
114
-60
-191
-139
1
80
20
-111
-181
-128
-45
-1
-51
-101
-61
-31
-68
-106
-61
57
52
-62
-142
-41
100
121
-8
-93
-16
87
131
66
-69
-55
62
124
91
2
-38
39
97
81
17
-34
-17
18
73
105
124
-37
-169
-72
111
157
-3
-184
-149
37
156
49
-209
-280
-34
167
104
-141
-278
-90
97
71
-27
-93
-76
-12
31
39
15
-20
-47
-32
27
115
119
37
-54
-31
43
134
175
111
-43
-53
91
179
153
10
-53
10
106
97
1
-41
-2
42
15
-43
-23
27
-7
-59
-72
-27
-1
-30
-44
-30
-24
-68
-63
-45
-7
12
-35
-102
-82
27
66
-34
-171
-116
113
141
-1
-145
-85
122
181
27
-128
-45
138
186
70
-66
-27
118
146
42
-36
6
59
33
9
14
40
43
-53
-101
-16
87
72
-79
-204
-116
62
137
14
-203
-287
-124
135
150
-100
-279
-201
25
119
8
-157
-168
6
144
60
-160
-148
80
170
76
-78
-124
17
180
140
0
-72
-35
67
127
102
2
-43
-7
63
120
92
-35
-95
-19
139
173
1
-152
-103
69
144
11
-120
-140
-62
18
7
-39
-53
-76
-99
-85
-5
38
-45
-132
-29
90
53
-114
-173
-15
179
154
-44
-183
-87
162
246
96
-107
-134
77
230
183
46
-63
-39
110
194
116
10
-19
17
78
50
-2
18
55
37
-68
-80
62
85
-48
-133
-94
21
65
19
-69
-119
-87
-37
33
21
-61
-114
-98
3
86
40
-101
-167
-71
104
146
-23
-159
-118
94
229
60
-147
-101
117
236
109
-82
-111
38
208
177
-4
-86
-32
22
67
102
31
-47
-77
-26
64
83
-29
-119
-120
-51
28
47
-37
-101
-127
-117
-46
1
-53
-125
-108
-51
-26
-55
-76
-39
29
14
-66
-94
-30
86
118
-27
-110
-16
98
146
72
-73
-120
60
192
148
-3
-121
-38
140
198
63
-108
-115
50
205
143
-17
-136
-87
73
165
63
-105
-153
-32
78
48
-100
-173
-55
61
17
-84
-127
-55
-1
-30
-51
-11
33
-8
-85
-102
52
157
55
-95
-128
28
212
179
-10
-146
-47
132
248
160
-5
-87
-8
147
189
112
-2
-51
13
91
120
39
-82
-60
32
83
53
-33
-121
-108
25
65
-2
-102
-129
-30
64
5
-108
-137
-56
43
65
-19
-154
-138
11
112
5
-150
-112
29
144
90
-101
-145
-6
148
141
7
-70
0
115
109
50
-38
-12
106
145
86
-38
-124
-40
147
190
30
-174
-168
63
172
73
-114
-187
-113
12
81
46
-98
-200
-170
-34
88
15
-152
-201
-108
46
47
-63
-125
-91
19
87
5
-90
-20
63
53
0
-1
46
66
48
2
19
44
41
46
58
59
49
17
-8
60
108
58
-19
-56
21
98
80
-7
-66
-10
54
-11
-98
-45
36
39
-70
-162
-102
39
87
-20
-150
-135
-34
15
16
-11
-37
-68
-60
10
68
70
1
-77
-53
78
160
80
-31
-42
8
82
140
162
66
-29
-31
110
189
120
-22
-69
12
109
101
17
-16
-20
9
14
8
-10
-46
-52
-28
-16
-25
-66
-61
-16
-4
-61
-104
-80
23
45
-15
-104
-118
-5
77
29
-120
-145
11
140
57
-89
-129
25
158
102
-45
-73
56
144
90
-25
-56
40
173
136
-16
-65
14
71
50
-25
-1
52
29
-23
-49
-36
37
44
-50
-148
-118
2
70
40
-126
-256
-140
77
97
-85
-233
-166
-9
99
39
-86
-125
-64
18
45
11
10
-30
-24
29
83
67
23
-4
16
40
11
9
69
111
66
-16
-47
14
130
149
0
-120
-97
100
253
87
-175
-188
18
209
90
-139
-196
-53
90
45
-99
-137
-91
-6
34
-37
-113
-100
-43
12
79
43
-86
-169
-74
140
177
-10
-186
-110
141
279
116
-135
-157
48
232
229
43
-80
-50
165
242
97
-76
-39
124
195
64
-133
-114
71
197
96
-151
-177
-8
130
92
-86
-185
-95
56
79
-14
-120
-133
-62
8
54
6
-80
-125
-79
4
48
25
-31
-125
-121
15
150
114
-66
-117
-27
89
132
77
-23
-41
62
116
90
29
-22
-19
70
162
70
-100
-122
25
183
123
-135
-205
-36
185
162
-76
-288
-207
55
174
39
-182
-259
-116
72
108
-98
-255
-178
2
80
-2
-109
-111
-9
46
8
-53
-28
48
32
-17
20
31
42
60
12
29
57
14
15
52
83
71
18
-41
-5
96
120
44
-45
-56
64
157
66
-79
-116
-4
125
21
-94
-101
-44
29
-10
-47
-40
-54
-36
-69
-77
-21
14
-58
-75
-3
35
-11
-74
-30
89
118
-15
-147
-50
110
199
91
-74
-52
50
135
156
120
50
-26
14
98
130
107
48
6
-10
38
91
70
7
-28
-60
-65
4
90
30
-120
-140
-41
85
80
-58
-173
-124
11
67
-2
-96
-124
-89
30
56
-10
-72
-102
-79
-8
39
38
-17
-53
-21
47
56
32
1
37
80
59
8
13
52
76
50
16
41
89
-1
-76
4
132
151
-32
-213
-124
128
182
12
-229
-232
2
181
111
-144
-302
-221
42
143
-1
-189
-246
-88
47
57
-43
-107
-84
-23
29
1
-30
-2
14
-6
1
47
44
47
52
26
10
2
5
73
124
84
5
-49
-27
95
177
72
-105
-110
68
244
126
-103
-182
-63
156
161
-39
-178
-110
31
66
-32
-132
-95
2
15
-56
-89
-46
-32
-63
-6
45
-8
-68
-98
-22
97
123
23
-96
-114
34
222
203
-9
-180
-84
174
316
182
-97
-180
39
269
249
26
-153
-61
133
179
46
-100
-67
85
106
-38
-114
-39
27
31
-18
-93
-75
-9
5
-23
-70
-61
-60
-43
-10
-11
-36
-46
-25
-32
-35
-27
-61
-47
15
44
13
-16
-27
19
34
13
32
119
94
-18
-73
53
184
148
-26
-104
13
160
146
-41
-141
-32
147
169
-25
-201
-101
110
162
-20
-233
-209
-1
168
95
-147
-294
-182
56
123
-83
-223
-150
43
71
-61
-148
-65
65
16
-93
-67
70
123
-4
-103
-24
85
123
35
-51
-56
72
126
84
8
-23
33
74
75
20
4
20
34
15
34
89
55
-14
-58
-66
44
80
-12
-86
-94
-25
-1
-19
-55
-80
-64
-40
-15
-72
-48
-60
-53
18
40
-5
-97
-105
13
140
99
-67
-143
-39
163
231
59
-159
-130
114
284
193
0
-125
-5
197
220
67
-66
-30
91
121
40
-42
-15
56
65
-21
-102
14
76
3
-120
-158
-35
101
95
-75
-153
-105
-2
47
-9
-95
-102
-56
4
40
20
-41
-104
-122
-12
112
53
-40
-88
-11
97
80
-7
-46
35
137
89
-2
-9
26
92
102
58
-1
-4
-3
2
74
89
7
-89
-94
15
117
78
-75
-157
-114
-8
52
33
-90
-197
-155
-58
26
10
-77
-144
-144
-60
27
45
-39
-163
-117
57
119
-17
-128
-46
101
141
40
-78
-78
61
145
113
-26
-116
-10
167
165
35
-82
-41
97
151
82
-71
-107
17
157
161
-1
-163
-126
46
146
76
-94
-174
-83
30
43
-11
-88
-122
-68
8
31
0
-115
-140
-23
115
66
-98
-166
-1
135
112
-28
-97
-23
130
165
57
-41
-61
31
162
201
83
-49
-40
106
191
138
-9
-65
21
119
118
-9
-81
-24
83
67
-38
-67
-79
-22
58
19
-70
-125
-58
40
40
-85
-179
-105
56
104
-12
-189
-196
18
175
76
-142
-242
-50
166
134
-57
-160
-33
151
118
-28
-89
38
152
88
-34
-43
74
158
109
-18
-69
-4
45
70
40
-13
-4
-6
-13
-9
-7
4
13
-39
-132
-117
1
77
-7
-168
-216
-103
57
63
-91
-195
-155
-20
53
30
-69
-141
-62
64
79
-39
-90
-8
83
77
21
-11
19
28
21
36
54
64
49
47
52
41
37
25
6
13
44
48
32
25
42
66
8
-89
-53
31
57
15
-32
-63
-94
-97
-49
50
54
-58
-169
-166
23
128
-12
-159
-95
64
69
-53
-102
-11
76
49
-9
-19
40
76
75
28
-1
-5
61
154
153
55
-29
22
102
125
65
28
45
52
17
-24
-8
64
81
36
-71
-87
7
30
-5
-59
-107
-44
36
35
-42
-114
-107
-14
26
-16
-66
-66
-46
-39
-22
-6
16
-36
-85
-42
7
60
50
-32
-28
-1
49
68
59
58
43
-1
-9
77
129
94
-7
-41
59
106
5
-54
7
90
81
-47
-117
-41
101
113
-32
-198
-175
-9
133
75
-141
-251
-177
25
140
-45
-236
-211
-15
82
11
-99
-157
-37
95
52
-92
-125
44
160
59
-80
-72
49
133
83
-21
-26
31
60
74
36
22
23
46
50
42
28
-12
21
44
61
35
-14
-43
7
68
20
-116
-110
19
93
-1
-160
-166
-2
105
13
-147
-187
-36
73
14
-108
-99
23
76
-13
-104
-35
71
94
-12
-81
-25
90
145
84
-30
-61
17
134
215
133
-33
-78
62
209
206
16
-111
-46
100
118
35
-31
-22
8
32
32
-4
-80
-75
-6
2
-12
-59
-79
-20
22
-23
-114
-105
2
77
3
-118
-127
7
91
31
-134
-170
-15
129
146
-13
-158
-70
95
145
67
-28
-12
52
80
60
49
68
57
10
42
109
55
-112
-82
90
193
73
-157
-189
11
182
116
-86
-255
-150
68
135
-3
-207
-233
-83
72
46
-95
-198
-134
5
35
-38
-74
-82
-24
15
-4
-29
-55
-12
35
34
70
42
-8
16
33
60
35
-15
10
96
97
38
-10
-18
38
145
124
-40
-101
-10
135
144
-13
-126
-53
104
124
-69
-170
-59
91
70
-135
-199
-28
116
52
-142
-188
-59
81
18
-81
-52
-15
0
-15
-30
33
67
18
-58
-54
66
141
98
-22
-78
2
138
224
135
-26
-93
42
181
194
69
-53
-60
81
152
76
-65
-93
21
116
52
-87
-115
-38
50
42
-66
-126
-60
58
60
-64
-190
-131
37
96
1
-132
-157
-28
105
71
-106
-192
-69
99
115
-4
-144
-100
86
170
70
-61
-67
63
154
64
-33
-25
63
152
97
-5
-18
-22
3
71
74
56
-21
-88
-55
16
64
38
-54
-132
-122
-32
71
37
-116
-235
-152
14
96
-25
-195
-192
-44
85
48
-86
-174
-94
65
111
17
-76
-95
-14
100
130
20
-77
-41
71
144
75
-43
-66
70
156
99
-11
-56
-16
88
124
20
-75
-24
156
178
-11
-187
-132
95
228
57
-189
-229
-35
137
70
-89
-170
-103
23
49
-42
-111
-120
-48
53
94
-30
-148
-118
27
177
113
-85
-173
-50
152
239
121
-88
-173
-8
214
251
125
-64
-125
40
237
222
28
-94
-62
84
168
76
-71
-103
10
95
30
-63
-50
-18
-8
-22
-51
-29
-16
-38
-34
-82
-60
-32
-18
-6
-47
-56
-52
-49
-14
9
-38
-70
-57
1
66
27
-66
-64
47
103
65
-14
-13
69
111
51
6
32
89
95
29
1
27
15
7
57
72
57
-39
-115
-63
115
166
-24
-224
-216
-2
164
102
-111
-238
-161
-7
80
-16
-161
-171
-50
23
-23
-112
-99
-11
61
-10
-100
-62
71
110
-12
-94
-21
92
145
45
-43
-46
19
63
100
92
9
-46
9
90
111
70
-40
-68
-16
90
191
66
-134
-133
11
163
93
-118
-186
-49
88
36
-95
-130
-43
21
-10
-87
-113
-58
-24
-5
1
-21
-49
-67
-27
34
74
16
-57
-47
47
129
91
-1
-43
12
83
115
120
78
-6
33
127
144
49
-25
21
109
81
1
-38
13
100
74
-47
-131
-21
76
42
-74
-117
-60
44
51
-67
-113
-61
-11
-2
-48
-46
-25
-18
-60
-50
4
40
-15
-122
-111
36
119
69
-73
-117
8
141
100
4
-20
21
73
74
60
24
14
57
88
71
53
-39
-84
28
118
85
-9
-113
-79
50
83
-17
-105
-102
-58
6
27
-15
-114
-197
-120
4
45
-62
-145
-161
-52
49
36
-85
-147
-54
46
59
6
-66
-53
11
92
103
5
-55
-46
74
144
86
-50
-58
40
142
117
-22
-92
12
132
131
3
-94
-2
145
114
-46
-146
-81
87
116
-18
-124
-96
-1
36
-28
-87
-71
-33
-25
-62
-62
-31
-45
-44
12
26
-30
-98
-78
48
155
50
-91
-125
17
183
184
32
-114
-84
91
236
191
26
-81
-40
128
205
138
0
-68
12
137
107
-42
-75
27
94
30
-61
-74
1
38
-26
-92
-83
-8
29
-8
-85
-129
-42
67
46
-43
-137
-143
-25
91
46
-54
-125
-129
27
123
36
-83
-95
35
130
42
-70
-33
114
172
48
-96
-29
99
160
83
-26
-30
41
53
-14
0
76
74
-38
-116
-43
95
96
-25
-176
-182
-28
134
93
-109
-260
-197
-9
135
47
-181
-227
-90
43
44
-74
-131
-63
30
30
-14
-39
17
72
33
-25
-13
66
104
35
-34
-25
56
107
84
2
-13
53
95
52
-14
18
58
70
21
22
27
14
19
-16
-17
-16
-41
16
27
-52
-92
-79
-24
36
22
-86
-144
-110
14
59
-49
-128
-51
76
72
-60
-140
-44
112
111
10
-74
-56
71
153
108
-33
-105
28
212
243
72
-108
-92
126
243
128
-47
-73
42
142
83
-53
-73
22
106
17
-87
-61
-14
30
13
-76
-71
-20
-38
-45
-30
-55
-58
-37
-26
-20
-28
-68
-88
7
68
39
-110
-187
-5
138
114
-51
-149
-33
140
136
-3
-66
22
125
93
0
-27
47
158
113
-22
-53
13
50
63
29
35
23
-41
-82
-10
91
88
-25
-167
-180
-14
144
83
-141
-278
-157
44
95
-58
-198
-147
-20
48
-3
-89
-109
-38
41
9
-42
-39
23
69
-5
-42
28
119
93
-15
-60
28
88
54
40
31
46
53
10
-24
26
101
91
3
-51
0
74
94
-4
-86
-46
8
15
7
-9
-71
-95
-66
-7
36
-34
-142
-129
-39
80
45
-129
-180
-35
124
82
-78
-168
-37
139
158
-13
-155
-86
138
247
122
-90
-158
32
239
232
35
-97
2
188
195
51
-66
-21
96
126
38
-52
-29
35
66
10
-46
-60
-20
25
12
-68
-86
-37
10
18
-20
-108
-99
-21
25
15
-54
-66
-54
-15
20
4
-98
-106
41
90
36
-56
-58
42
82
22
-7
26
93
85
16
1
50
105
73
-9
4
113
72
-64
-69
25
124
89
-87
-141
-40
100
110
-28
-202
-169
-2
139
61
-148
-257
-168
19
116
-15
-186
-216
-98
52
75
-37
-161
-98
27
59
-5
-47
-22
-18
12
93
82
-9
-22
6
71
91
4
-19
64
102
42
-19
-15
43
125
83
-31
-54
53