#4
-107
32
134
66
-76
-90
21
143
89
-33
18
171
119
-58
-30
161
248
76
-111
-55
121
158
50
-21
-8
13
47
115
117
-14
-90
-23
151
170
-29
-174
-36
190
162
-119
-230
-20
219
131
-159
-242
-4
206
138
-99
-205
-51
108
140
100
-39
-198
-84
200
280
38
-235
-166
175
368
132
-214
-185
129
305
156
-65
-64
71
172
143
44
-5
12
78
115
130
77
-73
-76
86
196
87
-102
-152
-28
79
56
-5
-44
-120
-147
-37
158
227
-7
-283
-205
137
316
85
-227
-206
63
223
74
-92
-91
20
95
72
8
-4
17
46
95
109
15
-57
56
234
198
-87
-220
7
317
250
-75
-227
-36
229
210
-30
-160
-24
103
103
22
-77
-110
-32
140
196
-35
-312
-222
189
292
5
-343
-259
139
286
-14
-261
-137
75
126
6
-53
-14
28
12
11
92
134
32
-80
28
200
183
29
-69
3
80
64
36
61
56
6
-26
36
106
45
-79
-22
109
104
-57
-105
53
204
62
-200
-196
42
165
110
-80
-162
-95
-19
55
131
72
-128
-262
-57
279
319
-142
-459
-134
401
425
-65
-387
-174
249
359
99
-195
-146
109
248
170
-16
-121
-29
187
273
107
-168
-118
169
336
132
-203
-184
118
285
97
-151
-153
4
58
41
-4
-24
-90
-150
-53
107
132
-31
-166
-95
99
115
-22
-57
20
58
-37
-68
16
114
60
-62
-56
36
49
17
47
125
89
-63
-121
70
296
203
-82
-223
-45
226
266
50
-128
-155
-32
154
248
91
-196
-274
1
301
272
-141
-410
-119
282
241
-143
-346
-96
201
99
-153
-189
-19
87
-26
-127
-39
47
-28
-105
-55
61
61
15
13
13
-3
25
82
129
32
-79
15
194
209
-33
-199
-59
240
233
-73
-224
-59
193
187
-25
-102
-2
38
18
21
51
33
-30
-72
-17
73
-29
-140
-25
115
53
-172
-213
50
264
64
-258
-271
59
347
177
-245
-334
12
300
225
-71
-213
-87
156
253
85
-137
-164
74
325
218
-125
-211
75
326
205
-108
-185
91
262
139
-33
-78
27
83
25
1
40
32
-101
-146
20
147
22
-211
-189
50
137
7
-99
-40
38
-27
-42
48
76
-41
-168
-44
165
136
-78
-157
-10
123
66
-94
-33
133
121
1
-82
-8
111
139
106
55
-57
-145
-13
260
298
-25
-378
-217
309
450
-20
-432
-236
275
375
-21
-396
-246
190
297
5
-281
-234
2
159
82
-64
-206
-209
-15
202
124
-162
-299
-94
194
205
-61
-213
-71
157
151
39
-30
-26
18
54
119
164
83
-62
-95
29
154
101
-26
-66
2
27
21
59
73
34
-79
-139
62
222
84
-132
-149
9
108
10
-113
-26
95
10
-184
-188
20
204
127
-132
-230
-91
112
200
71
-174
-222
3
250
217
-66
-263
-95
250
313
-48
-304
-108
267
377
47
-267
-135
217
310
68
-135
-64
112
119
73
57
-20
-65
-5
90
112
-27
-166
-100
84
89
-65
-135
-63
-3
-33
-88
1
60
-16
-113
-76
81
134
-39
-165
-61
158
85
-114
-123
52
127
-5
-118
-30
168
154
-29
-100
-7
82
103
119
110
-31
-174
-95
217
358
64
-301
-294
86
415
224
-241
-352
-65
232
267
16
-277
-312
-20
290
253
-131
-444
-272
182
376
58
-392
-375
57
319
90
-236
-251
-29
134
101
16
-64
-97
-64
84
242
149
-120
-185
54
278
216
-24
-154
-42
111
139
37
-32
-44
-43
52
135
93
-90
-169
-16
206
185
-99
-233
-36
202
132
-159
-272
-38
181
133
-90
-245
-172
32
200
167
-103
-327
-243
136
423
161
-365
-420
65
470
282
-249
-435
-66
399
352
-103
-330
-75
251
305
72
-155
-111
68
222
180
-33
-122
-39
154
228
73
-139
-96
88
143
-15
-128
-69
5
20
-22
-44
-45
-89
-116
-37
99
94
-84
-176
-71
77
89
6
-71
-49
10
-14
-31
43
100
6
-130
-96
67
158
83
-46
-34
59
53
18
83
128
18
-133
-83
120
257
112
-110
-144
-43
122
193
70
-132
-174
-56
119
191
15
-269
-248
118
293
38
-339
-323
85
309
69
-304
-337
2
243
108
-143
-208
-119
20
117
96
-34
-170
-155
63
277
201
-108
-201
-3
243
198
18
-81
-34
33
50
92
95
6
-131
-95
129
196
35
-161
-119
103
149
-14
-127
-44
103
92
-82
-163
-72
16
48
49
-7
-175
-259
-40
324
257
-207
-448
-156
340
393
-79
-466
-215
329
372
-34
-318
-182
166
312
126
-141
-199
-1
227
284
53
-195
-170
142
356
165
-195
-188
117
292
141
-152
-179
72
204
70
-93
-107
-24
-30
-34
31
23
-99
-191
-83
108
83
-100
-130
7
94
9
-109
-39
77
41
-80
-97
-6
99
58
-65
-54
16
31
25
48
67
36
-58
-52
90
170
105
-30
-78
-45
16
123
153
69
-121
-219
28
323
184
-225
-386
-55
345
307
-159
-484
-184
308
296
-116
-395
-193
170
210
-46
-251
-222
-4
112
51
-81
-189
-153
38
205
82
-193
-224
30
231
163
-58
-127
9
147
134
48
19
12
-10
-4
59
101
55
-95
-97
43
132
61
-34
-34
-6
-6
14
49
51
-38
-81
-30
77
18
-124
-139
40
121
-21
-224
-203
103
278
26
-292
-270
29
277
190
-121
-286
-125
161
270
111
-175
-273
-15
337
290
-136
-333
-28
389
305
-121
-273
0
295
235
-45
-157
11
165
111
22
9
2
-19
-15
60
66
-18
-154
-139
16
114
-1
-145
-148
-66
21
46
7
-22
-78
-120
-33
141
144
-83
-233
-60
142
113
-53
-108
-15
55
31
-27
31
65
2
-32
51
111
26
-57
43
181
61
-164
-129
183
288
44
-263
-242
159
359
64
-290
-231
83
251
73
-167
-198
-15
122
71
-56
-164
-159
-31
113
76
-145
-256
-94
139
107
-129
-225
-87
78
92
1
-51
-19
-25
-30
68
164
98
-79
-122
100
272
161
-130
-217
21
239
175
-29
-126
-85
22
122
119
5
-113
-136
49
205
126
-150
-221
14
220
114
-193
-284
-38
242
160
-172
-337
-146
183
284
20
-298
-328
-12
353
332
-156
-500
-213
358
504
20
-451
-333
227
485
92
-282
-205
168
309
75
-131
-33
123
131
36
-14
13
66
80
52
56
7
-41
-7
50
26
-27
-24
-23
-68
-106
-51
64
58
-125
-226
-84
156
182
-93
-273
-112
190
219
-42
-225
-113
63
112
27
-36
-40
-27
-8
40
91
33
-62
-42
111
140
-25
-99
64
229
128
-140
-195
62
290
167
-130
-253
-53
245
245
-44
-241
-173
56
224
141
-156
-289
-79
190
194
-112
-348
-169
184
228
-84
-288
-186
60
114
-48
-120
-82
-51
-38
-11
88
91
-63
-191
-36
276
246
-77
-238
-50
234
284
49
-157
-125
31
152
137
9
-106
-131
18
190
147
-99
-201
-5
213
134
-139
-206
37
186
22
-191
-166
9
122
66
-78
-179
-157
-36
133
177
-52
-315
-258
153
419
118
-390
-392
110
458
201
-256
-345
18
331
208
-113
-167
20
157
156
37
-42
-40
40
157
147
13
-85
-6
159
140
-5
-82
-24
124
75
-70
-70
31
18
-89
-113
8
73
-47
-206
-117
93
157
-63
-208
-82
120
122
-16
-112
-73
-7
12
37
55
14
-81
-74
59
68
-27
-45
65
162
43
-136
-109
141
323
130
-202
-264
8
336
291
-38
-301
-241
133
375
173
-249
-369
-53
326
310
-121
-432
-213
255
334
-84
-425
-267
183
301
-42
-346
-235
83
166
-21
-175
-133
-38
5
37
32
-28
-69
-26
47
96
39
-18
5
82
56
5
69
115
44
-94
-92
104
238
43
-217
-166
116
235
44
-132
-87
52
105
43
-56
-56
-9
15
11
-24
-63
-97
-5
118
24
-208
-254
22
276
189
-202
-404
-121
280
377
-11
-435
-297
197
378
168
-217
-315
-46
318
334
-19
-331
-174
252
425
113
-286
-252
162
397
171
-188
-228
71
270
162
-51
-128
-26
84
74
42
-1
-120
-170
-25
147
70
-153
-259
-92
116
84
-70
-112
-46
22
-10
-22
38
13
-73
-76
12
76
4
-67
-50
35
72
-30
-76
64
159
33
-118
-71
128
181
61
-53
-47
-8
37
103
139
24
-161
-182
81
288
129
-235
-277
24
277
144
-187
-306
-52
223
112
-133
-212
-101
75
72
-35
-137
-141
-65
37
40
-54
-119
-97
-8
47
20
-33
-60
9
21
0
79
159
65
-119
-119
134
304
137
-165
-215
43
245
144
-94
-147
-14
94
80
19
-1
-7
-44
-23
54
75
-11
-76
-35
26
-31
-100
-61
73
59
-110
-183
-74
105
132
-28
-189
-157
-8
123
154
-6
-238
-165
133
275
112
-190
-270
12
320
238
-137
-291
0
353
266
-108
-244
-46
259
258
10
-148
-30
109
94
73
35
-52
-35
42
95
25
-87
-121
-47
71
20
-112
-132
-46
8
-26
-55
-6
-19
-67
-79
38
133
46
-167
-175
41
173
47
-133
-135
33
131
81
-39
-93
-15
47
122
153
-11
-162
-63
204
308
6
-318
-188
258
421
74
-368
-302
174
422
116
-305
-311
14
275
205
-94
-335
-197
135
271
64
-301
-342
11
304
171
-237
-398
-124
238
220
-123
-292
-125
91
96
-6
-59
-34
0
19
86
123
31
-86
-49
131
206
81
-87
-83
76
109
-9
-32
56
61
-43
-66
27
95
60
-50
-80
0
83
12
-39
23
12
-91
-112
-23
86
72
-82
-185
-118
21
124
96
-67
-223
-164
52
238
175
-169
-360
-72
355
276
-141
-345
-40
322
269
-134
-321
14
350
267
-94
-258
6
282
208
-25
-140
-22
154
166
34
-28
-25
29
69
43
-49
-69
11
49
-11
-143
-94
46
39
-121
-182
-27
148
100
-126
-225
-48
152
155
-43
-147
-104
17
75
41
-15
-86
-72
43
123
45
-60
-68
46
187
109
-106
-140
88
301
144
-172
-224
58
300
177
-119
-250
-62
221
241
-1
-230
-200
29
205
139
-147
-297
-58
238
141
-202
-351
-92
223
168
-148
-297
-129
112
106
-119
-187
-39
45
-14
-45
-12
10
-47
-30
47
122
78
-40
-54
31
132
123
55
-26
-39
-42
43
147
100
-90
-213
-41
235
205
-65
-213
-85
132
175
-5
-143
-81
86
69
-51
-120
-110
4
109
54
-124
-270
-157
182
310
-12
-378
-312
128
412
161
-315
-390
24
389
259
-149
-311
-87
217
288
26
-178
-126
104
299
170
-140
-202
61
290
244
-69
-219
34
251
170
-60
-146
-13
167
119
-72
-111
-31
22
-14
-45
-33
-32
-89
-87
-18
13
-13
-53
-49
6
-9
-31
1
43
-5
-84
-61
27
62
9
-76
-22
67
37
-59
-31
87
153
61
-81
-111
47
185
155
-1
-137
-114
71
250
177
-46
-256
-188
168
346
80
-289
-294
39
308
210
-193
-373
-90
247
219
-135
-339
-172
109
194
21
-217
-259
-63
135
96
-64
-208
-169
54
200
62
-163
-147
24
144
157
59
-23
-38
-7
80
158
148
-18
-151
-81
139
227
81
-138
-182
11
182
137
-2
-79
-83
-19
71
116
37
-81
-110
-42
36
26
-79
-69
49
34
-97
-206
-56
190
142
-163
-297
-88
207
239
-55
-300
-160
145
287
93
-179
-231
-6
272
262
-72
-293
-71
303
350
-1
-326
-149
265
364
50
-234
-126
191
253
20
-122
-55
90
90
-7
-60
-14
-29
-66
-31
26
-8
-97
-113
-58
-26
-18
-20
22
21
-80
-126
12
120
37
-105
-110
14
75
-3
-49
-6
40
5
-76
-19
122
133
-17
-83
-3
86
101
65
46
15
-61
-70
89
216
118
-149
-273
5
368
257
-210
-390
-96
254
284
-42
-348
-216
142
271
45
-285
-321
-28
229
173
-149
-352
-174
157
187
-86
-246
-138
82
126
-16
-130
-55
72
44
0
44
117
45
-101
-19
184
217
34
-156
-109
95
195
69
-64
-99
-48
57
119
71
-63
-131
-35
152
179
-18
-235
-145
117
199
-22
-244
-161
103
162
-41
-237
-188
41
179
82
-157
-244
-75
180
251
-20
-314
-246
133
365
165
-256
-339
29
400
264
-183
-331
4
346
279
-67
-215
-71
167
229
124
-27
-114
-26
124
178
89
-81
-151
1
127
95
-11
-122
-118
-38
26
27
-26
-118
-155
-81
63
152
5
-209
-177
68
218
79
-167
-177
7
100
65
-34
-33
-7
-24
-18
69
93
15
-81
-21
142
112
-51
-55
104
182
40
-166
-107
161
259
53
-191
-196
80
265
98
-170
-208
-32
151
161
-35
-230
-168
112
219
-19
-302
-256
53
231
61
-220
-278
-46
153
70
-125
-153
-77
31
38
4
-34
-35
-61
-1
143
162
-15
-138
-29
173
209
44
-93
-56
62
104
42
-28
-39
-31
36
85
81
-30
-130
-32
153
139
-84
-203
-42
153
120
-90
-196
-96
75
131
-8
-186
-218
-67
147
224
6
-293
-301
10
342
298
-183
-462
-125
364
375
-68
-369
-196
211
391
95
-260
-199
117
295
185
-69
-182
-50
181
268
86
-134
-129
124
237
86
-94
-118
46
121
47
-81
-66
-24
-61
-79
20
87
-33
-204
-205
-7
162
110
-80
-223
-116
106
178
54
-157
-187
-47
147
167
-12
-213
-163
98
247
74
-181
-159
105
263
117
-176
-195
97
327
183
-131
-239
-28
225
227
7
-215
-204
72
302
178
-204
-378
-108
310
349
-119
-477
-243
295
373
-64
-465
-322
108
322
109
-242
-350
-150
135
200
19
-227
-266
-55
224
212
-78
-265
-141
153
287
108
-139
-156
38
205
222
78
-95
-161
-16
161
216
40
-208
-184
74
259
111
-144
-217
47
239
95
-130
-158
-4
137
44
-96
-125
-69
8
76
28
-121
-213
-108
152
219
-64
-289
-166
109
228
71
-195
-217
40
230
132
-81
-168
-63
100
221
79
-137
-126
100
278
143
-148
-186
92
328
163
-156
-193
100
292
134
-119
-125
27
134
62
-60
-53
23
-10
-106
-79
16
26
-78
-178
-118
45
121
22
-102
-171
-117
88
203
76
-189
-255
-24
196
163
-80
-222
-67
170
139
-70
-108
46
140
83
-16
-86
1
134
149
74
-84
-152
-18
239
266
-20
-295
-209
199
353
46
-317
-254
110
296
106
-208
-257
3
173
49
-141
-222
-85
95
107
-18
-167
-186
-54
66
45
-79
-107
-73
6
41
1
-38
9
0
-12
45
131
79
-42
-102
58
246
184
-72
-191
-3
221
170
-84
-185
-29
128
127
18
-43
-45
-7
10
27
47
-8
-45
-44
7
26
-38
-110
-44
64
46
-111
-224
-96
150
196
-65
-277
-218
79
308
148
-214
-328
-53
270
277
-63
-332
-167
240
377
36
-293
-173
213
359
81
-226
-165
154
300
119
-119
-119
70
186
94
6
-43
-40
18
48
38
0
-64
-126
-57
57
28
-56
-107
-106
-64
24
59
22
-93
-135
-29
94
113
-42
-177
-61
83
80
-8
-60
-25
37
38
2
-8
30
45
21
48
52
-7
-18
69
164
101
-107
-195
58
289
168
-153
-276
5
317
195
-175
-285
-37
210
146
-87
-226
-89
115
114
-76
-208
-150
53
158
-45
-248
-196
54
167
-34
-257
-186
126
215
-67
-277
-147
152
223
-33
-196
-37
201
201
3
-117
-80
128
216
110
-68
-162
-75
135
215
42
-179
-170
62
227
96
-132
-157
7
163
69
-97
-110
15
56
-20
-111
-70
30
37
-83
-132
-56
18
36
7
-58
-118
-88
35
163
72
-215
-228
86
317
136
-207
-262
42
328
176
-151
-198
49
248
179
-38
-119
-27
136
189
93
-56
-72
54
165
122
-14
-100
-39
111
110
-5
-93
-92
-42
17
10
-22
-78
-118
-104
-9
96
59
-86
-165
-69
84
136
7
-134
-94
46
57
-8
-47
-24
-8
31
58
39
-36
-38
73
129
63
-90
-114
51
259
196
-80
-251
-65
233
299
66
-218
-263
37
322
205
-142
-319
-155
158
323
108
-297
-404
-19
319
219
-198
-398
-145
182
158
-92
-216
-132
29
47
-45
-84
-41
-60
-77
22
93
37
-59
-86
32
143
111
-27
-44
24
83
105
121
32
-113
-116
104
271
102
-222
-273
48
329
192
-153
-273
-57
190
190
-14
-142
-89
3
40
14
-30
-101
-71
23
32
-65
-132
-82
91
135
-46
-209
-126
95
204
23
-199
-147
75
176
100
-76
-146
-5
161
150
-5
-95
-36
120
169
56
-66
-52
113
176
68
-77
-73
109
170
82
-52
-78
9
66
26
-16
-15
-54
-98
-63
25
33
-29
-167
-176
-12
136
64
-87
-171
-80
79
131
41
-105
-170
-64
113
124
-39
-122
-80
66
148
7
-114
-50
141
142
-12
-120
0
154
174
58
-91
-152
-36
174
265
76
-221
-284
45
382
268
-218
-444
-134
321
367
-62
-425
-291
184
322
27
-324
-310
-3
196
134
-100
-242
-172
31
127
14
-128
-153
-75
80
108
-13
-101
-38
79
94
60
31
-19
-27
22
164
195
57
-131
-139
65
231
141
-98
-204
-30
180
161
-27
-125
-39
58
55
6
-42
-20
-2
8
-16
-54
-96
-56
51
91
-64
-222
-150
95
198
39
-228
-214
36
200
129
-117
-244
-75
157
211
50
-156
-172
45
263
167
-133
-196
41
281
224
-121
-250
15
296
232
-56
-173
12
176
114
-16
-23
3
10
12
10
41
-7
-117
-118
11
81
-15
-156
-157
-22
56
32
-27
-67
-83
-57
1
107
85
-97
-149
-4
113
50
-88
-96
53
118
24
-64
-3
98
61
-8
-16
38
81
55
44
56
12
-81
1
174
186
-31
-250
-136
199
303
2
-291
-218
111
275
69
-231
-272
-6
238
136
-154
-303
-134
123
186
-18
-247
-262
-15
210
123
-183
-280
-94
122
149
-12
-120
-71
12
57
115
85
-24
-103
8
165
198
56
-107
-114
33
169
101
-65
-102
-18
72
69
-1
-16
-17
-18
-15
27
55
-23
-86
-38
29
-9
-56
-66
-4
45
-17
-147
-171
-23
140
126
-80
-233
-156
57
218
141
-175
-288
-42
263
254
-60
-291
-131
212
320
37
-258
-139
202
332
51
-209
-113
162
238
89
-61
-58
46
119
106
46
7
-38
-37
30
56
37
-54
-111
-48
33
13
-54
-90
-83
-78
-30
50
47
-28
-106
-71
54
81
15
-81
-92
2
76
28
-33
-29
15
21
-1
-20
32
69
60
35
-16
-39
32
145
154
-3
-153
-108
140
266
83
-190
-234
65
306
159
-184
-284
-58
192
195
-42
-250
-190
59
234
88
-219
-334
-99
201
200
-109
-307
-172
77
133
-55
-172
-110
-11
15
21
28
-26
-62
-28
54
140
57
-75
-47
105
162
68
-29
-35
39
68
25
4
27
18
-33
-30
59
107
-3
-81
-50
53
81
-14
-99
-15
96
24
-138
-123
24
99
42
-111
-163
-115
17
138
100
-113
-225
-133
96
234
73
-218
-226
72
262
105
-160
-162
44
207
144
-58
-117
13
138
171
39
-65
-35
67
153
117
-15
-46
51
120
63
-2
-14
28
61
-19
-67
24
42
-44
-138
-104
26
93
-37
-213
-177
58
160
28
-157
-151
2
120
86
-30
-128
-96
12
82
75
-9
-113
-80
44
94
41
-19
7
50
56
-3
-35
30
150
132
9
-115
-102
103
233
98
-125
-215
-49
232
261
-41
-299
-215
122
318
95
-297
-362
23
345
177
-253
-402
-100
226
190
-114
-295
-156
45
113
20
-90
-146
-114
21
116
78
-43
-113
-73
74
187
116
-20
-100
-15
147
208
133
-92
-188
-37
222
237
-8
-234
-183
124
292
110
-146
-193
-8
158
147
-38
-149
-70
54
63
-14
-88
-115
-28
62
29
-104
-182
-61
122
121
-71
-235
-127
125
228
15
-231
-180
62
238
127
-75
-191
-61
155
216
40
-147
-105
109
242
90
-118
-102
103
214
101
-71
-69
85
127
17
-7
57
40
-18
-73
-26
84
44
-112
-166
-36
92
25
-179
-220
-35
167
116
-92
-195
-118
70
161
63
-123
-168
-57
106
124
-9
-136
-90
91
147
31
-86
-60
49
102
92
5
-22
36
93
111
35
-85
-124
71
249
162
-107
-279
-51
290
250
-132
-331
-107
210
215
-61
-268
-149
118
180
-47
-234
-171
30
134
36
-174
-231
-69
120
123
-88
-219
-145
44
148
52
-93
-116
-15
45
73
91
41
-11
-38
57
130
128
34
-91
-63
80
151
48
-97
-108
17
130
77
-34
-79
-11
61
66
12
-75
-103
-22
108
57
-113
-189
-93
123
144
-86
-269
-202
98
263
58
-264
-279
5
263
215
-111
-340
-154
200
314
73
-230
-234
55
297
205
-129
-232
21
274
217
-61
-175
-19
171
188
49
-26
13
57
14
25
90
85
-17
-58
-29
58
41
-100
-116
-32
37
40
-71
-140
-122
-29
84
74
-47
-154
-115
46
178
100
-139
-214
-26
145
125
-21
-113
-69
30
105
74
-5
-42
-22
67
110
54
-30
-25
89
135
24
-104
-70
118
203
46
-165
-172
91
262
56
-232
-211
26
214
119
-135
-237
-115
142
181
-58
-282
-238
64
240
46
-243
-271
-50
146
64
-132
-140
-32
-3
-16
5
32
24
-68
-104
59
189
115
-70
-133
50
231
159
-44
-147
-42
121
174
60
-92
-143
-40
130
185
14
-189
-131
100
217
39
-178
-170
64
172
24
-169
-195
-21
166
116
-129
-261
-164
95
268
98
-248
-340
-63
326
340
-121
-449
-218
288
448
88
-339
-315
104
398
226
-158
-248
-25
275
295
31
-207
-145
112
293
184
-85
-196
-41
223
279
58
-211
-184
67
198
109
-70
-209
-165
33
135
24
-139
-234
-146
80
217
51
-225
-251
-13
227
172
-70
-270
-129
131
187
8
-144
-145
42
146
84
-67
-104
22
105
119
49
-79
-62
68
168
112
-48
-136
-18
163
140
-12
-147
-107
101
182
35
-149
-159
-16
136
116
-91
-208
-75
136
99
-133
-261
-98
136
118
-135
-216
-67
75
29
-121
-149
35
127
-60
-176
-73
107
156
-15
-106
-29
81
131
90
-5
-19
58
127
106
-2
-99
-46
124
167
24
-171
-105
122
201
31
-137
-84
59
79
7
-43
-11
33
-16
-92
-72
11
44
-28
-79
-77
-72
-45
38
94
-10
-183
-177
37
215
118
-161
-230
23
237
130
-116
-192
-19
200
227
-23
-211
-72
176
261
89
-128
-139
70
244
170
-56
-148
5
186
136
-17
-55
8
19
-24
-35
33
68
-55
-164
-93
34
48
-92
-185
-73
78
67
-52
-112
-51
41
82
11
-65
-78
-55
20
69
56
-20
-93
-41
68
103
11
-42
40
57
50
26
22
34
66
62
44
-10
-49
11
139
128
-6
-154
-104
126
205
16
-203
-135
80
185
41
-190
-196
42
196
54
-210
-255
-33
155
51
-159
-184
-60
47
50
-48
-136
-82
6
21
21
-19
-36
-24
-3
55
81
73
24
-36
-23
83
163
110
-40
-118
-23
123
161
30
-133
-119
42
139
85
-32
-92
-46
26
76
60
-30
-120
-63
66
96
-55
-220
-117
122
136
-89
-274
-150
160
247
-23
-331
-248
120
327
163
-236
-351
-52
280
283
-3
-259
-182
153
328
81
-227
-168
139
321
126
-172
-173
104
268
141
-82
-116
51
175
106
-1
-44
-17
33
50
15
-14
-70
-119
-58
44
39
-59
-153
-127
-5
64
13
-59
-59
-39
-36
36
89
2
-111
-106
23
105
32
-92
-44
77
90
-18
-107
-8
145
141
19
-90
-85
57
212
199
2
-215
-153
169
325
140
-209
-336
-10
359
265
-156
-348
-121
200
233
-6
-246
-215
36
212
82
-189
-302
-73
147
140
-81
-284
-185
94
177
-46
-235
-161
47
116
17
-125
-68
52
71
44
36
10
21
12
34
110
122
52
-64
-70
33
106
101
6
-82
-93
0
123
107
-2
-91
-64
48
77
1
-82
-59
42
40
-58
-136
-63
87
98
-80
-225
-154
59
184
85
-130
-254
-144
113
279
96
-251
-274
40
303
216
-109
-268
-78
242
280
-42
-245
-65
215
289
44
-185
-109
148
236
110
-53
-97
32
113
111
90
-27
-100
-50
57
105
54
-109
-192
-77
67
101
-17
-188
-206
-51
112
117
-10
-137
-178
-15
142
97
-47
-166
-55
91
85
-37
-77
-35
22
29
10
31
42
12
12
51
35
-25
1
136
143
6
-162
-84
172
250
66
-194
-252
22
278
172
-136
-233
-97
93
147
20
-163
-195
-2
151
62
-174
-269
-31
152
80
-163
-268
-67
129
61
-132
-142
-16
-5
-32
-13
54
73
-24
-112
-2
145
172
29
-80
-32
82
171
131
-2
-128
-74
86
169
92
-86
-163
-16
162
143
-18
-122
-77
54
98
25
-67
-43
-29
-38
-20
8
-38
-42
-39
-18
-28
-104
-76
62
127
-32
-228
-176
121
255
30
-257
-191
110
285
88
-174
-205
20
236
196
-72
-187
2
232
219
-22
-170
-55
167
228
72
-117
-78
95
162
47
-49
-23
17
38
9
-42
-14
-44
-80
-57
4
33
-76
-194
-110
62
115
-3
-167
-146
11
109
97
-19
-153
-102
24
120
70
-70
-140
-37
113
137
-9
-123
-43
127
193
63
-145
-125
104
272
169
-119
-229
-28
259
263
-44
-293
-178
200
349
94
-276
-324
18
296
195
-158
-323
-129
204
206
-80
-298
-162
94
160
-17
-221
-174
3
103
4
-100
-85
-63
-53
19
80
47
-48
-110
-30
157
207
52
-108
-83
65
193
161
26
-113
-89
35
188
120
-92
-158
2
154
101
-50
-95
-7
64
32
-40
-45
21
47
-36
-101
-63
15
4
-16
-61
-85
-96
-49
74
125
-26
-225
-203
33
259
168
-170
-283
-48
231
224
-1
-179
-128
72
228
124
-85
-137
1
180
201
0
-112
-29
127
186
59
-72
-56
71
124
74
11
-10
-25
-46
-6
79
52
-127
-176
-38
122
54
-138
-212
-82
78
94
-21
-125
-99
-17
51
115
56
-119
-155
-9
119
107
-33
-113
-36
86
80
7
-31
25
65
58
5
-23
37
115
123
43
-66
-94
18
185
177
-58
-243
-103
211
266
-22
-310
-196
118
269
59
-214
-231
1
191
57
-184
-253
-45
130
109
-102
-230
-129
67
95
-45
-184
-120
31
74
-7
-115
-52
96
91
-47
-81
35
145
99
-23
-36
65
148
62
-67
-56
42
101
55
-24
-75
-26
63
68
36
-8
-50
-37
12
40
21
-22
-9
-16
-64
-75
-58
23
67
-19
-173
-165
10
151
87
-135
-224
-91
106
194
69
-159
-210
-1
231
208
-56
-254
-149
174
330
83
-249
-197
144
384
191
-189
-238
71
319
232
-72
-215
-30
215
222
16
-109
-111
43
136
52
-61
-105
-90
9
65
-13
-137
-168
-62
67
64
-57
-115
-70
-23
46
87
15
-98
-127
16
115
41
-98
-120
25
141
76
-82
-133
41
181
120
-16
-101
-54
98
228
132
-79
-201
-67
209
296
30
-248
-222
95
324
150
-216
-275
-36
189
172
-56
-257
-183
92
258
53
-258
-341
-47
236
167
-143
-330
-200
104
210
-9
-222
-172
2
75
23
-37
3
38
-15
-42
41
122
75
-23
-32
96
180
72
-65
-70
18
113
121
24
-102
-88
26
121
64
-44
-62
14
72
39
-78
-97
18
111
36
-140
-143
-40
103
75
-74
-192
-163
3
184
173
-103
-303
-197
118
317
88
-283
-275
110
348
152
-213
-254
33
275
184
-138
-217
60
306
199
-138
-223
50
285
206
-42
-169
-22
227
206
-49
-162
-13
155
138
-70
-170
-36
104
51
-104
-170
-51
56
-16
-143
-110
22
82
2
-132
-92
56
106
-7
-123
-82
25
80
43
-44
-81
-25
45
65
30
-31
-20
40
74
89
17
-83
-5
165
200
20
-171
-117
139
250
80
-167
-217
16
270
173
-145
-277
-57
189
198
-52
-264
-202
110
234
-1
-292
-257
51
233
38
-219
-260
-59
157
74
-128
-169
-70
36
30
-12
-1
-8
-27
-36
44
125
67
-10
-35
46
171
124
-31
-79
16
113
112
8
-94
-89
27
156
114
-62
-159
-20
147
123
-75
-170
-56
110
101
-42
-153
-107
-14
54
66
-49
-201
-208
25
256
184
-204
-423
-152
320
394
-56
-418
-224
212
351
57
-255
-182
89
240
139
-104
-154
26
214
192
-28
-126
-34
144
180
75
-56
-40
94
114
16
-4
13
24
-6
-51
31
106
-22
-182
-164
37
142
40
-179
-268
-73
160
146
-61
-199
-140
44
174
125
-81
-226
-121
94
212
90
-140
-196
-1
191
165
-31
-129
-29
115
126
4
-43
20
101
120
50
-75
-88
54
147
112
-32
-159
-46
127
122
-13
-100
-84
31
49
-28
-117
-45
93
30
-133
-182
-29
116
20
-154
-183
-48
82
33
-101
-170
-69
77
61
-74
-114
-27
123
109
-58
-133
4
192
206
7
-117
-40
134
188
32
-109
-74
69
164
59
-94
-132
7
138
97
-34
-116
-73
62
112
36
-93
-102
-27
34
14
-64
-105
-15
51
-11
-141
-165
12
169
84
-153
-260
-61
202
235
-47
-292
-171
175
302
94
-217
-241
12
299
279
-80
-311
-91
307
360
30
-258
-163
179
322
96
-139
-124
84
182
132
8
-107
-88
21
117
142
-14
-244
-227
27
194
95
-181
-303
-112
141
175
-11
-203
-184
10
161
145
-59
-196
-127
49
173
83
-102
-168
-13
141
99
-37
-91
23
118
112
31
-75
-63
55
206
171
-51
-230
-90
228
314
12
-312
-272
162
411
122
-316
-359
30
330
222
-184
-369
-157
213
281
-39
-351
-329
52
314
122
-241
-365
-113
185
192
-65
-243
-150
7
90
79
22
-49
-111
-46
113
194
113
-79
-139
34
228
223
-1
-163
-93
94
206
106
-97
-187
-39
172
182
-6
-158
-112
54
169
75
-99
-138
-32
63
65
-42
-131
-81
24
85
-2
-156
-166
-8
112
79
-90
-197
-88
134
191
-14
-167
-96
84
131
41
-48
-44
37
104
36
-60
-19
131
161
30
-76
-13
91
139
73
-27
-6
80
98
26
-18
36
53
14
-58
-61
54
44
-69
-113
-77
5
-6
-66
-81
-93
-39
16
49
-20
-120
-108
10
102
70
-67
-82
-63
9
44
64
4
-69
-72
36
100
63
-11
-45
38
109
77
-43
-45
105
171
-13
-173
-70
172
236
47
-216
-192
108
259
35
-198
-193
37
178
76
-138
-236
-39
213
124
-170
-366
-160
262
268
-125
-389
-240
125
258
33
-253
-196
19
85
40
-34
-40
-7
-16
20
100
103
35
-27
5
114
133
47
-38
-33
28
73
85
34
-26
-91
-30
106
134
8
-112
-82
37
90
21
-65
-73
17
11
-21
-31
-77
-71
-21
30
-10
-107
-143
-15
162
93
-143
-261
-76
227
233
-83
-256
-98
167
204
14
-144
-99
64
164
73
-58
-52
51
149
108
-37
-77
14
156
167
36
-94
-35
114
146
31
-37
-14
2
16
-7
22
13
-84
-136
-71
50
75
-99
-186
-92
45
86
-2
-105
-125
-23
67
90
15
-76
-94
-32
46
86
28
-49
-74
14
88
58
-8
-11
50
91
12
-29
56
138
104
-20
-117
-50
124
199
79
-127
-173
-4
186
147
-55
-180
-106
64
133
33
-131
-145
3
100
-17
-144
-159
-5
101
-9
-161
-129
-33
37
-25
-90
-95
-3
6
-62
-54
30
86
24
-116
-66
84
168
131
-36
-119
19
194
191
-3
-172
-88
124
232
74
-180
-197
48
231
130
-105
-185
-57
109
122
-3
-107
-63
36
5
-47
-58
-75
-21
48
5
-139
-173
-29
139
123
-118
-254
-93
142
236
27
-261
-218
80
262
165
-94
-230
-50
204
261
17
-233
-145
179
353
115
-202
-204
83
339
227
-81
-198
-20
215
181
-1
-82
-58
44
56
5
4
-33
-68
-60
-30
-25
-37
-67
-84
-54
-19
19
12
-31
-77
-37
36
60
3
-69
-77
17
100
40
-112
-105
39
118
43
-45
-51
58
104
72
-30
-72
35
160
168
19
-131
-136
83
241
139
-102
-242
-60
191
192
-24
-186
-122
26
105
55
-94
-139
-27
58
2
-99
-102
-27
-7
-32
-72
-126
-78
14
-5
-84
-74
-2
2
-26
-25
-26
44
25
-47
-27
85
150
68
-53
-59
86
190
118
-48
-105
5
123
104
-7
-86
-53
61
90
30
-27
-48
-32
31
65
30
-55
-77
-4
15
-25
-49
-62
9
40
-15
-114
-138
-26
137
93
-118
-239
-116
137
263
80
-235
-267
41
297
217
-106
-262
-76
249
275
-28
-244
-64
238
257
-14
-199
-15
211
196
2
-100
-11
137
110
-45
-41
84
92
2
-89
-79
47
45
-67
-160
-97
40
59
-49
-159
-144
13
99
45
-108
-182
-53
153
155
-28
-204
-136
59
162
78
-88
-144
-10
107
83
2
-61
-4
115
136
-1
-123
-18
200
237
-9
-262
-167
215
367
83
-281
-290
94
354
170
-204
-322
-59
211
196
-40
-271
-199
78
222
59
-231
-279
-30
148
81
-127
-229
-94
63
76
-17
-90
-106
-83
-3
94
94
-10
-159
-128
164
296
128
-164
-209
85
340
219
-103
-241
-44
226
234
13
-167
-144
30
177
131
-39
-125
-80
52
124
29
-76
-94
5
53
-2
-84
-104
-34
60
35
-74
-145
-139
10
141
61
-118
-196
-75
146
201
-34
-252
-143
144
267
60
-209
-173
78
265
139
-132
-157
43
250
203
-62
-174
-1
168
176
54
-75
-41
84
110
63
-3
-35
-22
11
-5
32
8
-72
-105
-71
17
58
-73
-178
-143
21
136
32
-142
-183
-18
133
128
-20
-154
-125
34
122
81
-22
-101
-91
52
141
64
-53
-62
58
158
67
-99
-82
125
249
115
-127
-206
8
272
215
-95
-278
-121
204
280
11
-252
-202
52
213
84
-165
-241
-41
191
142
-130
-314
-152
164
176
-61
-271
-195
40
138
3
-162
-121
-4
35
18
-11
-23
7
-46
-12
98
131
15
-50
-1
110
117
58
6
-17
21
52
54
32
-29
-53
0
49
61
-11
-43
-12
28
14
-48
-40
26
34
-26
-114
-67
6
29
36
-53
-143
-156
-62
123
169
-24
-254
-228
65
285
181
-178
-320
-58
241
255
19
-192
-150
66
212
118
-64
-75
35
146
132
-8
-68
13
128
140
24
-56
2
103
83
13
23
68
68
-76
-175
-11
139
49
-124
-166
-59
68
41
-97
-157
-68
72
58
-57
-115
-80
30
114
64
-77
-138
-30
101
91
-45
-108
-11
106
80
-45
-44
58
108
79
-23
-85
35
153
184
21
-143
-123
60
192
133
-44
-169
-96
116
187
-16
-198
-136
103
168
8
-184
-193
21
166
33
-189
-232
-42
132
74
-107
-192
-138
-8
60
25
-95
-136
-57
7
36
37
1
-10
-26
-38
27
117
113
-8
-58
40
162
145
-12
-104
-48
120
159
9
-116
-88
61
114
31
-50
-38
11
56
-7
-46
-29
23
28
-20
-61
-84
-72
12
72
6
-124
-194
-77
132
169
-46
-243
-156
103
218
76
-193
-207
39
225
143
-80
-180
-46
157
232
59
-172
-122
138
268
94
-147
-126
85
241
151
-45
-107
29
149
86
0
6
-1
-4
-46
10
89
24
-118
-157
-74
41
34
-92
-133
-51
32
42
-23
-87
-116
-44
92
131
5
-161
-139
31
137
74
-54
-100
-47
43
99
57
-9
-27
-3
90
109
20
-55
-18
147
181
10
-164
-124
145
244
59
-187
-201
87
270
72
-183
-212
0
173
81
-118
-182
-26
132
46
-164
-203
-36
99
57
-83
-183
-120
-19
31
-3
-57
-52
-36
-68
-34
53
102
25
-131
-96
105
218
111
-82
-107
86
237
148
-85
-132
-5
149
142
5
-128
-98
61
160
87
-73
-148
-42
120
151
-10
-183
-153
55
161
48
-121
-221
-71
123
109
-80
-253
-174
81
222
55
-196
-225
-13
207
139
-97
-199
-65
142
164
4
-110
-58
87
129
1
-54
40
131
97
-47
-42
82
122
60
-3
6
61
103
63
-12
-6
51
41
-39
-75
-20
46
-14
-84
-82
-20
-3
-35
-119
-114
2
77
23
-141
-180
-15
151
121
-36
-157
-78
87
113
-20
-120
-62
71
95
10
-70
-47
85
119
52
1
-42
2
73
97
92
43
-81
-59
76
136
56
-54
-95
-22
70
88
17
-63
-74
-37
2
20
6
-24
-46
-67
-87
-66
-18
27
-12
-97
-142
-64
36
45
-57
-153
-113
46
40
-68
-88
-19
92
97
-38
-82
12
83
86
41
69
67
21
-7
60
86
7
-56
2
66
47
-43
-72
18
100
49
-45
-65
-2
43
13
-37
-35
0
-23
-57
-73
-66
28
70
-19
-167
-187
-13
168
128
-112
-267
-127
145
246
32
-222
-196
65
212
128
-58
-117
-38
123
147
-1
-106
4
183
203
2
-121
-69
112
226
121
-67
-101
22
146
121
39
-50
-68
-11
22
67
46
-64
-151
-99
-21
48
-14
-105
-120
-56
56
56
-36
-99
-102
7
113
79
-82
-124
-32
61
89
25
-84
-67
54
124
24
-70
-32
80
143
51
-101
-65
93
181
124
-74
-175
-3
225
232
-43
-229
-160
126
289
99
-221
-238
19
190
91
-129
-213
-46
164
121
-153
-308
-130
172
182
-112
-299
-177
114
182
-29
-241
-218
71
164
29
-114
-131
27
127
71
-16
-42
55
112
54
11
24
114
95
-11
-76
-10
120
100
-17
-126
-59
106
158
3
-171
-92
91
146
19
-139
-109
55
106
-17
-143
-128
-16
90
53
-73
-194
-144
73
186
44
-223
-238
25
254
170
-140
-259
-57
195
217
-6
-156
-108
101
215
91
-129
-146
95
295
150
-106
-162
32
229
192
-23
-117
-18
135
153
7
-68
27
49
-24
-80
14
78
2
-120
-156
-44
72
26
-123
-181
-88
65
117
0
-157
-173
21
184
107
-116
-213
-55
146
159
-42
-191
-61
126
155
-9
-110
-39
99
127
32
-70
-44
81
185
144
-62
-182
-80
151
221
76
-176
-191
69
246
93
-164
-231
-47
149
111
-62
-173
-82
95
89
-77
-228
-129
92
116
-62
-208
-150
40
126
19
-166
-143
-3
54
0
-65
-35
89
86
4
-14
-9
81
128
61
1
23
102
75
-2
-50
32
123
72
-52
-124
-10
135
112
0
-94
-58
26
72
34
-55
-95
-19
55
12
-60
-113
-66
56
53
-72
-172
-126
51
168
60
-165
-218
-15
198
147
-86
-202
-88
131
180
62
-74
-108
-22
130
146
17
-33
-1
93
80
18
24
73
66
12
5
71
83
33
-48
-24
127
138
-48
-164
-63
132
116
-89
-211
-144
18
91
-27
-142
-134
-21
54
25
-55
-73
-52
32
67
7
-97
-93
4
81
58
1
-47
-14
26
37
5
24
35
1
50
54
10
-4
58
146
101
-56
-149
-4
214
178
-108
-246
-14
261
175
-116
-266
-80
174
173
-40
-227
-174
66
225
69
-237
-316
-79
248
221
-127
-353
-205
84
208
45
-187
-195
-65
52
107
59
-43
-101
-73
103
184
63
-76
-70
87
195
110
-37
-94
6
129
95
-5
-37
-18
-5
27
45
17
-11
-13
-16
5
22
28
-30
-46
-8
-12
-45
-53
-61
11
30
-54
-122
-125
-39
73
114
-24
-175
-141
24
175
114
-124
-211
-18
180
158
-25
-129
-52
78
152
72
-62
-85
48
197
148
-15
-113
-28
138
228
99
-92
-118
58
176
118
-13
-111
-67
56
91
72
-26
-157
-147
-27
86
59
-107
-214
-116
58
124
23
-134
-186
-13
164
147
-76
-216
-93
115
188
19
-180
-174
50
251
164
-107
-211
-21
211
239
-25
-202
-69
216
304
47
-261
-236
129
372
192
-194
-308
-54
234
204
-25
-220
-155
46
149
64
-96
-157
-49
83
27
-132
-179
-38
81
32
-113
-154
-60
22
4
-68
-83
-5
-4
-78
-52
27
92
4
-123
-36
125
149
55
-58
-22
105
154
81
-19
-61
-30
75
139
57
-114
-160
1
183
136
-43
-116
-45
68
63
-32
-53
-19
19
-10
-79
-92
-49
41
82
-56
-191
-156
17
165
116
-117
-273
-111
179
263
9
-274
-225
100
289
142
-140
-205
-10
218
194
-35
-184
-61
199
289
53
-210
-116
150
274
131
-121
-155
84
250
114
-92
-105
16
112
17
-94
-20
30
-25
-97
-93
-10
-31
-86
-93
-21
50
2
-82
-105
-35
62
89
8
-126
-102
58
114
15
-96
-91
47
109
44
-33
-53
20
86
91
30
-41
-45
69
151
116
-18
-150
-71
128
240
82
-185
-248
8
266
187
-109
-239
-99
118
128
-5
-146
-135
35
95
-30
-184
-143
33
87
-28
-149
-149
-13
49
-5
-101
-87
4
-4
-60
-53
34
105
37
-96
-58
53
157
128
-1
-52
20
128
152
35
-70
-62
50
124
56
-49
-76
10
73
63
-16
-43
-6
8
-3
11
-3
-18
-38
-48
-15
-10
-45
-26
-7
-30
-110
-121
-8
138
97
-145
-250
-69
163
215
-16
-211
-138
89
192
62
-120
-91
51
138
81
-42
-55
95
185
91
-121
-116
104
225
149
-56
-130
41
204
121
-104
-111
60
142
16
-129
-82
85
74
-63
-157
-120
13
61
-50
-172
-166
18
127
70
-117
-186
-51
128
152
-35
-206
-113
104
152
8
-129
-83
55
128
66
-18
-41
-5
60
119
31
-46
-22
113
139
31
-107
-97
124
220
40
-193
-145
137
228
36
-198
-190
54
185
48
-163
-183
10
172
73
-176
-281
-87
180
153
-81
-250
-197
6
146
91
-114
-223
-85
64
100
34
-57
-47
-33
20
134
101
14
-54
-26
97
177
116
-42
-110
-6
122
122
14
-98
-108
26
152
77
-65
-95
-45
31
81
32
-46
-73
-15
10
-45
-77
-69
-23
44
12
-97
-158
-90
75
145
24
-201
-246
-24
240
203
-99
-258
-125
122
234
94
-129
-171
7
193
168
-7
-104
-20
128
167
16
-84
3
110
138
96
6
-39
-6
54
98
98
13
-81
-76
-8
100
81
-74
-190
-129
44
120
-9
-185
-229
-57
169
172
-57
-270
-188
106
269
113
-181
-256
-41
193
194
-18
-204
-140
85
200
115
-77
-129
37
207
141
-74
-132
43
231
161
-75
-194
-28
205
209
-18
-193
-154
105
248
47
-178
-190
5
151
87
-87
-176
-80
88
100
-93
-261
-153
136
183
-61
-279
-214
37
159
35
-159
-187
-15
66
36
-5
-37
-9
-10
37
84
64
14
-2
51
116
94
20
-34
-16
49
72
57
23
-58
-56
32
115
64
-66
-133
-31
115
115
-49
-141
-86
49
78
-10
-129
-133
-29
119
55
-116
-229
-111
143
216
6
-265
-258
67
299
152
-199
-295
-15
256
226
-56
-237
-63
202
234
5
-171
-85
155
276
91
-161
-140
107
240
150
-43
-121
1
176
130
-56
-66
43
121
17
-124
-85
45
60
-26
-156
-136
11
42
-38
-151
-121
34
105
14
-128
-130
1
130
56
-93
-124
-23
104
69
-44
-110
-17
108
101
-31
-48
14
88
82
-14
-54
31
132
136
9
-124
-92
82
200
117
-70
-216
-124
177
280
-4
-288
-219
107
300
70
-282
-318
44
305
131
-274
-403
-84
280
237
-121
-369
-229
91
235
58
-189
-214
-52
60
90
41
-31
-51
-42
48
144
93
11
-13
45
108
103
18
-25
-5
14
66
110
49
-57
-78
-10
86
64
-26
-68
6
38
11
-11
-20
-11
-11
-29
-47
-35
-35
11
-5
-60
-103
-101
-45
75
99
-45
-191
-109
103
211
21
-194
-157
47
179
100
-54
-80
-2
107
102
-3
-69
11
111
146
27
-62
18
87
119
63
-30
-23
53
109
62
-18
-16
40
32
-40
-29
34
-5
-75
-101
-81
-10
2
-52
-92
-72
-24
38
20
-42
-104
-82
44
120
52
-111
-137
-19
102
140
8
-138
-111
58
148
94
-32
-76
2
157
127
-33
-118
25
200
192
-48
-242
-97
230
292
21
-274
-206
148
271
29
-228
-179
71
180
-19
-168
-103
64
99
-74
-182
-124
51
107
-21
-167
-134
-29
38
2
-54
-126
-62
33
41
-4
-55
-40
23
20
43
58
51
48
42
43
70
74
50
2
-17
5
69
75
13
-53
-68
23
109
88
-42
-140
-65
95
155
26
-155
-167
7
133
44
-115
-201
-42
108
55
-122
-216
-79
151
159
-83
-223
-116
86
145
19
-117
-108
29
95
71
4
-29
-16
30
73
47
15
62
77
41
-26
-8
81
118
76
-3
-13
52
95
72
9
-25
42
45
-4
-42
0
45
-32
-93
-84
-26
15
-41
-130
-112
-14
79
16
-87
-125
-48
92
121
-8
-170
-116
57
154
68
-97
-165
-14
164
154
2
-121
-51
79
119
106
-3
-54
-18
116
159
45
-121
-111
91
219
100
-151
-237
37
278
144
-146
-252
-71
153
144
-50
-210
-117
93
157
-58
-261
-198
81
192
8
-230
-241
-31
153
88
-132
-202
-71
48
53
-20
-42
19
16
-28
-9
66
128
96
-45
-47
62
159
129
-17
-129
-75
97
199
76
-143
-189
14
202
145
-65
-174
-74
102
130
-23
-130
-88
21
51
-34
-57
-60
-22
11
-23
-82
-118
-48
76
75
-69
-158
-85
97
145
15
-106
-115
3
130
118
-24
-63
14
70
52
21
-8
67
155
78
-93
-92
78
228
181
12
-123
-86
116
214
98
-54
-79
-29
39
66
36
-28
-76
-75
-48
-63
-38
-17
-36
-91
-78
-4
10
-12
-55
-53
6
49
31
-29
-61
-41
5
44
49
1
-46
-37
29
78
65
30
-24
-32
71
88
23
-37
28
134
90
-71
-149
24
209
174
-90
-235
-58
179
196
-16
-210
-174
49
173
33
-161
-158
35
115
-32
-211
-168
57
123
-23
-196
-185
2
111
29
-129
-115
-19
-9
-26
31
79
21
-96
-93
90
213
118
-34
-108
21
168
177
55
-107
-96
57
147
111
-50
-127
-51
109
156
10
-122
-100
22
101
64
-52
-104
-32
37
42
-28
-117
-143
-8
105
57
-130
-250
-82
206
240
-86
-316
-174
166
303
48
-255
-234
19
224
214
26
-148
-135
29
176
146
20
-49
17
72
58
24
32
73
72
48
26
24
46
54
19
35
38
-17
-92
-40
109
100
-97
-229
-113
53
83
-68
-189
-132
19
92
23
-73
-116
-83
42
96
44
-82
-93
-17
58
59
-6
-80
-48
47
107
35
-17
-10
36
79
24
-51
-20
107
197
92
-95
-160
-5
214
202
-42
-244
-131
145
242
52
-181
-179
6
127
54
-99
-134
-17
69
-17
-150
-126
13
101
-31
-169
-130
-5
65
-9
-120
-136
-8
67
-3
-87
-51
51
101
-14
-76
35
141
118
2
-88
28
176
179
-5
-128
-67
116
190
82
-107
-180
-24
174
161
-21
-153
-109
55
139
59
-98
-163
-35
98
56
-58
-165
-84
66
93
-48
-228
-182
73
240
81
-211
-233
8
214
173
-105
-249
-93
176
250
71
-153
-162
48
196
134
-51
-116
40
206
146
-51
-129
21
200
192
19
-115
-57
98
146
74
-4
-55
-53
-28
57
93
-20
-153
-152
-21
75
22
-104
-135
-86
20
57
1
-84
-149
-43
113
165
-2
-205
-169
53
193
124
-94
-168
-30
135
143
6
-60
-25
72
131
51
-57
-32
76
166
104
-65
-149
-24
196
222
-47
-223
-84
151
163
-26
-183
-128
58
131
11
-126
-118
15
69
-26
-143
-155
-16
86
18
-101
-159
-74
29
40
-28
-133
-104
4
38
9
-25
-14
32
21
2
27
64
83
54
4
23
59
99
70
-23
-53
2
100
109
-19
-128
-76
98
161
41
-127
-148
39
139
48
-98
-132
-1
83
11
-120
-140
-6
84
1
-118
-145
-43
106
123
-25
-194
-184
7
198
167
-89
-196
-79
102
186
83
-69
-97
7
81
69
20
21
76
102
10
-49
47
168
135
-30
-93
11
161
149
-15
-79
13
93
54
-107
-131
65
166
-13
-212
-207
-8
145
72
-131
-249
-135
107
177
-20
-243
-185
92
260
105
-206
-253
9
216
164
-62
-196
-98
99
186
70
-70
-103
22
147
129
-6
-78
-13
120
132
-2
-93
-28
98
126
-17
-164
-69
101
146
9
-177
-156
20
144
63
-114
-207
-61
116
81
-116
-233
-101
97
117
-30
-219
-184
-2
100
29
-96
-123
-39
5
30
59
23
-47
-57
22
104
105
60
-2
12
91
100
75
22
-4
-18
19
78
76
-4
-67
-40
53
66
23
-32
-33
-6
26
13
15
-18
-55
-61
-13
-9
-50
-41
0
-9
-73
-127
-44
99
103
-67
-197
-107
113
222
-1
-228
-156
122
257
88
-161
-153
63
204
85
-116
-108
123
253
134
-143
-200
77
276
185
-64
-158
-8
223
202
-69
-156
13
167
108
-109
-161
8
94
-1
-140
-163
-24
62
3
-135
-163
-31
82
68
-62
-146
-83
88
134
5
-129
-129
1
131
105
-55
-139
-40
102
118
20
-51
-11
102
117
-3
-53
24
127
147
2
-133
-110
115
247
109
-129
-214
-18
161
146
-44
-171
-99
53
110
-6
-115
-109
32
75
-44
-175
-150
50
119
-4
-165
-183
-66
59
76
-37
-132
-82
-29
5
62
62
6
-58
-67
45
122
119
61
-4
8
35
46
88
89
8
-46
0
89
69
-33
-97
-42
65
90
47
-49
-110
-37
89
101
-28
-154
-131
44
122
16
-183
-183
-1
152
84
-160
-212
-21
149
59
-151
-183
19
188
77
-127
-153
9
162
104
-40
-81
1
82
88
6
-30
36
128
110
0
-79
8
123
154
57
-45
-50
33
106
77
78
2
-101
-95
-10
121
108
-72
-200
-142
3
98
-1
-146
-159
-35
45
14
-24
-77
-77
-23
68
103
-17
-121
-94
41
121
68
-47
-110
-8
98
84
1
-34
-6
96
104
-18
-62
32
140
149
24
-120
-101
98
187
89
-94
-181
-30
182
160
-79
-208
-104
92
90
-39
-143
-50
55
63
-92
-223
-101
127
127
-77
-255
-197
24
163
33
-170
-198
9
116
40
-66
-79
25
62
40
6
3
59
100
53
23
1
58
109
71
-28
-56
40
88
37
-36
-57
-3
44
50
4
-28
-54
-24
35
41
2
-60
-93
-63
5
-1
-38
-25
10
-32
-116
-147
-27
140
123
-101
-233
-81
169
206
-13
-207
-155
70
229
132
-102
-167
6
202
156
-28
-116
19
230
185
-56
-166
-28
190
238
104
-111
-158
37
225
168
-46
-121
-61
54
92
30
-84
-131
-55
-9
2
-45
-76
-61
-43
-38
13
-7
-53
-79
-48
34
83
28
-75
-108
8
106
68
-57
-97
-19
85
83
-15
-18
53
75
40
-2
-18
35
98
133
65
-71
-131
6
170
157
-9
-159
-136
83
199
57
-110
-181
-78
71
94
-27
-93
-81
19
18
-105
-178
-26
132
49
-122
-211
-112
52
76
-33
-126
-78
38
22
-67
-75
55
110
25
-61
-28
80
176
89
-31
-49
41
136
131
32
-50
-66
44
125
66
-83
-136
13
154
131
-46
-136
-89
52
106
37
-33
-95
-87
-28
23
32
5
-64
-96
-89
-81
-19
71
88
-39
-162
-133
49
181
100
-110
-169
-10
140
116
-2
-86
-24
99
110
4
-90
13
175
187
-18
-139
-28
142
172
52
-58
-29
78
136
57
-76
-57
69
86
-16
-75
-29
0
1
-52
-105
-63
-34
-19
-44
-92
-75
-36
40
18
-66
-105
-19
94
76
-38
-105
-75
16
84
67
-33
-65
0
57
52
10
14
51
81
37
-45
-42
64
179
150
-64
-201
-50
204
215
-8
-232
-136
113
205
24
-157
-139
24
90
-10
-108
-68
31
87
-57
-200
-172
48
125
-6
-143
-175
-38
66
7
-100
-112
-17
15
-47
-25
54
79
13
-102
-73
118
192
91
-61
-79
59
159
126
13
-50
-37
37
101
87
-16
-116
-65
68
107
45
-71
-96
-7
54
31
-42
-82
-34
-5
-1
-33
-82
-49
3
-18
-45
-105
-105
44
101
0
-138
-136
43
122
39
-90
-76
20
79
39
-13
29
67
15
-30
-12
64
91
71
21
-29
47
129
69
-7
-17
61
100
56
-25
-39
54
171
95
-108
-202
-34
188
126
-117
-244
-134
90
112
-55
-191
-162
-13
115
80
-84
-158
-68
79
146
43
-117
-157
-34
118
129
-8
-118
-78
56
117
60
-11
3
78
109
16
-61
-14
97
182
90
-124
-164
50
251
152
-129
-230
-10
206
130
-98
-209
-53
135
109
-106
-180
-45
107
72
-104
-218
-117
99
152
-45
-251
-205
-5
134
61
-102
-171
-68
28
43
-2
-20
12
27
-20
3
41
73
99
48
-1
17
68
90
61
-21
-34
46
102
33
-83
-107
54
150
47
-81
-96
3
98
17
-101
-107
9
93
35
-117
-168
-66
118
132
-68
-254
-210
50
251
144
-175
-319
-114
188
233
47
-185
-193
19
189
142
-45
-105
-39
68
108
57
-7
-32
77
147
81
-28
-49
49
146
119
9
-63
-1
106
99
33
17
-33
-62
-47
70
108
-38
-170
-148
9
94
4
-120
-171
-71
65
86
-29
-113
-136
-21
132
120
-52
-150
-62
59
95
50
-44
-64
-39
36
73
50
47
8
-1
25
33
34
13
35
108
100
-73
-148
46
214
148
-94
-259
-71
192
232
-40
-230
-155
48
149
41
-107
-161
-25
64
-33
-134
-125
37
67
-71
-157
-117
21
83
-7
-150
-140
8
69
-16
-102
-43
110
101
-31
-69
10
136
137
32
-41
-17
86
132
57
-47
-80
50
148
60
-88
-118
7
121
80
-34
-102
-19
75
68
-65
-86
-34
28
8
-20
-65
-82
-9
27
2
-94
-130
-68
77
115
-34
-162
-112
47
128
30
-47
-46
11
28
42
64
63
-3
-56
-29
41
139
141
62
-57
-92
51
179
122
4
-80
13
121
164
24
-125
-31
147
129
-96
-196
-14
150
78
-153
-202
-42
93
27
-126
-168
-66
39
41
-39
-91
-69
30
81
24
-56
-77
-24
36
47
7
-35
-36
3
44
69
57
3
-22
32
94
47
-30
-13
95
170
67
-108
-133
42
213
104
-137
-160
33
157
83
-73
-151
-68
21
39
-6
-59
-59
-24
-23
-66
-101
-53
18
17
-64
-95
-65
-27
-15
-50
-39
-54
9
-24
-68
-2
116
96
-102
-178
26
241
247
23
-189
-134
148
311
149
-119
-179
-12
198
206
-23
-220
-142
136
227
42
-173
-123
49
138
13
-120
-123
-6
101
66
-83
-194
-124
86
158
-20
-218
-234
33
244
124
-176
-289
-106
192
284
11
-256
-188
81
226
115
-52
-81
8
47
39
57
72
64
43
-21
-4
92
106
61
11
24
49
43
41
33
12
60
70
-18
-100
-64
63
81
-22
-143
-139
-31
25
-31
-80
-96
-45
-15
22
7
-34
-75
-42
37
53
3
-69
-76
22
97
60
-30
-63
-39
35
85
99
38
-40
-28
56
76
88
67
14
-9
-5
30
63
52
7
-10
-6
11
31
-6
-16
-14
-46
-29
-8
-25
-29
-15
-17
-41
-61
-82
-71
-10
12
-61
-101
-89
-14
-7
-39
-11
-35
-85
-50
-30
5
12
40
48
-20
-47
15
86
114
66
-6
-21
47
117
100
13
-65
-34
106
112
-15
-140
-68
107
127
-5
-118
-106
25
123
65
-95
-136
-60
41
46
-31
-132
-122
37
92
-25
-162
-129
24
105
-10
-116
-66
35
95
21
-102
-23
91
69
-14
-45
22
85
61
-14
-17
30
96
129
76
-42
-83
58
183
99
-4
-44
-7
91
134
34
-34
11
63
28
-59
-65
-2
42
0
-101
-133
-37
41
-16
-65
-127
-98
4
93
41
-110
-142
-8
133
95
-92
-163
-12
116
95
-25
-94
-28
64
105
13
-26
-12
48
119
55
-65
-47
72
212
144
-118
-237
-53
250
283
-28
-318
-209
176
327
65
-271
-271
13
204
69
-135
-182
-35
127
37
-170
-232
-21
142
69
-115
-228
-136
86
123
-23
-193
-156
40
100
30
-28
-20
-14
-29
16
108
107
57
-9
-25
71
141
101
9
-52
-25
59
94
41
-33
-26
7
24
12
-6
9
6
-9
6
-24
-34
-27
15
-36
-68
-43
-17
19
13
-40
-98
-108
-52
61
107
-5
-144
-165
-12
174
144
-48
-161
-72
82
166
91
-36
-90
-20
52
102
62
31
58
61
-18
1
103
92
36
16
32
69
85
16
-52
15
149
74
-101
-131
11
98
14
-116
-132
-29
39
-42
-118
-108
-19
35
9
-67
-88
-50
21
57
34
-27
-94
-76
52
75
35
-21
-45
-12
23
39
47
53
6
-25
40
88
44
-20
-18
70
150
64
-100
-88
55
155
71
-107
-127
-6
94
79
-16
-100
-53
-20
-18
16
20
6
-70
-128
-126
-5
119
30
-157
-213
-64
105
75
-55
-143
-124
20
85
-21
-54
1
39
25
-14
26
78
84
16
13
90
108
71
5
-22
26
48
53
27
12
-8
-5
16
30
12
-12
-2
9
5
-31
-40
-25
2
13
-42
-80
-54
-2
48
-18
-106
-131
-91
3
103
59
-113
-186
-20
185
160
-96
-234
-83
169
210
0
-173
-51
171
146
-2
-110
-58
107
230
109
-116
-137
77
209
140
-4
-64
-17
79
116
40
-39
-10
32
27
-31
-45
2
29
-22
-93
-86
-52
-22
-36
-65
-79
-24
6
8
-19
-36
-12
-7
-12
-13
4
6
-7
-14
10
21
8
-8
4
28
56
62
23
4
51
25
18
37
87
78
22
-38
-27
72
114
15
-70
-71
20
98
43
-60
-86
-30
45
26
-72
-69
-9
25
-10
-90
-157
-54
81
24
-101
-136
-74
-2
-18
-47
-44
-18
-19
-64
-92
1
145
107
-91
-153
-4
169
206
65
-78
-62
46
164
133
-2
-68
-30
64
99
51
-43
-90
-3
78
82
-1
-64
-66
9
61
17
-59
-62
-19
-8
-3
-35
-67
-41
-36
-32
-40
-94
-52
57
60
-61
-130
-76
82
127
5
-98
-74
23
87
62
32
36
24
-44
-26
53
97
80
66
34
-18
7
73
116
116
-4
-55
6
100
134
22
-71
-17
75
32
-59
-70
-5
29
-3
-97
-130
-62
0
49
-8
-134
-142
-15
86
44
-105
-120
36
117
54
-88
-115
-24
93
116
3
-114
-94
42
145
92
-5
-93
-27
137
156
24
-91
-19
118
122
-29
-99
17
130
96
-69
-138
-16
104
50
-64
-91
-9
45
-22
-86
-51
16
20
-39
-140
-138
2
122
19
-144
-214
-100
73
99
-24
-158
-126
37
81
-15
-64
-12
32
32
18
26
42
96
63
22
28
71
84
51
-19
-12
43
92
56
-21
-66
-35
37
71
28
-19
-34
-16
14
28
1
-60
-75
-33
18
14
-53
-113
-55
42
76
-63
-217
-122
127
205
-29
-242
-188
102
242
105
-129
-226
-29
216
203
-32
-146
-59
108
158
37
-66
-2
120
106
1
-11
52
98
55
18
45
62
30
-11
-16
97
126
-29
-185
-77
152
142
-59
-237
-184
43
122
-3
-155
-160
-33
68
26
-61
-108
-45
43
79
39
-66
-87
-46
27
76
52
-54
-77
3
97
110
53
-43
-64
16
136
133
-12
-108
7
180
167
-21
-179
-88
135
192
26
-130
-119
0
111
133
-22
-161
-173
-33
115
132
-27
-190
-192
-53
107
112
-92
-226
-137
33
95
-9
-153
-130
10
102
55
-147
-159
29
200
99
-145
-154
74
262
176
-70
-155
10
232
226
8
-125
-83
57
152
105
-23
-101
-79
27
109
83
-40
-99
-67
39
80
-8
-82
-61
-7
13
-33
-97
-55
55
35
-106
-210
-96
155
213
-23
-300
-235
98
298
126
-193
-245
4
214
172
-46
-155
-10
173
122
-36
-98
22
182
156
-32
-129
1
170
182
48
-92
-78
61
145
105
-16
-36
1
-15
-37
2
34
-2
-78
-119
-81
13
30
-58
-133
-140
-32
72
69
-21
-130
-118
25
140
84
-90
-152
-52
107
126
19
-110
-81
61
115
49
-32
-10
75
123
44
-57
-31
82
162
80
-93
-128
63
228
101
-140
-211
15
206
124
-86
-161
-74
55
56
-33
-68
-19
8
-45
-94
-100
-42
55
38
-91
-121
-68
-26
-15
-31
-34
-32
-30
-6
-43
-75
34
92
24
-67
-25
98
136
66
-15
5
75
109
56
-4
-22
5
56
83
34
-43
-60
-7
84
75
-20
-84
-57
10
53
32
-38
-60
-34
-50
-35
7
-15
-59
-64
-32
-24
-89
-103
31
121
30
-142
-144
29
152
69
-48
-82
-34
34
67
46
19
24
-3
-7
40
60
62
93
84
-14
-38
28
101
129
69
-2
-40
-15
76
79
55
36
-12
-76
-63
65
79
-24
-113
-128
-52
31
-5
-85
-99
-68
-10
33
26
-47
-112
-51
56
102
37
-69
-105
-46
57
117
55
-38
-99
-36
80
119
74
-3
-21
22
35
50
60
58
65
30
-24
-58
29
104
97
-50
-133
-34
62
73
43
-46
-113
-71
-13
26
35
-32
-87
-77
-27
-45
-72
8
17
-85
-147
-97
-3
38
-20
-81
-131
-38
58
39
-56
-60
21
52
30
6
22
49
66
60
55
35
45
51
52
21
12
37
47
30
-19
-65
-8
46
65
17
-7
-39
-58
6
40
29
-54
-94
-55
29
30
-57
-76
-35
-12
-32
-105
-106
2
133
75
-122
-199
-34
187
140
-76
-144
-48
80
130
65
-15
-24
-13
12
76
77
83
61
9
-40
17
103
100
71
-25
-10
88
105
28
-78
-6
119
94
-48
-149
-53
84
75
-58
-161
-136
-8
51
-11
-119
-147
-38
83
41
-83
-118
-25
96
71
-56
-112
-48
50
97
64
-53
-110
-24
83
109
38
-23
-51
7
112
126
23
-56
-18
121
153
-36
-168
-54
182
177
-34
-186
-80
83
127
31
-90
-105
-38
3
-26
3
43
-52
-127
-119
-52
57
58
-71
-175
-106
5
40
-23
-94
-63
21
33
-55
-137
-47
129
154
-5
-143
-66
124
207
78
-75
-52
115
192
71
-67
-64
31
127
77
-28
-81
-23
50
80
33
-28
-63
-28
18
17
-19
-18
-29
-35
-15
-33
-74
-64
50
45
-83
-153
-132
41
183
74
-172
-239
-58
205
231
-68
-257
-95
172
225
4
-155
-47
134
122
-25
-99
-4
175
209
17
-153
-87
135
238
132
-66
-97
17
97
79
9
12
43
-1
-57
-23
35
23
-46
-78
-80
-53
-27
-17
-34
-66
-89
-86
-31
93
56
-102
-173
-34
157
151
-57
-183
-88
109
159
9
-123
-68
68
132
74
-33
-53
33
134
65
-36
-34
74
184
79
-125
-132
56
216
108
-113
-187
-12
164
129
-57
-162
-106
21
66
1
-50
-60
-44
-37
-70
-78
-32
-5
-27
-15
-56
-128
-103
-10
53
12
-79
-78
-61
-19
75
124
3
-135
-94
95
191
148
3
-101
-12
118
167
96
-26
-102
-36
81
150
45
-99
-128
14
130
90
-47
-130
-63
63
96
-2
-126
-106
35
66
-19
-128
-107
26
59
-48
-145
-123
20
149
63
-169
-197
-9
164
120
-48
-88
-48
14
82
77
50
46
-19
-59
-15
91
154
122
12
-88
-88
113
237
120
-62
-80
47
147
107
-10
-75
-26
95
115
-25
-105
-62
50
70
-50
-159
-145
-17
83
22
-123
-162
-58
97
113
-46
-192
-101
125
162
-4
-151
-103
59
125
47
-61
-50
35
94
58
-17
-13
32
70
47
2
-3
49
123
86
-45
-99
8
98
91
32
-44
-66
-28
24
83
46
-45
-134
-106
-15
42
53
-27
-116
-105
-43
-16
22
-13
-87
-107
-98
-54
10
1
-23
-72
-65
-12
-32
-23
31
62
9
-62
-18
61
130
85
21
-25
24