#4
62
-104
-254
-100
170
135
-187
-334
-20
291
55
-327
-264
106
246
-26
-344
-274
141
305
-47
-415
-201
223
207
-199
-380
-22
321
97
-367
-321
150
322
-106
-450
-178
257
250
-168
-408
-161
281
247
-264
-435
-29
343
133
-336
-341
122
312
-23
-368
-246
168
278
-81
-380
-180
231
241
-140
-355
-117
213
196
-175
-355
-59
284
151
-260
-336
82
299
-15
-356
-214
165
230
-67
-351
-182
201
251
-162
-417
-78
324
166
-286
-375
-1
321
158
-257
-379
3
310
85
-335
-267
182
275
-96
-374
-176
248
263
-159
-419
-89
344
215
-267
-382
36
348
96
-311
-299
77
310
31
-345
-231
182
255
-127
-374
-79
290
153
-251
-331
50
319
43
-360
-262
149
280
-72
-363
-137
237
196
-166
-348
-48
260
101
-235
-289
48
293
62
-303
-238
115
227
3
-260
-185
135
180
-11
-225
-176
118
209
-56
-262
-104
138
113
-115
-200
0
169
45
-213
-216
84
208
-10
-227
-165
105
168
-37
-218
-135
105
135
-93
-228
-37
149
45
-113
-154
-35
113
40
-146
-170
61
185
6
-240
-167
145
181
-97
-256
-67
211
104
-178
-193
50
183
-5
-213
-106
130
105
-79
-185
-66
159
111
-109
-234
-51
176
95
-180
-217
81
173
-58
-215
-88
107
122
-69
-221
-86
156
83
-172
-174
83
205
-43
-273
-132
165
168
-91
-199
-51
126
83
-129
-189
45
144
-6
-147
-86
59
110
-2
-146
-121
76
185
-42
-259
-92
205
149
-173
-219
45
136
4
-119
-105
-8
127
52
-155
-180
59
190
9
-259
-140
107
172
-31
-240
-119
154
185
-106
-284
-65
239
104
-195
-197
68
205
46
-235
-197
127
260
-18
-321
-139
261
214
-163
-300
-31
277
181
-238
-345
36
341
141
-298
-308
124
312
-7
-326
-177
230
274
-144
-377
-68
344
189
-290
-364
70
375
87
-348
-316
142
382
18
-412
-252
261
348
-118
-406
-88
325
215
-240
-349
20
315
158
-264
-319
72
344
102
-307
-264
129
322
34
-344
-229
220
329
-88
-348
-106
284
192
-214
-303
11
268
124
-212
-293
32
302
111
-331
-296
197
334
-56
-361
-168
230
273
-55
-329
-156
231
244
-132
-316
-45
295
196
-229
-348
28
366
147
-322
-341
176
398
4
-377
-198
251
313
-105
-351
-102
274
212
-145
-294
-16
288
105
-306
-231
157
264
-20
-288
-169
204
278
-89
-355
-123
267
233
-184
-323
10
273
86
-229
-213
87
211
-1
-238
-146
168
237
-83
-270
-80
218
167
-127
-257
-14
214
151
-135
-291
-1
280
133
-217
-244
85
207
11
-211
-119
155
172
-88
-261
-56
210
145
-114
-215
-47
184
133
-122
-224
-36
195
88
-203
-172
88
157
-33
-162
-63
109
62
-100
-92
5
95
89
-81
-178
-23
151
84
-125
-166
31
207
29
-230
-112
194
202
-147
-272
29
263
66
-222
-182
137
220
-31
-233
-102
147
137
-82
-196
-34
161
100
-112
-201
15
169
33
-124
-131
33
142
-5
-192
-68
197
143
-168
-234
7
213
110
-145
-192
20
187
43
-179
-138
102
184
-44
-188
-62
173
148
-107
-207
-21
192
135
-168
-206
50
250
66
-259
-151
141
166
-47
-167
-81
116
149
-58
-205
-48
156
138
-110
-228
-39
197
141
-155
-227
10
225
98
-195
-258
72
280
40
-248
-169
175
230
-53
-280
-92
249
213
-188
-311
106
334
22
-278
-176
149
293
23
-338
-260
213
392
-38
-433
-148
348
264
-240
-350
55
382
113
-356
-289
208
370
-48
-409
-181
274
302
-128
-356
-118
283
272
-140
-391
-105
352
290
-238
-405
48
413
143
-346
-340
176
415
-10
-397
-193
290
339
-125
-387
-48
318
190
-178
-293
-7
308
161
-230
-260
82
290
43
-265
-207
151
288
-4
-320
-191
214
290
-80
-374
-101
348
208
-228
-331
-21
314
213
-167
-328
-37
338
166
-264
-292
128
354
37
-356
-259
268
388
-102
-442
-91
403
260
-248
-357
40
354
152
-253
-284
98
301
64
-240
-183
122
255
-19
-278
-132
233
231
-120
-282
-56
254
189
-147
-286
-26
297
128
-276
-233
168
268
-50
-288
-70
201
135
-152
-190
22
203
72
-142
-150
35
183
68
-134
-163
34
215
110
-211
-208
126
259
15
-243
-143
163
176
-82
-201
8
204
76
-205
-182
94
220
38
-185
-147
76
172
32
-153
-152
48
174
-3
-165
-90
98
113
-56
-113
-36
87
48
-80
-80
12
126
37
-120
-119
92
160
-10
-181
-105
154
175
-91
-186
-15
213
115
-214
-189
115
251
-4
-242
-92
210
161
-96
-232
-16
214
99
-173
-176
66
194
17
-176
-91
100
76
-10
-76
-82
29
117
-26
-153
-23
193
90
-196
-196
116
238
12
-222
-107
167
139
-106
-178
25
163
47
-106
-99
50
131
44
-119
-106
49
162
33
-174
-105
133
185
-43
-208
-64
126
118
-61
-141
-31
126
109
-109
-173
45
193
47
-218
-154
123
181
-12
-208
-86
125
165
-34
-211
-130
170
174
-66
-189
-42
186
127
-124
-222
58
258
45
-253
-148
215
212
-102
-246
-39
257
155
-180
-240
15
241
153
-162
-248
25
249
87
-222
-208
157
287
-36
-323
-127
297
254
-224
-358
35
354
126
-283
-261
99
319
75
-303
-240
175
305
-18
-308
-89
239
183
-96
-253
-65
228
199
-132
-274
-34
290
199
-220
-266
83
282
51
-234
-177
124
256
42
-224
-180
155
228
-65
-252
-73
208
168
-114
-247
-49
235
183
-204
-304
94
323
17
-299
-183
161
279
27
-261
-209
163
257
-49
-284
-81
254
193
-147
-317
-19
330
176
-253
-312
101
359
110
-320
-247
183
328
-2
-317
-203
229
331
-39
-340
-147
300
252
-221
-325
60
325
105
-239
-232
91
299
53
-281
-214
147
273
-15
-255
-112
172
194
-100
-244
-1
232
72
-192
-196
128
260
-18
-252
-77
178
128
-49
-144
-44
112
156
-4
-203
-89
185
189
-91
-229
-3
192
52
-125
-111
64
149
34
-165
-148
89
212
41
-194
-173
117
223
-4
-222
-129
162
170
-123
-196
49
147
11
-105
-76
32
71
12
-77
-71
75
116
-19
-146
-65
120
119
-82
-160
29
176
20
-140
-75
118
142
-100
-185
43
197
47
-169
-149
130
211
-17
-190
-89
110
118
-42
-126
-22
76
67
-60
-121
35
100
-8
-76
-61
12
95
8
-120
-50
152
123
-136
-192
45
187
67
-114
-138
33
164
33
-158
-91
97
98
-25
-90
-9
107
70
-41
-101
-29
103
120
-59
-186
-1
237
127
-181
-217
35
208
81
-168
-159
95
207
4
-236
-72
175
140
-116
-195
-16
179
106
-110
-191
-16
209
132
-163
-245
29
244
66
-171
-142
93
204
7
-232
-89
221
189
-118
-268
36
285
79
-181
-169
72
235
55
-212
-200
100
265
44
-255
-159
186
208
-93
-223
-25
226
152
-184
-253
82
292
63
-290
-205
161
287
2
-339
-191
249
334
-84
-387
-114
307
283
-191
-343
31
350
117
-278
-232
135
292
31
-257
-175
143
280
-1
-254
-117
163
219
2
-269
-146
219
273
-87
-284
-40
257
149
-189
-243
79
271
56
-258
-177
150
233
1
-279
-159
245
270
-142
-328
-65
279
242
-116
-312
-55
267
194
-193
-273
104
306
55
-292
-232
186
344
-24
-337
-139
244
281
-78
-313
-83
277
227
-107
-308
-69
316
223
-211
-336
63
343
84
-316
-200
224
274
-81
-303
-76
262
203
-162
-264
6
228
118
-179
-200
62
221
70
-190
-162
91
166
-2
-182
-80
153
161
-72
-184
-8
145
104
-86
-141
35
128
92
-82
-167
23
202
71
-160
-145
93
154
-3
-138
-66
100
142
-56
-184
-42
184
129
-101
-159
13
152
82
-116
-176
9
185
88
-142
-157
37
162
48
-162
-132
102
160
-46
-171
-43
178
123
-134
-180
46
174
32
-169
-91
118
127
-45
-118
-20
124
90
-99
-147
57
180
14
-191
-95
166
159
-47
-171
-72
144
142
-77
-201
-17
192
83
-130
-154
44
117
30
-91
-99
50
119
-15
-156
-15
190
86
-176
-168
83
198
15
-147
-73
82
120
-71
-122
43
125
-20
-96
-7
82
65
-36
-69
-11
50
76
-13
-90
-39
91
107
-9
-129
-84
56
141
19
-143
-105
122
157
-48
-182
-36
176
111
-163
-183
92
200
22
-189
-138
107
195
0
-201
-132
134
171
-28
-171
-64
149
151
-73
-193
6
196
102
-163
-172
104
234
-18
-198
-89
127
214
-22
-258
-140
205
252
-49
-299
-89
262
174
-206
-264
125
330
4
-337
-154
249
290
-118
-383
-76
327
221
-207
-312
-10
336
181
-245
-300
56
325
104
-282
-206
169
293
-57
-280
-118
228
234
-127
-278
-38
260
202
-161
-265
20
281
108
-205
-202
81
268
74
-220
-199
137
275
-18
-290
-133
217
213
-81
-270
-97
246
239
-172
-377
17
387
126
-302
-254
115
307
63
-209
-191
58
207
53
-165
-148
99
226
10
-278
-167
231
290
-116
-336
-25
328
187
-198
-294
41
329
118
-238
-241
104
308
39
-263
-187
193
251
-71
-297
-81
251
202
-142
-298
-15
330
169
-264
-282
86
309
52
-289
-161
182
252
-64
-262
-64
181
143
-90
-212
-14
236
129
-160
-183
43
194
79
-144
-163
68
217
74
-223
-153
145
216
-20
-207
-91
170
124
-79
-140
22
162
40
-178
-121
128
181
-8
-184
-103
109
163
16
-173
-139
75
188
-2
-175
-85
99
103
-24
-105
-53
82
89
-46
-115
-15
157
67
-131
-124
76
152
13
-131
-104
94
153
-28
-148
-25
175
91
-155
-122
98
151
-22
-150
-33
157
121
-78
-199
-28
176
114
-128
-160
34
154
23
-131
-75
44
79
24
-71
-76
35
86
-46
-88
50
125
-23
-155
-54
136
132
-51
-154
-28
156
40
-124
-60
79
60
-26
-41
9
43
37
-6
-28
-49
46
107
10
-112
-90
126
153
-89
-203
8
168
81
-104
-127
15
147
64
-134
-113
73
138
-39
-147
-41
100
86
-26
-126
-53
94
117
-12
-177
-74
135
131
-53
-159
-25
162
134
-128
-174
101
207
-12
-210
-65
212
140
-122
-171
9
213
107
-166
-240
49
268
121
-198
-211
92
233
-11
-209
-69
202
140
-112
-208
11
217
72
-183
-169
61
213
69
-187
-231
91
301
41
-302
-175
184
276
-75
-289
-30
267
131
-194
-207
74
234
51
-200
-155
92
230
33
-176
-124
85
167
52
-156
-140
91
191
7
-171
-79
160
120
-113
-159
-5
158
116
-108
-210
37
202
87
-216
-207
142
270
-37
-278
-118
205
221
-39
-244
-112
187
178
-109
-186
35
207
60
-163
-164
69
210
60
-173
-197
102
297
60
-297
-193
234
281
-71
-295
-78
240
185
-98
-211
-70
191
177
-141
-248
38
293
84
-265
-202
168
300
-36
-313
-151
250
239
-144
-270
-13
240
112
-170
-181
46
195
31
-162
-138
120
188
-33
-169
-66
94
146
30
-147
-126
89
211
40
-258
-140
205
247
-82
-282
-28
208
117
-122
-142
48
145
9
-151
-58
99
114
-2
-137
-76
113
126
-22
-167
-52
121
70
-63
-96
20
72
6
-33
-45
-8
47
29
-32
-74
36
113
31
-144
-112
120
151
-21
-189
-55
175
101
-81
-127
54
156
-9
-154
-29
127
80
-63
-103
30
123
46
-93
-120
35
144
12
-127
-69
71
101
-10
-108
-35
41
55
5
-69
-47
53
38
-52
-41
90
68
-104
-91
55
87
20
-38
-54
3
47
20
-44
-37
49
75
-37
-47
6
76
45
-71
-73
57
115
16
-109
-74
64
139
23
-158
-58
106
57
-60
-58
-6
45
50
-29
-76
-18
84
60
-68
-117
-7
109
99
-98
-144
30
146
51
-128
-128
51
126
30
-84
-80
59
143
-23
-151
-42
147
121
-121
-129
96
151
-16
-132
-77
110
151
-13
-163
-113
112
202
3
-218
-105
176
182
-130
-215
74
269
3
-264
-112
196
221
-98
-300
-44
247
159
-147
-240
-24
223
173
-150
-274
22
265
114
-217
-174
127
219
-22
-216
-95
136
180
-63
-200
-36
162
159
-63
-179
-60
135
159
-52
-207
-38
198
142
-117
-188
40
186
55
-155
-147
61
190
42
-200
-143
141
198
-60
-282
-47
255
141
-178
-229
19
244
155
-155
-238
12
234
120
-171
-226
97
274
50
-296
-209
213
338
-66
-380
-101
355
277
-202
-365
45
375
117
-263
-233
128
290
22
-224
-121
118
198
-22
-220
-97
181
179
-52
-241
-96
240
216
-149
-277
-12
249
110
-193
-177
63
216
42
-223
-124
145
144
-67
-209
-2
204
101
-132
-146
53
138
68
-84
-148
-3
179
151
-157
-208
83
266
41
-250
-158
158
194
-46
-171
-35
164
111
-127
-181
30
169
125
-101
-208
-28
205
151
-142
-270
16
271
110
-242
-194
128
199
1
-187
-103
103
121
-9
-123
-68
123
135
-70
-183
-3
153
107
-131
-169
79
176
39
-160
-91
132
140
-95
-163
53
172
17
-164
-68
139
126
-44
-148
-14
105
50
-71
-59
4
49
34
-41
-48
-14
13
66
-6
-97
-23
78
29
-88
-7
137
23
-141
-96
99
128
-22
-114
-42
105
60
-108
-49
68
53
-36
-45
34
52
20
-24
-25
-30
43
92
-9
-127
-62
162
161
-141
-192
31
154
38
-108
-72
42
86
32
-77
-60
30
90
-7
-95
-93
41
141
17
-168
-91
130
121
-42
-150
-64
127
99
-55
-115
-9
125
88
-87
-168
57
220
25
-210
-103
180
157
-70
-172
-15
159
104
-82
-168
-43
163
139
-58
-189
-38
162
124
-120
-183
70
216
13
-213
-122
190
199
-142
-272
-4
278
135
-211
-249
54
312
101
-288
-240
145
313
-3
-286
-112
221
193
-111
-253
6
241
88
-161
-151
19
202
109
-178
-135
79
155
34
-134
-108
70
168
43
-135
-116
67
153
3
-189
-106
142
189
-82
-253
-37
242
149
-227
-266
141
285
-22
-263
-96
155
164
-11
-166
-141
71
217
38
-233
-118
194
218
-128
-296
-8
322
140
-269
-233
148
313
8
-280
-127
191
222
-31
-220
-108
155
218
-20
-206
-130
187
204
-108
-273
-15
260
144
-154
-241
24
295
114
-261
-250
120
308
1
-279
-124
172
216
-86
-224
-29
180
86
-123
-156
54
195
48
-181
-118
97
179
18
-167
-113
101
195
29
-200
-104
126
177
10
-198
-115
142
157
-47
-159
-20
163
65
-127
-148
53
198
70
-197
-164
123
207
-3
-218
-133
135
201
-49
-220
-65
152
166
-62
-241
-55
224
130
-150
-191
69
239
43
-212
-142
135
207
-25
-220
-56
149
130
-52
-125
-2
138
40
-98
-52
38
74
3
-48
-12
51
49
-6
-117
-34
112
79
-74
-87
-3
55
26
-26
-20
-45
9
83
-16
-87
-20
66
18
-37
32
52
-36
-103
24
77
31
-20
-56
-6
52
7
-55
22
44
-6
-36
-14
69
62
-42
-66
28
61
36
-33
-68
5
80
65
-40
-92
4
53
31
-20
-44
-30
54
59
-49
-48
32
41
-12
-41
-28
21
29
-5
-16
-64
8
41
51
-28
-117
-23
113
55
-72
-87
36
120
-2
-137
-26
145
68
-94
-108
67
138
-7
-89
-35
29
113
30
-128
-159
84
241
49
-254
-161
199
228
-94
-280
6
301
83
-241
-184
151
254
-43
-292
-96
195
190
-81
-224
-61
171
163
-80
-195
-42
156
116
-80
-114
-2
121
73
-98
-121
34
144
36
-116
-118
41
177
81
-145
-158
86
209
22
-224
-104
202
181
-106
-175
44
165
-3
-148
-79
97
119
-28
-129
-51
59
93
-4
-146
-65
137
114
-58
-144
-57
113
133
7
-188
-121
144
195
-82
-206
-8
212
114
-190
-233
103
318
6
-311
-139
264
270
-127
-291
-31
278
154
-163
-215
16
210
122
-117
-178
-9
203
62
-203
-147
171
224
-79
-243
-66
238
177
-166
-264
30
260
72
-177
-136
47
140
34
-120
-78
65
73
-12
-110
-42
94
143
-15
-172
-73
145
164
-50
-207
-55
211
200
-133
-244
41
233
59
-141
-117
49
87
37
-33
-82
-2
121
28
-146
-75
125
136
-35
-177
-56
134
143
-52
-192
-69
181
134
-134
-198
29
197
71
-165
-153
93
158
-25
-138
-63
132
118
-76
-139
10
129
34
-107
-94
72
122
-22
-93
-6
94
29
-59
-37
17
31
30
-8
-53
1
90
64
-82
-139
49
135
-21
-96
-27
37
38
-15
-20
-28
-55
41
74
-49
-89
22
63
7
-23
20
-3
-69
4
39
18
6
-19
-19
9
26
-11
-29
24
41
-28
-37
49
54
0
-41
-43
35
81
27
-62
-65
9
78
77
-58
-90
2
72
19
-31
-51
0
70
33
-79
-33
50
57
-29
-88
-28
63
59
-24
-100
-22
98
45
-34
-69
-53
51
65
9
-58
-45
55
76
-50
-105
32
108
21
-104
-37
121
59
-42
-70
-34
74
135
-38
-197
-71
192
172
-107
-219
-11
183
96
-139
-138
92
194
-27
-229
-59
187
165
-103
-251
-38
224
156
-154
-249
29
251
101
-190
-235
65
266
63
-231
-163
164
244
-58
-275
-81
254
178
-149
-226
32
235
103
-155
-157
49
147
72
-77
-140
6
139
95
-70
-129
35
115
10
-109
-85
101
126
-38
-166
-44
143
116
-91
-211
10
230
82
-197
-191
87
241
53
-189
-164
63
214
52
-216
-126
175
193
-75
-243
-67
225
201
-138
-267
-3
298
153
-201
-242
82
286
67
-231
-171
129
231
-5
-206
-113
144
186
-61
-237
-57
221
192
-140
-297
46
331
74
-266
-219
140
267
-30
-259
-81
192
147
-105
-172
48
114
-12
-82
-67
70
109
27
-95
-90
20
134
83
-105
-131
47
190
96
-195
-157
120
189
31
-172
-130
103
151
-4
-124
-56
112
94
-93
-145
17
179
111
-129
-179
43
193
70
-168
-188
63
213
12
-196
-84
89
154
15
-186
-123
123
154
-51
-191
-9
234
78
-186
-158
92
185
33
-191
-142
157
181
-36
-179
-31
154
87
-83
-123
46
149
-8
-144
-40
144
104
-55
-166
-26
142
71
-111
-87
51
49
-12
-45
-25
-18
-4
35
23
-63
-58
8
98
34
-78
-36
50
20
-50
-31
62
57
-32
-67
15
46
-30
-31
42
26
-52
-30
77
73
-26
-75
9
64
9
-18
8
-9
0
14
34
-15
-52
-9
47
16
-46
-6
48
14
-64
-1
61
-18
-37
2
19
-47
-34
63
40
-75
-76
36
120
-11
-161
-68
127
99
-55
-116
0
120
48
-97
-78
58
122
-10
-133
-16
135
59
-55
-90
6
122
67
-90
-170
-17
219
130
-190
-184
110
215
-28
-243
-25
242
111
-210
-195
100
238
32
-251
-151
154
184
-31
-184
-114
108
198
-12
-238
-92
170
158
-87
-142
5
125
62
-94
-132
51
156
23
-132
-101
86
153
22
-121
-105
37
150
77
-126
-117
43
172
68
-166
-107
111
118
-57
-110
-29
106
99
-83
-173
9
196
56
-203
-144
162
171
-67
-189
-32
126
141
1
-156
-120
92
202
-24
-186
-57
146
142
-96
-201
-12
234
134
-181
-234
102
307
39
-268
-174
223
287
-89
-326
-56
313
219
-225
-301
72
351
37
-323
-129
221
192
-80
-207
-45
143
159
-46
-185
-101
135
143
-34
-159
-78
122
158
-81
-173
-29
140
85
-110
-125
56
171
29
-161
-96
86
158
23
-156
-107
107
214
-3
-252
-74
218
186
-98
-231
-47
172
139
-63
-151
-23
156
59
-118
-121
65
189
56
-201
-151
111
216
21
-223
-181
121
252
-8
-266
-114
169
206
-62
-210
-66
156
127
-98
-171
49
193
32
-170
-110
111
189
-26
-226
-62
190
157
-89
-185
13
192
35
-150
-71
86
120
-12
-113
11
78
30
-42
-53
-3
28
19
24
-17
-108
3
119
12
-131
-83
110
132
-115
-128
44
102
-24
-61
44
72
-71
-88
30
67
36
-32
-42
-9
24
-7
11
55
-28
-83
5
101
51
-56
-73
6
71
47
-25
-75
-7
76
32
-29
-47
17
46
-38
-58
35
75
-15
-43
-1
18
16
-6
-4
-20
-32
-6
19
35
26
-81
-76
81
86
-33
-92
-57
57
62
-15
-33
-4
36
21
-15
-40
1
97
35
-113
-49
135
76
-96
-68
37
95
63
-79
-115
-22
117
101
-36
-125
-4
85
40
-83
-75
75
130
-31
-139
-47
113
91
-88
-142
-11
143
83
-112
-176
14
191
96
-163
-165
45
179
20
-144
-44
77
85
-1
-108
-61
95
106
-45
-129
-50
140
142
-61
-160
-48
140
161
-60
-196
-37
181
122
-118
-144
65
143
-5
-126
-75
73
102
-12
-122
-44
60
99
-20
-130
-53
103
110
-26
-172
-98
170
203
-50
-237
-84
219
144
-174
-154
98
179
-8
-211
-98
169
192
-59
-233
-56
204
206
-66
-277
-72
270
221
-171
-285
56
280
86
-185
-175
86
198
-36
-199
-33
189
97
-107
-153
42
151
34
-103
-112
12
83
40
-30
-80
-17
85
19
-74
-32
40
18
-8
-68
-15
100
60
-60
-88
9
97
68
-46
-105
-30
137
112
-96
-146
32
150
101
-114
-171
36
141
42
-76
-96
52
118
-7
-142
-73
152
142
-113
-188
23
177
59
-126
-175
24
208
53
-193
-114
101
135
2
-134
-113
79
145
9
-166
-80
163
126
-85
-148
-9
133
76
-91
-126
50
130
44
-92
-106
81
123
-45
-122
-11
133
66
-94
-76
61
123
19
-119
-95
77
100
-42
-64
-4
16
11
11
-1
-85
-38
96
60
-67
-84
-4
68
56
-2
-51
-52
19
63
-26
-42
26
50
-4
-59
-34
31
55
8
-43
-55
13
107
49
-76
-78
44
106
18
-79
-63
63
77
-12
-39
-11
34
21
-43
-45
30
47
4
-44
-28
17
66
5
-67
-33
16
10
-6
36
3
-82
-31
74
77
-37
-128
-42
109
87
-54
-102
27
115
16
-114
-54
111
96
-84
-119
85
156
-33
-114
-26
76
93
-5
-104
-87
43
145
75
-149
-160
84
194
8
-232
-63
211
131
-137
-179
42
171
55
-178
-183
93
219
7
-188
-152
88
221
41
-217
-163
125
234
-33
-221
-54
189
132
-129
-196
33
248
55
-217
-138
102
217
26
-172
-107
60
174
51
-151
-124
78
162
56
-147
-113
121
121
-66
-126
-23
98
95
-72
-148
-6
171
82
-187
-158
113
168
1
-167
-130
78
229
60
-220
-185
129
257
-12
-268
-74
209
176
-116
-254
-20
257
128
-174
-212
89
277
52
-222
-168
135
229
5
-231
-108
190
198
-56
-229
-66
207
135
-155
-199
30
250
91
-193
-207
101
247
31
-244
-152
141
199
-23
-201
-94
131
163
-64
-171
-42
126
87
-84
-140
49
161
40
-146
-103
96
152
-7
-132
-59
83
153
16
-196
-59
150
102
-44
-122
-21
60
64
14
-76
-52
57
71
-27
-125
-30
177
111
-185
-163
95
191
29
-201
-168
122
219
-11
-246
-83
153
170
-88
-206
-13
181
99
-122
-172
74
203
18
-189
-103
122
168
-36
-215
-22
178
88
-78
-133
59
133
-30
-82
6
63
27
-41
-32
14
42
50
9
-98
-56
86
108
-37
-144
-38
117
73
-55
-110
-27
94
73
-69
-118
-2
101
25
-53
-1
26
-34
-23
28
12
-11
-9
43
20
-57
-78
47
116
-10
-124
-30
129
70
-75
-71
25
62
36
-7
-61
-36
63
59
-15
-78
-11
91
-3
-105
-21
108
52
-74
-70
27
90
-1
-82
-45
59
27
-69
-33
78
37
-70
-68
52
98
-38
-132
-12
113
24
-68
-16
35
13
9
-21
5
21
20
-11
-18
25
32
-22
2
-9
5
57
31
-81
-104
72
165
-20
-162
-36
105
92
-84
-120
64
133
-18
-105
-63
51
114
12
-154
-106
111
163
-46
-197
-77
185
162
-129
-215
25
184
68
-148
-92
74
142
13
-168
-88
141
139
-75
-141
-25
110
135
-24
-121
-52
47
121
24
-123
-64
60
123
25
-117
-67
109
89
-90
-121
12
145
33
-123
-100
54
161
6
-228
-79
190
130
-101
-186
-42
172
172
-71
-230
-52
191
143
-120
-186
32
208
59
-198
-170
139
244
-24
-269
-97
252
211
-115
-249
-36
241
178
-123
-249
9
230
108
-140
-173
49
211
12
-175
-108
125
156
-24
-177
-78
154
150
-53
-207
-61
145
129
-74
-150
-33
127
94
-66
-131
-38
81
90
-50
-92
24
107
26
-107
-59
52
135
21
-120
-89
112
161
-60
-166
-5
134
102
-76
-136
-4
120
46
-42
-47
-7
45
46
-39
-118
2
191
77
-208
-171
138
246
-46
-279
-131
221
228
-141
-259
-6
203
113
-106
-188
-12
165
95
-129
-140
101
175
-37
-170
-43
121
114
-70
-143
16
126
76
-74
-92
27
94
16
-87
-48
54
101
-24
-102
-7
123
85
-107
-147
24
134
50
-94
-71
20
57
15
-23
-52
-27
48
34
-28
-48
-43
50
107
1
-77
-80
15
116
5
-134
-10
141
71
-123
-151
69
171
6
-147
-69
97
138
-11
-104
-49
64
70
23
-45
-71
-11
97
64
-59
-98
43
109
-52
-127
24
118
38
-66
-115
-8
139
68
-113
-122
47
100
-22
-45
-2
-8
-15
17
32
-15
-61
-45
38
62
15
-57
-25
62
32
-63
-37
90
52
-66
-69
90
86
-77
-51
54
28
-15
4
-10
-52
-26
88
72
-59
-105
29
93
4
-116
-43
128
87
-86
-111
9
120
59
-118
-142
44
165
40
-146
-141
64
202
22
-219
-116
159
178
-95
-183
24
177
61
-128
-128
35
148
54
-115
-118
49
168
58
-142
-133
25
187
67
-154
-111
80
133
-3
-83
-27
60
42
-54
-56
3
41
43
-35
-101
-9
110
64
-101
-130
30
136
36
-115
-117
42
143
62
-102
-158
20
180
52
-149
-120
82
172
9
-200
-123
168
210
-81
-248
-13
284
132
-224
-219
133
278
8
-220
-139
133
224
-6
-190
-112
146
172
-83
-211
2
209
87
-145
-165
55
184
27
-149
-122
70
116
9
-73
-46
-8
72
10
-55
-31
19
17
-17
-34
4
66
43
-49
-73
-2
90
95
-50
-126
-15
182
88
-156
-124
94
150
4
-105
-66
16
67
48
-44
-67
40
63
-19
-77
-26
101
82
-95
-122
27
158
34
-124
-139
33
163
54
-132
-143
50
154
36
-116
-129
39
158
39
-181
-87
183
129
-127
-156
34
165
38
-155
-103
91
125
9
-96
-41
59
57
-32
-39
16
36
-20
-17
27
41
36
-28
-79
-26
73
55
-63
-38
7
5
37
1
-78
-63
63
84
-11
-101
-53
41
71
30
-33
-71
-16
66
55
-67
-73
53
86
-14
-83
-49
33
98
29
-98
-86
112
136
-22
-126
-51
111
102
-23
-127
-29
93
93
-20
-73
-47
71
59
-62
-86
29
100
36
-101
-81
50
141
-16
-117
-73
76
62
-35
-36
-14
-26
19
30
25
-30
-65
-2
38
17
7
-24
0
34
-6
-53
15
56
34
-33
-75
69
104
-47
-79
-33
86
94
-26
-127
-80
118
145
-41
-163
-10
113
35
-64
-73
32
118
10
-117
-70
85
106
-17
-151
-92
137
141
-64
-166
-68
163
150
-111
-202
-3
200
98
-149
-142
70
169
9
-167
-95
116
168
-60
-166
-37
131
144
-27
-147
-63
101
130
6
-129
-108
83
151
39
-127
-96
83
110
-52
-135
-16
151
79
-133
-155
79
179
-34
-196
-54
143
103
-84
-153
-17
161
105
-88
-139
-33
138
117
-105
-142
26
155
43
-121
-134
23
204
78
-185
-173
147
254
-24
-260
-120
221
228
-99
-275
-30
259
199
-168
-290
31
316
30
-258
-124
165
190
-34
-185
-112
145
173
-52
-190
-106
131
156
-21
-143
-83
98
111
-32
-134
-25
87
49
-64
-87
66
116
1
-121
-72
77
160
12
-164
-94
124
181
-38
-191
-15
173
92
-74
-133
-12
103
70
-47
-62
6
63
38
-58
-94
9
158
70
-148
-164
108
213
-4
-223
-140
135
210
-56
-233
-54
146
140
-52
-188
-66
157
133
-96
-164
71
175
7
-170
-89
124
153
-71
-201
-4
176
89
-81
-82
2
53
47
-23
-75
21
79
7
-83
-17
76
59
-41
-106
-4
109
31
-88
-75
37
86
26
-87
-92
24
117
-12
-124
-33
48
50
8
10
-13
-51
-7
58
27
-62
-39
57
73
-53
-83
-1
94
49
-66
-78
-3
108
96
-96
-116
56
116
21
-63
-55
14
70
40
-30
-67
5
86
-22
-95
15
67
47
-59
-66
17
90
11
-80
-63
29
65
-8
-38
3
0
-7
-2
23
10
-20
-56
-20
64
62
-35
-69
-10
73
46
-39
-41
48
54
-68
-39
106
40
-75
-23
31
46
33
-38
-62
-24
82
61
-63
-55
17
34
15
-32
-42
45
64
-27
-87
-16
60
59
-45
-137
-17
137
60
-110
-141
24
165
61
-182
-145
141
190
-84
-200
35
168
25
-125
-77
51
98
0
-62
-44
26
75
60
-28
-88
-50
85
118
-36
-119
-34
102
102
-42
-106
19
86
-9
-73
-25
50
81
0
-152
-53
127
120
-125
-147
71
124
-6
-95
-85
30
135
70
-82
-153
-6
183
75
-157
-142
111
190
-21
-224
-85
205
194
-93
-236
-18
240
149
-163
-217
49
233
105
-159
-195
44
237
94
-191
-188
107
231
-24
-237
-73
171
150
-55
-176
-56
149
146
-72
-199
-45
147
136
-68
-174
-56
163
115
-89
-152
-20
124
55
-109
-67
84
113
-31
-125
-18
92
69
0
-74
-77
90
138
-54
-140
-15
127
113
-78
-161
-19
152
99
-91
-122
42
123
-8
-112
-65
94
156
-41
-179
-36
149
124
-70
-198
-61
203
145
-164
-201
23
195
71
-144
-150
54
176
29
-174
-63
142
108
-76
-116
-16
127
84
-103
-123
28
114
81
-51
-90
-4
69
85
-19
-90
-30
71
57
-42
-27
35
52
-34
-94
-11
72
51
-53
-71
-11
69
60
-63
-114
35
111
-15
-109
-24
40
42
15
-7
-22
-53
7
68
-11
-64
17
88
18
-79
-92
37
125
2
-120
-69
108
137
-42
-100
-39
71
100
11
-115
-71
97
123
-20
-113
-58
96
82
-73
-103
42
101
-8
-65
-49
33
84
16
-90
-96
40
88
14
-57
-57
21
44
-8
-27
8
-15
-52
-31
73
67
-18
-54
-12
49
11
-11
5
25
-14
-48
73
91
-66
-98
53
110
30
-110
-82
38
57
36
3
-75
-33
56
56
-58
-102
48
120
3
-110
-45
101
80
-75
-135
-21
98
76
-66
-114
-23
109
95
-74
-144
-42
146
117
-113
-138
64
147
28
-123
-106
68
137
-31
-125
-30
92
119
-5
-108
-58
57
106
10
-78
-81
54
120
-6
-81
4
65
-2
-50
-41
20
80
22
-108
-71
77
95
-30
-127
-27
92
43
-33
-74
-60
76
129
-2
-167
-113
116
200
-49
-205
-31
206
105
-169
-207
88
250
30
-243
-142
210
228
-82
-217
-48
169
159
-40
-187
-85
161
193
-56
-218
-59
206
129
-148
-186
53
196
54
-152
-132
89
179
1
-184
-114
109
138
-9
-148
-73
98
108
-42
-111
-21
58
40
-65
-66
77
117
-34
-128
-21
82
100
-19
-100
-32
79
125
-41
-149
2
125
91
-75
-123
20
65
21
9
-15
-44
5
43
15
-80
-63
135
142
-130
-192
42
221
52
-210
-172
111
213
-26
-207
-60
112
125
-11
-139
-96
88
147
-33
-172
-3
145
90
-77
-137
-28
167
101
-156
-136
116
158
-24
-141
12
82
31
-45
-36
28
29
-12
-5
20
31
31
-25
-86
-4
79
44
-48
-67
-2
23
28
11
-57
-81
61
95
-42
-88
-29
46
59
4
-26
-39
-26
50
57
-38
-89
32
103
12
-133
-56
120
87
-59
-108
5
138
70
-89
-130
46
136
33
-78
-64
34
61
32
-27
-53
9
50
1
-56
-41
43
75
2
-79
-51
79
81
-54
-116
-4
93
16
-39
-4
-16
-31
-24
59
85
-37
-159
-44
134
97
-43
-108
2
102
33
-83
-9
80
-2
-45
-4
63
17
-38
11
38
8
-8
7
-46
-44
66
101
-27
-109
-21
84
60
-60
-112
62
123
-44
-120
-30
134
84
-129
-164
52
184
3
-175
-91
93
118
4
-124
-101
50
165
4
-151
-41
122
90
-62
-108
-18
104
67
-88
-83
5
113
75
-69
-97
-9
110
82
-64
-78
-3
63
55
-9
-51
11
36
-35
-57
8
71
27
-48
-54
-36
50
87
-23
-132
-46
114
75
-69
-140
0
170
87
-120
-164
12
167
68
-113
-120
64
164
16
-212
-105
191
198
-118
-230
-1
243
158
-174
-229
69
236
85
-161
-174
43
237
84
-166
-213
78
277
1
-291
-123
249
233
-142
-286
32
274
86
-195
-191
65
185
29
-111
-105
25
113
21
-67
-39
11
4
18
-19
-54
45
121
-22
-141
-54
146
139
-106
-162
3
191
102
-151
-151
70
158
45
-92
-91
-22
63
99
-12
-140
-41
156
84
-141
-150
79
197
5
-185
-105
158
189
-77
-274
-78
240
203
-164
-256
25
223
89
-155
-178
41
192
75
-170
-126
106
166
-10
-173
-64
110
133
-20
-174
-82
149
196
-52
-214
-31
168
111
-80
-146
54
128
-2
-96
-28
102
64
-94
-117
39
120
6
-76
-42
3
17
-6
15
-20
-44
13
79
-13
-109
-60
94
98
-27
-89
-34
65
55
-41
-72
0
84
40
-73
-82
38
101
23
-103
-67
76
139
8
-141
-64
107
133
-33
-144
-50
136
114
-65
-115
-12
85
68
-89
-112
46
122
19
-105
-79
86
96
-41
-95
-45
66
32
-46
-3
25
-37
-31
34
36
-29
-44
-30
8
34
48
-13
-44
-24
30
28
9
-7
-4
-1
-7
22
28
-13
-33
3
35
35
3
-50
-47
13
48
23
-10
-43
2
30
27
-41
-48
76
59
-72
-74
64
94
-19
-135
-54
100
80
-51
-96
-21
63
68
-18
-94
-60
89
94
-59
-109
17
125
29
-102
-64
55
93
-27
-97
-11
75
68
-14
-58
-13
24
53
41
-66
-64
30
70
26
-36
-17
28
-10
-47
-2
41
-5
-6
-21
-36
-19
33
46
-74
-89
28
110
28
-111
-91
71
111
26
-99
-116
20
176
43
-164
-102
118
150
-49
-204
-40
194
135
-133
-207
54
268
84
-244
-170
164
232
-8
-236
-115
192
230
-97
-245
-44
205
140
-126
-190
30
197
70
-167
-144
97
201
4
-197
-133
102
144
22
-133
-110
33
161
52
-158
-111
101
117
-79
-139
60
159
15
-120
-89
46
144
37
-105
-108
61
190
12
-176
-51
110
112
-18
-108
-62
26
96
82
-86
-125
42
159
-1
-150
-80
124
163
-37
-210
-59
193
156
-139
-267
18
276
92
-220
-197
82
238
31
-199
-138
85
188
10
-198
-44
169
99
-99
-146
2
149
88
-116
-130
56
145
27
-86
-55
5
75
53
-60
-67
23
53
15
-15
-19
25
38
-37
-63
11
51
21
-35
-77
-6
78
24
-50
-74
3
50
26
-33
-67
-35
113
81
-58
-137
-24
122
98
-81
-124
56
135
14
-145
-85
105
125
-49
-107
-51
113
150
-43
-181
-10
152
85
-62
-114
-11
125
86
-94
-108
36
127
1
-113
-58
86
84
-36
-91
-32
79
66
-32
-74
-50
42
54
8
-35
-70
2
60
12
-25
-22
-11
-25
-23
42
77
-6
-95
-15
81
42
-54
-28
37
20
-10
22
17
-27
2
23
5
28
7
-68
-48
61
89
-16
-98
-11
65
26
-55
-58
68
95
-52
-124
20
145
51
-163
-163
97
191
-21
-176
-60
110
82
-29
-84
-57
38
84
33
-89
-57
65
82
12
-111
-76
128
123
-125
-131
74
135
23
-103
-78
28
86
49
-32
-58
-23
44
41
11
-27
2
1
-29
-32
28
29
-18
-14
-7
-26
-1
61
-14
-110
-11
99
36
-101
-75
54
101
14
-87
-44
19
49
28
-62
-51
57
88
-21
-85
-57
54
113
-7
-121
-91
137
196
-46
-231
-40
230
158
-118
-240
-1
253
134
-175
-233
87
254
-24
-214
-70
153
147
-58
-166
-68
162
153
-79
-217
-60
179
135
-79
-143
-43
111
96
-65
-110
-3
75
17
-63
-28
65
68
-28
-89
-23
69
85
1
-84
-41
87
121
-61
-126
-12
106
102
-31
-137
-58
118
128
-58
-163
12
152
38
-121
-79
45
140
8
-144
-96
102
169
-21
-186
-127
114
212
-50
-231
-82
168
164
-68
-214
-39
188
133
-142
-169
88
172
8
-143
-103
67
174
13
-181
-100
134
180
-29
-177
-37
93
105
-21
-102
1
59
14
-31
4
69
42
-77
-105
8
133
24
-100
-69
32
72
15
-44
-88
-10
113
32
-81
-80
2
80
51
-23
-66
-36
38
62
-5
-59
-17
78
28
-58
-46
3
38
48
-8
-72
1
94
74
-54
-111
1
128
93
-99
-132
54
155
14
-89
-70
47
70
-7
-67
-44
57
88
0
-111
-63
92
104
-38
-137
-17
80
46
-22
-48
-56
11
72
46
-77
-77
3
41
15
-6
-11
4
29
17
-43
-20
40
57
-22
-88
18
119
12
-105
-31
81
80
-41
-111
-28
98
88
-51
-121
6
114
42
-101
-89
51
149
-2
-135
-67
94
87
-20
-96
-94
46
148
4
-168
-126
130
186
-50
-209
-53
159
116
-90
-118
41
114
14
-82
-69
34
105
0
-91
-26
18
73
70
-31
-116
-26
124
95
-67
-116
-8
132
74
-61
-57
26
44
-41
-41
7
34
48
-20
-118
-32
115
92
-102
-126
29
115
26
-121
-92
91
136
-4
-129
-92
81
126
-11
-134
-53
125
115
-74
-200
-4
207
94
-148
-164
84
197
21
-154
-105
89
160
30
-135
-115
72
198
19
-190
-132
136
156
-57
-182
-32
179
134
-115
-216
18
234
75
-175
-178
72
164
-5
-106
-70
33
89
11
-73
-65
58
51
-59
-79
28
138
32
-119
-92
89
133
-11
-82
-52
48
83
25
-77
-58
53
111
37
-140
-128
89
163
32
-148
-110
108
152
-56
-182
-28
203
134
-162
-215
63
248
38
-192
-175
72
202
61
-186
-145
51
174
66
-163
-170
78
210
18
-213
-87
173
141
-79
-184
-27
168
126
-124
-154
44
146
68
-88
-112
6
84
68
-18
-61
-25
45
47
-14
-15
18
23
-38
-70
17
87
16
-42
-80
-28
86
73
-90
-149
43
148
15
-109
-87
31
88
57
-35
-115
-29
118
90
-92
-136
51
138
19
-124
-90
95
132
-18
-145
-40
143
131
-59
-179
-2
171
77
-72
-125
-19
95
144
-38
-156
-28
137
48
-97
-113
41
122
55
-125
-111
111
137
-49
-170
-21
135
36
-69
-46
18
4
-4
1
-2
29
-30
-70
-13
64
45
-17
-33
-4
10
21
14
-11
6
-24
23
79
-13
-74
0
49
64
-22
-73
-20
37
45
-10
-50
-24
33
47
-18
-46
-26
49
73
-35
-93
-2
75
45
-60
-110
-25
117
59
-90
-114
4
134
67
-125
-138
65
149
-2
-99
-35
55
53
0
-78
-45
69
85
-65
-94
14
107
48
-55
-65
-4
62
62
-35
-53
-8
24
31
28
24
-20
-27
-16
-3
39
-7
-39
19
22
-47
-5
35
-31
-38
14
40
11
-52
-62
-7
85
79
-34
-115
-21
107
51
-76
-60
47
72
12
-87
-81
77
117
-9
-127
-60
129
154
-37
-186
-60
161
173
-63
-188
-45
167
138
-93
-161
8
160
59
-151
-127
83
172
6
-168
-98
128
172
-38
-226
-75
160
112
-72
-117
-10
49
47
2
-46
-45
15
32
-30
-35
50
56
-19
-82
-31
84
81
-18
-100
-17
82
105
-25
-123
-16
114
75
-56
-126
4
97
68
-27
-91
-33
82
58
-65
-108
27
172
33
-168
-103
104
150
-18
-179
-102
102
181
-39
-203
-67
163
135
-82
-175
-19
112
122
-52
-145
-12
147
90
-114
-152
28
194
67
-190
-118
110
175
-8
-180
-28
101
61
-28
-54
-14
34
38
2
-21
10
27
16
-65
-51
54
53
0
-64
-65
37
85
-30
-122
-4
87
13
-56
-36
-4
28
53
19
-42
-65
-19
85
64
-93
-69
60
99
-21
-160
-35
163
108
-123
-156
46
194
88
-147
-173
76
192
34
-131
-119
54
161
56
-99
-123
17
148
15
-125
-65
93
125
-56
-147
-22
139
86
-75
-139
-3
114
51
-57
-57
-21
22
31
16
-17
-35
-25
-4
12
5
30
20
-37
-23
6
65
32
-44
-46
24
70
39
-44
-67
-2
72
77
-37
-120
-29
109
96
-60
-130
10
126
35
-105
-90
60
129
10
-118
-81
61
114
0
-122
-109
79
135
-40
-145
-50
99
100
-4
-143
-88
95
126
-30
-128
4
120
54
-88
-104
41
130
12
-126
-57
60
119
20
-88
-51
12
86
58
-74
-56
24
56
-2
-2
51
-3
-76
-32
55
22
-11
-25
-9
7
-25
12
28
-33
-41
22
31
-7
-38
-59
39
108
-6
-96
-47
62
88
-3
-104
-38
105
106
-70
-170
-1
167
95
-112
-154
25
210
100
-181
-154
97
201
41
-185
-104
104
153
4
-129
-90
80
130
-3
-177
-84
142
172
-73
-210
2
205
67
-163
-162
52
160
44
-96
-123
-4
122
41
-88
-65
75
31
-100
-63
103
128
-45
-149
-20
98
76
2
-72
-64
65
112
22
-128
-53
73
93
29
-96
-119
16
133
77
-96
-116
44
120
0
-120
-64
114
132
-83
-142
-21
136
102
-100
-183
-17
181
117
-126
-197
-11
200
112
-134
-196
35
216
64
-192
-128
153
164
-56
-186
-38
156
126
-81
-162
-3
145
102
-54
-125
-18
114
91
-68
-104
7
80
32
-31
-34
54
92
-61
-156
6
164
60
-120
-113
44
89
17
-90
-91
37
94
6
-67
-66
-4
78
62
-31
-95
-26
90
66
-79
-101
40
123
24
-148
-105
118
133
-25
-127
-42
86
124
6
-149
-84
133
156
-40
-182
-31
143
108
-39
-136
-39
121
88
-110
-110
32
125
52
-105
-133
66
160
-1
-165
-56
97
65
-40
-46
-6
-3
-21
41
45
-53
-79
5
49
1
12
19
3
-4
-18
-21
41
57
-21
-65
29
85
-2
-64
-11
63
6
-1
16
-42
-78
23
129
23
-124
-63
89
87
-73
-125
80
160
-20
-180
-49
140
107
-93
-163
-18
139
103
-92
-162
-1
143
77
-91
-138
8
125
75
-92
-88
34
100
22
-74
-54
25
92
-11
-91
-9
85
39
-20
-36
-30
19
71
36
-50
-75
7
90
49
-29
-47
-4
20
-18
-23
26
14
-23
-13
-14
-12
37
9
-70
-37
33
48
2
-88
-48
82
106
-33
-143
-33
117
79
-51
-94
-4
88
74
-84
-126
35
141
40
-118
-120
86
208
19
-202
-116
154
224
-58
-246
-66
252
195
-182
-236
72
247
11
-221
-91
152
130
-58
-116
-26
73
110
-1
-148
-102
86
142
15
-118
-102
39
129
31
-111
-80
63
64
-57
-58
45
77
13
-72
-77
37
140
23
-132
-67
91
139
-35
-142
-11
125
71
-47
-109
-32
58
103
2
-132
-63
106
116
-72
-132
-9
146
98
-121
-167
57
182
25
-169
-144
68
197
37
-221
-150
159
211
-45
-231
-85
161
191
-70
-227
12
225
84
-183
-153
104
201
-21
-170
-60
105
112
7
-87
-67
25
89
44
-70
-57
42
73
-3
-69
17
93
19
-114
-92
90
117
12
-110
-112
22
126
63
-134
-144
79
162
-9
-147
-104
85
162
-7
-143
-52
83
92
-27
-120
-36
110
101
-77
-164
17
173
46
-106
-112
39
166
71
-128
-129
63
153
37
-104
-105
30
150
45
-118
-90
42
97
4
-82
-55
51
104
-8
-126
-83
123
157
-58
-188
-49
152
99
-65
-116
-28
76
49
-39
-46
-4
37
-10
-50
9
73
26
-48
-70
0
99
50
-58
-89
18
129
57
-111
-94
80
100
15
-81
-40
33
23
-6
17
-2
-15
13
-8
-18
-16
8
78
36
-96
-56
59
82
-10
-98
-83
60
145
-45
-153
-38
110
109
-67
-176
-5
146
70
-80
-94
32
85
46
-39
-82
-19
89
52
-79
-83
50
106
10
-42
-64
-11
76
87
-23
-120
-25
122
57
-57
-53
63
33
-86
-58
74
55
-35
-60
-35
42
60
-32
-105
-9
107
17
-95
-14
26
-10
13
39
19
-70
-66
59
103
-36
-129
13
132
30
-111
-116
95
142
-15
-164
-63
181
152
-105
-191
32
200
85
-145
-146
61
186
54
-147
-134
81
138
-15
-126
-60
109
100
-42
-143
-39
135
106
-55
-159
-48
111
104
-17
-121
-62
83
70
-3
-71
-40
25
23
-32
-5
71
41
-68
-59
28
64
30
-26
-44
-12
62
77
-42
-76
-13
63
83
-25
-111
-42
84
101
-33
-127
-14
106
63
-89
-108
42
148
21
-142
-94
114
147
-70
-184
-72
161
145
-81
-201
-27
173
98
-88
-167
-27
148
109
-108
-150
68
158
23
-159
-102
85
177
-22
-183
-39
151
112
-86
-104
12
67
51
-2
-55
-3
13
11
16
31
7
-17
-21
-24
-4
15
19
20
-44
-70
14
108
7
-118
-70
96
74
-59
-96
-13
92
74
-46
-91
-36
81
66
-46
-82
1
70
66
-44
-137
-13
154
81
-113
-139
70
204
19
-191
-85
135
136
-42
-127
-49
101
155
-18
-170
-60
122
100
-88
-115
6
124
74
-90
-117
13
155
63
-140
-153
66
152
28
-102
-109
10
122
38
-86
-78
42
43
-43
-25
19
71
10
-63
-68
35
88
32
-39
-71
-12
116
84
-102
-93
45
97
56
-74
-91
8
65
61
-16
-89
-14
88
53
-69
-85
22
139
2
-139
-69
124
103
-84
-148
-48
142
130
-114
-176
27
156
36
-100
-96
20
89
69
-72
-102
58
96
12
-88
-80
61
122
-12
-131
-38
97
97
-3
-80
-86
23
146
73
-124
-136
67
164
-18
-111
20
97
-32
-145
1
150
42
-93
-103
12
82
22
-74
-71
43
70
3
-59
-64
11
62
52
-18
-82
-36
77
73
-28
-108
-9
115
78
-103
-144
61
166
7
-155
-76
137
164
-49
-185
-25
163
122
-67
-151
-21
114
99
-43
-108
-24
95
70
-79
-89
28
97
44
-87
-93
40
137
44
-143
-123
44
139
47
-113
-118
65
128
-9
-133
-37
109
17
-109
-43
111
117
-43
-164
-47
151
120
-73
-121
-2
105
97
-43
-125
-6
121
76
-47
-102
-17
58
68
16
-74
-70
57
90
-24
-105
-36
108
109
-81
-153
-2
167
82
-159
-163
37
202
49
-189
-137
109
163
-30
-152
-59
83
104
-7
-116
-43
110
117
-43
-145
-49
147
123
-142
-186
67
208
45
-145
-91
72
100
11
-98
-12
57
37
-35
-34
67
64
-32
-114
-26
73
65
4
-75
-85
17
109
49
-161
-104
118
144
-80
-144
4
89
68
-30
-49
-15
7
45
-2
-38
-12
30
50
-2
-84
-16
94
60
-71
-95
21
116
84
-79
-131
26
150
65
-98
-119
21
143
85
-101
-125
16
135
63
-103
-123
42
160
31
-166
-119
129
172
-41
-185
-54
128
110
-66
-111
-29
65
55
1
-53
-36
32
-23
-56
31
98
-3
-96
-25
50
54
7
-39
-20
6
37
11
-9
11
20
-25
9
48
-47
-81
28
125
-1
-131
-42
128
71
-116
-112
66
157
-14
-143
-37
90
62
-31
-86
-67
33
96
22
-90
-94
48
113
10
-131
-86
86
132
-11
-125
-23
94
72
-42
-102
-18
101
81
-69
-122
3
140
77
-62
-129
-27
148
113
-85
-133
9
124
36
-80
-9
84
14
-103
-70
94
85
-57
-89
10
37
5
-10
-42
-18
20
22
-13
-29
-32
1
38
84
-4
-142
-65
138
125
-100
-151
48
179
13
-195
-84
144
122
-68
-138
-23
168
134
-107
-169
13
162
84
-67
-120
-45
125
131
-71
-164
-20
139
86
-77
-151
3
173
76
-144
-134
78
156
-9
-165
-82
114
132
-37
-140
-41
94
55
-34
-75
0
66
-26
-77
12
110
34
-84
-69
24
81
37
-25
-71
-24
94
97
-67
-96
19
85
68
-32
-110
-42
89
90
-37
-107
-26
110
64
-78
-113
54
147
-15
-138
-44
104
111
-61
-158
-63
153
125
-123
-157
-10
137
94
-87
-153
-22
150
106
-103
-177
60
192
16
-145
-123
77
186
4
-197
-74
152
152
-61
-148
-45
91
115
6
-130
-50
105
96
-74
-102
68
130
-22
-188
-47
185
99
-119
-116
28
89
26
-81
-79
20
104
32
-92
-79
33
78
52
-53
-83
15
98
11
-72
-61
29
98
20
-86
-110
73
153
-9
-148
-81
122
168
36
-186
-151
120
224
31
-189
-141
103
205
3
-180
-103
152
149
-98
-193
4
175
102
-100
-166
32
182
49
-159
-130
60
114
40
-69
-107
25
108
12
-92
-36
79
7
-112
-32
110
115
-61
-137
-1
83
63
-20
-45
-30
24
77
22
-84
-50
65
83
-4
-69
-54
20
57
44
-28
-96
-11
89
33
-73
-45
32
79
-6
-76
-59
48
110
0
-148
-92
128
135
-74
-161
-35
140
114
-89
-170
7
167
69
-149
-94
109
142
-18
-151
-72
112
167
-48
-218
-26
185
146
-117
-142
38
104
30
-56
-51
42
49
-14
-65
35
84
3
-84
-75
46
77
20
-41
-58
-26
20
85
12
-109
-81
48
117
6
-146
-70
112
122
-44
-117
-38
87
71
-36
-85
-3
77
39
-62
-85
24
79
31
-67
-72
20
137
66
-155
-109
115
175
-17
-198
-52
146
132
-67
-138
-21
97
63
-63
-89
21
104
16
-80
-84
60
132
-28
-122
-46
44
54
5
-27
-28
-42
2
69
44
-60
-67
0
35
-15
8
56
-4
-66
-38
59
102
-12
-117
-22
120
79
-60
-70
-4
52
51
-10
-40
-35
8
42
60
-38
-98
20
104
34
-107
-75
101
120
-63
-121
-33
107
100
-76
-174
-18
178
103
-150
-162
47
198
19
-178
-110
116
129
-37
-122
-19
114
64
-83
-100
44
80
43
-52
-91
0
98
74
-46
-81
-29
61
106
-14
-96
-33
67
49
-45
-15
58
39
-62
-81
27
91
25
-87
-77
1
71
53
-76
-73
26
37
14
-20
-72
-33
104
87
-77
-107
26
112
7
-88
-35
60
76
-12
-116
-57
95
83
-19
-81
-58
70
152
0
-164
-47
138
121
-64
-128
-38
133
125
-73
-144
-12
135
48
-121
-83
59
118
19
-122
-66
86
125
-43
-134
-29
57
83
10
-88
-93
31
87
40
-64
-68
29
56
-35
-75
54
112
-20
-104
-45
81
112
-34
-103
-10
119
29
-61
-30
34
48
2
-15
-21
-52
-16
72
70
-53
-110
38
115
0
-127
-54
129
102
-88
-134
-2
135
70
-126
-153
43
184
21
-165
-117
88
146
0
-138
-95
80
123
-2
-106
-59
102
111
-38
-146
-56
144
136
-109
-179
34
182
65
-109
-95
9
102
69
-59
-84
-1
82
43
-20
-41
20
53
-45
-79
6
84
43
-53
-77
-32
74
86
-85
-131
37
133
-1
-119
-58
56
108
2
-87
-67
36
85
2
-60
-41
39
83
15
-132
-73
105
134
-15
-153
-101
164
199
-79
-231
-11
216
111
-112
-167
-12
180
118
-127
-125
25
125
47
-104
-124
67
158
-8
-158
-67
137
138
-63
-174
-25
105
88
-3
-151
-87
106
129
-39
-131
-20
96
-5
-89
-29
109
69
-56
-92
-3
90
31
-25
-20
-20
41
38
30
-60
-47
43
86
5
-111
-58
78
92
-28
-101
-9
79
42
-60
-76
25
125
25
-132
-74
97
115
-39
-141
-84
96
155
-46
-166
-71
137
113
-53
-160
-27
144
73
-78
-104
31
120
10
-98
-47
49
97
19
-127
-78
106
127
-40
-86
-19
37
48
19
-45
-17
4
34
-4
5
36
21
-30
-100
-27
107
95
-54
-146
-4
106
49
-60
-116
-1
117
35
-119
-63
53
72
8
-43
-35
0
1
20
4
-18
-19
41
57
-30
-125
18
137
3
-91
-66
37
122
65
-96
-113
59
133
37
-102
-100
50
127
32
-79
-83
26
99
-14
-100
-44
100
102
-28
-149
-42
164
101
-132
-162
63
141
19
-106
-79
54
74
-28
-41
-1
22
-5
-44
-34
41
100
4
-90
-59
77
89
-13
-61
-20
42
80
-6
-51
-27
28
47
17
-43
-41
2
35
50
-12
-80
-1
74
19
-66
-41
44
81
3
-97
-37
72
53
-41
-85
-67
70
133
-36
-169
-53
126
102
-61
-136
-20
107
96
-45
-138
5
133
40
-105
-107
59
140
0
-150
-50
119
108
-26
-96
-47
30
110
53
-69
-91
-1
85
39
-11
-18
-14
30
-35
-46
24
83
-5
-114
-39
79
90
-34
-146
-21
100
32
-64
-51
0
44
63
6
-64
-43
16
87
5
-105
-41
109
111
-79
-159
17
165
30
-107
-63
60
122
33
-106
-84
56
130
43
-135
-98
83
186
11
-174
-107
94
176
-54
-181
-16
150
86
-102
-142
19
157
71
-131
-170
25
163
92
-108
-161
-23
148
100
-75
-144
12
105
5
-91
-22
105
69
-77
-113
26
153
39
-117
-77
64
78
24
-40
-43
-5
64
71
-52
-103
-26
89
96
-48
-145
3
153
37
-118
-98
88
160
-38
-173
-33
139
109
-95
-183
-43
178
133
-113
-193
-5
195
94
-140
-187
42
193
50
-159
-113
117
156
-23
-169
-83
123
181
-66
-221
-21
210
129
-105
-152
-10
114
94
-35
-96
-43
62
107
-40
-74
51
94
-35
-140
-22
136
57
-82
-98
-4
71
63
-67
-105
7
89
41
-106
-94
46
104
28
-73
-72
20
91
37
-71
-75
20
85
41
-96
-115
64
152
9
-161
-71
136
146
-42
-181
-10
169
69
-62
-94
-34
104
116
-67
-155
-1
127
58
-79
-124
22
137
58
-136
-135
115
178
-27
-190
-107
125
155
-31
-147
-57
92
68
-34
-58
-3
48
-15
-72
-2
82
71
-65
-87
-14
110
67
-50
-80
3
60
85
-16
-86
-13
66
61
-1
-91
-62
70
85
-1
-86
-42
75
77
-66
-115
22
149
30
-141
-71
84
111
-36
-118
-80
68
131
-45
-145
-22
81
69
-38
-88
-43
77
74
-20
-106
-38
107
110
-51
-160
-35
163
105
-157
-144
110
164
-8
-119
-47
37
45
43
2
-39
-51
12
55
8
16
-13
0
-23
-61
15
82
34
-67
-100
-5
90
74
-112
-119
85
109
-57
-98
-2
53
25
4
-11
-45
-16
51
28
-22
-51
5
78
14
-102
-61
101
91
-58
-87
-18
100
124
-40
-166
-24
177
102
-104
-130
12
129
98
-111
-149
58
157
-3
-120
-76
62
97
13
-84
-62
59
86
16
-104
-94
38
97
59
-85
-134
29
123
42
-107
-72
48
60
-32
-71
12
103
31
-124
-87
115
128
-43
-115
-58
110
137
-64
-135
29
93
37
-44
-70
-24
45
69
-26
-84
-22
66
38
-39
-46
14
70
9
-82
-27
32
64
13
-87
-112
33
140
34
-130
-131
79
130
5
-109
-109
58
147
36
-144
-87
117
122
-34
-177
-39
170
130
-149
-161
75
199
27
-139
-92
56
114
17
-79
-24
48
28
-20
2
39
-16
-35
-1
-12
19
30
4
-39
-48
8
45
19
-67
-43
32
44
-30
-60
-14
27
31
44
-22
-73
-19
45
50
-13
-74
-20
97
68
-129
-105
108
123
-49
-125
-13
137
127
-89
-178
27
208
78
-155
-141
87
161
-1
-125
-53
64
63
-24
-70
-29
45
51
22
-77
-72
63
104
9
-128
-84
65
115
0
-131
-62
70
77
-7
-77
-19
50
-17
-56
-9
112
66
-94
-132
35
158
51
-101
-101
23
150
56
-99
-85
52
77
48
-39
-90
-29
67
94
-22
-109
-20
93
46
-77
-75
58
137
-11
-162
-55
111
105
-44
-125
-74
78
130
-29
-143
-77
110
140
-49
-175
-23
145
83
-93
-113
53
122
32
-98
-90
46
133
14
-143
-64
116
126
-30
-86
-59
34
100
44
-56
-62
18
52
3
-18
22
35
-13
-52
-27
10
75
40
-99
-106
55
137
-26
-145
-37
86
69
-44
-71
-34
36
63
25
-52
-95
25
113
42
-105
-78
76
109
-37
-145
-21
137
67
-91
-100
91
157
1
-124
-79
81
125
24
-82
-94
13
163
87
-138
-159
75
179
17
-190
-99
150
180
-53
-237
-39
222
134
-155
-203
41
167
67
-89
-129
-6
116
52
-60
-118
22
106
-18
-96
16
112
48
-72
-114
25
148
57
-86
-103
47
129
27
-98
-81
53
127
31
-128
-94
76
121
8
-120
-65
87
88
-22
-125
-29
98
78
-40
-109
-24
73
101
-13
-169
-95
155
146
-95
-189
-13
174
83
-114
-158
45
166
41
-132
-127
95
172
7
-181
-81
125
150
-46
-197
-50
176
128
-80
-130
-23
117
82
-63
-67
25
57
3
-67
30
95
5
-89
-89
42
103
17
-72
-47
17
24
16
-14
-54
-18
30
34
-3
-54
-42
43
85
-3
-106
-51
78
77
-30
-65
-19
60
62
-55
-103
35
109
12
-110
-42
87
101
-5
-108
-48
102
111
-33
-110
-54
93
127
-43
-135
-30
103
66
-70
-108
20
114
62
-116
-122
51
163
14
-173
-78
78
113
-29
-88
-44
38
69
-16
-12
-22
-16
-6
-34
-14
74
91
-54
-108
-11
102
79
-42
-81
-24
101
80
-98
-58
61
70
5
-52
-40
25
23
13
-25
5
25
-16
-21
8
8
-8
31
11
-31
-21
7
62
32
-88
-75
-13
119
49
-101
-118
59
141
6
-129
-102
80
146
-10
-135
-46
108
91
-46
-114
-7
96
65
-67
-119
7
138
57
-65
-86
-31
79
123
-17
-109
-33
71
42
-51
25
54
-22
-81
-54
80
77
-48
-84
-6
43
20
-20
-53
-4
25
-5
-18
8
-16
-42
18
89
3
-103
-36
73
66
-54
-84
26
89
57
-79
-128
55
150
13
-134
-93
102
205
-10
-235
-59
190
155
-71
-181
-33
141
148
-56
-196
-44
182
125
-130
-188
27
204
85
-170
-153
105
194
-34
-186
-50
100
77
-26
-58
-52
14
49
13
-11
-35
-11
7
9
-19
14
56
-12
-50
-15
35
68
1
-70
-39
79
70
-24
-52
8
39
28
-12
-34
-25
2
55
39
-45
-60
0
58
28
-64
-26
63
35
-50
-53
27
61
1
-76
-64
9
111
29
-129
-106
57
126
39
-125
-134
79
177
-7
-162
-69
150
118
-69
-143
-41
139
127
-120
-170
70
195
9
-145
-56
41
68
69
-22
-89
-25
63
47
-34
12
31
9
-45
-54
11
88
33
-82
-56
-5
68
38
-75
-82
33
87
0
-78
-60
33
89
17
-53
-74
23
88
0
-65
-19
37
21
22
-67
-76
82
111
-12
-133
-73
149
144
-70
-192
19
211
79
-165
-142
83
167
45
-134
-114
61
142
20
-141
-104
89
158
-3
-173
-91
150
155
-94
-194
-1
141
72
-60
-124
-26
98
48
-58
-38
24
13
-62
-41
57
85
-5
-72
-42
4
75
62
-31
-90
2
115
54
-60
-83
5
103
60
-74
-101
20
72
57
-35
-89
-24
69
62
-32
-77
7
79
19
-73
-58
53
112
-39
-125
-37
76
92
-31
-100
-35
47
77
-5
-81
-66
67
115
-32
-129
14
120
33
-92
-60
69
73
-23
-82
-3
80
44
-32
-39
14
-7
15
50
-8
-48
-15
65
14
-45
34
66
-25
-113
-56
103
111
-57
-144
-4
101
59
-82
-104
15
80
23
-62
-45
5
35
19
-13
-28
-15
7
27
26
-21
-46
15
78
9
-94
-41
95
89
-67
-133
21
178
75
-169
-124
130
152
-24
-134
-40
89
109
-15
-101
-37
52
72
-16
-80
-68
64
124
-18
-164
-39
161
108
-130
-142
33
101
69
-46
-120
-62
99
104
-33
-122
-13
80
4
-73
-21
108
61
-80
-96
21
116
53
-70
-89
22
128
29
-72
-54
48
75
-17
-53
-11
9
32
37
-27
-35
-5
52
16
-44
-66
55
94
-19
-99
-29
92
68
-74
-110
-38
87
101
-44
-139
-54
115
146
-80
-202
-5
167
98
-89
-133
15
133
49
-84
-90
30
112
32
-129
-81
105
140
-29
-119
-57
54
85
50
-60
-83
28
63
-7
6
26
-18
-45
-16
17
14
15
-16
-44
-14
36
32
-37
-49
-13
48
14
-35
-20
-28
12
58
20
-67
-57
31
73
11
-79
-41
47
101
-39
-125
0
129
51
-114
-99
90
153
-2
-132
-36
81
69
0
-62
-41
35
96
9
-71
-44
48
53
-20
-66
-28
39
93
-9
-112
-45
125
103
-119
-162
17
159
101
-107
-169
16
128
51
-85
-64
37
32
-60
-34
70
71
-37
-90
-22
77
73
-18
-35
-51
32
69
8
-31
-19
9
29
46
-8
-89
-38
105
70
-79
-99
26
115
-1
-103
-44
83
92
-49
-90
-8
74
54
-56
-90
-54
101
98
-62
-163
-27
138
106
-84
-148
4
125
36
-62
-69
24
87
69
-87
-125
40
157
-8
-151
-40
147
104
-73
-125
-11
108
79
-57
-57
15
34
5
-10
37
16
-16
-17
-44
-5
43
50
-7
-92
-54
69
95
-73
-105
29
77
-13
-82
16
13
-20
37
45
-39
-66
16
63
19
-53
-47
43
57
-31
-94
12
107
45
-107
-107
98
165
-7
-167
-44
134
100
-48
-96
-34
81
125
-18
-153
-31
126
57
-80
-95
-6
124
68
-105
-125
62
163
-20
-169
-59
104
63
-11
-41
-67
-26
66
72
-56
-45
44
-6
-68
-32
92
97
-42
-126
-27
100
86
-1
-88
-71
94
113
-32
-96
-26
91
95
-36
-139
-36
115
90
-65
-109
14
88
44
-56
-69
-33
93
116
-87
-157
30
184
29
-173
-132
89
169
3
-149
-94
69
128
23
-141
-128
96
161
-12
-159
-54
144
115
-66
-151
-20
151
90
-136
-122
59
149
39
-85
-86
16
71
54
-37
-61
-9
57
20
-25
24
31
-15
-42
-40
13
52
22
-44
-87
3
88
42
-89
-103
51
105
-12
-116
-22
53
45
27
-32
-88
-1
96
38
-76
-81
63
114
-18
-132
-67
115
122
-49
-137
-35
152
132
-86
-151
13
158
87
-116
-121
42
130
73
-99
-128
35
130
45
-110
-117
54
153
38
-156
-112
145
143
-90
-165
22
109
28
-38
-40
-29
11
16
53
-8
-60
-20
-2
0
6
30
49
-22
-59
-29
52
63
14
-60
-54
53
66
-10
-28
-23
18
47
5
-44
-52
21
57
17
-20
-41
-8
66
-7
-60
-42
75
77
-49
-83
-3
85
35
-96
-88
40
126
-20
-133
-36
85
82
-57
-80
-23
64
24
-10
-41
-20
52
61
-16
-89
-43
115
95
-91
-139
45
178
48
-126
-91
52
95
28
-70
-17
55
6
-69
17
106
20
-70
-68
-18
68
69
-17
-95
-50
42
88
14
-108
-53
44
65
8
-86
-40
54
66
9
-59
-52
40
55
-24
-53
-1
49
1
24
-39
-42
25
66
19
-88
-53
84
141
5
-160
-66
135
136
-57
-167
-27
160
132
-110
-161
43
151
32
-148
-82
71
125
25
-143
-86
104
132
-52
-146
-36
95
83
-10
-110
-66
65
94
-28
-101
-3
79
-24
-74
-15
110
83
-89
-127
23
123
47
-52
-63
10
72
30
-28
-46
28
50
30
-25
-79