#4
200
-49
-305
-188
153
179
-178
-363
-83
309
174
-348
-418
49
370
68
-429
-331
170
349
-68
-480
-227
306
283
-256
-495
-70
380
178
-380
-466
85
434
30
-515
-384
309
409
-219
-550
-134
367
220
-288
-437
-49
328
128
-316
-360
61
318
18
-358
-268
159
260
-85
-326
-160
163
183
-80
-309
-158
213
221
-181
-378
-30
299
98
-241
-279
12
198
5
-279
-155
161
118
-188
-252
-50
156
97
-170
-262
-112
138
162
-137
-304
-102
230
135
-246
-312
39
292
4
-352
-271
175
333
-83
-412
-195
258
309
-192
-477
-72
417
214
-316
-451
30
450
78
-440
-292
200
339
-71
-383
-186
236
251
-159
-414
-92
359
168
-347
-354
122
324
-32
-401
-202
232
215
-154
-339
-89
208
158
-169
-321
-13
242
38
-309
-196
167
249
-88
-376
-173
288
298
-183
-408
-78
265
194
-183
-286
-27
238
134
-263
-285
92
296
19
-344
-204
185
243
-85
-319
-104
188
145
-153
-236
-65
129
107
-93
-248
-81
121
92
-111
-219
-57
194
108
-229
-258
88
222
-46
-272
-142
159
174
-91
-293
-85
225
175
-215
-329
49
332
57
-347
-236
190
299
-77
-333
-130
222
212
-120
-349
-94
350
267
-292
-486
11
468
189
-429
-461
171
492
-18
-521
-232
335
325
-272
-471
17
393
168
-335
-394
105
385
43
-376
-264
180
272
-56
-310
-149
221
248
-146
-344
-31
299
141
-240
-294
104
331
-14
-379
-171
244
260
-121
-338
-92
252
198
-159
-316
-40
279
122
-227
-267
37
255
98
-256
-288
92
265
27
-289
-222
130
244
-22
-336
-189
221
267
-98
-408
-183
301
337
-138
-447
-93
330
212
-225
-318
50
312
65
-309
-209
176
323
-39
-378
-176
237
333
-118
-448
-80
373
232
-286
-403
95
428
69
-443
-316
276
404
-90
-494
-179
377
319
-268
-500
8
477
180
-405
-368
149
417
58
-405
-337
201
397
-17
-433
-217
308
350
-175
-437
-58
331
222
-216
-345
28
341
139
-299
-281
133
338
26
-335
-205
206
260
-58
-245
-120
152
162
-101
-241
-8
201
44
-203
-180
67
200
5
-196
-156
7
159
81
-179
-205
65
234
-8
-276
-151
191
234
-112
-351
-57
336
167
-262
-305
76
331
82
-313
-263
184
331
8
-355
-257
253
354
-96
-427
-114
368
263
-252
-410
71
381
93
-332
-283
175
332
-28
-360
-168
244
248
-136
-346
-53
274
143
-231
-254
50
256
46
-265
-203
154
226
-101
-305
-32
291
167
-232
-323
45
353
138
-301
-290
121
351
44
-331
-174
242
239
-140
-297
-21
283
138
-214
-224
78
213
42
-150
-149
9
139
83
-137
-191
24
221
63
-222
-238
105
259
-4
-260
-162
165
209
-70
-254
-85
191
133
-144
-210
-5
199
94
-171
-194
67
230
15
-268
-164
215
274
-117
-330
-42
312
178
-212
-276
64
308
77
-307
-236
237
339
-77
-403
-149
265
312
-93
-392
-143
285
265
-177
-341
-23
278
146
-296
-288
147
360
-2
-384
-216
254
346
-130
-426
-65
365
175
-268
-277
123
307
7
-297
-149
205
224
-93
-262
-47
259
141
-182
-219
46
235
83
-180
-235
80
283
50
-240
-203
126
259
-16
-269
-135
148
227
-23
-284
-134
173
222
-80
-317
-95
275
212
-222
-342
42
352
121
-305
-316
91
342
118
-291
-258
115
291
46
-237
-180
148
264
-48
-309
-87
291
258
-196
-370
15
364
177
-271
-322
108
380
76
-381
-239
291
349
-135
-452
-103
419
275
-323
-436
113
463
52
-428
-299
270
416
-80
-451
-154
331
270
-147
-368
-110
309
280
-180
-414
-18
413
193
-338
-353
174
381
-1
-345
-136
239
232
-73
-271
-65
232
188
-137
-246
8
196
122
-111
-172
28
141
9
-120
-89
89
106
-68
-145
-71
92
174
-23
-227
-157
127
250
-26
-302
-125
228
227
-159
-297
4
272
123
-232
-246
119
299
29
-278
-170
200
275
-70
-346
-76
299
251
-128
-397
-40
384
211
-301
-337
166
383
19
-327
-198
232
276
-91
-338
-81
325
198
-229
-307
53
327
75
-294
-231
173
271
-60
-280
-116
198
207
-79
-293
-64
266
124
-258
-186
171
264
-34
-311
-159
265
312
-112
-353
-55
291
195
-196
-220
99
212
-2
-192
-99
128
163
1
-184
-119
135
171
-22
-193
-109
140
161
-71
-190
-53
143
102
-58
-173
-62
117
107
-47
-181
-67
186
141
-172
-204
73
201
-11
-202
-97
135
159
-45
-195
-74
174
150
-112
-217
-17
235
169
-180
-282
100
338
71
-303
-216
220
297
-83
-336
-62
338
226
-226
-374
48
365
146
-278
-316
72
349
84
-308
-237
189
299
-108
-357
-51
341
181
-259
-316
92
314
87
-280
-246
161
299
-20
-321
-108
285
215
-196
-272
58
268
66
-195
-153
132
242
-38
-230
-91
153
206
-52
-228
-101
185
207
-57
-262
-65
228
171
-166
-238
26
227
113
-175
-235
33
234
88
-218
-225
93
274
21
-295
-171
200
252
-63
-283
-181
186
329
-7
-355
-182
267
282
-100
-304
-48
297
167
-225
-254
107
362
60
-344
-240
246
365
-66
-399
-107
320
278
-161
-371
1
367
143
-290
-293
136
363
32
-361
-235
267
321
-118
-407
-113
397
285
-303
-403
112
422
94
-369
-295
183
357
13
-353
-181
271
292
-119
-354
-72
307
231
-167
-302
38
289
110
-192
-194
60
267
82
-230
-194
103
265
55
-207
-151
96
168
12
-181
-65
135
104
-105
-196
-8
240
85
-208
-196
17
231
105
-191
-199
46
257
64
-237
-187
129
253
-25
-301
-118
286
231
-145
-294
-19
296
180
-214
-318
87
375
139
-314
-346
188
435
3
-402
-207
321
345
-148
-397
-26
348
207
-245
-340
113
389
21
-375
-155
269
251
-148
-306
-20
249
133
-188
-253
45
272
93
-253
-217
153
257
-96
-271
-7
238
131
-153
-226
21
264
137
-198
-205
60
228
81
-160
-119
75
148
9
-150
-70
119
163
-26
-223
-59
208
153
-116
-227
11
216
84
-178
-150
57
125
44
-64
-151
-15
137
70
-78
-175
11
190
50
-167
-137
113
180
-70
-216
-15
182
117
-110
-198
10
190
91
-178
-158
91
246
39
-247
-138
225
252
-114
-298
-16
304
161
-252
-270
165
368
17
-388
-219
254
363
-43
-389
-188
261
304
-117
-347
-63
297
188
-260
-320
143
354
18
-347
-198
253
305
-115
-356
-58
290
170
-170
-255
63
268
47
-196
-128
107
170
3
-154
-82
157
129
-78
-143
-44
148
139
-50
-232
-51
286
156
-225
-246
111
283
26
-268
-155
171
239
-21
-254
-136
144
198
-28
-226
-134
173
222
-84
-288
-70
244
193
-123
-318
-93
317
260
-189
-361
19
354
150
-260
-263
169
342
-59
-342
-103
349
289
-234
-381
41
384
162
-284
-273
111
333
94
-293
-242
196
325
-42
-382
-161
317
330
-167
-466
-21
459
205
-373
-425
202
508
-21
-468
-190
320
315
-143
-372
-72
288
225
-136
-295
-38
280
168
-197
-254
53
275
113
-219
-206
114
282
26
-251
-140
186
256
-44
-283
-77
236
178
-91
-188
-15
149
85
-79
-134
8
136
14
-136
-100
91
166
-14
-195
-118
74
180
40
-183
-152
125
214
-29
-254
-117
203
240
-125
-334
-2
361
161
-298
-288
186
400
-2
-410
-169
324
313
-107
-375
-90
343
247
-220
-332
41
355
147
-241
-267
98
308
56
-298
-202
211
293
-85
-324
-54
283
162
-228
-269
101
284
18
-290
-149
184
220
-78
-262
-55
211
99
-179
-158
109
201
4
-209
-138
148
258
0
-248
-140
148
241
-38
-197
-37
135
125
-60
-140
-24
138
117
-74
-162
7
169
94
-133
-175
58
183
1
-150
-69
77
108
-17
-124
-86
67
89
32
-89
-138
46
182
-8
-213
-74
191
148
-162
-215
67
249
35
-230
-165
178
255
-83
-302
-32
293
199
-216
-243
110
266
43
-220
-126
123
199
5
-225
-91
230
214
-139
-309
-25
285
204
-177
-308
-16
289
162
-215
-262
50
294
26
-305
-143
214
246
-109
-322
-67
307
185
-235
-245
95
241
8
-198
-84
146
138
-49
-152
-28
152
75
-89
-103
61
153
-6
-160
-66
116
147
-22
-149
-84
127
188
-26
-226
-96
187
166
-89
-194
-15
151
101
-84
-172
-28
127
109
-73
-194
-30
174
147
-143
-233
30
254
103
-260
-241
109
315
66
-250
-214
117
284
40
-248
-153
225
224
-135
-273
24
342
139
-275
-246
151
305
24
-272
-154
182
283
-58
-310
-75
271
200
-173
-323
23
360
129
-333
-284
215
346
-52
-403
-148
361
278
-206
-376
-7
337
200
-211
-378
43
377
138
-302
-290
166
355
-12
-327
-113
212
189
-43
-192
-46
131
161
-29
-187
-63
187
174
-110
-235
21
256
79
-147
-134
49
131
3
-109
-37
94
37
-70
-79
-32
87
99
-51
-145
-101
106
189
-41
-225
-72
189
155
-122
-231
8
257
89
-260
-180
188
295
-49
-354
-95
316
258
-183
-392
33
421
167
-283
-336
111
394
86
-323
-215
195
299
-23
-279
-140
224
241
-106
-303
-31
310
138
-234
-239
129
264
-6
-279
-137
205
217
-97
-280
-44
235
142
-147
-223
41
202
19
-207
-85
178
172
-101
-215
-52
251
189
-150
-241
10
251
109
-164
-121
75
142
8
-122
-49
84
88
6
-65
-63
23
120
68
-134
-163
72
185
-16
-171
-47
127
94
-76
-139
-37
107
93
-42
-149
-30
138
73
-117
-163
78
176
-22
-200
-63
186
135
-100
-201
10
188
89
-142
-162
66
219
74
-213
-158
159
246
-40
-254
-54
225
159
-144
-241
57
323
102
-307
-245
164
327
16
-300
-205
173
282
-43
-272
-115
211
176
-164
-245
28
277
102
-236
-224
116
259
14
-243
-135
145
187
-36
-201
-36
189
124
-143
-156
84
177
-6
-128
-75
134
136
-80
-135
5
122
74
-54
-138
-15
163
84
-87
-146
4
164
75
-124
-132
43
133
60
-119
-168
20
189
83
-180
-218
97
263
-20
-291
-112
237
203
-136
-294
-51
256
210
-133
-276
-11
230
131
-123
-175
29
216
41
-173
-130
154
258
-46
-307
-93
284
233
-164
-310
10
335
157
-280
-279
160
360
-11
-357
-183
261
333
-138
-392
-55
365
192
-270
-332
83
359
98
-308
-234
169
286
-2
-278
-178
164
308
-18
-334
-134
277
267
-165
-323
25
291
134
-203
-201
95
254
59
-220
-135
145
207
-11
-225
-84
168
174
-12
-142
-92
75
127
-21
-149
-24
146
60
-117
-133
25
174
69
-162
-213
29
256
84
-212
-180
88
239
1
-248
-121
177
199
-90
-269
-4
273
145
-204
-252
79
306
72
-271
-198
180
290
29
-317
-175
250
294
-102
-319
-62
296
204
-198
-284
76
289
81
-251
-205
148
265
-21
-254
-106
171
207
-96
-276
-33
249
145
-192
-248
62
248
61
-224
-161
134
166
-88
-170
41
173
63
-143
-151
82
212
41
-182
-115
102
179
5
-129
-58
97
111
-41
-143
-15
186
92
-134
-120
61
128
24
-86
-96
28
91
23
-42
-69
-23
76
84
-64
-165
-28
162
97
-123
-165
64
178
-12
-182
-65
159
108
-127
-155
45
146
52
-104
-126
39
171
35
-174
-121
165
216
-80
-255
-7
257
135
-170
-208
69
253
81
-218
-204
188
300
-24
-365
-167
279
309
-102
-378
-108
311
237
-185
-322
25
313
58
-287
-159
179
223
-59
-255
-75
197
186
-124
-247
-6
233
128
-175
-182
106
206
11
-194
-93
135
162
-43
-175
-8
207
42
-152
-82
80
133
2
-123
-64
87
113
-5
-111
-73
78
124
-14
-124
-64
81
126
-5
-184
-133
140
207
-46
-260
-77
219
141
-144
-216
30
227
84
-193
-226
44
265
119
-195
-211
65
245
84
-187
-183
145
227
-43
-245
-68
279
223
-203
-301
64
338
91
-255
-193
136
269
-7
-277
-86
235
179
-156
-262
3
280
142
-244
-278
137
338
-5
-356
-165
273
287
-150
-349
-36
310
176
-194
-306
39
306
116
-226
-251
100
305
46
-254
-163
138
232
-7
-214
-78
146
155
-14
-153
-61
139
142
-66
-158
-38
144
175
-44
-202
-47
154
92
-107
-80
51
68
-36
-62
-55
50
92
-7
-129
-109
71
184
11
-200
-125
144
197
-80
-227
-53
208
183
-175
-284
109
328
36
-310
-159
262
257
-138
-312
-2
327
192
-220
-318
88
358
77
-278
-215
139
297
16
-260
-163
182
241
-52
-276
-95
223
217
-141
-266
9
258
107
-240
-180
113
213
-11
-224
-120
139
174
-59
-193
-14
133
35
-170
-40
160
106
-107
-154
18
174
85
-97
-129
14
143
72
-90
-47
51
56
11
-43
-32
29
45
37
-24
-54
-12
67
99
-48
-154
-19
145
98
-102
-171
12
186
73
-180
-150
102
153
12
-182
-107
131
175
-76
-215
19
193
40
-158
-119
73
163
10
-140
-84
126
126
-73
-140
11
146
94
-122
-134
79
184
22
-189
-76
137
160
-45
-215
-35
259
154
-215
-269
95
291
68
-242
-227
114
258
10
-235
-136
131
181
-96
-219
-8
227
110
-210
-214
104
249
14
-260
-117
189
169
-90
-186
10
169
73
-106
-114
46
121
11
-75
-65
102
89
-67
-72
23
30
48
19
-55
-61
51
104
16
-142
-56
113
104
-49
-145
-14
125
102
-92
-171
2
160
75
-124
-176
54
199
33
-206
-110
111
153
0
-164
-157
74
255
47
-229
-169
163
258
-31
-246
-69
236
161
-170
-209
102
302
23
-284
-133
194
229
-52
-227
-100
191
226
-108
-257
-6
269
125
-229
-252
124
321
10
-344
-140
278
213
-174
-321
35
331
88
-290
-203
166
248
-18
-250
-132
173
207
-61
-226
-66
189
140
-106
-164
3
152
98
-77
-136
40
111
64
-45
-96
-19
115
132
-103
-174
36
200
81
-134
-143
63
149
-20
-127
-44
96
70
-89
-118
28
157
1
-116
-114
-6
161
82
-122
-166
23
180
37
-156
-126
101
190
-33
-222
-92
204
196
-101
-253
-4
277
132
-201
-245
112
313
96
-316
-244
227
337
-54
-333
-91
270
217
-118
-276
-27
269
150
-190
-240
82
273
24
-225
-119
126
169
-65
-196
-41
148
120
-103
-182
3
161
85
-136
-156
92
122
-89
-114
58
123
-1
-111
-66
73
118
28
-100
-73
16
114
49
-54
-38
-13
56
58
-73
-51
67
91
-36
-103
4
105
43
-28
-103
-29
88
11
-46
-14
-18
-25
58
67
-88
-127
16
142
37
-167
-63
123
100
-98
-121
32
102
7
-104
-34
77
75
-31
-100
-25
139
67
-130
-121
103
188
-9
-218
-40
198
149
-113
-177
17
195
83
-153
-159
122
256
-14
-286
-139
207
274
-68
-306
-115
242
186
-134
-208
-21
215
100
-220
-184
130
224
-31
-245
-97
195
159
-114
-203
6
179
63
-80
-114
9
138
64
-120
-101
84
99
-11
-69
-1
97
37
-72
-26
24
30
24
-9
-47
-15
78
47
-55
-76
36
98
-1
-96
-49
65
96
-3
-108
-102
41
157
9
-182
-115
131
156
-67
-198
-29
178
97
-126
-220
-4
257
158
-177
-238
27
240
86
-168
-147
109
196
-27
-185
-84
220
210
-135
-253
-7
264
167
-179
-234
30
282
118
-256
-195
174
253
-50
-278
-81
240
192
-167
-283
50
288
77
-263
-264
183
342
-52
-347
-105
277
213
-153
-275
-7
218
128
-119
-216
25
219
87
-163
-152
55
197
60
-166
-126
107
181
7
-146
-66
117
158
-21
-182
-63
135
176
-22
-173
-75
120
120
-60
-123
11
84
25
-87
-89
53
119
26
-160
-135
67
206
36
-217
-140
127
216
-66
-262
-46
257
142
-216
-227
119
281
25
-258
-142
186
246
-55
-284
-95
255
277
-109
-381
-27
337
181
-215
-254
77
259
97
-192
-211
92
250
61
-238
-168
158
226
-50
-243
-49
200
120
-159
-177
50
190
19
-188
-112
114
137
-40
-160
-32
93
47
-69
-49
56
66
-8
-100
-40
89
114
0
-98
-101
77
148
7
-88
-70
58
104
-7
-98
-8
92
69
-83
-71
35
65
54
-65
-84
14
57
26
-31
-56
-3
51
65
-61
-137
-33
102
115
-95
-163
52
165
-8
-176
-35
128
79
-95
-113
46
118
20
-118
-72
71
122
-32
-107
-36
109
132
-65
-146
-3
166
101
-107
-153
38
194
52
-181
-112
196
217
-123
-299
-38
277
194
-193
-315
34
297
94
-223
-182
112
205
-68
-232
-13
208
97
-142
-182
50
179
20
-124
-110
51
141
-7
-100
-40
77
79
-50
-79
17
73
25
-27
-56
34
105
-34
-96
-14
86
62
-29
-89
-22
104
83
-58
-99
-4
80
42
-48
-57
-16
50
67
-14
-99
-70
34
130
10
-160
-102
118
150
-88
-208
8
230
85
-227
-238
108
317
35
-278
-149
169
208
-6
-193
-60
156
96
-57
-131
11
211
65
-163
-163
97
256
25
-247
-131
176
251
-71
-285
-44
266
139
-190
-255
63
290
61
-282
-176
193
246
-74
-335
-68
317
166
-238
-227
97
219
23
-151
-181
36
217
88
-191
-190
123
252
-18
-231
-106
149
215
-51
-210
-10
156
102
-71
-112
13
112
84
-61
-117
-13
116
95
-27
-120
-54
104
76
-52
-79
11
47
-6
-55
-33
61
50
-41
-106
-64
99
128
-49
-174
-45
148
119
-117
-174
55
193
12
-223
-102
201
206
-99
-256
-25
261
182
-189
-284
93
320
92
-258
-254
178
310
-26
-294
-107
205
226
-43
-247
-80
187
176
-102
-226
-20
222
109
-154
-177
54
200
4
-222
-84
154
132
-101
-165
-6
108
78
-65
-104
1
55
0
-80
-12
113
56
-107
-127
69
192
32
-152
-102
52
133
36
-36
-53
-31
61
78
-33
-62
-9
85
31
-62
-39
31
51
48
-57
-77
-27
83
73
-55
-134
0
149
45
-133
-126
41
171
31
-186
-114
142
166
-82
-195
15
149
37
-107
-91
47
131
6
-127
-48
100
85
-93
-90
59
149
28
-169
-65
151
142
-60
-143
-16
139
101
-90
-147
46
209
65
-208
-185
117
226
21
-200
-164
104
201
6
-182
-115
123
135
-102
-181
47
189
19
-194
-121
148
173
-62
-199
-11
144
42
-105
-35
87
57
-46
-67
27
84
-27
-52
31
50
6
-2
-24
-12
7
33
25
-22
-52
14
70
12
-27
-53
12
58
19
-36
-47
-21
53
67
-53
-94
-30
104
86
-114
-158
57
155
-2
-160
-60
73
109
-34
-163
-64
151
163
-75
-183
-45
156
151
-53
-189
-20
168
102
-110
-150
98
225
-2
-241
-101
231
213
-129
-294
31
301
87
-240
-162
164
220
-65
-256
-74
222
185
-144
-283
38
272
68
-244
-214
145
248
-3
-234
-121
150
182
-40
-201
-109
155
200
-77
-237
-38
197
129
-144
-167
68
163
13
-95
-38
49
55
25
-19
-79
-3
127
62
-100
-76
60
88
48
-67
-93
17
64
-12
-20
6
0
-33
-25
-12
40
56
-33
-82
-72
20
131
27
-117
-111
67
140
-3
-147
-105
117
185
-58
-254
-3
255
124
-193
-226
104
307
54
-306
-172
239
284
-59
-332
-86
289
224
-148
-279
9
254
138
-139
-214
25
223
117
-186
-206
119
246
-30
-233
-43
172
106
-143
-156
68
161
-31
-157
-45
96
78
-40
-95
-15
54
24
-56
-44
44
100
10
-131
-76
130
153
-29
-157
-75
120
172
-28
-130
-27
109
80
-42
-96
4
116
47
-78
-78
27
82
48
-31
-95
-34
78
74
-35
-79
-48
46
100
-9
-138
-86
110
148
-61
-181
15
178
37
-163
-72
101
75
-52
-98
-1
90
53
-47
-87
17
99
24
-72
-54
44
119
17
-127
-89
120
168
-62
-168
-14
179
103
-169
-146
164
203
-77
-230
-62
207
188
-124
-261
-12
251
89
-192
-139
75
140
-58
-140
-20
114
87
-81
-158
13
153
57
-135
-99
71
84
-26
-42
5
33
29
-35
-32
43
32
-18
-25
-11
79
38
-75
-48
63
44
-5
-19
-23
-14
48
68
-29
-101
10
86
23
-59
-70
10
66
63
-27
-111
-56
60
115
-25
-131
-56
88
67
-72
-87
3
86
60
-103
-150
16
209
85
-173
-168
75
204
54
-163
-109
121
137
-66
-113
8
170
92
-153
-140
66
186
49
-143
-143
82
222
4
-205
-80
117
159
-50
-199
-27
196
106
-191
-183
141
186
-51
-207
-64
175
136
-108
-193
3
184
110
-118
-207
19
214
80
-187
-173
131
230
-24
-228
-89
161
149
-51
-116
9
73
62
-6
-59
-20
77
66
-32
-74
-20
63
108
44
-117
-114
60
119
7
-112
-56
73
53
-81
-78
86
106
-64
-162
-41
136
111
-70
-144
-47
111
116
-74
-170
-14
183
95
-182
-171
126
248
-42
-265
-65
240
190
-146
-262
43
270
127
-226
-255
156
318
-1
-298
-132
227
221
-77
-261
-44
233
151
-137
-214
3
203
97
-132
-153
25
136
55
-135
-107
46
124
3
-152
-80
90
122
-40
-115
-31
69
18
-52
15
39
-9
-42
-22
28
67
46
-22
-83
-55
100
133
-18
-82
-25
53
71
-40
-65
30
82
18
-58
-41
23
45
56
-34
-84
0
51
47
-26
-85
-35
122
77
-163
-130
72
153
-4
-157
-76
109
124
-71
-132
0
93
53
-59
-109
29
112
26
-106
-88
79
112
-38
-111
-27
147
111
-114
-151
63
187
42
-169
-107
121
170
-64
-204
29
235
83
-205
-191
117
238
11
-220
-154
112
185
-5
-156
-96
109
94
-103
-118
44
141
3
-148
-87
99
131
-33
-145
-24
83
36
-19
-28
-14
43
27
-38
-16
47
26
-25
-4
17
58
-21
-39
25
32
-26
-7
43
-19
-42
45
62
0
-67
-32
54
53
-12
-97
-25
83
93
-60
-145
-29
127
82
-89
-140
7
146
24
-163
-79
127
127
-93
-165
-29
125
144
-62
-168
-45
134
118
-5
-148
-58
144
115
-78
-144
45
223
29
-221
-125
197
228
-85
-237
-38
197
133
-131
-170
49
206
38
-180
-154
112
217
-43
-275
-39
238
94
-194
-178
107
196
-5
-205
-77
132
120
-49
-131
-71
112
121
-39
-157
-55
151
95
-70
-137
-27
127
115
-59
-116
-7
118
79
-70
-133
32
166
61
-112
-108
37
157
82
-110
-142
9
149
42
-69
-79
18
66
-20
-90
6
96
4
-80
-109
2
127
67
-80
-149
-3
161
49
-135
-131
79
183
-36
-199
-50
187
156
-113
-215
21
252
106
-240
-191
155
297
-3
-322
-110
257
218
-126
-253
7
202
98
-88
-134
-15
136
105
-89
-183
-1
204
96
-155
-191
72
222
-29
-219
-30
162
74
-140
-125
62
114
-15
-101
-22
37
23
-69
-31
72
58
-33
-79
-28
70
95
13
-75
-71
47
101
1
-14
17
-30
-11
47
38
-18
-50
5
81
32
-97
-53
93
95
-63
-134
-3
135
64
-129
-140
87
190
-49
-206
-69
146
140
-86
-175
0
149
61
-115
-105
27
95
24
-75
-65
23
116
16
-109
-52
72
62
-2
-42
-36
92
72
-88
-81
74
130
2
-107
-45
84
84
-50
-82
77
134
-28
-187
-52
157
129
-85
-194
-23
166
83
-107
-121
7
97
-8
-111
-35
97
59
-72
-114
14
116
51
-102
-101
56
107
-35
-94
19
104
12
-96
-7
84
27
-80
-36
69
80
-32
-95
27
87
-13
-37
6
37
-18
-28
57
22
-40
-25
33
44
-2
-66
-25
60
47
-39
-51
-30
14
61
13
-92
-43
48
43
-29
-72
-9
47
64
-40
-152
-26
189
114
-123
-190
4
195
120
-132
-143
100
154
-47
-128
-11
187
89
-135
-145
53
182
37
-140
-109
76
173
10
-163
-53
129
112
-66
-191
-18
205
97
-181
-200
122
213
-43
-233
-72
202
125
-136
-172
30
157
60
-110
-149
2
149
84
-112
-152
64
163
-1
-135
-65
89
105
-24
-52
-4
-3
32
44
-15
-46
25
95
6
-88
-53
55
127
31
-115
-93
52
105
18
-61
-64
-10
40
22
-48
-5
30
12
-42
-84
-15
107
45
-117
-102
77
140
-15
-176
-69
160
139
-134
-184
81
222
28
-202
-126
143
227
-48
-253
-60
240
216
-161
-305
54
310
78
-226
-158
137
170
15
-138
-98
83
157
-4
-156
-82
111
139
-43
-154
-39
139
58
-121
-71
22
96
-2
-93
-74
32
100
16
-86
-67
33
46
-30
-45
44
91
-49
-132
26
137
54
-76
-79
-13
111
89
-40
-54
-7
49
9
-33
8
27
5
-6
-35
40
19
-47
26
49
-24
-82
-29
99
85
-106
-147
72
191
-57
-218
-43
184
114
-123
-168
52
164
9
-151
-100
75
148
-34
-143
-48
130
106
-81
-132
43
121
20
-102
-57
110
99
-69
-93
26
115
41
-66
-53
31
86
14
-82
-9
85
79
-88
-127
19
140
75
-99
-183
-3
179
87
-117
-156
40
171
-43
-170
-13
155
60
-131
-114
78
103
-50
-84
28
63
-31
-56
37
64
-24
-51
11
58
27
-25
-62
18
72
80
-65
-88
37
70
15
-46
-10
-6
25
42
7
-64
-17
69
41
-46
-72
16
61
16
-11
-55
-40
3
35
46
-43
-84
-27
70
55
-78
-94
32
137
-4
-200
-101
172
200
-68
-228
-43
160
118
-40
-136
-1
116
56
-62
-109
55
209
23
-196
-105
151
174
-72
-167
-22
147
110
-104
-145
76
145
3
-158
-96
117
190
-83
-230
-8
203
81
-149
-204
71
207
25
-183
-103
106
128
-32
-116
-82
61
150
-6
-165
-61
140
115
-65
-135
-21
103
102
-41
-86
-12
86
76
-17
-83
-9
80
66
-49
-88
3
102
90
-45
-111
-60
86
114
-37
-86
-25
28
53
-14
-57
12
64
-11
-103
-62
92
106
-49
-155
-24
132
94
-110
-170
60
202
19
-221
-102
190
201
-97
-257
8
245
139
-205
-228
138
279
43
-280
-177
236
250
-105
-246
-33
178
166
-51
-198
-64
154
166
-73
-233
-18
217
103
-135
-169
42
148
20
-124
-58
59
48
-29
-87
-49
70
81
-53
-88
7
49
-7
-59
11
97
-9
-72
-64
55
118
2
-92
-34
46
76
0
-3
-6
-25
9
35
31
-11
-38
21
32
8
-35
-59
54
121
-13
-163
-56
125
133
-92
-184
-14
192
79
-194
-151
93
214
-27
-218
-67
162
120
-94
-153
23
82
33
-39
-73
-1
109
28
-104
-63
88
83
-54
-78
22
114
10
-89
-12
76
53
-12
-33
-33
20
71
0
-57
25
92
-13
-116
-56
102
128
-30
-161
-89
109
111
-22
-122
-47
87
35
-71
-57
9
72
25
-91
-61
67
64
-38
-76
2
57
11
-52
13
61
-10
-85
12
118
31
-122
-50
120
88
-33
-120
-12
135
35
-90
-18
32
11
-3
51
-6
-48
3
43
1
-55
1
52
6
-22
-3
-2
-54
-44
88
43
-115
-100
83
113
-67
-120
-1
104
61
-104
-146
8
164
140
-125
-202
-3
192
123
-99
-164
39
154
39
-113
-73
158
126
-109
-152
22
185
71
-137
-120
64
179
12
-169
-59
140
109
-88
-157
21
161
56
-161
-138
113
157
-50
-196
-58
159
129
-90
-158
4
116
56
-59
-93
-42
83
115
-48
-146
-13
142
87
-91
-131
12
142
88
-95
-103
11
137
68
-95
-87
76
107
-9
-79
-52
28
120
77
-96
-125
13
129
30
-71
-66
10
39
-5
-29
0
5
11
-25
-91
-20
97
53
-65
-127
8
159
18
-160
-82
125
128
-105
-171
65
205
44
-197
-142
150
199
-40
-229
-23
198
158
-99
-240
5
242
85
-169
-152
72
166
72
-126
-138
50
165
34
-136
-104
90
122
-10
-126
-76
89
97
-64
-105
-27
104
48
-115
-104
46
120
-21
-100
3
33
-22
-54
18
81
22
-57
-64
7
88
54
-19
-58
-32
55
68
4
-10
-17
-16
26
43
1
-16
9
8
0
30
-22
-48
53
86
-61
-153
8
169
40
-140
-120
63
184
-21
-211
-75
168
136
-124
-181
42
170
29
-159
-87
92
102
-35
-88
-22
48
71
-7
-56
-30
35
51
23
-55
-22
72
43
-39
-62
25
111
28
-90
-46
81
65
-63
-67
66
128
-75
-170
16
182
65
-131
-160
48
145
20
-84
-97
17
74
-42
-44
12
56
19
-97
-69
80
56
-48
-38
18
22
-55
-34
70
48
-24
-73
-3
88
66
-55
-105
53
97
20
-54
-96
24
107
34
-68
-54
39
43
46
-33
-69
21
74
1
-89
-13
92
3
-73
4
61
-15
-102
-18
126
32
-144
-85
85
100
-49
-105
-4
83
39
-112
-117
53
189
33
-167
-116
86
177
31
-147
-81
119
84
-51
-69
37
119
23
-122
-73
78
144
-4
-145
-61
142
121
-93
-147
71
148
-10
-166
-60
140
92
-97
-128
21
144
8
-135
-89
62
122
9
-114
-78
51
83
18
-96
-92
34
140
41
-157
-95
125
136
-58
-139
-27
106
102
-51
-59
6
36
55
-10
-48
12
51
30
-17
-38
-28
50
98
36
-120
-116
76
141
-9
-116
-27
41
33
-21
-55
28
23
-17
-79
-63
81
92
-24
-102
-82
72
123
-38
-144
-24
151
65
-152
-103
119
162
-58
-182
-15
191
113
-145
-145
52
196
90
-186
-149
111
191
11
-184
-90
130
170
-14
-181
-73
132
149
-67
-180
-20
188
78
-112
-131
48
133
-59
-123
25
75
-4
-63
-24
-12
16
25
-14
-16
-24
-17
-1
15
44
-7
-20
-47
-30
52
112
13
-87
-62
39
108
18
-69
8
28
10
-25
17
45
-16
-37
29
67
-40
-87
47
120
-18
-136
-58
93
112
-54
-144
-66
154
121
-141
-162
28
174
43
-141
-111
106
101
-62
-97
-4
48
41
-8
-69
-47
63
85
-37
-89
28
81
4
-66
-13
101
45
-72
-66
46
107
18
-89
-68
75
125
-35
-106
31
112
22
-118
-82
89
115
-13
-129
-66
71
85
-14
-67
-56
25
14
-30
-14
14
28
-6
-62
-23
57
38
-42
-67
22
41
-33
-42
42
66
-16
-91
16
114
50
-117
-73
102
115
-26
-149
-13
143
60
-95
-66
76
61
-12
-20
4
-14
-7
24
17
-23
-24
19
20
-4
4
-24
-40
-42
60
45
-58
-87
34
49
-48
-39
7
46
21
-90
-107
45
138
61
-115
-103
30
86
75
-33
-78
2
73
59
-39
-93
64
163
-23
-193
-45
189
125
-101
-160
40
170
44
-146
-99
125
120
-62
-161
-20
142
106
-132
-194
68
218
17
-236
-137
186
208
-96
-223
-33
193
108
-117
-171
4
177
69
-130
-123
30
141
40
-91
-91
13
116
72
-85
-95
26
133
51
-114
-67
115
110
-60
-102
19
79
27
18
20
-87
-94
65
133
0
-154
-45
121
47
-116
-72
107
85
-104
-171
23
172
50
-131
-132
58
143
-11
-154
-57
138
98
-114
-133
61
158
27
-141
-110
95
181
7
-201
-97
154
229
-57
-268
-59
242
178
-130
-239
42
212
107
-130
-179
47
184
39
-148
-107
72
119
8
-94
-70
58
80
-60
-61
-14
41
39
-53
-80
11
80
4
-81
-13
49
-19
-61
46
86
-10
-99
-43
65
100
13
-75
7
20
-4
18
51
40
-35
-68
23
65
17
-9
-21
-10
35
35
-36
-52
62
73
-64
-101
9
99
58
-105
-120
50
142
-5
-163
-85
103
155
-69
-179
-14
155
82
-122
-130
31
122
15
-83
-59
38
100
5
-110
-47
97
47
-25
-44
13
77
5
-76
-16
113
67
-53
-90
7
74
36
-51
-32
67
89
-56
-135
-9
135
91
-61
-169
-25
116
81
-54
-107
11
59
-49
-41
16
37
21
-75
-30
29
28
-11
-43
5
31
-61
-8
78
51
-61
-57
12
72
50
-48
-91
29
131
62
-124
-122
105
142
-40
-121
6
92
33
-8
-43
-14
30
43
4
-71
-11
77
9
-55
-11
19
0
-27
-45
44
29
-56
-42
13
12
-11
-8
14
-9
-5
-52
-46
27
92
42
-83
-109
4
123
109
-74
-125
29
122
25
-80
-44
99
94
-78
-118
39
143
27
-105
-92
98
130
-56
-148
32
136
18
-140
-69
88
102
-38
-134
-26
118
44
-99
-118
38
141
-5
-112
-58
76
79
-22
-84
-68
29
97
23
-96
-51
71
102
-34
-90
-28
47
85
34
-49
-57
6
82
48
-65
-45
53
80
-2
-76
-51
76
131
-19
-96
-69
57
98
-14
-86
-18
38
0
-46
-7
56
4
-40
-41
-47
39
95
-18
-124
-54
79
112
-34
-137
-39
141
80
-154
-121
94
202
-5
-218
-92
212
199
-137
-241
69
248
71
-214
-149
148
179
-45
-156
-56
125
112
0
-121
-75
97
147
-51
-162
-31
152
96
-95
-114
-10
92
42
-76
-56
2
42
35
-75
-69
33
68
-9
-64
-29
-1
21
3
-6
8
39
-9
-81
-4
110
48
-72
-56
19
88
22
-20
10
-5
-32
-10
69
35
-52
-37
67
55
-44
-93
22
149
11
-153
-102
122
158
-71
-181
-45
176
109
-146
-164
23
171
65
-152
-115
63
111
-4
-99
-51
39
70
13
-85
-78
69
124
-53
-131
30
115
10
-69
-28
67
69
-53
-71
24
81
39
-35
-40
-5
59
48
-53
-23
80
48
-105
-97
66
128
27
-134
-117
68
119
-9
-81
-56
38
14
-31
-17
7
24
3
-31
-34
11
35
-19
-32
-1
-5
-16
52
56
-46
-74
11
69
55
-22
-85
0
76
73
0
-101
-32
105
60
-55
-78
31
71
19
-24
-44
4
75
20
-69
-59
56
62
-34
-49
24
38
-19
-87
12
89
-12
-98
-50
44
64
6
-87
-75
92
73
-99
-141
67
170
26
-155
-117
108
164
-24
-151
-1
116
50
-69
-37
93
84
-65
-98
14
119
64
-86
-78
24
103
43
-100
-50
75
53
-34
-89
-37
93
74
-63
-121
4
120
37
-142
-112
110
128
-82
-115
4
77
52
-31
-112
-39
108
80
-85
-116
50
107
29
-67
-65
-7
65
66
-48
-34
10
61
18
-38
-23
30
64
1
-58
-22
23
85
49
-52
-83
-6
48
44
10
-63
-40
14
46
-31
-31
39
-10
-27
-34
-24
67
43
-64
-73
4
66
34
-69
-62
60
74
-48
-124
28
145
63
-103
-137
32
181
87
-170
-137
111
203
10
-212
-118
149
193
-39
-187
-52
154
164
-70
-190
-23
202
123
-172
-176
78
197
10
-154
-87
93
105
-92
-111
39
83
-9
-97
-29
29
28
-24
-10
11
-45
-36
30
37
-21
-13
31
-25
-48
64
71
-30
-52
-1
56
23
-14
41
24
-58
-43
51
97
-34
-73
16
42
25
-19
-58
48
64
-49
-86
1
97
52
-96
-127
59
182
-20
-193
-71
121
121
-77
-121
10
90
25
-51
-56
-27
47
81
-19
-102
-36
106
74
-56
-96
30
84
1
-51
-9
97
31
-98
-36
103
86
-65
-59
51
45
6
-42
3
67
32
-67
-59
7
76
44
-35
-77
-39
29
71
31
-102
-81
46
58
-33
-54
9
38
-10
-53
-23
64
11
-62
-26
65
-9
-76
8
73
49
-66
-69
38
109
-2
-120
-15
107
84
-37
-128
2
110
27
-86
-33
67
53
-6
-46
-29
36
40
-13
-59
2
39
-7
-12
17
-13
-40
-22
16
44
-8
-56
-48
28
34
-17
-21
-32
5
43
-32
-85
-12
102
98
-66
-146
-10
155
98
-84
-112
44
94
11
-53
-11
86
17
-38
-53
31
96
22
-67
-66
36
97
13
-87
-35
87
39
-76
-111
63
145
-7
-199
-61
173
114
-130
-206
53
224
25
-194
-107
112
132
-57
-107
-32
54
96
-19
-92
-44
74
85
-14
-87
-51
41
92
25
-47
-31
5
57
52
-42
-44
40
83
-3
-77
-43
60
85
27
-49
-92
-4
111
47
-56
-83
-25
72
25
-74
-31
46
50
-60
-133
47
153
5
-166
-99
128
142
-74
-189
36
168
29
-149
-78
107
125
-10
-147
-70
129
156
-42
-188
-25
167
140
-88
-221
14
228
67
-162
-122
82
166
23
-151
-95
101
161
-43
-182
-47
157
104
-86
-119
-2
86
2
-54
-11
13
-24
-15
9
-37
-32
61
38
-46
-71
-18
40
18
30
11
-40
-48
-6
66
66
-10
-56
-22
-6
44
71
-5
-37
-1
5
29
25
-16
-28
15
16
17
12
-51
-5
70
50
-94
-106
41
119
22
-129
-120
93
194
-56
-222
-58
184
108
-150
-134
101
121
-40
-96
-16
21
8
33
-14
-57
15
94
10
-89
-43
57
58
6
-67
-10
84
53
-59
-66
66
94
-12
-88
-33
89
49
-47
-6
45
27
-66
-68
25
95
59
-95
-117
20
114
44
-88
-91
39
64
-37
-60
-4
68
5
-102
-30
111
39
-96
-44
66
28
-100
-22
108
71
-86
-113
55
163
12
-179
-48
179
119
-96
-152
41
152
14
-128
-21
96
30
-37
1
12
-13
1
42
-14
-62
-5
79
29
-57
-53
-3
40
-25
-34
38
1
-50
-39
2
42
2
-42
-25
45
5
-74
-71
58
138
8
-127
-91
48
167
56
-138
-112
111
132
-41
-120
19
150
4
-109
-49
89
80
-33
-57
-4
53
24
-56
-24
53
9
-17
-40
-8
37
27
-44
-78
45
92
-54
-130
-16
111
51
-73
-59
19
52
-16
-27
-17
-8
24
37
-21
-69
3
89
41
-88
-67
49
76
5
-51
8
31
0
19
22
-4
-30
22
46
21
-46
-44
69
93
-21
-115
-50
90
92
-33
-81
-25
27
7
-10
-4
-7
-11
5
-53
-59
75
77
-39
-110
-32
100
64
-104
-98
56
137
-3
-184
-51
189
123
-128
-200
60
234
75
-222
-140
146
216
-15
-242
-59
193
122
-90
-124
-4
110
81
-34
-119
-17
118
90
-88
-123
23
104
64
-59
-108
-25
92
16
-68
-36
13
32
2
-48
-53
17
65
21
-56
-103
0
87
37
-30
-51
15
29
-21
26
36
7
-3
-25
-7
44
36
16
-6
-11
-5
4
32
36
-30
-46
49
67
-43
-67
44
94
-38
-114
-5
100
71
-78
-124
-4
146
36
-133
-101
66
125
11
-136
-87
90
103
-27
-106
-48
63
89
-32
-114
-16
107
86
-69
-112
-9
91
63
-50
-55
74
43
-57
-42
62
77
-13
-62
-1
62
22
-51
-27
74
81
-57
-130
-3
139
86
-119
-136
37
109
-18
-56
-16
12
-11
-42
4
28
-14
-21
-9
-12
4
22
-20
-18
-7
0
-6
-24
41
53
-36
-70
-6
82
61
-57
-85
35
104
59
-65
-117
32
109
16
-86
-43
72
62
20
-35
-91
-12
139
52
-128
-104
88
111
-44
-81
-7
60
-15
-84
7
67
-6
-66
-33
19
30
-4
-63
-11
81
-13
-107
-61
134
125
-77
-125
-21
105
114
-16
-106
-34
63
64
16
-68
16
79
10
-73
-36
83
85
-60
-89
26
87
1
-65
-6
78
-1
-85
-26
81
52
-59
-106
-1
118
42
-116
-110
51
117
9
-110
-49
55
74
-32
-73
-25
42
41
-4
-64
-47
60
82
-14
-78
-51
44
115
11
-101
-21
89
57
-72
-53
71
82
-25
-93
39
82
-47
-23
68
44
-85
-81
56
113
-3
-125
-44
65
26
-58
-17
49
11
-85
-66
62
93
-31
-103
-25
65
66
-49
-84
11
86
14
-103
-67
88
130
-2
-165
-71
159
175
-80
-221
-10
215
172
-153
-263
85
284
24
-247
-106
160
158
-4
-153
-97
98
175
-11
-187
-101
139
148
-69
-128
-25
94
47
-82
-48
25
27
-2
-53
-52
38
58
-15
-57
-21
0
-15
0
71
4
-91
-12
55
34
-2
2
38
-12
-66
13
67
27
20
-32
-50
26
79
16
-76
-48
71
87
-16
-107
-31
147
48
-155
-107
116
147
-38
-199
-61
173
134
-128
-202
6
185
81
-156
-114
75
106
-29
-88
-1
13
15
37
-32
-66
20
96
20
-86
-36
60
28
-13
-25
36
41
-16
-35
-7
71
34
-19
-48
14
47
8
-42
24
55
16
-52
-56
22
76
42
-83
-93
32
74
2
-43
-42
23
-15
-44
44
23
-26
-50
-17
58
25
-60
-44
53
50
-56
-68
36
89
5
-59
-45
31
70
50
-61
-88
44
107
40
-95
-70
91
93
-55
-108
19
117
13
-53
-31
33
36
-22
-39
13
34
2
-18
15
11
-74
-29
17
36
17
-36
-25
-26
-2
4
15
-19
-12
24
2
-65
-41
58
63
-18
-47
-47
16
91
73
-58
-107
25
89
33
-66
-16
95
20
-55
-46
33
96
1
-106
-33
112
81
-87
-115
82
116
-57
-138
-2
148
42
-105
-111
48
100
-17
-106
-48
74
81
-40
-91
-12
54
43
-27
-70
-44
59
92
-14
-114
-50
91
108
-52
-122
-19
114
82
-76
-53
35
35
16
4
-25
11
47
0
-16
2
-12
17
56
21
-30
-92
-1
89
56
-65
-115
5
115
0
-95
-12
69
5
-102
-64
85
70
-45
-85
-4
67
35
-74
-78
61
102
-15
-135
-35
143
102
-86
-151
6
182
107
-162
-183
109
247
42
-237
-146
177
222
-69
-226
-16
183
100
-77
-122
5
123
52
-80
-98
2
95
71
-22
-113
-54
99
51
-71
-76
18
67
-11
-96
-39
68
50
-30
-47
-28
-11
12
40
24
-19
-33
-16
2
45
43
-1
-8
-23
-12
27
27
55
12
-72
-38
74
71
-18
-88
-13
97
55
-66
-90
41
114
13
-136
-79
95
134
-35
-193
-60
187
118
-161
-207
52
222
17
-186
-85
110
135
-16
-155
-101
96
165
-11
-193
-78
153
143
-71
-153
-16
96
97
-26
-91
12
89
-1
-57
-12
59
53
-11
-69
8
66
-2
-8
22
24
-11
-41
-28
28
70
13
-75
-76
9
86
34
-53
-77
-2
12
13
8
-22
-37
17
6
-15
-1
21
-38
-27
50
7
-45
-21
68
56
-47
-82
36
95
37
-120
-51
109
109
-43
-159
5
152
52
-100
-98
73
103
-3
-69
-33
48
60
0
-64
-35
21
50
14
-41
-57
24
33
-45
-12
39
-16
-48
-33
4
18
19
-29
-43
33
17
-70
-56
60
98
-19
-88
-41
59
88
-4
-65
-25
42
53
0
-23
23
34
-14
-33
-7
47
45
-27
-44
13
59
6
-46
10
70
-10
-103
-53
93
89
-52
-137
-30
155
80
-105
-151
2
160
61
-137
-101
66
91
4
-80
-69
27
113
29
-120
-81
91
141
-50
-139
-17
89
61
-38
-36
43
19
3
7
-10
0
50
34
-48
-40
44
32
18
24
-16
-47
-25
31
84
-28
-74
-17
39
11
-21
-4
19
-31
-39
-17
-15
36
44
-40
-69
-12
73
35
-112
-49
99
64
-92
-96
76
130
-7
-145
-53
104
125
-26
-173
-17
181
103
-98
-161
48
156
18
-115
-40
65
60
14
-20
-74
0
108
50
-118
-102
70
118
14
-95
-85
35
84
-25
-63
-9
44
-1
-67
-27
23
30
-7
-21
7
-33
-43
19
62
28
-38
-55
8
55
4
-16
24
16
-57
-10
77
60
-20
-62
4
40
42
6
-47
-33
67
71
-34
-73
-6
81
52
-61
-114
-1
129
69
-103
-145
33
167
15
-154
-99
76
175
-36
-179
-47
144
100
-86
-120
-24
110
92
-83
-139
14
168
41
-129
-83
58
78
25
-53
-14
48
3
-11
-5
24
24
13
-30
-21
19
41
-10
-3
56
8
-61
-47
45
69
4
-76
-74
18
67
15
-25
-50
-12
19
-47
-8
43
-1
-42
-45
18
68
-2
-81
-20
74
48
-69
-77
79
108
-43
-121
-10
136
99
-118
-136
93
135
3
-96
-81
55
127
6
-92
-36
52
71
33
-57
-88
23
137
22
-126
-78
93
95
-20
-74
-61
32
48
-25
-8
4
-40
-43
17
36
2
-34
-46
16
59
-48
-115
5
167
55
-143
-102
56
131
48
-111
-37
72
36
-33
-27
46
57
-20
-41
-15
40
48
-19
-45
-13
28
49
-1
-58
4
41
5
-61
-53
44
104
-28
-172
-2
156
50
-146
-132
85
139
-42
-131
-13
88
53
-54
-98
-31
95
79
-54
-135
2
122
58
-72
-87
17
71
53
-56
-24
29
32
13
4
-1
9
5
14
-5
-21
3
40
36
22
-17
-74
-38
73
88
-18
-124
-63
81
89
-28
-72
-35
43
15
-101
12
82
8
-90
-65
67
81
-49
-101
21
120
9
-163
-40
169
129
-124
-187
70
190
54
-165
-102
106
129
28
-95
-119
55
152
25
-137
-82
84
149
19
-146
-94
126
167
-75
-209
-1
182
54
-102
-100
28
103
-59
-88
45
59
-49
-62
10
31
-20
-17
-10
7
0
-29
-17
2
32
27
5
-57
-41
68
86
-13
-51
-46
14
73
70
-28
-54
-12
46
58
-12
-49
-2
29
46
18
-48
-74
37
121
-4
-133
-64
79
116
-14
-151
-104
155
149
-125
-190
27
201
35
-179
-91
124
100
-62
-97
-16
62
45
-5
-59
-44
28
74
12
-64
-51
12
100
28
-86
-5
65
22
-34
-18
50
52
-30
-55
31
53
3
0
8
5
-5
-24
-31
11
72
10
-89
-59
41
72
4
-66
-66
37
0
-59
21
61
2
-78
-42
43
49
-31
-62
5
75
-17
-98
12
133
42
-152
-110
128
164
-39
-186
-23
168
110
-71
-162
7
156
61
-98
-80
42
94
41
-30
-93
-14
97
65
-85
-108
52
108
-12
-66
-27
17
8
-40
1
68
-28
-81
-15
48
11
-46
-24
25
32
-24
-82
-45
91
107
-20
-105
-75
60
136
24
-102
-82
61
95
38
-68
-42
75
61
-25
-82
13
76
28
-50
-41
48
32
-22
-10
35
3
-44
-33
21
60
5
-60
-87
38
122
-16
-146
-53
112
98
-67
-114
4
109
27
-69
-69
-1
77
23
-60
-55
34
77
11
-65
-71
19
87
34
-55
-18
43
11
-15
-1
38
29
-24
-29
27
34
-19
8
60
29
-83
-86
67
110
-9
-121
-80
81
95
-52
-89
4
54
2
-89
-20
70
13
-34
-56
-10
63
-5
-46
-17
33
30
-49
-73
48
132
4
-150
-62
123
126
-68
-150
7
149
105
-59
-158
-20
139
100
-66
-113
-22
123
131
-78
-185
8
212
67
-188
-127
110
145
-28
-113
-60
55
69
-39
-32
-29
-11
12
16
-29
-49
18
51
-10
-36
-59
-22
18
56
37
-16
-44
-55
48
116
5
-101
-34
45
54
31
-23
-19
31
33
-30
-28
38
21
-14
3
10
46
-26
-56
39
86
-42
-109
-23
138
60
-120
-140
56
177
-3
-187
-95
147
140
-87
-161
25
130
22
-83
-56
-2
45
38
-23
-69
-2
73
46
-31
-61
-35
58
92
-7
-63
-4
50
14
-8
-22
43
53
-14
-62
7
65
14
-15
13
20
-28
-58
29
53
22
-51
-61
7
2
9
36
-12
-66
-26
6
24
8
-38
-20
13
14
11
-39
-33
39
30
-15
-80
-10
89
82
-50
-143
-11
175
126
-146
-203
85
231
65
-199
-158
145
187
-32
-150
-34
86
79
11
-57
-81
37
132
5
-138
-61
86
85
-27
-54
-32
17
-6
-47
38
35
-42
-55
10
21
-29
-10
22
23
-63
-44
12
13
44
23
-16
-50
-38
66
115
-39
-95
-9
95
58
-36
-67
54
85
-29
-73
0
85
44
-65
-34
44
43
-27
-48
42
52
-52
-79
10
76
38
-69
-105
15
121
22
-115
-73
72
105
-61
-129
21
120
8
-93
-51
30
43
14
-40
-37
5
59
-5
-28
-25
-18
28
76
-9
-42
4
52
25
-39
-27
30
57
-13
-45
-11
33
63
10
-17
-19
-43
13
39
31
-2
-68
-34
29
21
3
-23
-34
8
-24
-49
33
41
-5
-62
-31
55
38
-45
-65
35
74
-13
-131
-14
142
89
-108
-136
60
149
48
-95
-127
46
173
62
-165
-120
126
152
-60
-130
3
113
62
-45
-51
-22
20
86
9
-101
-61
68
100
-9
-110
-57
87
42
-69
-49
26
17
-17
-21
-35
-13
56
32
-54
-79
18
53
-10
-4
13
8
-30
-26
58
57
-10
-45
-25
28
58
2
-14
51
-26
-49
10
68
33
-67
-41
83
74
-69
-83
55
101
-33
-118
-31
102
85
-67
-126
-25
127
55
-109
-100
20
106
54
-92
-102
36
96
3
-83
-70
28
91
34
-87
-97
56
127
-9
-116
-54
78
88
-7
-93
-1
93
15
-55
-31
58
58
-21
-60
5
80
10
-54
27
57
3
-68
-46
51
62
-3
-78
-24
18
16
0
-2
-22
-42
-32
20
48
-23
-54
9
13
1
-9
-12
-22
8
45
-22
-85
34
102
31
-118
-89
78
152
23
-140
-81
97
155
-11
-170
-50
143
110
-70
-100
14
85
44
6
-95
-53
97
110
-72
-123
10
87
38
-23
-73
-23
73
-7
-58
-9
16
11
-13
-51
-13
36
37
-34
-46
-4
12
-40
-9
109
27
-113
-69
76
112
7
-79
-26
42
41
11
-10
5
21
5
-9
-30
22
70
-10
-90
14
79
22
-74
-30
99
45
-118
-109
109
153
-63
-196
-34
171
99
-124
-148
17
125
38
-74
-65
-7
64
36
-50
-82
10
73
35
-69
-86
57
102
-6
-88
-40
40
77
8
-26
-4
-13
-7
72
17
-56
-2
71
21
-50
-20
36
69
14
-34
-42
-15
24
46
-2
-26
-30
-24
12
9
10
-14
-26
-5
-22
-17
20
9
-13
-33
4
24
-18
-32
-16
27
50
-46
-68
31
86
22
-73
-67
38
108
34
-110
-94
82
176
5
-200
-73
176
154
-96
-176
24
158
75
-100
-122
44
146
43
-155
-130
127
152
-47
-133
-40
91
48
-71
-46
36
21
-14
-32
-50
5
40
-19
-18
6
-23
-28
15
39
3
4
-6
-36
-5
45
67
-15
-66
-50
36
112
44
-64
-55
35
67
-8
-32
-2
30
10
-16
11
10
-13
-1
34
-16
-59
-27
69
83
-54
-140
-29
165
86
-158
-170
66
218
4
-218
-72
147
113
-85
-129
-20
113
81
-69
-137
-9
151
64
-82
-104
24
93
35
-58
-34
79
23
-39
-30
36
55
29
-32
-41
8
45
12
31
-19
-25
14
27
-54
0
82
6
-92
-65
15
80
55
-60
-107
30
38
-34
-31
20
20
-40
-16
26
5
-55
-14
68
27
-123
-65
161
111
-122
-152
45
177
68
-114
-157
58
192
43
-150
-107
78
145
-11
-108
-45
86
89
-16
-75
-45
62
83
-24
-84
-43
62
63
1
-54
-46
20
16
-33
-27
38
28
-61
-70
23
80
3
-88
-23
64
-7
-103
-17
158
44
-117
-65
57
76
10
-34
-22
27
21
-15
18
25
34
-17
-30
0
40
52
-25
-58
18
54
15
-39
-32
47
53
-46
-100
24
117
13
-108
-79
52
103
-13
-118
-83
70
136
-32
-146
-16
97
58
-34
-104
-51
83
85
-60
-128
8
136
46
-92
-71
27
70
44
-26
-35
-2
20
38
10
-17
-12
34
40
-21
-21
12
12
41
23
-23
-53
-14
33
59
-4
-79
-49
31
55
12
-43
-43
-3
19
-49
-13
50
24
-34
-65
-25
75
51
-82
-69
76
76
-63
-85
55
105
1
-117
-50
104
132
-52
-152
14
167
61
-124
-111
67
134
16
-82
-65
46
89
22
-63
-68
34
108
0
-112
-55
74
91
-9
-80
-60
53
16
-26
-9
-8
-15
2
10
-27
-32
11
24
16
-47
-55
-21
53
70
-12
-64
-50
29
82
18
-39
-17
14
-7
11
43
52
-11
-66
-6
60
38
-8
-22
-36
25
45
2
-53
1
78
-3
-91
-38
77
74
-65
-102
-23
96
47
-68
-63
-16
45
55
-35
-70
-4
59
24
-27
-80
-43
110
100
-91
-165
43
179
30
-140
-109
73
150
1
-122
7
92
8
-37
-18
26
58
7
-24
-20
16
54
28
-40
-7
33
-13
-58
3
68
30
-41
-82
5
58
19
-37
-58
9
17
-43
11
50
-26
-57
-13
27
36
-30
-48
18
46
0
-96
-19
129
102
-97
-178
32
227
74
-187
-143
126
176
3
-153
-108
109
159
-44
-134
-29
129
93
-63
-130
8
140
50
-115
-111
57
120
6
-91
-45
50
48
-56
-62
34
35
-24
-42
-9
4
3
-10
-1
2
-20
-34
-26
38
72
-20
-64
-39
29
80
34
-32
-13
-20
11
56
24
-14
-19
-13
47
9
-1
5
-10
-5
36
37
-41
-45
29
85
-18
-115
-35
100
86
-54
-131
-44
145
91
-110
-135
19
153
24
-146
-65
83
65
-49
-37
-2
-19
34
55
-42
-79
11
98
50
-80
-106
28
124
22
-87
-2
46
4
-3
8
13
30
31
-18
-37
-5
53
33
-15
10
1
-58
-32
56
98
-54
-106
-14
60
38
-31
-41
-18
25
-53
-56
46
63
-57
-80
15
73
0
-68
-43
81
59
-86
-93
61
120
16
-117
-71
70
129
9
-145
-57
119
117
-9
-146
-63
131
129
-59
-123
-12
92
81
-38
-89
-25
95
79
-82
-110
43
110
8
-61
-67
7
64
-18
-49
3
26
-25
-49
4
26
22
-39
-41
27
25
-46
-66
58
98
-7
-86
-43
54
71
5
-36
-11
8
1
37
46
0
-17
-20
18
18
18
8
-13
-36
29
74
-7
-77
17
87
-17
-114
-25
117
63
-86
-134
23
130
45
-135
-108
55
139
7
-150
-87
109
106
-41
-100
-40
49
92
-28
-123
-17
104
60
-42
-67
-14
31
56
11
-25
-7
9
8
-5
15
14
44
14
-43
-20
39
24
12
3
32
-24
-60
-5
54
42
-27
-77
-48
29
70
22
-86
-83
37
61
-22
-47
4
24
-9
-27
-9
20
1
-26
13
46
-70
-93
91
140
-25
-160
-37
133
116
-48
-155
-19
155
102
-72
-164
31
152
54
-80
-97
20
124
78
-98
-132
47
150
17
-145
-77
107
91
-14
-73
-71
31
66
-19
-50
-26
10
38
-24
-59
-10
53
35
-36
-37
-8
-9
-36
41
62
3
-77
-58
74
110
-27
-93
-17
74
59
-25
-40
18
65
-13
-39
8
42
18
-35
-41
51
74
-40
-103
41
118
-27
-125
-31
124
64
-91
-126
3
148
31
-124
-78
67
95
-37
-95
4
63
30
-37
-67
-24
48
64
-24
-84
-29
90
74
-37
-89
-15
51
77
-11
-55
5
58
-6
-5
11
32
13
-14
-10
28
7
-10
40
30
-13
-62
-31
53
67
-16
-81
-42
56
11
-34
21
7
-39
-54
-18
48
40
-17
-64
-26
47
35
-51
-44
28
42
7
-75
-63
109
107
-52
-142
-8
155
96
-106
-138
32
137
68
-87
-128
23
159
84
-119
-137
65
152
61
-133
-131
64
163
11
-150
-87
77
126
7
-125
-78
65
64
-49
-41
11
13
-1
-33
-35
13
25
-9
-17
-15
-4
-20
2
43
22
-23
-47
-10
39
56
11
-18
-43
-20
43
70
2
-7
-14
-7
12
35
37
-24
-60
9
89
6
-92
-11
109
38
-114
-89
69
132
-29
-147
-55
123
105
-92
-131
15
100
20
-79
-51
55
45
-37
-42
22
-19
-16
38
19
-74
-43
96
89
-72
-125
10
157
54
-133
-47
115
41
-64
-55
54
91
13
-77
-62
66
75
6
-49
-19
39
-7
-47
7
63
34
-58
-91
-5
43
32
-2
-32
-47
-28
-7
54
15
-55
-38
21
47
-23
-75
5
70
31
-62
-87
23
127
57
-103
-122
52
155
35
-126
-80
83
115
28
-112
-71
90
106
-28
-103
-8
79
76
1
-96
-69
95
123
-73
-130
27
125
42
-83
-71
8
45
-29
-15
20
8
-41
-43
13
20
2
-47
-3
52
-17
-50
-47
31
94
14
-72
-67
22
113
29
-69
-37
19
49
23
-9
-19
41
11
-15
-22
10
50
-8
-34
15
32
-11
-56
13
106
9
-104
-73
57
111
-2
-135
-90
95
137
-41
-158
-67
117
103
-52
-119
-17
101
41
-59
-77
-30
81
52
-54
-86
34
102
10
-76
-54
31
63
39
-34
-21
0
11
23
27
10
-26
18
29
-18
-26
1
41
50
16
-58
-75
28
88
18
-74
-59
29
35
2
-37
-2
11
-39
-49
-9
40
30
-13
-72
-37
61
43
-53
-34
9
36
7
-80
-14
114
74
-89
-118
21
139
100
-125
-146
73
197
34
-194
-110
141
157
-45
-150
-20
128
94
-64
-117
1
122
68
-104
-99
21
87
45
-38
-81
-20
72
8
-58
-25
11
26
-20
-52
-33
49
43
-32
-36
-13
-17
-19
22
79
11
-104
-55
98
110
-53
-81
38
59
-39
-36
59
71
-17
-69
7
38
-2
28
18
-43
-8
56
28
-58
-31
56
62
-61
-114
56
145
-39
-164
-43
156
87
-125
-139
29
164
30
-127
-72
59
85
-21
-71
-40
3
75
37
-68
-78
58
88
-13
-88
-23
30
84
25
-75
-8
49
32
-32
-12
27
65
20
-67
-21
59
24
-34
28
59
-20
-102
-37
108
123
-84
-177
13
138
36
-95
-63
12
27
-17
-7
9
-30
-34
9
29
-1
-40
-10
28
10
-4
-58
-26
69
73
-15
-89
-30
40
101
21
-146
-75
171
151
-97
-186
42
176
40
-132
-81
61
116
45
-95
-121
32
162
35
-170
-92
120
120
-37
-95
-53
45
40
-41
-4
3
-12
-18
-21
-15
16
27
-8
-9
-35
-26
17
6
-2
15
25
3
-77
-25
99
80
-55
-76
19
74
18
-26
41
6
-49
27
44
7
-14
-26
16
41
18
-41
-35
68
67
-67
-111
13
119
58
-128
-127
70
150
-4
-155
-94
97
135
-32
-145
-24
86
39
-46
-59
-29
52
77
-25
-114
-12
97
56
-33
-76
-50
78
103
-52
-83
38
74
7
-58
-2
54
29
-18
-30
7
19
47
17
-22
-13
-8
8
-11
10
45
-24
-74
-37
48
59
-10
-74
-77
52
48
-35
-47
30
26
-49
-27
46
2
-26
-30
21
45
-37
-67
42
102
-17
-115
-33
118
109
-42
-168
-13
171
128
-132
-154
74
168
10
-150
-67
111
107
-22
-101
-42
75
87
-20
-97
-41
68
75
-8
-67
-44
18
36
-18
-15
-5
1
5
-37
-43
20
59
6
-40
-34
-18
15
-3
23
14
-15
-21
-24
38
62
31
-43
-80
25
99
7
-77
41
82
-35
-55
22
62
3
-73
-1
49
20
-22
-6
31
22
-41
-58
-15
70
60
-73
-139
16
162
23
-153
-104
105
150
-70
-161
13
121
41
-75
-93
5
88
51
-66
-108
22
109
30
-51
-79
1
85
56
-56
-51
58
29
-17
-13
28
48
10
-38
-35
45
36
-36
15
61
1
-84
-28
49
61
-9
-54
-26
-12
-21
39
65
-60
-97
21
75
3
-66
-33
29
28
-5
-23
-37
15
52
9
-42
-70
24
114
30
-90
-80
36
100
61
-58
-107
1
150
88
-92
-152
48
156
33
-125
-94
92
171
-27
-210
-45
193
123
-136
-177
70
176
-3
-101
-47
36
44
-23
-53
-6
43
12
-59
-51
-1
57
33
-32
-66
-16
52
4
-43
14
45
-8
-69
-21
79
52
-30
-33
-17
27
58
3
-24
18
-3
5
-10
12
42
-26
-34
8
50
-18
-36
1
70
13
-75
-76
24
123
10
-121
-86
72
108
-12
-110
-98
77
126
-53
-125
-2
97
28
-51
-69
-20
77
79
-66
-139
42
144
21
-112
-91
38
109
50
-66
-51
46
45
-5
-20
2
45
51
-40
-51
19
60
21
-18
-4
7
-11
-25
-9
39
28
-47
-57
39
25
-28
-11
-9
-9
-26
-25
48
36
-29
-65
-32
66
36
-69
-17
8
34
22
-68
-56
79
97
-27
-144
-34
160
149
-130
-207
71
233
41
-185
-118
119
161
-42
-141
-12
110
68
-28
-84
-26
86
83
-60
-117
-16
114
88
-46
-120
-44
79
35
-39
-36
2
15
-13
-57
-7
45
9
-2
-24
-47
-3
21
14
9
-24
6
13
-20
7
53
17
-36
-27
4
63
29
-4
-12
-5
2
-37
25
73
-15
-48
20
35
-24
-29
43
49
-50
-57
-20
53
83
-25
-98
-58
55
106
-22
-133
-52
109
99
-87
-124
28
104
20
-89
-81
26
127
18
-137
-80
137
103
-76
-120
22
86
52
-39
-68
57
73
-25
-41
29
51
9
-14
-12
2
9
23
22
8
-8
-31
-15
14
18
17
-24
-17
-16
-41
6
61
20
-93
-87
34
70
6
-66
-24
27
20
-15
-32
-11
7
26
24
-39
-83
43
107
17
-104
-85
78
147
-14
-168
-30
142
108
-40
-152
-33
163
80
-111
-84
68
92
5
-68
-46
25
79
40
-76
-76
43
75
6
-66
-40
15
19
3
-19
-22
18
-8
-42
-23
4
40
15
-35
-34
-9
16
-44
14
83
17
-80
-80
49
114
26
-58
-68
11
78
43
-18
-48
15
52
20
-51
-13
72
17
-63
-5
56
-6
-61
39
88
-52
-111
5
102
58
-86
-110
24
132
26
-130
-89
62
110
-30
-98
-17
75
28
-53
-38
-37
24
81
30
-111
-67
88
88
-32
-72
-39
35
91
21
-67
-8
40
19
-23
16
56
22
-41
-34
26
47
-2
-3
15
7
-15
-17
-13
23
46
-22
-71
-2
42
-5
-21
-7
-23
-2
-41
15
29
-8
-28
-28
16
25
-1
-33
-22
20
46
-42
-64
25
114
31
-125
-87
79
151
11
-171
-58
156
142
-70
-194
2
181
67
-111
-91
37
115
25
-83
-73
51
102
6
-115
-72
76
94
2
-73
-63
-3
44
37
-29
-65
-5
51
0
-90
-28
60
49
-30
-68
-26
17
3
36
48
-26
-99
-22
112
81
-51
-62
-2
66
7
-19
18
46
-12
-56
24
66
1
-44
-11
52
26
-35
-36
1
86
38
-99
-79
34
110
23
-114
-99
41
132
20
-130
-90
63
123
-3
-123
-43
69
48
-15
-56
-68
24
116
28
-127
-68
92
105
-41
-114
-29
115
88
-59
-86
35
73
13
-42
-11
58
40
-46
-1
36
-10
-12
33
63
-7
-73
-36
40
71
-10
-61
-23
-13
-6
45
39
-50
-67
-8
7
31
6
-26
-49
-11
26
14
-17
-17
-7
17
22
-42
-37
43
86
-10
-122
-28
125
124
-80
-154
-7
183
112
-129
-162
60
176
28
-147
-92
97
158
-21
-154
-59
122
118
-59
-124
-52
85
103
-24
-105
-41
60
43
-24
-43
-30
38
11
-46
-56
42
74
-14
-80
-26
43
-9
-26
41
30
-15
-26
-20
25
43
10
-20
-28
-15
63
71
-45
-31
11
28
17
-11
7
1
-18
33
33
-48
-34
51
65
-46
-69
-3
29
20
21
-18
-98
-11
120
37
-133
-88
77
99
-33
-102
-6
82
23
-69
-54
16
51
26
-58
-73
44
79
0
-59
-36
-5
71
56
-70
-50
79
49
-37
-41
35
84
8
-76
-41
47
40
25
-12
-29
6
29
10
-43
-10
53
-8
-73
-31
44
54
-25
-70
-31
28
20
-4
-33
-10
3
-23
5
20
-36
-37
30
57
-18
-114
-23
153
95
-130
-133
58
147
73
-130
-120
64
176
51
-183
-124
146
184
-66
-177
3
132
82
-52
-105
-26
102
107
-53
-138
-23
127
95
-64
-121
-9
82
11
-69
-28
34
37
-21
-68
-36
66
62
-53
-58
-4
14
-14
-10
44
59
-38
-90
-15
99
80
-39
-56
-27
46
52
5
-18
12
-11
13
17
12
-9
-17