#4
194
67
-25
78
216
135
-93
-110
162
312
147
-115
-136
111
284
139
-83
-12
174
142
-65
-51
205
302
64
-181
-77
213
357
152
-147
-150
138
340
210
-67
-88
97
222
143
33
10
64
110
90
21
67
182
152
-35
-75
106
224
128
-59
-27
170
206
41
-87
34
228
226
-1
-120
37
212
170
38
5
57
96
66
46
85
156
97
-20
-33
147
251
89
-99
-54
175
251
107
-68
-43
150
226
77
-47
10
201
212
-5
-106
62
316
241
-85
-249
8
375
289
-57
-174
7
206
163
15
-15
85
76
-21
-10
159
217
33
-146
-69
219
283
19
-186
-42
189
214
24
-79
29
168
154
-19
-74
33
183
183
-10
-105
11
178
156
-22
-66
110
189
-1
-129
31
260
201
-96
-217
42
320
207
-89
-215
-16
262
201
-30
-139
44
158
41
-72
38
180
80
-128
-104
133
210
60
-69
-49
27
83
73
54
81
63
-23
-62
30
176
196
29
-154
-79
177
269
80
-138
-97
105
238
111
-34
-61
33
108
81
29
55
55
40
-19
-3
109
139
18
-92
19
200
113
-81
-82
99
232
82
-122
-71
99
159
98
-9
-44
29
79
69
47
56
59
12
-2
34
144
123
-13
-81
15
166
184
23
-90
-41
137
216
47
-105
-21
180
185
-61
-145
103
322
145
-252
-241
180
403
135
-241
-232
100
277
135
-93
-103
54
99
10
-6
81
105
-27
-127
10
200
176
-28
-154
-63
159
231
22
-151
-38
144
153
2
-98
-25
142
156
-12
-140
-23
163
127
-62
-52
109
83
-56
-67
118
213
42
-224
-122
185
279
22
-209
-156
107
282
91
-175
-140
97
170
36
-103
-40
99
108
-64
-139
32
204
138
-91
-208
-41
197
205
8
-170
-91
106
136
47
0
34
44
-48
-52
115
223
50
-201
-123
165
291
73
-224
-161
133
259
46
-134
-62
132
146
-28
-135
12
168
99
-59
-80
33
132
71
-46
-21
60
84
8
-68
-8
139
143
-36
-125
-46
138
170
17
-114
-69
96
177
98
-53
-90
-2
98
108
49
8
-27
9
70
97
40
-8
12
65
65
-7
-38
88
180
57
-132
-124
96
208
84
-67
-115
-18
102
128
31
-46
-59
-13
34
83
77
-4
-79
-59
56
123
95
-16
-105
-32
72
109
49
-29
-54
24
93
63
-68
-87
99
159
-3
-143
-80
131
182
17
-105
-34
47
45
11
25
58
56
-36
-99
7
131
97
-56
-153
-27
156
146
-38
-147
-42
81
62
-23
-29
23
31
-20
-64
-23
93
134
-20
-197
-118
115
227
62
-135
-161
0
156
116
21
-43
-52
0
41
83
81
22
-108
-82
97
191
83
-125
-177
38
201
101
-79
-107
31
89
33
-35
-9
43
43
2
-12
-8
44
47
0
1
32
54
1
-71
-18
121
137
-34
-139
-69
100
175
53
-125
-117
73
182
109
-80
-105
24
115
62
-25
21
55
14
-29
21
84
94
1
-52
3
51
48
52
52
49
-59
-104
27
167
147
-35
-149
-108
53
175
121
-61
-183
-92
137
188
24
-132
-145
24
150
115
-37
-104
-18
75
51
-12
3
11
13
12
18
26
-15
-34
18
80
38
-62
-86
24
107
59
-8
-60
-50
22
82
58
-10
-47
-24
-19
12
53
66
-6
-114
-69
81
131
26
-95
-133
-5
112
65
-36
-90
-24
44
-2
-34
-14
67
90
-83
-187
-60
193
253
-77
-297
-127
196
264
30
-166
-134
47
140
71
-9
-29
-30
-2
31
64
72
-9
-84
-27
72
86
21
-50
-34
31
29
0
-9
28
33
7
-5
-38
14
69
45
-14
-17
24
25
-23
-48
57
120
11
-102
-60
69
124
46
-47
-76
-11
83
130
7
-74
-49
35
79
41
40
-1
-39
-10
48
77
48
14
15
-37
-29
16
108
112
-2
-109
-101
49
175
91
-62
-125
-60
43
107
78
-16
-120
-93
54
124
60
-43
-108
-71
36
135
82
-62
-111
-15
60
68
34
-29
-48
-2
41
59
-25
-85
20
108
53
-84
-109
41
119
40
-65
-31
12
7
-15
13
49
36
-52
-61
-2
72
73
-18
-134
-63
90
93
13
-106
-95
6
90
62
-54
-95
-2
41
2
-55
-12
66
65
-74
-173
-58
169
202
-41
-252
-113
137
222
57
-133
-146
-3
140
127
23
-67
-71
-28
60
110
57
-60
-115
-16
115
86
-38
-59
-18
50
36
-9
-34
-29
54
62
15
-62
-67
43
90
53
-43
-78
23
68
8
-30
27
52
-10
-89
-39
84
139
34
-126
-128
67
191
75
-126
-104
54
123
32
-13
0
18
-26
-2
67
71
28
-22
-21
-1
20
44
82
63
-62
-140
-11
173
141
-37
-145
-106
46
159
99
-61
-152
-102
66
154
56
-89
-108
-42
82
110
13
-108
-49
55
56
6
-13
-5
-5
13
28
-9
-31
-16
51
61
-23
-68
-35
47
74
2
-12
12
-43
-79
-1
123
119
-60
-188
-46
135
136
-28
-152
-69
48
84
33
-49
-39
-21
-34
-34
38
86
-17
-112
-73
35
63
-7
-25
14
-44
-99
-29
93
126
-8
-139
-119
31
148
105
-40
-119
-74
69
132
62
-66
-91
-17
80
85
37
-54
-87
-7
65
46
-15
11
9
-36
-38
9
47
17
-29
-13
31
29
-32
-32
30
62
31
-48
-60
-5
46
45
36
-22
-53
-28
41
48
44
11
-47
-57
20
88
78
-5
-75
-48
33
104
93
-11
-104
-46
76
116
21
-53
9
50
-3
-47
35
143
69
-104
-145
23
181
115
-47
-137
-79
49
138
31
-59
-70
-57
10
71
70
-7
-93
-93
19
151
75
-96
-116
4
96
66
-35
-57
-7
59
39
-31
-55
-5
72
62
-49
-70
-7
35
19
-8
20
40
-34
-104
-32
107
117
-31
-150
-66
98
121
-15
-83
-69
-8
40
39
32
-20
-79
-106
-7
107
72
-46
-117
-57
16
41
0
-17
32
-13
-139
-107
107
204
41
-220
-207
53
256
132
-126
-219
-22
179
113
-20
-85
-53
15
51
54
49
-7
-83
-43
27
63
23
-18
-34
5
23
0
-13
-6
27
21
-2
-50
-19
52
53
21
5
-43
-42
16
23
24
13
6
6
-42
-30
24
106
79
-114
-144
28
210
113
-106
-157
15
127
87
-23
-30
-12
21
30
44
28
8
18
28
-30
-40
29
139
105
-114
-191
0
224
149
-65
-188
-74
58
103
49
-34
-65
-61
-42
68
108
26
-108
-151
1
148
113
-59
-125
-60
51
96
36
-14
-56
-59
36
85
7
-105
-45
110
97
-77
-168
-7
151
78
-84
-45
22
-22
-42
13
105
52
-117
-134
15
150
78
-92
-154
-50
95
126
2
-94
-85
-24
27
25
31
-26
-78
-48
7
6
16
18
18
-47
-104
-60
85
147
4
-165
-124
70
156
63
-82
-91
-43
36
100
76
2
-74
-74
-19
77
130
29
-101
-133
17
153
105
-56
-136
-42
74
78
-14
-68
-22
42
79
-14
-86
-24
64
69
-2
-41
-21
-6
-9
3
60
51
-32
-77
-66
68
146
46
-135
-120
61
165
70
-68
-108
-22
98
84
11
-16
-10
10
4
39
47
22
8
-34
-35
14
73
70
30
-61
-97
-9
126
104
-15
-94
-80
-24
65
99
32
-80
-138
-43
128
123
-47
-158
-80
86
126
26
-89
-61
4
27
8
9
14
17
-1
-4
7
-10
-40
16
82
14
-85
-99
17
101
66
-37
-56
-34
-15
27
66
35
-34
-85
-57
51
98
13
-78
-93
-3
76
38
-47
-38
17
-20
-65
-5
60
29
-80
-112
-9
74
41
-31
-37
-42
-54
-47
49
137
16
-137
-129
23
130
90
-23
-101
-92
25
112
92
-7
-69
-79
-8
79
113
23
-121
-107
42
134
79
-60
-103
-11
62
16
-44
-16
33
25
4
-29
-54
5
59
59
-9
-53
-2
7
-48
9
118
57
-95
-139
17
139
93
-55
-118
-35
74
102
26
-59
-10
4
13
29
41
39
-28
-56
12
80
75
15
-25
-16
-10
10
69
60
40
-14
-94
-63
60
135
74
-81
-145
-64
96
143
12
-92
-122
-34
75
121
29
-106
-137
-14
140
109
-44
-121
-50
46
77
15
-40
-24
-3
30
37
9
-46
-64
30
93
24
-93
-123
55
150
45
-78
-116
-27
73
65
10
-17
-35
-53
-20
24
60
24
-64
-109
-10
90
60
-36
-83
-57
0
40
21
-8
-36
-55
-39
-11
22
53
34
-64
-145
-76
110
160
-13
-172
-114
49
122
73
-18
-68
-69
-12
75
90
26
-73
-75
-7
83
94
10
-105
-73
41
94
33
-36
-37
-17
7
17
26
2
-27
-3
55
3
-75
-60
67
132
12
-124
-72
58
76
-10
-16
29
7
-55
-47
29
116
59
-77
-121
7
143
110
-35
-138
-56
98
117
28
-31
-51
7
31
66
63
1
-25
-15
-22
-4
55
104
62
-63
-146
-34
149
132
-5
-119
-92
24
75
52
11
-61
-95
-43
57
117
18
-87
-109
-20
91
97
-18
-98
-66
27
66
7
-2
-16
12
12
-14
-6
-37
-2
31
40
-18
-83
-44
71
73
-19
-36
-12
-8
-17
-7
49
66
-30
-111
-66
62
122
31
-130
-144
26
116
58
-34
-97
-88
-4
84
57
-38
-96
-52
17
6
-8
34
35
-41
-150
-78
99
166
18
-171
-127
40
123
92
-23
-87
-54
-4
49
85
54
-43
-107
-61
73
163
59
-102
-152
9
119
95
-20
-106
-37
38
19
-5
-17
17
7
-13
2
-20
-26
35
57
30
-46
-46
-10
22
26
28
37
-3
-81
-62
38
110
49
-68
-99
16
97
77
-6
-86
-32
51
76
34
-9
-8
-28
2
48
70
61
-6
-66
-56
47
79
53
31
-27
-101
-34
107
110
-3
-86
-80
7
30
18
41
36
-68
-147
-22
153
149
-69
-238
-97
175
221
-10
-231
-126
104
167
10
-124
-29
55
43
-32
-46
-5
43
55
-25
-77
-39
38
43
19
-44
8
38
-35
-77
-4
84
84
-33
-157
-83
105
159
2
-155
-109
47
73
18
-32
-32
-78
-32
49
71
-13
-99
-77
2
61
7
-58
28
42
-88
-149
9
189
118
-131
-207
-52
138
161
19
-122
-110
-13
103
122
4
-77
-74
0
78
103
-2
-114
-49
22
63
44
3
-12
-52
-36
0
40
48
-12
-50
8
34
-22
-24
6
58
43
-28
-89
-31
42
44
59
0
-66
-50
7
50
66
19
-56
-80
19
115
82
-46
-83
-35
68
49
49
45
-12
-93
-36
97
142
45
-90
-97
28
77
51
20
4
6
-36
-48
27
102
58
-29
-130
-99
57
153
63
-112
-155
-23
97
91
11
-74
-86
-28
44
82
31
-53
-67
-32
5
61
62
-10
-63
-21
24
45
-10
-50
13
80
19
-112
-86
77
119
-1
-68
-21
-19
-25
15
49
45
-29
-83
-37
59
77
-11
-98
-85
10
79
46
-22
-42
-43
-69
-6
78
58
-57
-125
-60
47
56
7
-30
-33
-70
-51
18
102
59
-94
-168
-23
130
131
-5
-125
-78
46
83
45
5
-23
-57
-70
39
149
95
-114
-164
17
132
68
-42
-71
-13
45
38
-24
-36
-2
36
47
-9
-72
-50
45
102
47
-70
-107
-10
75
37
4
5
-7
-23
-31
23
45
47
-12
-65
-43
50
128
39
-92
-95
9
122
73
3
-43
-56
30
108
56
-20
-40
12
38
-29
-21
87
127
28
-167
-138
102
204
43
-136
-127
-7
90
88
0
-56
-73
-72
17
110
83
-63
-155
-92
100
186
30
-184
-139
55
155
48
-113
-79
66
120
-19
-117
-47
63
93
8
-69
-79
-23
50
67
9
-15
-15
-64
-55
29
104
55
-45
-132
-79
80
154
13
-160
-139
45
140
47
-63
-108
-48
31
34
10
-26
-29
-40
-36
-19
-3
21
44
16
-125
-129
42
186
89
-186
-200
38
171
86
-49
-76
-44
27
47
30
32
-15
-54
-31
39
72
42
-52
-74
-13
63
60
7
-31
-39
-12
10
17
-7
-26
10
52
22
-62
-42
17
48
65
-19
-58
7
5
-17
10
89
29
-85
-108
9
158
100
-81
-153
-35
158
147
-7
-121
-85
55
125
59
-28
-50
-15
25
59
47
10
-1
3
-7
-36
11
104
101
-31
-150
-90
121
170
3
-89
-92
-49
34
108
75
-41
-125
-108
42
155
68
-101
-158
-61
114
144
-3
-120
-74
32
56
28
-21
-1
14
-14
-23
6
7
8
18
15
-9
-56
-38
37
47
21
5
-33
-55
-42
31
81
65
-36
-134
-64
86
116
-6
-102
-98
10
78
50
-38
-61
-41
-27
-34
56
66
-39
-98
-87
2
68
49
-3
-51
-88
-71
33
106
82
-75
-163
-53
93
124
55
-57
-115
-60
50
147
82
-78
-134
-25
92
128
17
-105
-91
22
82
37
-18
10
-3
-45
-32
53
61
-44
-80
25
97
-2
-88
-46
80
134
-16
-150
-63
60
60
22
9
2
-36
-50
-11
61
77
9
-111
-70
72
148
39
-90
-94
10
91
87
31
-63
-69
25
87
73
15
-62
-23
48
19
-24
21
92
59
-95
-118
22
167
103
-95
-142
-45
70
121
35
-72
-129
-48
56
120
62
-82
-136
-39
90
120
14
-123
-101
34
98
36
-34
-40
6
35
-1
-16
-26
14
40
9
-28
-36
-15
12
9
0
41
50
-42
-120
-29
112
131
-36
-160
-73
71
136
9
-120
-115
7
75
37
-7
-9
-64
-108
-20
116
89
-82
-161
-28
69
30
-42
-9
26
-56
-104
-24
117
123
-85
-187
-52
126
117
-9
-61
-37
-31
10
75
72
13
-87
-93
20
130
100
-63
-131
-68
72
119
21
-72
-70
-1
57
31
-24
-42
-3
48
12
-27
-41
-4
66
70
-20
-82
-44
44
39
20
38
-10
-58
-46
25
68
55
-4
-66
-51
30
113
68
-41
-93
-37
55
112
62
-65
-72
46
105
34
-36
-10
62
4
-67
-37
130
157
-15
-184
-105
120
175
11
-123
-76
33
17
0
48
32
-29
-101
-72
64
133
33
-132
-153
29
168
85
-86
-147
-45
94
100
11
-65
-72
11
35
51
-7
-80
-15
74
50
-58
-117
4
102
50
-49
-28
-26
-19
4
45
31
-37
-43
-24
-13
46
70
-16
-135
-83
67
98
11
-91
-95
-21
29
48
11
-49
-69
-32
9
17
17
0
-26
-79
-77
8
98
100
-31
-167
-62
85
97
32
-51
-61
-51
25
95
76
-10
-78
-81
22
113
105
-21
-137
-63
70
99
36
-55
-51
8
-2
-12
-13
28
36
15
-13
-48
-15
23
29
23
22
-10
-36
-33
-11
52
62
9
-49
-67
0
93
82
-24
-106
-44
72
124
53
-94
-98
-2
106
78
12
-19
-35
-3
42
55
54
2
-47
-32
11
41
53
34
24
-51
-70
8
116
72
-47
-86
-50
10
36
83
38
-88
-150
-26
119
125
0
-155
-145
58
172
71
-114
-126
6
66
45
11
-12
-29
-22
36
41
-20
-60
12
57
9
-68
-53
34
49
-15
-19
42
17
-78
-80
53
148
31
-151
-127
31
145
69
-105
-155
-14
129
61
-50
-50
-46
-55
-35
70
98
-35
-130
-117
45
117
21
-54
-60
-46
-44
13
81
65
-61
-132
-43
88
90
-6
-30
-22
-19
2
46
58
18
-63
-52
8
73
85
-27
-97
-40
48
57
-13
6
23
-10
-65
-43
44
73
16
-53
-46
3
26
30
19
9
-23
-51
22
51
-26
-54
51
82
-17
-89
-74
82
133
5
-119
-81
49
134
53
-64
-87
-11
58
83
39
-9
-37
-42
23
93
48
-13
-21
11
-5
-13
57
98
29
-79
-125
-4
156
127
-30
-155
-107
47
112
52
-11
-64
-98
-40
65
125
17
-109
-128
6
162
79
-86
-137
-1
79
40
14
-28
-24
-4
18
24
-5
-25
16
39
1
-44
-51
9
62
29
-25
-41
-19
0
8
34
37
3
-35
-76
-18
39
69
10
-107
-94
26
117
74
-82
-137
-66
47
85
44
-55
-108
-74
20
71
14
-36
-12
-20
-71
-65
22
123
60
-152
-146
37
166
80
-81
-115
-6
54
69
30
-3
-29
-75
-37
87
140
6
-143
-106
54
128
60
-76
-78
-13
57
32
-20
-27
-29
37
65
-29
-82
-23
64
107
6
-105
-58
41
47
5
-3
3
-13
-40
-32
45
82
25
-85
-62
38
113
54
-64
-66
4
52
51
44
28
-36
-62
13
90
95
-19
-49
9
9
-11
29
107
73
-95
-145
12
186
104
-86
-140
-50
78
97
-26
-56
-4
-21
-46
17
74
69
-55
-166
-64
135
156
-14
-146
-92
39
108
56
-55
-63
9
68
18
-41
-73
14
75
33
-55
-89
-9
67
21
-4
21
-20
-74
-68
34
144
62
-127
-155
11
151
77
-81
-157
-48
81
64
4
-24
-63
-76
-20
68
70
-23
-96
-78
-9
32
16
-3
-3
-51
-91
-36
66
124
-4
-134
-81
50
79
33
-4
-59
-79
26
105
78
3
-81
-90
23
125
102
-49
-135
-79
70
140
25
-63
-57
-14
18
20
14
-31
-37
35
104
-27
-125
-46
109
125
-35
-125
-11
81
2
-38
20
55
27
-80
-83
49
137
50
-116
-123
28
181
104
-95
-148
11
133
49
-23
16
58
-12
-85
7
110
88
-34
-84
-27
78
85
56
-3
-65
-87
24
146
65
-75
-82
-16
2
20
72
37
-70
-128
-51
104
139
-6
-147
-112
37
147
79
-83
-130
-26
67
67
5
-40
-19
23
25
-20
-26
-22
36
49
-3
-48
-42
-12
36
42
20
-7
-38
-66
-12
66
39
4
-28
-50
-24
26
62
-17
-81
-59
16
45
45
10
-53
-96
-61
50
118
17
-128
-141
11
102
43
-41
-54
-27
-45
-28
10
87
53
-89
-117
22
70
65
20
-50
-76
-31
79
110
34
-69
-114
-17
117
147
-7
-160
-102
84
133
17
-65
-38
5
-1
-11
-5
14
24
-13
-6
14
-24
-30
1
67
65
-59
-72
-7
34
33
33
2
-44
-45
-12
36
70
30
-43
-57
1
66
75
-3
-41
-24
-13
24
111
86
-50
-132
-23
145
119
-46
-76
25
50
-12
-23
77
117
-13
-164
-91
144
168
-11
-127
-87
-3
69
61
22
-47
-100
-62
45
128
58
-90
-161
-64
132
154
-4
-126
-105
17
123
66
-60
-72
-33
70
94
-28
-108
-63
97
125
-28
-136
-69
84
108
-4
-60
-46
-10
16
1
20
49
-6
-72
-61
32
89
39
-81
-119
-8
71
57
-20
-95
-61
-3
50
50
-17
-100
-61
-17
42
39
-7
-12
-81
-48
-13
13
67
42
-87
-121
14
113
75
-25
-79
-55
37
59
50
15
-29
-66
-37
36
106
71
-61
-109
-30
59
88
43
-38
-94
-53
52
92
-1
-89
-19
55
44
-59
-61
58
98
14
-99
-75
60
54
-13
2
27
16
-39
-53
7
86
74
-27
-100
-57
75
148
38
-112
-113
42
123
109
4
-98
-58
35
92
56
-7
-26
15
27
-20
-3
87
98
-36
-141
-45
152
119
-32
-113
-57
39
53
10
-18
-17
-44
-56
4
96
71
-51
-143
-66
99
125
8
-111
-99
-2
85
105
-17
-94
-32
66
72
-29
-125
-21
131
87
-104
-129
4
111
54
-63
-68
19
37
-13
-34
2
66
6
-80
-72
28
83
52
-61
-153
-34
106
108
-38
-130
-59
16
64
0
-40
-34
-57
-54
29
43
19
-13
-45
-100
-74
52
133
33
-145
-109
67
117
13
-45
-8
-8
-32
9
75
70
-18
-107
-79
77
156
47
-133
-126
49
95
23
-32
-23
13
-1
-11
-28
-4
26
18
30
-7
-56
-14
15
51
52
-24
-62
-6
36
15
14
28
-27
-64
2
43
61
10
-51
-33
29
46
39
-4
-25
-10
0
14
68
77
8
-101
-68
89
152
46
-85
-75
34
61
17
12
85
27
-126
-106
99
185
-2
-144
-104
33
101
36
-14
-40
-61
-51
26
94
74
-65
-162
-39
126
132
-41
-144
-48
53
57
-6
-5
31
8
-34
-26
29
22
-25
13
6
-10
-16
-21
-13
13
28
29
1
-53
-62
-7
89
65
-35
-88
-56
53
91
15
-94
-113
18
71
24
-14
-35
-63
-54
14
59
28
-31
-81
-82
16
48
44
17
-73
-117
-43
90
98
12
-122
-117
33
119
68
-26
-66
-38
10
38
69
45
-59
-109
-17
108
122
8
-95
-81
-1
68
64
6
-42
-44
-4
11
20
3
-20
-10
17
24
-8
-34
-6
43
56
0
-75
-21
10
29
46
25
-34
-53
-35
38
71
27
-25
-62
-38
50
87
55
-36
-72
-30
33
114
93
-29
-124
-54
82
141
75
-53
-108
-31
84
93
56
-18
-54
-56
-9
77
108
10
-82
-80
-24
30
57
70
-3
-110
-110
38
127
41
-72
-92
-43
52
88
54
-71
-102
-19
58
71
21
-56
-26
-4
33
49
-28
-57
-1
71
40
-68
-64
-5
61
36
9
-17
-59
-44
36
71
16
-65
-43
14
26
16
-2
-43
-42
-36
12
61
43
-35
-110
-83
46
103
21
-95
-124
3
70
19
-60
-20
54
-31
-128
-50
127
139
-68
-198
-66
125
124
30
-71
-120
-20
88
93
24
-39
-72
-76
35
148
114
-88
-192
-52
127
155
6
-131
-93
39
87
22
-58
-31
-6
61
42
-54
-77
15
110
54
-93
-89
54
91
-20
-84
0
97
38
-84
-103
58
150
36
-133
-117
82
186
34
-111
-89
14
100
88
36
-43
-77
-9
78
83
45
-28
-37
-2
2
33
91
70
-29
-122
-60
121
150
-18
-156
-65
58
68
-2
-35
25
-7
-104
-69
92
155
10
-196
-170
84
270
78
-213
-193
45
172
86
-95
-112
21
98
25
-78
-70
18
108
47
-76
-99
-36
76
73
-28
-68
6
27
-13
-27
14
47
19
-58
-90
0
98
58
-50
-123
-69
60
98
17
-69
-92
-54
55
57
-2
-68
-70
-41
-4
22
30
37
-16
-136
-112
48
170
64
-169
-156
60
140
13
-62
13
34
-32
-74
40
147
40
-136
-151
36
205
123
-112
-191
-42
132
143
-15
-90
-59
24
32
0
-1
3
-27
15
35
12
-44
-28
56
49
-26
-40
14
19
-37
-16
64
60
-45
-107
-36
85
136
16
-120
-97
63
154
67
-79
-96
22
77
60
35
-19
-50
-49
50
118
64
-25
-69
-48
28
66
80
40
-41
-88
-54
83
109
31
-54
-113
-49
48
110
64
-80
-127
-47
73
106
32
-82
-106
-37
74
98
3
-81
-56
3
25
16
35
23
-37
-32
30
38
-13
-44
15
40
14
-56
-70
35
73
14
-35
-3
-8
-22
-5
15
35
41
-45
-89
-37
70
94
-8
-119
-77
46
93
11
-65
-71
-63
-6
84
77
-38
-143
-85
63
87
-4
-60
-53
-11
-44
-40
70
114
-15
-168
-92
81
150
37
-70
-105
-29
66
108
31
-34
-64
-46
15
88
116
-10
-137
-110
58
144
73
-71
-119
-30
66
91
-14
-86
-36
76
67
-64
-107
16
110
87
-47
-102
-23
58
24
-2
7
6
16
-5
-71
-11
102
61
-61
-69
12
86
70
-30
-68
-34
44
79
68
12
-82
-65
42
108
75
-42
-42
25
19
-36
34
120
60
-116
-173
24
238
105
-137
-193
-19
150
90
-48
-68
-16
-20
-22
10
63
39
-53
-155
-39
147
167
-33
-193
-118
94
174
30
-123
-87
44
108
33
-86
-92
40
117
17
-117
-90
45
119
20
-67
-30
21
12
-41
6
57
43
-57
-91
-1
90
44
-46
-94
-41
19
44
29
4
-65
-119
-32
116
119
-61
-184
-92
68
84
-10
-22
-36
-71
-75
21
137
94
-117
-203
-10
180
80
-82
-79
19
44
-19
-9
79
64
-74
-137
-1
145
137
-37
-158
-72
84
126
9
-74
-54
9
15
9
10
-19
-26
43
41
-38
-67
11
89
75
-38
-106
-35
50
40
14
3
31
-16
-71
-27
70
77
-7
-79
-45
41
104
59
-35
-59
-23
17
77
71
-2
-61
-52
48
82
74
24
-49
-60
-8
48
97
66
-34
-118
-51
97
136
26
-107
-105
10
78
62
-33
-42
-19
-25
-44
26
95
61
-93
-173
-20
179
145
-59
-188
-81
89
130
25
-87
-54
35
48
30
-48
-77
34
105
9
-127
-73
56
98
6
-73
13
18
-30
-26
4
55
44
-43
-93
-45
67
92
-13
-122
-88
45
72
39
-35
-85
-83
-26
57
75
-9
-127
-97
17
98
51
-46
-72
-76
-19
16
74
52
-76
-111
-11
93
50
-22
-15
-11
-38
-15
67
94
-2
-97
-83
29
126
95
-34
-130
-48
50
85
26
-16
-31
-48
-19
38
56
16
-63
-43
57
48
-50
-80
38
122
48
-96
-93
42
77
19
-34
-23
13
7
-22
-22
44
65
6
-84
-38
98
120
-5
-102
-82
40
131
100
-27
-124
-71
44
163
119
-48
-121
-39
63
98
40
2
-17
-38
-43
26
114
47
-69
-97
-26
37
52
33
21
-39
-116
-58
92
113
32
-118
-167
-8
175
140
-74
-156
-59
57
106
13
-40
-36
-9
34
25
-12
-40
-11
46
31
-52
-73
12
76
12
-24
-14
-26
-17
-3
29
56
-4
-58
-56
-11
74
40
-41
-73
-51
11
24
42
41
-68
-145
-47
127
126
-32
-178
-131
40
140
48
-51
-91
-67
-16
32
44
41
-16
-97
-61
37
105
35
-49
-65
-30
51
67
51
-18
-39
-46
6
61
80
-5
-109
-46
63
54
-3
6
2
-39
-37
4
46
32
-27
-46
11
43
4
-35
-18
42
55
-18
-64
-41
26
76
45
-47
-52
-14
29
53
13
-8
-12
-20
-20
38
79
49
-39
-77
-33
100
122
29
-117
-105
57
172
89
-54
-114
-7
84
39
-7
38
65
-28
-134
-20
157
112
-73
-143
-27
79
56
-10
-28
-36
-46
-9
52
52
1
-58
-109
-30
118
102
-28
-110
-62
6
68
88
5
-94
-71
65
113
-8
-127
-28
75
62
-24
-102
-43
77
66
-13
-36
-23
-3
-14
11
40
56
-54
-93
-42
66
89
-20
-118
-71
61
95
3
-59
-58
-45
-20
18
54
8
-71
-102
-37
61
61
-2
-35
-79
-93
2
105
88
-49
-146
-62
96
94
-7
-62
-5
16
-43
4
107
72
-63
-133
-32
105
157
48
-148
-147
11
152
111
-43
-124
-65
51
90
9
-52
-61
21
83
9
-76
-50
46
90
29
-79
-87
45
81
5
-62
7
65
8
-106
-42
109
98
-43
-120
-35
121
151
-11
-128
-75
50
132
85
-15
-85
-67
21
114
108
0
-75
-58
34
64
59
45
17
-61
-96
37
127
71
-65
-96
-28
24
48
39
-1
-33
-85
-44
30
106
59
-64
-156
-69
122
146
-19
-141
-81
74
113
14
-76
-49
45
77
0
-84
-76
58
133
26
-138
-117
59
127
7
-82
-15
38
10
-60
-19
74
57
-50
-91
-19
62
60
-7
-73
-82
2
59
37
5
-56
-97
-65
37
107
21
-100
-135
-27
77
77
14
-62
-117
-66
45
96
46
-48
-129
-57
93
104
-18
-72
-29
29
4
8
66
57
-33
-115
-59
103
157
37
-142
-149
44
161
87
-97
-125
-8
108
74
-79
-98
27
120
53
-93
-133
23
144
79
-70
-112
10
85
14
-55
-27
50
80
-33
-108
-19
103
78
-39
-93
-24
87
124
38
-96
-111
-3
110
143
27
-103
-119
23
139
116
-12
-105
-19
68
27
-2
38
68
13
-123
-76
118
131
-14
-103
-70
12
36
41
37
-6
-103
-102
68
144
55
-114
-184
-19
175
125
-80
-160
-21
84
58
-23
-17
1
22
-6
-27
-3
-9
27
33
-14
-34
-19
-16
11
40
23
-9
-40
-59
8
48
37
-19
-50
-16
8
-4
49
20
-77
-103
-1
76
66
-2
-83
-110
-28
75
65
9
-101
-110
-1
62
37
-1
-31
-57
-81
-23
73
107
-20
-164
-81
99
121
15
-83
-30
14
1
18
47
60
18
-110
-101
51
196
91
-157
-182
3
137
123
-13
-101
-65
7
70
43
-40
-42
-14
55
44
-44
-82
2
117
70
-80
-107
16
87
31
-37
-5
13
5
-19
-28
26
70
13
-59
-53
59
125
43
-91
-96
6
97
99
14
-76
-61
34
96
56
-4
-26
3
4
-23
38
100
67
-91
-137
-14
163
127
-65
-102
-51
-2
72
57
-4
-39
-81
-73
47
116
30
-78
-134
-39
132
113
-19
-88
-80
-3
58
62
10
-29
-45
3
35
31
-69
-63
75
112
-35
-163
-57
147
121
-74
-125
20
107
-20
-93
-33
87
79
-59
-140
-1
130
62
-102
-127
-17
87
75
2
-67
-111
-64
50
104
22
-81
-140
-22
87
49
-38
-41
-36
-44
-29
40
70
22
-93
-97
36
101
29
-17
-41
-14
5
27
38
24
-10
-50
-54
42
113
73
-71
-125
-48
89
106
39
-53
-120
-30
90
73
-57
-81
4
69
16
-70
-34
53
84
18
-64
-88
44
67
-33
-43
43
79
-27
-109
-33
117
105
-17
-133
-61
109
140
2
-93
-34
14
15
55
107
34
-121
-123
94
190
61
-83
-109
-12
74
99
70
-8
-84
-111
6
160
104
-56
-113
-38
28
67
32
-11
-39
-53
-57
-2
104
89
-65
-168
-68
108
169
10
-152
-134
28
123
70
-49
-80
16
51
16
-45
-37
10
68
26
-68
-76
4
66
48
-23
-32
-15
-14
-14
-3
48
63
-24
-108
-64
67
101
-5
-92
-87
1
29
40
45
-21
-123
-114
33
145
48
-129
-160
8
101
30
-44
-18
-11
-70
-77
27
132
63
-129
-166
12
146
84
-41
-87
-51
21
37
60
64
9
-118
-94
62
165
96
-128
-192
1
149
129
-37
-113
-41
43
44
-11
-32
-15
29
32
-9
-30
-29
15
54
42
-19
-59
-28
22
7
32
55
-11
-61
-45
26
74
32
-47
-31
24
30
48
25
11
-49
-46
-11
106
156
12
-176
-136
117
238
62
-128
-114
26
100
47
5
30
15
-52
-67
47
114
39
-77
-112
-27
94
95
-4
-87
-109
-25
90
97
-1
-107
-100
-10
88
89
0
-69
-67
-16
43
57
17
-40
-47
10
60
18
-49
-47
54
61
-26
-71
-52
40
86
31
-60
-69
13
52
5
-27
-2
21
-13
-41
-32
28
41
-11
-68
-53
17
51
66
6
-126
-144
10
157
109
-97
-233
-73
156
122
-47
-117
-48
1
33
26
8
-44
-54
-19
18
17
35
30
4
-66
-48
40
101
63
-63
-86
-3
59
51
18
-27
-22
-28
-28
37
92
36
-69
-97
-18
81
77
-21
-100
-31
64
38
-43
-22
48
63
-22
-80
-11
44
14
-2
0
4
10
-23
-31
30
67
28
-52
-45
20
83
38
-31
-44
-42
6
91
132
14
-145
-115
92
207
78
-103
-119
25
109
52
-8
1
7
-43
-69
38
156
53
-102
-124
-46
69
100
44
-74
-121
-38
70
101
15
-69
-92
-33
40
107
57
-49
-113
-64
56
141
42
-109
-94
41
118
3
-130
-60
129
149
-65
-205
-74
159
150
-54
-126
4
68
15
-57
-40
72
81
-58
-140
-29
110
93
-53
-144
-53
69
81
44
-45
-128
-92
27
124
82
-94
-178
-58
112
103
-45
-81
-10
4
-55
-49
78
117
-64
-178
-31
123
111
-21
-106
-46
46
54
15
-7
26
-25
-58
-21
101
126
-37
-154
-87
78
159
33
-94
-108
-23
95
81
-27
-103
-32
99
77
-78
-124
16
149
95
-95
-148
10
134
36
-76
-26
55
28
-48
-69
30
106
45
-75
-81
39
97
55
-10
-64
-67
4
121
133
-13
-143
-85
113
182
57
-96
-110
0
93
74
14
2
-24
-47
-22
60
104
-20
-67
-14
2
-4
17
40
-11
-80
-65
21
84
68
-30
-117
-113
51
161
48
-84
-113
-40
71
99
33
-57
-49
0
62
21
-68
-43
68
87
-50
-113
-45
65
84
-14
-27
-13
7
-24
-47
18
77
13
-65
-90
2
113
84
-71
-177
-63
116
101
-35
-90
-57
-28
-10
62
72
-34
-134
-85
4
87
55
-7
-97
-129
-29
90
125
-9
-141
-104
73
115
-15
-67
44
43
-58
-82
50
158
44
-131
-163
40
203
125
-98
-205
-32
142
111
-9
-87
-30
3
2
-5
15
27
-14
-11
12
-15
-33
-8
64
53
-10
-81
-21
60
11
-4
17
8
-9
-48
-20
54
93
26
-68
-67
19
90
70
-5
-73
-54
18
110
108
-3
-99
-96
37
158
108
-30
-129
-52
67
103
71
-28
-66
-38
24
69
63
-12
-79
-29
17
11
13
23
29
-64
-108
-3
115
84
-43
-135
-90
58
150
39
-125
-99
31
82
18
-23
-9
-6
-11
14
15
-32
-19
21
39
28
-47
-74
-15
55
63
8
-46
-38
-36
3
47
61
-9
-90
-69
38
77
8
-50
-66
-16
18
5
29
38
-57
-133
-72
100
150
-12
-189
-152
47
157
59
-124
-120
-7
58
28
-26
19
-28
-80
-26
79
72
-23
-52
-17
14
12
30
58
7
-64
-56
43
95
73
-29
-109
-55
53
103
41
-50
-85
-28
27
65
11
-33
-31
24
40
-14
-52
-13
51
68
1
-62
-29
21
3
-15
31
59
-2
-85
-55
57
88
33
-43
-59
-8
84
76
-5
-53
-70
-10
110
133
24
-129
-122
69
197
83
-118
-104
52
71
8
42
70
-20
-119
-62
113
155
-27
-133
-22
59
39
-55
-19
47
0
-78
-53
49
122
34
-126
-167
18
176
86
-97
-116
-13
52
39
4
12
0
-37
-42
28
52
-36
-19
38
21
-24
-65
-7
72
29
-32
-23
8
-8
-39
-9
58
67
-30
-78
-56
32
95
21
-85
-95
-14
67
71
8
-95
-149
-30
120
131
-50
-180
-86
72
85
-15
-45
-33
-57
-74
26
138
44
-115
-161
8
174
76
-110
-92
57
83
-46
-82
63
138
11
-167
-119
112
242
54
-223
-182
69
214
75
-123
-121
12
77
32
-38
-57
15
55
16
-38
-54
-6
68
71
-22
-80
-12
49
15
-17
1
17
36
-13
-65
-34
88
104
-53
-127
-23
126
131
-31
-133
-36
42
106
76
-10
-59
-58
9
105
104
20
-78
-84
-4
95
142
25
-110
-115
19
151
92
-86
-105
15
76
16
-34
-18
36
1
-86
-64
43
122
59
-98
-187
-22
172
142
-63
-190
-78
117
166
-8
-130
-51
55
64
27
-63
-68
32
89
34
-81
-121
8
146
82
-83
-98
-5
47
28
-28
-15
43
22
-57
-49
17
48
6
-47
-69
-13
40
44
10
-77
-100
-30
66
105
-6
-145
-122
22
122
38
-90
-85
-19
1
9
39
30
-61
-97
0
85
40
-17
-20
9
-17
-47
12
105
78
-90
-146
12
150
124
-42
-170
-70
86
130
31
-79
-60
-4
10
26
19
3
-34
-12
43
9
-38
-39
32
79
21
-58
-43
35
17
-39
10
72
35
-66
-69
32
111
49
-46
-97
-15
99
98
-12
-63
-50
-18
70
145
53
-119
-139
40
209
109
-85
-133
0
95
56
14
20
-17
-58
-29
57
124
20
-103
-77
14
45
18
-1
8
-7
-54
-50
29
90
44
-100
-144
-3
162
95
-79
-134
-25
57
51
12
7
-7
-18
-16
12
14
-20
-1
49
46
-74
-105
-8
110
70
-67
-59
26
23
-20
-35
39
56
-19
-106
-41
73
77
-22
-100
-71
31
54
37
-8
-68
-110
-49
111
109
-19
-154
-146
23
133
48
-70
-67
-27
-14
1
30
46
-14
-98
-67
66
78
21
-17
-45
-37
18
33
71
37
-45
-89
-21
94
152
-22
-160
-63
78
57
40
3
-18
-52
-44
41
64
-11
-68
-11
66
49
-66
-94
35
138
62
-108
-107
21
92
65
-31
-67
-10
38
18
-36
5
74
34
-68
-73
43
142
24
-73
-74
-13
88
125
54
-96
-129
24
178
128
-70
-137
-3
90
53
8
0
22
-2
-62
-28
98
89
-52
-89
-19
45
25
-8
-16
-19
-44
-39
6
74
64
-42
-160
-61
130
163
-10
-144
-119
13
121
92
-20
-86
-67
59
102
-10
-132
-55
135
136
-70
-206
-61
181
134
-66
-133
-30
82
59
-37
-61
23
49
-21
-94
-5
97
31
-86
-118
22
91
45
-24
-93
-98
-20
86
101
-25
-169
-96
58
86
16
-52
-44
-40
-50
-3
75
75
-51
-124
-42
102
89
-13
-70
-25
23
4
14
45
28
-16
-53
-30
28
125
64
-93
-128
-23
99
111
11
-83
-82
2
67
55
-38
-64
2
74
-1
-90
-34
79
112
-12
-132
-65
104
104
-44
-99
5
100
36
-125
-57
130
118
-59
-145
-35
126
141
-22
-112
-21
56
40
53
53
-17
-77
-37
68
122
57
-58
-76
-23
54
108
62
-35
-99
-47
81
134
29
-104
-86
28
50
3
-37
30
34
-74
-92
25
126
44
-67
-136
-60
103
128
1
-93
-96
-19
101
78
-18
-69
-55
39
73
5
-95
-6
96
45
-71
-120
-4
112
66
-70
-45
24
9
-52
-7
54
34
-14
-81
-46
45
85
1
-102
-92
28
61
13
-9
-24
-82
-87
30
111
59
-97
-166
-41
94
108
-13
-115
-96
-6
44
47
11
-34
-99
-50
67
91
-8
-41
-11
11
-15
-10
59
80
6
-114
-66
69
129
58
-128
-124
33
119
84
-32
-91
-47
14
56
25
-25
-36
-2
34
27
-40
-64
25
95
58
-63
-109
13
63
29
-10
-14
-1
15
0
-6
13
40
-6
-19
-19
-8
48
74
31
-60
-110
12
177
159
-58
-214
-73
191
229
-22
-184
-49
104
90
8
-28
19
-6
-73
9
124
82
-80
-123
2
79
28
-16
-19
-10
-49
-57
43
107
23
-100
-138
-15
153
122
-70
-129
-57
43
91
41
-44
-64
15
42
6
-34
-38
51
70
2
-88
-72
31
76
27
-70
-15
42
1
-32
-22
40
36
-29
-59
-39
35
81
22
-63
-87
-37
28
68
56
-36
-119
-97
36
128
69
-113
-186
-30
101
104
-25
-95
-67
5
12
11
24
9
-68
-81
14
90
63
-5
-61
-73
-6
70
93
36
-67
-92
-14
83
125
24
-113
-120
20
110
48
-23
-44
-32
6
11
6
17
-12
-31
43
47
-47
-101
5
122
79
-79
-114
8
89
33
-22
-30
-2
31
-4
-50
18
79
55
-53
-95
-8
123
120
-27
-114
-108
47
181
127
-58
-173
-69
138
211
37
-151
-123
41
129
68
-6
-33
-51
-8
21
77
65
-65
-87
4
63
21
-42
-24
19
2
-34
-12
32
34
-23
-93
-62
69
98
23
-40
-99
-68
64
116
15
-87
-50
78
64
-36
-105
-16
112
58
-64
-102
-11
96
64
-63
-71
37
61
-46
-70
11
95
41
-93
-121
15
122
54
-59
-123
-43
64
71
9
-61
-96
-63
34
131
40
-115
-137
-37
83
74
-12
-53
-99
-54
9
65
71
-14
-108
-76
32
85
32
-27
-11
-17
-27
7
90
62
-61
-98
-24
78
109
50
-78
-121
-16
74
110
37
-86
-107
2
83
52
-72
-65
40
64
-13
-88
-11
96
69
-40
-86
-18
71
18
-37
-15
33
47
0
-64
-25
74
72
-19
-69
-38
15
105
68
-5
-81
-78
42
154
110
-55
-164
-60
134
186
38
-140
-99
47
95
59
37
-4
-65
-70
32
121
62
-67
-94
-1
49
7
-4
-6
8
-39
-74
-1
94
97
-27
-185
-126
114
198
31
-152
-130
13
113
74
-35
-66
-5
30
32
-10
-41
-28
47
65
-13
-114
-67
79
112
-22
-77
-5
26
-9
-30
23
59
8
-62
-79
11
95
22
-61
-81
-30
18
44
28
-18
-97
-134
23
153
90
-107
-202
-66
105
117
5
-98
-104
-38
46
49
42
-26
-106
-60
66
105
6
-64
-21
22
13
-7
33
61
11
-80
-69
40
109
77
-83
-109
0
77
69
13
-33
-64
-30
28
43
40
-59
-80
21
90
35
-75
-85
64
131
-3
-118
-63
61
99
13
-72
-36
59
25
-28
-18
21
48
8
-75
-37
74
97
29
-72
-97
8
151
151
-22
-171
-107
104
228
74
-125
-165
19
134
107
13
-49
-64
-18
63
79
15
-74
-45
56
29
-63
-38
68
57
-73
-127
-6
132
112
-77
-175
-90
101
155
22
-93
-99
-7
66
59
3
-38
-12
-1
-10
25
-9
-16
-7
45
22
-80
-65
61
93
-10
-58
-11
6
-20
-17
25
36
24
-45
-97
-21
98
91
-51
-142
-84
55
117
53
-68
-141
-110
51
165
58
-122
-169
-47
77
103
13
-84
-101
-57
37
77
39
-51
-96
-43
56
77
10
-16
-15
-27
-27
29
104
55
-87
-94
5
99
64
-1
-48
-51
-10
-2
67
81
-34
-96
-58
45
90
9
-78
-58
54
99
-22
-103
-38
95
101
-29
-126
-26
101
37
-62
-31
69
63
-43
-84
13
105
52
-69
-77
1
92
82
-3
-60
-53
-11
87
129
49
-120
-125
45
182
112
-84
-115
-17
75
77
48
1
-75
-78
25
129
94
-66
-107
-10
64
-4
-42
15
44
-22
-87
-48
57
122
27
-151
-154
43
201
86
-109
-161
-48
103
111
-17
-78
-49
52
87
11
-93
-46
54
87
1
-95
-74
35
82
40
-50
-30
-2
-11
6
4
13
16
-1
-58
-68
29
99
39
-101
-100
-5
73
83
11
-137
-151
-2
167
126
-117
-220
-64
135
121
-25
-119
-76
17
23
2
15
35
-42
-98
-17
76
71
-18
-56
-20
34
15
-26
40
57
-31
-100
-24
136
140
-73
-157
-53
89
126
0
-85
-63
5
43
29
-35
-40
27
60
12
-69
-77
31
112
60
-62
-94
27
40
4
-38
-2
34
54
-11
-87
-46
104
134
-38
-184
-53
182
180
-41
-171
-81
89
152
72
-55
-123
-36
108
142
43
-76
-79
-26
59
111
53
-22
-57
-59
40
106
45
-93
-88
34
95
-6
-94
1
92
6
-128
-77
108
139
-18
-171
-131
106
175
32
-108
-107
-7
45
54
36
-1
-53
-21
42
34
-19
-53
23
60
12
-88
-70
43
110
5
-37
-42
4
28
-34
-17
53
62
-41
-109
-41
77
99
-24
-157
-69
72
91
26
-48
-94
-83
6
102
67
-55
-156
-89
83
109
8
-89
-112
-29
34
44
24
-34
-54
-49
25
51
-5
-7
18
-21
-48
-15
78
86
-13
-94
-52
57
103
48
-62
-82
-23
28
56
62
3
-62
-89
-9
81
80
-24
-94
-14
82
25
-49
-76
25
109
38
-84
-59
7
30
13
24
49
17
-63
-65
42
88
30
-58
-74
20
105
61
-19
-36
-26
-9
50
101
77
-59
-138
-25
171
173
-45
-175
-59
120
153
31
-63
-63
-13
39
71
14
-39
-12
17
-14
-52
21
58
20
-74
-98
22
99
63
-40
-111
-92
31
130
65
-53
-81
-62
10
80
64
-13
-70
-45
43
76
-15
-72
-13
63
58
-75
-107
4
105
60
-42
-91
-35
47
61
-6
-70
-23
43
36
-53
-35
13
41
16
-67
-79
-13
102
88
-74
-200
-94
135
212
-38
-251
-139
79
145
21
-99
-81
-14
12
12
30
37
-42
-112
-23
103
81
-47
-60
33
19
-29
-10
88
57
-62
-87
-15
91
136
3
-114
-107
3
117
117
-14
-119
-84
40
98
26
-60
-65
42
71
-6
-69
-43
75
94
-18
-105
-29
66
54
-22
-40
10
56
-19
-72
7
96
66
-54
-93
-15
114
113
-23
-108
-62
47
112
118
-5
-125
-97
61
162
82
-65
-101
-30
73
89
42
-20
-35
-22
-6
56
76
-34
-75
-22
24
35
16
-5
-44
-31
-26
10
20
45
13
-49
-125
-22
135
115
-17
-162
-112
54
152
53
-67
-92
-14
94
83
-60
-123
19
135
37
-94
-129
13
138
69
-84
-79
45
40
-28
-34
37
39
-26
-68
-27
35
63
-8
-82
-61
9
47
67
-11
-111
-120
-9
125
64
-53
-120
-79
26
53
29
24
-61
-120
-57
72
110
21
-122
-128
40
158
52
-106
-80
41
61
-4
-32
37
69
-7
-93
-65
81
164
35
-161
-149
53
168
80
-77
-116
-11
79
41
-55
-44
4
81
33
-74
-67
21
77
48
-14
-68
-50
27
69
2
-28
26
44
-19
-89
-26
108
88
-53
-97
-12
103
111
0
-84
-81
8
99
113
37
-88
-121
9
160
171
-38
-162
-68
81
137
47
-50
-64
3
29
34
24
6
-27
-17
3
-10
14
11
18
-21
-88
-38
78
90
-11
-111
-98
20
104
60
-26
-98
-63
22
79
54
4
-54
-49
31
81
6
-87
-38
68
62
-20
-78
-27
67
28
-30
-3
40
-35
-84
-3
99
58
-53
-122
-38
84
110
-24
-148
-93
63
98
12
-49
-51
-58
-48
33
122
28
-143
-180
11
163
79
-88
-140
-68
50
57
26
-18
-38
-62
-23
74
45
-39
1
11
-31
-45
24
127
77
-113
-157
21
168
112
-75
-167
-17
95
71
1
-37
-15
-22
-11
-12
33
26
-12
-26
-19
16
4
-13
22
22
3
-9
20
-12
-39
-4
50
71
-13
-94
-56
58
99
27
-85
-65
30
95
41
-11
2
-12
-59
10
159
120
-83
-179
-31
190
174
-29
-164
-55
109
82
38
0
-29
-27
-31
27
107
42
-64
-73
-21
34
40
14
-13
-41
-62
-17
67
95
-14
-103
-117
-8
153
105
-48
-154
-81
64
111
45
-62
-60
21
54
12
-58
-55
52
85
19
-84
-82
5
77
27
-26
-1
-2
-14
-6
13
8
12
-7
-52
-47
41
57
0
-77
-39
-5
6
38
33
-31
-138
-97
76
142
35
-149
-167
12
145
77
-76
-129
-33
26
19
35
29
-41
-98
-27
83
71
-23
-57
-9
35
6
-3
32
50
-4
-92
-53
92
153
5
-161
-91
75
113
20
-40
-28
-24
-16
5
33
33
-15
-37
19
29
-39
-47
39
91
11
-76
-38
48
37
-11
-14
9
-9
-13
0
-2
17
57
4
-51
-52
72
104
13
-52
-67
-37
79
161
86
-139
-162
42
178
108
-46
-101
-28
54
59
33
8
2
-39
-46
42
108
26
-106
-65
50
69
-21
-72
10
80
-21
-113
-32
98
75
-81
-137
-33
117
110
0
-99
-103
-35
93
113
29
-86
-94
16
90
35
-58
-39
62
67
-47
-126
-27
104
83
-30
-61
6
35
-5
-54
-14
67
49
-67
-120
-21
124
92
-69
-155
-40
72
80
15
-71
-117
-51
55
128
35
-127
-169
-1
117
55
-24
-77
-96
-27
62
85
9
-93
-103
5
106
26
-48
-22
25
16
-14
-15
49
78
-19
-100
-58
75
150
37
-115
-103
-16
76
85
34
-53
-82
-54
50
100
7
-91
-37
68
33
-53
-37
31
92
10
-83
-50
50
34
-37
7
64
12
-76
-54
48
82
7
-45
-16
31
29
8
26
27
-18
-78
-20
168
169
-42
-220
-91
163
230
45
-166
-149
35
172
113
-29
-93
-60
38
89
44
-37
-65
0
39
-1
-35
15
38
-7
-79
-69
35
103
50
-61
-153
-48
132
125
-23
-137
-85
45
135
48
-70
-77
13
69
39
-52
-71
32
128
-9
-129
-88
68
132
-14
-102
-7
72
27
-76
-66
52
100
-8
-106
-62
44
80
-8
-76
-63
4
33
13
9
-5
-79
-114
-12
143
132
-113
-231
-81
150
139
-23
-141
-102
11
49
44
14
-58
-80
-14
95
45
-59
-32
34
38
-44
-43
71
101
-28
-96
-54
60
131
66
-102
-133
22
104
84
-18
-65
-57
-17
31
53
2
-58
-20
69
18
-59
-30
44
47
9
-53
-19
13
18
19
16
5
-44
-12
8
-1
-9
41
57
-33
-74
5
104
108
-7
-107
-108
57
197
128
-84
-207
-82
204
259
5
-211
-147
90
194
65
-69
-69
10
33
27
30
18
-40
-65
23
39
12
-10
-13
-13
-32
-40
7
88
59
-62
-133
-45
89
104
2
-74
-86
-22
55
55
32
-21
-56
-12
48
43
-30
-68
13
65
4
-75
-72
38
87
16
-22
-32
-31
21
9
-1
11
25
-37
-56
10
46
18
-36
-69
-55
44
76
31
-57
-117
-100
40
155
57
-141
-193
5
130
61
-58
-71
-38
-19
4
42
42
-18
-99
-82
63
119
25
-87
-45
24
41
19
10
27
-2
-51
-23
37
83
52
-73
-97
4
89
63
-5
-34
-40
-36
17
47
27
-50
-56
46
70
-25
-90
-11
104
66
-60
-85
29
66
-4
-28
0
28
7
-69
-28
48
95
27
-68
-57
23
71
61
-8
-58
-81
-1
173
136
-46
-179
-85
155
200
7
-124
-97
37
116
77
15
-49
-53
-21
21
110
68
-88
-103
37
60
1
-21
-12
1
-23
-28
17
40
25
-39
-83
-60
49
91
55
-58
-138
-25
110
95
5
-83
-57
47
80
-24
-109
12
120
29
-110
-99
35
111
31
-74
-50
69
59
-82
-117
12
162
80
-122
-149
11
149
83
-94
-151
-6
75
63
-9
-40
-70
-82
-5
106
87
-71
-189
-75
117
112
-12
-103
-100
-5
47
54
10
-50
-87
-24
64
78
-30
-53
-2
34
11
-34
25
69
14
-59
-82
1
126
107
-41
-151
-79
73
147
65
-108
-126
15
76
27
-55
-45
31
54
-2
-73
-28
71
68
-13
-69
-27
51
50
-16
-75
1
97
27
-101
-94
77
149
36
-133
-113
75
164
44
-70
-76
-18
55
89
67
8
-109
-77
52
163
113
-55
-134
-48
85
147
67
-72
-119
-28
114
106
-14
-98
-43
52
57
-19
-61
-6
79
-4
-111
-57
75
141
23
-193
-151
103
204
53
-161
-149
27
98
66
-1
-22
-25
-41
-7
40
32
-11
-17
17
6
-26
-44
-3
68
8
-25
2
-13
-26
-4
28
30
-1
-33
-58
-18
51
39
-18
-52
-69
-29
33
106
51
-151
-187
-9
196
149
-115
-251
-71
133
128
-9
-116
-136
-16
98
65
-31
-79
-48
3
83
33
-79
-31
75
29
-67
-48
54
109
26
-92
-95
30
123
97
-78
-108
-23
43
79
38
-41
-77
-34
18
57
27
-49
-55
35
66
14
-83
-30
57
62
9
-46
-25
23
17
-9
-18
8
24
-15
-62
16
114
90
-53
-139
-24
152
134
-26
-102
-77
12
137
148
-14
-163
-114
108
224
76
-118
-140
1
119
97
9
-40
-45
-25
58
98
0
-95
-55
67
69
-37
-80
33
61
-51
-98
-33
96
96
-22
-130
-122
50
128
77
-30
-133
-102
36
169
110
-115
-167
-10
161
119
-130
-148
60
159
21
-141
-109
50
132
50
-71
-78
-8
49
30
-22
-23
16
30
-25
-51
-29
39
51
-31
-97
-54
36
106
34
-132
-158
6
156
105
-93
-200
-96
89
133
30
-86
-115
-44
23
60
61
-19
-92
-85
35
111
40
-65
-45
11
22
6
50
32
-16
-49
-58
34
103
90
-52
-126
-48
53
116
66
-63
-107
-38
52
81
9
-56
-58
51
71
-25
-102
-5
108
75
-25
-105
-14
69
24
-33
-7
52
22
-77
-56
51
116
26
-91
-63
43
97
47
-12
-34
-66
-10
108
165
7
-181
-137
124
252
87
-163
-170
48
155
84
-51
-66
8
39
-1
-4
38
33
-36
-37
-21
10
39
-4
-6
-38
-47
-16
30
68
23
-88
-145
-15
153
125
-66
-147
-69
62
136
50
-99
-96
29
95
32
-78
-96
49
136
22
-130
-110
71
140
-6
-107
-21
63
37
-59
-84
41
120
7
-120
-90
56
108
-1
-106
-110
1
123
109
-49
-191
-126
59
161
81
-116
-174
-46
96
93
-35
-73
-48
-35
-18
37
92
4
-117
-117
50
156
32
-115
-68
50
82
0
-52
25
58
-15
-68
-45
82
131
-11
-130
-77
41
125
65
-47
-87
-44
22
46
30
-7
-36
-9
19
-15
-41
-2
54
50
-4
-63
-28
19
39
21
-15
-15
29
5
-49
-18
76
61
-44
-61
10
65
68
1
-49
-55
-18
80
130
55
-93
-141
26
177
108
-32
-108
-52
45
117
92
-29
-94
-67
39
109
78
-78
-99
32
72
10
-71
-26
57
16
-81
-66
62
106
18
-116
-136
37
130
65
-53
-106
-62
55
97
46
-60
-70
-12
92
43
-85
-55
63
85
19
-103
-109
38
116
37
-40
-60
-25
30
29
-12
-24
26
30
-40
-61
-15
35
40
-17
-64
-64
12
75
61
-72
-160
-68
130
148
-55
-212
-121
94
146
47
-112
-152
-59
81
109
-7
-93
-67
1
68
52
-27
-27
9
4
-34
-13
71
78
-21
-106
-37
73
84
42
-48
-77
-18
38
56
29
-19
-48
-57
-23
66
84
-15
-77
-27
46
33
-44
-33
51
80
-22
-80
9
26
-33
17
42
24
-54
-44
15
45
35
2
-18
-13
-26
12
80
66
-19
-94
-69
89
213
67
-175
-193
77
237
147
-96
-177
-50
123
143
19
-64
-28
-13
17
37
55
3
-76
-40
38
47
6
-39
-13
-4
-41
-9
36
42
2
-79
-91
3
95
88
-9
-103
-85
15
103
68
-19
-89
-44
47
91
-23
-93
-22
86
65
-51
-89
-29
65
62
0
-36
-33
2
20
-12
22
20
-10
-28
-47
-11
44
48
-27
-85
-74
23
118
68
-114
-212
-50
188
198
-78
-276
-145
145
173
-4
-125
-85
-13
7
35
47
11
-81
-98
37
110
1
-80
-14
45
16
-8
1
44
37
-39
-68
0
88
109
-13
-99
-70
10
80
83
-5
-90
-76
10
76
49
-37
-54
21
43
-22
-61
5
72
71
-19
-113
-33
91
59
-57
-81
22
116
28
-123
-77
102
154
-2
-141
-98
107
172
18
-122
-115
19
148
148
3
-135
-115
56
190
112
-66
-147
-56
89
119
68
-15
-89
-62
32
100
80
-62
-138
9
105
31
-67
-45
39
19
-36
-70
-4
94
75
-68
-171
-44
146
133
0
-141
-112
20
105
66
-32
-61
-25
27
54
-3
-59
-5
59
37
-61
-73
21
87
49
-69
-66
28
50
3
-53
-24
67
50
-55
-90
-9
72
44
-63
-92
-10
52
79
17
-112
-141
-16
120
109
-52
-173
-92
58
105
41
-60
-120
-71
25
91
44
-37
-105
-58
59
119
-18
-111
-14
88
50
-53
-72
53
110
1
-117
-63
85
140
16
-120
-82
33
96
66
-29
-69
-51
-2
54
43
-17
-41
-8
39
0
-77
8
86
54
-27
-86
-12
79
18
-85
-27
75
100
-19
-116
-51
81
100
9
-88
-42
63
113
28
-63
-87
-34
94
133
72
-72
-166
-39
175
215
-20
-181
-109
85
193
53
-88
-78
-6
49
40
48
-39
-72
25
78
-25
-79
-8
86
32
-105
-115
35
151
76
-134
-187
22
163
86
-55
-122
-51
36
96
39
-28
-57
-26
63
39
-44
-43
27
45
18
-34
-84
-35
85
79
-17
-59
-32
20
15
-11
-21
20
35
-39
-67
-1
73
31
-64
-89
-40
38
65
39
-72
-155
-77
124
163
-43
-194
-121
63
127
29
-94
-106
-42
55
55
16
-24
-71
-56
45
103
0
-91
-22
71
23
-62
-27
100
107
-56
-163
-47
138
169
-13
-161
-72
53
89
35
-8
-17
-62
-68
16
108
34
-61
-75
27
73
-20
-59
-5
69
65
-44
-67
5
43
12
-47
-16
69
39
-56
-65
39
99
30
-93
-59
44
106
62
-26
-90
-88
47
223
119
-148
-235
21
258
181
-78
-186
-44
140
84
-3
-20
-6
-4
-6
-2
46
42
-22
-60
-12
5
20
16
14
-16
-62
-48
31
106
41
-95
-165
-32
157
128
-23
-151
-96
61
111
44
-56
-26
16
-9
5
-1
19
33
-7
-26
-23
-10
-19
15
41
26
-19
-53
-10
28
35
-24
-34
25
2
-20
-51
1
75
39
-85
-104
-2
103
77
-71
-168
-87
81
162
23
-166
-164
21
132
64
-50
-119
-75
10
61
59
2
-74
-111
8
123
61
-87
-87
52
102
-18
-78
24
93
15
-88
-57
65
119
58
-91
-115
-43
77
142
52
-105
-168
-20
144
118
-28
-136
-81
89
97
-22
-107
-18
113
86
-72
-114
23
93
24
-60
-29
59
38
-55
-57
4
96
63
-81
-116
39
163
71
-67
-111
-54
89
178
86
-117
-178
-5
208
178
-67
-166
-32
96
86
42
-8
-33
-44
4
69
72
-29
-105
-28
100
48
-62
-85
12
81
6
-81
-57
68
92
-32
-147
-85
106
155
-8
-121
-94
14
96
63
-7
-66
-20
46
42
-27
-63
3
72
44
-49
-99
-10
88
57
-58
-40
35
30
-11
-67
-6
81
62
-75
-113
-7
87
64
-57
-93
-31
25
49
66
-18
-150
-131
67
174
35
-163
-175
-13
149
106
-26
-149
-105
16
98
67
-42
-105
-52
47
82
-1
-63
-8
35
4
-40
-8
75
78
-44
-118
-48
102
145
16
-130
-89
11
95
66
-1
-53
-68
-21
69
45
-36
-76
18
90
19
-115
-76
109
161
-24
-172
-61
131
77
-75
-90
34
114
17
-105
-77
77
120
6
-97
-59
60
112
22
-59
-37
-37
37
110
107
-19
-143
-80
130
193
41
-129
-104
37
115
76
-2
-49
-61
-8
68
85
-15
-79
-5
56
3
-79
-30
82
69
-92
-140
2
153
99
-73
-165
-91
105
147
47
-101
-136
-32
82
100
34
-80
-83
25
103
9
-77
-36
54
72
-20
-97
-20
81
48
-58
-70
41
56
-16
-66
-32
60
47
-2
-85
-50
52
59
-28
-76
-69
-3
70
68
-22
-127
-125
22
140
95
-100
-221
-88
141
187
-5
-186
-142
53
118
33
-58
-65
-36
31
47
9
-43
-16
35
20
-25
-5
63
49
-45
-100
-7
97
93
5
-80
-70
-13
68
85
13
-50
-67
-54
37
73
2
-34
-23
0
22
11
-16
14
36
32
-34
-49
0
30
38
-19
-30
21
63
-17
-79
-12
80
70
-22
-69
-16
79
75
33
-88
-108
43
179
141
-79
-222
-58
219
227
-55
-197
-43
127
132
1
-40
-32
0
0
23
57
43
-86
-84
65
83
1
-59
-23
20
-13
-54
-33
73
68
-39
-127
-60
86
107
-3
-85
-68
13
45
41
20
-4
-40
-22
10
40
8
-24
-29
27
39
-43
-68
18
100
-14
-68
-24
48
32
-36
-42
5
44
1
-52
-29
6
37
17
-39
-71
-63
40
119
34
-158
-185
26
209
108
-169
-241
-11
186
121
-83
-141
-67
2
39
60
22
-77
-95
0
101
49
-66
-47
27
43
17
-49
4
73
26
-43
-69
-3
110
111
-56
-123
-67
67
129
55
-49
-126
-62
66
120
26
-94
-80
42
79
-5
-75
-12
67
56
-28
-65
15
25
-8
-12
22
35
3
-51
-31
28
69
24
-30
-35
-7
64
75
26
-78
-112
37
170
140
-47
-174
-85
126
189
53
-101
-115
-2
96
104
43
-63
-88
-20
81
111
-12
-119
-61
70
93
-37
-81
-11
67
4
-84
-65
68
81
-11
-106
-106
49
145
66
-59
-158
-69
87
129
18
-100
-47
20
50
30
-51
-16
69
33
-52
-86
13
73
32
-59
-47
38
39
-10
-41
-24
46
50
-16
-67
-47
46
49
-26
-88
-27
26
20
42
-2
-105
-117
2
110
84
-70
-169
-68
93
129
8
-129
-129
-19
106
103
-14
-125
-99
37
142
14
-127
-39
104
74
-64
-89
40
134
27
-134
-94
65
160
87
-117
-137
2
73
90
41
-54
-66
-62
44
65
5
-22
-68
-14
50
47
-18
-54
7
67
27
-67
-55
31
42
-3
-1
15
7
-39
-56
46
98
19
-73
-62
37
82
44
-13
-45
-63
28
132
104
-38
-133
-77
87
189
89
-120
-132
16
143
97
-7
-95
-38
43
67
33
-9
-60
-21
59
25
-49
-42
44
55
-47
-107
-35
101
99
-29
-151
-107
97
173
21
-131
-100
1
86
66
6
-19
-57
-25
37
53
-28
-66
34
78
-5
-76
-61
46
71
-6
-30
5
5
-12
-18
2
40
19
-35
-54
-8
44
20
-24
-34
-46
-40
11
106
57
-120
-182
-47
151
162
-52
-231
-136
98
160
43
-117
-170
-28
101
106
-13
-104
-89
14
108
76
-67
-96
11
80
36
-38
-16
43
35
-27
-36
-12
44
88
-18
-67
-61
10
78
85
-2
-112
-72
5
105
69
-53
-96
0
82
15
-56
-30
51
46
-39
-49
21
17
-5
1
27
5
7
-32
-30
15
57
36
-13
-51
-13
55
78
41
-43
-109
-30
143
179
-15
-196
-106
137
217
65
-144
-131
44
130
88
-19
-59
-28
21
28
43
33
-39
-54
11
25
14
-8
1
0
-31
-66
-28
58
89
14
-112
-138
47
163
80
-82
-167
-40
102
112
24
-88
-83
10
77
42
-70
-51
44
81
7
-92
-80
29
92
23
-54
-44
-3
47
22
-57
-42
49
60
-22
-101
-42
101
81
-66
-167
-77
110
158
23
-190
-211
36
225
139
-154
-272
-56
191
163
-72
-192
-62
74
49
9
-30
-30
-38
-19
48
68
-26
-55
-12
54
6
-58
19
80
47
-45
-86
-13
81
133
18
-137
-131
20
195
126
-93
-202
-57
154
122
-54
-127
-37
117
112
-70
-147
-10
151
97
-84
-140
12
129
30
-100
-28
75
64
-59
-96
13
121
71
-53
-93
-28
93
112
9
-76
-101
-2
143
167
-10
-176
-109
99
211
77
-128
-155
23
136
112
-2
-80
-54
19
90
69
-39
-91
-24
72
25
-49
-15
18
2
-38
-47
-9
52
35
-11
-47
-84
-8
81
81
-19
-117
-103
57
142
49
-89
-91
22
95
28
-91
-71
76
118
-24
-139
-67
108
128
-39
-134
-14
102
45
-74
-85
55
117
-17
-126
-69
57
81
12
-94
-64
26
23
31
-8
-60
-94
-51
99
118
-46
-184
-112
103
156
15
-159
-132
27
93
47
-23
-84
-72
36
75
34
-42
-46
22
41
-5
-44
17
98
20
-71
-82
29
118
77
-55
-119
-46
73
88
52
-52
-111
-38
84
74
-12
-77
-27
62
80
-30
-130
-29
127
110
-60
-142
-35
131
76
-54
-91
14
97
20
-81
-49
66
90
4
-75
-35
45
63
34
6
-59
-76
66
167
91
-108
-177
11
210
166
-67
-201
-66
131
179
58
-108
-137
7
141
100
-43
-127
-40
97
76
-76
-77
25
71
3
-111
-56
100
118
-33
-147
-121
78
154
71
-80
-135
-55
75
81
33
-15
-50
-31
27
46
-10
-18
-10
16
25
-24
-62
-6
65
25
-20
-4
3
-6
-15
-3
28
22
-45
-61
7
72
16
-79
-61
16
27
-2
0
29
-46
-111
-82
85
143
-14
-182
-143
48
129
80
-94
-155
-32
71
92
-22
-88
-56
14
74
30
-52
-39
22
26
-9
-13
25
40
4
-33
-45
4
64
93
-7
-60
-72
-33
76
124
33
-110
-129
-1
111
77
-51
-119
16
129
30
-123
-85
91
153
-12
-164
-52
107
73
-57
-79
32
85
17
-81
-58
37
99
44
-49
-57
-7
48
91
60
-72
-132
29
213
106
-148
-195
38
248
148
-113
-171
-19
116
142
11
-67
-65
-6
59
82
24
-45
-96
11
73
45
-48
-95
-2
82
6
-74
-39
71
49
-44
-123
-30
94
89
17
-97
-101
14
80
79
11
-75
-68
34
72
-1
-71
-24
75
75
-38
-133
-41
133
89
-60
-91
11
70
4
-50
-40
40