#4
671
214
-349
-241
296
434
53
-233
-15
299
201
-117
-116
193
327
75
-216
-72
306
312
-75
-277
82
470
254
-235
-332
155
582
270
-298
-335
204
553
198
-310
-234
322
542
69
-395
-141
456
484
-64
-387
-16
480
363
-177
-321
117
457
197
-263
-199
249
375
-7
-281
-72
354
324
-130
-323
-27
368
286
-89
-213
10
194
113
-10
11
115
66
-95
-34
202
252
-49
-289
-26
415
396
-115
-428
-69
469
466
-113
-412
-46
451
390
-130
-360
42
458
265
-201
-284
130
412
163
-209
-154
169
263
31
-132
-7
192
162
-58
-135
48
218
127
-87
-96
117
173
0
-135
46
251
131
-179
-153
203
366
78
-293
-163
306
436
29
-326
-93
352
355
-63
-271
94
399
177
-269
-235
302
549
95
-450
-264
386
630
73
-511
-297
406
601
39
-471
-239
359
489
19
-369
-129
289
292
-78
-234
50
261
132
-134
-126
169
236
-48
-173
65
305
96
-217
-185
226
433
78
-371
-226
347
480
-27
-397
-71
401
364
-111
-364
14
469
320
-224
-377
105
496
216
-268
-297
139
391
111
-258
-176
231
297
-65
-295
-25
327
213
-215
-329
43
417
260
-228
-408
-6
409
269
-201
-291
40
281
126
-115
-110
75
131
-5
-36
84
156
-34
-175
-3
286
252
-112
-277
21
354
232
-188
-252
121
375
150
-286
-277
196
439
116
-299
-288
145
377
110
-250
-184
178
272
5
-249
-96
208
204
-62
-190
-16
160
111
-20
-76
25
107
16
-67
46
120
58
-72
-25
132
172
40
-91
-36
119
157
41
-29
43
97
4
-63
84
241
141
-163
-215
104
379
222
-209
-332
46
419
322
-185
-393
-43
378
329
-111
-323
-80
256
239
-77
-212
-11
185
142
-76
-116
42
100
62
5
19
49
-31
-72
71
198
95
-124
-144
91
239
106
-124
-92
106
212
79
-118
-86
145
229
22
-181
-74
208
245
-59
-222
-58
227
224
-90
-240
-43
250
181
-171
-246
103
299
34
-321
-215
213
367
24
-375
-257
215
397
36
-325
-223
150
265
65
-173
-136
53
154
52
-14
-23
8
-43
-6
132
161
-8
-151
-65
153
203
-12
-189
-47
170
199
-15
-202
-88
176
232
19
-226
-166
163
256
-8
-209
-99
179
195
-101
-254
-20
260
132
-192
-215
65
243
91
-149
-154
39
174
89
-106
-74
80
98
14
-15
50
79
18
-23
-8
63
119
83
-4
-27
-1
27
104
102
29
-45
-54
11
159
193
-2
-206
-140
220
336
28
-315
-222
202
376
86
-279
-293
111
335
106
-234
-196
127
247
37
-176
-110
82
149
38
-86
-61
37
71
52
41
4
-23
-12
33
78
67
-8
-24
16
76
98
-3
-83
20
190
112
-136
-154
85
254
102
-165
-185
53
221
97
-142
-178
3
173
72
-118
-93
72
89
-84
-172
17
221
131
-181
-286
-39
298
229
-141
-337
-78
271
225
-93
-275
-105
195
223
-1
-184
-101
87
123
51
-1
-29
-31
24
65
57
-11
-22
-15
28
89
47
-91
-78
59
143
88
-110
-184
20
199
111
-123
-171
27
183
38
-170
-114
101
125
-23
-147
-77
79
139
2
-142
-79
103
140
0
-103
-37
70
84
17
-11
8
67
51
-12
-58
28
165
127
-59
-180
-43
238
254
-27
-216
-115
141
262
85
-150
-152
13
186
199
-37
-216
-100
120
205
76
-130
-176
-17
170
152
-71
-186
-58
126
140
-19
-123
-73
76
139
28
-96
-114
12
135
117
-27
-102
-63
89
116
36
-58
-45
58
94
22
-74
7
121
89
-26
-91
-26
96
136
9
-135
-73
105
137
-36
-129
-63
78
95
-52
-112
0
134
18
-175
-169
72
227
101
-219
-303
13
293
202
-151
-321
-103
211
221
-46
-214
-130
69
222
103
-121
-175
-14
128
124
15
-66
-84
8
91
64
-19
-22
8
11
51
31
-28
-89
0
133
128
-93
-218
-26
210
171
-119
-225
-4
186
98
-177
-177
76
200
13
-210
-140
103
204
16
-200
-145
102
206
36
-176
-116
113
205
29
-133
-80
109
162
-5
-129
-19
179
172
-56
-197
-58
225
262
-15
-229
-114
139
248
76
-156
-151
34
178
131
-36
-155
-87
109
172
56
-115
-141
-13
106
102
-27
-121
-67
111
112
-28
-122
-72
78
123
36
-84
-103
5
109
122
-1
-132
-59
102
127
11
-85
-52
90
132
4
-93
-33
107
130
24
-105
-70
56
134
62
-84
-108
18
128
60
-95
-115
7
87
17
-83
-44
54
36
-92
-137
15
143
90
-115
-237
-88
210
210
-44
-284
-199
117
252
62
-185
-211
-7
213
180
-80
-220
-110
131
217
62
-148
-154
38
175
110
-93
-141
-9
121
145
-25
-160
-90
97
187
46
-180
-177
54
197
84
-116
-143
-17
127
69
-114
-130
23
138
34
-136
-116
34
127
42
-123
-109
18
109
58
-37
-78
4
70
84
9
-56
1
94
43
-59
-46
95
186
22
-190
-127
132
269
124
-164
-230
22
284
220
-86
-257
-104
169
268
59
-208
-218
31
254
180
-100
-270
-99
187
205
-51
-215
-96
130
181
-31
-179
-81
86
158
40
-135
-129
25
155
106
-49
-124
-27
89
95
-1
-60
4
83
54
-11
-63
17
107
69
-35
-77
-6
86
87
7
-71
-44
21
65
6
-31
-62
-26
53
28
-81
-74
51
104
-56
-193
-77
158
191
-106
-335
-146
256
280
-73
-351
-171
203
253
-24
-231
-175
96
188
78
-106
-161
-32
104
127
38
-90
-94
26
128
46
-75
-46
27
53
26
-9
-45
-51
36
84
54
-61
-142
-49
110
142
-38
-171
-79
94
111
-36
-151
-73
106
113
-49
-184
-64
149
137
-84
-200
-55
154
147
-44
-153
-29
134
121
-31
-107
-2
116
61
-65
-53
97
191
13
-195
-145
147
305
65
-222
-187
97
279
139
-137
-237
-28
217
220
-47
-236
-118
137
210
33
-141
-158
-19
136
93
-25
-105
-67
49
83
19
-67
-79
18
105
76
-61
-124
-59
101
147
46
-91
-136
9
169
102
-101
-126
65
183
57
-130
-110
80
188
84
-134
-154
51
204
88
-125
-165
33
155
61
-128
-132
26
117
20
-136
-83
90
90
-107
-202
-34
201
163
-123
-302
-126
216
242
-60
-271
-171
93
219
50
-154
-188
-26
164
152
-32
-200
-101
126
159
42
-97
-106
14
116
88
-45
-101
-16
67
66
10
-81
-65
38
114
69
-90
-137
-48
94
146
-22
-146
-100
54
103
-16
-107
-44
46
66
-59
-123
-53
91
123
-19
-153
-94
77
131
6
-105
-40
70
107
17
-77
-26
90
88
-67
-103
88
212
55
-172
-189
104
321
143
-202
-253
27
280
202
-96
-233
-66
173
193
3
-189
-123
102
176
54
-91
-150
-49
84
124
-8
-105
-90
12
116
73
-70
-145
-54
150
160
-33
-213
-134
121
235
73
-167
-201
48
229
82
-121
-109
80
153
2
-111
-61
129
162
-32
-143
-30
123
115
-67
-102
16
79
17
-54
-20
-8
-18
-4
-14
-27
-13
16
2
-68
-105
-42
85
127
-37
-211
-175
80
236
70
-188
-245
-33
204
174
-100
-236
-86
140
223
27
-202
-198
44
223
151
-95
-222
-46
203
171
-83
-184
-20
134
100
-14
-118
-73
71
124
28
-87
-121
-27
96
92
-11
-133
-83
79
111
-40
-151
-50
103
83
-55
-154
-62
103
127
-41
-170
-57
114
109
-17
-108
-70
55
149
82
-76
-125
38
149
49
-89
-45
138
140
-76
-189
-9
232
236
-69
-261
-109
222
284
10
-248
-171
133
306
70
-230
-220
74
248
122
-116
-195
-71
116
125
5
-123
-102
48
117
46
-81
-130
-3
132
90
-39
-163
-80
118
174
35
-136
-132
65
159
58
-110
-84
73
139
34
-92
-47
62
115
38
-76
-83
40
136
72
-111
-137
1
147
105
-100
-173
-17
113
80
-86
-127
-3
88
-10
-172
-95
120
192
-56
-270
-180
138
261
40
-230
-254
6
227
131
-113
-227
-64
181
169
-33
-199
-112
87
155
72
-78
-121
-3
113
85
-51
-97
-6
76
70
-5
-87
-47
37
71
69
-15
-107
-103
25
142
54
-121
-135
21
147
22
-158
-114
78
146
-44
-203
-77
128
184
-55
-246
-84
183
166
-54
-168
-24
140
95
-46
-89
5
88
76
-30
-73
29
142
91
-68
-184
-7
261
215
-98
-260
-74
222
240
-8
-203
-137
89
215
84
-121
-170
5
162
109
-50
-138
-64
22
87
55
-42
-123
-59
75
111
3
-118
-103
81
143
21
-120
-141
34
166
89
-67
-141
-20
130
90
-42
-80
22
112
65
-75
-99
39
182
99
-132
-163
60
207
74
-143
-148
40
151
63
-97
-150
-13
124
50
-121
-123
56
124
-25
-228
-135
151
237
-18
-306
-201
139
275
20
-251
-218
55
209
101
-148
-183
-41
117
137
15
-122
-116
-4
110
108
-4
-91
-69
55
115
15
-75
-49
30
67
48
-48
-112
-6
113
125
-38
-191
-103
125
196
2
-201
-140
110
156
-53
-207
-52
144
112
-100
-172
-50
140
132
-62
-190
-79
126
142
-15
-122
-70
64
109
25
-34
-27
43
76
-36
-69
49
174
99
-134
-180
24
253
187
-98
-225
-42
214
195
-14
-169
-115
72
190
101
-103
-194
-43
168
171
-45
-157
-104
41
120
61
-69
-124
-39
104
88
-13
-138
-85
89
167
16
-190
-141
82
211
96
-128
-167
12
170
110
-80
-131
28
156
48
-96
-50
90
145
9
-111
-70
54
124
48
-87
-54
24
35
13
-12
-44
-52
-1
26
-20
-44
2
39
-32
-128
-96
85
140
17
-176
-216
14
208
112
-138
-254
-55
189
151
-84
-204
-90
127
186
14
-145
-148
-9
160
133
-5
-156
-106
96
157
25
-126
-85
43
122
70
-97
-128
10
125
94
-46
-129
-63
44
91
25
-69
-91
-12
52
22
-37
-65
-32
44
15
-62
-100
-1
98
52
-89
-145
8
144
82
-82
-118
-4
113
112
-41
-78
5
96
48
-54
-24
80
139
2
-156
-96
178
263
23
-278
-166
192
312
69
-238
-216
97
278
119
-159
-243
-11
232
164
-69
-208
-109
95
163
21
-153
-102
63
136
-8
-113
-58
50
50
11
-20
-22
-38
-35
79
106
2
-103
-85
48
136
59
-88
-61
70
100
-6
-84
-9
131
115
-62
-137
-34
128
137
-34
-132
-46
68
95
-2
-93
-101
28
63
0
-92
-43
46
13
-92
-111
15
144
84
-145
-247
-45
207
198
-85
-287
-174
127
277
46
-276
-233
96
273
104
-188
-218
7
190
142
-45
-158
-53
122
110
-25
-83
-29
63
61
-20
-48
-31
1
52
80
19
-108
-99
-1
100
81
-56
-116
-45
84
72
-102
-134
32
110
22
-119
-120
18
133
46
-114
-132
19
121
81
-51
-127
-6
116
92
-31
-79
2
108
53
-65
-42
128
137
-37
-172
-58
161
244
53
-204
-210
103
305
146
-163
-249
8
245
162
-91
-197
-75
140
186
37
-158
-166
10
141
89
-68
-143
-55
103
103
-17
-130
-87
72
130
28
-90
-133
-23
162
153
-56
-175
-63
134
151
-37
-149
-13
136
104
-47
-88
-8
121
89
-28
-98
-56
95
151
11
-147
-100
72
131
26
-118
-115
10
73
19
-104
-35
90
27
-158
-178
61
233
77
-220
-275
0
270
157
-166
-280
-80
193
180
-28
-222
-143
89
192
86
-123
-182
-51
119
176
50
-153
-144
66
175
69
-135
-113
42
125
63
-57
-132
-42
136
136
-16
-155
-130
48
163
83
-133
-174
8
141
43
-127
-119
53
120
-37
-149
-61
70
84
-20
-103
-52
44
84
-8
-70
-18
41
50
25
-4
-14
33
67
-2
-59
-20
117
156
-30
-184
-96
173
278
50
-220
-189
63
249
168
-86
-236
-75
192
261
-1
-265
-184
122
276
91
-185
-241
-17
226
166
-108
-213
-63
162
123
-63
-160
-67
96
153
8
-122
-102
10
120
92
-26
-104
-65
70
148
7
-101
-29
101
88
-19
-77
-27
109
113
-20
-106
-33
100
106
-29
-104
-51
83
109
-29
-93
-83
22
70
-6
-106
-51
48
48
-66
-148
-23
162
111
-150
-256
-66
199
226
-78
-322
-168
170
274
5
-272
-195
70
229
121
-125
-226
-67
182
186
-23
-162
-116
96
168
24
-115
-82
47
95
36
-52
-84
17
71
48
14
-71
-105
-26
90
96
-48
-133
-48
75
68
-79
-107
23
77
-5
-103
-88
22
77
21
-48
-76
-33
60
74
3
-81
-41
48
93
21
-49
-34
64
72
-44
-49
96
155
10
-171
-119
129
269
88
-200
-221
56
303
171
-128
-229
-54
210
234
-50
-246
-132
157
232
6
-188
-133
44
118
71
-65
-120
-28
82
71
-21
-79
-40
19
92
26
-79
-77
-7
87
93
21
-105
-67
55
118
42
-74
-71
55
130
52
-99
-74
68
150
50
-118
-120
61
193
52
-171
-128
74
147
23
-110
-117
19
80
5
-99
-47
54
15
-90
-117
3
122
90
-104
-239
-86
160
178
-27
-239
-194
99
262
58
-247
-228
63
239
140
-145
-227
-59
167
173
-8
-146
-111
82
141
35
-84
-83
8
83
92
-20
-98
-79
29
119
87
-70
-175
-45
131
143
-58
-176
-78
99
117
-65
-147
-57
89
83
-52
-155
-76
118
141
-53
-187
-53
145
146
-75
-172
-33
127
130
-12
-112
-35
121
95
-35
-109
48
194
87
-162
-195
90
304
157
-199
-269
19
313
235
-136
-270
-73
215
217
-32
-185
-121
55
146
102
-51
-130
-91
24
137
40
-114
-101
3
116
70
-55
-138
-55
120
133
-34
-167
-107
101
189
43
-143
-132
66
167
43
-111
-79
93
147
9
-118
-85
127
182
2
-199
-91
166
212
-19
-209
-130
109
215
26
-184
-160
59
158
-4
-187
-83
126
127
-91
-228
-69
176
183
-104
-281
-121
163
203
-14
-246
-189
66
221
68
-134
-176
-66
138
207
-15
-221
-148
106
209
72
-103
-138
-15
138
97
-54
-116
-26
82
67
-1
-71
-62
37
95
76
-71
-142
-53
103
127
-26
-167
-54
86
85
-63
-128
-21
102
53
-113
-129
-19
123
91
-69
-154
-51
108
116
-19
-106
-58
47
107
51
-36
-54
43
86
-3
-72
26
177
91
-163
-190
68
296
187
-156
-280
-31
254
241
-16
-226
-155
121
244
91
-153
-199
-19
201
185
-69
-236
-136
136
208
16
-203
-168
103
178
6
-141
-100
52
134
44
-84
-115
-44
89
149
27
-120
-102
43
147
48
-102
-66
91
99
-12
-69
10
88
66
-18
-62
-20
78
79
-12
-78
-49
53
64
-6
-61
-46
-16
14
11
-19
-55
-4
27
-32
-139
-84
121
173
-41
-259
-188
134
241
35
-228
-224
-6
229
164
-104
-261
-116
167
242
15
-236
-180
91
224
116
-120
-224
14
207
110
-100
-162
-4
132
80
-55
-102
-16
54
74
39
-37
-87
-56
29
90
30
-83
-98
7
95
2
-99
-89
34
106
-7
-142
-107
67
161
-10
-171
-95
98
148
-6
-124
-76
53
147
52
-99
-83
79
137
-2
-107
-10
167
134
-83
-217
-17
286
243
-108
-300
-87
281
289
-53
-279
-107
167
224
45
-154
-164
8
161
130
-54
-136
-82
42
101
10
-82
-70
40
74
-9
-57
-42
2
60
41
-25
-62
-75
36
132
83
-78
-143
-7
154
115
-64
-120
13
143
90
-73
-120
16
164
126
-74
-170
-12
172
125
-67
-153
-48
141
102
-81
-170
-13
132
54
-105
-131
20
100
-22
-175
-101
107
195
6
-264
-238
103
279
89
-239
-298
8
276
177
-157
-283
-66
226
213
-69
-252
-91
138
167
-16
-124
-32
78
62
8
-35
-48
1
36
55
24
-46
-89
-24
100
149
-2
-225
-143
119
232
41
-213
-197
77
212
41
-202
-199
87
210
0
-226
-153
130
204
-4
-212
-137
94
204
46
-179
-157
100
216
39
-181
-85
145
160
-64
-156
47
249
108
-152
-226
56
296
172
-152
-260
-17
253
219
-47
-216
-117
122
236
51
-154
-137
-8
140
124
-15
-148
-120
33
152
64
-109
-152
-15
160
90
-93
-150
-25
133
133
-45
-168
-106
76
224
79
-157
-190
22
201
125
-87
-157
4
181
118
-96
-131
51
167
60
-117
-117
92
179
36
-137
-118
82
130
-4
-132
-107
52
110
-18
-141
-53
99
85
-102
-212
-39
170
154
-86
-261
-127
132
207
-12
-185
-177
2
158
140
-60
-226
-138
100
244
103
-180
-243
10
226
166
-88
-193
-48
143
125
-31
-112
-54
60
94
31
-72
-105
6
109
120
-18
-173
-113
88
172
9
-173
-120
86
143
-49
-168
-58
92
113
-64
-154
-65
96
106
-44
-138
-47
87
98
-32
-87
1
65
43
6
-7
-8
21
27
6
13
32
90
62
-66
-108
-14
152
197
3
-203
-119
128
238
85
-162
-179
46
193
120
-88
-166
-50
110
158
31
-130
-172
-8
159
105
-74
-177
-42
109
110
-27
-131
-83
118
166
-28
-173
-113
77
202
71
-116
-160
21
194
91
-139
-120
99
190
10
-166
-71
151
199
-20
-175
-77
138
166
-18
-150
-68
70
87
-7
-62
-65
-12
19
38
-29
-81
-3
73
-11
-144
-131
72
193
21
-214
-216
17
249
147
-164
-297
-72
239
227
-71
-300
-164
165
267
36
-232
-202
67
210
101
-82
-134
-26
99
101
-18
-94
-28
52
79
29
-66
-90
20
93
70
-38
-123
-53
66
88
11
-108
-76
60
68
-33
-104
-51
45
69
-14
-133
-88
60
111
21
-114
-120
26
127
72
-85
-121
3
138
112
-37
-115
-16
122
80
-82
-64
112
180
-8
-203
-112
190
301
26
-263
-195
142
320
115
-189
-253
16
278
203
-115
-273
-97
201
247
-31
-229
-118
74
157
18
-110
-99
24
85
15
-57
-42
-17
31
63
24
-46
-92
-27
111
122
-16
-113
-92
59
158
41
-104
-87
86
157
25
-123
-69
138
146
-35
-148
-44
147
144
-44
-150
-63
87
135
22
-154
-131
65
127
-22
-138
-70
81
61
-125
-174
35
221
70
-232
-281
38
280
148
-190
-318
-61
224
238
-75
-301
-145
140
249
58
-213
-204
29
217
133
-72
-153
-59
116
124
-17
-119
-25
77
52
0
-40
-44
-7
48
61
37
-71
-132
-13
135
111
-67
-171
-40
126
86
-102
-149
-10
108
36
-97
-114
16
109
36
-116
-130
32
153
72
-115
-136
33
170
87
-107
-120
82
176
20
-168
-52
204
191
-67
-243
-69
243
274
-30
-247
-134
148
267
81
-170
-189
30
232
135
-116
-180
-40
134
143
15
-124
-136
2
128
93
-74
-139
-51
93
115
-28
-116
-78
44
121
28
-84
-119
1
136
97
-25
-121
-70
112
133
-17
-160
-23
177
111
-97
-126
62
164
51
-81
-93
15
121
85
-68
-110
9
79
30
-45
-76
-21
43
24
-55
-69
0
52
6
-106
-132
22
168
67
-180
-218
-13
194
119
-102
-222
-94
114
175
14
-170
-150
38
187
85
-133
-165
-25
132
135
22
-103
-110
33
131
53
-71
-92
1
91
74
-7
-100
-65
46
139
59
-132
-157
6
164
83
-122
-129
16
119
15
-132
-83
47
93
-29
-135
-77
80
134
-20
-166
-102
84
158
2
-144
-78
84
150
36
-99
-69
69
113
-6
-73
-4
126
112
-56
-123
-28
123
187
22
-127
-133
47
205
143
-86
-198
-42
183
203
-25
-228
-163
118
272
78
-210
-237
18
221
147
-105
-227
-48
157
126
-66
-149
-52
110
146
-26
-134
-102
51
158
75
-90
-109
-5
94
99
-9
-76
-47
90
100
24
-71
-49
67
123
32
-95
-78
75
118
7
-116
-68
95
112
-31
-111
-81
34
86
-7
-106
-45
45
63
-75
-183
-25
180
141
-144
-277
-89
181
235
-59
-276
-177
122
263
59
-237
-275
32
279
175
-128
-267
-83
187
205
8
-173
-132
77
165
28
-105
-57
25
72
48
-20
-78
-47
34
93
39
-71
-126
-54
90
138
10
-149
-138
32
136
4
-127
-106
73
126
-33
-165
-104
118
150
-50
-190
-65
133
137
-56
-143
-37
123
122
-12
-105
-19
90
83
-29
-94
37
194
76
-165
-170
93
294
137
-170
-248
14
250
207
-67
-244
-106
198
256
3
-231
-172
89
256
100
-163
-186
-19
120
107
-35
-90
-74
21
85
39
-38
-97
-19
102
81
-41
-129
-52
111
155
23
-156
-104
77
160
33
-105
-49
90
96
4
-71
-32
82
109
25
-94
-80
74
136
21
-123
-105
69
132
24
-127
-126
30
122
17
-130
-87
73
94
-77
-207
-68
202
193
-143
-344
-106
246
243
-100
-305
-123
128
230
40
-205
-197
3
192
153
-81
-210
-81
130
152
22
-95
-90
31
85
46
-41
-60
2
47
70
46
-118
-127
60
170
112
-121
-231
-37
188
163
-74
-202
-81
131
138
-97
-210
-9
140
66
-104
-173
-4
154
77
-119
-168
9
158
90
-114
-130
36
139
83
-62
-93
18
131
68
-99
-91
134
193
15
-195
-151
159
295
68
-229
-206
93
299
163
-149
-260
-28
247
209
-48
-217
-146
111
202
79
-131
-189
-44
123
145
-5
-165
-121
59
153
39
-127
-129
38
184
55
-105
-141
-41
107
159
37
-142
-139
60
173
67
-119
-106
75
169
54
-133
-100
89
186
51
-163
-137
106
206
29
-175
-118
105
158
-19
-161
-107
62
119
-1
-153
-92
113
111
-94
-223
-49
200
152
-134
-279
-88
169
185
-31
-216
-161
20
177
117
-87
-220
-85
151
213
-11
-228
-148
98
226
73
-151
-152
33
156
84
-63
-99
-8
70
71
20
-80
-93
39
119
68
-73
-156
-32
112
122
-24
-144
-93
61
125
-21
-144
-76
78
93
-70
-141
-20
125
78
-97
-152
2
132
84
-85
-119
2
139
82
-56
-80
26
121
53
-97
-71
93
185
71
-145
-172
79
257
124
-131
-198
-18
196
202
-13
-183
-143
83
252
104
-158
-219
-25
222
207
-73
-245
-120
118
183
-6
-154
-84
77
108
-33
-124
-36
74
101
-15
-111
-61
42
67
43
9
-22
-31
-12
32
47
25
-28
4
42
32
-11
-19
50
66
0
-49
-21
47
93
25
-73
-77
19
88
48
-82
-124
-36
103
65
-92
-118
14
106
-38
-181
-73
118
167
-39
-249
-186
122
258
36
-255
-244
49
253
117
-143
-259
-71
216
217
-45
-248
-144
117
214
79
-126
-166
-4
144
103
-52
-115
5
73
63
-7
-76
-57
26
92
89
-53
-169
-71
105
163
-5
-191
-110
79
136
-19
-173
-95
98
152
-49
-191
-93
121
140
-52
-181
-53
105
129
-18
-144
-57
119
117
4
-91
-80
103
149
-17
-131
0
196
142
-97
-223
12
266
174
-104
-240
-43
227
229
-13
-230
-124
136
224
48
-158
-200
15
241
156
-118
-218
-66
112
152
-8
-124
-100
31
93
29
-59
-64
2
48
55
-5
-61
-94
-6
146
118
-83
-151
-13
159
134
-61
-154
5
170
83
-87
-109
56
160
71
-120
-106
50
178
63
-134
-134
52
156
39
-161
-136
63
142
1
-161
-96
97
140
-83
-246
-93
180
226
-76
-316
-176
174
268
4
-271
-222
69
243
87
-191
-199
-3
162
126
-37
-118
-83
-1
88
119
27
-110
-88
33
127
55
-69
-95
13
114
44
-70
-89
3
108
85
-59
-145
-69
90
153
3
-171
-114
80
124
-30
-148
-89
78
112
-48
-144
-74
97
120
-50
-160
-64
97
144
-7
-152
-64
89
137
28
-103
-75
80
156
10
-124
-45
162
183
-60
-220
-73
248
281
-56
-278
-117
202
272
21
-221
-153
101
237
92
-147
-191
-16
168
141
-10
-142
-133
7
159
91
-99
-153
-43
134
96
-58
-118
-48
118
117
-40
-143
-101
77
170
78
-101
-169
7
194
107
-110
-132
66
173
29
-124
-59
105
135
27
-116
-77
67
148
38
-101
-102
11
122
57
-87
-124
-11
94
37
-78
-82
11
58
-21
-125
-105
64
161
22
-207
-193
32
194
103
-125
-235
-77
167
190
-40
-248
-139
121
248
73
-216
-238
39
236
155
-109
-207
-27
171
137
-58
-158
-19
146
80
-61
-92
-50
54
110
62
-81
-139
-47
90
119
-4
-128
-97
62
121
-45
-142
-55
68
95
-31
-133
-67
83
96
-30
-138
-77
76
142
12
-143
-87
66
146
54
-82
-92
39
133
57
-82
-59
97
150
7
-173
-98
178
267
13
-239
-147
140
264
84
-186
-197
62
253
134
-150
-250
-33
224
205
-32
-247
-175
101
237
64
-205
-172
61
180
51
-106
-127
-18
110
120
-43
-128
-84
60
148
50
-98
-107
17
118
77
-48
-92
14
139
98
-84
-103
49
164
63
-104
-110
46
154
40
-92
-107
16
113
56
-97
-131
-19
109
76
-90
-131
-6
109
4
-186
-113
105
185
21
-226
-237
34
245
130
-157
-281
-80
202
221
-46
-275
-185
135
285
76
-220
-247
17
219
196
-61
-225
-73
147
154
-19
-134
-52
105
103
-32
-79
-41
22
67
71
-24
-135
-59
84
83
-5
-84
-58
8
52
-2
-69
-57
11
40
-10
-69
-58
25
66
14
-107
-85
57
94
15
-75
-85
39
127
64
-55
-105
23
166
73
-110
-97
104
208
7
-206
-115
190
276
-5
-247
-160
159
301
86
-218
-212
90
268
105
-153
-202
-26
180
157
-21
-150
-109
20
113
52
-81
-76
-2
60
33
-34
-50
-16
27
42
-9
-25
-44
-14
65
92
-1
-116
-63
86
111
2
-92
-2
100
74
-44
-82
26
108
72
-22
-107
-33
116
128
-32
-143
-78
90
139
7
-160
-123
72
137
6
-148
-92
54
58
-89
-143
24
160
58
-166
-240
-2
210
131
-120
-256
-95
169
189
-26
-224
-159
95
247
81
-186
-231
15
219
136
-61
-180
-65
132
135
-16
-114
-37
69
80
12
-87
-80
40
102
77
-35
-142
-78
54
127
50
-105
-139
-2
107
46
-90
-120
-17
131
59
-119
-144
2
129
76
-99
-156
15
141
58
-91
-98
25
131
91
-61
-102
36
124
12
-67
-10
109
142
-39
-152
-58
167
216
-9
-207
-92
144
240
42
-165
-159
70
227
87
-118
-167
-49
131
172
20
-155
-131
-2
112
92
-31
-125
-81
68
135
-14
-126
-81
76
143
-4
-134
-109
42
159
92
-98
-142
-13
134
122
-40
-126
-1
139
83
-54
-101
11
147
84
-77
-101
9
145
101
-90
-131
19
113
49
-90
-109
-12
78
46
-71
-98
8
70
-3
-122
-130
46
155
58
-173
-232
-5
223
139
-149
-264
-66
174
192
-50
-253
-125
120
204
68
-148
-202
-22
155
134
-2
-96
-86
31
114
53
-53
-86
-4
89
50
-40
-88
-25
107
106
-37
-149
-66
92
114
-2
-108
-80
14
69
21
-94
-97
26
98
0
-121
-129
59
158
-3
-135
-115
43
123
66
-83
-120
-6
140
112
-25
-136
-21
135
115
-56
-97
35
178
91
-130
-161
36
254
152
-170
-197
45
225
173
-72
-229
-86
204
229
-31
-219
-162
92
256
92
-158
-201
-20
135
112
-41
-130
-54
76
61
-24
-68
-40
35
87
31
-82
-93
-7
117
110
-38
-120
-60
88
113
18
-105
-38
109
97
3
-86
-23
92
94
10
-62
-60
31
115
29
-85
-98
25
116
57
-109
-130
-1
148
59
-143
-154
62
138
-53
-227
-77
193
185
-129
-311
-124
220
265
-64
-313
-190
147
266
59
-243
-247
48
267
139
-166
-267
-37
208
196
-23
-176
-81
96
103
-8
-57
0
25
5
-11
14
-21
-43
11
93
56
-88
-103
-2
65
55
-32
-96
-59
43
68
-38
-88
-46
64
71
-73
-146
-54
135
97
-97
-181
-13
179
100
-82
-153
-9
133
117
-19
-124
-38
112
131
-26
-131
12
191
103
-135
-174
68
259
140
-163
-224
44
265
178
-116
-247
-52
213
234
-32
-260
-135
133
209
63
-146
-150
-12
95
97
-15
-112
-69
55
71
0
-36
-46
-14
56
48
-19
-96
-54
96
144
16
-142
-128
73
198
77
-129
-119
64
188
69
-138
-98
104
160
1
-131
-62
108
166
-8
-180
-87
130
163
2
-198
-136
88
193
-14
-223
-120
155
161
-106
-285
-70
222
214
-120
-317
-126
221
244
-72
-312
-154
154
216
3
-218
-159
68
181
93
-85
-166
-82
96
153
69
-85
-152
-6
146
107
-61
-107
-37
83
109
5
-118
-86
60
142
71
-103
-189
-14
155
122
-64
-184
-58
125
94
-85
-162
-17
133
59
-120
-141
29
120
31
-120
-127
43
146
55
-129
-112
83
155
27
-98
-79
66
129
37
-95
-73
86
186
32
-175
-117
148
267
42
-197
-159
101
228
82
-101
-145
-21
146
144
7
-133
-145
25
191
122
-85
-169
-79
90
158
-6
-156
-100
62
123
6
-88
-89
-10
103
117
-36
-163
-96
101
182
55
-155
-150
82
192
32
-149
-90
132
174
-13
-155
-55
133
154
-35
-140
-24
117
90
-35
-105
-43
68
85
1
-104
-83
24
84
23
-112
-92
60
82
-89
-191
-17
166
114
-125
-215
-74
138
135
-38
-184
-145
47
147
73
-91
-182
-91
145
199
20
-209
-191
84
215
112
-117
-178
2
172
109
-79
-144
-7
120
84
-19
-113
-48
70
118
60
-108
-146
-8
149
87
-86
-145
-41
118
74
-112
-116
15
76
18
-66
-95
-14
73
56
-26
-110
-62
66
115
2
-112
-44
65
91
38
-68
-58
42
114
52
-71
-22
109
113
-47
-175
11
242
175
-108
-228
-39
188
236
8
-221
-159
116
277
87
-219
-243
43
282
191
-162
-290
-69
192
221
-67
-225
-86
113
154
-19
-166
-96
83
166
49
-133
-151
-7
156
118
-37
-108
-59
39
90
41
-17
-37
13
61
56
-18
-45
21
99
44
-63
-67
27
124
37
-79
-89
17
98
69
-75
-152
-49
107
108
-81
-153
-17
110
-5
-178
-94
138
178
-50
-260
-171
112
223
31
-206
-218
16
213
147
-114
-261
-79
179
218
-7
-237
-191
100
253
89
-132
-165
6
168
80
-88
-97
28
84
21
-16
-8
-28
-35
26
108
32
-133
-130
60
174
33
-171
-138
53
152
8
-147
-119
55
136
-24
-165
-88
100
136
-26
-164
-93
81
153
7
-149
-108
125
186
6
-142
-94
107
163
8
-132
-25
177
144
-88
-218
1
274
198
-118
-237
-10
220
199
-52
-216
-88
165
232
23
-217
-177
51
247
117
-138
-179
-27
96
93
-23
-90
-38
44
38
-32
-26
-15
-17
36
54
-15
-68
-73
41
112
83
-70
-118
7
121
97
-46
-109
18
134
72
-58
-106
43
180
68
-131
-136
72
191
54
-144
-132
54
175
51
-144
-147
43
129
17
-133
-111
52
113
-30
-170
-117
107
203
-42
-262
-151
111
224
26
-223
-210
31
226
109
-154
-244
-16
206
156
-71
-186
-117
77
163
89
-64
-135
-40
101
122
24
-108
-87
33
126
72
-111
-138
30
182
91
-120
-200
-35
163
145
-72
-202
-62
158
147
-103
-221
-48
159
128
-87
-232
-66
148
127
-51
-175
-69
99
137
5
-152
-78
96
164
11
-144
-50
136
139
-43
-134
-8
194
152
-86
-213
-26
232
204
-49
-210
-82
165
223
44
-190
-139
67
200
109
-98
-182
-66
146
193
-1
-169
-156
14
188
126
-136
-202
8
199
79
-137
-141
10
135
85
-66
-123
-51
67
138
54
-99
-132
20
156
79
-72
-86
23
122
48
-70
-48
65
99
16
-68
-53
50
101
29
-60
-73
11
71
28
-52
-65
-28
39
23
-59
-63
7
36
-23
-121
-86
66
147
0
-208
-191
75
218
73
-182
-217
-57
155
191
-17
-240
-178
113
285
70
-219
-246
30
249
146
-87
-189
-43
146
120
-48
-119
-7
73
42
-14
-60
-18
32
67
55
-32
-105
-68
58
103
-4
-103
-67
53
80
-36
-142
-37
75
72
-29
-128
-103
79
120
1
-135
-106
52
152
29
-125
-81
49
124
87
-57
-105
21
126
35
-53
-19
80
115
4
-129
-72
133
223
35
-193
-154
101
279
108
-191
-227
53
277
166
-150
-279
-60
243
231
-50
-237
-129
89
172
30
-115
-106
21
82
23
-49
-31
-12
26
59
-2
-83
-78
18
112
97
-19
-135
-77
117
146
-7
-124
-37
110
126
-33
-108
5
112
121
-22
-150
-42
140
147
-50
-160
-43
124
127
-53
-181
-90
126
131
-67
-178
-38
128
52
-138
-162
41
176
25
-203
-189
72
203
23
-168
-200
3
168
114
-80
-208
-79
137
207
32
-222
-197
80
215
83
-95
-107
-5
82
71
-10
-49
-28
26
32
41
23
-76
-68
46
153
39
-177
-163
57
211
66
-174
-171
50
197
26
-203
-156
83
177
-10
-175
-111
63
119
31
-139
-126
79
152
9
-122
-102
47
166
83
-105
-129
56
185
53
-150
-68
175
188
-44
-240
-81
246
251
-21
-254
-127
171
262
49
-225
-173
113
253
90
-159
-206
-14
182
166
-36
-172
-85
31
101
78
-49
-115
-48
44
84
6
-83
-62
28
87
38
-31
-111
-68
135
163
-29
-176
-66
136
145
1
-145
-71
158
181
-34
-181
-29
165
142
-54
-159
-28
156
130
-79
-161
9
135
85
-77
-163
-51
109
119
-60
-184
-31
129
71
-149
-205
23
183
106
-158
-240
-63
196
175
-104
-245
-115
152
176
-12
-178
-143
38
210
94
-149
-216
-5
180
142
-15
-126
-96
40
135
46
-75
-57
29
81
12
-60
-56
18
85
61
-48
-111
-38
38
72
42
-73
-102
-10
92
46
-88
-133
-6
123
51
-138
-145
36
116
32
-88
-96
11
92
44
-70
-84
35
138
64
-83
-94
35
152
87
-126
-110
116
220
12
-194
-129
173
286
32
-219
-167
118
272
107
-174
-228
23
258
174
-103
-240
-100
169
236
10
-191
-162
33
165
79
-112
-151
-11
135
90
-67
-149
-51
132
124
-35
-133
-122
55
187
83
-113
-150
17
150
96
-56
-121
22
140
69
-66
-83
19
132
84
-69
-114
15
128
74
-56
-124
-23
106
76
-32
-108
-68
35
62
-3
-100
-62
68
42
-104
-145
23
143
55
-115
-187
-34
114
119
-57
-169
-128
58
179
78
-164
-229
-6
251
182
-128
-295
-80
232
234
-50
-212
-92
128
149
11
-110
-89
64
100
44
-87
-88
20
89
73
-19
-109
-81
29
100
71
-68
-114
-38
95
50
-65
-115
-49
73
44
-61
-85
-12
45
46
-38
-82
-11
47
48
-8
-61
-25
68
109
-1
-112
-23
121
113
-66
-100
50
172
79
-110
-161
46
267
141
-155
-230
32
288
193
-155
-282
-27
273
243
-88
-304
-133
216
277
1
-237
-147
61
133
36
-79
-67
-1
31
5
0
16
-29
-47
27
56
2
-90
-78
101
154
1
-146
-99
78
159
67
-104
-110
60
154
71
-103
-93
78
143
43
-105
-108
51
175
49
-116
-118
42
138
28
-150
-124
62
163
-13
-175
-113
103
165
-74
-262
-96
227
215
-135
-357
-129
245
270
-87
-330
-165
180
277
-3
-281
-202
96
261
93
-170
-212
-30
159
169
21
-123
-122
32
119
57
-31
-44
-15
-2
31
60
-20
-57
-28
77
101
-75
-146
-27
119
127
-76
-162
-48
124
107
-94
-181
-45
119
97
-63
-168
-66
112
119
-62
-161
-63
129
131
-57
-172
-36
149
162
-29
-181
-33
191
145
-124
-175
93
296
66
-227
-213
143
319
96
-228
-203
83
257
141
-121
-202
-35
177
194
-23
-190
-144
96
208
69
-121
-157
-35
100
111
-14
-116
-72
43
73
18
-42
-73
-20
88
69
-49
-106
-31
79
107
-1
-97
-54
79
120
-15
-104
-39
121
128
-13
-127
-33
135
149
-49
-131
-57
114
159
4
-146
-81
73
134
5
-168
-98
91
133
-46
-168
-53
98
87
-104
-193
-11
165
79
-113
-192
-52
141
137
-70
-191
-117
81
150
24
-141
-153
10
152
123
-57
-170
-87
81
164
74
-90
-151
-14
144
117
-52
-140
-21
111
89
-20
-103
-64
71
139
39
-157
-149
33
190
80
-146
-171
5
161
86
-137
-175
-14
149
79
-116
-176
-30
146
116
-78
-150
-46
122
94
-87
-117
18
132
81
-40
-81
1
93
84
-30
-85
52
139
53
-97
-121
63
212
95
-108
-149
10
175
153
-43
-184
-90
143
223
38
-185
-191
40
233
133
-132
-206
-48
134
148
-28
-149
-97
80
141
-13
-134
-95
74
139
36
-119
-137
-7
160
121
-59
-126
-53
92
128
1
-111
-52
117
153
-17
-128
-65
110
145
-2
-127
-73
84
148
40
-130
-124
56
144
18
-112
-137
5
138
53
-117
-169
33
174
-4
-220
-130
122
193
-42
-251
-146
106
192
23
-192
-194
10
207
118
-137
-242
-76
203
233
-49
-257
-155
132
203
77
-114
-155
8
145
82
-52
-95
10
61
45
-9
-59
-29
40
77
34
-81
-95
-11
75
68
-18
-120
-52
80
76
-47
-122
-46
68
64
-30
-111
-76
49
92
30
-118
-116
47
153
38
-135
-97
90
176
30
-166
-65
130
171
-13
-156
-27
182
180
-105
-236
8
292
205
-145
-251
-3
241
195
-76
-224
-67
188
210
-15
-190
-157
81
220
86
-133
-170
-19
126
86
-41
-109
-32
43
46
-31
-50
-13
61
44
-17
-44
-33
-23
30
78
43
-50
-89
4
110
67
-54
-94
32
127
83
-63
-95
22
154
85
-78
-149
-18
180
151
-105
-197
-14
184
111
-128
-190
-8
161
83
-120
-162
5
126
17
-176
-141
106
175
-23
-215
-152
85
181
44
-188
-229
25
231
120
-158
-266
-35
235
218
-63
-266
-149
155
239
45
-166
-158
19
195
100
-87
-129
7
117
68
-44
-107
-57
74
118
33
-86
-130
-5
124
111
-82
-170
-62
128
118
-79
-186
-77
118
134
-41
-177
-120
77
171
22
-181
-137
98
165
1
-150
-77
107
152
21
-130
-84
115
142
-8
-126
3
178
129
-108
-189
44
248
153
-104
-208
-35
175
205
8
-179
-113
98
199
59
-145
-168
-29
165
195
-1
-202
-186
52
196
88
-112
-150
-29
104
93
-28
-112
-68
83
119
14
-137
-132
62
202
74
-133
-174
42
212
88
-121
-138
67
185
60
-120
-118
93
182
42
-138
-122
90
190
47
-146
-137
63
154
46
-120
-154
-13
141
81
-103
-140
8
126
7
-172
-126
91
166
-23
-222
-161
102
204
7
-202
-174
36
157
92
-100
-186
-67
139
190
19
-192
-185
41
191
119
-48
-145
-77
90
154
18
-107
-95
51
128
33
-100
-95
17
108
82
-51
-136
-58
92
116
-24
-135
-67
63
93
-45
-126
-65
57
81
-10
-127
-85
47
121
9
-149
-100
73
138
-9
-132
-46
92
120
12
-93
-29
82
85
-9
-78
-8
129
141
-41
-187
-45
206
209
-39
-185
-95
129
239
45
-191
-154
102
243
81
-174
-224
15
256
159
-109
-230
-69
125
142
-16
-136
-62
71
73
-18
-68
-50
9
64
63
-36
-107
-36
63
111
37
-65
-75
-1
103
77
-36
-100
-7
135
120
-55
-118
0
133
99
-41
-127
-14
120
118
-32
-134
-63
96
102
-13
-125
-88
39
116
19
-152
-114
79
96
-99
-158
-7
152
83
-159
-202
-12
160
118
-91
-247
-93
183
224
-53
-311
-195
184
323
44
-289
-241
88
286
141
-135
-217
-22
172
131
-61
-128
-21
103
92
-9
-104
-72
40
90
57
-40
-102
-55
54
108
17
-115
-95
35
103
2
-140
-110
68
132
-5
-151
-92
52
116
19
-121
-105
25
136
39
-119
-83
51
145
77
-96
-111
76
154
21
-93
-57
108
181
6
-172
-107
164
267
18
-255
-154
175
298
47
-226
-200
92
282
138
-171
-282
-39
252
237
-76
-269
-124
128
183
4
-149
-81
48
86
-17
-66
-23
27
36
-1
-9
-9
-51
-18
54
84
20
-95
-78
76
135
8
-103
-56
98
116
10
-74
-56
82
119
19
-109
-73
115
130
-20
-134
-71
109
122
-51
-173
-69
116
135
-71
-179
-56
126
72
-136
-178
18
195
76
-204
-251
18
267
115
-207
-279
-17
239
186
-146
-284
-76
198
240
-27
-228
-167
78
193
81
-58
-102
-54
67
94
31
-57
-37
20
27
43
10
-70
-48
42
113
32
-123
-114
24
158
59
-144
-150
52
171
1
-193
-157
73
184
34
-192
-164
67
195
46
-193
-187
78
243
49
-190
-152
101
223
59
-177
-141
126
217
26
-182
-99
175
227
-37
-230
-95
217
259
-14
-239
-128
177
284
25
-212
-185
77
269
119
-142
-222
-29
193
172
-48
-181
-86
60
95
33
-72
-92
1
81
20
-50
-44
12
47
27
-11
-32
-61
-36
99
117
-23
-114
-58
86
119
12
-122
-46
121
154
-23
-162
-45
129
189
13
-187
-107
150
184
-40
-186
-78
133
170
-20
-202
-139
103
194
-22
-215
-110
124
128
-112
-190
-4
179
96
-158
-252
-40
217
136
-118
-255
-63
180
161
-84
-215
-101
118
198
46
-174
-180
30
186
121
-50
-136
-54
74
128
34
-85
-85
36
97
27
-62
-70
-10
71
80
10
-113
-116
28
167
85
-155
-176
11
179
51
-160
-144
52
146
-11
-149
-91
43
103
9
-85
-83
21
94
37
-49
-84
2
101
72
-29
-76
-2
103
56
-41
-31
73
107
3
-92
-37
124
130
-10
-98
-55
64
153
107
-85
-157
-18
186
169
-46
-217
-148
134
289
75
-237
-271
33
287
130
-174
-220
17
171
65
-80
-101
-20
68
70
-5
-69
-63
0
104
99
-39
-113
-28
124
79
-30
-91
-22
117
121
-20
-130
-39
122
147
6
-158
-82
129
158
-17
-151
-78
104
100
-22
-104
-76
24
73
22
-102
-79
28
74
-30
-158
-65
111
106
-84
-203
-66
133
145
-56
-214
-110
107
177
-20
-189
-149
67
209
87
-127
-198
-41
187
152
-60
-135
-29
83
78
18
-51
-39
34
35
-18
-10
7
-18
10
48
47
-51
-117
-22
102
102
-69
-165
-11
126
37
-96
-135
17
103
33
-115
-133
16
118
70
-75
-145
-22
105
87
-41
-106
-29
108
136
-34
-125
-15
147
111
-61
-120
40
187
92
-135
-163
99
249
82
-145
-175
40
229
157
-109
-233
-26
235
204
-78
-245
-108
163
242
31
-218
-168
38
157
92
-81
-130
-33
84
72
-17
-73
-63
27
89
19
-61
-84
-12
104
92
3
-95
-95
52
159
39
-127
-86
123
177
-2
-169
-68
147
186
-2
-168
-81
116
163
5
-143
-92
71
134
4
-126
-108
26
121
24
-108
-115
15
96
-4
-156
-94
93
159
-32
-239
-150
136
216
-31
-278
-160
163
223
-21
-250
-171
125
234
45
-168
-163
15
139
98
-17
-67
-50
2
39
67
35
-32
-64
-25
79
66
-49
-90
-4
110
76
-97
-136
-8
139
96
-109
-170
-1
142
65
-119
-164
2
142
72
-100
-165
-43
116
108
-73
-164
-39
133
114
-85
-145
-10
169
125
-70
-142
10
149
100
-95
-121
73
208
75
-143
-173
82
258
124
-172
-194
62
225
114
-112
-158
-8
162
173
-28
-213
-137
110
251
88
-186
-242
-5
193
143
-80
-179
-74
98
141
0
-135
-113
56
152
52
-88
-148
-29
147
113
-28
-141
-47
86
126
21
-116
-80
111
167
-13
-142
-28
141
140
-17
-134
-64
102
144
1
-135
-83
83
135
-14
-159
-93
81
127
-25
-168
-61
98
69
-109
-153
1
121
73
-113
-192
-65
138
147
-36
-178
-139
66
167
48
-165
-195
28
215
138
-102
-229
-97
127
214
64
-127
-167
8
164
93
-70
-103
10
76
48
-15
-72
-32
60
86
15
-84
-85
6
63
61
-48
-106
-10
68
25
-65
-68
-10
44
34
-78
-78
-12
45
49
-26
-119
-48
119
117
-50
-149
-30
143
118
-55
-122
-22
146
128
-57
-143
26
199
98
-97
-148
36
187
145
-68
-171
-21
165
169
-1
-184
-107
140
209
20
-189
-167
72
235
110
-129
-209
-48
141
130
-42
-127
-62
46
54
11
-27
-38
-4
33
33
-22
-53
-47
48
98
18
-77
-75
49
133
36
-111
-75
88
168
20
-113
-103
84
178
41
-123
-113
75
159
29
-115
-80
57
96
-6
-125
-81
60
87
-26
-115
-55
78
68
-113
-190
-1
150
96
-85
-205
-111
90
173
30
-199
-206
33
221
117
-164
-258
-42
217
206
-57
-267
-126
157
223
40
-144
-135
39
132
71
-56
-71
2
26
24
19
0
-44
-23
56
97
-15
-136
-76
76
122
7
-130
-106
37
122
4
-142
-101
69
130
-42
-152
-86
75
139
-8
-144
-102
84
154
-5
-158
-63
94
166
17
-116
-76
98
152
6
-139
-41
177
178
-64
-223
-28
264
219
-99
-262
-41
248
217
-65
-228
-89
186
243
-6
-230
-190
83
265
111
-155
-203
-26
133
124
-53
-103
-58
40
65
-8
-44
-20
5
5
22
7
-24
-67
-7
118
97
-60
-140
-20
134
101
-56
-110
15
158
98
-92
-110
25
167
92
-81
-162
22
192
101
-126
-172
24
191
75
-153
-187
20
185
62
-157
-164
22
140
31
-167
-153
67
188
14
-214
-195
60
214
61
-181
-209
8
199
114
-161
-237
-5
211
173
-89
-226
-106
135
201
7
-131
-70
56
72
27
-2
-22
-24
6
32
41
-24
-77
-9
78
79
-27
-119
-75
69
120
-19
-144
-64
92
80
-72
-142
-47
113
94
-78
-163
-72
112
143
-57
-188
-73
148
156
-43
-166
-51
101
144
4
-122
-35
107
107
-26
-102
26
170
95
-93
-143
19
194
134
-75
-174
-4
165
156
-23
-150
-78
116
170
19
-138
-145
54
183
105
-90
-174
-64
57
109
51
-55
-96
-51
53
80
18
-75
-88
29
95
49
-77
-144
18
184
132
-91
-205
-10
222
130
-112
-163
29
208
111
-138
-169
68
228
102
-150
-151
47
189
83
-127
-145
30
158
48
-109
-120
-8
107
53
-93
-129
10
95
22
-143
-119
57
154
12
-185
-185
74
191
22
-184
-188
19
194
110
-141
-231
-41
192
178
-40
-221
-133
113
205
54
-121
-128
-8
139
100
-38
-76
-56
37
86
31
-54
-86
2
85
106
-24
-168
-95
99
157
-19
-181
-116
115
154
-54
-184
-72
109
118
-53
-186
-99
99
165
-13
-186
-108
119
164
-18
-164
-87
118
167
11
-141
-79
114
166
-9
-137
-18
163
146
-57
-186
-32
203
194
-41
-188
-77
149
216
27
-175
-129
70
215
112
-130
-231
-36
233
207
-90
-238
-109
116
171
32
-159
-137
45
123
51
-65
-91
-22
72
78
-37
-91
-47
47
94
44
-31
-105
-15
117
98
-41
-98
16
110
66
-46
-78
25
121
98
-35
-132
-35
119
134
-27
-173
-62
143
125
-56
-187
-72
113
128
-40
-177
-79
103
100
-99
-178
-22
138
97
-131
-210
-39
186
134
-120
-263
-81
194
209
-65
-293
-138
198
258
-2
-268
-200
114
241
76
-127
-134
19
126
60
-68
-73
52
74
-18
-30
-21
27
33
-2
24
-4
-44
-58
6
93
25
-107
-88
39
103
-3
-152
-107
76
136
-25
-170
-92
78
131
-1
-146
-109
56
149
59
-118
-125
60
189
64
-140
-126
104
199
34
-147
-68
141
175
-30
-170
-66
161
209
-2
-154
-83
86
149
79
-63
-119
-25
128
168
-26
-214
-128
157
266
-2
-247
-147
95
176
31
-135
-115
29
108
2
-65
-29
-3
27
20
3
-12
-88
-41
110
126
-15
-133
-75
100
156
-16
-163
-33
174
141
-59
-159
-38
165
165
-52
-164
-35
152
149
-66
-178
-36
163
110
-96
-172
-30
123
86
-93
-161
-20
150
53
-167
-199
56
218
75
-211
-262
30
250
99
-198
-259
-19
207
162
-112
-240
-71
146
187
3
-192
-168
59
190
99
-58
-120
-52
94
95
-14
-74
-9
47
14
16
-2
-51
-19
40
95
36
-108
-131
15
150
84
-131
-147
28
149
47
-158
-176
37
199
51
-208
-194
90
221
30
-194
-179
98
217
20
-214
-91
144
167
-14
-150
-88
162
192
-36
-175
-33
179
193
-61
-216
-37
210
214
-41
-197
-73
134
203
35
-133
-128
33
164
157
-67
-234
-99
172
231
12
-220
-152
68
160
45
-106
-90
-3
55
19
-20
-4
-29
-8
24
28
-1
-82
-37
107
111
-42
-130
-24
121
107
-68
-120
52
168
77
-101
-138
44
189
98
-88
-135
18
129
83
-47
-121
-43
112
113
-46
-145
-86
42
127
34
-145
-160
61
160
-37
-197
-78
127
131
-80
-230
-85
172
155
-108
-239
-84
168
176
-72
-187
-84
68
143
85
-90
-196
-64
148
180
41
-148
-146
32
162
113
-68
-130
-20
93
87
-30
-108
-19
73
93
-11
-122
-78
56
99
7
-83
-74
6
53
-6
-81
-55
41
74
-48
-126
-61
45
90
18
-94
-92
10
71
57
-40
-79
16
85
58
-13
-71
-10
91
89
-20
-89
33
157
93
-114
-135
62
204
125
-123
-183
27
218
127
-105
-165
-18
189
188
-64
-243
-114
163
239
31
-215
-181
61
177
72
-119
-125
-9
94
72
-44
-72
-21
44
60
1
-47
-54
-16
80
77
-11
-66
-50
41
88
32
-71
-38
80
114
14
-101
-29
134
108
-34
-115
-22
74
98
29
-77
-85
8
82
53
-69
-118
-19
112
61
-105
-130
2
98
-16
-144
-87
67
133
-34
-200
-109
94
134
-39
-183
-115
96
171
0
-185
-128
54
183
92
-127
-191
-47
134
175
11
-135
-92
67
110
23
-50
-35
17
41
5
-16
-53
-1
63
67
7
-85
-99
-8
103
69
-94
-125
15
121
40
-139
-139
38
127
31
-131
-139
20
151
56
-124
-160
-3
163
115
-103
-197
19
223
137
-122
-199
40
244
94
-154
-158
107
263
65
-210
-157
144
274
30
-176
-121
110
193
41
-123
-102
23
132
115
-24
-152
-101
72
199
68
-140
-177
-20
133
104
-47
-114
-47
32
37
30
-2
-50
-43
37
81
29
-111
-123
49
185
77
-127
-143
58
183
34
-139
-82
112
166
15
-136
-98
121
206
24
-192
-127
138
213
14
-185
-134
102
190
6
-202
-108
116
142
-54
-177
-82
122
130
-103
-223
-54
198
147
-150
-279
-52
209
142
-101
-226
-68
129
163
-34
-197
-135
84
200
67
-127
-187
-40
151
166
13
-135
-96
47
92
39
-35
-17
-10
-16
44
59
-13
-87
-27
108
90
-81
-154
-28
138
102
-80
-165
-24
121
95
-83
-179
-25
155
51
-135
-152
-11
128
83
-88
-149
-2
119
90
-90
-128
14
138
94
-55
-108
-2
124
99
-47
-102
49
169
41
-110
-96
68
191
67
-96
-110
18
163
120
-62
-148
-23
141
141
-6
-193
-151
101
265
73
-204
-212
12
180
145
-99
-180
-49
115
94
-16
-88
-89
34
103
64
-81
-154
-33
185
138
-79
-163
-18
124
112
-36
-118
-19
147
120
-47
-124
-8
118
125
-10
-133
-55
109
139
-2
-125
-89
66
134
0
-125
-108
51
130
-2
-131
-112
60
116
-64
-164
-65
111
84
-78
-151
-51
62
80
-25
-110
-84
20
103
31
-88
-134
-38
112
161
-8
-216
-145
126
240
61
-145
-183
3
183
130
-92
-159
-2
137
105
-36
-141
-38
100
110
15
-124
-111
27
124
59
-102
-121
13
105
44
-89
-140
-26
107
37
-72
-103
-34
76
57
-30
-72
-34
47
66
-28
-90
7
86
53
-5
-77
4
109
81
-54
-88
49
169
70
-88
-119
20
171
131
-69
-143
-6
166
139
-24
-147
-75
102
191
40
-181
-165
78
222
83
-140
-196
-28
145
120
-45
-138
-58
55
96
20
-83
-77
15
91
20
-41
-52
-27
43
66
27
-30
-68
26
93
35
-62
-56
62
113
42
-68
-76
56
131
43
-104
-85
51
120
65
-76
-121
-10
133
84
-105
-168
-55
131
169
-49
-234
-125
134
166
-76
-223
-62
147
102
-99
-205
-61
146
144
-80
-245
-113
203
210
-96
-299
-76
236
236
-86
-300
-106
199
223
1
-173
-133
71
154
34
-85
-54
47
63
-9
-38
-13
11
9
5
48
12
-79
-78
23
90
26
-72
-101
26
114
8
-173
-102
77
148
-24
-192
-133
92
215
12
-223
-154
121
221
3
-213
-129
151
244
-9
-211
-84
184
200
-50
-198
-26
242
160
-127
-221
14
282
202
-147
-233
18
233
168
-87
-216
-30
207
192
-44
-210
-118
110
215
64
-160
-175
-10
124
110
-26
-110
-69
37
57
21
-24
-67
-44
54
84
7
-70
-100
19
137
74
-74
-121
30
143
53
-105
-72
89
132
35
-89
-94
68
166
59
-88
-117
16
150
88
-94
-144
21
159
61
-138
-154
13
162
40
-161
-142
71
146
-17
-221
-122
127
173
-39
-216
-141
77
176
27
-193
-164
62
178
46
-163
-176
4
172
142
-59
-199
-92
112
168
49
-98
-131
3
131
106
-34
-132
-51
90
122
0
-117
-82
66
119
57
-76
-163
-56
118
146
-36
-188
-72
112
123
-71
-197
-70
143
150
-101
-231
-51
171
118
-108
-174
-10
152
106
-95
-172
-7
179
133
-56
-169
-54
184
176
-78
-189
15
256
155
-139
-205
0
239
184
-106
-202
5
184
178
-31
-160
-99
116
201
41
-161
-171
18
195
157
-93
-211
-82
111
161
-1
-141
-90
64
86
-25
-68
-24
19
56
26
-8
-48
-69
16
95
60
-38
-84
-25
110
115
-67
-138
45
203
65
-135
-129
93
223
54
-171
-130
84
176
24
-112
-91
45
116
24
-110
-114
40
118
19
-117
-125
42
141
-43
-175
-93
103
132
-34
-176
-129
55
146
32
-108
-150
-23
125
102
-89
-201
-54
170
179
-36
-221
-119
134
184
9
-121
-97
40
104
49
-42
-59
28
64
9
-11
-41
-4
22
26
40
-36
-84
-49
60
95
-8
-120
-83
64
94
-32
-143
-79
87
130
-53
-164
-113
80
182
24
-182
-168
68
194
37
-161
-116
83
182
60
-119
-124
54
183
80
-120
-109
103
209
3
-179
-76
153
231
-14
-205
-83
155
219
31
-174
-131
121
229
51
-186
-197
42
216
128
-106
-193
-46
107
115
-8
-115
-78
54
66
-21
-43
-4
6
-9
-18
10
44
-28
-61
17
68
54
-67
-74
52
110
24
-101
-35
87
118
-12
-112
7
119
97
-38
-105
-16
94
90
-22
-87
-43
60
89
-7
-146
-93
69
123
-29
-147
-81
105
70
-107
-161
-2
161
61
-153
-201
-14
182
97
-133
-186
-34
150
155
-98
-270
-72
231
236
-84
-297
-141
192
239
-15
-168
-89
88
125
-4
-77
-21
40
19
-1
23
18
-35
-53
30
90
22
-99
-105
-3
148
77
-130
-170
20
164
59
-146
-146
9
143
67
-144
-172
-6
158
114
-97
-190
-16
179
100
-112
-163
38
206
73
-143
-137
112
217
39
-177
-106
160
235
-2
-231
-112
187
273
-2
-223
-105
170
209
20
-183
-104
120
187
42
-130
-181
-19
185
187
-60
-193
-98
74
121
24
-84
-65
9
15
26
6
-47
-47
5
62
65
-38
-145
-41
147
125
-35
-143
-63
119
124
-15
-132
-45
159
152
-47
-168
-37
158
173
-19
-177
-65
138
165
-37
-176
-66
134
131
-53
-188
-79
136
134
-112
-188
9
142
36
-169
-158
71
157
-12
-165
-114
34
97
8
-86
-88
-16
47
52
-12
-94
-78
33
125
76
-112
-162
-8
149
123
-23
-122
-59
46
91
53
-37
-56
0
39
66
2
-69
-53
40
115
24
-140
-124
60
181
50
-164
-176
60
199
21
-192
-175
40
223
49
-216
-215
59
232
67
-164
-173
25
160
88
-97
-146
24
170
96
-103
-134
63
185
31
-127
-70
142
173
-26
-156
-43
145
163
-1
-136
-70
108
154
43
-111
-123
76
177
82
-120
-194
-25
187
175
-56
-186
-98
50
138
60
-80
-94
-48
43
65
20
-71
-89
25
113
58
-61
-147
-15
140
118
-53
-147
-62
133
163
-9
-175
-71
176
191
-38
-197
-61
192
200
-61
-190
-39
159
145
-56
-174
-43
155
106
-87
-166
-41
130
86
-73
-147
-42
105
68
-103
-157
-15
134
75
-116
-191
-30
122
73
-33
-120
-87
23
125
35
-120
-146
13
199
121
-141
-239
-22
228
160
-81
-183
-47
120
127
-17
-106
-42
79
80
-3
-71
-45
41
23
22
19
-45
-71
-5
62
60
-37
-98
-22
61
40
-68
-129
-31
135
67
-132
-175
-17
164
116
-111
-207
-16
184
113
-95
-149
-4
135
138
-39
-162
-7
163
122
-85
-115
67
186
76
-114
-157
62
238
115
-142
-168
54
195
111
-103
-171
3
204
162
-78
-245
-95
196
235
-16
-231
-148
111
186
-6
-153
-72
65
74
-16
-66
-33
25
35
14
-4
-23
-28
-14
57
75
-16
-94
-26
106
86
-29
-99
20
154
75
-101
-123
53
163
77
-55
-98
-11
71
91
44
-95
-115
38
140
40
-132
-145
22
154
47
-165
-130
73
127
-56
-174
-88
92
121
-54
-180
-86
95
129
-29
-167
-114
66
140
-1
-164
-122
65
200
88
-146
-227
-5
203
154
-54
-181
-66
99
127
9
-69
-51
29
52
32
-52
-74
-6
63
46
-296
-43
404
369
-404
-456
106
390
514
-393
-491
-86
390
557
-292
-493
-231
364
413
-46
-344
-200
95
202
93
-88
-164
-55
94
149
72
-94
-138
10
165
127
-48
-134
0
164
94
-94
-93
69
162
62
-93
-78
77
127
27
-73
-81
24
140
117
-79
-193
-42
159
173
-29
-178
-98
78
106
0
-60
-72
-4
44
28
-18
-5
-34
-46
34
80
17
-87
-113
42
167
61
-128
-149
56
178
75
-129
-114
101
187
34
-177
-110
163
196
-15
-172
-82
152
166
-39
-160
-75
119
137
-46
-172
-109
106
170
-45
-199
-74
128
104
-112
-196
-28
159
117
-136
-232
-24
153
111
-113
-175
-38
89
122
-29
-153
-120
62
166
94
-108
-203
-41
175
157
-49
-131
-53
82
106
8
-67
-40
32
50
16
-20
-37
6
16
36
41
-35
-90
-50
69
77
-25
-101
-47
62
75
-57
-136
-42
95
92
-97
-173
-47
127
130
-55
-187
-77
149
152
-80
-166
-23
158
145
-42
-171
-33
182
159
-74
-171
32
216
106
-117
-160
40
231
104
-133
-131
69
171
54
-76
-83
13
99
98
-24
-130
-89
83
148
61
-116
-153
-24
97
97
-13
-115
-59
34
63
17
-64
-59
18
73
26
-48
-65
-20
77
91
-26
-96
-17
91
98
-19
-134
-28
159
148
-44
-175
-34
170
151
-27
-123
-73
82
153
34
-110
-118
50
139
29
-140
-138
48
142
6
-173
-112
84
132
-66
-191
-51
118
64
-61
-123
-58
39
46
15
-82
-116
-1
117
68
-125
-170
-1
168
159
-70
-208
-124
114
226
75
-151
-181
15
178
120
-95
-112
37
91
18
-38
-59
-2
55
68
1
-69
-74
4
74
36
-52
-61
-19
59
25
-80
-110
-20
104
64
-75
-131
-61
70
121
-4
-168
-99
101
172
5
-175
-99
107
192
21
-134
-67
125
138
-57
-144
40
193
109
-90
-151
9
182
155
-58
-156
-40
154
178
-6
-175
-92
131
202
28
-192
-174
81
245
109
-162
-211
-24
150
130
-54
-154
-78
95
116
-28
-93
-38
25
65
16
-22
-59
-50
36
87
43
-51
-74
12
108
69
-82
-103
64
176
65
-122
-143
76
210
86
-121
-163
27
186
96
-107
-155
11
167
87
-123
-186
-11
150
83
-109
-168
-4
127
15
-145
-154
60
159
5
-176
-148
76
171
-4
-178
-150
54
171
42
-177
-184
35
214
138
-132
-242
-44
207
168
-77
-165
-27
105
92
-2
-82
-17
71
28
-48
7
21
-16
-55
24
129
1
-147
-121
75
195
20
-224
-142
125
197
-51
-241
-130
156
203
-78
-257
-127
177
210
-19
-238
-160
136
229
1
-227
-135
162
245
0
-223
-90
177
199
-61
-189
-5
227
179
-103
-208
3
227
170
-89
-195
-8
194
161
-49
-197
-69
175
217
-13
-228
-165
130
261
51
-211
-169
57
157
37
-97
-68
27
27
-31
-12
23
18
-58
-19
64
51
-46
-134
-6
151
107
-92
-135
39
146
38
-109
-60
109
132
3
-125
-62
135
162
3
-149
-104
100
167
46
-136
-149
53
173
64
-147
-175
12
152
80
-124
-172
-10
143
37
-145
-155
33
150
38
-164
-166
37
160
22
-149
-126
32
130
48
-151
-157
52
174
88
-89
-180
-61
125
155
-14
-112
-43
56
73
-23
-32
16
22
-10
-10
51
30
-87
-76
69
140
2
-164
-112
81
156
-18
-161
-57
99
92
-102
-163
-10
119
77
-95
-162
-27
125
105
-83
-189
-50
135
145
-36
-173
-79
121
179
-5
-154
-82
137
167
-33
-160
5
188
131
-96
-167
32
199
115
-90
-126
24
144
95
-45
-95
-22
86
117
40
-121
-140
7
157
148
-31
-181
-134
76
151
37
-119
-114
7
97
71
-58
-115
-22
94
70
-46
-80
-18
52
56
18
-9
-45
-36
80
57
-29
-41
34
99
14
-78
-46
73
128
34
-62
-75
16
113
55
-74
-105
49
137
13
-125
-110
24
109
56
-127
-131
29
113
5
-156
-133
66
164
9
-204
-181
69
199
35
-188
-167
43
162
72
-116
-166
-59
155
191
-21
-229
-148
116
193
44
-129
-122
56
142
49
-52
-74
19
58
22
-13
-43
-7
30
29
35
0
-71
-84
31
91
22
-79
-78
6
55
-1
-85
-70
46
72
-29
-119
-79
57
115
17
-123
-116
27
125
55
-116
-126
47
198
112
-112
-162
25
223
101
-148
-131
132
203
12
-158
-92
103
199
52
-134
-109
83
176
72
-128
-146
62
205
113
-135
-216
-17
216
168
-73
-218
-71
118
115
-21
-113
-40
35
18
-4
3
-7
-72
-29
95
92
-64
-146
-36
108
144
-5
-137
-71
83
124
2
-96
-16
111
98
-56
-108
8
163
115
-78
-161
-21
164
142
-61
-176
-56
144
156
-52
-205
-111
125
173
-49
-215
-91
141
115
-127
-210
-8
170
94
-138
-208
-17
156
79
-99
-193
-49
155
136
-92
-220
-67
177
208
-53
-236
-124
116
183
14
-93
-64
44
57
8
13
19
-4
-38
-19
54
21
-41
-43
11
104
34
-94
-102
-1
106
55
-84
-109
8
127
7
-154
-112
71
153
4
-177
-145
48
188
71
-178
-181
79
194
24
-163
-114
105
183
52
-130
-130
83
183
50
-130
-105
130
223
13
-216
-103
198
256
-28
-215
-60
166
192
-17
-145
-106
102
183
43
-157
-155
33
198
120
-104
-194
-41
112
86
-12
-81
-48
8
32
31
-14
-38
-37
-1
77
50
-50
-121
-40
118
133
-34
-143
-29
137
100
-54
-106
35
144
67
-105
-114
67
177
74
-106
-126
19
146
100
-80
-153
5
154
65
-105
-141
-24
119
72
-101
-164
-4
157
60
-177
-195
47
207
35
-209
-168
66
158
11
-146
-126
28
119
50
-91
-152
-37
120
165
5
-177
-180
46
212
101
-96
-130
-34
96
134
7
-69
-57
-6
52
44
-9
-50
-28
45
94
20
-108
-98
16
98
38
-94
-78
42
106
-30
-155
-71
90
118
-73
-187
-76
116
155
-13
-195
-120
97
150
16
-136
-110
90
177
53
-145
-147
98
224
33
-161
-77
157
170
-20
-138
-37
113
134