#4
438
159
-140
-87
166
257
102
-31
55
211
155
5
-40
125
265
153
-36
-69
95
239
177
-7
-53
104
219
152
-2
20
118
145
102
63
73
68
118
137
91
85
38
18
101
220
176
-31
-137
29
302
270
-25
-163
12
249
215
-15
-106
76
257
146
-112
-126
133
310
131
-158
-166
115
312
197
-105
-209
18
251
281
80
-156
-154
87
279
229
-7
-136
-53
137
224
127
-7
-57
21
127
150
58
-43
21
114
115
43
-27
23
164
126
-12
-38
80
175
79
-75
-27
147
201
36
-117
-39
180
234
11
-194
-64
219
275
59
-170
-126
141
287
158
-105
-132
87
212
115
-24
-27
106
117
59
8
17
116
160
64
-32
12
98
156
130
30
-8
35
84
143
151
52
-54
-73
89
282
230
-69
-264
-24
314
301
0
-197
-69
200
234
39
-126
6
233
169
-84
-125
146
296
115
-188
-157
182
327
72
-213
-116
250
333
-17
-236
-18
287
277
-35
-242
-14
287
276
-12
-168
-12
170
150
62
12
3
-18
2
130
168
76
-87
-102
49
196
118
-55
-54
95
122
-11
-82
15
171
148
-83
-165
-12
245
212
-51
-235
-100
207
298
65
-204
-218
73
299
201
-58
-194
-42
161
173
24
-61
-4
80
53
-14
19
93
73
0
-52
6
83
103
48
-55
-24
96
118
27
-58
-4
82
86
13
-27
17
34
40
58
28
-38
-71
9
168
152
-25
-183
-65
203
265
3
-221
-110
187
226
21
-125
-14
146
118
-51
-99
79
210
111
-91
-102
32
216
181
-5
-131
-51
108
201
137
-15
-128
-99
125
290
163
-138
-257
-23
284
280
-8
-233
-113
138
258
68
-123
-77
111
163
21
-88
30
159
73
-96
-88
140
210
15
-156
-64
182
212
-39
-159
-7
210
167
-56
-152
16
193
187
6
-113
-87
118
193
90
-105
-106
27
132
101
-8
-24
29
36
7
-5
27
62
51
-2
-16
-28
-5
30
80
104
-22
-163
-108
124
228
66
-207
-213
75
294
160
-158
-289
-38
287
272
-64
-239
-78
147
164
12
-89
-24
76
51
-28
-37
60
122
12
-121
-70
108
123
16
-77
-35
79
108
30
-100
-57
100
118
-16
-94
-8
54
63
23
-39
-58
-16
37
105
97
-47
-157
-29
171
177
-18
-172
-76
104
181
62
-100
-72
94
137
-8
-103
-26
162
173
-46
-190
-54
201
279
24
-201
-133
135
275
102
-138
-148
10
190
200
14
-155
-145
57
187
129
-17
-77
-48
20
87
97
-7
-33
29
72
31
-33
-6
82
89
9
-88
-35
124
118
-58
-110
21
182
106
-113
-107
74
172
71
-102
-88
69
171
97
-45
-113
-44
102
170
55
-87
-123
2
143
115
-11
-90
-71
53
84
29
-40
4
92
14
-119
-72
80
149
27
-134
-134
31
135
79
-43
-108
-85
26
91
123
4
-167
-168
73
240
142
-115
-223
-34
184
141
-37
-114
-27
66
37
-24
-41
40
63
-8
-62
-40
41
118
38
-88
-76
70
118
-4
-117
-51
101
95
-37
-95
-44
98
108
-44
-141
-98
92
162
40
-96
-149
-12
139
164
3
-159
-83
90
115
26
-53
-26
72
55
-47
-71
53
142
67
-45
-81
-26
98
163
57
-91
-98
21
173
138
-20
-137
-94
81
243
153
-121
-271
-70
239
286
-3
-259
-160
126
237
54
-143
-83
90
138
6
-120
-29
117
129
-6
-153
-14
179
78
-81
-126
57
174
58
-130
-97
86
183
47
-110
-89
77
184
100
-98
-154
-13
148
171
17
-130
-110
29
155
117
-60
-117
-31
82
56
1
-37
-11
42
32
-42
-67
-12
53
85
5
-115
-135
36
191
92
-152
-212
-9
202
175
-66
-258
-132
128
258
92
-169
-205
12
180
116
-82
-114
3
88
42
-87
-78
56
120
-12
-132
-69
92
149
-24
-181
-38
176
121
-120
-176
11
181
85
-112
-149
-2
128
79
-67
-136
-43
81
76
4
-30
-83
-52
38
105
68
-51
-123
-40
88
110
24
-60
-64
41
58
-4
-39
19
118
51
-82
-107
34
217
144
-107
-202
-32
211
223
4
-206
-169
72
279
187
-130
-285
-76
220
246
-25
-189
-95
119
132
-29
-88
14
123
46
-73
-84
85
134
8
-94
-84
67
167
34
-153
-113
102
177
32
-132
-90
107
169
43
-120
-113
22
183
172
-43
-175
-79
99
190
83
-98
-177
-31
145
144
-13
-107
-64
35
65
34
-19
-43
17
48
-33
-83
-15
89
102
-41
-179
-121
97
179
39
-176
-199
14
222
156
-98
-247
-119
133
226
75
-152
-213
10
159
106
-22
-115
-60
22
65
12
-50
-18
53
7
-45
-47
14
71
19
-88
-47
63
88
-7
-124
-52
98
77
-72
-75
-8
54
49
-37
-92
-61
29
66
57
-30
-105
-67
56
117
73
-80
-133
-30
118
121
-11
-99
-32
77
67
-58
-65
37
155
15
-118
-73
94
180
68
-103
-130
-13
177
158
-27
-153
-105
69
212
165
-96
-232
-97
155
225
37
-151
-128
8
124
96
-18
-65
-8
96
55
-81
-86
78
138
18
-116
-75
70
136
29
-115
-73
97
106
-37
-97
26
112
47
-46
-59
26
104
82
-7
-94
-73
41
155
116
-78
-173
-65
152
166
-17
-151
-92
64
111
-9
-99
-13
109
35
-101
-103
5
130
82
-85
-181
-83
109
171
15
-165
-162
-7
143
131
-19
-194
-177
46
234
142
-97
-202
-86
109
156
19
-109
-109
5
95
35
-79
-45
73
47
-89
-89
9
131
62
-109
-113
21
149
59
-154
-138
86
184
10
-213
-136
96
191
32
-199
-144
66
150
72
-82
-126
-67
53
130
64
-67
-127
-41
84
92
29
-43
-42
-11
35
8
-21
58
87
8
-95
-70
77
158
55
-80
-93
-1
118
139
9
-107
-112
33
172
158
-43
-219
-126
121
236
66
-165
-173
45
170
76
-86
-98
42
131
23
-111
-86
110
159
-10
-162
-62
137
129
-80
-145
10
161
110
-94
-138
23
138
66
-66
-94
13
126
126
-34
-117
-69
66
145
80
-59
-149
-78
106
147
26
-84
-95
-24
68
68
7
-53
-22
0
-24
-34
7
41
44
-16
-141
-84
52
113
37
-102
-162
-32
143
140
1
-185
-206
26
258
164
-122
-274
-82
172
216
-24
-190
-88
99
121
-51
-133
-5
130
41
-123
-111
20
134
54
-106
-108
53
132
19
-139
-88
107
116
-70
-142
-31
106
84
-41
-130
-101
59
120
31
-74
-86
-37
20
91
87
-19
-138
-90
58
135
68
-72
-95
19
71
6
-69
-18
130
103
-75
-150
-20
215
170
-87
-202
-44
165
213
34
-179
-178
35
225
195
-49
-240
-144
135
221
48
-135
-145
9
125
84
-30
-59
6
81
11
-90
-10
102
89
-38
-115
-9
121
71
-73
-110
45
147
33
-108
-83
72
127
40
-56
-76
3
108
113
-6
-103
-94
6
139
151
-16
-174
-127
82
206
71
-162
-168
48
154
52
-102
-101
90
116
-43
-158
-86
109
178
2
-238
-170
98
217
68
-166
-230
-38
168
202
-22
-255
-195
87
250
101
-128
-184
-52
111
103
7
-67
-62
-6
31
-6
-24
0
31
2
-67
-67
11
95
49
-92
-104
24
135
49
-111
-115
16
105
26
-101
-100
10
99
60
-81
-160
-61
112
150
29
-180
-162
48
172
96
-66
-169
-59
88
125
36
-98
-57
31
65
-11
-48
1
101
41
-52
-71
27
119
84
-19
-113
-57
88
172
72
-90
-155
-37
152
213
15
-196
-190
60
248
129
-109
-211
-26
147
105
-39
-90
17
85
14
-59
-31
66
76
19
-64
-71
43
115
26
-124
-86
116
166
-31
-171
-31
161
120
-31
-108
-73
109
188
39
-140
-128
19
167
142
-41
-187
-90
95
147
40
-81
-80
-13
57
23
-19
-22
34
31
-59
-97
-22
121
74
-70
-144
-84
63
136
47
-118
-170
-52
98
132
37
-123
-232
-35
195
221
-31
-243
-143
94
201
48
-161
-122
57
113
-14
-128
-49
92
120
-59
-192
-71
168
147
-83
-196
-24
185
117
-145
-199
29
178
50
-146
-140
51
153
49
-161
-186
14
167
117
-85
-167
-89
65
126
71
-42
-140
-47
76
85
19
-54
-34
26
20
-8
-35
28
83
50
-50
-90
-14
159
143
-33
-149
-83
92
210
95
-121
-196
-47
188
256
32
-243
-235
61
281
161
-127
-229
-49
175
148
-61
-117
13
101
29
-90
-56
93
139
28
-155
-114
113
176
0
-165
-84
133
158
-28
-162
-29
137
133
-27
-162
-65
128
188
12
-146
-105
29
138
106
-21
-139
-82
49
130
59
-84
-104
15
55
30
-25
-59
6
79
-13
-112
-78
69
105
25
-125
-159
-21
147
131
-52
-239
-165
113
255
66
-213
-263
-6
264
202
-100
-254
-100
123
162
22
-118
-103
14
100
36
-78
-69
38
78
-47
-107
-17
99
75
-83
-141
18
172
55
-154
-155
60
175
28
-151
-115
47
107
14
-82
-110
-27
82
89
0
-68
-103
-30
88
109
-1
-107
-104
42
144
56
-88
-92
35
87
4
-67
-18
99
87
-41
-114
-25
123
157
19
-129
-104
48
192
152
-91
-232
-86
175
266
85
-224
-266
33
284
121
-148
-185
26
154
44
-72
-20
74
42
-49
-68
2
118
79
-44
-111
-48
91
111
-26
-108
-29
87
79
-14
-83
-18
70
80
5
-75
-27
43
80
95
-21
-124
-86
86
187
52
-157
-163
39
179
96
-67
-152
-65
83
93
-15
-71
-3
53
-5
-102
-50
45
102
22
-122
-160
5
141
110
-78
-182
-123
104
180
42
-163
-223
-33
215
223
-57
-261
-143
129
195
17
-156
-84
60
92
-21
-86
-32
52
85
-42
-126
-73
96
141
-37
-154
-54
113
123
-62
-150
-23
109
56
-65
-80
-14
50
53
-42
-98
-70
52
98
21
-73
-110
-43
85
151
24
-151
-126
50
139
60
-77
-71
58
84
-44
-119
17
173
99
-120
-166
34
198
138
-70
-149
-33
114
128
31
-60
-70
-30
22
141
137
-46
-211
-122
144
248
32
-173
-177
39
178
112
-64
-109
15
78
34
-65
-37
95
103
-62
-153
31
182
33
-140
-147
113
213
31
-169
-125
98
198
54
-144
-147
62
217
122
-116
-182
-12
173
149
-35
-153
-89
68
114
60
-37
-78
-50
21
28
2
-2
16
-1
-44
-38
-16
10
60
33
-82
-147
-22
118
92
-56
-177
-89
87
170
54
-140
-223
-80
168
236
32
-222
-209
52
195
85
-80
-127
-39
84
80
-66
-119
33
124
-7
-135
-108
65
182
32
-193
-137
121
194
-20
-246
-132
188
215
-67
-252
-91
173
162
-75
-218
-97
107
174
38
-131
-175
-25
126
134
11
-121
-135
17
119
84
-22
-74
-27
37
31
-8
8
26
43
-4
-27
-27
31
128
75
-83
-128
10
178
145
-42
-177
-103
97
226
125
-130
-249
-66
203
211
-29
-205
-113
109
199
8
-174
-81
147
165
-63
-208
-12
229
172
-113
-255
-22
248
139
-176
-200
77
247
40
-209
-109
143
201
-6
-160
-69
113
176
14
-122
-79
45
86
62
-10
-53
-33
-1
19
44
57
-19
-90
-58
38
95
21
-51
-43
-10
-17
-26
22
50
16
-80
-123
-39
96
118
3
-182
-195
21
229
186
-134
-353
-145
238
350
10
-343
-238
150
284
61
-195
-192
73
187
17
-163
-100
105
136
-66
-173
-70
136
151
-37
-175
-65
128
121
-66
-178
-40
163
102
-101
-172
-47
169
102
-93
-180
-56
127
111
-25
-115
-93
-11
50
89
50
-55
-110
-53
78
119
32
-90
-76
22
74
-4
-33
14
68
26
-61
-75
41
149
117
-77
-182
-16
179
193
-25
-190
-133
71
271
143
-139
-250
-74
189
199
-22
-166
-89
76
112
34
-64
-33
49
28
-31
-35
57
68
12
-38
-66
13
96
52
-98
-97
52
155
41
-113
-92
80
123
44
-70
-97
18
162
122
-38
-152
-75
54
161
111
-73
-157
-76
104
182
36
-137
-125
2
103
61
-39
-77
2
65
-16
-92
-14
72
58
-55
-151
-69
101
146
-17
-168
-153
26
185
121
-103
-220
-110
132
199
55
-126
-161
-63
86
151
51
-120
-136
22
117
18
-87
-61
45
68
-38
-85
-48
96
80
-63
-111
8
108
41
-114
-98
51
94
10
-101
-73
18
78
23
-89
-98
-5
94
68
-29
-129
-116
40
174
104
-87
-203
-64
149
162
1
-131
-68
68
66
-22
-57
50
101
-25
-93
-26
90
154
18
-110
-98
58
165
85
-92
-132
-28
102
161
73
-86
-178
-90
128
211
20
-144
-106
34
104
75
-27
-68
-14
70
37
-38
-51
38
105
25
-128
-86
109
129
-20
-153
-61
156
134
-75
-133
11
134
81
-53
-111
-2
126
117
-33
-112
-72
54
164
78
-91
-159
-63
122
148
17
-101
-117
2
98
43
-74
-70
46
74
-57
-116
-1
132
68
-94
-196
-54
145
139
-36
-175
-150
22
162
137
-54
-217
-178
85
265
109
-165
-239
-53
190
177
-58
-195
-68
122
94
-79
-123
25
113
18
-108
-116
30
161
50
-150
-129
91
165
8
-160
-138
85
163
-20
-161
-86
93
109
-21
-134
-111
45
123
56
-65
-135
-65
79
126
33
-104
-114
4
83
84
15
-68
-55
47
69
-33
-57
35
83
31
-65
-51
39
111
79
-25
-96
-80
92
197
83
-131
-229
-25
292
273
-85
-349
-184
208
328
47
-254
-213
75
248
107
-142
-178
34
179
74
-131
-76
72
145
2
-154
-57
130
104
-61
-128
10
155
84
-118
-135
56
162
77
-80
-138
4
168
119
-40
-149
-62
86
150
43
-78
-118
-27
93
96
-3
-64
-69
-23
64
40
-31
-25
2
31
-43
-52
-4
18
50
16
-109
-134
9
153
95
-128
-242
-51
205
219
-62
-322
-201
159
339
98
-263
-260
43
234
107
-135
-179
14
144
43
-132
-107
80
145
-30
-193
-90
121
181
-12
-195
-98
99
172
-12
-197
-105
118
181
-38
-198
-103
114
143
-38
-160
-77
34
68
53
12
-79
-137
-24
157
152
-55
-217
-113
140
191
27
-157
-95
91
119
-27
-112
-6
145
81
-94
-147
35
217
143
-113
-205
-26
220
192
-31
-201
-131
86
240
166
-140
-295
-110
237
262
-9
-211
-132
76
162
46
-103
-84
76
121
-12
-125
-40
125
126
-19
-146
-68
133
116
-59
-110
-19
97
84
-22
-65
-19
72
96
-10
-80
-54
94
128
36
-82
-100
-6
113
141
1
-154
-127
65
169
87
-107
-150
-8
108
53
-52
-62
36
69
-34
-119
-39
93
132
-30
-207
-136
96
199
21
-210
-212
36
227
128
-105
-242
-132
108
226
105
-149
-220
-48
153
137
-21
-128
-92
39
102
-4
-103
-48
43
69
-23
-87
-46
62
86
-35
-97
-36
64
78
-50
-101
-11
58
37
-52
-86
-31
58
62
-53
-132
-49
81
108
13
-138
-166
30
183
141
-104
-213
-55
150
146
-19
-139
-37
101
57
-87
-67
80
148
9
-138
-104
91
201
66
-101
-139
4
140
159
28
-155
-151
22
196
186
-51
-226
-127
103
199
71
-114
-122
17
106
59
-15
-41
1
33
18
-24
-14
63
75
-5
-103
-44
89
81
-54
-83
1
95
95
-22
-93
-38
82
129
13
-136
-76
87
208
82
-164
-183
40
208
146
-103
-186
-50
128
131
-4
-106
-62
30
42
-21
-18
42
45
-42
-109
-44
61
53
-7
-15
-80
-106
11
112
87
-85
-214
-67
132
195
20
-207
-267
5
278
216
-113
-293
-102
136
198
24
-161
-131
76
143
-49
-159
-17
125
89
-104
-158
-36
142
133
-86
-179
-7
157
87
-112
-156
14
147
57
-113
-125
-31
129
79
-86
-162
-41
117
89
-17
-98
-135
-15
149
146
-32
-182
-105
73
128
57
-41
-87
-29
49
41
-4
28
25
-10
-30
4
28
65
68
-3
-74
-28
59
118
72
-66
-171
-65
219
263
-33
-304
-193
169
318
59
-228
-194
105
203
12
-147
-70
128
145
-47
-165
-32
172
132
-55
-166
-59
136
140
-50
-162
-52
159
157
-78
-182
-28
171
164
-56
-183
-51
156
185
-6
-169
-86
63
116
65
-10
-77
-107
-20
127
111
-34
-115
-73
36
97
11
-71
-51
56
31
-70
-81
24
103
29
-124
-166
-11
161
123
-98
-235
-107
172
214
14
-238
-238
47
265
160
-124
-261
-83
163
189
-37
-191
-47
123
81
-72
-135
3
147
66
-126
-155
16
141
89
-92
-162
23
166
53
-140
-131
80
125
2
-115
-91
26
96
47
-61
-126
-57
76
117
19
-105
-134
-11
124
150
2
-199
-147
91
221
63
-145
-130
45
140
33
-106
-49
93
110
-9
-127
-65
123
197
3
-172
-101
92
203
115
-134
-232
-43
251
262
-51
-313
-193
172
291
52
-185
-138
42
128
31
-45
-33
31
63
0
-84
-26
92
87
-27
-81
-21
67
69
-36
-105
-35
117
120
-36
-126
-29
111
108
-21
-88
-46
51
129
64
-56
-118
-51
90
160
64
-122
-193
-24
192
174
-69
-201
-89
128
153
-33
-158
-39
130
74
-135
-143
49
197
48
-216
-191
58
214
36
-161
-165
-9
117
97
-11
-101
-154
-60
146
203
-9
-217
-159
85
181
42
-111
-93
19
34
-11
-17
-20
33
52
-57
-111
-36
122
121
-77
-202
-32
174
146
-96
-205
-39
175
134
-110
-220
-60
192
153
-101
-229
-107
136
201
25
-183
-175
19
167
148
-64
-179
-83
107
130
10
-102
-38
65
36
-47
-43
48
109
48
-114
-102
46
176
88
-93
-99
31
80
117
53
-71
-148
-54
166
223
21
-224
-214
82
267
111
-151
-187
5
146
96
-53
-100
4
106
72
-58
-87
15
127
63
-64
-119
-8
128
113
-86
-165
32
170
68
-112
-117
54
172
81
-135
-164
50
228
127
-113
-192
-34
177
182
-37
-176
-118
89
151
53
-96
-111
0
88
4
-58
-18
66
62
-74
-125
-21
122
64
-80
-137
-71
48
100
32
-51
-137
-99
43
156
99
-115
-257
-85
203
247
-6
-265
-180
96
225
46
-162
-124
77
117
-24
-127
-57
87
86
-53
-147
-63
98
152
-29
-188
-55
135
156
-59
-215
-69
177
158
-113
-236
-44
198
141
-105
-230
-68
155
157
-45
-169
-110
51
124
60
-48
-81
-36
21
51
29
10
-14
-31
-20
21
15
34
41
13
-55
-67
34
118
88
-17
-63
-69
11
138
127
-30
-182
-117
133
286
101
-246
-294
44
303
183
-128
-212
-43
136
120
-44
-88
9
113
18
-113
-77
117
192
-1
-198
-120
150
198
-30
-226
-98
203
238
-61
-244
-79
205
202
-32
-179
-82
115
185
27
-109
-93
-3
93
107
47
-77
-134
-34
111
129
15
-143
-113
45
123
35
-49
-79
25
41
-40
-56
-10
67
65
-66
-163
-83
106
149
7
-180
-172
18
200
151
-116
-284
-132
213
300
0
-317
-213
146
246
42
-176
-148
81
130
-34
-132
-27
110
71
-98
-127
-11
95
117
-46
-160
-57
130
138
-58
-174
-41
110
75
-52
-109
-17
66
32
-31
-79
-39
-6
26
44
16
-74
-114
8
144
122
-93
-207
-56
158
144
-15
-117
-46
68
53
-45
-47
88
92
-46
-118
-20
139
148
-20
-139
-56
72
164
82
-59
-151
-79
116
214
107
-159
-265
-31
246
235
-72
-264
-103
151
170
-26
-128
-12
98
73
-59
-82
35
96
37
-51
-79
7
79
30
-44
-54
28
103
42
-65
-41
13
68
73
-31
-90
-16
107
152
0
-159
-133
73
215
117
-127
-214
-64
156
182
11
-165
-116
55
107
12
-61
-16
41
-3
-75
-46
51
67
-8
-106
-119
-7
113
89
-38
-174
-133
56
200
122
-126
-290
-101
184
272
40
-245
-212
56
206
97
-110
-152
-24
118
49
-68
-86
22
107
17
-131
-121
53
154
76
-120
-169
24
208
57
-177
-162
65
165
23
-150
-120
77
142
13
-151
-165
16
144
96
-50
-159
-131
69
220
82
-164
-209
17
193
123
-80
-118
-17
77
38
-48
-17
86
68
-35
-89
-28
98
140
36
-114
-117
39
164
148
-17
-178
-146
85
271
134
-176
-282
-43
258
226
-65
-221
-124
103
186
44
-119
-99
52
132
26
-129
-77
109
159
-10
-160
-75
131
141
-41
-155
-42
148
130
-71
-149
-13
168
126
-77
-179
-14
180
173
-36
-194
-96
96
204
61
-127
-191
-16
168
173
-35
-178
-102
72
119
7
-71
-44
47
36
-64
-83
21
81
30
-95
-101
-18
55
78
5
-109
-127
-20
112
142
-36
-252
-169
146
289
81
-232
-256
39
235
135
-132
-212
-11
164
79
-122
-148
53
176
-3
-172
-100
81
183
12
-189
-124
97
200
18
-220
-124
125
168
-24
-197
-103
123
161
-34
-199
-105
67
134
52
-74
-124
-62
54
113
67
-62
-143
-47
80
108
19
-52
-51
2
42
23
-24
-1
46
22
-43
-48
76
135
28
-82
-79
10
123
133
-15
-179
-134
137
282
108
-200
-298
-7
284
246
-121
-309
-87
214
208
-53
-221
-65
208
191
-99
-223
-30
205
170
-51
-195
-61
152
139
-56
-140
-17
121
94
-40
-90
-26
100
116
6
-122
-74
122
157
25
-134
-102
56
137
86
-54
-132
-50
53
115
66
-75
-115
-34
69
84
-18
-81
-26
47
27
-79
-63
63
96
-26
-172
-112
93
156
40
-188
-203
16
220
178
-129
-307
-138
202
295
50
-259
-237
49
217
107
-123
-147
9
96
-9
-77
-14
72
30
-70
-72
-10
19
48
9
-75
-41
54
73
-15
-124
-64
105
94
-56
-139
-41
83
75
-37
-80
-60
-24
41
77
13
-102
-131
11
141
120
-46
-158
-84
71
132
35
-68
-74
-1
63
20
-18
19
51
22
-69
-63
62
157
80
-105
-126
16
142
155
-15
-158
-123
71
211
148
-106
-263
-107
191
257
-9
-211
-133
105
164
30
-91
-53
41
89
-10
-81
8
112
40
-61
-79
5
88
65
-50
-87
8
113
62
-59
-62
7
73
59
8
-36
-53
15
115
112
-50
-146
-74
126
208
32
-219
-196
96
268
90
-175
-185
18
148
68
-63
-84
16
68
-4
-111
-38
100
84
-80
-181
-61
146
145
-63
-192
-117
77
171
57
-94
-180
-111
78
207
110
-145
-218
-34
158
145
-58
-155
-79
103
117
-85
-140
19
141
36
-138
-120
23
144
71
-126
-142
18
181
78
-141
-170
19
134
67
-82
-145
-30
117
70
-64
-147
-76
81
113
27
-94
-164
-33
140
164
-21
-209
-127
87
200
71
-132
-134
16
123
47
-54
-23
72
56
-55
-109
22
181
104
-80
-170
-24
194
172
-26
-170
-130
38
206
210
-46
-280
-166
174
304
43
-242
-199
82
216
37
-129
-73
120
124
-59
-149
-3
174
128
-63
-177
-54
137
125
-19
-127
-46
109
103
-35
-108
-11
117
112
-30
-127
-47
146
137
-3
-133
-80
62
127
86
-30
-145
-72
77
134
53
-85
-125
-12
84
49
-44
-25
28
2
-61
-68
31
61
23
-32
-118
-74
43
78
22
-64
-141
-75
103
181
48
-254
-273
69
331
173
-191
-318
-62
235
241
-82
-258
-70
148
140
-95
-185
2
153
73
-111
-162
-10
152
112
-115
-160
12
152
90
-125
-162
23
162
55
-117
-130
-17
122
85
-99
-199
-43
153
157
-25
-187
-133
59
179
90
-102
-164
-12
112
73
-21
-48
-20
35
18
-38
-3
40
79
23
-81
-71
57
151
89
-67
-108
-48
88
179
69
-127
-198
-34
228
294
-20
-347
-225
186
350
75
-252
-217
79
246
59
-152
-107
66
138
-4
-108
-31
113
105
-46
-145
-48
135
134
-49
-182
-27
158
117
-70
-143
12
155
85
-82
-93
10
99
69
15
-59
-56
-15
58
100
29
-77
-117
-21
135
147
-39
-197
-105
94
162
29
-138
-101
53
90
-34
-128
-15
126
44
-143
-160
35
157
51
-138
-199
-23
185
173
-49
-258
-196
81
284
146
-173
-256
-32
192
124
-80
-130
-22
85
37
-82
-66
48
97
-16
-114
-61
11
101
77
-75
-113
-8
113
68
-88
-112
5
90
47
-50
-84
-38
69
66
-60
-135
-31
69
74
38
-54
-149
-87
97
211
55
-183
-210
42
225
116
-114
-154
10
131
42
-69
-27
93
67
-79
-122
29
172
131
-68
-165
-33
157
205
-17
-189
-110
66
179
146
-14
-189
-164
62
209
122
-114
-175
-18
126
109
-52
-91
18
90
23
-82
-58
95
99
15
-100
-101
61
137
6
-140
-78
135
161
-55
-171
-31
150
128
-38
-141
-74
130
199
41
-146
-128
23
140
133
-48
-183
-90
108
197
47
-174
-146
63
132
-7
-98
-19
93
48
-94
-147
-10
148
100
-87
-199
-81
122
164
-17
-142
-164
-29
124
174
27
-214
-258
13
292
218
-137
-300
-91
184
211
-13
-194
-135
86
143
6
-135
-89
75
124
-39
-153
-71
101
135
-29
-165
-68
126
133
-58
-165
-37
106
87
-66
-130
-50
106
110
-54
-187
-85
102
146
-15
-142
-116
29
127
110
-29
-152
-96
69
129
49
-86
-93
18
100
24
-74
-2
96
53
-76
-87
45
146
61
-57
-89
19
68
69
48
-21
-104
-79
104
216
80
-185
-238
12
234
158
-74
-190
-49
109
114
-22
-73
20
96
13
-100
-64
87
149
31
-132
-115
59
158
47
-147
-118
84
177
19
-139
-78
105
181
6
-183
-103
132
213
40
-157
-105
36
133
91
-18
-76
-87
3
95
90
-20
-107
-59
26
56
13
3
-10
-16
-36
-30
2
41
5
-28
-72
-87
-11
101
94
-56
-192
-110
97
204
61
-211
-279
-8
308
205
-151
-272
-56
159
145
-32
-148
-28
88
31
-72
-95
-4
104
60
-95
-123
-36
115
140
-50
-177
-51
152
118
-95
-185
-19
155
86
-88
-145
-29
101
51
-81
-116
-26
52
65
27
-32
-96
-80
55
123
76
-77
-181
-49
137
130
-4
-102
-71
39
66
24
-2
5
22
-2
-44
-7
81
113
16
-90
-82
32
151
121
-71
-188
-58
156
228
81
-201
-257
27
267
147
-148
-214
1
190
95
-81
-99
49
119
28
-112
-81
89
165
38
-137
-148
72
186
44
-159
-124
120
179
-28
-155
-27
126
115
-29
-96
-48
75
125
53
-56
-74
-31
25
98
88
-24
-125
-119
83
188
80
-146
-194
3
150
98
-68
-109
-2
59
12
-74
-49
65
77
-58
-169
-74
119
170
-38
-252
-145
131
250
53
-228
-258
16
255
192
-111
-269
-60
160
143
-20
-133
-79
62
61
-11
-80
-48
72
71
-39
-106
-48
62
112
-17
-145
-46
126
103
-80
-154
-22
119
88
-77
-144
-20
90
84
-60
-120
-77
37
90
55
-40
-131
-85
84
167
43
-139
-162
6
158
113
-63
-129
-16
97
47
-65
-46
79
126
-35
-146
-34
156
202
-27
-218
-96
148
235
51
-163
-204
15
213
181
-3
-182
-178
36
208
114
-108
-150
-25
114
127
-22
-87
-41
69
80
-41
-92
8
111
83
-63
-109
-15
130
98
-82
-138
8
127
81
-81
-82
37
111
47
-57
-78
12
120
108
-16
-131
-89
73
159
73
-91
-155
-55
135
142
-9
-143
-102
66
110
-8
-63
-22
34
17
-60
-80
22
83
44
-86
-135
-46
103
92
-15
-133
-136
17
151
110
-79
-245
-131
168
291
44
-260
-227
70
236
68
-159
-143
75
131
-4
-135
-88
73
122
6
-129
-125
54
168
43
-157
-136
69
183
50
-157
-156
75
156
12
-131
-134
29
140
39
-135
-152
23
134
84
-64
-169
-80
108
196
9
-161
-143
28
132
74
-34
-84
-17
43
28
-14
13
59
49
-65
-98
20
141
109
-14
-122
-68
62
143
87
-64
-137
-33
75
182
121
-121
-273
-90
242
269
-45
-266
-119
150
210
-6
-168
-81
120
141
-51
-154
-10
147
113
-73
-140
-15
135
96
-57
-141
-15
138
92
-43
-111
-15
98
107
-17
-119
-50
140
180
-28
-175
-92
107
174
47
-130
-155
19
168
88
-67
-130
-19
64
47
-31
-36
32
34
-48
-83
-19
62
46
-7
-84
-100
-36
84
111
-6
-171
-143
17
191
141
-114
-298
-138
200
308
42
-292
-251
97
272
86
-182
-183
71
165
16
-162
-95
92
146
-2
-185
-136
94
203
8
-204
-106
121
168
-33
-186
-47
149
87
-104
-160
-38
130
99
-66
-142
-66
47
60
46
-11
-109
-87
5
130
135
-53
-205
-82
138
152
0
-136
-83
83
102
-12
-62
9
69
26
-45
-47
32
110
83
-27
-114
-53
111
167
40
-159
-167
51
278
188
-142
-330
-115
278
312
-56
-287
-132
166
222
-33
-172
-38
135
110
-89
-125
48
152
68
-115
-136
45
174
67
-125
-137
56
183
43
-142
-103
95
158
18
-119
-88
82
135
72
-52
-88
-28
35
89
92
-25
-138
-87
68
164
58
-108
-144
0
124
68
-64
-78
8
42
-23
-82
-1
71
58
-90
-139
-18
88
83
-29
-131
-118
11
135
116
-60
-222
-155
96
279
113
-227
-257
38
229
119
-138
-186
12
139
24
-98
-79
52
102
9
-130
-119
41
167
42
-150
-119
67
143
-5
-142
-86
68
103
-12
-106
-66
27
84
16
-102
-124
-35
97
120
19
-131
-166
13
196
131
-110
-228
-53
173
192
-24
-175
-66
111
78
-50
-58
50
102
-13
-101
-38
93
151
31
-103
-111
25
155
126
-22
-152
-115
79
235
133
-136
-265
-62
213
239
-41
-235
-125
119
192
38
-145
-102
84
157
21
-120
-92
114
185
4
-211
-120
155
207
-17
-189
-89
139
159
-3
-118
-77
78
117
47
-76
-101
39
176
59
-100
-126
3
151
159
-29
-222
-122
144
220
31
-162
-151
30
146
46
-91
-61
49
54
-59
-89
-2
95
42
-61
-135
-62
80
104
14
-159
-150
18
163
132
-45
-244
-175
91
284
125
-190
-260
-33
202
156
-52
-155
-78
80
74
-32
-87
-5
90
42
-122
-137
22
177
101
-170
-173
59
206
45
-173
-160
61
132
32
-105
-119
16
113
40
-111
-172
-26
172
145
-83
-206
-116
105
188
56
-125
-152
-19
104
108
3
-78
-29
21
12
-6
0
68
35
-55
-47
40
71
49
23
-45
-46
-13
80
146
40
-157
-163
45
254
191
-123
-308
-114
260
266
-44
-269
-100
168
157
-32
-129
-27
113
112
-51
-147
-15
167
139
-49
-173
-63
140
152
-44
-174
-79
138
197
-15
-183
-52
124
155
-11
-170
-88
134
212
39
-161
-156
28
191
129
-59
-160
-75
75
133
62
-67
-111
-61
51
94
40
-77
-66
27
23
-54
-43
26
75
-17
-124
-100
45
123
50
-118
-186
-53
150
189
-16
-243
-239
80
300
178
-192
-321
-42
251
201
-96
-221
-59
153
122
-117
-163
31
162
71
-168
-171
12
207
113
-127
-194
10
184
99
-139
-172
20
164
64
-124
-155
7
137
95
-94
-199
-76
133
154
-19
-155
-133
47
146
85
-44
-136
-88
67
137
45
-71
-70
0
57
21
-9
-22
64
36
-45
-44
30
91
85
-1
-105
-92
86
206
87
-146
-217
6
285
241
-120
-337
-151
247
316
-9
-267
-161
145
220
-11
-175
-50
144
136
-74
-178
-7
193
144
-97
-198
-44
193
150
-69
-185
-42
154
133
-66
-144
24
134
60
-72
-102
28
111
78
-10
-72
-47
22
59
83
46
-69
-140
-43
150
153
-51
-193
-99
125
151
-14
-136
-44
52
22
-43
-50
28
79
11
-149
-147
53
169
38
-150
-210
-1
176
166
-54
-229
-165
80
230
115
-149
-226
-28
173
116
-51
-121
-35
69
45
-73
-75
49
86
-15
-104
-58
31
85
43
-71
-85
3
73
75
-60
-118
8
86
19
-85
-81
28
80
25
-85
-116
-28
84
85
8
-102
-133
-12
113
160
13
-177
-165
54
213
93
-125
-139
19
112
48
-53
-20
61
55
-60
-61
20
123
103
-56
-155
-28
160
214
-15
-214
-158
126
267
113
-168
-217
-40
194
175
-53
-125
-54
47
64
16
-25
8
9
9
-7
-10
16
25
44
29
-32
-71
13
86
33
-67
-54
47
96
20
-85
-44
65
92
31
-85
-56
58
142
91
-75
-158
-42
142
167
-5
-173
-115
71
151
68
-88
-142
-3
93
27
-34
-15
7
3
-53
-25
16
23
3
-16
-72
-76
6
90
60
-90
-160
-43
112
148
-10
-201
-167
31
214
157
-69
-234
-126
123
200
27
-161
-133
62
138
12
-157
-81
118
114
-45
-179
-89
125
165
-29
-193
-97
153
191
-67
-222
-62
153
113
-95
-162
-20
142
78
-116
-179
-14
121
114
-14
-152
-136
23
154
99
-55
-142
-68
80
114
28
-59
-62
2
58
20
-41
1
86
31
-78
-72
38
159
83
-64
-119
-34
109
167
76
-136
-212
-29
241
272
-32
-341
-196
191
329
67
-260
-229
102
243
74
-152
-136
106
154
8
-146
-68
104
136
20
-105
-110
35
144
62
-109
-113
57
169
61
-127
-114
69
149
58
-111
-110
46
198
104
-95
-168
-20
151
157
-11
-165
-112
58
122
77
-34
-86
-73
11
70
38
-10
-30
-60
-28
16
30
6
3
1
-62
-90
-45
68
109
-21
-190
-121
81
231
100
-208
-307
-39
284
297
-104
-351
-172
188
297
17
-242
-164
81
162
-13
-129
-58
86
80
-44
-126
-56
96
140
-54
-174
-43
157
113
-111
-179
6
165
45
-109
-114
-6
112
71
-108
-161
-31
95
105
26
-105
-134
-35
104
142
24
-134
-136
-4
137
133
-51
-129
-54
83
91
-19
-62
21
77
-17
-78
-5
124
107
-52
-108
-30
93
162
69
-116
-199
-15
241
257
-55
-309
-207
182
320
36
-243
-151
100
191
25
-133
-82
78
134
3
-135
-46
132
137
-17
-153
-92
107
173
3
-147
-108
85
147
26
-117
-42
88
109
3
-74
-66
22
122
111
-20
-127
-74
75
167
80
-110
-182
-39
157
162
-36
-163
-89
94
107
2
-110
-41
53
27
-49
-72
15
77
21
-98
-139
-19
150
131
-100
-252
-94
161
213
-4
-224
-207
42
240
138
-109
-221
-51
151
104
-32
-102
-44
50
36
-34
-51
-10
30
37
-19
-75
-89
56
151
24
-149
-120
81
171
7
-162
-120
85
146
-15
-163
-102
89
144
-13
-158
-124
38
146
93
-86
-184
-52
106
159
18
-137
-152
24
166
89
-76
-90
0
57
29
-29
15
69
32
-79
-70
42
141
105
-91
-138
10
137
118
25
-73
-126
-40
129
177
68
-169
-227
2
252
190
-107
-264
-61
205
158
-60
-154
-20
154
79
-93
-124
51
160
65
-109
-156
28
165
62
-92
-107
39
114
24
-54
-51
37
95
27
-71
-57
37
124
101
-41
-148
-65
85
174
79
-148
-182
15
168
125
-70
-156
-40
89
61
-34
-78
8
65
-5
-84
-71
56
98
-8
-124
-133
37
129
47
-74
-157
-73
74
113
48
-89
-181
-107
128
254
35
-224
-176
76
183
41
-138
-78
52
40
-26
-44
19
14
3
-22
-29
-40
-15
90
51
-101
-92
77
127
-10
-158
-74
96
123
-37
-141
-78
65
133
27
-175
-192
45
206
96
-113
-204
-78
141
183
6
-144
-134
31
149
79
-61
-90
-17
47
38
-19
0
44
47
-17
-80
-7
105
118
-22
-116
-23
79
103
75
-23
-144
-101
87
233
106
-171
-265
-4
282
214
-122
-273
-76
196
202
-58
-184
-26
161
99
-81
-149
12
166
122
-88
-183
-41
177
156
-66
-186
-42
179
127
-76
-140
6
136
108
-66
-142
-20
186
164
-52
-181
-70
115
154
34
-95
-109
-11
101
113
-6
-105
-89
-6
69
78
-8
-72
-35
36
14
-35
-54
10
69
-21
-132
-89
77
151
4
-190
-187
50
245
123
-171
-309
-89
249
292
-37
-304
-192
137
261
32
-225
-157
111
185
-24
-212
-63
181
133
-110
-194
-64
133
159
-11
-189
-121
101
184
13
-175
-126
73
127
-8
-120
-65
59
55
-23
-90
-87
5
93
79
-36
-151
-99
75
140
66
-72
-151
-75
91
154
41
-102
-125
15
117
56
-76
-39
74
73
-44
-96
25
165
105
-90
-176
0
221
192
-69
-287
-129
221
339
64
-296
-303
87
358
155
-193
-230
-7
177
132
-69
-137
8
131
86
-87
-127
40
162
85
-97
-159
6
187
114
-126
-204
54
216
90
-133
-124
57
139
55
-81
-92
31
115
106
-1
-111
-98
24
163
136
-67
-208
-89
151
232
27
-198
-161
37
168
73
-112
-111
54
117
-40
-168
-25
131
92
-86
-199
-70
134
135
-34
-208
-123
96
192
64
-168
-221
-31
192
197
-49
-224
-134
111
168
25
-158
-101
52
121
-8
-106
-64
64
90
-19
-129
-93
52
155
29
-142
-110
59
131
19
-112
-101
45
92
17
-104
-117
16
155
37
-152
-180
24
167
71
-81
-145
-87
73
159
85
-114
-185
-27
154
143
-39
-144
-52
71
102
-4
-70
-6
88
32
-81
-62
87
165
48
-150
-140
82
214
98
-95
-151
-64
101
194
103
-118
-230
-69
187
225
-9
-198
-100
106
148
-14
-116
-9
103
64
-55
-102
16
133
94
-48
-138
-50
102
125
2
-122
-62
99
119
3
-132
-88
113
181
32
-170
-133
109
239
68
-171
-193
30
235
176
-97
-238
-96
160
227
19
-192
-162
72
158
-10
-73
-25
33
-20
-85
-23
96
70
-62
-107
-85
-8
85
85
-37
-155
-128
72
175
52
-115
-208
-86
140
233
39
-233
-210
87
225
67
-159
-170
52
158
23
-147
-99
72
112
28
-111
-152
15
154
93
-118
-179
19
194
81
-164
-164
34
167
73
-135
-191
2
193
120
-159
-256
-31
231
164
-92
-247
-104
120
173
35
-116
-138
-20
108
102
7
-85
-43
34
53
-3
-25
20
50
12
-43
-52
55
141
56
-92
-122
13
182
148
-68
-217
-96
146
268
99
-218
-254
-6
239
208
-70
-224
-82
149
157
-53
-141
-10
120
97
-43
-119
1
133
86
-60
-124
-35
89
136
-4
-119
-60
94
113
-36
-104
3
102
99
-47
-126
-26
144
161
8
-155
-130
63
162
121
-73
-164
-70
92
147
44
-93
-105
-39
71
75
7
-64
-63
0
57
5
-55
-10
50
-9
-103
-80
29
109
50
-131
-184
-18
191
170
-100
-287
-141
189
298
22
-279
-214
100
250
57
-169
-123
60
123
-19
-129
-63
91
125
-59
-179
-64
98
156
18
-145
-128
55
174
60
-164
-163
77
182
-11
-178
-115
86
161
1
-165
-141
16
132
83
-41
-121
-91
23
126
113
-14
-166
-137
71
206
84
-128
-143
13
122
47
-52
-23
61
45
-50
-70
42
129
75
-46
-92
-29
97
161
51
-149
-181
28
264
196
-122
-308
-115
245
273
-49
-252
-116
137
191
-8
-162
-56
124
131
-26
-146
-49
148
158
-40
-182
-56
152
117
-58
-118
-31
75
92
30
-59
-63
33
111
36
-73
-69
23
139
89
-62
-140
-49
131
158
19
-155
-182
34
225
131
-102
-209
-54
149
117
-55
-128
-38
85
52
-63
-102
11
93
20
-126
-131
23
142
63
-139
-214
-1
205
135
-102
-275
-117
172
258
23
-246
-197
80
233
62
-195
-125
71
125
0
-123
-64
55
87
2
-76
-86
-12
95
73
-62
-104
-33
86
96
-44
-117
-50
66
100
-18
-156
-101
99
151
-40
-203
-120
101
178
56
-161
-197
28
200
132
-75
-209
-51
128
138
-10
-120
-46
60
77
-33
-58
35
93
42
-105
-103
72
191
78
-116
-128
17
153
157
-8
-198
-143
80
270
178
-133
-278
-94
195
240
-6
-203
-150
93
192
27
-122
-60
69
104
0
-102
-45
92
121
9
-112
-90
66
132
28
-134
-77
98
134
-15
-129
-45
131
144
-15
-171
-92
137
245
48
-199
-186
54
223
132
-63
-182
-98
93
161
40
-108
-129
16
87
29
-43
-22
11
7
-32
-43
15
39
2
-48
-60
-55
-6
63
85
-63
-183
-84
141
196
-33
-266
-203
122
330
93
-233
-268
12
244
137
-118
-181
-37
121
96
-77
-122
-6
114
67
-93
-155
-31
178
174
-139
-240
-1
212
117
-160
-194
19
180
78
-174
-181
47
223
64
-187
-220
-6
193
120
-86
-164
-70
58
136
53
-59
-132
-59
63
99
26
-45
-36
2
5
29
43
8
-28
-27
-6
39
63
27
-22
-14
29
11
26
71
60
-41
-131
-35
168
194
-10
-255
-181
162
274
37
-219
-147
87
194
35
-141
-95
115
144
-49
-143
-37
121
141
8
-149
-116
93
180
52
-185
-139
118
216
15
-199
-92
133
178
26
-153
-122
89
212
88
-123
-161
-2
149
149
5
-126
-131
32
121
100
-35
-112
-66
18
68
61
-22
-54
-39
-6
12
10
7
-5
-23
-79
-65
42
77
27
-90
-168
-49
156
170
-56
-255
-165
139
252
70
-194
-183
21
172
104
-109
-153
7
136
40
-114
-116
23
138
50
-110
-137
-13
139
116
-81
-187
-28
165
105
-103
-169
5
130
55
-103
-125
1
122
55
-110
-167
-25
113
93
-34
-80
-78
-24
60
137
31
-131
-146
22
172
107
-91
-138
-24
110
56
-47
-29
75
69
-75
-100
57
151
57
-73
-81
13
87
90
33
-85
-131
-26
183
248
-22
-290
-221
147
324
89
-223
-230
68
241
82
-171
-118
109
154
-22
-145
-44
130
128
-17
-124
-82
52
108
28
-59
-71
13
72
38
-25
-13
11
32
30
-28
-37
11
93
115
-37
-134
-80
93
209
56
-173
-200
13
231
151
-114
-237
-52
153
134
-58
-135
-4
87
11
-94
-36
75
44
-73
-138
-36
77
67
-20
-87
-87
-7
55
78
21
-121
-179
-21
198
162
-80
-224
-71
126
124
-32
-119
-50
79
83
-60
-133
-13
132
72
-99
-121
-17
100
99
-49
-120
-52
64
113
-9
-112
-58
62
78
-43
-110
-35
79
87
-30
-130
-92
21
107
82
-34
-153
-96
73
188
71
-142
-183
4
165
114
-31
-113
-26
45
27
9
26
53
16
-67
-53
41
112
79
-32
-96
-50
111
157
14
-134
-129
40
211
151
-65
-216
-101
108
210
65
-156
-174
23
199
87
-116
-100
53
123
16
-110
-54
58
115
68
-41
-143
-53
129
143
-27
-169
-77
134
167
-2
-168
-79
126
149
-24
-153
-49
176
180
-50
-182
-92
114
187
57
-138
-168
-16
174
156
-24
-179
-106
76
107
3
-56
-25
14
4
-48
-23
0
5
33
-24
-96
-47
36
66
5
-117
-115
41
157
73
-156
-241
-30
245
235
-101
-305
-126
183
244
-11
-223
-123
105
132
-11
-142
-75
81
127
-11
-154
-111
79
184
27
-182
-128
82
164
37
-147
-146
35
146
60
-139
-139
37
171
52
-206
-197
73
207
102
-154
-230
-32
184
179
-28
-205
-117
103
148
18
-92
-41
36
42
-22
-40
45
84
3
-81
-49
62
107
54
-21
-52
-48
40
132
84
-82
-162
-68
176
279
20
-285
-226
120
318
113
-205
-235
45
212
90
-111
-153
70
165
49
-122
-107
59
162
79
-103
-157
14
151
73
-94
-106
41
131
57
-93
-87
38
128
58
-71
-104
25
142
122
-44
-142
-74
79
168
73
-104
-154
-32
112
143
7
-124
-110
43
114
10
-79
-41
34
38
-38
-76
-1
61
49
-62
-135
-63
88
140
-11
-204
-150
91
250
61
-244
-258
37
277
191
-148
-283
-76
193
197
-73
-222
-39
135
71
-64
-118
-9
96
74
-70
-93
-49
39
104
26
-83
-116
6
129
43
-102
-107
9
83
21
-96
-78
27
119
7
-135
-147
4
142
96
-51
-174
-102
87
166
62
-108
-165
-38
129
141
-10
-107
-68
27
75
29
-20
-26
39
24
-26
-32
52
116
37
-89
-98
32
174
126
-96
-211
-37
215
228
-19
-256
-187
138
272
59
-204
-165
92
188
19
-143
-79
121
163
-24
-180
-77
152
153
1
-119
-101
20
149
107
-80
-173
14
158
87
-68
-104
14
124
82
-65
-113
5
135
110
-20
-94
-71
36
146
109
-50
-174
-100
108
184
31
-174
-125
79
140
-6
-113
-43
70
56
-75
-100
27
107
16
-124
-159
7
162
109
-98
-195
-84
123
192
-32
-210
-164
52
178
126
-60
-194
-110
107
156
16
-112
-82
40
67
4
-92
-50
45
68
-2
-77
-106
-14
147
115
-99
-184
-15
150
115
-100
-166
-22
137
86
-116
-165
10
149
75
-120
-218
-39
197
172
-79
-242
-106
141
198
10
-168
-133
63
158
35
-113
-46
75
63
-50
-97
28
148
67
-109
-136
40
193
121
-88
-163
-41
138
171
20
-117
-95
12
100
153
55
-151
-198
8
222
144
-111
-182
-6
152
89
-63
-91
10
107
57
-74
-103
5
143
110
-38
-168
-76
130
168
-11
-188
-85
163
142
-30
-136
-27
126
128
-7
-153
-92
123
245
38
-197
-173
64
231
138
-113
-209
-78
174
165
-27
-174
-82
92
106
-28
-71
-7
49
-19
-85
-27
67
50
-29
-78
-86
1
58
30
-18
-72
-77
0
84
77
-64
-177
-111
130
232
30
-212
-175
83
202
36
-155
-139
67
145
5
-161
-83
101
135
-2
-171
-140
81
214
39
-190
-152
78
192
39
-179
-142
85
171
-4
-158
-115
50
155
28
-159
-156
29
150
69
-61
-148
-73
81
143
49
-105
-132
3
98
91
-22
-66
-14
11
10
12
33
36
14
-53
-54
38
97
76
15
-81
-73
32
140
117
-61
-138
-67
111
210
62
-175
-233
15
262
180
-132
-227
-8
184
118
-93
-143
21
149
86
-94
-146
8
188
112
-85
-192
-18
192
122
-91
-163
-5
168
97
-106
-116
13
142
113
-50
-147
-39
127
159
20
-130
-105
46
103
103
-14
-105
-95
11
134
105
-56
-149
-72
94
123
-4
-112
-67
45
35
-48
-72
22
97
2
-141
-138
65
171
22
-172
-192
34
222
131
-171
-283
-60
236
250
-55
-311
-145
183
208
-32
-202
-82
124
129
-66
-166
-36
134
138
-59
-197
-104
101
202
38
-200
-156
58
165
44
-98
-114
10
104
41
-92
-91
16
60
34
-78
-133
-20
103
105
-15
-131
-124
16
146
130
-46
-179
-104
100
186
34
-133
-86
67
94
-18
-90
26
114
26
-93
-64
67
158
74
-102
-140
10
161
139
-42
-170
-73
129
202
32
-159
-191
26
218
126
-116
-154
9
138
87
-81
-87
48
93
22
-59
-61
25
72
86
3
-124
-74
89
129
-3
-136
-59
120
134
-20
-137
-81
115
177
11
-171
-122
126
242
58
-191
-173
36
196
172
-58
-246
-134
145
243
42
-190
-176
70
186
38
-149
-127
71
132
-25
-154
-42
98
79
-83
-162
-40
127
113
-56
-168
-109
74
164
25
-153
-158
10
137
102
-52
-130
-40
67
56
-14
-42
-35
3
34
2
-49
-52
10
87
51
-106
-142
10
163
112
-129
-185
-4
203
102
-143
-193
10
181
76
-114
-176
-10
173
108
-110
-232
-80
163
191
15
-217
-195
57
238
118
-126
-202
-53
155
164
-21
-142
-52
94
81
-39
-75
21
100
29
-76
-62
65
133
48
-91
-76
16
133
100
-12
-107
-94
60
188
102
-102
-190
-32
162
144
-53
-155
-51
112
146
-6
-147
-53
132
155
-54
-173
-64
169
203
-13
-226
-145
123
228
51
-195
-156
99
201
39
-141
-88
110
137
21
-104
-93
66
159
59
-85
-97
-2
114
115
5
-124
-126
38
164
88
-81
-133
-21
63
56
-8
-40
5
2
-37
-77
19
106
21
-116
-121
-22
75
76
36
-105
-143
-30
110
153
-28
-230
-167
116
269
94
-224
-245
53
220
94
-147
-157
20
151
54
-144
-138
76
181
51
-177
-198
13
223
118
-162
-197
3
195
107
-147
-167
29
163
69
-148
-170
32
175
53
-164
-171
-18
161
132
-60
-153
-101
32
135
83
-50
-123
-68
47
101
49
-43
-41
-21
19
22
28
29
27
-2
-70
-28
76
107
50
-73
-79
13
100
114
2
-100
-92
55
165
102
-90
-189
-65
167
175
-42
-162
-46
114
135
-31
-142
-31
122
118
-42
-134
-49
119
152
-5
-164
-102
123
201
-1
-188
-118
139
194
-26
-157
-54
123
162
5
-161
-110
99
219
103
-131
-183
-6
165
152
-3
-156
-158
28
212
124
-83
-190
-72
122
112
-25
-95
-53
50
60
-56
-79
12
74
2
-112
-80
9
97
67
-94
-161
-40
124
123
-50
-180
-123
74
192
96
-143
-192
2
162
81
-101
-123
26
132
10
-141
-100
92
123
-21
-131
-110
33
135
76
-74
-143
-19
107
79
-41
-112
-31
46
48
-11
-42
-42
-7
37
37
-80
-121
-24
103
120
-22
-183
-154
124
236
60
-206
-221
78
248
99
-145
-149
30
118
25
-45
1
44
32
-43
-36
35
109
67
-62
-99
-11
125
166
6
-154
-124
66
215
120
-106
-220
-45
192
185
-77
-190
-34
137
101
-31
-109
-24
105
93
-30
-114
-32
99
117
16
-109
-108
49
145
67
-110
-137
23
159
67
-68
-92
-8
104
103
-36
-117
-51
136
183
24
-176
-159
77
242
127
-168
-258
-40
217
199
-61
-198
-91
90
123
-25
-96
-24
54
27
-83
-76
57
82
-7
-131
-115
33
139
63
-123
-192
-49
162
182
-57
-245
-134
102
222
79
-166
-195
13
173
98
-101
-146
-33
116
101
-65
-131
-26
114
97
-72
-166
-74
154
192
-59
-240
-94
191
201
-87
-232
-54
182
136
-89
-205
-54
154
159
-40
-233
-154
85
224
89
-153
-208
-54
171
185
-6
-196
-127
83
173
53
-123
-94
46
100
2
-48
16
61
40
-34
-66
12
102
107
-27
-111
-64
85
186
71
-156
-169
43
224
142
-91
-215
-93
148
210
-2
-163
-111
84
152
6
-111
-68
87
121
-23
-125
-38
90
144
40
-140
-163
55
191
82
-127
-164
52
198
66
-122
-120
41
166
82
-116
-155
45
198
145
-78
-202
-92
143
229
65
-192
-205
33
222
124
-114
-185
-45
117
80
-50
-87
14
59
-6
-88
-42
64
67
-18
-121
-102
49
115
33
-96
-170
-62
135
183
-22
-226
-198
79
277
141
-192
-293
3
270
135
-159
-210
20
192
86
-144
-199
10
214
100
-134
-220
-45
190
209
-86
-271
-62
188
184
-74
-226
-73
172
131
-93
-181
-32
152
119
-97
-213
-77
111
147
10
-78
-148
-78
101
168
40
-119
-147
-17
125
134
-5
-135
-51
61
74
-15
-24
30
28
-28
-43
30
90
57
-28
-59
-28
59
137
61
-89
-160
-18
187
204
-29
-262
-139
168
237
12
-221
-118
165
171
-52
-175
-15
135
133
-34
-148
-72
109
163
12
-131
-101
60
141
37
-69
-106
6
105
63
-33
-51
0
71
69
-16
-67
-8
81
111
38
-102
-116
15
153
126
-49
-175
-86
103
186
23
-148
-149
40
152
54
-112
-80
28
43
-14
-59
-2
21
6
-45
-69
-21
44
72
1
-154
-140
65
214
58
-200
-238
27
269
159
-152
-266
-49
209
159
-92
-198
-53
162
130
-107
-191
3
167
90
-111
-185
-45
148
162
-57
-192
-57
135
121
-78
-161
-29
100
85
-52
-142
-55
103
121
-46
-164
-116
55
141
62
-87
-156
-78
96
174
35
-144
-160
29
155
86
-53
-105
-30
68
54
-2
-33
19
60
-8
-66
-35
76
171
37
-145
-146
72
258
103
-175
-221
24
262
186
-82
-245
-138
139
253
30
-174
-127
77
170
13
-137
-36
106
103
-23
-99
-43
67
100
56
-67
-99
7
104
66
-39
-89
-7
78
76
0
-64
-51
73
142
-6
-149
-54
145
226
-14
-232
-136
126
268
84
-191
-217
0
212
161
-81
-187
-56
125
91
-72
-92
27
79
-37
-113
-21
114
68
-72
-141
-53
46
82
10
-85
-107
-43
93
117
-22
-145
-126
16
164
133
-69
-211
-76
121
136
-11
-126
-65
49
64
-10
-70
-63
15
87
33
-114
-142
48
194
67
-146
-178
23
190
73
-153
-171
34
172
63
-143
-173
23
187
68
-167
-216
14
191
117
-87
-213
-100
151
185
4
-155
-108
52
116
38
-59
-56
45
44
-26
-65
18
124
59
-81
-108
-2
130
139
-18
-129
-66
98
159
51
-96
-157
-5
189
168
-52
-175
-116
72
197
75
-114
-143
-1
144
82
-56
-117
9
136
86
-92
-135
13
160
135
-55
-223
-41
177
151
-65
-180
-29
161
105
-58
-123
-15
123
128
-32
-156
-46
149
184
4
-142
-134
31
196
124
-100
-180
-56
119
166
9
-148
-122
52
121
13
-111
-38
74
47
-75
-100
24
95
27
-87
-171
-19
141
126
-72
-223
-94
131
199
8
-211
-200
26
206
166
-73
-233
-80
114
152
2
-134
-80
58
130
-15
-162
-71
118
141
-22
-195
-107
87
181
37
-159
-152
50
201
64
-172
-178
44
179
52
-143
-144
31
149
74
-114
-223
-55
177
172
-34
-197
-138
79
197
66
-114
-179
-26
150
131
-49
-130
-26
91
84
-44
-78
21
106
33
-91
-85
82
185
49
-134
-99
45
149
127
-30
-184
-92
137
244
61
-199
-239
32
276
168
-147
-234
-17
211
128
-117
-163
57
202
55
-166
-144
66
200
95
-129
-189
13
194
84
-79
-113
5
97
64
-31
-53
5
85
59
-49
-75
-2
104
127
21
-123
-125
30
170
143
-38
-201
-153
106
230
58
-171
-178
18
170
73
-117
-119
53
117
-18
-146
-50
133
90
-104
-168
-36
109
97
-53
-159
-83
65
143
27
-143
-164
-4
169
169
-45
-228
-136
127
216
-3
-203
-128
116
176
-29
-211
-87
151
172
-35
-219
-153
109
244
36
-229
-166
91
208
49
-167
-165
39
165
52
-143
-141
40
144
37
-110
-165
-35
116
116
14
-151
-152
6
161
144
-64
-195
-75
135
188
-18
-173
-66
121
122
-82
-122
78
158
4
-157
-81
124
194
45
-152
-131
72
196
93
-107
-180
-26
193
194
-22
-182
-159
86
224
64
-131
-137
23
139
69
-78
-101
50
132
41
-73
-116
21
159
118
-63
-187
-59
153
163
-20
-156
-76
107
141
-2
-105
-55
68
124
30
-109
-80
94
166
64
-121
-135
5
135
134
-28
-146
-92
54
154
41
-123
-99
43
93
-11
-73
-14
56
43
-72
-111
16
109
33
-112
-143
-24
113
111
-46
-195
-119
83
196
36
-176
-185
-9
178
171
-48
-212
-103
99
134
-1
-106
-63
41
77
-19
-90
-54
26
92
52
-102
-166
-26
190
133
-111
-169
-27
145
105
-108
-159
6
137
67
-105
-135
-9
119
86
-86
-174
-75
109
159
41
-162
-221
9
256
170
-134
-240
-57
165
156
-31
-133
-32
91
75
-64
-71
62
118
-7
-141
-55
158
174
-17
-146
-86
84
165
64
-80
-117
-29
99
161
79
-119
-187
-30
201
161
-86
-159
-36
118
104
-43
-91
-11
83
89
-50
-105
-18
120
128
-19
-152
-83
135
152
-37
-158
-42
129
122
-24
-125
-56
112
151
-19
-143
-50
117
188
40
-147
-122
18
132
130
8
-134
-133
37
163
108
-108
-157
-6
105
69
-41
-76
-2
23
7
-45
-48
25
56
1
-100
-98
20
112
39
-100
-159
-38
172
146
-101
-242
-134
166
281
34
-275
-233
116
246
60
-178
-161
54
181
34
-173
-138
93
182
18
-177
-162
40
222
90
-178
-192
28
184
85
-124
-157
19
136
36
-100
-114
-1
94
53
-47
-144
-86
66
113
26
-85
-152
-48
113
177
21
-176
-142
62
147
43
-64
-71
6
66
15
-39
-14
66
61
-63
-77
32
132
79
-53
-96
-30
109
164
17
-167
-151
93
257
114
-175
-266
0
261
189
-101
-225
-42
173
123
-61
-168
0
193
135
-95
-230
-53
231
201
-75
-226
-80
161
176
-18
-162
-73
123
128
-5
-102
-57
73
120
26
-96
-67
53
133
78
-80
-106
-13
106
141
6
-130
-126
24
144
86
-48
-118
-51
59
66
-31
-73
13
56
-4
-73
-62
62
81
-23
-152
-106
69
146
44
-141
-211
-56
217
201
-110
-303
-125
198
276
16
-261
-203
90
219
67
-153
-136
37
150
6
-165
-64
115
129
-45
-162
-99
72
152
36
-125
-112
3
112
79
-68
-118
-15
66
56
-34
-95
-66
51
128
-6
-180
-154
64
213
102
-154
-248
-34
225
213
-65
-265
-121
160
217
15
-196
-111
124
163
-25
-154
-36
161
106
-76
-139
6
188
142
-59
-188
-78
178
226
-9
-209
-155
126
277
107
-188
-251
2
243
163
-91
-198
-34
138
110
-55
-89
4
102
52
-53
-84
-4
82
100
7
-135
-104
104
171
37
-149
-116
55
145
34
-94
-71
33
134
79
-73
-129
-12
153
161
-14
-184
-152
107
259
114
-192
-275
-9
288
183
-140
-260
-54
204
133
-97
-173
21
134
19
-139
-103
81
147
-7
-195
-144
75
180
39
-179
-195
29
225
115
-158
-239
-71
184
175
-17
-189
-115
92
155
17
-123
-115
53
124
6
-119
-86
47
99
33
-94
-145
-12
156
133
-81
-206
-64
159
180
-45
-220
-103
153
163
-41
-206
-85
143
158
-63
-199
-113
87
174
46
-128
-165
-26
144
133
-24
-152
-86
88
100
28
-79
-41
56
65
-32
-48
30
96
23
-94
-69
93
147
47
-80
-89
-6
95
144
27
-133
-163
49
233
165
-112
-248
-73
182
200
-20
-173
-105
92
159
12
-114
-62
59
110
20
-105
-87
65
173
68
-168
-173
44
241
103
-194
-207
103
270
43
-224
-128
153
242
-12
-228
-131
153
258
61
-185
-185
41
221
122
-96
-154
-56
97
122
10
-82
-71
13
29
-18
-34
20
56
8
-81
-90
18
88
40
-43
-129
-89
61
124
30
-130
-179
-14
168
143
-75
-213
-116
80
214
112
-141
-258
-41
215
180
-86
-218
-79
149
153
-50
-180
-78
121
154
-56
-202
-93
129
199
-24
-210
-99
134
180
-38
-202
-91
137
153
-66
-196
-72
138
123
-62
-188
-104
106
143
45
-93
-169
-63
88
189
52
-173
-176
16
199
139
-100
-185
3
161
67
-110
-75
76
117
-26
-125
-20
165
146
-38
-178
-65
122
206
74
-173
-220
35
294
208
-140
-315
-79
234
228
-47
-209
-84
142
132
-58
-127
11
141
69
-79
-103
-2
117
104
-14
-108
-72
95
124
0
-109
-87
69
135
29
-88
-84
41
123
77
-66
-109
-11
147
163
4
-192
-130
101
234
61
-176
-182
29
202
113
-97
-159
-29
98
70
-20
-83
2
72
2
-103
-81
63
129
0
-190
-141
98
186
10
-175
-169
25
176
89
-82
-193
-123
108
217
77
-173
-217
32
196
85
-108
-136
14
110
37
-91
-127
18
127
65
-79
-158
-55
96
155
7
-187
-117
98
159
11
-166
-95
41
107
24
-95
-108
16
115
46
-97
-166
-52
121
147
10
-203
-189
93
274
82
-220
-240
68
250
86
-152
-137
64
145
13
-125
-47
111
135
-51
-152
-38
172
175
-37
-183
-96
125
212
74
-150
-210
23
250
195
-96
-284
-91
204
263
-30
-241
-114
138
161
-6
-144
-50
90
106
5
-80
-40
36
98
72
-35
-146
-33
112
137
-2
-148
-93
112
159
-3
-152
-63
148
172
-36
-209
-48
188
205
-30
-197
-97
106
182
82
-129
-178
-18
134
146
-30
-145
-61
44
93
9
-69
-27
41
17
-73
-49
60
69
-26
-121
-94
14
104
75
-77
-187
-62
137
162
-7
-213
-181
53
227
133
-144
-231
-41
199
153
-109
-177
-15
134
65
-86
-111
0
110
56
-59
-140
-88
94
192
12
-189
-162
79
201
68
-169
-194
58
207
53
-181
-171
46
203
51
-182
-217
42
193
115
-84
-182
-91
121
166
12
-132
-152
30
184
80
-93
-109
22
114
15
-89
-47
95
120
-59
-144
24
165
116
-65
-130
-22
102
147
28
-101
-101
0
135
139
-3
-151
-173
40
232
148
-153
-228
23
234
95
-167
-169
105
213
25
-178
-122
93
196
84
-148
-204
56
227
61
-152
-162
57
184
70
-109
-128
14
165
136
-75
-191
-13
185
161
-50
-158
-66
77
151
68
-90
-146
-39
84
132
25
-114
-113
15
101
43
-48
-60
6
17
-19
-41
6
57
46
-89
-145
-23
121
94
-58
-181
-116
93
196
30
-194
-207
39
212
162
-92
-260
-101
195
228
-45
-260
-96
170
164
-84
-203
-40
166
133
-81
-206
-85
129
193
12
-193
-145
76
191
50
-152
-181
60
194
19
-164
-128
57
148
21
-147
-163
12
139
87
-32
-142
-107
42
158
100
-80
-172
-57
107
143
10
-106
-76
54
75
-19
-40
45
74
-30
-99
-19
145
153
-16
-154
-82
117
191
57
-140
-177
17
209
191
-76
-246
-114
171
243
-1
-202
-117
110
181
-4
-155
-64
111
142
-35
-133
-51
105
137
25
-84
-114
3
127
80
-44
-113
-9
108
75
-37
-95
8
115
84
-19
-114
-51
101
165
52
-140
-142
17
169
156
-65
-200
-94
113
182
24
-160
-125
48
151
15
-123
-87
85
102
-70
-152
3
130
76
-102
-192
-55
144
159
-50
-252
-155
133
294
54
-276
-285
50
300
163
-161
-267
-17
198
114
-99
-138
-1
95
45
-101
-97
25
88
54
-44
-107
-98
47
167
47
-152
-135
34
157
64
-136
-153
7
145
64
-93
-153
-8
142
68
-94
-158
-71
113
128
-1
-132
-151
25
173
116
-101
-189
-11
160
92
-62
-91
11
86
17
-104
-25
111
106
-67
-130
17
133
128
6
-115
-86
58
170
79
-91
-157
-38
166
210
24
-199
-204
49
252
124
-126
-183
5
159
100
-64
-121
5
101
82
-49
-103
1
100
109
-11
-148
-94
109
191
20
-160
-135
73
200
74
-130
-159
75
220
68
-160
-138
70
209
114
-117
-198
-35
198
231
-36
-269
-149
149
233
52
-193
-165
33
153
55
-102
-76
78
55
-67
-128
-4
142
69
-133
-191
-14
154
107
-78
-200
-92
139
159
-10
-169
-164
3
181
141
-68
-188
-103
85
170
15
-127
-103
41
97
3
-107
-98
63
139
35
-148
-180
23
227
119
-169
-234
24
232
114
-160
-226
-12
196
133
-91
-232
-72
167
163
-66
-240
-131
131
199
51
-182
-225
11
226
156
-112
-223
-42
148
133
-25
-105
-27
53
39
-22
-41
38
93
14
-99
-53
99
159
47
-128
-129
49
184
100
-79
-160
-47
146
170
42
-150
-214
3
241
185
-81
-228
-73
171
174
-35
-185
-54
168
161
-82
-207
-26
202
185
-82
-237
-59
181
187
-32
-186
-67
91
139
2
-108
-39
104
109
-4
-104
-65
54
158
99
-90
-150
-17
149
152
-22
-177
-111
98
174
25
-129
-122
35
107
10
-66
-20
57
17
-84
-78
47
68
-5
-65
-80
-31
43
64
6
-89
-141
-26
172
120
-90
-226
-112
161
260
14
-266
-211
119
254
64
-205
-177
65
206
20
-180
-129
92
194
-11
-207
-117
93
172
24
-142
-113
41
140
39
-105
-109
26
98
12
-81
-95
5
85
56
-53
-145
-88
60
137
65
-113
-184
-39
156
155
-17
-186
-109
89
181
39
-117
-98
49
77
5
-45
0
66
43
-46
-57
16
137
87
-68
-125
-18
161
158
-23
-187