#4
333
74
-186
-25
308
261
-48
-131
76
272
138
-114
-78
195
347
97
-188
-112
234
369
96
-200
-76
240
332
85
-116
-14
175
181
75
40
103
106
27
29
107
183
102
-39
-23
176
261
68
-164
-86
238
378
104
-261
-202
227
492
194
-275
-290
127
442
236
-157
-187
114
288
101
-80
8
170
168
-7
-60
95
233
97
-92
-33
180
200
9
-80
58
234
164
-84
-104
140
294
108
-177
-79
234
318
65
-164
-56
185
237
41
-98
16
176
129
-33
-27
121
213
-7
-188
8
297
294
-91
-320
-1
410
311
-175
-332
61
447
279
-196
-322
73
438
276
-164
-270
13
316
263
-7
-117
-20
102
101
124
157
58
-125
-124
161
350
158
-159
-217
90
333
192
-149
-182
127
281
132
-106
-149
94
261
159
-81
-157
78
224
113
-64
-77
88
182
66
-90
-17
141
110
-36
-49
134
195
-3
-170
-6
242
229
-23
-203
-23
245
255
15
-156
-75
167
232
68
-57
-43
50
150
134
-3
-42
41
89
88
62
38
-27
-35
80
210
130
-94
-214
-5
322
297
-65
-330
-119
278
365
35
-277
-145
203
269
35
-162
-38
204
146
-81
-106
124
201
13
-96
-28
127
139
0
-45
27
132
79
-34
-31
85
139
24
-52
21
108
170
31
-134
-54
154
203
39
-129
-81
103
157
42
-29
10
34
10
-19
48
126
70
-103
-123
101
252
82
-183
-160
135
304
88
-231
-202
197
375
83
-302
-248
180
402
157
-201
-259
52
279
202
-24
-141
-36
94
80
57
84
78
-42
-94
42
186
80
-99
-94
92
196
36
-143
-65
187
228
-30
-211
-56
197
205
-30
-188
-72
195
241
-46
-210
-52
183
171
-38
-126
23
140
73
-85
-36
133
144
-45
-147
10
241
197
-79
-226
-24
298
242
-104
-251
-1
276
206
-96
-202
21
208
124
-33
-90
-18
51
93
90
9
-38
-57
-2
140
166
-7
-191
-139
95
267
140
-145
-214
6
225
165
-85
-167
24
227
111
-119
-148
55
205
96
-116
-144
77
203
58
-99
-45
87
109
-18
-47
34
82
46
-38
28
121
72
-70
-118
36
207
124
-95
-156
-3
145
137
-6
-89
-76
42
120
75
-11
-84
-77
39
135
105
-35
-133
-53
103
173
51
-145
-140
100
261
113
-180
-262
16
335
252
-112
-281
-95
216
293
60
-175
-177
8
180
178
25
-95
-105
29
138
71
-34
-49
5
50
84
13
-56
-32
51
119
66
-74
-89
13
120
78
-67
-90
11
151
80
-86
-115
7
94
85
18
-34
-18
-6
24
61
50
13
-48
-48
32
136
131
-1
-163
-116
139
284
65
-220
-181
129
296
79
-225
-169
130
261
62
-177
-152
55
196
138
-46
-157
-99
78
164
87
-34
-137
-130
55
193
159
-71
-208
-81
131
195
43
-134
-115
52
142
38
-51
-33
17
84
14
-60
-30
71
97
-6
-61
8
54
40
34
11
-46
-22
49
91
58
-8
-38
-42
29
97
68
-32
-86
-37
58
123
45
-65
-122
-46
84
143
42
-86
-140
-26
148
128
-32
-145
-57
104
132
7
-126
-59
94
140
43
-82
-144
-31
161
187
39
-186
-182
75
264
191
-113
-248
-78
180
229
31
-135
-106
46
102
37
-35
-37
34
50
-12
-12
10
35
53
3
-6
12
-3
-26
0
42
37
-29
-50
49
57
10
-65
-58
31
76
45
-26
-63
-15
58
84
33
-30
-66
-15
67
104
65
-45
-94
-29
100
159
52
-126
-123
64
170
80
-99
-117
33
157
96
-97
-173
-33
169
201
11
-220
-159
80
240
133
-136
-231
-81
155
176
40
-109
-134
-28
106
112
20
-85
-79
45
101
45
-72
-65
11
101
50
-84
-66
46
84
7
-37
-26
26
85
36
-45
-69
17
82
68
25
-26
-32
-32
-5
78
64
-20
-66
-46
4
108
84
-31
-128
-107
59
160
106
-122
-226
-53
227
202
-95
-228
-88
160
213
-13
-199
-109
98
179
68
-119
-153
-51
135
196
84
-150
-231
-16
250
261
-37
-287
-168
150
274
93
-157
-181
17
174
119
-75
-145
-6
133
99
-56
-109
-22
117
76
-31
-78
-21
49
39
12
-2
-39
-33
52
69
-5
-80
-73
21
84
58
-10
-73
-52
25
87
57
-22
-42
-27
16
77
91
-1
-72
-72
45
129
88
-83
-146
27
190
102
-133
-145
27
180
101
-100
-176
-41
174
199
-20
-198
-125
52
163
99
-47
-165
-129
60
183
128
-56
-176
-104
63
139
66
-66
-111
-6
98
73
-11
-75
-34
68
76
-30
-99
-24
84
75
-10
-38
-24
22
52
36
-31
-44
12
67
53
2
-38
-23
-15
23
74
54
-58
-89
-10
76
101
7
-112
-129
-14
142
130
-45
-209
-113
173
224
-53
-229
-112
139
189
-2
-165
-124
70
187
103
-96
-218
-70
156
227
61
-208
-225
30
276
229
-89
-270
-124
145
219
48
-142
-99
33
115
35
-70
-39
31
51
-19
-30
10
19
21
17
15
-28
-47
12
53
8
-23
-32
-13
27
21
-10
-23
-41
-26
21
97
51
-93
-113
19
127
73
-65
-93
-18
55
85
42
-7
-68
-50
59
123
59
-78
-140
10
159
122
-71
-170
-32
146
140
-33
-178
-104
119
221
53
-171
-170
-22
155
165
8
-188
-183
38
217
147
-95
-231
-96
173
186
-11
-171
-107
114
159
-23
-128
-34
76
86
17
-94
-101
30
121
72
-42
-85
-13
69
67
9
-91
-58
76
97
36
-32
-40
-14
-13
51
84
18
-100
-101
21
144
82
-84
-129
-47
97
91
-13
-84
-81
-22
92
97
1
-136
-111
54
172
81
-142
-174
22
201
126
-109
-215
-56
170
188
18
-137
-164
-34
152
221
59
-171
-229
-3
241
220
-50
-254
-133
157
217
-2
-211
-112
109
171
28
-151
-124
69
155
56
-128
-105
45
89
15
-62
-54
-2
42
52
-13
-66
-43
4
18
40
71
-25
-116
-71
95
150
11
-139
-104
43
164
121
-64
-156
-62
103
170
59
-128
-170
29
209
115
-131
-158
5
169
137
-81
-201
-58
144
155
28
-113
-129
-42
90
148
35
-138
-153
-30
130
174
13
-188
-159
51
171
95
-105
-135
26
108
39
-51
-60
1
78
52
-70
-86
19
82
50
-56
-67
26
88
30
-55
-55
33
40
4
30
61
3
-93
-62
75
116
2
-124
-62
63
64
10
-32
-42
-48
-26
48
95
-14
-129
-111
87
193
0
-190
-135
116
169
18
-169
-155
69
217
93
-114
-191
-59
126
198
47
-156
-166
7
180
172
-8
-170
-160
43
196
133
-72
-146
-70
88
129
13
-107
-65
42
97
13
-80
-75
48
104
44
-62
-105
15
73
40
-47
-56
5
57
1
-24
-16
-38
-18
14
64
54
-67
-107
-13
100
121
-21
-116
-78
51
134
81
-63
-115
-21
96
113
31
-96
-106
13
120
105
-59
-112
-20
95
104
-11
-112
-94
23
161
117
-82
-198
-107
119
231
78
-194
-282
-24
256
237
-72
-290
-145
156
213
21
-171
-110
61
129
26
-90
-74
2
81
52
-45
-75
-12
62
52
-21
-43
2
26
29
14
-25
-47
-7
48
75
38
-32
-85
-49
75
112
16
-127
-102
32
117
82
-49
-127
-71
57
100
28
-74
-96
-49
71
118
-8
-125
-104
56
137
50
-113
-136
21
144
89
-40
-140
-104
74
194
105
-104
-201
-80
155
228
69
-167
-221
-16
212
194
-33
-194
-99
119
150
-27
-143
-55
99
80
-24
-83
-29
74
89
-9
-88
-24
49
26
-38
-7
25
-6
-23
6
27
-5
-38
-55
-2
79
42
-38
-86
-38
69
104
11
-91
-79
42
107
80
-31
-91
-55
50
130
76
-82
-154
1
159
113
-55
-153
-65
113
153
1
-163
-135
80
215
84
-135
-195
-43
126
169
27
-132
-197
-61
149
210
24
-185
-185
13
185
112
-104
-150
8
147
50
-107
-88
58
117
16
-128
-73
72
118
-21
-92
-11
77
28
-32
-15
17
25
-3
-18
29
65
25
-81
-87
34
130
63
-97
-134
-9
102
101
-16
-102
-107
2
79
84
-17
-111
-99
41
143
73
-115
-158
-7
127
101
-50
-167
-54
139
171
-14
-205
-141
93
219
116
-123
-211
-52
155
218
45
-183
-186
5
205
157
-63
-159
-75
87
111
7
-102
-75
58
75
-5
-44
-38
37
54
-4
-39
-5
7
-30
-6
31
14
-64
-48
52
78
-14
-120
-77
75
101
9
-111
-62
48
83
19
-61
-26
0
3
27
45
43
-34
-69
-4
102
118
-44
-168
-53
146
168
-29
-170
-72
101
160
7
-166
-135
80
209
105
-156
-201
-25
153
156
1
-132
-131
-37
98
135
39
-99
-155
-42
115
131
-12
-141
-67
92
109
-25
-99
-10
66
42
-37
-68
-11
50
46
16
-45
-33
26
34
11
-1
-27
-8
10
49
49
-6
-51
-53
13
97
61
-60
-108
-20
75
73
0
-57
-76
-53
57
104
37
-115
-166
-9
190
149
-123
-252
-34
211
142
-96
-199
-54
146
186
-12
-176
-174
18
212
191
-44
-261
-170
161
322
83
-244
-244
33
236
165
-83
-155
-60
76
98
22
-73
-77
16
63
41
-28
-73
-15
69
77
-14
-104
-37
55
66
-3
-70
-39
24
63
-5
-50
-35
-40
7
40
15
-51
-33
44
56
-18
-42
4
32
-3
-20
22
69
15
-58
-73
51
152
43
-151
-130
90
220
18
-172
-117
103
185
3
-181
-117
87
171
73
-86
-143
-71
64
131
69
-57
-163
-95
67
177
76
-105
-167
-41
95
127
1
-101
-100
28
120
55
-78
-87
9
90
40
-92
-74
34
116
8
-95
-48
81
91
-36
-84
-13
58
44
-1
16
7
-43
-46
9
83
57
-42
-106
-42
54
91
31
-85
-113
-30
81
92
-15
-116
-124
45
170
85
-116
-205
-18
194
117
-99
-196
-5
176
107
-58
-139
-80
61
113
94
-12
-160
-108
71
210
120
-102
-214
-97
178
225
10
-163
-135
50
160
39
-102
-90
30
100
41
-71
-76
29
106
8
-85
-74
26
76
27
-11
-66
-43
27
88
32
-74
-108
-37
65
112
2
-103
-87
25
112
56
-40
-68
-46
26
60
48
24
-34
-73
-15
76
126
10
-165
-92
127
192
7
-179
-120
90
204
70
-185
-193
24
209
155
-85
-223
-105
99
209
30
-141
-154
-35
98
119
27
-102
-125
-14
101
82
-34
-91
-36
68
55
-20
-39
-26
21
36
2
-23
-59
-17
70
84
-14
-96
-51
67
97
-6
-93
-47
44
109
54
-44
-90
-45
55
105
38
-79
-112
5
69
63
20
-67
-121
-35
80
117
5
-134
-132
30
185
118
-141
-249
-10
234
175
-115
-233
-81
166
215
5
-206
-178
39
191
153
-10
-190
-165
71
262
137
-143
-236
-28
151
168
5
-122
-113
38
108
53
-59
-76
15
48
34
-19
-56
-16
49
60
-17
-80
2
17
18
28
-22
-49
-5
46
23
-31
-60
-35
5
45
64
16
-108
-81
51
109
54
-61
-114
-27
97
115
25
-91
-86
1
89
136
30
-148
-133
78
195
41
-147
-117
50
155
57
-90
-137
-9
141
117
-32
-150
-138
29
197
149
-84
-237
-122
113
210
68
-158
-187
-7
138
113
-37
-107
-34
33
79
11
-74
-44
51
68
-10
-82
-36
47
67
-2
-43
-19
35
9
-18
15
17
-6
-34
19
97
39
-85
-98
28
118
65
-84
-140
-10
88
87
-4
-102
-80
4
61
52
-8
-74
-91
14
127
73
-106
-163
-9
153
94
-73
-162
-67
119
177
38
-168
-178
12
184
164
-29
-207
-147
88
218
130
-95
-204
-98
121
215
45
-146
-153
37
158
44
-106
-83
51
91
-2
-78
-48
50
89
16
-79
-60
33
61
5
-48
-29
5
15
10
24
-10
-67
-75
16
106
60
-67
-127
-32
105
101
-8
-86
-55
29
89
53
-5
-33
-67
-20
80
118
39
-122
-147
61
216
102
-177
-211
56
235
128
-143
-219
-23
199
175
-48
-196
-116
42
148
105
-31
-163
-163
41
224
128
-122
-231
-58
158
157
-36
-144
-59
92
76
-17
-50
-20
23
33
-1
-50
-37
35
35
-7
9
25
-12
-35
3
63
10
-63
-20
37
90
41
-57
-103
-26
101
118
-38
-162
-65
91
139
20
-121
-129
-15
92
104
10
-118
-142
-8
174
131
-112
-215
-52
175
159
-62
-188
-70
123
161
4
-140
-135
-8
157
155
-18
-181
-148
63
211
152
-60
-215
-118
95
193
84
-106
-145
6
136
59
-97
-97
33
79
28
-32
-51
-25
53
59
-14
-62
-23
22
-2
-11
-12
7
12
28
16
-34
-62
-68
17
68
55
-24
-91
-46
35
93
41
-55
-71
-23
58
92
60
-63
-117
-27
118
134
-16
-144
-68
102
142
7
-133
-88
62
144
47
-99
-109
-3
87
85
0
-52
-105
-86
91
191
36
-188
-212
32
230
133
-110
-185
-82
88
147
11
-120
-58
51
93
-10
-78
-20
66
44
-52
-77
-15
68
54
-32
-36
16
29
6
-10
0
-5
-13
-3
29
86
41
-88
-100
13
112
87
-53
-124
-28
79
96
17
-77
-132
-70
106
143
12
-135
-156
19
173
98
-104
-154
-29
122
114
-26
-161
-109
94
203
79
-172
-215
-8
206
187
-7
-211
-165
65
227
163
-99
-209
-97
112
191
51
-115
-128
10
103
61
-63
-65
26
79
14
-75
-58
42
91
-7
-54
-31
-4
21
3
5
-11
-38
-1
20
24
-5
-50
-55
-21
43
84
23
-89
-101
26
123
52
-60
-88
-24
53
68
44
-13
-76
-48
45
133
69
-92
-178
8
202
126
-105
-188
-32
180
158
-50
-216
-98
142
219
33
-195
-186
23
204
118
-78
-171
-109
56
145
111
-52
-183
-121
81
178
62
-117
-128
7
129
57
-63
-79
-2
76
57
-57
-94
-3
69
20
-16
5
-4
14
40
15
-45
-60
18
82
90
-10
-83
-72
5
117
93
-71
-156
-28
108
82
-7
-78
-109
-37
65
120
26
-112
-148
-1
149
135
-54
-213
-115
130
198
8
-191
-135
116
193
25
-161
-145
10
153
110
16
-101
-158
-27
153
228
27
-252
-210
103
281
103
-145
-180
0
139
82
-47
-108
-29
63
66
10
-54
-48
32
81
-3
-63
-5
16
2
-22
-19
28
15
-25
-24
5
16
-7
-45
-3
60
43
-48
-105
-18
105
91
-24
-93
-40
41
84
59
-10
-79
-49
38
126
74
-67
-168
-19
177
154
-93
-191
-39
178
162
-70
-185
-89
107
193
32
-147
-167
-13
143
149
-8
-164
-152
10
163
131
-41
-173
-125
59
157
43
-123
-76
59
94
-18
-90
-21
74
54
-48
-88
-3
64
37
-25
-48
-1
32
25
1
12
2
-49
-19
53
94
25
-90
-104
22
135
89
-67
-165
-47
111
110
-5
-96
-97
-19
79
82
-13
-113
-98
32
114
52
-63
-114
-50
73
99
30
-125
-111
37
131
87
-66
-152
-61
69
157
91
-74
-194
-81
152
225
42
-171
-206
29
227
147
-108
-183
-29
145
116
-61
-152
-20
131
80
-65
-97
-4
60
67
6
-61
-64
7
36
39
12
-65
-42
38
44
-11
-40
-62
-32
42
85
30
-77
-93
-9
111
95
-28
-119
-86
45
148
102
-62
-147
-49
121
144
30
-134
-148
61
176
94
-108
-173
7
158
126
-46
-164
-108
88
199
64
-146
-188
-22
170
173
-56
-194
-121
50
136
95
-38
-142
-97
41
140
73
-88
-138
12
118
41
-56
-71
13
59
23
-40
-51
16
33
31
-2
-34
10
29
-3
9
2
-24
-6
38
83
22
-65
-79
-17
77
89
10
-94
-62
14
54
71
29
-103
-156
-32
156
175
-47
-232
-154
126
255
15
-258
-182
126
258
54
-211
-222
48
254
118
-117
-190
-72
100
174
110
-112
-213
-46
171
227
20
-201
-171
31
185
151
-48
-176
-109
96
174
39
-138
-126
44
127
25
-95
-95
59
133
36
-119
-101
46
78
32
-57
-60
4
40
39
-37
-58
-42
-20
30
62
26
-50
-76
-14
66
72
-4
-52
-59
-6
66
100
1
-92
-85
26
150
120
-102
-203
-28
238
188
-125
-249
-32
238
174
-109
-243
-61
191
173
-25
-168
-105
44
119
53
-28
-66
-84
-65
70
163
58
-142
-192
14
186
89
-106
-116
12
106
45
-62
-65
13
70
34
-56
-59
5
62
38
-34
-36
12
38
18
-15
-37
-17
12
46
59
16
-48
-64
7
74
62
-15
-104
-64
54
95
14
-73
-78
-49
39
111
54
-87
-145
-66
124
181
-11
-195
-157
97
200
43
-175
-166
42
212
118
-130
-218
-48
154
181
54
-142
-185
-28
151
200
52
-170
-224
-17
239
198
-71
-200
-90
115
150
-4
-129
-77
53
82
6
-32
-61
-14
78
61
-41
-84
-4
47
43
-32
-72
-21
56
70
-13
-92
-76
19
73
57
-18
-63
-52
-13
68
100
-3
-103
-108
20
155
113
-57
-152
-36
116
122
29
-118
-124
30
169
105
-113
-168
-12
162
155
-11
-189
-139
78
206
83
-136
-141
-54
93
132
28
-72
-134
-99
59
171
99
-119
-205
-33
152
142
-47
-164
-66
123
123
-48
-140
-12
114
96
-74
-152
4
127
71
-58
-91
-15
73
55
-11
-43
-18
13
35
48
17
-34
-30
-18
9
50
56
-15
-137
-76
81
143
31
-137
-141
25
147
89
-100
-166
-63
109
155
-3
-145
-137
44
159
68
-101
-156
-16
122
135
15
-142
-164
20
188
184
-38
-246
-146
124
239
129
-124
-240
-88
171
232
20
-188
-138
85
168
17
-132
-73
72
90
-20
-62
-25
38
51
2
-47
-9
33
15
-19
-17
1
4
-2
-5
-4
10
-26
-66
2
78
69
-48
-125
-27
91
102
3
-90
-83
22
125
87
-42
-127
-59
83
155
67
-93
-180
-28
186
170
-66
-194
-68
142
171
9
-171
-125
48
135
88
-37
-134
-113
50
172
78
-115
-191
-72
126
167
23
-162
-142
35
135
57
-81
-86
8
83
32
-62
-36
34
22
13
-34
-58
11
58
19
-49
-30
35
40
-12
-24
10
6
-24
-13
66
108
-10
-165
-86
128
151
-8
-162
-81
61
117
47
-67
-103
-60
31
86
51
-25
-108
-89
43
140
81
-142
-207
29
195
116
-106
-214
-23
187
162
-74
-207
-86
120
170
74
-81
-164
-67
123
176
63
-110
-184
-49
144
187
28
-153
-122
32
126
61
-49
-84
7
39
11
-16
-33
-10
54
35
-24
-42
3
10
-9
8
18
-33
-37
10
53
37
-105
-123
13
165
106
-97
-173
-38
123
132
-12
-93
-94
11
101
100
-26
-110
-25
55
81
80
-28
-121
-79
103
165
-14
-149
-83
73
166
30
-140
-115
24
114
116
-28
-122
-130
-6
181
145
-79
-251
-115
163
227
27
-191
-180
23
167
111
-92
-158
6
146
65
-95
-103
52
104
12
-92
-50
62
50
-6
-54
-36
29
57
-5
-11
-10
-18
11
43
36
17
-6
-43
-42
18
74
58
-40
-116
-71
60
142
62
-116
-174
-29
163
154
-66
-210
-126
101
215
60
-200
-176
45
174
76
-87
-135
-37
116
124
-8
-135
-111
21
133
111
3
-142
-156
25
220
181
-93
-265
-128
183
280
34
-225
-181
70
211
76
-154
-153
60
138
13
-96
-68
43
89
26
-69
-54
22
27
-26
-26
23
22
-22
-2
4
-2
-26
-53
-11
68
85
-40
-125
-49
68
104
13
-81
-64
14
80
78
6
-79
-84
46
151
93
-85
-181
-33
187
151
-67
-160
-44
118
130
17
-113
-146
-18
157
165
-39
-180
-117
63
161
97
-81
-177
-95
96
171
67
-120
-167
-39
123
140
-14
-127
-66
67
105
1
-105
-45
44
85
9
-86
-68
8
99
40
-47
-43
3
52
21
-25
-52
-6
63
64
14
-45
-41
-35
34
87
38
-59
-115
-32
95
110
9
-132
-127
27
121
74
-42
-135
-104
57
161
62
-145
-182
36
195
88
-132
-186
6
157
133
-43
-149
-84
41
103
118
-23
-136
-119
46
207
130
-86
-218
-70
168
178
13
-155
-123
47
145
48
-97
-101
10
84
62
-33
-93
-20
96
67
-61
-80
17
49
9
-24
-23
-13
5
25
25
-9
-73
-73
16
97
59
-34
-99
-50
50
84
37
-55
-84
-19
69
111
33
-99
-94
6
123
122
-11
-158
-101
100
179
35
-151
-125
62
163
80
-108
-173
-45
157
184
5
-170
-192
-6
217
176
-62
-222
-190
80
237
130
-137
-228
-71
139
184
2
-162
-104
74
123
24
-102
-70
53
80
14
-79
-83
36
85
10
-45
-21
38
0
-21
21
25
7
-43
-7
94
70
-69
-137
-13
161
127
-96
-205
-50
128
152
6
-139
-131
24
129
98
-47
-156
-92
62
159
56
-130
-172
-20
158
146
-62
-187
-80
113
175
47
-144
-175
1
154
159
0
-184
-154
73
221
178
-99
-272
-102
176
240
17
-177
-139
74
157
19
-111
-75
45
75
-16
-37
-8
7
0
39
19
-29
-23
-4
8
-4
-9
-1
-15
-14
8
25
-2
-62
-54
42
99
19
-94
-99
0
134
114
-66
-147
-65
74
162
46
-121
-116
34
144
82
-51
-98
-72
60
135
55
-106
-121
14
143
92
-65
-153
-47
131
133
-14
-155
-114
45
150
93
-71
-150
-92
49
125
86
-33
-152
-136
42
183
84
-109
-183
26
191
48
-110
-102
37
109
20
-92
-79
59
121
-19
-114
-20
75
59
-6
-41
-21
-3
21
46
60
-1
-66
-81
13
127
87
-82
-157
-12
94
94
20
-87
-123
-35
96
107
-5
-133
-108
22
137
99
-75
-194
-55
138
153
0
-169
-135
74
200
78
-131
-194
-23
168
171
-7
-189
-132
62
197
112
-62
-152
-88
60
157
73
-66
-140
-39
96
81
-35
-74
15
52
-6
-1
-18
-43
20
77
41
-49
-80
-35
57
91
14
-107
-95
71
122
21
-135
-135
42
150
79
-96
-146
-39
100
123
19
-89
-74
-4
84
94
26
-79
-102
-6
133
133
-22
-169
-113
110
209
50
-169
-135
43
173
122
-93
-202
-59
149
197
15
-174
-168
-6
168
156
-36
-174
-151
29
170
147
-62
-217
-86
101
146
18
-117
-60
33
77
15
-69
-27
38
24
-18
-23
6
12
28
-26
-28
33
43
-6
-55
-12
34
34
-12
-3
51
46
-35
-84
-41
85
101
3
-121
-107
54
130
64
-62
-160
-84
98
170
15
-162
-167
16
206
123
-112
-206
-72
156
162
-22
-167
-120
78
194
40
-126
-147
-10
109
140
65
-112
-194
-30
188
213
-19
-236
-146
86
204
87
-94
-118
-7
81
52
-25
-52
-21
31
35
6
-49
-26
48
66
-27
-70
-24
50
51
-36
-53
5
38
6
-34
-18
-5
-28
-34
33
80
50
-127
-124
42
139
58
-71
-99
-26
65
121
59
-77
-129
-25
141
135
-17
-156
-118
81
207
50
-135
-141
22
163
101
-73
-164
-55
122
160
41
-125
-169
-52
139
194
16
-227
-208
46
258
151
-153
-230
-36
151
120
-43
-103
-28
63
55
-29
-44
-1
40
25
-9
-38
-54
29
68
22
-47
-32
15
32
8
8
9
-47
-41
50
117
54
-117
-130
21
164
116
-108
-183
-41
139
131
-20
-120
-101
0
93
85
-8
-99
-92
-4
68
112
-1
-158
-99
93
157
28
-163
-150
50
191
90
-113
-170
-38
110
160
43
-151
-153
5
164
191
-4
-168
-163
4
170
163
-27
-180
-113
89
169
10
-151
-89
78
125
17
-111
-100
53
141
30
-111
-95
41
60
14
-34
-38
12
31
1
-8
-8
-61
-65
26
98
40
-60
-111
-19
117
108
-35
-128
-92
67
163
74
-95
-159
-27
149
171
2
-163
-147
45
217
111
-110
-194
-34
183
163
-64
-217
-85
131
182
11
-135
-143
-44
126
190
14
-165
-184
-6
166
155
-22
-182
-137
38
144
78
-67
-105
-4
83
34
-33
-27
12
16
12
-34
-23
47
19
-34
-24
34
47
-9
-62
-11
75
25
-59
-5
91
82
-37
-140
-61
129
144
-40
-173
-71
102
108
16
-66
-86
-16
32
42
39
-48
-108
-50
94
125
-20
-163
-86
98
153
-1
-169
-108
84
195
17
-141
-88
-3
62
82
77
-27
-161
-103
117
226
86
-177
-235
-13
233
175
-68
-182
-92
101
164
18
-151
-109
61
146
34
-108
-89
56
90
-8
-48
-14
6
-15
4
37
13
-50
-53
32
95
-7
-142
-99
93
173
24
-180
-150
78
195
78
-128
-153
-14
120
136
14
-83
-77
-27
61
142
79
-111
-178
31
196
104
-102
-167
-15
160
122
-38
-159
-95
78
141
70
-59
-132
-97
55
172
90
-121
-216
-50
151
180
-5
-171
-136
26
146
81
-77
-101
3
75
43
-38
-49
-4
49
23
-49
-44
8
51
40
-42
-28
30
7
-26
9
43
10
-58
-41
83
128
-25
-152
-86
102
152
-10
-144
-105
48
130
61
-73
-116
-54
63
111
46
-116
-163
-38
147
167
-23
-198
-132
95
173
44
-141
-163
10
175
125
-80
-186
-84
101
178
66
-117
-171
-32
153
191
47
-155
-190
-9
187
177
-45
-183
-80
112
155
-19
-147
-67
92
89
-6
-76
-66
40
102
34
-75
-55
17
24
33
18
-28
-68
-26
64
73
-24
-136
-86
65
171
41
-138
-145
4
164
140
-42
-151
-103
75
179
91
-111
-173
-22
137
151
32
-134
-156
28
191
113
-93
-166
-42
120
175
23
-190
-163
59
206
100
-89
-178
-109
86
211
100
-145
-261
-72
209
229
-12
-227
-181
55
180
114
-110
-168
4
121
75
-59
-88
-4
66
49
-42
-67
-21
42
61
-3
-41
-17
-2
5
53
6
-62
-47
34
107
56
-26
-125
-71
83
141
28
-148
-132
59
165
96
-89
-189
-64
102
109
25
-87
-118
-39
78
130
30
-149
-157
49
177
70
-122
-168
-10
169
153
-38
-194
-132
79
192
132
-91
-214
-87
146
225
57
-154
-180
-14
182
170
-45
-181
-77
119
147
-42
-138
-35
97
74
-42
-79
-21
67
86
-17
-108
-34
71
53
-25
-69
-19
30
29
13
-19
-38
-62
-25
43
64
33
-71
-94
-6
114
90
-37
-112
-36
53
98
55
-48
-94
-39
75
94
23
-49
-97
9
108
90
-41
-118
-36
94
81
6
-89
-104
3
135
129
-35
-168
-147
78
222
62
-154
-195
-27
155
133
-17
-128
-103
3
133
91
-59
-126
-13
117
55
-62
-81
28
87
29
-67
-91
11
92
32
-59
-56
20
47
16
-6
0
-11
-17
18
96
79
-72
-141
-39
133
148
-35
-158
-75
73
114
21
-50
-85
-76
11
132
88
-104
-197
-41
155
159
-44
-201
-112
111
183
31
-156
-141
-1
153
145
-52
-169
-95
57
157
122
-58
-195
-100
106
206
89
-110
-170
-69
132
176
37
-149
-143
35
149
69
-103
-130
12
102
63
-46
-93
0
98
52
-47
-79
4
35
0
-22
0
14
-9
4
37
-6
-61
-87
2
71
61
-23
-69
-56
29
97
41
-55
-101
-22
95
137
-8
-124
-92
65
130
100
-65
-169
-57
151
178
-18
-159
-117
82
179
41
-148
-146
24
148
121
-10
-143
-150
15
191
163
-77
-270
-148
164
262
51
-204
-179
25
121
107
-40
-96
-41
59
54
-4
-36
-7
12
11
-1
-27
-7
22
7
-6
12
4
-5
-4
21
28
-28
-33
23
43
16
11
-37
-55
-10
95
87
-40
-167
-57
112
153
4
-148
-136
4
140
104
-48
-169
-104
83
190
56
-173
-194
45
199
77
-112
-157
-32
111
121
0
-103
-110
-2
105
141
24
-151
-166
38
233
179
-118
-258
-84
191
228
-1
-184
-133
66
161
42
-144
-92
63
97
18
-66
-42
13
44
31
-20
-32
-6
11
-7
-16
6
-17
-22
14
46
26
-102
-101
20
134
73
-74
-157
-25
133
132
-44
-147
-41
71
116
53
-73
-86
-25
55
103
78
-26
-138
-91
96
198
25
-176
-110
64
164
89
-119
-163
-2
123
126
-12
-142
-124
30
152
103
-58
-174
-120
56
180
97
-120
-205
-28
158
117
-53
-135
-31
91
75
-24
-72
-50
44
88
-6
-103
-49
66
66
-13
-49
-11
31
18
-1
14
-13
-35
-12
78
106
-17
-148
-67
86
151
32
-138
-113
4
112
98
-15
-126
-144
13
142
125
-62
-190
-101
102
190
44
-179
-188
40
206
108
-117
-193
-31
149
136
-23
-132
-89
23
120
132
0
-160
-156
50
226
152
-81
-213
-110
164
227
19
-187
-130
69
157
32
-125
-96
57
112
32
-66
-90
25
87
39
-35
-64
14
9
-12
6
30
-6
-38
-32
44
44
-45
-116
-43
119
134
-31
-180
-111
102
192
36
-144
-140
8
162
138
-48
-143
-79
72
150
58
-60
-157
-68
127
189
25
-164
-137
41
170
105
-79
-192
-70
139
193
22
-172
-211
-14
225
201
-80
-260
-151
126
216
80
-130
-184
-90
117
202
33
-168
-134
55
159
52
-81
-107
-8
99
79
-61
-123
-36
106
94
-38
-84
-29
46
63
6
-55
-35
23
78
61
7
-68
-107
6
132
89
-70
-149
-25
114
101
-36
-116
-70
19
71
61
-7
-97
-100
12
148
81
-108
-147
-27
123
86
-39
-94
-64
52
122
39
-87
-137
-17
121
160
27
-181
-190
56
234
160
-88
-212
-97
130
204
17
-142
-110
28
123
55
-77
-61
9
39
9
-30
-26
13
56
9
-25
-36
21
18
-27
-14
20
23
-30
-29
31
42
-40
-122
-15
115
114
-45
-178
-88
129
176
-7
-147
-106
47
145
94
-34
-116
-75
52
128
85
-19
-142
-96
74
166
56
-116
-146
21
178
97
-94
-174
-13
123
116
3
-107
-125
-20
130
148
-20
-186
-152
73
195
79
-117
-164
-68
110
149
1
-113
-76
77
113
-3
-116
-42
66
74
-35
-76
-40
46
71
7
-49
-27
34
48
0
-8
-37
-22
27
74
44
-26
-84
-78
66
148
41
-126
-123
22
123
60
-8
-90
-100
-40
64
109
41
-94
-144
-52
134
174
-43
-230
-121
152
195
-18
-192
-120
84
185
61
-121
-157
-25
109
144
36
-126
-170
-6
188
197
-19
-232
-164
91
251
95
-153
-196
14
198
95
-148
-156
45
166
47
-123
-109
49
116
31
-68
-50
37
8
-24
24
16
-26
-59
-9
79
50
-64
-127
-36
102
121
-23
-151
-89
83
149
54
-107
-128
-12
104
131
31
-110
-136
13
149
135
1
-150
-125
47
198
109
-133
-177
6
166
130
-70
-190
-67
136
177
10
-131
-132
-31
117
136
18
-127
-183
-32
164
195
-4
-228
-202
86
247
85
-156
-150
20
134
78
-71
-91
25
70
6
-37
-41
-18
63
49
-20
-35
-26
9
48
23
-34
-51
1
87
80
-25
-107
-44
67
96
22
-62
-79
-11
48
46
28
-35
-108
-72
70
124
41
-114
-148
-17
146
130
-73
-181
-83
124
177
14
-166
-154
35
195
105
-102
-181
-53
120
184
48
-159
-177
2
184
193
-11
-212
-152
75
197
98
-81
-155
-36
118
97
-58
-114
-35
117
105
-55
-142
-28
141
100
-64
-115
-19
74
46
-27
-46
-26
16
26
-1
4
-26
-87
-47
65
129
-4
-138
-106
52
155
75
-105
-145
-14
132
146
9
-112
-102
1
112
101
2
-132
-109
109
172
23
-171
-125
78
178
48
-117
-122
21
89
73
12
-81
-111
-17
94
108
9
-112
-155
-21
141
142
-15
-155
-137
36
167
87
-94
-143
15
123
53
-83
-92
40
83
15
-68
-62
15
67
32
-19
-33
0
19
21
13
-3
-51
-47
75
139
36
-147
-141
49
188
111
-109
-204
-35
161
152
-19
-147
-123
15
111
82
-14
-102
-116
-13
141
138
-48
-219
-103
136
180
1
-163
-116
66
160
62
-89
-131
-65
77
186
98
-135
-231
-71
199
247
37
-219
-229
38
248
173
-101
-228
-50
159
125
-45
-132
-31
53
74
31
-51
-81
18
84
43
-64
-88
7
71
40
-44
-46
-4
1
1
50
10
-95
-100
55
151
56
-126
-167
20
188
107
-112
-166
-25
134
134
15
-83
-114
-28
113
171
25
-150
-172
44
226
116
-134
-169
-19
156
127
-47
-152
-68
88
128
54
-79
-142
-64
99
159
40
-129
-204
-50
186
208
3
-232
-185
67
209
86
-126
-151
21
143
37
-71
-57
15
34
32
-3
-60
-54
53
67
-8
-42
-45
27
74
4
-80
-56
47
88
47
-45
-84
-29
50
82
30
-51
-70
-24
23
48
40
-41
-100
-38
42
73
28
-29
-106
-96
74
163
48
-174
-190
56
193
88
-118
-189
3
183
133
-81
-171
-80
90
175
87
-126
-207
-32
176
216
1
-205
-142
59
195
101
-88
-124
-35
90
79
-29
-86
-21
61
53
-12
-48
-60
36
106
31
-72
-80
5
54
40
-14
-72
-34
59
78
-13
-93
-93
31
118
58
-45
-102
-58
33
94
74
-45
-84
-45
46
118
78
-48
-131
-58
117
154
35
-127
-149
42
170
104
-88
-168
-34
153
138
-31
-136
-90
40
124
97
-47
-176
-105
94
219
51
-183
-194
9
149
121
-22
-111
-108
3
108
81
-55
-116
-17
90
55
-44
-81
6
69
47
-52
-106
-3
92
74
-63
-82
33
90
-5
-65
-52
11
76
43
-4
0
-33
-33
-10
39
60
24
-80
-110
25
117
61
-51
-132
-86
61
148
69
-114
-186
-20
157
145
-53
-185
-89
71
154
40
-101
-129
-17
140
127
-26
-143
-115
30
188
126
-91
-197
-98
125
261
104
-177
-258
-14
228
181
-63
-190
-97
82
160
48
-142
-96
62
110
12
-86
-74
49
85
29
-61
-61
6
14
26
13
-7
-11
-73
-15
94
44
-118
-122
65
158
36
-139
-146
45
160
80
-73
-139
-34
112
102
25
-65
-82
-35
71
116
56
-70
-139
-31
128
155
-16
-164
-105
98
186
16
-156
-113
35
144
109
-43
-165
-124
71
169
89
-96
-227
-94
156
215
12
-171
-153
27
135
76
-52
-90
-17
81
44
-41
-50
14
29
20
-29
-24
-8
12
44
3
-13
6
18
-19
-22
16
34
-21
-31
40
98
23
-117
-105
89
167
23
-156
-130
57
159
52
-76
-123
-37
36
86
70
-46
-145
-93
87
183
30
-181
-166
54
183
76
-114
-158
-1
129
87
-8
-114
-105
-3
118
168
9
-204
-175
83
298
156
-175
-300
-67
223
246
-13
-229
-138
94
190
20
-148
-101
65
109
18
-61
-72
9
73
41
-34
-45
4
-22
-8
33
14
-22
-47
-2
53
30
-93
-100
20
143
86
-108
-166
-8
164
127
-70
-144
-75
93
143
63
-51
-103
-66
52
154
94
-101
-185
-29
180
168
-43
-183
-90
106
181
28
-167
-121
66
128
62
-45
-92
-83
2
137
118
-50
-187
-153
85
241
106
-174
-238
-7
210
145
-93
-186
-18
135
85
-44
-101
-6
89
32
-49
-45
-8
48
14
-9
-2
10
-7
6
23
2
-23
-29
2
86
82
-35
-123
-72
95
146
27
-133
-135
-9
150
124
-47
-178
-109
58
176
85
-125
-188
-31
118
140
16
-162
-157
18
171
129
-63
-216
-96
160
222
21
-210
-211
56
240
163
-108
-252
-75
178
211
29
-145
-136
-22
104
120
40
-98
-109
6
112
84
-65
-110
-13
93
72
-42
-110
-17
95
88
-36
-55
-32
-12
44
51
5
-65
-73
21
114
30
-138
-152
77
201
69
-167
-169
35
181
96
-93
-143
-3
100
59
23
-2
-30
-64
-22
83
161
1
-188
-127
109
229
23
-183
-139
81
185
44
-112
-117
5
100
103
12
-125
-131
3
147
136
-36
-202
-151
66
213
104
-135
-218
-59
181
177
-70
-191
-54
124
142
-31
-139
-40
80
86
-38
-88
-45
58
73
-14
-49
5
10
6
12
5
-9
-13
1
53
62
-32
-102
-46
90
138
-14
-152
-89
89
115
2
-80
-84
-26
42
79
34
-34
-112
-108
58
163
70
-154
-183
60
169
43
-102
-127
3
116
104
-31
-123
-57
29
75
113
6
-125
-111
49
174
128
-71
-182
-110
99
199
81
-115
-159
-6
168
88
-98
-125
6
104
46
-69
-73
29
142
37
-104
-91
41
94
-11
-71
-21
32
37
-5
-31
-2
-32
-67
7
118
79
-101
-167
-3
162
114
-77
-140
-38
101
101
2
-22
-43
-76
12
122
113
-39
-188
-58
140
168
-21
-192
-63
139
127
-15
-110
-86
17
87
87
-13
-109
-127
-11
147
132
-45
-201
-131
98
199
63
-143
-199
-15
185
124
-58
-143
-58
89
95
3
-90
-47
67
53
-18
-85
-27
79
65
-50
-43
26
42
-11
-19
18
22
-32
-26
38
104
2
-119
-92
68
172
32
-147
-130
18
125
66
-21
-68
-116
-42
113
158
-7
-191
-149
62
210
101
-175
-238
23
222
143
-120
-207
-51
167
171
-39
-166
-130
15
157
176
-19
-198
-144
67
216
132
-79
-202
-104
114
188
68
-126
-148
-15
129
115
-46
-125
-34
58
91
2
-90
-63
73
102
-7
-98
-32
38
35
-28
-25
18
-5
-30
3
33
-20
-98
-34
94
108
-31
-166
-85
112
177
-5
-155
-139
49
182
108
-67
-138
-27
83
97
27
-38
-87
-73
53
148
58
-75
-132
-22
128
125
-17
-147
-83
51
150
83
-109
-194
-37
175
164
-33
-177
-153
69
188
114
-127
-187
-59
134
156
4
-126
-97
56
135
-1
-104
-23
61
26
-31
-16
2
-1
12
3
-12
9
31
6
-22
-1
24
-15
-18
34
81
27
-88
-87
36
121
73
-102
-163
-21
144
117
-20
-133
-125
-8
141
131
-25
-166
-147
42
189
114
-131
-220
-25
192
149
-90
-176
-52
111
145
2
-160
-87
25
106
109
4
-148
-118
39
178
150
-54
-212
-146
96
261
111
-165
-204
4
165
101
-108
-120
41
111
13
-63
-41
13
55
33
-35
-48
11
22
-7
-5
-11
-17
-6
31
32
0
-68
-92
19
110
66
-68
-121
-28
86
89
10
-69
-70
-9
69
124
54
-87
-170
-49
182
235
-15
-283
-161
190
271
-2
-197
-131
63
161
67
-83
-130
-23
73
103
41
-73
-148
-49
116
155
14
-145
-186
-22
176
190
-15
-216
-180
91
227
65
-159
-145
54
147
43
-104
-91
23
95
53
-64
-98
-7
80
58
-15
-51
-41
33
53
21
-43
-35
-15
73
99
-3
-109
-73
37
122
76
-77
-157
-36
144
127
-22
-145
-133
8
143
146
-41
-191
-152
52
218
130
-136
-234
-44
168
171
-33
-178
-122
73
199
82
-140
-169
-39
135
196
38
-196
-211
35
254
188
-88
-205
-112
81
195
92
-92
-155
-50
100
122
-4
-106
-72
31
90
56
-27
-90
-37
75
90
-15
-80
-51
36
67
-7
-32
-13
-12
0
24
-27
-71
-17
71
67
-6
-99
-94
51
132
43
-98
-108
-12
104
121
39
-92
-159
-23
175
175
-18
-198
-133
110
207
60
-125
-162
-20
143
160
-22
-170
-121
90
150
55
-112
-165
-30
132
150
21
-163
-178
-1
162
156
-50
-213
-108
100
158
28
-107
-79
19
92
37
-59
-53
15
71
25
-69
-67
29
75
14
-52
-38
36
56
4
-43
-43
18
40
46
30
18
-66
-55
23
85
55
-59
-119
-22
87
76
7
-77
-74
-20
61
84
23
-77
-123
-50
113
171
-20
-221
-134
106
200
37
-156
-153
19
169
124
-83
-169
-88
83
188
93
-101
-187
-63
150
221
32
-185
-198
31
225
166
-84
-231
-67
166
178
-44
-195
-66
154
133
-54
-155
-51
119
114
-35
-101
-60
47
41
10
-9
-49
-50
28
72
36
-86
-124
-13
122
115
-33
-171
-85
109
185
16
-152
-110
44
122
90
-9
-97
-71
16
103
100
6
-117
-134
41
188
108
-99
-174
-33
167
171
-58
-207
-85
104
168
48
-120
-134
-38
96
144
41
-126
-185
-47
158
183
-10
-207
-156
94
209
40
-159
-119
84
149
14
-154
-88
103
115
-13
-118
-77
68
104
-18
-90
-8
48
15
-2
17
4
-30
-36
48
85
12
-69
-79
3
99
74
-52
-127
-40
95
108
7
-107
-108
-30
85
119
51
-127
-194
-44
176
207
-34
-270
-147
137
248
40
-224
-195
67
239
102
-144
-189
-49
108
185
65
-139
-195
0
202
193
-34
-193
-130
52
195
130
-86
-196
-49
133
144
-23
-169
-73
88
127
25
-88
-95
26
114
58
-80
-78
5
52
38
-11
-48
-55
21
78
32
-60
-115
-36
116
107
-6
-130
-110
35
151
83
-51
-126
-71
70
144
87
-56
-157
-70
115
190
63
-160
-227
45
282
142
-162
-236
-14
207
174
-59
-218
-92
122
160
40
-84
-121
-77
73
137
62
-110
-174
-50
124
153
10
-155
-152
28
152
86
-71
-123
-8
104
70
-68
-71
24
42
33
-15
-64
-44
39
77
-1
-54
-25
32
28
-7
-25
-31
0
50
95
18
-115
-86
31
137
88
-101
-154
-27
144
105
-29
-115
-77
-8
42
102
62
-112
-181
-38
153
171
-22
-185
-130
70
175
70
-139
-166
20
160
109
-70
-143
-91
24
165
169
-49
-232
-147
154
285
70
-208
-231
21
230
154
-79
-190
-56
110
124
-17
-102
-43
37
54
19
-36
-52
20
61
21
-54
-60
39
49
-10
-60
-41
20
60
39
-12
-77
-93
-6
99
110
-17
-147
-100
87
150
36
-120
-114
16
87
104
30
-62
-103
-40
101
151
45
-123
-174
30
214
114
-136
-174
-9
178
140
-76
-195
-54
119
137
9
-82
-104
-49
66
111
46
-68
-160
-91
103
173
65
-136
-210
-25
190
169
-77
-225
-47
169
153
-73
-193
-2
145
106
-90
-172
-12
135
98
-55
-111
-5
85
59
-23
-53
-27
2
53
84
18
-62
-89
-31
78
132
22
-138
-144
54
179
111
-110
-209
-76
138
181
20
-147
-164
-23
143
171
-19
-215
-151
104
204
47
-127
-143
-31
128
145
-17
-136
-131
8
192
158
-72
-224
-117
127
227
91
-118
-203
-73
164
209
9
-204
-144
89
196
47
-179
-136
64
146
39
-97
-109
35
116
56
-53
-90
-34
48
43
20
-21
-56
-41
53
63
-17
-97
-77
75
127
7
-133
-125
56
172
78
-101
-154
-12
116
115
33
-73
-119
-43
104
126
32
-90
-140
-2
165
130
-54
-146
-81
99
171
18
-173
-134
70
163
77
-53
-141
-99
40
141
90
-40
-171
-119
56
175
103
-113
-207
-34
157
136
-57
-115
-26
92
35
-45
-50
-1
44
47
-18
-78
-20
67
43
-38
-33
17
31
11
1
-10
-18
-28
21
103
53
-85
-108
0
119
101
-46
-133
-52
67
75
43
-41
-88
-76
11
103
100
-36
-175
-110
88
188
48
-164
-166
19
180
95
-98
-177
-37
136
141
-27
-122
-109
3
163
139
-59
-176
-84
73
177
90
-99
-159
-65
128
167
26
-131
-121
24
134
81
-84
-130
-4
118
69
-55
-106
1
99
49
-37
-62
-5
39
11
1
-10
-14
-19
-7
45
3
-93
-62
57
127
21
-147
-130
64
166
71
-70
-120
-38
61
123
54
-73
-94
-36
78
123
61
-83
-164
-27
159
156
-30
-151
-91
80
151
59
-102
-172
-18
174
135
-45
-181
-143
88
220
79
-156
-208
-46
157
169
-4
-148
-153
-13
141
129
-41
-157
-67
92
124
2
-112
-59
38
83
31
-80
-91
6
99
31
-24
-32
-6
17
3
0
-9
-31
-8
81
87
-34
-113
-69
53
141
46
-98
-127
-16
112
114
-29
-151
-107
41
131
107
-64
-184
-115
96
223
54
-217
-206
55
235
99
-118
-205
-52
156
165
-6
-140
-117
19
118
134
-1
-148
-125
41
170
164
-46
-189
-138
88
247
85
-163
-181
21
175
84
-107
-140
31
159
46
-101
-113
20
125
80
-73
-97
-1
55
38
8
-42
-34
11
33
36
-41
-86
-47
53
90
29
-76
-123
-9
131
117
-46
-134
-70
60
156
80
-75
-127
-61
85
140
75
-63
-173
-86
169
205
-1
-202
-153
113
204
27
-158
-135
47
136
34
-48
-49
-64
-21
75
115
-13
-160
-153
50
197
117
-114
-220
-75
171
164
-36
-180
-68
126
118
-36
-126
-41
90
77
-47
-68
-1
53
32
-40
-3
35
-25
-33
33
49
-18
-67
-3
127
91
-83
-145
-40
134
155
-19
-174
-119
76
170
76
-101
-168
-78
68
167
74
-105
-165
-78
110
173
49
-174
-166
34
154
89
-59
-137
-80
79
168
34
-162
-122
29
146
130
-44
-148
-105
47
162
134
-41
-197
-115
100
211
94
-164
-191
35
188
59
-117
-107
46
90
-9
-30
-33
11
48
0
-15
-8
16
0
-38
14
46
-40
-80
-6
102
55
-135
-144
61
187
32
-157
-133
40
169
87
-99
-126
-18
75
88
35
-29
-67
-82
22
151
122
-60
-185
-73
147
186
2
-157
-128
61
165
67
-95
-144
-14
130
123
-9
-134
-128
4
165
132
-81
-202
-110
102
199
86
-125
-206
-50
158
170
-20
-173
-77
87
144
20
-116
-74
55
90
26
-109
-79
36
106
33
-35
-37
-34
11
60
41
-33
-96
0
146
120
-87
-170
-46
134
151
-14
-149
-106
55
109
48
-41
-108
-69
29
115
87
-76
-163
-79
82
173
51
-137
-164
-12
155
115
-48
-163
-99
84
174
54
-124
-172
-30
139
187
22
-187
-183
32
227
174
-84
-222
-106
119
191
75
-134
-154
-2
141
92
-63
-130
-25
83
92
-6
-112
-73
81
116
7
-106
-74
46
67
-11
-42
-6
9
12
2
-3
-48
-63
13
85
68
-49
-125
-42
90
138
0
-132
-93
53
139
63
-33
-85
-63
15
126
92
-29
-136
-83
90
183
46
-146
-156
52
179
67
-102
-140
-4
110
103
-8
-104
-132
-13
141
133
-22
-154
-147
35
146
118
-32
-172
-123
77
168
43
-116
-121
22
147
59
-98
-74
31
58
-11
-78
-11
69
42
-69
-39
49
38
4
-37
-28
25
29
32
-16
13
31
-51
-55
26
98
26
-82
-92
11
89
59
-20
-77
-84
-8
80
92
0
-111
-140
-2
171
153
-91
-245
-62
159
183
-18
-186
-132
63
188
55
-108
-123
-45
92
165
63
-131
-184
-7
198
177
-30
-184
-147
79
211
90
-136
-158
25
156
83
-93
-123
21
99
17
-31
-46
-1
49
34
-19
-36
-23
26
26
6
-22
-30
-17
18
70
-5
-98
-74
19
122
75
-111
-144
17
137
90
-39
-109
-52
24
96
94
5
-124
-127
36
200
138
-87
-226
-77
188
209
-47
-200
-120
89
185
64
-116
-140
-37
103
146
46
-103
-191
-60
150
189
8
-208
-224
45
247
154
-91
-244
-117
135
211
7
-180
-133
74
166
47
-108
-103
24
108
40
-80
-76
4
65
48
-27
-53
-1
37
21
3
-28
-20
17
55
35
7
-58
-67
27
111
58
-89
-138
-20
132
125
-10
-144
-150
12
162
155
-53
-235
-138
121
226
41
-190
-178
45
165
89
-69
-143
-60
59
116
56
-44
-106
-97
29
181
117
-83
-201
-78
157
232
29
-201
-180
46
215
148
-107
-201
-42
154
132
-66
-122
-19
78
60
-27
-70
-21
54
61
-28
-54
18
32
-35
-42
46
63
-43
-71
16
61
-2
-88
-66
57
123
18
-138
-123
81
170
46
-150
-141
27
165
121
-24
-134
-107
36
158
110
-36
-158
-100
125
194
16
-150
-140
33
177
99
-77
-174
-39
105
134
32
-90
-156
-61
121
169
29
-177
-193
13
194
154
-54
-204
-111
113
148
5
-105
-70
32
103
1
-73
-42
38
73
17
-79
-47
26
63
13
-54
-31
19
40
3
-20
10
-9
-1
45
68
21
-80
-101
19
132
92
-93
-164
-23
127
97
-25
-103
-67
-7
58
62
31
-60
-128
-64
75
173
7
-194
-124
89
165
21
-150
-106
41
116
67
-57
-114
-51
56
140
70
-74
-165
-82
124
223
58
-189
-195
52
229
114
-101
-182
-40
126
134
-34
-121
-54
73
69
-6
-45
-43
13
62
41
-41
-71
-11
30
34
23
-33
-60
-19
64
93
-59
-149
-49
122
169
-35
-204
-112
135
239
13
-212
-149
75
175
75
-84
-95
-16
63
68
50
1
-80
-93
44
146
93
-93
-171
-18
155
159
-42
-193
-115
101
188
78
-103
-201
-64
162
181
-8
-177
-177
21
183
145
-51
-179
-100
65
126
70
-63
-130
-16
97
87
-42
-86
-30
90
87
-46
-123
-29
81
47
-27
-30
4
22
10
3
-13
-27
14
66
53
-34
-67
-52
39
93
51
-55
-121
-59
88
117
37
-110
-149
-23
121
153
-23
-167
-144
30
189
126
-85
-233
-101
152
191
-1
-164
-132
35
155
78
-45
-119
-100
48
180
112
-117
-189
-45
154
186
37
-151
-165
19
170
151
-28
-187
-89
104
134
-2
-124
-79
68
93
32
-51
-58
-11
71
65
-31
-81
-37
40
61
-12
-29
-36
-8
55
39
-59
-109
-26
98
106
-31
-139
-85
82
180
30
-160
-150
72
169
57
-72
-74
-2
35
35
54
12
-51
-80
2
103
94
-26
-100
-56
52
94
34
-64
-79
-9
65
100
-1
-131
-113
32
167
92
-99
-198
-95
142
209
20
-196
-185
44
203
112
-108
-166
-33
145
94
-70
-115
9
117
38
-89
-87
28
99
30
-86
-40
32
56
14
-17
-23
-7
15
36
48
35
-73
-95
14
110
72
-51
-113
-34
92
93
6
-95
-87
-4
62
75
20
-105
-144
0
166
111
-29
-168
-107
82
166
26
-129
-143
6
157
120
-56
-125
-90
26
147
127
-64
-187
-112
98
257
104
-162
-246
-23
215
187
-53
-207
-91
122
172
1
-180
-109
109
141
-9
-122
-71
56
114
36
-72
-100
32
70
-8
-54
-6
42
-4
-31
42
18
-100
-119
75
195
46
-196
-188
87
269
81
-211
-197
48
188
102
-55
-107
-36
19
78
100
40
-100
-164
7
201
160
-88
-224
-58
161
167
-39
-159
-59
67
102
54
-37
-112
-85
20
132
89
-52
-174
-111
84
210
73
-189
-216
41
230
110
-128
-173
-4
140
97
-73
-117
0
97
63
-40
-100
-33
68
65
-4
-49
-25
0
20
39
5
-42
-40
39
114
52
-112
-109
3
123
106
-39
-156
-89
88
165
30
-137
-149
13
114
84
-17
-112
-90
-15
89
117
-9
-139
-132
35
160
93
-88
-178
-58
149
173
-13
-165
-147
10
188
148
-53
-188
-106
63
233
151
-136
-264
-61
218
219
-46
-212
-90
113
138
-6
-117
-65
49
91
28
-50
-74
-17
68
78
-11
-78
-28
45
31
-10
-32
-30
17
34
20
-42
-67
-40
41
115
29
-109
-107
24
133
84
-78
-101
-48
71
118
43
-61
-91
-29
78
120
11
-72
-95
4
136
84
-49
-111
-33
57
101
30
-73
-106
-14
85
98
17
-108
-148
14
180
121
-67
-214
-109
103
187
66
-129
-204
-27
172
117
-57
-142
-60
98
115
-31
-108
-19
66
75
-45
-111
-14
92
51
-49
-60
6
59
29
-7
-36
-24
-9
46
77
14
-86
-91
7
132
92
-62
-145
-58
81
118
50
-88
-142
-31
88
122
17
-102
-133
-23
100
119
7
-135
-118
36
126
54
-84
-116
-4
107
86
-33
-80
-73
-15
128
142
-38
-146
-89
62
162
75
-71
-115
-58
84
144
48
-113
-141
11
149
87
-85
-119
16
96
67
-48
-97
-25
94
64
-21
-97
-39
53
62
-1
-42
-45
-18
40
83
-21
-135
-92
101
161
21
-155
-145
63
201
60
-111
-135
-41
79
139
64
-84
-154
-27
143
165
-8
-165
-109
77
150
62
-89
-113
-6
77
93
1
-84
-64
-1
49
83
23
-87
-138
-6
130
114
-36
-149
-128
29
184
125
-100
-226
-91
164
206
-27
-211
-93
149
177
-63
-184
-27
125
107
-51
-151
-32
94
101
-43
-88
19
41
12
11
0
-31
-24
22
61
62
-14
-95
-58
73
120
29
-140
-114
38
147
82
-59
-138
-69
31
113
77
-60
-118
-76
57
154
49
-149
-154
23
152
97
-63
-153
-58
84
109
30
-56
-100
-91
50
235
114
-179
-247
-30
251
265
-61
-309
-158
151
282
63
-195
-184
27
162
74
-65
-95
-31
62
69
-9
-77
-36
46
82
17
-46
-72
-24
44
59
-15
-86
-42
67
90
-26
-143
-93
99
151
-7
-148
-114
58
174
75
-142
-135
2
109
110
16
-74
-99
-35
92
117
25
-77
-86
-5
95
95
-6
-95
-57
41
85
29
-27
-58
-25
27
60
59
-50
-153
-75
127
178
21
-201
-189
55
231
98
-124
-180
-27
111
97
31
-93
-87
31
77
38
-32
-45
-8
38
22
-30
-48
1
34
25
-16
-7
8
4
11
16
-19
-37
18
93
83
-77
-158
-19
157
149
-53
-208
-81
126
157
24
-105
-121
-55
57
139
67
-97
-155
-76
103
188
54
-190
-218
21
217
134
-106
-210
-52
153
180
-13
-178
-126
27
147
123
-8
-139
-109
29
146
150
-9
-211
-150
122
243
84
-190
-192
60
185
49
-125
-120
27
111
54
-44
-83
-33
66
91
2
-70
-53
6
34
56
-1
-70
-90
18
135
65
-135
-168
46
195
92
-128
-210
-26
202
160
-66
-196
-90
115
177
57
-115
-138
-13
125
119
28
-86
-114
-18
128
129
-11
-121
-87
30
127
67
-58
-132
-48
96
137
44
-127
-172
-5
181
137
-61
-188
-137
54
195
137
-97
-227
-101
136
206
24
-190
-145
92
179
25
-135
-101
48
131
16
-128
-106
47
120
36
-76
-56
23
30
27
30
-34
-70
-6
128
106
-97
-153
-20
110
113
-2
-100
-98
16
99
82
-31
-107
-76
16
119
74
-69
-141
-69
78
140
55
-124
-151
-21
130
104
-31
-136
-89
71
125
55
-64
-126
-69
79
170
68
-129
-182
-17
174
198
14
-194
-188
48
226
152
-133
-215
-30
202
132
-99
-166
4
152
49
-78
-90
18
98
37
-48
-42
15
22
10
-9
-3
-12
-24
7
55
5
-97
-97
41
133
65
-63
-139
-33
105
123
-12
-141
-97
59
157
64
-82
-98
-26
66
113
59
-46
-131
-72
109
161
6
-156
-105
71
149
77
-95
-167
-21
128
111
-13
-135
-113
41
134
88
-55
-154
-115
63
159
92
-102
-174
-44
118
116
-28
-106
-77
65
136
6
-113
-68
54
69
7
-68
-77
25
91
44
-50
-67
3
67
44
-7
-61
-56
7
93
120
-24
-148
-71
76
145
38
-125
-128
9
137
114
-52
-153
-72
53
117
42
-66
-105
-55
46
128
71
-121
-170
24
135
71
-32
-108
-78
31
112
67
-47
-84
-101
29
179
120
-97
-220
-49
196
225
-38
-239
-130
132
209
66
-122
-171
-9
153
94
-80
-113
-8
92
67
-17
-101
-65
62
119
33
-91
-107
16
93
59
-30
-78
-43
39
80
20
-104
-121
13
166
83
-92
-150
-33
127
135
-30
-146
-84
80
138
36
-40
-74
-56
29
110
90
-32
-138
-64
83
145
43
-99
-115
-14
117
110
-41
-125
-60
64
115
49
-66
-131
-66
70
166
55
-127
-216
-53
178
208
-3
-236
-180
114
231
43
-178
-114
81
144
7
-127
-60
66
74
8
-64
-57
-4
64
40
-28
-24
5
22
20
9
-10
-49
-9
70
90
-21
-106
-52
58
109
26
-91
-123
1
134
109
-39
-169
-88
72
118
52
-62
-137
-55
43
96
75
-56
-145
-78
83
155
56
-127
-187
-3
209
141
-112
-202
-75
125
196
55
-158
-171
-24
151
194
26
-160
-176
15
192
144
-55
-187
-100
116
175
17
-178
-127
82
167
31
-124
-124
46
161
60
-116
-133
43
138
24
-132
-77
65
86
-4
-68
-65
-10
61
67
8
-90
-90
17
120
61
-72
-87
25
40
16
34
42
-38
-86
-24
128
115
-39
-122
-100
72
158
75
-106
-156
18
147
89
-46
-127
-33
57
79
50
-40
-94
-62
63
106
23
-60
-137
-82
84
188
65
-184
-200
45
197
87
-113
-157
22
143
72
-85
-109
15
112
43
-97
-105
20
106
32
-62
-42
26
34
10
1
-10
-48
9
83
107
-44
-154
-76
112
174
19
-178
-131
62
160
56
-77
-117
-46
31
96
31
-58
-92
-57
34
103
69
-97
-164
6
131
81
-47
-109
-48
35
87
61
-26
-108
-102
36
178
122
-99
-200
-69
171
217
17
-211
-170
74
222
99
-121
-147
15
115
41
-43
-79
-23
74
65
-45
-77
-2
62
55
-20
-51
-11
34
6
-5
3
-23
-55
-18
95
72
-84
-145
-12
147
109
-77
-162
-67
109
145
-9
-102
-80
10
86
80
20
-87
-86
33
97
94
0
-117
-101
46
156
67
-82
-116
-25
92
105
14
-97
-132
10
149
125
-32
-196
-120
84
183
89
-144
-210
-55
154
195
7
-192
-147
37
173
90
-97
-147
0
141
96
-95
-118
-4
109
47
-61
-90
-22
92
58
-61
-45
44
55
1
-46
-16
20
17
10
23
10
-37
-45
17
76
84
-32
-158
-80
125
153
0
-177
-120
70
149
39
-88
-108
-11
37
61
56
-30
-101
-65
42
110
47
-69
-112
-18
80
84
20
-75
-106
-8
117
116
-22
-149
-85
87
151
56
-74
-137
-56
115
173
7
-161
-121
58
150
48
-100
-91
29
89
17
-65
-65
43
95
6
-56
-67
-8
60
48
-11
-30
-46
-8
54
63
-49
-138
-56
121
151
-14
-181
-107
114
165
18
-160
-100
57
129
67
-53
-77
-30
31
78
59
-14
-75
-51
16
99
68
-36
-99
-46
74
116
-1
-94
-55
25
52
58
9
-104
-102
20
128
93
-65
-182
-106
121
198
32
-193
-160
61
162
65
-91
-105
11
85
57
-32
-75
-22
49
51
-20
-73
-16
68
38
-35
-28
-5
31
10
2
10
-15
-27
15
89
51
-97
-113
21
145
102
-107
-177
-26
148
125
-30
-125
-105
8
105
83
-15
-127
-103
33
119
77
-59
-120
-63
41
101
51
-77
-114
-15
93
122
-13
-118
-104
17
149
99
-57
-143
-61
80
137
81
-49
-157
-84
90
196
77
-131
-155
6
154
80
-97
-113
27
108
32
-73
-82
26
110
38
-61
-39
-11
6
33
55
-16
-111
-35
111
117
-96
-194
-26
173
154
-78
-192
-59
134
130
-12
-102
-69
19
79
76
4
-61
-77
-26
120
167
-4
-170
-142
76
192
78
-118
-145
9
121
108
-16
-112
-84
26
94
63
-2
-73
-112
-5
120
110
-39
-207
-147
101
252
107
-202
-257
8
230
147
-108
-217
-42
165
146
-44
-161
-58
82
106
5
-102
-59
21
53
49
-3
-52
-56
33
78
36
-74
-122
49
170
63
-142
-136
46
137
71
-64
-134
-32
90
99
24
-94
-111
-20
74
68
-8
-66
-64
-23
61
90
7
-119
-92
44
90
32
-26
-86
-46
38
90
44
-46
-121
-56
129
162
6
-161
-143
47
212
128
-114
-215
-37
177
179
-25
-152
-88
75
126
1
-106
-47
65
60
-7
-33
-43
5
65
39
-24
-76
-8
68
29
-39
-39
-4
26
18
8
-26
-63
-35
60
85
16
-132
-99
86
138
10
-125
-78
57
89
25
-29
-18
-31
-23
39
85
53
-63
-114
-17
120
116
-23
-117
-76
49
105
65
-72
-117
-16
98
112
-4
-130
-110
6
121
115
-49
-170
-116
74
179
91
-126
-189
-40
153
137
-19
-169
-93
108
167
-15
-140
-66
65
92
13
-101
-72
70
96
-5
-91
-63
72
79
-10
-50
-16
0
15
66
74
-36
-108
-51
103
134
-26
-154
-94
100
151
16
-121
-106
6
87
100
-4
-115
-101
33
89
78
-8
-143
-110
64
165
63
-121
-160
-10
145
101
-79
-114
5
16
47
89
30
-96
-139
-10
175
173
-27
-215
-137
114
242
76
-202
-192
54
210
67
-150
-144
42
157
35
-92
-95
19
108
52
-56
-78
8
32
2
-2
21
-35
-74
43
98
-9
-144
-86
90
142
14
-121
-144
21
149
100
-65
-133
-36
68
113
32
-64
-78
-15
53
95
52
-58
-114
-53
123
172
17
-152
-141
30
189
104
-116
-171
-26
118
136
27
-126
-152
-21
151
153
-31
-199
-140
61
196
119
-126
-214
-43
186
147
-83
-156
-16
151
86
-98
-127
35
105
40
-77
-85
33
78
22
-55
-47
46
35
-1
-13
22
-27
-35
28
118
28
-110
-116
30
133
88
-55
-135
-57
91
140
16
-118
-110
-11
85
88
-7
-112
-85
5
82
85
-31
-99
-57
21
52
31
21
-37
-66
-26
54
88
25
-105
-142
19
188
141
-98
-231
-57
223
221
-61
-258
-132
165
235
13
-176
-119
63
106
39
-70
-66
-1
65
36
-14
-41
-36
48
33
-6
-16
-15
-5
12
6
-27
-15
3
24
10
-17
-31
-65
11
126
63
-133
-159
39
209
93
-160
-163
32
163
91
-63
-84
-32
12
70
95
17
-86
-105
21
136
62
-47
-88
-26
52
68
33
-23
-77
-51
49
86
71
-52
-142
-97
104
162
25
-144
-155
9
149
114
-34
-180
-101
84
161
24
-132
-90
56
103
13
-79
-67
47
73
16
-73
-78
43
96
-11
-90
-14
68
44
-46
-46
11
9
22
60
40
-58
-94
-17
95
105
-19
-113
-88
36
135
47
-83
-102
-38
66
82
14
-54
-98
-71
43
148
52
-144
-154
39
126
75
-36
-115
-94
34
138
102
-43
-166
-106
106
212
44
-166
-166
41
184
132
-56
-165
-96
78
174
71
-109
-125
9
114
60
-62
-112
4
111
46
-60
-69
12
61
60
-26
-59
1
10
4
25
-1
-33
-41
22
79
14
-116
-107
62
150
40
-129
-145
36
185
88
-117
-162
-12
154
104
-51
-91
-19
49
44
38
16
-23
-47
-51
35
113
50
-81
-86
-7
67
94
8
-83
-100
7
127
109
-45
-185
-104
102
170
57
-133
-188
-29
168
183
-31
-240
-145
117
223
25
-199
-112
92
148
1
-118
-55
49
70
-11
-40
-29
-7
-2
23
43
4
-22
-35
28
50
-9
-82
11
104
64
-58
-120
-18
106
112
-10
-129
-103
41
127
73
-48
-139
-57
38
96
63
-60
-139
-52
83
119
30
-94
-105
-24
68
91
12
-91
-112
-3
123
110
-26
-125
-92
37
160
106
-81
-185
-65
152
201
20
-183
-170
51
232
125
-141
-212
-10
165
118
-66
-146
-29
110
75
-40
-79
-21
69
69
-17
-76
-5
34
-10
-8
19
16
-50
-38
81
57
-99
-131
27
168
50
-148
-158
59
185
70
-118
-133
7
110
71
-25
-43
-22
-17
23
74
46
-40
-83
-19
75
97
12
-68
-73
-14
88
98
-10
-99
-73
15
122
90
-76
-177
-67
134
181
-12
-159
-170
28
182
109
-67
-170
-87
93
164
29
-129
-111
43
121
9
-67
-42
14
52
43
-60
-81
30
75
12
-38
-7
8
8
13
17
-8
-35
-4
95
77
-80
-126
-3
135
125
-62
-172
-64
111
122
-23
-74
-66
-23
23
77
48
-53
-127
-48
76
106
19
-95
-99
4
69
41
6
-42
-61
-35
53
94
18
-94
-137
14
178
119
-97
-169
-50
122
170
32
-159
-167
20
191
146
-79
-182
-77
130
169
-54
-169
-65
120
113