#4
163
211
183
134
138
146
169
159
158
152
136
156
205
178
129
112
166
213
193
121
94
177
192
140
111
177
198
139
89
71
158
241
176
64
45
155
217
144
47
128
201
149
50
67
188
226
181
48
47
140
229
216
134
57
34
146
291
315
151
-49
-23
192
386
332
72
-103
-20
273
428
261
-48
-152
109
404
358
56
-128
25
255
297
138
26
82
178
149
78
110
170
157
89
82
127
135
89
85
179
158
62
55
117
153
141
106
103
95
93
132
145
129
117
86
107
156
137
119
97
98
148
149
78
83
158
187
129
14
49
174
196
95
70
97
70
34
129
259
171
-97
-142
116
323
254
8
-159
-84
193
336
209
-72
-173
12
267
312
102
-130
-76
171
284
116
-16
42
128
119
84
60
120
134
75
22
80
166
118
28
59
169
163
40
3
108
197
131
23
36
76
130
151
122
45
12
72
130
120
59
53
69
84
82
55
51
99
142
81
2
-8
72
184
153
27
-27
26
134
171
131
60
6
26
63
217
276
90
-123
-103
166
333
284
5
-156
-49
239
349
174
-102
-160
90
330
222
-33
-108
48
219
179
15
12
74
105
78
39
97
130
39
-1
88
153
94
-55
-38
182
229
44
-90
-36
150
205
77
-51
-32
109
173
101
8
22
66
129
92
52
65
89
91
62
51
92
106
60
26
98
145
58
-32
21
165
200
39
-132
-78
168
317
112
-193
-218
66
328
242
-38
-232
-135
128
306
173
-85
-209
-61
223
288
69
-184
-138
115
263
152
-57
-72
38
118
105
42
30
26
29
43
115
122
-6
-46
67
200
121
-64
-83
112
222
85
-71
-36
94
160
95
-6
-8
50
87
35
23
63
52
36
28
37
55
26
27
52
60
36
-27
-5
106
138
25
-46
-3
51
126
108
51
-1
-50
43
175
211
59
-99
-79
87
205
222
84
-110
-116
85
274
218
-7
-171
-62
189
265
81
-129
-90
99
158
108
18
-45
11
101
101
44
-29
-10
81
144
59
-71
-56
86
142
56
-33
-44
68
92
48
31
24
4
24
60
66
38
62
58
10
13
41
87
64
20
51
84
36
-14
19
150
122
-21
-99
22
152
144
32
-68
-67
24
102
183
80
-157
-211
7
248
232
-21
-224
-169
85
243
156
-89
-193
-85
130
216
84
-91
-157
-14
184
206
-6
-146
-32
139
133
-7
-81
17
112
57
-29
-4
47
49
94
74
-14
-50
41
122
98
-10
-35
36
59
33
38
66
42
4
-1
-2
10
57
77
19
-33
-11
41
33
12
55
50
-11
-47
4
86
96
14
-55
-33
23
89
100
57
-2
-82
-22
138
227
109
-120
-149
29
197
238
94
-116
-172
50
269
242
-41
-243
-88
206
294
81
-229
-188
116
300
109
-147
-156
78
212
78
-90
-73
63
114
54
-29
-30
4
45
79
33
-46
-30
36
60
16
7
31
34
-28
0
85
70
11
6
5
4
51
79
49
-13
9
58
22
3
43
78
70
-1
-24
14
66
33
46
36
-34
-93
4
175
157
-85
-251
-108
184
268
41
-237
-251
0
256
226
-39
-268
-185
119
305
111
-178
-223
7
224
138
-40
-117
-45
74
91
30
9
-25
-24
2
66
83
18
-65
-28
121
114
-14
-100
-19
141
112
-17
-69
-29
60
89
72
-4
-70
-27
33
82
54
-39
-43
9
50
25
-14
-14
20
32
-5
-39
-19
57
86
23
-58
-76
12
106
99
20
-56
-65
-6
122
185
86
-102
-150
-17
185
258
107
-160
-211
43
292
208
-83
-231
-65
216
203
-10
-132
-45
51
74
46
20
15
14
-3
-1
32
58
19
-38
-9
60
55
-50
-77
60
113
33
-78
-73
58
100
35
-49
-33
28
27
43
1
35
49
17
-21
-27
43
93
56
-18
-61
12
93
89
27
-25
-23
13
59
49
-11
19
24
-14
-87
-22
143
158
-57
-274
-134
180
281
33
-241
-251
18
217
150
-53
-193
-134
56
179
115
-89
-189
-69
156
162
-13
-108
-50
31
44
26
18
-17
-45
4
62
72
-20
-64
2
114
76
-60
-74
10
129
92
-84
-99
45
122
29
-76
-38
63
76
-26
-92
18
94
41
-79
-78
42
72
-11
-40
-19
37
-6
-56
-19
74
84
4
-96
-87
44
143
104
-26
-152
-72
139
244
82
-137
-162
4
169
231
60
-114
-132
7
164
177
50
-141
-169
21
242
183
-67
-202
-103
150
218
45
-144
-107
54
113
56
-33
-22
-21
19
77
33
-87
-78
71
104
-1
-85
-60
19
90
33
-7
-32
-29
13
52
48
15
-17
-30
25
60
34
-13
-16
27
53
23
-17
10
68
63
21
-60
-54
35
73
85
27
-114
-129
16
186
151
-119
-286
-104
190
252
19
-239
-226
-17
166
170
-19
-213
-173
20
198
168
-40
-243
-149
134
242
46
-157
-164
15
174
88
-125
-109
51
113
10
-56
-7
7
34
54
21
-27
-15
4
30
52
34
-17
-29
-26
44
91
19
-68
-59
16
64
43
-23
-46
-25
7
26
0
-33
15
41
-18
-85
-53
44
92
17
-76
-56
15
63
71
17
-30
-39
-58
41
182
157
-48
-186
-81
128
236
147
-87
-224
-68
202
259
62
-208
-226
67
280
152
-121
-212
-22
179
151
-77
-137
18
116
27
-71
-10
55
31
-38
-10
23
-1
-37
-5
53
47
-32
-81
-29
45
59
21
-33
-57
-10
76
67
-8
-85
-10
85
46
-25
-21
61
63
2
-48
-42
68
124
27
-94
-60
33
108
46
-38
-46
-7
-21
-42
57
122
-1
-194
-159
92
223
82
-155
-246
-90
135
223
33
-262
-222
54
246
122
-121
-191
-74
116
138
17
-77
-80
-7
50
53
-10
-36
-9
-12
4
68
42
-60
-79
81
120
-7
-118
-68
119
141
-2
-92
-100
30
145
97
-73
-141
-24
122
62
-73
-83
24
68
1
-52
-69
-11
60
70
-56
-121
-29
79
73
-16
-68
-25
15
-5
22
67
68
-64
-159
0
236
225
-72
-279
-98
236
287
45
-176
-200
36
248
204
-43
-215
-124
125
227
62
-148
-133
47
103
51
16
-38
-25
4
15
20
20
-1
-38
-6
63
59
-65
-128
20
139
49
-104
-121
32
103
58
-46
-56
-35
22
40
21
20
12
-10
-20
6
45
49
-11
-16
20
37
-4
1
16
55
50
-7
-74
-16
58
91
22
-76
-111
-12
124
153
-45
-256
-190
101
289
140
-197
-347
-115
198
271
23
-240
-254
-10
224
205
-61
-256
-145
124
213
54
-144
-151
0
129
60
-64
-70
-14
42
40
36
-30
-68
11
92
75
-51
-91
-20
90
93
-11
-60
-25
16
56
31
-27
-29
-5
20
-15
-45
26
58
-2
-100
-49
61
65
-29
-66
-33
28
4
-59
4
63
26
-56
-77
-26
88
108
25
-81
-129
-4
219
195
-47
-242
-106
180
262
94
-129
-192
-23
184
215
36
-164
-173
38
198
134
-36
-151
-64
79
101
18
-46
-30
5
22
32
7
-16
-14
-12
47
15
-33
-65
-12
83
47
-60
-100
6
75
53
-16
-48
-42
7
44
29
15
3
-14
-30
-1
56
76
-4
-47
7
71
13
-54
-7
85
78
-42
-87
-11
82
104
-11
-135
-93
62
142
39
-106
-156
-71
90
129
41
-116
-169
-104
44
159
88
-117
-240
-120
189
251
-9
-273
-193
127
239
4
-172
-101
89
106
-18
-112
-26
82
35
-33
-31
-9
25
44
45
-4
-77
-37
64
89
15
-59
-47
6
34
31
20
1
-21
-22
1
-5
-3
8
-14
-31
1
15
1
-60
-21
55
55
-63
-103
-30
69
94
2
-113
-86
42
145
74
-76
-118
-51
94
164
88
-62
-117
-63
50
178
193
-3
-218
-166
159
313
117
-213
-250
16
275
197
-114
-230
-39
136
144
-8
-94
-50
28
70
13
-28
-3
13
13
-6
-12
-11
-28
-7
38
47
-28
-49
-39
2
42
54
-11
-79
-27
64
60
-15
-42
6
48
14
-10
4
6
38
67
-20
-55
-19
70
104
-1
-88
-38
55
84
37
-37
-59
-47
-32
52
122
32
-170
-205
15
219
145
-99
-260
-179
70
213
121
-130
-273
-104
170
226
-14
-226
-143
86
166
16
-108
-73
33
46
-10
-15
-5
11
-21
-44
41
67
-17
-71
15
73
18
-58
-45
35
85
27
-53
-55
-11
61
74
9
-75
-51
27
33
-13
-32
-1
26
-15
-56
-35
23
43
-2
-29
-47
-54
3
37
29
-30
-42
-16
21
31
31
30
-33
-92
-30
130
213
55
-197
-200
50
285
246
-60
-296
-151
191
329
61
-217
-210
50
240
145
-87
-165
-40
83
92
35
-27
-50
-30
7
52
64
-27
-79
-26
83
87
-63
-138
-4
144
78
-91
-139
-3
94
58
-13
-70
-41
35
42
7
0
4
18
0
-26
-2
54
71
-8
-57
21
56
10
-11
22
56
-3
-78
-11
71
74
-15
-58
-68
-17
88
128
-3
-215
-203
34
237
149
-119
-263
-151
79
196
76
-133
-222
-73
101
178
64
-155
-176
-28
129
127
11
-114
-112
-4
88
71
-39
-76
-11
41
43
-19
-63
-20
93
91
-29
-113
-45
87
123
9
-112
-74
53
95
33
-42
-59
-7
28
-3
-13
25
5
-44
-63
13
54
-7
-80
-34
37
30
-39
-74
11
75
38
-53
-98
-35
80
134
49
-144
-154
26
214
215
-12
-233
-144
84
223
188
-21
-193
-141
88
258
156
-97
-225
-77
162
216
16
-167
-139
45
161
95
-67
-129
-18
96
90
-31
-77
-5
36
22
6
-25
-47
-33
36
69
-15
-82
-38
18
28
25
23
-32
-70
-17
62
64
-7
-54
-29
24
55
62
-14
-52
18
56
7
-51
17
80
59
-39
-82
-14
54
63
42
-55
-94
-50
61
128
40
-144
-195
-41
137
167
4
-196
-231
-48
192
205
-58
-283
-203
125
290
97
-240
-290
-3
282
176
-116
-226
-56
121
122
-38
-101
-32
52
52
-30
-38
14
19
29
17
-20
-12
-4
16
40
28
-13
-16
-39
25
66
36
-47
-84
-6
71
27
-34
-31
-8
-4
-11
-11
-7
-9
3
25
-21
-81
-41
44
66
10
-49
-39
-21
13
63
58
-33
-117
-54
157
215
58
-179
-209
19
252
267
-22
-253
-170
127
276
153
-128
-257
-57
205
207
-21
-185
-67
70
98
19
-67
-37
50
35
-32
-41
42
52
-24
-42
-2
20
-33
-32
17
55
-6
-58
-53
24
43
26
-32
-63
-25
49
59
10
-49
-16
26
30
0
-16
46
54
22
-56
-49
39
101
55
-60
-92
12
84
46
-50
-26
59
-4
-144
-28
191
147
-138
-330
-120
261
307
-54
-361
-256
100
289
136
-168
-295
-124
164
247
33
-210
-190
6
190
130
-87
-173
-29
114
53
-78
-55
51
49
-35
-72
47
72
-32
-61
45
87
-5
-93
-52
82
106
-8
-84
-85
68
144
16
-126
-83
48
69
-18
-51
-12
14
15
-27
-36
-26
-5
47
22
-79
-76
9
69
16
-59
-33
24
-6
-44
38
123
39
-162
-151
126
310
102
-229
-262
52
305
240
-49
-245
-137
117
242
134
-74
-211
-106
133
227
63
-149
-151
32
136
69
-35
-77
-21
44
56
18
-21
-50
-26
54
64
3
-108
-74
73
106
-1
-124
-80
44
120
33
-82
-102
4
101
54
-58
-36
47
33
-37
-32
46
67
31
-38
16
37
-5
-11
42
46
-17
-53
2
36
67
20
-41
-66
-51
24
111
79
-121
-257
-85
203
218
-34
-261
-233
15
245
166
-132
-264
-132
109
228
71
-161
-210
-44
143
151
3
-139
-125
26
99
55
-59
-81
27
50
7
4
-27
-78
3
138
74
-125
-130
70
174
25
-112
-96
24
90
81
-39
-79
-2
52
-20
-64
11
64
-6
-65
-55
6
21
-12
-17
15
-14
-53
-56
36
108
43
-112
-133
17
131
92
-18
-99
-78
3
113
179
48
-141
-134
16
169
191
39
-151
-163
10
230
209
-27
-216
-149
109
238
97
-157
-176
11
155
99
-59
-89
30
55
26
-58
-48
41
92
18
-79
-64
-2
46
45
-32
-74
-25
44
21
-27
2
36
-1
-48
-26
24
56
15
-42
-35
50
74
8
-55
-2
64
53
-52
-79
38
150
47
-69
-120
-24
137
107
-42
-101
-64
-17
48
101
49
-115
-203
-73
162
168
-11
-196
-199
-53
142
170
17
-183
-246
-28
226
203
-85
-279
-144
160
252
38
-230
-174
92
188
9
-148
-90
90
118
-9
-105
-57
41
95
48
-50
-86
1
90
72
-25
-78
2
63
14
-10
19
14
-35
-46
-1
45
46
-49
-94
-8
64
28
-72
-72
36
75
-18
-105
-53
52
72
5
-52
-45
-30
23
68
62
-4
-115
-93
70
233
162
-114
-251
-78
203
294
73
-222
-239
53
299
222
-100
-282
-105
203
258
19
-235
-158
110
191
27
-112
-56
38
38
4
-12
-2
21
-19
-35
32
59
-28
-108
-31
95
84
-34
-138
-53
103
110
-53
-124
-32
90
55
-43
-52
23
47
6
-27
-8
52
51
13
-29
-38
-16
95
86
-8
-93
-42
67
86
-18
-69
13
34
-47
-77
54
143
-17
-209
-165
72
234
97
-195
-302
-61
196
191
-31
-239
-187
49
205
121
-119
-202
-54
135
132
-34
-130
-65
69
45
-20
-28
9
24
-17
-45
31
56
-25
-48
36
78
11
-73
-61
73
77
8
-37
-57
-1
66
49
-14
-61
5
1
-2
-16
-5
21
-1
-50
-50
1
38
24
-19
-61
-53
-15
76
40
-47
-50
0
-8
-16
41
92
16
-143
-121
98
257
127
-147
-233
-37
214
252
60
-180
-196
28
239
205
-41
-212
-125
112
206
56
-110
-116
-19
64
89
33
-46
-60
2
53
35
0
-58
-13
54
59
-17
-141
-78
117
132
-30
-164
-58
86
85
10
-62
-58
-3
25
32
2
-4
3
4
2
8
31
37
8
-19
4
37
-13
-2
55
40
-25
-52
-6
60
53
22
-22
-76
-88
-1
157
144
-110
-298
-144
189
297
25
-296
-285
7
231
163
-71
-241
-166
57
197
119
-83
-212
-113
111
177
31
-129
-137
15
113
58
-47
-77
-17
44
34
-18
-44
-5
-5
62
75
-26
-100
-27
102
98
-51
-94
-7
52
57
12
-35
-52
-11
-3
-3
12
24
-14
-60
-24
6
28
6
-50
-27
15
-19
-39
-15
29
23
6
-53
-63
-15
87
126
6
-156
-127
112
247
137
-151
-239
-17
225
237
9
-178
-123
13
169
183
27
-171
-151
67
202
109
-91
-158
-41
102
147
7
-110
-65
57
79
4
-51
-19
12
40
19
-28
-55
-69
47
72
16
-78
-66
16
55
23
-5
-46
-31
-21
30
60
26
-40
-43
13
58
54
-18
-45
6
79
22
-51
-6
76
65
-23
-87
-24
101
88
-21
-80
-44
1
8
51
56
-56
-157
-111
83
160
72
-140
-231
-116
124
188
63
-182
-263
-52
215
219
-41
-266
-179
134
213
24
-136
-128
12
101
29
-70
-52
42
47
-11
-40
-4
-20
23
45
39
-30
-74
-19
76
80
-8
-52
-29
-2
44
29
9
-11
-50
-28
10
54
5
-57
-42
-1
16
-23
-49
30
44
-12
-91
-79
39
94
14
-72
-85
2
67
58
38
-35
-87
-41
71
143
125
-46
-166
-105
121
241
133
-82
-203
-94
150
269
106
-173
-251
8
269
175
-120
-204
-23
149
109
-65
-88
21
112
7
-94
-31
67
52
-48
-35
32
12
-83
-37
91
99
-53
-162
-59
126
110
-44
-124
-41
65
74
8
-47
-22
26
37
-4
-2
19
16
46
26
-42
-54
38
107
45
-81
-72
16
102
63
-41
-50
-7
-20
-32
36
110
24
-178
-228
21
240
154
-118
-317
-163
151
289
53
-278
-284
22
243
199
-82
-263
-149
122
207
46
-154
-125
37
94
20
-55
-52
16
33
3
-10
-19
2
2
48
57
-13
-96
-42
77
109
6
-74
-85
9
115
80
-51
-115
-26
68
52
-26
-63
8
40
-14
-66
-35
26
21
-5
-31
-43
-24
4
28
13
-18
-13
-39
-24
31
94
61
-76
-179
3
256
202
-79
-261
-123
182
307
100
-154
-221
-17
202
191
27
-128
-157
2
155
169
-16
-165
-83
57
128
62
-43
-112
-20
46
84
30
-50
-84
-1
92
78
-87
-147
22
154
53
-104
-124
17
81
37
-24
-35
-38
-20
27
51
27
-10
-9
-39
-14
66
79
-2
-44
-18
35
35
29
-13
15
22
2
-41
-1
42
61
25
-67
-137
-44
145
187
-40
-297
-195
133
286
61
-206
-269
-76
153
183
26
-171
-211
-45
144
172
7
-182
-165
30
162
94
-54
-138
-76
67
86
26
-70
-78
0
60
47
-24
-71
-18
87
99
-24
-129
-45
121
129
-44
-89
-27
31
36
5
15
2
-13
-33
-27
-1
27
20
-32
-52
-11
15
9
-12
-27
-12
-2
-37
-19
16
45
4
-72
-70
13
92
102
4
-127
-126
53
227
174
-97
-247
-68
188
234
82
-117
-169
-28
139
199
65
-104
-185
-52
198
212
-20
-232
-124
119
173
14
-103
-67
41
85
13
-71
-36
63
45
-17
-49
-32
-4
37
36
-11
-77
-43
34
52
-15
-17
-17
-31
-23
18
42
28
-7
-26
-7
27
35
19
-18
7
53
38
-68
-67
65
132
36
-123
-98
71
153
30
-101
-75
-36
-1
74
115
-17
-196
-176
61
197
88
-113
-221
-149
65
198
106
-138
-253
-103
157
217
3
-215
-171
58
164
76
-76
-129
-35
73
72
-32
-59
-10
39
6
-26
-3
-5
8
36
46
-28
-81
-20
78
73
11
-36
-47
-17
36
33
28
7
-43
-63
-10
58
48
-22
-100
-54
48
69
-34
-68
8
56
-50
-95
-14
91
92
-63
-119
-26
75
65
5
2
-16
-88
-49
134
239
45
-208
-230
38
318
268
-87
-293
-128
199
294
106
-189
-254
-32
241
221
-45
-204
-109
93
152
31
-77
-58
-2
72
47
-28
-48
3
2
39
49
-48
-115
-22
99
96
-40
-125
-46
41
72
47
-40
-122
-41
77
82
-9
-52
-5
60
26
-33
-18
52
57
8
-69
-42
86
101
6
-70
-57
35
89
11
-38
-16
36
-31
-92
-2
151
82
-147
-249
-54
206
193
-51
-258
-209
71
228
114
-141
-260
-108
126
204
41
-160
-169
-9
134
108
-21
-124
-102
19
101
52
-65
-62
12
48
24
-25
-51
-30
52
91
-4
-67
-56
35
100
45
-67
-84
-1
81
81
-30
-71
-27
46
12
-45
-29
35
42
-44
-82
-37
50
65
-19
-102
-66
31
63
-2
-40
-18
39
18
-63
-53
88
117
-30
-185
-61
205
252
-16
-259
-168
139
286
148
-113
-205
-68
137
211
81
-90
-171
-43
131
164
41
-138
-105
15
93
87
-6
-61
-44
17
62
21
-21
-38
-31
39
63
-15
-121
-28
108
74
-70
-128
14
98
46
-37
-77
-30
38
25
4
-1
23
43
-15
-32
16
47
13
-12
0
24
16
2
6
38
45
0
-63
-39
71
63
24
-42
-120
-61
85
171
32
-223
-228
46
227
116
-101
-213
-188
38
210
112
-94
-237
-142
67
218
107
-160
-223
-64
179
187
-18
-192
-128
73
133
17
-111
-83
70
83
-8
-60
-73
17
97
83
-40
-118
-40
106
101
-34
-84
11
55
0
-19
8
10
4
-17
-30
-28
9
48
1
-83
-60
43
55
-35
-66
-15
34
-28
-34
18
34
-1
-46
-43
-19
21
107
76
-59
-166
-62
187
265
21
-254
-190
95
279
199
-59
-226
-131
95
251
174
-87
-242
-129
153
256
73
-186
-188
12
195
150
-74
-177
-19
117
72
-41
-76
-7
34
45
15
-13
-80
-63
59
97
-3
-82
-69
3
39
54
41
-51
-110
-15
87
85
-12
-78
-48
62
87
19
-54
-53
67
98
-22
-93
9
143
87
-108
-151
45
173
56
-110
-94
31
28
7
41
35
-99
-188
-51
147
167
-20
-203
-229
-11
186
167
-41
-232
-177
51
222
118
-141
-239
-70
162
180
-11
-158
-102
56
99
2
-47
-38
16
30
-17
-20
-9
-6
20
60
31
-51
-56
38
80
19
-50
-8
12
9
16
16
0
-11
-47
-5
22
24
2
-53
-26
7
0
-35
-7
36
36
-51
-122
-14
98
85
-38
-118
-41
45
81
36
-14
-28
-64
-39
78
196
85
-140
-187
12
222
217
9
-202
-181
66
270
196
-92
-257
-116
169
258
40
-237
-150
107
208
32
-145
-88
73
93
-14
-64
-18
43
28
-13
-22
-23
-27
-13
24
30
21
-62
-78
8
80
60
-51
-125
-55
92
131
-27
-105
-24
82
57
-24
-23
-11
35
71
10
-74
-40
72
112
7
-76
-31
14
50
29
-4
-13
-67
-59
39
141
55
-128
-239
-95
180
234
2
-248
-256
-21
227
209
-92
-297
-170
107
258
84
-191
-207
-9
159
105
-30
-90
-73
12
58
25
-30
-33
-10
7
34
38
-23
-70
2
105
77
-51
-122
-36
139
134
-32
-144
-83
84
142
8
-87
-70
33
56
-7
-55
-21
37
5
-73
-26
25
20
-1
-22
-13
-49
-46
19
61
26
-38
-78
-58
41
121
88
-69
-187
-61
194
248
20
-201
-169
51
203
192
7
-159
-132
30
174
181
30
-186
-196
64
248
108
-115
-146
-19
88
87
22
-57
-74
6
92
65
-34
-97
-53
83
134
-18
-179
-103
124
154
-12
-139
-87
68
106
-19
-102
-54
62
78
-8
-72
3
82
58
-83
-97
75
137
24
-93
-42
71
79
-13
-48
24
48
12
-47
-23
69
71
-21
-126
-76
100
162
12
-180
-202
-6
188
138
-78
-192
-143
-5
99
106
18
-161
-190
-29
160
183
-42
-224
-150
94
205
59
-162
-169
54
162
28
-124
-88
49
81
23
-77
-72
15
86
108
-25
-141
-55
97
103
-3
-56
-16
-9
6
30
34
5
-28
-39
-27
10
29
28
-25
-73
-9
18
1
-41
-11
45
5
-92
-73
43
94
9
-88
-83
17
85
55
12
-38
-79
-45
92
187
92
-130
-185
-8
187
212
43
-140
-149
-1
201
187
-4
-175
-170
78
225
120
-110
-182
-32
142
140
-5
-107
-71
51
96
-4
-55
-27
37
52
7
-45
-63
-10
56
68
-21
-92
-60
28
64
31
-46
-70
-12
59
40
-11
2
26
-10
-12
5
48
25
-25
-19
24
49
-11
-35
65
91
-15
-111
-28
90
92
-7
-74
-64
-28
38
94
54
-85
-198
-117
109
215
68
-188
-277
-103
199
224
2
-241
-243
-3
224
198
-94
-274
-120
155
206
11
-161
-146
39
139
44
-102
-85
58
74
-30
-75
-4
63
12
-11
9
13
-6
-28
17
56
28
-8
-67
-51
58
89
27
-69
-73
-12
44
29
-24
-29
-19
-16
-7
-31
-13
54
41
-41
-124
-65
63
108
-6
-75
-56
15
50
23
12
16
-54
-88
26
191
168
-75
-239
-94
178
288
117
-171
-235
-11
226
255
2
-225
-176
75
227
136
-100
-196
-47
129
130
-12
-80
-53
33
61
10
-43
-33
20
43
4
-20
-44
-45
28
86
25
-73
-121
-12
79
90
-7
-115
-62
71
74
-12
-33
14
22
-16
-23
26
84
6
-21
-9
-12
21
64
52
-6
-48
-32
12
58
56
-1
-46
-57
-42
-2
87
109
-50
-216
-156
106
228
52
-190
-236
-73
136
188
22
-201
-210
-8
173
156
-70
-190
-119
56
160
85
-56
-140
-42
70
59
-20
-63
-3
57
13
-47
-30
-2
29
52
23
-37
-68
12
75
55
-3
-66
-36
31
66
34
-34
-38
-32
29
20
-36
-28
25
18
-43
-55
0
28
-2
-14
-9
-48
-60
13
69
25
-34
-74
-47
38
82
58
-18
-111
-96
67
215
126
-117
-198
-23
156
204
81
-96
-175
-43
184
223
38
-176
-198
15
231
150
-83
-172
-53
101
124
9
-74
-53
14
63
49
-23
-51
-29
28
68
-2
-89
-80
23
113
46
-81
-89
1
64
20
-18
-45
-62
27
69
25
-9
-28
-10
22
7
26
57
20
-33
-6
4
5
27
65
48
-16
-65
-29
15
77
67
-5
-102
-115
10
160
131
-95
-248
-124
129
205
17
-178
-201
-79
114
178
50
-181
-211
-53
154
168
14
-164
-196
4
183
146
-32
-205
-124
103
167
-7
-130
-83
61
86
5
-59
-47
3
97
64
-58
-87
10
90
32
-26
-14
21
-16
-44
32
85
17
-85
-88
26
98
26
-83
-110
13
91
47
-84
-100
36
73
-26
-119
-17
119
62
-87
-109
-26
63
77
34
-23
-67
-70
37
164
147
-29
-165
-132
59
249
209
-46
-242
-144
162
301
128
-195
-266
-17
273
206
-61
-242
-112
130
219
22
-164
-95
62
141
2
-102
-67
51
115
28
-84
-75
-28
59
70
0
-67
-64
2
10
13
49
-3
-94
-60
88
99
-24
-79
-15
45
17
22
19
-23
-10
48
36
-36
-30
72
100
1
-95
-54
68
88
11
-41
-54
-49
-21
90
101
-46
-184
-160
59
193
118
-104
-267
-204
101
270
111
-199
-302
-62
217
222
-33
-235
-185
67
221
70
-134
-145
-7
127
48
-76
-46
24
49
-7
-29
-6
-2
12
13
30
14
-16
-19
12
44
13
4
-25
-67
28
104
47
-67
-100
-12
64
56
-48
-66
-15
26
-8
-52
-8
54
49
-29
-123
-79
88
115
-9
-121
-62
45
65
10
-9
23
0
-68
-40
111
199
27
-207
-149
109
261
171
-107
-238
-73
189
281
33
-225
-206
89
253
116
-103
-184
-48
134
130
-24
-104
-5
65
37
-10
-37
5
18
-20
-8
23
-8
-58
-37
54
74
-20
-113
-70
69
99
19
-94
-95
31
94
21
-26
-36
25
38
-3
-18
23
38
22
-5
-22
-12
29
53
50
-17
-75
9
71
20
3
15
4
-86
-118
59
209
46
-233
-267
40
273
165
-166
-319
-126
162
212
15
-189
-211
-37
168
183
-14
-206
-169
47
169
77
-64
-119
-59
34
105
11
-67
-51
10
39
20
-7
-51
-32
55
102
-1
-110
-65
75
131
17
-116
-68
45
70
30
-19
-43
-24
7
9
-5
-3
-12
-14
-38
-12
6
1
4
-5
-27
-35
-36
4
27
15
-21
-24
-20
-31
13
89
85
-62
-165
-46
206
234
-22
-231
-158
92
267
191
-50
-224
-132
133
274
126
-144
-249
-42
213
195
-10
-162
-121
46
154
83
-49
-116
-25
96
83
-33
-88
-45
77
99
-7
-115
-103
68
129
27
-101
-98
8
80
40
-19
-54
-17
21
28
5
-15
19
38
3
-30
-11
50
37
13
11
-26
-17
39
62
44
-6
-47
-22
13
51
59
20
-75
-115
-37
125
154
-26
-212
-206
48
250
113
-194
-251
-50
114
141
14
-114
-147
-73
42
119
83
-57
-159
-105
99
169
23
-142
-144
27
122
48
-79
-74
40
73
-23
-73
-39
60
86
15
-94
-57
84
102
-12
-101
-27
95
43
-80
-40
78
79
-30
-120
-34
64
58
-18
-74
-48
54
48
-64
-68
15
69
-22
-129
-76
95
130
-7
-152
-99
85
146
9
-48
-66
-47
37
118
128
4
-125
-109
32
200
209
-19
-213
-141
108
258
149
-129
-229
-53
192
214
19
-198
-146
55
178
93
-104
-115
9
102
59
-70
-59
7
47
32
8
-33
-83
-31
85
87
-51
-128
-52
81
76
6
-51
-78
-13
70
51
-31
-48
13
56
13
-35
11
28
0
34
32
-19
-32
45
77
6
-87
-34
81
67
-12
-23
-17
-23
-54
-14
91
79
-84
-237
-94
179
233
-25
-267
-287
26
306
204
-161
-348
-147
164
287
70
-224
-254
-1
219
169
-70
-215
-95
138
140
-31
-114
-49
53
60
-16
-48
4
15
-6
43
54
-14
-75
-13
64
59
-1
-39
-34
-7
62
68
12
-80
-76
4
91
35
-72
-43
9
21
-17
-51
-18
49
19
-44
-110
-9
114
57
-72
-82
-20
51
35
5
29
6
-89
-81
100
236
90
-179
-241
44
295
262
-73
-286
-149
155
303
122
-148
-236
-26
164
169
17
-105
-104
-2
81
61
6
-14
-34
-19
3
27
49
-1
-80
-21
48
37
-56
-79
26
105
10
-132
-93
37
115
60
-70
-124
-33
88
96
-9
-84
-41
59
69
-15
-44
15
77
31
-42
-62
21
108
79
-39
-103
-10
100
67
-30
-54
5
-11
-49
-1
112
87
-114
-267
-89
210
237
-30
-287
-231
41
244
143
-132
-261
-137
122
239
38
-183
-169
21
134
83
-31
-129
-59
66
59
-8
-70
-25
64
39
-15
-34
-49
2
56
74
12
-79
-80
48
124
52
-87
-85
8
88
54
-41
-58
-3
60
1
-93
-47
92
76
-85
-103
-23
58
55
-26
-67
-31
8
-8
-19
9
11
-4
-16
-36
-20
71
110
2
-155
-116
126
259
85
-180
-214
21
260
199
-25
-168
-140
24
211
227
-12
-251
-159
118
240
94
-124
-170
-41
130
152
1
-122
-65
63
83
7
-55
-48
19
49
44
-41
-95
-37
103
87
-57
-120
-37
85
63
-43
-46
2
20
-13
3
57
20
-26
-52
16
60
69
-12
-60
18
63
38
-33
-32
33
76
16
-74
-55
74
87
1
-68
-54
-40
33
108
57
-106
-226
-99
170
207
-1
-231
-250
9
211
112
-90
-194
-137
42
174
128
-79
-210
-126
113
195
55
-153
-170
-3
130
96
-60
-104
-10
62
24
-26
-26
-18
15
71
29
-66
-60
15
81
51
-58
-43
7
24
26
24
6
-18
-71
-21
53
42
-17
-60
-58
25
81
-27
-110
-33
75
45
-81
-99
34
116
36
-124
-108
25
116
80
-2
-72
-85
-14
101
125
69
-74
-159
-18
149
232
108
-159
-253
-18
298
287
-69
-326
-174
184
323
93
-230
-242
35
233
131
-87
-167
-11
127
84
-57
-100
-2
81
48
-32
-56
-42
27
32
5
-12
-14
-18
-33
-10
23
54
-8
-82
-30
56
80
-1
-56
-20
40
53
15
-34
-13
75
37
-73
-58
73
143
35
-130
-101
44
135
67
-56
-94
-24
34
25
22
25
-50
-160
-95
79
180
60
-162
-239
-98
186
213
-44
-261
-219
79
264
109
-193
-223
-10
161
103
-51
-91
-28
23
18
-18
-12
18
12
-7
-19
4
1
3
-20
44
41
-25
-41
-19
49
58
10
-35
-46
-8
52
64
-9
-90
-31
39
53
-5
-49
-28
11
10
-10
-54
-42
38
64
-47
-127
-44
97
104
-34
-114
-44
50
36
3
17
42
-62
-90
39
227
124
-117
-230
-49
231
252
45
-179
-206
21
259
246
-63
-295
-130
199
257
31
-202
-158
75
150
53
-66
-74
29
76
6
-47
-20
39
18
-24
5
1
-19
-51
4
65
37
-81
-102
-9
88
73
-10
-104
-71
49
94
23
-42
-28
11
10
17
29
35
-17
-18
31
-1
-4
37
40
8
-29
-13
28
21
-20
36
52
-35
-131
-85
153
240
-57
-379
-227
244
373
22
-365
-304
21
265
189
-96
-255
-166
79
187
89
-81
-168
-80
65
140
47
-86
-118
-21
55
60
29
-40
-71
-30
38
85
40
-111
-99
117
179
-39
-205
-72
177
184
-60
-180
-42
121
103
-53
-74
19
67
-30
-94
-1
103
37
-91
-124
10
90
50
-61
-85
-16
28
12
-49
-17
45
3
-28
-62
-16
88
94
5
-156
-116
120
252
97
-156
-213
4
206
186
38
-111
-141
-15
168
183
56
-144
-193
-21
214
228
-55
-254
-128
148
209
11
-155
-94
81
119
8
-77
-58
2
61
53
-27
-88
-68
54
86
27
-68
-76
-20
20
45
24
-30
-53
-35
39
97
20
-60
-47
4
54
68
26
-36
-41
16
53
43
-26
4
43
6
-33
-36
37
68
38
-25
-91
-50
46
94
48
-97
-178
-76
102
153
15
-142
-184
-83
121
157
16
-169
-188
-40
141
193
-14
-208
-174
56
195
99
-121
-211
-4
160
102
-81
-137
4
96
59
-50
-110
18
125
62
-63
-88
-17
100
69
-18
-60
-4
19
2
7
7
9
8
-17
-37
0
51
-4
-53
-27
4
9
-9
-55
-12
52
36
-81
-109
15
119
55
-90
-134
6
123
84
-31
-66
-33
-8
46
110
99
3
-123
-123
56
222
207
-60
-261
-118
189
328
65
-261
-263
79
294
163
-118
-217
-67
140
176
29
-135
-108
47
117
5
-85
-12
36
25
6
-21
-39
-13
1
25
19
-5
-47
-35
-1
51
56
-23
-107
-50
69
85
25
-58
-58
6
74
79
-29
-61
2
64
32
-40
-6
63
61
-40
-94
3
97
86
-23
-78
-44
-13
11
33
65
14
-154
-192
17
226
138
-141
-303
-148
151
251
62
-220
-269
-50
202
243
-23
-266
-221
106
256
72
-167
-178
20
131
56
-74
-71
25
62
-4
-26
-4
-21
-22
37
81
17
-104
-45
68
88
9
-52
-43
-15
65
69
-9
-72
-41
24
39
0
-40
-16
-13
0
-16
-42
-3
50
30
-64
-96
-14
69
69
-54
-96
11
70
-18
-75
26
125
13
-147
-64
162
232
23
-217
-173
98
295
175
-136
-240
-46
200
252
46
-202
-195
59
228
121
-90
-160
-53
71
133
49
-74
-89
13
64
35
5
-22
-52
9
74
48
-92
-132
25
164
73
-141
-150
33
143
39
-97
-95
38
79
21
-54
-43
54
48
18
-52
-32
54
66
29
-27
-52
17
62
62
25
-43
-77
32
78
13
-17
3
8
-56
-85
47
183
16
-260
-219
93
284
104
-227
-310
-71
216
187
-32
-206
-155
-19
110
138
26
-150
-167
-11
161
132
-26
-178
-108
54
145
32
-95
-84
5
62
49
-21
-80
-19
80
120
-29
-138
-44
125
102
-42
-89
-23
32
83
29
-48
-67
1
56
-13
-50
4
33
-14
-64
-20
50
5
-36
-35
-11
-13
-22
-16
39
33
-43
-60
-28
3
83
68
5
-105
-136
36
240
201
-98
-274
-91
210
268
74
-157
-155
18
138
144
41
-88
-112
-39
109
171
48
-126
-161
0
154
124
-37
-132
-52
78
81
10
-66
-43
23
89
20
-75
-103
22
108
28
-91
-79
12
79
26
-40
-63
-12
47
40
-24
-34
13
21
19
8
17
7
3
1
56
36
-37
-53
20
96
58
-65
-93
30
126
48
-56
-91
-33
-5
65
113
-1
-211
-185
81
224
75
-167
-216
-95
70
142
96
-78
-241
-152
116
248
79
-204
-257
-22
229
175
-73
-230
-81
154
127
-68
-126
1
76
39
-40
-52
-2
67
31
-1
-15
-27
-10
28
43
-4
-10
9
-10
-49
21
102
32
-77
-88
0
84
52
-33
-98
-56
47
55
-36
-58
-2
26
-16
-86
-42
66
82
-18
-84
-64
21
103
47
-51
-68
-20
46
85
78
54
-47
-118
-41
143
214
71
-150
-220
33
299
190
-122
-272
-63
207
213
1
-193
-178
53
199
115
-79
-148
-20
81
63
-19
-39
-10
18
5
31
-16
-98
-42
65
77
1
-101
-86
17
104
40
-68
-100
-30
102
104
-36
-89
-17
60
34
3
-22
-21
62
69
-20
-72
6
108
78
-55
-86
-7
72
57
0
-27
-43
-50
-21
56
98
-6
-161
-188
10
211
143
-94
-275
-179
82
248
95
-175
-269
-86
175
253
-7
-276
-187
130
224
48
-153
-129
28
100
6
-70
-10
69
8
-84
-8
54
40
-42
-36
91
78
-67
-128
4
147
71
-69
-96
-23
88
86
-17
-71
-45
27
44
9
-45
-39
14
11
-9
-16
-48
-4
45
1
-55
-86
9
89
40
-52
-73
-20
38
18
20
57
14
-103
-86
119
258
71
-236
-232
76
320
221
-102
-280
-93
206
263
23
-184
-142
46
155
96
-19
-95
-57
12
50
58
11
-59
-43
29
52
33
-13
-84
-41
82
105
-51
-181
-68
148
163
-36
-225
-87
141
139
-25
-165
-86
107
122
-33
-99
-22
86
54
-18
-34
16
28
22
20
31
-17
-29
34
79
38
-79
-68
57
68
4
7
-11
-51
-90
29
150
72
-163
-257
-38
249
210
-105
-313
-179
110
236
82
-170
-250
-67
153
173
4
-171
-125
12
94
89
7
-96
-102
1
89
57
-28
-82
-30
47
43
5
-52
-57
36
113
31
-106
-70
72
109
-28
-108
-8
64
54
-12
-45
-4
23
2
-42
-22
40
34
-50
-78
-25
39
29
-18
-31
-2
-10
-85
-37
98
75
-62
-94
-27
40
66
36
10
-61
-97
10
171
171
-27
-198
-115
112
226
119
-59
-154
-74
111
198
98
-91
-169
-59
123
175
77
-110
-178
-49
131
166
42
-164
-121
83
148
16
-129
-76
90
134
-19
-158
-89
97
139
-4
-150
-84
79
109
-51
-90
2
53
16
-36
-13
31
58
26
-59
-47
47
84
31
-38
-13
27
20
-30
19
79
63
-58
-101
-9
122
108
-30
-139
-72
46
96
75
-29
-162
-160
9
181
127
-77
-235
-174
48
193
115
-117
-229
-114
109
186
66
-159
-213
-34
165
149
-25
-166
-110
82
121
11
-123
-85
53
107
9
-92
-74
39
102
51
-51
-99
-30
89
105
-21
-109
-7
58
48
-13
-38
11
1
-15
-8
16
25
-8
-57
-35
16
47
-56
-90
33
112
-10
-150
-107
78
153
0
-144
-117
49
131
53
-48
-75
-42
40
89
149
36
-127
-161
33
213
170
-14
-150
-117
35
197
178
-15
-217
-134
116
228
82
-172
-171
19
183
123
-92
-126
13
119
41
-95
-61
87
64
-24
-52
-21
-6
-9
-3
42
26
-47
-62
-21
49
49
-17
-67
-39
17
55
42
-26
-42
20
40
33
0
-3
20
40
-2
-28
-29
49
98
31
-79
-81
58
112
-4
-49
-2
-17
-54
-2
96
88
-79
-224
-116
145
196
12
-223
-230
-10
188
157
-52
-230
-165
20
180
148
-90
-229
-103
120
174
52
-136
-157
21
120
26
-30
-42
-22
2
9
44
14
-46
-25
32
73
-4
-82
-47
99
98
-44
-67
-22
22
64
33
-37
-50
-25
20
29
16
-33
-36
-10
21
24
-46
-46
24
14
-36
-69
4
53
13
-53
-47
43
57
-44
-43
63
68
-55
-123
19
223
168
-129
-246
-41
227
261
20
-212
-160
64
259
161
-54
-211
-147
113
235
107
-118
-183
-28
136
118
-11
-94
-53
11
55
49
12
-60
-77
29
112
10
-106
-108
47
137
30
-123
-101
39
95
22
-60
-59
4
49
5
-24
-9
35
43
-22
-28
35
47
18
-26
-14
-3
40
58
57
-13
-62
-28
47
55
-9
-15
28
-13
-86
-27
121
135
-109
-278
-121
195
263
-30
-289
-225
40
241
126
-123
-243
-102
103
135
60
-65
-158
-74
65
124
61
-80
-129
-45
73
104
15
-94
-77
35
96
40
-92
-110
60
162
76
-128
-147
45
185
66
-118
-98
15
94
62
-39
-60
1
42
22
-29
-43
3
52
-40
-85
-9
59
6
-44
-26
-6
-24
-34
16
20
35
-6
-63
-57
12
87
94
-31
-157
-79
133
236
86
-165
-189
0
200
212
45
-159
-191
24
223
201
-2
-218
-147
83
224
157
-101
-250
-79
180
189
-4
-152
-86
54
115
24
-79
-56
28
60
25
-62
-72
-15
47
68
17
-80
-107
18
90
46
-31
-63
-36
26
48
26
-12
-8
-12
-21
16
68
54
-52
-50
44
89
-6
-44
3
81
24
-60
-41
49
61
24
-37
-83
-54
46
128
33
-109
-194
-66
119
156
11
-186
-203
-43
120
156
20
-162
-211
-61
172
224
-20
-242
-200
73
233
109
-150
-196
-13
149
82
-69
-95
12
66
4
-43
-34
29
53
10
-7
-30
-31
35
50
3
-25
21
9
-34
-17
49
72
-22
-86
-44
52
49
-4
-58
-46
3
44
-26
-58
1
50
-14
-101
-53
50
104
12
-125
-85
37
97
58
-7
-59
-74
-17
89
133
107
-53
-176
-91
140
273
118
-130
-225
-41
233
249
-2
-231
-198
107
268
138
-158
-241
-3
206
133
-57
-131
-40
92
81
-29
-54
0
15
7
6
-3
-28
-37
19
67
11
-34
-72
-36
46
60
20
-70
-68
25
79
7
-43
-17
42
24
8
-3
5
22
58
24
-46
-63
23
130
67
-66
-115
3
130
83
-69
-78
-13
18
-21
37
69
-24
-168
-164
47
215
93
-126
-266
-164
140
255
64
-218
-282
-24
230
202
-89
-249
-113
124
187
12
-128
-98
40
57
-13
-35
-1
32
6
-43
-5
11
12
11
11
20
10
-32
-36
22
75
55
-54
-80
16
114
41
-78
-89
30
99
-2
-99
-58
44
50
-11
-53
-49
22
61
-7
-93
-79
23
88
26
-73
-66
14
63
-14
-51
31
104
-5
-141
-80
204
261
-14
-281
-193
189
357
121
-202
-256
-7
241
219
13
-173
-183
45
203
138
-34
-156
-109
58
140
64
-48
-83
-61
76
87
13
-75
-68
6
98
65
-88
-140
13
152
96
-123
-177
-3
161
102
-87
-139
-9
112
63
-47
-94
34
124
26
-84
-51
69
98
13
-58
-31
38
61
24
-13
-9
8
17
-9
19
41
6
-50
-107
-29
137
152
-62
-278
-173
136
263
50
-212
-239
-70
153
155
21
-153
-199
-62
116
201
50
-199
-237
4
213
162
-69
-209
-98
127
134
-1
-115
-73
52
66
14
-59
-67
38
88
51
-60
-83
16
81
36
-28
-12
9
-14
-4
17
22
15
-21
-45
-40
16
24
40
-36
-88
-32
49
28
-37
-43
5
-18
-50
-12
52
17
-23
-43
-50
4
83
82
-2
-134
-93
86
197
116
-96
-175
-60
158
223
98
-133
-167
-10
160
189
55
-125
-190
-25
181
211
-7
-210
-124
74
193
60
-116
-89
46
59
18
-28
-43
-15
30
51
8
-86
-68
53
92
1
-96
-69
37
72
30
-56
-86
5
86
43
-56
-67
27
87
34
-81
-37
79
85
-19
-53
0
25
27
88
58
-63
-116
-24
114
107
-18
-119
-51
28
45
50
32
-59
-165
-115
50
156
88
-100
-203
-147
57
185
116
-127
-283
-121
153
256
29
-221
-223
21
201
150
-97
-196
-43
110
86
-45
-80
4
56
4
-38
4
14
9
1
36
7
-40
-15
21
52
25
-7
-33
-39
24
62
38
-34
-93
-9
78
51
-69
-95
10
84
18
-94
-87
33
92
12
-93
-116
31
118
60
-101
-126
4
99
67
-8
-27
-57
-33
15
112
140
15
-144
-129
69
244
190
-75
-237
-132
151
322
123
-220
-259
34
259
187
-84
-231
-69
138
153
-32
-131
-25
109
70
-56
-87
2
69
28
-26
-28
-6
-22
-38
52
50
-43
-105
-17
76
50
-22
-71
-55
20
63
37
-37
-35
17
26
9
-2
12
20
10
31
-5
-47
6
75
83
-27
-111
-29
85
78
-22
-56
-31
9
-43
-24
115
95
-145
-261
-75
244
266
-90
-375
-227
148
316
104
-234
-328
-71
237
241
-38
-237
-153
73
176
74
-95
-153
-7
87
59
-6
-48
-40
9
30
32
-12
-42
-19
39
101
17
-99
-64
74
110
5
-73
-61
-4
96
83
-33
-87
-28
63
58
-55
-85
-2
63
22
-57
-85
1
85
52
-70
-125
-45
52
86
10
-84
-60
37
28
-5
22
61
-4
-99
-67
129
237
27
-218
-182
99
300
171
-136
-236
-47
187
218
40
-129
-159
-27
157
150
1
-111
-64
-26
59
93
52
-49
-94
-25
77
77
-38
-94
-29
85
81
-54
-121
-23
81
66
-31
-88
-36
36
47
-3
-48
-42
19
66
7
-62
-20
79
57
-64
-51
53
104
27
-55
-60
11
80
64
9
-34
-46
-15
44
53
7
-9
-5
-77
-64
77
174
21
-225
-262
19
292
174
-161
-325
-143
179
230
-4
-197
-187
-31
122
128
44
-108
-181
-69
142
161
10
-160
-136
35
142
60
-85
-108
-7
97
78
-36
-113
-41
98
147
-34
-156
-72
111
136
24
-112
-75
27
94
50
-53
-87
-10
68
23
-60
-32
52
9
-58
-43
27
19
-39
-34
15
10
-53
-73
43
85
5
-91
-92
-10
122
107
0
-126
-124
45
206
191
-50
-219
-136
125
235
163
-64
-180
-118
89
243
164
-88
-258
-117
177
293
67
-241
-218
62
263
137
-143
-197
-11
178
121
-77
-147
-45
108
142
-20
-135
-105
59
139
21
-94
-83
-5
39
15
23
12
-37
-53
-4
75
64
-30
-66
-13
54
62
26
-17
-18
8
31
23
-13
16
75
33
-57
-80
11
95
69
-24
-76
-67
-20
66
105
21
-157
-214
-22
194
175
-65
-248
-206
16
227
136
-99
-233
-173
88
231
106
-140
-230
-59
162
182
-15
-185
-142
57
135
46
-77
-77
29
54
-5
-34
-25
-5
37
36
12
-29
-42
6
42
24
17
-13
-50
-20
60
64
-12
-71
-31
35
35
-13
-41
-27
0
5
-11
-48
-16
40
31
-58
-88
4
51
47
-41
-77
-7
41
20
5
51
-12
-109
-47
138
203
34
-157
-153
39
196
211
20
-199
-177
64
275
194
-115
-261
-77
181
235
33
-189
-158
48
173
84
-69
-97
13
75
9
-62
-16
53
43
-19
-34
-30
-17
-12
24
59
-14
-65
-48
7
58
40
-30
-100
-23
87
53
-45
-54
53
53
-13
-43
1
56
53
1
-32
-37
17
74
103
-18
-109
-72
84
142
-6
-95
-52
21
12
-10
63
56
-98
-208
-75
163
201
-27
-248
-228
40
218
117
-101
-208
-108
58
163
109
-112
-222
-73
145
189
-12
-194
-94
80
108
25
-82
-59
46
59
-11
-39
-20
-4
19
56
51
-27
-94
-29
117
99
-14
-106
-86
84
152
8
-139
-94
65
128
-4
-126
-51
68
45
-33
-63
-48
25
61
0
-95
-98
26
99
35
-58
-77
-7
51
5
-6
73
57
-110
-169
56
324
179
-218
-340
9
365
294
-88
-278
-127
127
244
132
-83
-184
-81
99
163
73
-73
-118
-68
38
126
100
-21
-139
-75
91
111
0
-103
-69
70
87
-9
-100
-86
41
104
20
-97
-72
31
32
15
0
-26
-33
5
26
12
-6
4
15
-8
2
41
34
13
4
-18
-8
31
45
31
3
-21
-9
-7
23
40
15
-6
-63
-64
32
108
55
-128
-227
-64
199
193
-57
-243
-179
33
142
96
-12
-161
-187
-34
176
221
-28
-258
-200
98
257
95
-199
-225
47
191
75
-88
-120
0
68
39
-6
-55
-28
59
66
5
-73
-34
41
50
34
-18
-25
-30
7
78
31
-68
-52
15
29
-14
-37
13
22
-4
-63
-27
2
32
-10
-30
-38
-35
-2
54
49
-39
-96
-38
25
65
51
17
-26
-90
-39
91
197
79
-164
-192
32
227
200
-13
-156
-143
49
211
158
-33
-173
-130
72
201
128
-97
-196
-47
144
150
-39
-125
-34
86
65
-18
-65
-4
13
54
50
-48
-107
-57
80
118
-23
-138
-58
83
82
-16
-83
-32
32
56
2
-33
5
36
10
-22
-3
41
37
-10
8
17
17
-14
15
49
64
-19
-101
0
87
84
-33
-96
-55
28
41
59
39
-83
-198
-92
127
194
-3
-196
-209
-35
165
166
-34
-216
-201
5
198
184
-74
-267
-150
141
251
32
-209
-147
47
143
41
-105
-69
38
68
-12
-34
-2
-21
8
57
43
-32
-101
-11
95
78
-2
-68
-64
19
92
31
-48
-52
4
13
25
-25
-38
-2
16
-29
-31
-25
-4
37
19
-59
-76
-30
70
86
-33
-112
-46
68
72
-6
-8
6
-42
-54
51
181
109
-98
-190
-48
165
244
103
-165
-219
-8
257
255
-42
-280
-169
164
292
58
-202
-178
15
184
123
-78
-121
-9
99
62
-70
-55
44
23
-33
14
27
-21
-82
-36
96
102
-43
-147
-71
90
131
9
-127
-101
60
139
18
-105
-52
70
60
-2
-28
10
23
44
20
-29
-25
14
76
52
-38
-85
0
100
69
-32
-89
-28
44
-1
7
56
-20
-165
-148
87
193
76
-181
-270
-79
175
196
2
-223
-234
0
222
174
-68
-237
-142
102
172
65
-107
-134
-4
60
61
-14
-64
-26
25
20
6
3
-29
-46
50
89
2
-103
-55
60
124
40
-65
-95
-22
90
75
-46
-104
-2
74
24
-48
-36
14
41
-31
-80
-35
38
58
-23
-72
-81
13
88
51
-53
-99
1
62
-2
-37
63
73
-81
-132
37
241
182
-134
-284
-55
260
302
24
-241
-199
57
275
185
-76
-199
-96
128
170
28
-88
-67
-13
27
66
56
-12
-69
-57
53
90
-2
-77
-34
69
99
-45
-130
-68
80
121
-12
-129
-94
64
103
15
-66
-71
7
70
51
-69
-55
76
93
-19
-88
-6
94
59
-34
-62
18
72
41
11
1
-11
-7
2
42
25
-4
-23
-42
-49
2
89
100
-72
-217
-118
138
200
-7
-200
-173
-13
103
107
8
-107
-170
-81
74
194
56
-178
-200
1
196
138
-72
-181
-70
82
113
9
-101
-79
48
100
-21
-100
-38
76
107
17
-87
-73
15
92
71
-52
-54
-9
26
37
18
-30
-32
-1
1
-16
-8
34
10
-73
-48
36
29
-37
-60
1
43
-10
-78
-49
46
78
7
-93
-54
54
69
32
-64
-66
-21
76
154
81
-81
-160
-38
155
195
64
-87
-136
-46
119
207
104
-133
-233
-39
235
246
-46
-251
-134
125
213
43
-125
-106
7
85
48
-29
-43
-7
38
27
-6
-51
-57
5
81
61
-70
-139
-12
94
78
-8
-80
-85
7
83
61
-16
-54
-22
24
62
35
-22
-16
33
46
-7
-50
4
83
86
-38
-104
-14
98
71
-23
-73
-59
18
24
29
17
0
-120
-137
12
139
98
-77
-203
-175
40
227
136
-145
-312
-136
220
299
-11
-335
-228
129
292
103
-220
-227
63
198
52
-135
-113
49
124
12
-103
-73
67
99
5
-45
-39
25
41
1
-6
18
54
-20
-107
8
113
83
-73
-118
-14
89
47
-38
-66
-26
21
51
-35
-74
-22
50
21
-93
-74
42
106
31
-92
-96
23
88
28
-49
8
0
-28
-6
98
138
17
-128
-156
57
268
182
-101
-251
-94
221
266
27
-206
-196
66
248
128
-123
-185
-9
129
110
-45
-85
6
60
-2
-34
17
35
-46
-27
64
29
-67
-97
-16
114
81
-60
-137
-54
82
98
-3
-127
-86
86
130
9
-111
-70
65
103
4
-84
-18
76
66
0
-33
-28
12
96
64
-57
-107
11
98
49
-22
-47
-24
-9
-32
24
93
32
-166
-229
33
258
152
-176
-339
-114
224
243
-32
-257
-217
32
218
126
-93
-165
-65
46
84
37
-21
-67
-43
18
39
6
-8
12
-15
-41
9
45
-12
-48
32
124
37
-127
-112
63
149
65
-68
-117
-33
113
120
-24
-124
-51
81
72
-53
-96
-13
72
33
-75
-86
11
83
29
-90
-96
15
68
11
-36
-35
1
14
-29
-23
67
115
-26
-200
-80
229
272
-22
-277
-177
177
337
118
-163
-224
-22
201
205
49
-133
-179
-22
158
203
2
-193
-132
68
167
65
-75
-90
4
67
49
0
-66
-60
33
107
34
-102
-131
15
143
71
-110
-123
21
100
31
-79
-42
25
47
-1
-32
-15
45
38
-9
-35
6
54
64
-9
-40
-9
33
50
43
-6
-36
-7
19
15
32
16
-24
-29
-44
-28
62
111
3
-196
-195
47
204
124
-128
-227
-124
68
160
84
-107
-217
-108
77
200
80
-139
-207
-50
144
168
-11
-160
-127
43
135
43
-84
-84
5
94
42
-83
-98
34
132
70
-81
-129
2
114
82
-19
-62
-32
21
41
26
-24
-4
-2
-16
-29
-6
27
9
-48
-39
14
-7
-30
-28
39
35
-74
-122
3
127
82
-67
-143
-61
101
111
-7
-46
-56
-21
34
116
112
-7
-140
-99
90
212
131
-55
-141
-73
66
191
152
-60
-226
-99
166
257
11
-233
-153
118
214
35
-147
-105
92
130
-14
-122
-55
92
113
-16
-113
-55
49
53
-11
-38
11
7
-28
-31
-5
56
25
-50
-66
16
67
42
-18
-43
-1
35
66
22
-26
-21
39
41
-16
-21
34
86
27
-86
-94
35
115
66
-43
-113
-35
20
59
74
4
-149
-181
-3
194
132
-106
-245
-143
80
206
79
-127
-238
-120
110
240
88
-205
-239
-21
216
181
-77
-252
-71
145
123
-45
-113
-30
62
32
-15
-22
8
2
4
36
27
-35
-52
-23
81
80
21
-74
-85
30
118
43
-96
-114
30
111
22
-92
-69
18
46
-4
-64
-50
26
70
3
-107
-102
51
114
35
-111
-116
37
89
33
-32
-9
36
-41
-90
83
232
75
-191
-192
50
284
218
-63
-247
-172
119
328
190
-171
-312
-67
260
260
-13
-249
-162
103
213
45
-133
-109
49
100
17
-59
-29
39
27
-8
-7
5
-52
-60
16
96
38
-90
-112
10
106
79
-57
-139
-43
119
102
-45
-99
4
77
63
-42
-44
22
60
50
-45
-67
24
136
85
-95
-151
47
156
54
-105
-91
55
78
-56
-87
37
132
-38
-228
-123
182
223
-51
-267
-215
57
249
136
-151
-271
-124
143
211
42
-160
-162
4
123
79
-15
-78
-58
-10
51
34
-14
-27
-29
-17
43
80
-37
-86
-17
101
100
-45
-139
-17
136
119
-39
-116
-82
81
134
7
-103
-66
66
84
-53
-97
11
76
-9
-98
-44
59
47
-21
-69
-56
5
34
32
1
-41
-58
14
12
5
15
32
21
-50
-85
70
189
87
-129
-193
14
241
229
-35
-219
-139
117
263
117
-131
-190
-51
135
175
42
-104
-139
-38
128
120
-29
-96
-45
57
83
-1
-64
-23
32
33
-2
-45
-54
-11
36
69
-19
-86
-52
43
78
15
-73
-60
29
52
-9
-31
-7
38
38
-16
-19
30
44
15
-23
-11
23
24
37
31
9
-30
-35
-6
66
45
-22
-47
-35
-29
20
96
53
-123
-232
-25
221
166
-122
-269
-148
108
199
51
-113
-195
-127
60
187
101
-94
-209
-91
112
183
27
-159
-141
37
118
39
-68
-65
24
67
19
-46
-69
6
91
81
-42
-107
-36
91
94
7
-53
-23
-19
19
54
22
-29
-32
-28
-12
46
43
-42
-92
-49
85
79
-92
-129
21
117
33
-124
-120
32
124
48
-100
-126
14
110
82
-16
-62
-89
-16
126
190
56
-175
-178
50
237
189
-36
-180
-103
68
184
160
-3
-190
-171
56
228
185
-93
-247
-85
161
210
3
-171
-113
81
125
26
-60
-63
0
68
29
-33
-67
-38
40
62
13
-50
-49
-20
41
63
17
-83
-72
14
92
65
-31
-83
-32
77
74
0
-45
-15
76
64
-62
-72
70
135
22
-118
-94
76
144
22
-99
-88
3
53
37
17
4
-85
-141
-45
107
139
-6
-164
-191
-57
117
144
42
-167
-228
-49
199
194
-58
-245
-154
120
212
37
-161
-165
44
158
46
-120
-108
55
110
-9
-94
-46
50
87
25
-39
-38
-10
28
20
26
21
5
-79
-61
83
114
11
-149
-95
90
114
-25
-105
-58
35
61
-22
-105
-17
86
63
-97
-162
10
147
75
-89
-133
-18
113
79
-65
-46
33
11
-32
23
127
117
-54
-155
-87
153
255
94
-173
-203
21
258
217
-65
-247
-135
155
233
91
-174
-174
33
142
81
-51
-79
19
51
-10
-27
43
44
-55
-39
38
44
-14
-93
-27
88
56
-63
-94
-8
87
66
-48
-109
-16
92
73
-33
-83
-7
74
67
-34
-75
7
107
79
-58
-91
15
90
106
19
-132
-98
84
169
30
-117
-95
35
48
-5
6
48
-42
-168
-111
100
196
39
-201
-263
-49
195
204
-38
-253
-206
42
212
157
-90
-223
-151
105
239
65
-179
-183
15
153
90
-69
-120
-9
74
64
-27
-78
-45
61
102
35
-88
-113
40
133
89
-58
-111
-28
88
69
-12
-68
-49
31
65
-36
-69
11
52
-8
-72
-35
31
20
-25
-45
-31
-17
16
28
3
-38
-58
9
34
-18
-6
67
49
-77
-110
50
211
143
-125
-232
4
247
203
-21
-171
-96
58
148
111
11
-78
-115
-27
120
180
32
-147
-193
33
212
118
-105
-161
27
140
43
-83
-84
20
99
60
-73
-135
-30
106
90
-37
-125
-51
89
58
-40
-66
-4
58
37
-55
-45
32
71
19
-52
-35
44
75
31
-38
-43
-7
64
78
31
-33
-69
-11
73
78
-24
-68
-2
43
-20
-63
28
110
-1
-208
-165
95
230
68
-200
-271
-63
203
194
-49
-237
-191
41
203
134
-76
-187
-132
33
187
90
-90
-161
-37
107
82
-52
-97
-29
66
73
-6
-82
-31
52
92
11
-98
-47
52
76
36
-24
-49
-20
10
36
35
-8
-41
-23
9
23
-11
-31
-3
18
-19
-35
-28
-13
32
24
-46
-69
-39
57
91
-2
-104
-77
36
71
29
-11
-9
-36
-22
44
118
103
-36
-164
-68
152
229
77
-140
-164
-2
179
213
35
-204
-223
54
285
198
-114
-288
-92
183
230
-16
-203
-97
100
166
11
-150
-75
76
130
-7
-107
-54
17
27
28
5
-35
-69
-2
63
41
2
-57
-68
-13
87
64
-43
-72
-11
86
60
-24
-65
20
75
60
-45
-83
32
136
66
-87
-126
13
147
90
-86
-115
-1
62
7
-39
20
60
-110
-192
-24
202
187
-115
-345
-173
192
274
34
-265
-273
5
251
184
-78
-239
-146
82
216
70
-143
-150
22
101
19
-62
-23
23
53
-25
-44
-3
-8
25
54
31
-35
-32
-32
19
89
63
-5
-96
-90
49
158
68
-127
-157
23
162
45
-114
-94
20
74
5
-73
-65
46
85
-16
-147
-95
115
140
-32
-146
-52
62
71
11
-24
19
2
-55
-21
137
165
-11
-211
-125
151
269
132
-158
-223
-3
201
217
26
-178
-189
22
209
168
-46
-190
-105
85
143
58
-50
-75
4
11
21
36
-17
-54
-21
66
70
-53
-123
-35
94
88
-29
-108
-71
41
84
41
-53
-106
-1
75
36
-38
0
30
20
-8
-23
24
69
23
-27
-49
8
76
80
-7
-92
-54
72
106
-32
-90
15
84
-19
-129
-12
161
73
-202
-254
51
276
139
-204
-311
-99
208
229
-25
-246
-203
17
192
152
-71
-180
-99
65
109
27
-45
-79
-40
23
54
26
-25
-53
-16
36
52
-1
-81
-49
85
141
-6
-148
-74
109
133
6
-101
-94
26
115
83
-66
-125
-10
100
41
-63
-62
6
28
-17
-49
-13
-1
28
14
-48
-78
-32
53
63
-16
-91
-42
41
70
4
-19
25
-31
-89
8
199
193
-95
-243
-79
182
274
92
-167
-222
4
232
204
-23
-178
-131
38
174
152
-8
-167
-157
27
207
122
-96
-132
-15
112
68
-57
-82
-26
83
106
2
-151
-119
66
192
62
-170
-169
45
158
45
-74
-88
-31
59
77
-10
-63
-3
45
13
-2
31
42
-9
-6
23
1
-21
15
85
49
-48
-68
6
62
38
15
-25
-38
-32
-23
53
93
-12
-174
-165
37
205
82
-152
-235
-85
112
175
33
-162
-217
-68
130
206
29
-176
-208
-12
178
148
-58
-185
-82
93
143
-13
-146
-63
78
108
-28
-114
-23
66
78
19
-40
-31
10
26
28
5
13
-12
-43
-12
71
73
-53
-113
-12
73
54
-9
-68
-45
-5
31
-6
-44
-16
20
-3
-48
-50
16
38
5
-58
-38
25
33
13
15
25
-22
-73
-48
125
206
48
-213
-168
96
272
179
-97
-214
-107
122
276
128
-112
-252
-99
203
278
30
-263
-200
86
251
94
-136
-170
48
159
57
-100
-115
42
125
24
-93
-63
32
18
-5
9
12
-31
-57
-14
47
86
11
-102
-100
61
125
31
-100
-79
52
117
39
-68
-53
50
98
-9
-80
0
122
88
-71
-104
4
84
76
-40
-72
3
16
-13
9
49
25
-133
-153
-2
141
121
-69
-209
-162
36
179
128
-88
-257
-170
136
283
85
-255
-274
17
263
134
-125
-185
-3
131
34
-90
-49
56
71
-22
-87
-26
65
52
-29
-21
39
12
-30
-19
45
85
3
-93
-71
59
115
29
-117
-109
63
120
-3
-113
-47
53
34
-38
-52
-22
37
45
-34
-106
-64
40
113
25
-99
-92
15
98
34
-20
5
-13
-50
-31
100
189
25
-174
-183
89
305
193
-123
-253
-69
183
248
68
-141
-212
-35
198
186
-24
-190
-77
102
109
12
-74
-26
25
29
-3
-2
-8
-33
-16
34
31
10
-84
-93
54
150
13
-152
-129
56
141
61
-103
-128
4
140
81
-92
-115
39
132
24
-81
-52
78
106
19
-93
-84
54
164
58
-120
-117
40
139
45
-73
-40
35
27
-75
-39
114
89
-139
-275
-30
262
230
-133
-370
-184
189
285
43
-236
-257
-8
184
163
-20
-165
-122
-13
100
120
2
-120
-94
17
97
65
-52
-95
-11
82
59
-35
-86
-22
76
129
25
-138
-101
78
151
47
-100
-90
12
88
81
-36
-94
-4
66
22
-59
-53
30
40
-34
-44
-15
-1
18
-3
-17
-58
-46
-2
70
37
-69
-63
2
61
25
-22
10
3
-83
-30
132
215
-17
-217
-125
142
241
96
-95
-138
-34
83
160
100
-38
-154
-118
84
198
103
-115
-186
-48
131
194
-2
-155
-86
60
104
22
-71
-90
11
115
58
-80
-141
-34
131
112
-64
-147
-41
87
76
2
-59
-71
5
55
44
-24
-50
-3
41
36
18
31
-13
-37
18
34
15
-14
16
73
26
-41
-76
28
95
28
-27
-49
-51
21
53
60
-29
-148
-123
19
142
94
-81
-196
-139
49
155
70
-86
-197
-122
80
187
90
-100
-210
-105
117
196
39
-171
-138
47
133
42
-114
-72
58
87
-10
-68
-70
43
102
36
-35
-67
-15
48
53
5
-25
4
14
-26
-7
41
45
-51
-71
11
61
10
-44
-48
-25
29
33
-36
-67
13
26
-13
-110
-32
91
68
-43
-114
-41
79
97
-15
-60
-22
23
-17
50
161
82
-139
-162
36
220
194
-20
-193
-152
66
248
187
-65
-256
-128
170
270
47
-213
-198
61
212
113
-97
-141
-9
108
85
-32
-98
-28
76
67
-27
-66
-58
-8
65
61
-23
-68
-67
14
74
64
-25
-113
-36
87
91
-7
-89
-37
62
77
2
-48
2
73
43
-24
-57
5
99
75
-46
-107
-24
112
92
-47
-88
-24
76
-3
-73
10
107
-27
-196
-135
125
218
-8
-259
-219
6
212
155
-62
-240
-196
47
228
118
-124
-220
-80
142
176
19
-153
-138
10
123
60
-76
-85
22
60
-7
-15
3
-24
-27
49
106
-11
-144
-71
126
142
-15
-126
-84
78
149
28
-131
-104
26
114
38
-80
-80
-22
53
41
-30
-74
-17
66
42
-95
-122
6
110
66
-74
-110
-13
78
16
-19
33
25
-49
-73
53
195
107
-135
-197
-8
241
243
-25
-221
-150
109
284
164
-118
-233
-96
174
223
15
-175
-109
62
102
47
-17
-30
-24
-18
25
31
10
-22
-43
15
73
28
-100
-96
23
135
75
-110
-141
11
102
76
-56
-118
-23
83
85
-27
-62
2
68
33
-57
-24
68
60
17
-74
-56
70
132
46
-84
-105
19
108
48
-44
-39
23
16
-64
-43
86
98
-76
-218
-102
146
220
-11
-271
-239
38
244
113
-137
-198
-76
53
124
69