#4
461
100
-429
-233
338
438
-12
-313
-31
383
279
-152
-256
145
433
158
-262
-182
258
464
109
-322
-202
322
499
57
-350
-94
388
390
-112
-299
97
451
218
-252
-225
258
459
4
-373
-30
479
354
-232
-361
140
526
260
-313
-332
249
536
135
-356
-202
371
466
-22
-357
-69
424
411
-100
-400
5
502
371
-194
-382
100
500
287
-175
-296
98
421
219
-172
-127
238
281
-55
-192
135
402
161
-249
-213
265
463
66
-348
-158
365
430
-46
-366
-54
427
297
-169
-248
111
330
87
-203
-97
246
279
-43
-236
-15
302
263
-101
-265
29
386
265
-152
-295
74
420
197
-215
-211
174
338
53
-201
-97
243
298
-47
-282
-29
338
254
-137
-266
75
343
139
-172
-141
152
233
-12
-166
41
265
72
-210
-122
224
339
23
-361
-202
290
439
48
-359
-235
272
397
9
-333
-118
286
303
-56
-270
-20
318
217
-151
-227
121
373
118
-287
-194
273
446
-5
-378
-125
395
372
-146
-346
39
400
214
-225
-237
174
314
-13
-209
26
264
148
-182
-194
198
382
44
-329
-169
307
375
-29
-333
-89
330
325
-68
-300
3
373
245
-216
-290
134
444
195
-295
-323
192
510
167
-353
-278
224
438
120
-258
-148
186
261
6
-129
73
214
58
-129
-60
211
242
-58
-228
4
305
210
-148
-242
87
306
146
-163
-174
104
214
17
-162
-35
188
159
-57
-190
20
265
158
-150
-243
93
349
157
-213
-247
120
354
128
-224
-227
132
332
87
-231
-163
206
287
-53
-275
-62
275
240
-119
-241
-2
256
165
-107
-183
24
162
78
-32
-30
6
21
5
33
89
37
-113
-120
50
217
142
-126
-240
-17
251
194
-95
-226
-25
226
171
-112
-191
50
227
83
-143
-92
157
204
-74
-216
38
319
179
-193
-258
92
344
157
-229
-214
127
295
68
-183
-138
98
177
56
-81
-41
74
72
-8
-13
82
72
-35
-74
32
131
86
-71
-63
112
144
8
-81
-20
123
129
-15
-137
-6
208
198
-75
-253
-14
317
265
-118
-310
-31
324
295
-85
-299
-43
262
209
-45
-143
8
173
97
-62
-52
88
114
-3
-88
5
121
95
-31
-112
-20
132
147
-20
-184
-60
146
137
-31
-110
18
81
25
-62
15
98
33
-98
-55
128
184
-27
-203
-64
198
247
-32
-254
-84
186
187
-57
-159
26
172
57
-116
-114
74
160
40
-131
-123
65
191
85
-138
-159
38
188
97
-108
-156
12
141
84
-41
-90
-20
6
0
40
86
25
-89
-100
16
152
79
-105
-157
25
187
78
-93
-87
26
107
51
-45
-26
48
38
-15
10
101
69
-50
-102
34
155
97
-67
-115
29
152
80
-85
-94
19
71
65
34
-43
-51
21
91
59
-35
-54
32
73
0
-24
15
52
34
20
-4
-1
43
48
-1
10
4
-16
7
112
127
-58
-168
-12
231
188
-80
-196
-59
154
237
59
-155
-125
47
159
122
-17
-73
-13
40
83
50
2
-14
-7
-7
23
69
38
-36
-66
1
81
101
3
-112
-106
67
124
37
-98
-79
70
93
-1
-97
-30
82
56
-26
-13
75
61
-88
-94
72
187
40
-166
-133
104
211
7
-173
-62
138
116
-92
-141
47
171
13
-154
-75
87
150
3
-132
-95
20
132
80
-56
-120
-51
74
102
40
-74
-133
-29
69
87
22
-44
-83
-50
27
83
58
-56
-96
-65
94
132
-29
-83
-64
54
115
19
-66
-49
10
59
74
60
3
-61
-32
22
60
72
14
-41
-49
29
77
51
-53
-89
-7
98
111
-10
-109
-71
61
129
62
-68
-98
31
105
25
-58
-30
95
92
-39
-92
21
110
38
-31
-42
-26
66
102
45
-47
-102
-12
124
141
20
-111
-97
70
190
85
-90
-134
-1
128
133
33
-95
-71
53
114
83
-22
-71
-32
52
75
2
-48
-16
38
19
-25
28
73
-33
-94
-41
66
90
-21
-98
-33
97
68
-31
-71
-11
56
31
-15
31
25
-48
-61
48
114
38
-99
-98
17
135
72
-74
-81
1
82
49
-95
-92
49
118
-11
-104
-55
66
106
-5
-126
-108
69
165
17
-155
-145
45
178
65
-120
-165
-19
99
79
4
-92
-66
-19
45
56
-1
-40
-41
-22
43
38
-10
-53
-31
24
38
7
10
3
-35
-30
59
84
36
-57
-32
36
38
14
13
-1
-33
-6
56
54
-29
-62
-39
59
121
19
-118
-102
53
148
51
-82
-78
41
77
-1
-44
14
54
55
-18
-50
16
49
22
20
6
-46
-22
58
109
43
-106
-108
93
210
60
-180
-160
112
283
124
-173
-219
3
217
157
-54
-110
-18
85
95
1
-40
-30
46
32
8
3
2
7
-3
-32
-3
44
56
-34
-97
-54
58
114
5
-99
-67
48
63
5
-15
-23
-29
-16
47
120
26
-147
-115
99
189
8
-179
-130
113
200
-5
-178
-62
104
113
-55
-151
-35
147
101
-87
-159
-49
135
134
-47
-176
-94
96
162
11
-165
-126
67
146
49
-142
-161
31
121
29
-68
-38
-5
-23
-41
12
54
1
-82
-62
63
71
-33
-58
-11
49
33
-39
-17
38
5
-37
8
97
83
-33
-118
-37
107
115
2
-107
-70
41
126
42
-61
-70
-56
42
128
56
-116
-158
50
177
74
-103
-139
54
149
5
-91
-48
74
94
-25
-88
-10
101
75
0
-81
-55
43
94
59
-30
-77
-34
107
134
17
-109
-104
58
154
109
-74
-122
-39
113
131
27
-90
-45
45
65
30
-15
-30
17
34
9
-38
4
46
29
-45
-55
43
103
-21
-151
-69
89
123
-13
-128
-61
71
107
8
-96
-89
27
130
50
-63
-76
-15
36
55
53
0
-93
-59
50
98
1
-69
-44
37
56
-32
-92
9
95
20
-81
-65
1
66
54
-32
-88
-78
35
126
47
-124
-157
12
157
107
-106
-194
-34
92
92
-20
-82
-47
-19
22
28
19
-13
-74
-54
14
78
24
-44
-36
-18
47
41
-8
-50
-25
28
55
58
-4
-41
-6
15
7
20
45
-16
-36
10
43
6
-48
2
-10
-31
45
88
10
-98
-93
64
143
10
-140
-82
102
124
-20
-114
-2
113
76
-79
-106
23
135
79
-57
-133
-12
121
138
-38
-166
-55
147
205
-6
-195
-111
65
210
123
-93
-140
-45
92
138
49
-47
-90
-4
69
87
25
-81
-55
41
61
23
-24
-17
6
-6
-10
-1
42
15
-86
-83
40
132
42
-123
-106
44
88
36
-75
-83
23
76
42
-26
-25
-3
-36
13
71
55
-47
-123
-32
118
114
-41
-129
-38
91
53
-80
-82
36
106
-17
-103
-61
50
120
18
-120
-144
10
182
110
-149
-209
-24
180
138
-79
-199
-89
94
119
25
-73
-113
-36
58
56
-35
-62
-22
19
24
-23
-37
21
36
-13
-56
0
79
50
-74
-97
47
158
49
-99
-97
19
101
51
-50
-47
27
44
-6
-27
17
36
-52
-74
62
129
6
-167
-100
101
175
25
-133
-97
53
111
9
-81
-32
98
90
-40
-97
-27
87
93
4
-108
-59
117
146
-5
-146
-94
103
219
48
-200
-170
110
252
84
-139
-114
21
88
65
19
-1
-16
-32
-1
75
74
-32
-70
9
76
37
-42
-67
15
41
17
-31
14
20
-41
-57
-4
60
38
-40
-60
-8
20
9
19
1
-48
-30
38
94
46
-96
-151
29
165
96
-111
-177
-21
157
90
-79
-100
21
75
-1
-100
-58
64
92
-25
-104
-65
46
93
19
-127
-128
45
151
61
-127
-182
-22
154
135
-60
-226
-98
111
105
-3
-74
-66
-47
7
32
31
-4
-58
-89
35
97
1
-80
-61
33
89
12
-61
-42
34
10
8
38
41
8
-62
-26
50
60
-11
-55
11
36
20
-15
-23
9
-8
-22
41
74
-25
-124
-57
103
145
-28
-150
-40
116
107
-76
-129
40
150
73
-103
-117
45
143
70
-66
-131
-23
138
135
2
-143
-119
90
225
84
-174
-179
45
231
148
-87
-183
-21
115
114
33
-39
-52
-12
49
74
44
-44
-66
1
69
59
-17
-74
-10
65
29
-43
-12
40
-22
-64
-46
69
78
-39
-99
-43
62
70
15
-86
-85
41
93
77
-15
-118
-97
63
161
55
-133
-132
31
138
55
-92
-91
29
90
-4
-104
-59
74
94
-37
-115
-51
70
104
-16
-119
-74
23
83
25
-43
-96
-64
25
121
63
-124
-186
-28
141
125
-36
-150
-107
45
106
23
-82
-87
-3
79
39
-62
-62
18
26
7
-33
5
61
5
-83
-40
114
145
-55
-167
-39
149
108
-44
-109
-32
86
74
-17
-69
-47
21
47
30
9
-34
-75
-23
79
102
-13
-123
-70
85
114
-19
-111
-12
124
91
-51
-135
2
126
99
-24
-132
-70
104
145
8
-136
-95
93
205
67
-151
-154
51
182
110
-49
-87
-50
19
78
103
35
-80
-80
47
128
45
-45
-62
5
49
18
-5
-2
-1
-23
-35
33
100
14
-129
-124
49
126
39
-94
-109
20
92
44
-40
-88
-29
49
71
40
-23
-100
-52
81
121
-14
-108
-73
56
95
19
-81
-66
63
90
-38
-157
-52
135
142
-57
-180
-77
95
145
24
-159
-171
22
190
104
-117
-220
-62
186
171
-54
-229
-127
83
159
33
-109
-115
-23
38
27
9
-28
-36
-21
-10
19
-4
-8
2
-5
-16
-5
47
41
-17
-109
-17
148
108
-96
-147
20
164
82
-93
-109
22
83
40
-55
-20
24
-9
-49
19
103
31
-122
-122
63
187
51
-179
-112
104
127
-38
-104
2
118
68
-88
-92
41
100
57
-36
-85
-26
55
109
55
-88
-108
40
149
114
-56
-167
-48
149
182
-8
-151
-71
94
98
46
-10
-56
-20
49
50
35
-22
-33
-18
55
54
-27
-53
1
33
-6
-20
37
40
-75
-108
8
108
59
-82
-125
5
105
60
-44
-105
-44
56
53
28
-16
-54
-54
28
103
55
-69
-137
-30
120
106
-49
-124
-27
82
61
-57
-102
-12
95
57
-81
-86
-17
69
68
-35
-138
-79
87
153
-9
-197
-153
107
215
24
-211
-197
66
179
68
-102
-129
-41
32
41
42
-30
-91
-45
30
64
4
-64
-35
21
34
-9
-6
26
3
-36
-46
68
116
15
-115
-107
79
143
29
-92
-97
-2
118
102
-39
-114
-54
48
92
35
-60
-89
-35
67
102
21
-100
-63
43
89
22
-63
-49
62
88
-40
-74
19
96
38
-30
-88
-43
105
133
30
-96
-113
28
163
119
-77
-190
-43
172
207
-2
-168
-85
65
117
91
-20
-73
-56
31
106
75
-58
-95
10
103
35
-74
-60
36
76
-15
-57
11
55
-43
-84
-42
48
86
15
-84
-99
4
99
59
-70
-125
7
126
69
-38
-77
-45
8
62
71
-8
-108
-93
72
123
-4
-99
-58
42
71
-21
-101
-16
92
32
-90
-88
28
95
45
-82
-135
-32
112
120
-40
-144
-107
66
143
49
-149
-195
-6
139
113
-26
-128
-72
-1
50
24
-26
-40
-54
-10
52
42
-28
-65
-14
48
31
-8
-25
16
8
-23
15
56
54
-26
-94
-17
108
107
-34
-133
-53
94
131
-18
-121
-64
46
90
79
-39
-115
-66
69
123
1
-92
-71
56
87
7
-70
-46
59
89
8
-82
-44
52
113
46
-103
-109
35
158
93
-103
-169
17
220
149
-104
-175
-53
130
199
46
-142
-106
24
104
96
22
-60
-69
5
98
73
-50
-83
14
81
38
-45
-65
43
62
-50
-78
38
132
-15
-193
-85
116
162
-25
-171
-91
105
123
-17
-113
-74
39
121
46
-56
-85
-52
49
109
56
-56
-121
-23
87
62
-30
-58
-22
43
40
-47
-83
-13
81
37
-59
-80
-36
69
106
-29
-150
-97
80
175
16
-189
-155
39
192
89
-147
-205
-17
136
93
-33
-107
-96
-12
68
49
-35
-55
-41
8
35
-10
-45
2
30
-4
-32
7
60
26
-94
-72
80
159
4
-133
-88
88
127
15
-87
-64
24
83
30
-41
-38
-15
-32
3
91
60
-90
-122
11
143
98
-109
-150
43
160
16
-106
-71
83
138
-11
-124
-55
95
116
-1
-135
-71
110
168
17
-143
-135
70
189
113
-76
-171
-47
168
195
-3
-163
-89
70
115
47
-7
-33
-8
4
38
53
-2
-52
-20
50
71
-14
-51
-17
28
8
-22
20
46
0
-82
-89
31
133
21
-120
-109
57
139
6
-112
-90
44
103
36
-38
-70
-45
37
92
65
-36
-122
-71
72
105
5
-103
-47
73
67
-75
-127
22
142
23
-121
-106
33
115
55
-100
-113
-18
68
106
2
-148
-139
34
189
82
-167
-202
-20
142
112
-37
-112
-75
-5
21
33
22
-39
-73
-21
52
30
-17
-40
-20
26
18
6
-9
-3
-23
-23
49
70
21
-25
-69
-14
52
68
-5
-67
-32
51
82
4
-71
-60
-14
56
80
16
-98
-96
40
128
41
-99
-98
45
125
11
-103
-38
83
110
-29
-133
-41
136
134
-12
-140
-108
78
186
66
-122
-150
21
178
139
-57
-133
-78
67
171
95
-68
-123
-60
67
141
60
-55
-89
15
81
62
12
-72
-49
46
79
24
-72
-45
38
34
-6
2
35
-43
-90
-40
52
96
4
-112
-59
16
65
44
-24
-104
-38
80
99
11
-92
-115
12
146
87
-68
-139
-39
95
110
-15
-92
-46
58
38
-42
-62
-18
72
35
-59
-41
-24
33
69
-6
-120
-79
73
125
13
-137
-123
13
138
65
-79
-150
-59
53
87
52
-30
-121
-97
18
107
62
-91
-118
6
96
36
-81
-67
-2
65
62
-28
-37
15
15
-73
0
132
91
-74
-140
-2
138
90
-48
-113
-36
96
90
-12
-82
-62
0
57
89
11
-96
-90
20
119
64
-70
-106
2
88
44
-51
-46
52
64
-12
-64
11
69
36
5
-21
-56
-12
79
106
-15
-151
-56
123
187
26
-174
-146
98
220
71
-126
-129
15
122
83
12
-34
-61
-17
82
95
16
-84
-88
63
101
-11
-62
-23
43
-1
-39
-3
69
8
-104
-103
43
137
12
-110
-100
36
106
27
-73
-81
10
60
43
41
-17
-102
-52
99
110
12
-98
-128
9
141
85
-87
-111
8
93
20
-82
-59
45
60
-27
-64
-38
8
68
47
-66
-142
-11
146
100
-106
-207
-50
173
168
-68
-236
-118
123
180
38
-162
-157
8
111
30
-57
-65
-12
8
19
26
-11
-41
-27
-4
44
49
-8
-26
-44
-59
68
134
10
-101
-54
60
70
-3
-50
-18
17
28
20
10
1
-44
-61
11
116
82
-101
-171
-15
197
151
-122
-198
-9
183
98
-106
-128
60
180
39
-163
-96
100
131
30
-95
-116
34
137
122
-44
-180
-71
146
205
15
-181
-127
74
207
95
-95
-129
-19
116
92
27
-33
-42
3
40
49
33
-21
-39
7
39
25
-11
-36
-5
13
-7
13
39
-12
-83
-56
29
85
26
-75
-109
21
124
65
-85
-129
-36
93
112
21
-82
-106
-20
121
129
-20
-179
-131
117
196
15
-158
-112
82
126
-3
-150
-100
100
136
-28
-142
-110
84
142
1
-164
-127
66
153
31
-140
-140
6
115
87
-36
-147
-107
50
65
35
-21
-79
-84
9
73
7
-57
-40
-27
4
25
7
-19
-12
11
0
-7
4
24
3
-81
-26
117
99
-42
-122
-33
85
91
0
-78
-44
63
81
-3
-55
-60
-25
27
82
54
-65
-117
-4
129
103
-80
-135
-7
110
86
-60
-96
29
116
46
-95
-77
61
80
52
-23
-99
-37
113
150
14
-176
-143
136
241
37
-190
-148
90
205
83
-74
-110
4
56
77
46
-16
-37
-25
52
67
11
-36
-32
43
39
-5
-45
-31
33
49
-12
-53
38
68
-60
-132
-20
130
114
-91
-167
-24
142
105
-80
-157
-32
133
130
-17
-97
-98
0
129
92
-36
-129
-95
71
134
28
-115
-101
42
107
-6
-107
-45
80
57
-58
-88
-34
52
78
3
-106
-119
2
120
100
-78
-173
-62
119
152
-21
-180
-106
16
109
61
-40
-88
-116
-28
104
108
-48
-146
-60
87
83
-51
-78
27
50
-1
-62
4
72
-6
-112
-19
145
126
-84
-149
-4
156
90
-75
-121
23
102
39
-37
-49
-17
-4
-5
59
60
-70
-103
2
130
89
-81
-130
-15
111
61
-50
-58
11
89
39
-63
-61
35
72
56
-26
-101
-36
95
118
18
-113
-103
57
180
95
-115
-179
14
190
143
-36
-137
-40
73
71
51
9
-48
-32
14
73
67
-30
-61
9
32
27
-7
-19
-10
2
2
24
63
-21
-116
-83
58
151
6
-133
-107
49
128
23
-114
-86
31
116
34
-44
-30
-9
-18
27
46
38
-51
-87
-13
78
94
-26
-104
-49
54
53
-43
-74
16
58
-3
-44
-65
8
83
23
-86
-120
-9
135
87
-67
-188
-88
111
162
8
-192
-155
70
161
55
-106
-125
-24
32
30
5
-26
-37
-54
20
56
-2
-42
-10
19
25
-24
-17
17
-2
-42
-12
76
91
-9
-118
-65
98
121
-13
-85
-51
61
78
22
-68
-71
15
47
49
30
-56
-103
-38
96
109
-2
-99
-78
67
73
-15
-54
-17
65
72
-41
-71
2
74
77
-2
-103
-44
69
140
56
-115
-149
32
226
131
-144
-210
-1
222
202
-62
-177
-60
98
112
45
-22
-42
-20
22
64
40
-30
-41
16
51
24
-28
-54
11
67
7
-48
16
36
-46
-72
-20
51
64
-15
-104
-52
48
78
33
-73
-103
15
110
64
-34
-99
-77
56
132
65
-98
-160
-17
130
116
-61
-138
4
71
19
-63
-84
39
62
12
-38
-82
-38
63
86
-36
-162
-66
126
145
-51
-206
-104
117
180
-1
-177
-167
31
135
62
-53
-103
-64
14
52
18
-25
-54
-55
-6
68
19
-41
-47
-5
54
29
-24
-8
-1
-38
-36
75
140
9
-149
-102
85
186
48
-146
-127
44
166
91
-115
-172
-29
132
153
17
-176
-139
49
182
86
-112
-120
17
100
57
-63
-76
30
104
44
-67
-64
28
61
70
-3
-84
-62
51
142
51
-98
-122
45
173
90
-100
-155
11
158
120
-23
-109
-66
33
100
86
-11
-81
-17
69
70
12
-40
-43
33
84
-9
-44
-20
22
0
-40
-18
75
70
-98
-164
-15
175
111
-114
-169
-24
134
98
-51
-127
-75
70
139
48
-68
-129
-55
93
141
17
-119
-115
2
125
80
-68
-102
-6
76
4
-85
-49
61
66
-41
-101
-33
53
92
9
-123
-101
8
94
94
-21
-171
-120
70
169
58
-142
-195
-20
134
108
-19
-142
-140
26
149
67
-115
-139
-5
100
47
-56
-46
11
11
23
-22
6
42
5
-86
-34
91
125
10
-118
-110
70
147
24
-89
-58
60
73
3
-31
-40
-55
-12
79
100
-32
-128
-76
92
138
15
-138
-75
86
105
-34
-95
3
96
52
-19
-53
-31
15
93
87
-90
-120
23
159
122
-104
-188
18
217
181
-104
-239
-56
208
206
-29
-173
-73
94
125
24
-45
-18
3
4
46
66
0
-79
-13
69
27
-37
-39
4
39
3
-29
25
51
-49
-122
-2
122
59
-105
-117
27
119
28
-87
-82
3
75
68
-23
-38
-18
-39
-2
74
90
-34
-120
-82
90
134
-32
-136
-8
110
37
-114
-87
66
109
-20
-108
-63
24
94
30
-84
-117
-13
110
115
-51
-171
-118
81
177
53
-155
-205
-5
155
103
-65
-145
-56
53
56
-9
-33
-44
-50
-9
48
41
-6
-42
-23
21
15
-4
14
6
-62
-51
85
137
-9
-133
-79
89
147
19
-109
-81
31
96
75
-49
-105
-42
42
75
57
-49
-115
-63
93
146
6
-129
-87
67
111
-14
-93
-19
104
96
-56
-123
-4
119
73
-32
-114
-28
82
126
36
-79
-136
-29
178
193
-41
-210
-96
152
227
28
-139
-123
41
125
83
5
-74
-34
25
72
46
-22
-39
13
47
18
-30
-25
18
27
-18
-20
39
43
-33
-103
-42
70
83
-21
-108
-62
59
100
18
-74
-71
-18
77
87
4
-76
-107
6
129
93
-49
-136
-67
88
121
1
-93
-63
42
53
-29
-87
6
78
6
-54
-56
-16
78
61
-75
-146
-28
135
125
-62
-182
-88
103
149
-11
-133
-105
-22
50
71
30
-77
-106
-83
60
109
-8
-83
-106
4
127
48
-76
-82
1
56
25
-31
-11
32
-30
-57
65
101
28
-117
-73
55
107
22
-69
-48
11
44
46
20
-32
-95
-60
85
144
-1
-195
-109
129
200
-8
-161
-74
68
89
-28
-61
11
92
39
-69
-50
45
58
28
-4
-71
-42
61
125
47
-94
-123
26
178
122
-87
-155
-46
108
185
66
-94
-156
-19
135
145
5
-89
-64
53
106
33
-82
-81
44
116
26
-91
-70
56
87
-41
-86
37
98
-25
-135
-67
95
122
-38
-133
-69
68
106
-3
-94
-74
19
88
74
-2
-100
-116
41
179
84
-122
-182
-10
180
105
-111
-144
24
108
28
-83
-78
27
88
2
-76
-61
4
58
62
-12
-115
-101
20
169
101
-160
-251
24
245
121
-155
-235
-31
135
105
-18
-124
-77
10
43
26
-9
-55
-52
5
55
20
-40
-25
24
22
-25
-58
27
68
-4
-91
12
122
81
-85
-144
17
143
93
-70
-104
-22
61
96
-2
-77
-54
-22
53
121
9
-145
-109
70
158
71
-122
-149
19
139
55
-87
-69
67
111
-14
-101
-47
80
112
45
-89
-119
10
150
122
-53
-184
-68
177
221
-12
-225
-156
143
285
58
-184
-146
48
125
81
16
-45
-63
-9
72
90
4
-72
-53
80
71
-39
-78
7
58
9
-66
-5
86
21
-133
-114
59
153
24
-158
-123
80
162
8
-157
-105
55
134
52
-53
-85
-52
41
93
64
-68
-116
-37
107
126
-18
-136
-70
87
116
-73
-167
-14
149
92
-95
-135
-40
117
118
-52
-149
-109
71
151
39
-136
-172
-11
162
153
-78
-240
-114
132
178
-12
-171
-94
32
61
2
-38
-31
-30
18
35
-10
-37
-11
16
3
-4
-21
13
43
-4
-73
-1
106
60
-70
-98
6
105
69
-7
-80
-64
57
102
32
-57
-109
-38
95
153
-5
-178
-121
88
200
29
-163
-116
52
129
16
-109
-29
110
120
-41
-142
-31
106
115
22
-119
-102
32
146
109
-58
-158
-42
131
187
-11
-174
-98
120
212
38
-135
-99
41
135
45
-45
-30
29
37
3
-6
47
24
-30
-27
13
39
37
-40
-59
1
45
65
-4
-93
-70
15
80
40
-36
-92
-34
50
58
20
-64
-82
7
85
66
-6
-70
-71
6
100
80
-45
-118
-69
71
119
0
-93
-30
66
24
-67
-77
28
75
-2
-84
-60
21
57
58
-40
-116
-73
52
109
35
-103
-135
-18
114
106
-65
-181
-80
86
95
0
-53
-71
-57
5
39
16
-18
-72
-51
26
64
10
-58
-62
15
47
-7
-8
-5
-14
-31
20
93
36
-75
-73
33
123
42
-107
-67
52
70
12
-36
-31
-21
-12
15
63
35
-54
-108
-19
122
102
-54
-122
-2
97
40
-62
-43
68
97
-40
-109
-11
96
89
-1
-75
-73
10
145
108
-66
-141
-63
145
196
4
-184
-131
91
219
103
-88
-132
-28
90
103
56
-25
-91
-18
79
89
17
-95
-32
91
68
-49
-90
15
80
37
-58
-50
53
53
-77
-133
11
159
56
-116
-129
29
110
19
-68
-46
6
40
31
55
3
-131
-77
109
161
14
-168
-104
74
132
6
-102
-43
32
26
-26
-44
-20
48
28
-46
-57
-17
20
57
47
-94
-149
7
146
97
-102
-195
-48
150
152
-58
-209
-116
70
119
46
-75
-130
-49
52
65
18
-51
-67
-51
31
60
25
-23
-63
-48
22
68
35
-35
-43
-38
25
118
77
-49
-129
-52
110
135
0
-150
-79
92
159
6
-142
-102
43
98
69
-34
-86
-46
5
82
75
-44
-94
-21
87
58
-45
-55
51
90
1
-82
-32
39
61
45
-37
-83
5
110
108
-16
-128
-89
71
175
72
-104
-184
9
229
168
-81
-168
-38
100
93
38
-31
-44
-23
24
86
59
-39
-83
3
68
25
-36
-39
14
24
3
-5
6
3
-59
-50
10
57
45
-62
-69
-2
65
29
-43
-62
-23
52
86
19
-54
-97
-38
114
119
-24
-135
-85
68
130
40
-99
-107
20
108
26
-108
-93
49
98
-1
-79
-86
7
117
54
-90
-140
-43
119
152
-32
-215
-133
96
204
32
-207
-189
49
192
76
-129
-154
-7
98
35
-42
-75
-22
20
6
7
-9
7
12
-37
-29
37
70
14
-91
-91
56
175
62
-108
-111
-5
134
109
-47
-147
-47
118
130
-4
-122
-93
10
95
95
-16
-112
-108
42
155
72
-85
-126
-3
116
41
-68
-51
58
83
18
-70
-34
36
36
51
-1
-95
-76
133
201
-7
-232
-118
159
233
21
-180
-122
82
188
80
-92
-100
10
69
30
27
26
-2
-27
-32
67
108
-20
-94
-33
76
42
-30
-28
12
17
-43
-4
82
49
-117
-137
17
153
72
-122
-150
13
134
64
-51
-107
-56
62
111
26
-77
-98
-18
111
128
-44
-166
-73
103
140
3
-140
-74
102
102
-74
-148
-23
117
74
-75
-123
-19
89
101
-13
-154
-101
36
145
77
-84
-189
-73
149
158
-65
-227
-102
107
121
15
-76
-103
-49
17
63
40
-42
-106
-40
62
79
-46
-88
-5
70
35
-58
-35
63
40
-55
-55
77
107
-7
-119
-63
111
129
-36
-116
-51
77
110
26
-80
-99
-26
78
118
30
-127
-127
29
153
98
-77
-132
-26
107
83
-42
-87
9
121
68
-98
-110
58
174
32
-115
-110
26
133
91
-9
-92
-93
53
167
99
-95
-165
-23
168
188
-18
-174
-68
101
127
20
-46
-43
18
59
24
18
-14
-5
1
-4
38
20
-51
-23
32
16
-22
23
21
-66
-98
12
124
61
-112
-135
9
145
77
-89
-153
-7
125
88
-21
-103
-71
10
108
89
-31
-128
-69
76
107
2
-101
-41
86
45
-86
-117
23
128
24
-107
-62
0
50
65
1
-93
-95
-8
72
93
-29
-146
-121
69
179
33
-173
-199
29
174
101
-84
-164
-82
52
82
25
-63
-48
-19
27
16
-3
-20
-28
0
51
-6
-27
16
3
-53
-6
100
84
-41
-121
-29
118
134
-29
-142
-55
84
131
14
-104
-71
1
33
78
51
-67
-124
-27
134
134
-58
-159
-56
107
119
-18
-123
-25
152
103
-104
-130
44
134
69
-58
-128
-42
106
181
40
-163
-165
80
234
98
-142
-188
21
227
138
-70
-158
-56
115
113
22
-76
-33
59
60
10
-22
-27
23
45
-3
-30
-18
20
33
-12
-35
-8
56
29
-81
-108
15
115
66
-99
-126
22
119
36
-101
-88
6
99
40
-7
-28
-47
-49
51
107
38
-92
-110
3
107
71
-66
-74
13
43
-5
-36
-29
19
17
-16
-8
-50
-53
60
85
-44
-158
-66
134
161
-44
-232
-117
117
186
27
-176
-190
1
155
94
-71
-105
-60
0
43
47
-17
-92
-50
52
61
-27
-68
-19
46
37
-44
-10
44
2
-61
-42
90
124
-12
-112
-50
88
84
2
-83
-65
33
106
57
-62
-113
-30
67
72
56
-61
-124
-33
113
105
-46
-105
-37
72
59
-36
-66
12
100
49
-55
-92
10
102
78
-34
-109
-53
85
143
48
-119
-134
47
192
100
-102
-160
-24
185
155
-54
-142
-33
91
75
19
21
-2
-55
-8
44
73
25
-25
-44
-2
64
28
-36
-26
-10
0
30
54
15
-107
-99
8
123
92
-59
-137
-68
75
151
-5
-158
-94
67
144
63
-72
-130
-54
96
152
8
-124
-128
33
139
61
-98
-98
20
88
1
-104
-45
75
73
-18
-96
-60
31
91
42
-91
-129
-33
111
120
-18
-155
-128
41
138
74
-100
-201
-42
139
138
-44
-167
-87
30
59
53
-13
-86
-92
23
101
30
-92
-79
37
71
-3
-66
5
42
0
-61
2
102
83
-56
-129
16
151
62
-114
-115
45
143
49
-90
-84
-44
38
91
51
-35
-104
-45
50
126
31
-98
-99
16
113
19
-60
-28
55
66
-25
-48
1
34
65
29
-91
-71
56
135
87
-91
-153
-6
169
134
-46
-172
-81
169
216
-1
-161
-112
74
130
59
-23
-43
1
49
35
15
-6
-33
12
33
17
-12
-24
-1
24
2
-40
18
78
-27
-140
-73
118
130
-67
-162
-30
106
78
-32
-102
-60
55
93
52
-63
-87
-51
58
119
16
-95
-88
8
102
57
-59
-90
8
65
14
-85
-71
48
74
2
-62
-83
-3
73
87
-48
-176
-75
126
166
4
-212
-161
96
206
34
-161
-171
-16
128
101
-44
-127
-62
53
65
-16
-70
-28
27
14
-21
-24
0
3
19
4
-28
-2
46
16
-71
-68
90
133
14
-88
-102
29
140
48
-90
-95
37
110
66
-48
-97
-62
41
108
80
-67
-145
-43
121
106
-5
-99
-38
45
59
-5
-56
-1
84
61
-45
-86
18
78
58
-1
-90
-54
43
137
78
-94
-135
-11
176
137
-67
-176
-60
160
199
15
-147
-118
46
109
81
10
-51
-40
21
40
63
17
-50
-37
12
19
38
11
-1
-34
-37
16
74
28
-83
-115
-25
97
99
-60
-119
-31
79
73
-33
-93
-54
46
78
68
-26
-103
-82
49
139
56
-98
-144
10
134
77
-83
-104
17
108
14
-137
-100
83
155
12
-140
-122
6
146
91
-107
-193
-28
145
127
-43
-172
-131
90
183
34
-149
-158
-15
100
73
-19
-88
-67
-18
30
59
0
-59
-45
-28
28
37
0
-14
-21
-23
-1
40
34
-28
-69
-37
101
122
-23
-104
-53
68
95
4
-65
-67
20
89
64
-24
-75
-74
-23
73
131
17
-160
-127
76
181
62
-118
-123
15
97
50
-43
-57
40
74
9
-29
-52
-3
93
91
-56
-146
6
174
127
-89
-184
-34
175
186
-40
-180
-71
147
167
11
-104
-62
33
51
38
43
20
-30
-30
28
99
4
-99
-23
93
65
-51
-72
11
82
10
-73
-30
78
37
-90
-96
26
139
24
-134
-123
60
163
42
-138
-119
51
126
52
-47
-89
-74
46
145
77
-82
-150
-53
130
126
-46
-117
-20
79
29
-79
-88
46
90
-17
-82
-48
15
64
43
-51
-101
-35
61
84
13
-89
-115
-33
89
97
-32
-165
-107
50
138
50
-105
-125
-35
69
76
-34
-80
-49
13
47
1
-71
-11
56
13
-50
-54
30
88
-13
-95
-10
108
88
-48
-142
2
133
87
-61
-112
-32
107
99
-34
-110
-71
44
105
60
-63
-123
-43
69
141
23
-122
-96
34
129
40
-88
-79
71
133
-22
-121
-42
78
110
23
-100
-97
49
158
92
-56
-164
-62
156
196
-18
-181
-129
115
243
76
-148
-125
16
132
73
0
-38
-8
21
23
39
5
-17
-23
17
35
9
-14
-17
8
-3
-18
11
67
-31
-89
-51
60
87
-12
-99
-73
29
105
56
-102
-129
25
132
100
-56
-144
-61
99
141
5
-94
-94
-2
78
61
-37
-43
16
29
-27
-58
-38
31
69
-6
-64
-77
-15
72
85
-15
-122
-125
34
149
88
-106
-196
-56
155
157
-30
-222
-150
77
170
56
-124
-150
-15
106
56
-64
-84
-22
36
32
-13
-39
4
38
4
-56
-35
63
69
-70
-108
39
178
79
-131
-163
32
184
118
-99
-166
-46
139
159
-32
-152
-97
57
134
91
-66
-183
-65
122
151
3
-125
-101
44
106
40
-66
-47
55
74
5
-81
-42
62
97
35
-87
-95
23
129
122
-27
-162
-81
146
188
21
-167
-153
91
222
88
-116
-126
8
100
89
27
-35
-20
-9
22
20
25
20
-16
-1
-1
-2
-7
11
10
-14
-27
13
86
-1
-151
-110
103
176
-21
-169
-84
89
119
-4
-113
-96
24
116
68
-21
-64
-84
-4
90
115
-25
-130
-100
79
136
-18
-100
-22
59
10
-58
-55
19
71
29
-53
-104
-33
90
112
-23
-158
-109
56
172
71
-159
-219
-3
205
159
-112
-240
-80
137
106
-32
-74
-52
-26
-3
26
34
8
-61
-96
4
87
10
-42
-34
12
19
-17
21
26
-32
-74
22
155
62
-104
-130
51
149
56
-99
-138
36
137
69
-54
-102
-27
35
52
74
-3
-139
-108
75
185
46
-145
-136
46
150
30
-109
-50
109
124
-46
-159
-26
136
116
-23
-90
-78
34
125
98
-19
-143
-95
104
194
49
-142
-158
54
230
113
-117
-158
17
117
69
8
-15
-16
-3
8
22
59
19
-33
-17
12
9
-10
8
23
-29
-64
13
122
11
-149
-114
80
154
6
-160
-92
81
130
10
-124
-96
35
106
83
-54
-102
-72
45
124
60
-71
-106
-32
72
85
-16
-83
-25
42
30
-37
-75
-1
75
39
-57
-72
-32
43
99
-9
-122
-102
43
115
43
-96
-134
-37
114
113
-52
-159
-93
49
111
8
-81
-58
-20
11
-12
-3
36
-16
-80
-62
72
101
-21
-130
-69
92
91
-22
-72
-49
0
53
88
42
-57
-87
0
85
76
7
-98
-98
75
147
33
-126
-118
23
145
85
-61
-149
-58
75
128
41
-98
-76
30
82
-6
-48
1
63
52
-26
-59
-4
54
50
24
-32
-65
-3
91
106
0
-115
-85
78
181
76
-125
-154
10
192
184
-50
-190
-80
120
153
15
-84
-37
51
54
18
-13
-8
12
9
4
-6
20
-1
14
13
-46
-11
55
33
-80
-102
-4
123
77
-87
-134
-30
126
108
-54
-167
-73
159
172
-36
-175
-85
63
128
46
-73
-86
-34
49
69
2
-61
-28
43
11
-42
-45
-3
50
32
-43
-63
-24
8
74
41
-59
-136
-51
115
144
-57
-231
-108
154
212
-27
-250
-173
100
184
36
-121
-99
-31
14
50
10
-44
-63
-43
57
76
-7
-98
-67
76
79
-31
-66
4
59
-17
-53
61
97
-16
-101
-45
88
124
-5
-116
-79
76
126
29
-103
-96
-30
68
123
37
-109
-125
18
137
87
-70
-125
-13
113
62
-64
-62
26
105
38
-91
-62
66
107
37
-80
-101
-5
117
127
-7
-136
-100
85
181
73
-125
-171
4
209
177
-67
-180
-74
100
156
65
-83
-111
6
125
81
-26
-78
-11
68
50
-43
-78
23
75
-22
-71
-12
114
73
-139
-172
39
178
76
-158
-165
50
169
65
-145
-139
20
153
98
-53
-96
-57
21
99
80
-32
-112
-82
57
131
34
-121
-96
71
123
-44
-162
-42
150
147
-95
-182
-64
115
142
-12
-164
-139
37
193
118
-135
-256
-52
203
183
-70
-223
-137
79
160
10
-88
-62
-24
-12
8
24
0
-46
-48
9
50
6
-31
-34
0
37
2
-6
43
1
-90
-52
108
147
-3
-145
-93
104
161
7
-154
-107
109
147
12
-99
-88
-14
53
91
56
-96
-144
-5
175
140
-83
-192
-55
155
109
-61
-127
20
158
53
-109
-105
51
134
63
-93
-104
-6
119
136
-4
-156
-120
71
223
92
-137
-199
11
234
158
-83
-157
-33
92
86
14
-12
1
-20
-9
46
60
6
-58
8
32
27
-14
-42
31
30
-36
-29
52
26
-71
-92
11
104
58
-85
-117
-15
116
80
-60
-96
-45
84
94
14
-51
-96
-34
95
96
-4
-111
-86
74
117
13
-98
-62
61
77
-55
-138
-12
130
76
-76
-130
-42
90
120
-11
-145
-133
31
179
61
-123
-171
-27
137
125
-37
-175
-144
40
128
56
-51
-89
-53
4
36
6
-12
-36
-40
-6
36
-3
-24
-2
-10
-6
7
13
26
-27
-49
15
97
58
-53
-75
2
82
40
-18
-52
-15
37
64
11
-66
-57
11
29
59
30
-70
-113
-9
128
119
-61
-137
-23
123
68
-84
-102
54
149
30
-117
-86
43
113
71
-23
-122
-71
80
187
78
-168
-162
49
234
135
-141
-194
-10
195
169
-42
-150
-55
92
113
18
-43
-15
25
22
23
40
-34
-26
35
32
-28
-41
15
56
15
-59
-35
50
42
-68
-92
15
93
48
-76
-111
-7
102
66
-71
-114
-24
119
105
-27
-110
-61
14
91
100
0
-122
-104
50
112
27
-83
-64
25
58
-15
-58
-45
47
58
-19
-85
-50
27
74
46
-85
-119
-31
91
86
-29
-123
-108
55
132
46
-99
-187
-44
99
115
6
-101
-99
-34
64
52
-31
-63
-59
14
66
15
-58
-46
12
45
12
-6
3
11
-37
-35
61
95
8
-82
-58
55
117
9
-88
-55
50
80
31
-53
-77
-45
43
111
61
-86
-133
-5
130
94
-57
-115
-6
90
65
-54
-70
24
86
41
-40
-67
-21
60
112
30
-118
-127
53
194
103
-110
-200
-4
227
177
-101
-232
-42
201
215
-35
-188
-61
107
113
19
-42
-9
26
28
-3
7
24
-3
-25
18
21
-10
-21
5
21
-16
-29
43
57
-66
-128
2
132
63
-113
-125
14
140
56
-92
-116
-1
75
63
37
-35
-94
-61
68
139
50
-105
-155
-14
148
94
-82
-136
9
129
14
-127
-101
81
123
-11
-104
-91
28
91
81
-55
-173
-82
128
175
-35
-225
-140
121
224
29
-214
-200
30
188
81
-87
-117
-57
13
59
16
-69
-47
24
23
-8
-37
-34
-2
37
28
-22
-23
19
5
-16
-9
40
43
14
-32
-40
31
56
49
-40
-79
-26
70
116
-7
-131
-109
56
162
88
-120
-183
-14
150
141
-31
-146
-71
77
102
-12
-71
-17
67
61
-27
-68
-8
45
108
52
-118
-140
42
218
116
-154
-203
7
245
181
-87
-234
-56
194
198
-13
-156
-84
58
136
50
-40
-19
11
17
-9
25
42
-3
-10
7
17
-1
-15
-4
13
-4
-5
22
20
-38
-81
-31
55
83
4
-91
-96
28
148
45
-123
-125
43
132
75
-53
-116
-64
65
142
43
-101
-127
-3
117
86
-47
-94
-14
81
27
-80
-83
22
115
16
-97
-99
8
112
78
-90
-163
-30
131
134
-31
-192
-123
69
162
29
-139
-145
-11
85
99
3
-110
-100
-21
52
42
-18
-58
-48
-2
43
-10
-38
3
36
-4
-54
-24
81
82
-99
-138
56
196
71
-145
-175
44
208
95
-131
-170
24
178
102
-60
-178
-86
72
154
82
-119
-214
-34
195
173
-63
-181
-56
128
84
-56
-94
18
128
60
-87
-100
39
102
60
-29
-79
-61
54
153
91
-116
-155
29
165
117
-40
-142
-63
114
169
59
-114
-143
12
146
111
-24
-78
-7
47
54
-11
-10
4
20
27
-15
-22
-1
43
28
-56
-65
74
101
-49
-152
-58
96
129
-13
-167
-87
119
149
-25
-169
-101
118
163
16
-113
-95
-4
91
101
3
-97
-80
21
87
39
-53
-74
20
33
-15
-17
-50
-15
55
43
-54
-117
-27
119
95
-55
-147
-99
62
165
43
-166
-189
24
202
105
-127
-218
-55
151
130
-47
-156
-75
62
61
-43
-61
8
23
-32
-44
1
42
39
-29
-58
-3
55
66
-17
-112
-49
105
148
11
-131
-112
62
168
68
-113
-161
19
179
109
-94
-154
-48
90
109
32
-92
-116
7
92
108
-39
-102
-19
81
45
-52
-54
43
79
35
-51
-86
10
71
76
17
-68
-77
12
133
113
-46
-171
-70
149
212
13
-206
-157
121
264
95
-157
-185
17
165
103
-37
-70
2
25
24
30
27
-13
-11
6
17
-7
-24
18
36
-29
-55
34
95
-28
-143
-74
96
137
-38
-178
-72
134
128
-54
-134
-97
69
148
82
-74
-150
-75
97
174
30
-139
-156
30
174
79
-132
-150
63
160
3
-165
-125
99
168
-21
-168
-86
52
142
27
-99
-115
-44
73
120
31
-139
-166
-11
158
129
-84
-206
-73
100
119
8
-95
-83
-18
-3
19
53
-6
-77
-74
34
69
10
-65
-54
33
69
-11
-26
5
-11
-22
38
82
39
-62
-92
16
117
76
-58
-127
-29
119
152
-4
-205
-130
101
193
50
-107
-162
-37
121
135
-10
-139
-76
80
96
3
-81
-24
70
88
-11
-83
-34
46
94
49
-79
-118
10
149
137
-68
-167
-47
165
178
3
-170
-127
66
223
113
-89
-136
-35
91
128
44
-69
-80
23
88
52
-32
-54
26
58
-14
-55
-20
38
51
-23
-53
5
76
4
-119
-95
55
149
9
-152
-99
78
144
7
-126
-104
31
123
72
-40
-82
-51
13
90
93
-42
-142
-73
93
133
-6
-109
-46
54
41
-57
-78
7
98
19
-83
-86
-6
86
91
-27
-150
-124
49
200
92
-169
-226
0
184
101
-90
-188
-89
86
133
30
-89
-126
-62
62
108
9
-124
-90
38
83
-1
-94
-43
75
65
-46
-60
26
59
-19
-65
-8
87
64
-42
-102
-7
133
95
-53
-156
-31
135
124
-20
-172
-94
68
123
80
-61
-148
-67
81
164
31
-144
-134
57
178
13
-122
-59
98
115
-7
-115
-61
92
123
29
-101
-106
25
154
137
-42
-192
-83
145
201
27
-167
-154
76
233
118
-117
-162
-14
139
109
-7
-59
-41
49
72
11
-58
-34
67
90
-17
-103
-39
82
91
-34
-105
-16
101
42
-132
-104
67
166
30
-178
-151
80
181
32
-150
-145
39
166
101
-59
-139
-85
62
160
82
-112
-169
-14
147
101
-64
-148
-18
124
52
-97
-116
8
118
59
-74
-133
-40
106
107
-10
-155
-141
44
203
90
-165
-240
-6
214
140
-106
-221
-97
129
149
-2
-135
-98
11
48
19
-33
-54
-22
21
9
-42
-26
59
45
-41
-61
-14
74
63
-86
-99
49
159
69
-105
-142
9
165
105
-79
-119
-31
84
114
15
-103
-124
1
114
129
0
-160
-139
56
183
88
-104
-153
-6
132
82
-52
-97
23
123
25
-104
-73
83
139
43
-114
-129
6
173
162
-50
-216
-93
167
250
24
-242
-178
138
285
77
-199
-172
60
184
93
-76
-73
50
63
-27
-66
45
92
24
-58
-54
-3
55
38
-24
-41
-32
38
87
-28
-122
-87
62
135
13
-135
-106
47
132
39
-106
-126
23
117
92
-25
-121
-77
41
118
69
-51
-110
-58
75
121
-16
-89
-47
39
43
-19
-83
-31
67
75
-42
-139
-65
92
141
16
-185
-154
69
203
79
-187
-215
18
186
105
-85
-184
-81
90
114
15
-88
-101
-18
42
48
-14
-29
-28
-47
3
19
2
12
10
-17
-13
-35
50
49
-32
-77
15
109
79
-32
-103
-42
85
101
11
-111
-78
59
127
30
-99
-104
-6
107
95
-22
-118
-99
61
144
46
-92
-117
1
97
66
-49
-63
43
113
15
-109
-68
54
121
48
-80
-111
15
149
100
-64
-156
-72
136
177
27
-132
-127
19
184
153
-56
-143
-43
70
60
42
37
-30
-46
-9
56
75
-9
-40
7
6
2
7
-17
18
-8
-41
-5
81
20
-114
-92
53
138
15
-136
-106
25
158
53
-125
-128
28
137
85
-68
-90
-52
28
100
56
-29
-87
-55
36
80
28
-50
-62
27
53
-32
-69
-23
81
44
-58
-79
-33
51
90
6
-117
-128
22
163
104
-123
-230
-50
192
147
-55
-208
-119
82
127
16
-90
-77
-18
-4
36
12
-28
-57
-24
14
32
-2
-33
-1
18
2
-36
5
50
3
-74
-24
104
97
-49
-106
-12
110
82
-27
-102
-42
75
106
-8
-95
-76
10
77
76
15
-110
-94
39
114
71
-48
-108
-43
93
84
-53
-76
37
94
39
-60
-75
37
86
64
-31
-111
-53
103
166
22
-141
-147
55
235
123
-138
-221
-8
240
203
-88
-184
-48
103
111
29
-15
-13
-2
-7
19
33
13
-18
15
26
-2
-27
-19
25
47
-45
-53
35
82
-38
-137
-45
124
109
-65
-183
-42
140
117
-66
-171
-32
126
103
-19
-82
-73
-5
84
112
0
-130
-108
69
138
-3
-111
-17
74
27
-76
-86
8
95
49
-58
-94
-50
43
95
34
-78
-150
-55
119
160
-20
-228
-162
114
252
31
-265
-194
91
198
47
-153
-133
1
91
49
-56
-76
-22
1
20
15
-29
-41
34
48
-10
-63
-21
67
37
-83
-72
93
126
14
-127
-93
96
154
14
-121
-92
45
157
79
-103
-152
-49
112
167
24
-154
-169
22
177
119
-69
-160
-37
132
101
-56
-100
10
103
81
-54
-111
-28
109
142
-12
-135
-101
88
189
58
-151
-179
53
244
144
-132
-241
-35
247
245
-56
-217
-88
125
157
35
-85
-56
54
63
-3
4
-18
2
28
3
0
-27
-1
32
30
-28
-52
42
37
-79
-84
11
97
56
-52
-109
-48
72
90
-2
-114
-82
66
139
46
-109
-115
-10
136
120
-24
-149
-120
77
165
21
-136
-106
85
144
-23
-182
-88
136
135
-48
-141
-86
83
154
29
-178
-182
44
210
123
-148
-248
-94
178
221
2
-216
-190
44
180
54
-104
-128
4
44
7
-22
-23
2
-20
-22
5
-23
-8
44
25
-32
-47
12
67
-6
-90
-31
118
105
-21
-124
-59
109
120
-15
-102
-69
39
92
56
-53
-116
-56
72
141
63
-119
-186
-10
197
150
-82
-206
-34
163
108
-109
-126
70
168
34
-155
-109
75
139
55
-70
-99
-3
90
113
26
-122
-131
52
210
103
-111
-185
-6
192
136
-37
-111
-42
36
91
69
0
-62
-29
45
71
19
-23
-34
28
33
-7
-30
-2
42
21
-64
-63
76
109
-79
-154
-15
130
94
-81
-119
-21
105
108
-30
-164
-67
107
139
-1
-111
-87
1
119
117
-35
-147
-68
75
129
22
-100
-77
58
78
-56
-121
-4
102
80
-58
-119
-55
61
109
10
-95
-116
-35
84
126
2
-191
-143
68
200
71
-178
-188
-8
141
95
-56
-107
-66
-19
51
62
-12
-93
-53
5
59
24
-61
-26
37
17
-45
-19
56
20
-49
-40
68
100
-15
-108
-43
100
99
-17
-93
-63
38
105
94
-75
-152
-57
104
158
27
-164
-151
50
200
82
-124
-141
6
117
65
-63
-82
38
112
36
-69
-72
21
75
55
-12
-72
-63
28
139
105
-80
-151
-48
167
208
-47
-242
-105
219
255
-22
-227
-88
136
122
-28
-38
18
49
15
-43
7
67
59
-44
-75
-20
72
78
-7
-75
-68
42
121
26
-135
-131
40
161
54
-126
-140
36
122
61
-95
-106
-11
71
90
11
-47
-63
-54
49
118
50
-99
-133
7
139
80
-81
-106
11
74
12
-80
-56
50
64
-24
-87
-50
28
71
52
-50
-134
-67
78
125
5
-160
-133
45
167
78
-129
-203
-44
130
122
-29
-125
-42
13
-6
-4
-11
4
-32
-54
8
53
30
-35
-64
-3
47
22
-1
-20
-37
-12
98
94
-20
-88
-41
48
96
41
-64
-85
3
112
74
-59
-119
-59
89
110
33
-83
-110
-7
81
94
-5
-85
-55
35
43
7
-13
35
50
-14
-67
-6
51
48
34
6
-58
-91
17
157
106
-80
-190
-32
184
188
-23
-198
-128
135
256
47
-164
-140
50
152
67
-67
-55
35
64
3
-21
23
15
-22
-21
0
25
28
-6
-3
-29
-5
53
18
-70
-101
-5
88
74
-36
-109
-79
69
114
7
-113
-102
39
151
80
-91
-144
-32
91
128
23
-110
-138
15
152
97
-90
-146
0
114
26
-101
-81
37
85
27
-60
-115
-51
75
142
-25
-212
-122
130
234
27
-259
-217
81
254
80
-167
-209
-32
130
84
-15
-61
-65
-50
2
49
37
-45
-69
-41
36
40
13
-17
-14
11
-5
-23
18
40
-26
-56
53
84
28
-57
-89
33
117
77
-64
-132
-17
123
104
-43
-122
-72
56
137
59
-106
-159
-11
157
125
-50
-167
-37
123
103
-50
-115
16
118
66
-68
-98
6
91
83
-3
-95
-76
66
153
82
-96
-145
-28
161
178
-23
-185
-103
120
197
64
-109
-133
1
126
99
9
-61
-49
30
70
34
-10
-29
4
36
6
-35
-22
37
49
-28
-73
41
92
-43
-124
-41
94
118
-47
-166
-55
113
128
-31
-157
-69
91
124
7
-103
-71
32
69
48
-5
-52
-79
-3
88
42
-60
-65
28
76
-24
-111
-56
80
97
-26
-100
-77
-5
94
79
-23
-140
-118
64
171
48
-164
-198
26
214
118
-138
-229
-77
121
150
-16
-131
-99
1
59
45
-31
-92
-31
65
30
-66
-38
56
44
-22
-82
-14
109
58
-116
-126
91
208
23
-170
-110
70
164
36
-113
-125
24
172
89
-122
-164
14
104
50
20
-45
-87
-61
66
126
40
-99
-118
38
133
21
-115
-41
121
86
-67
-106
20
135
81
-44
-113
-55
54
127
85
-50
-149
-52
145
195
-4
-183
-113
116
208
64
-132
-120
25
125
76
-26
-45
12
41
6
6
11
10
23
-2
-34
-13
29
47
5
-69
-36
59
110
-54
-171
-53
128
130
-59
-166
-56
113
120
-20
-161
-100
89
158
36
-83
-100
-35
74
121
36
-80
-131
-8
126
57
-70
-86
36
75
-14
-112
-29
74
73
-43
-108
-38
38
58
45
-37
-102
-101
30
161
84
-148
-216
-15
194
163
-101
-255
-104
135
181
-12
-162
-94
33
53
-11
-38
-13
12
-14
-5
-4
-17
7
42
-30
-59
-5
53
45
-61
-51
60
125
18
-107
-86
49
128
42
-106
-101
49
132
84
-91
-147
-33
97
96
30
-82
-108
-11
86
105
0
-91
-75
39
100
11
-65
-30
43
76
6
-47
-40
12
98
67
-65
-125
1
162
131
-58
-194
-67
167
219
-2
-221
-150
122
263
80
-180
-147
60
143
57
-44
-56
35
69
-8
-19
1
34
39
-14
-27
-20
17
24
4
-22
-15
16
38
-30
-82
-33
13
63
19
-63
-62
5
71
34
-47
-99
-24
97
130
-5
-117
-112
13
145
92
-68
-153
-41
102
101
-10
-101
-51
60
50
-46
-103
0
80
47
-36
-108
-68
83
143
18
-182
-174
51
233
92
-179
-227
-29
225
165
-115
-253
-95
143
166
-3
-146
-86
14
27
6
-18
4
-11
-58
-9
53
25
-16
-64
3
28
-4
6
28
-38
-56
51
102
44
-74
-92
32
117
60
-39
-97
-53
69
132
34
-134
-134
27
147
98
-37
-156
-81
71
135
53
-89
-109
8
85
45
-21
-15
18
29
9
-13
-20
6
31
50
12
-83
-85
99
187
11
-195
-137
150
259
27
-217
-163
85
233
105
-126
-138
-3
115
111
18
-63
-53
30
70
54
-22
-80
25
78
25
-56
-62
35
81
-10
-80
-18
79
17
-84
-90
25
143
42
-148
-150
61
201
40
-168
-162
54
210
78
-110
-152
-32
110
133
12
-122
-122
9
141
89
-75
-132
8
126
33
-104
-102
41
108
4
-95
-92
5
98
71
-43
-135
-80
36
117
102
-90
-215
-82
159
210
-15
-276
-219
108
276
70
-200
-188
38
122
35
-83
-82
9
56
15
-46
-35
20
22
-19
-13
9
21
7
-30
-38
23
90
36
-43
-83
-6
76
75
-11
-88
-45
57
107
12
-85
-82
-14
81
128
-4
-171
-114
84
171
63
-121
-150
18
149
58
-89
-93
72
154
-10
-132
-60
91
141
34
-119
-141
31
193
117
-72
-163
-70
127
204
35
-165
-162
64
236
130
-94
-176
-24
142
115
-29
-72
-16
75
65
-35
-46
10
67
24
-37
-49
17
77
33
-74
-86
56
127
-22
-174
-95
100
159
9
-166
-130
76
170
30
-154
-111
37
133
100
-75
-131
-22
70
94
18
-56
-76
-32
47
60
25
-49
-15
17
-14
-32
-15
25
18
-24
-45
-32
-2
43
31
1
-87
-93
8
108
84
-75
-178
-51
136
162
-39
-256
-155
133
197
32
-142
-134
-17
78
31
-49
-33
4
34
-3
-71
-46
40
86
4
-74
-73
33
80
12
-75
-19
94
74
-27
-78
-44
60
83
23
-77
-65
42
115
38
-82
-134
-38
128
141
-13
-170
-117
83
159
77
-106
-131
-3
98
51
-28
-52
21
58
16
-22
-20
-14
62
106
-34
-135
-73
143
197
-3
-213
-141
160
280
30
-249
-170
114
264
98
-144
-152
26
111
81
6
-40
-13
28
34
6
-13
-11
15
40
12
-36
-28
4
45
7
-45
-6
72
-18
-102
-63
59
98
3
-107
-95
49
128
21
-116
-109
53
122
59
-61
-83
-27
11
66
93
-19
-128
-90
76
141
5
-131
-51
84
57
-62
-97
21
92
24
-72
-86
-20
55
81
2
-93
-113
-14
137
100
-104
-157
-41
104
101
-39
-132
-91
27
82
57
-26
-74
-78
-49
53
73
0
-68
-57
10
42
-20
-44
8
41
6
-65
-24
85
37
-105
-40
121
128
-51
-150
-37
130
151
-36
-170
-53
122
135
-17
-135
-80
23
71
72
22
-84
-135
2
174
115
-117
-169
15
171
66
-128
-115
83
174
15
-151
-88
64
137
70
-71
-142
-28
154
154
-40
-154
-92
107
186
51
-120
-156
19
192
136
-52
-139
-53
83
104
19
-28
1
8
-24
12
64
34
-21
-32
2
26
-2
-33
16
41
-14
-51
44
50
-74
-115
7
128
72
-108
-141
19
166
51
-117
-138
-20
161
120
-41
-113
-64
5
86
112
-4
-125
-97
46
147
55
-113
-104
64
102
-45
-123
-3
118
39
-93
-90
-4
82
58
-30
-103
-86
6
107
112
-65
-197
-86
139
170
-22
-197
-164
49
165
62
-110
-150
-24
60
48
-10
-52
-53
-3
56
26
-60
-66
26
61
17
-69
-34
59
46
-70
-68
96
135
-24
-164
-76
153
163
-24
-168
-100
116
184
8
-164
-134
48
137
64
-50
-118
-57
60
91
41
-21
-73
-65
25
77
29
-18
-23
19
39
9
-50
-33
44
113
35
-122
-118
85
204
81
-171
-194
64
244
117
-113
-196
-35
187
212
-17
-179
-94
93
149
32
-76
-34
61
39
6
-20
-12
31
60
-5
-53
-33
35
56
11
-77
-48
75
65
-66
-125
-25
118
95
-71
-145
-22
113
86
-47
-138
-48
105
151
18
-138
-138
30
160
122
-89
-161
-32
125
96
-48
-101
-13
70
52
-57
-103
-8
70
56
-22
-84
-65
25
106
52
-124
-149
5
138
109
-93
-197
-58
127
145
-29
-172
-134
35
117
57
-63
-98
-67
13
71
16
-63
-64
13
40
-4
-63
-47
75
66
-60
-79
3
116
21
-103
-67
100
138
-5
-129
-76
75
135
32
-94
-76
46
97
46
-52
-107
-50
61
126
57
-116
-149
-1
168
132
-69
-154
-47
112
110
-48
-112
-3
139
76
-60
-109
-31
106
122
5
-152
-94
114
185
47
-144
-150
41
223
137
-131
-219
-20
202
205
-19
-190
-94
118
130
-14
-41
-3
49
13
-24
-3
32
46
14
-55
-34
15
59
32
-51
-90
-1
139
61
-151
-156
45
190
58
-160
-183
29
191
86
-122
-148
-19
96
95
27
-58
-112
-53
97
161
26
-164
-165
73
204
50
-182
-135
118
164
-54
-189
-68
139
127
-68
-148
-62
80
131
4
-144
-129
11
143
109
-82
-192
-65
103
130
2
-136
-154
-18
123
78
-36
-98
-41
9
18
-24
-19
26
-3
-52
-29
13
24
15
-10
-37
-18
32
44
0
-61
-25
78
90
5
-91
-63
58
132
18
-133
-83
97
157
16
-146
-117
28
120
64
-4
-82
-106
-2
103
101
-7
-127
-71
85
122
-26
-117
14
119
58
-63
-97
7
120
93
-33
-124
-49
104
163
32
-151
-174
53
215
132
-101
-196
-30
198
180
-35
-184
-54
110
125
5
-53
4
35
8
-4
29
26
-2
5
9
-14
-13
13
34
-2
-30
-24
38
31
-54
-79
-11
69
42
-36
-94
-20
86
85
-36
-126
-65
93
131
9
-101
-97
8
90
114
-8
-132
-91
50
128
59
-67
-95
7
70
2
-83
-73
49
86
10
-97
-100
31
128
30
-100
-140
-38
119
142
-24
-197
-126
60
172
77
-119
-217
-75
138
156
-19
-151
-121
13
76
53
-32
-66
-39
-1
19
9
-2
16
-22
-49
-5
33
58
-18
-82
-31
76
110
-6
-94
-62
68
123
39
-99
-117
21
144
111
-107
-186
-26
117
138
-4
-119
-114
11
120
111
-18
-127
-82
63
129
-7
-110
-36
100
104
-35
-116
-24
90
96
32
-102
-126
25
199
132
-130
-182
3
199
162
-72
-201
-45
181
186
-3
-171
-96
95
136
25
-56
-30
55
72
-17
-53
-4
48
42
19
-56
-61
33
90
33
-78
-96
39
108
-8
-113
-48
84
78
-62
-118
-8
119
49
-95
-114
-1
97
97
11
-77
-92
-21
102
138
-21
-126
-77
46
88
34
-36
-56
-2
22
12
-17
-41
-5
8
20
-8
-63
-45
49
81
1
-109
-130
16
178
105
-170
-254
2
239
159
-145
-275
-69
182
172
-47
-194
-89
72
62
-32
-30
-2
0
-36
-14
0
28
13
-15
-24
-19
12
63
14
-63
-48
52
79
13
-40
-47
11
66
63
-22
-82
-14
87
76
-25
-110
-91
46
155
73
-100
-185
-18
178
128
-65
-157
-40
126
88
-82
-82
62
126
-2
-109
-57
72
95
30
-29
-62
-50
16
126
127
-73
-192
-45
169
208
-3
-225
-137
133
282
64
-202
-146
76
167
39
-54
-44
7
60
42
1
-19
-11
13
27
5
-20
-50
10
85
23
-93
-39
89
38
-111
-84
45
113
0
-131
-89
75
134
-7
-134
-100
51
140
69
-51
-145
-74
95
178
20
-154
-141
55
155
64
-95
-108
18
76
0
-96
-60
67
81
-10
-98
-84
7
95
81
-53
-144
-77
86
176
-2
-181
-162
74
188
69
-134
-209
-39
143
90
-49
-100
-31
23
15
3
-31
-33
15
23
-31
-51
-8
56
56
-24
-89
-30
77
75
-47
-93
24
137
77
-96
-131
28
170
68
-108
-141
31
176
101
-95
-180
-45
106
123
54
-81
-140
-37
102
126
11
-130
-102
62
132
-10
-94
1
115
66
-94
-107
50
77
50
19
-39
-86
-31
125
148
-45
-211
-48
179
196
-4
-201
-147
115
244
88
-141
-165
35
154
60
-54
-44
34
48
-25
-14
42
21
-6
-1
-15
-15
9
28
26
-22
-68
31
101
-24
-118
-78
35
119
44
-109
-146
38
196
56
-181
-173
79
214
65
-141
-147
9
132
92
-15
-88
-87
-11
100
91
-31
-97
-45
98
45
-103
-100
46
118
-13
-85
-74
9
67
45
-20
-127
-69
41
105
56
-82
-152
-43
121
153
-56
-214
-120
91
146
-3
-103
-94
-7
49
41
-34
-59
-9
19
17
-45
-41
54
93
-21
-117
-76
102
141
-55
-181
22
195
72
-123
-142
35
183
70
-102
-137
20
145
95
-72
-155
-60
86
114
42
-70
-126
-45
86
120
49
-107
-128
58
121
-1
-96
-6
89
60
-36
-78
7
67
74
17
-85
-79
25
136
103
-55
-140
-58
108
206
60
-171
-183
65
234
151
-87
-202
-39
153
155
-14
-103
-32
70
74
6
-45
-34
49
66
2
-62
-38
60
56
-51
-61
35
97
-34
-149
-66
97
143
-5
-187
-104
122
169
-16
-160
-127
80
181
63
-113
-129
7
70
88
24
-65
-91
-3
86
69
-47
-99
-29
93
45
-81
-119
17
132
43
-111
-110
-12
110
87
-20
-132
-126
28
165
106
-145
-240
-21
197
142
-81
-220
-117
112
132
5
-113
-71
25
31
-16
-51
-10
32
-7
-50
-46
18
82
31
-77
-61
18
74
29
-72
-69
68
116
37
-92
-98
40
124
50
-80
-99
33
104
64
-44
-113
-56
49
103
63
-45
-146
-65
88
141
20
-93
-104
25
118
21
-103
-12
104
65
-58
-87
14
89
66
7
-73
-91
0
131
133
-17
-168
-124
134
250
60
-204
-186
63
264
160
-118
-208
-11
157
95
-29
-65
7
67
29
-27
-16
48
51
-36
-33
9
14
12
22
-21
-57
1
65
21
-85
-91
19
102
44
-103
-106
22
110
48
-88
-112
13
112
92
-22
-109
-82
6
127
115
-22
-151
-101
77
147
32
-118
-92
33
80
-35
-77
-8
64
16
-30
-63
-43
57
111
-6
-140
-108
55
140
60
-127
-182
-9
152
130
-74
-203
-113
87
161
39
-132
-131
-4
75
41
-45
-72
-5
42
26
-51
-49
21
73
14
-73
-76
33
100
20
-90
-22
74
97
-30
-114
-12
125
89
-74
-122
-21
118
121
-34
-150
-87
65
112
41
-34
-111
-69
49
112
86
-68
-129
-47
82
89
6
-59
-25
54
47
-42
-44
14
72
58
-42
-97
-37
118
168
-12
-181
-106
123
222
59
-173
-172
44
228
128
-85
-148
-49
108
146
25
-85
-70
49
101
27
-48
-31
32
52
-2
-52
-21
35
60
13
-95
-44
98
68
-91
-127
5
125
42
-86
-122
16
141
69
-106
-166
-2
164
124
-49
-156
-52
79
121
48
-78
-116
-21
77
72
-8
-53
-42
21
39
-31
-66
-12
78
41
-60
-85
-46
62
130
14
-159
-143
51
172
91
-108
-214
-94
149
203
-7
-228
-200
69
204
61
-112
-157
-8
99
36
-86
-95
30
89
-12
-107
-66
92
97
-22
-124
-55
93
108
-51
-147
21
169
72
-108
-123
49
144
32
-88
-96
11
95
98
-15
-108
-82
3
82
92
12
-123
-137
43
159
90
-80
-139
-27
109
75
-57
-57
63
95
1
-104
-38
74
101
19
-73
-110
-8
147
154
-24
-181
-115
116
229
99
-161
-221
9
259
184
-94
-208
-18
145
113
-4
-55
-36
39
57
27
-7
-25
4
38
9
-22
-28
16
50
21
-61
-79
58
82
-49
-93
-14
87
76
-71
-124
-26
127
97
-68
-155
-55
126
153
-10
-145
-93
50
126
69
-57
-118
-49
40
75
33
-56
-38
23
0
-32
-30
23
21
-25
-33
-30
3
20
56
25
-82
-140
-9
122
110
-67
-201
-80
131
162
-30
-201
-150
56
175
49
-136
-118
20
67
18
-66
-70
9
41
-7
-50
-14
14
47
16
-50
-63
43
81
-7
-90
-36
117
114
-46
-137
-33
130
122
-54
-136
-32
134
100
-36
-86
-63
36
46
50
17
-91
-95
24
126
79
-71
-131
-26
126
91
-72
-81
48
126
18
-100
-71
57
121
34
-83
-82
-6
109
128
9
-122
-112
44
184
117
-90
-191
-40
190
184
-7
-159
-88
86
121
17
-22
-18
11
0
3
43
29
-43
7
42
-14
-54
-6
79
52
-69
-87
63
100
-60
-146
-36
117
107
-64
-171
-60
167
157
-78
-213
-91
161
214
-14
-178
-121
32
143
110
-44
-145
-69
56
106
45
-83
-87
26
77
-2
-82
-48
69
45
-38
-73
-55
19
96
27
-86
-105
-31
87
106
5
-159
-151
47
190
84
-197
-226
24
189
104
-108
-148
-22
61
27
-17
-17
-21
-20
-24
5
4
7
9
-3
-8
-16
-18
37
32
-57
-43
66
118
-5
-105
-65
83
152
-15
-166
-86
126
182
-11
-173
-110
54
130
54
-29
-105
-77
19
110
88
-43
-117
-66
95
119
-27
-100
-15
109
71
-53
-95
-10
109
97
-19
-125
-69
108
159
42
-141
-159
42
218
102
-105
-167
8
157
146
-30
-119
-42
58
81
54
14
-26
-36
12
54
38
-37
-21
51
28
-39
-58
30
69
11
-64
-57
58
61
-43
-101
-24
62
62
-31
-83
-41
66
105
-2
-132
-99
83
173
43
-128
-131
-4
134
153
-26
-170
-121
81
152
36
-90
-77
35
47
-31
-61
-21
44
35
-4
-62
-73
29
80
45
-67
-150
-31
100
118
-18
-172