#4
210
27
-60
34
142
167
118
39
24
74
88
86
125
139
70
-23
14
184
234
77
-83
-37
185
279
149
-42
-113
46
235
222
41
-63
11
103
130
149
119
31
-47
1
156
222
132
-20
-69
70
203
169
24
-32
52
169
155
13
-29
83
179
136
-8
-33
104
185
87
-51
-32
90
208
161
-19
-139
-2
225
206
16
-91
-12
150
196
71
-60
-39
96
162
83
39
24
10
48
76
116
111
6
-38
13
136
132
26
-69
-16
123
169
49
-37
-16
52
60
75
114
79
-43
-51
80
177
114
-13
-88
7
149
180
89
-59
-94
40
180
155
-27
-107
39
147
96
14
-28
40
119
53
-8
2
66
92
49
-4
44
91
63
43
75
36
-10
15
138
170
44
-91
-44
119
196
102
-57
-92
78
202
128
-39
-79
0
130
200
83
-62
-90
60
182
136
12
-48
17
106
101
83
41
-13
28
65
93
136
99
-60
-115
51
248
201
-67
-204
-5
257
210
-3
-121
-49
110
149
77
13
-11
20
78
88
65
14
35
59
68
37
-18
37
118
102
4
-38
36
116
88
7
-35
-6
39
107
140
24
-118
-71
100
185
72
-74
-60
57
136
86
-25
-64
20
83
72
74
61
-51
-76
49
171
115
-68
-127
1
150
130
8
-99
-69
62
140
69
-35
-63
-25
43
122
101
9
-77
-59
53
141
115
-2
-126
-65
112
186
79
-90
-111
-18
117
180
24
-143
-62
127
155
-10
-132
-27
150
156
-46
-143
-1
155
118
-36
-113
5
158
146
-3
-100
-54
64
167
130
-45
-117
-6
144
142
27
-86
-57
75
135
87
-32
-72
18
85
105
61
4
-49
-9
65
118
83
8
-47
-18
75
133
85
-50
-82
45
165
135
-11
-97
-30
89
135
68
-30
-53
2
37
87
113
52
-90
-104
60
220
136
-67
-148
-8
178
149
-22
-85
1
123
88
-31
-53
50
120
86
-29
-51
37
103
57
-34
-89
-22
132
179
10
-147
-111
73
183
92
-78
-129
0
150
136
-24
-129
-42
118
105
22
-36
-48
-7
67
70
20
-19
-33
-23
29
72
58
-31
-124
-42
137
125
-45
-121
-52
70
113
52
-32
-64
-22
38
76
61
-6
-57
-61
5
130
140
-29
-194
-106
133
230
60
-207
-148
115
174
20
-146
-83
104
141
-21
-132
-43
110
118
-16
-103
-23
71
108
67
-72
-136
-11
177
194
-13
-187
-92
144
192
28
-121
-77
47
120
90
-24
-54
-29
15
101
116
26
-114
-99
50
186
123
-61
-137
-12
129
147
19
-99
-35
73
128
73
5
-40
-71
-15
125
178
33
-140
-126
66
186
138
-64
-165
-44
126
173
60
-99
-90
62
140
58
-70
-38
58
124
29
-99
-32
107
136
5
-95
-33
91
110
-20
-85
-33
26
89
94
19
-103
-97
41
142
76
-67
-115
2
101
103
-1
-69
-80
7
98
128
14
-150
-109
48
175
97
-83
-137
-29
87
85
-12
-82
-64
24
78
65
-10
-70
-103
-7
112
131
12
-137
-146
36
173
106
-66
-123
-58
41
107
129
-14
-174
-130
94
221
56
-189
-166
98
174
17
-145
-107
83
153
-17
-149
-60
109
129
-30
-153
-34
127
142
5
-121
-90
48
147
82
-66
-101
0
102
67
5
-43
-44
15
69
60
-6
-41
-26
19
59
73
24
-69
-81
35
139
88
-44
-88
-5
88
84
26
-61
-41
46
88
56
9
-4
-37
-54
47
129
81
-79
-140
-16
139
167
16
-136
-137
46
208
118
-61
-171
-40
152
166
-15
-142
-54
123
114
12
-78
-2
86
63
-25
-80
18
98
36
-42
-67
-5
74
99
13
-97
-122
29
131
87
-40
-104
-47
75
96
28
-63
-84
-19
93
104
10
-116
-108
49
151
73
-72
-122
-32
80
75
-6
-70
-59
-1
78
50
-26
-74
-51
-12
39
69
34
-71
-107
-7
113
116
-13
-112
-96
32
105
93
-32
-117
-98
30
135
56
-80
-109
15
71
43
-56
-91
28
95
-5
-78
-67
45
86
3
-102
-37
85
93
4
-64
-81
-15
79
130
51
-110
-114
32
138
100
-52
-156
-55
162
151
-62
-145
-33
77
98
48
-54
-50
-10
29
51
66
17
-48
-50
5
112
129
-25
-151
-43
147
167
3
-122
-104
54
143
86
-23
-117
-77
47
133
107
-30
-118
-104
51
155
107
-49
-132
-38
121
128
-22
-95
-30
76
102
-14
-79
16
76
52
-36
-22
-4
32
49
16
-46
-76
-13
122
123
-56
-198
-64
134
170
-21
-151
-98
59
146
60
-87
-123
-6
102
73
-11
-73
-84
4
75
93
8
-90
-116
-3
122
83
-76
-126
-56
84
121
-10
-137
-92
7
73
83
13
-88
-86
-21
71
123
21
-95
-160
-44
143
184
1
-215
-173
58
239
100
-172
-193
36
162
57
-102
-123
30
117
18
-99
-82
37
83
8
-50
-22
17
46
46
-5
-79
-65
56
146
53
-85
-111
14
111
82
-26
-103
-45
89
113
26
-95
-63
14
82
84
-4
-93
-74
47
163
86
-88
-109
7
120
86
-7
-76
-24
66
89
36
-6
-20
-32
-29
18
115
72
-60
-110
-41
79
157
62
-109
-155
-23
171
169
-30
-182
-83
133
145
-11
-88
-14
61
71
3
-48
-12
52
51
-16
-71
16
97
45
-58
-100
-36
79
111
28
-111
-155
6
181
110
-89
-166
-38
97
98
22
-86
-118
1
103
80
-7
-75
-95
-28
58
99
22
-107
-127
14
116
56
-40
-120
-97
50
135
34
-94
-107
-40
48
86
47
-56
-128
-58
69
120
27
-66
-135
-49
100
144
17
-158
-149
38
184
87
-135
-156
0
117
61
-83
-96
34
90
24
-98
-87
33
94
29
-100
-79
68
90
29
-42
-80
-55
56
154
89
-107
-175
-26
180
163
-54
-198
-87
148
166
-24
-153
-54
72
92
25
0
-41
-46
-9
50
83
54
-38
-70
-29
73
125
23
-98
-93
38
163
112
-40
-172
-89
121
179
53
-104
-148
-28
129
149
22
-134
-136
15
197
145
-84
-186
-18
170
116
-79
-96
15
103
92
-41
-92
-7
100
92
-28
-119
-26
92
73
-27
-62
-52
22
97
61
-55
-139
-80
105
166
22
-142
-144
10
155
134
-77
-187
-61
149
145
-20
-148
-104
15
107
97
12
-110
-134
6
116
66
-55
-111
-45
53
75
-9
-55
-66
-47
3
59
77
-28
-145
-80
84
143
33
-113
-122
-50
75
140
50
-117
-166
-28
159
124
-89
-179
-20
109
34
-58
-86
16
89
-15
-92
-45
40
61
-18
-92
-31
83
93
2
-90
-111
-2
124
106
-28
-86
-58
31
73
42
-18
-68
-39
42
76
47
-43
-93
-37
82
112
27
-99
-87
20
103
57
-26
-54
6
42
22
34
21
-26
-22
5
65
91
13
-95
-86
57
138
73
-75
-132
-21
103
126
4
-94
-101
13
116
100
20
-96
-74
58
107
42
-68
-53
53
87
24
-81
-47
99
116
-7
-135
-66
141
154
-52
-188
-91
108
180
44
-134
-171
-13
147
118
-16
-118
-104
33
120
65
-79
-116
-23
111
102
-10
-113
-117
18
131
80
-48
-118
-57
43
57
4
-33
-44
-35
10
17
19
-16
-51
-83
-34
76
97
-14
-133
-84
60
139
38
-103
-137
-9
81
78
14
-66
-71
-71
49
103
3
-95
-52
16
45
-15
-91
0
94
29
-117
-86
48
92
12
-77
-67
30
87
38
-15
-85
-75
37
114
93
-41
-129
-54
83
151
33
-118
-117
17
145
97
-78
-151
-15
128
122
-8
-108
-90
7
91
106
31
-70
-94
7
113
115
-3
-128
-76
84
123
80
-33
-121
-68
92
130
57
-76
-124
-28
78
118
78
-73
-135
-49
105
134
41
-89
-121
1
130
86
-60
-91
31
109
46
-70
-63
66
90
-11
-77
-7
62
37
-23
-27
-42
-53
44
145
37
-159
-176
35
201
100
-117
-181
-18
152
104
-46
-144
-69
93
115
5
-79
-100
9
68
40
5
-31
-82
-54
51
65
14
-80
-92
-13
104
65
-46
-111
-71
24
76
55
-29
-99
-65
1
107
98
-19
-151
-144
62
187
107
-128
-214
-31
159
132
-68
-174
-33
111
91
-46
-133
-71
81
112
-13
-122
-71
72
85
-22
-101
-25
63
73
40
-66
-122
-2
160
125
-59
-148
-37
99
105
6
-94
-72
51
87
41
-50
-63
-5
25
71
52
-16
-76
-61
33
116
78
-59
-68
-35
70
120
26
-99
-84
47
141
65
-35
-59
-73
1
114
117
-24
-133
-85
41
152
109
-68
-172
-83
97
188
88
-123
-180
17
187
73
-112
-81
68
103
12
-75
-47
70
102
-2
-100
-50
85
100
-29
-93
-81
46
120
51
-73
-144
-48
110
107
-7
-95
-82
8
68
81
-26
-97
-73
35
109
28
-54
-89
-48
73
90
19
-82
-85
-31
57
53
-10
-54
-65
-29
47
59
-23
-75
-59
-27
40
91
21
-98
-136
15
163
81
-76
-158
-88
93
146
55
-107
-161
-31
125
126
-36
-177
-77
84
112
-11
-135
-56
75
68
-24
-114
-49
68
87
-16
-113
-33
80
92
19
-116
-127
29
161
119
-76
-176
-24
141
127
-40
-119
-50
61
74
38
-49
-51
-13
20
68
65
2
-80
-109
36
150
100
-45
-127
-40
86
143
25
-107
-107
49
168
93
-56
-112
-64
75
130
42
-51
-89
-43
39
76
80
-5
-90
-89
43
160
84
-75
-175
-2
179
101
-122
-84
62
116
27
-87
-42
55
105
21
-92
-58
60
101
17
-86
-103
-6
96
97
29
-113
-137
7
143
100
-69
-146
-41
88
87
3
-81
-67
38
83
21
-16
-67
-98
10
120
84
-43
-162
-99
80
146
11
-104
-137
-30
125
94
-32
-131
-107
15
79
83
8
-117
-128
2
131
131
-31
-161
-137
59
149
90
-79
-188
-69
113
141
-8
-152
-101
64
77
12
-73
-60
31
38
-50
-53
5
40
15
-39
-58
17
24
19
41
-22
-83
-38
90
129
-10
-111
-62
39
66
75
-23
-109
-33
74
94
2
-98
-61
58
88
48
-35
-55
-20
20
78
59
-9
-63
-43
30
101
88
-65
-108
3
120
89
7
-68
-84
-23
89
119
30
-106
-107
27
136
107
-43
-128
-75
66
130
83
-22
-119
-54
61
122
21
-87
-50
69
101
-7
-102
-11
105
66
-55
-65
34
82
17
-56
-81
-26
74
104
26
-89
-125
-9
120
76
-39
-120
-77
73
126
32
-116
-106
46
132
53
-71
-141
-57
89
105
37
-48
-138
-59
69
88
1
-104
-78
26
72
35
-42
-62
-56
-32
18
72
72
-55
-153
-62
121
131
0
-148
-136
25
132
96
-44
-142
-60
55
101
24
-96
-94
23
53
14
-50
-58
24
75
-15
-117
-61
58
88
-44
-84
-4
65
59
4
-65
-64
-19
66
111
17
-94
-91
47
107
48
-57
-83
-19
63
90
20
-87
-94
13
129
89
-43
-106
-39
76
77
24
-42
-45
1
30
55
45
-22
-45
-14
49
86
65
-42
-112
-60
94
155
36
-117
-120
14
101
125
11
-138
-117
25
187
118
-82
-163
-39
149
163
-45
-157
-39
118
141
-31
-142
-34
117
123
-14
-135
-61
108
121
-34
-139
-82
90
154
43
-127
-147
-5
142
103
-58
-131
-69
73
112
33
-71
-106
-18
75
116
18
-135
-139
39
120
78
-48
-87
-50
10
46
43
-21
-77
-99
28
100
45
-62
-126
-72
82
131
15
-123
-123
-19
119
116
-23
-127
-115
14
115
115
-54
-155
-80
88
115
0
-108
-83
24
80
16
-77
-94
27
111
12
-102
-90
29
87
22
-53
-59
-2
70
59
0
-97
-112
46
181
90
-121
-162
23
171
107
-93
-179
-6
153
119
-68
-167
-33
119
119
9
-77
-42
0
10
49
46
6
-11
-33
-15
49
78
18
-67
-46
50
116
37
-53
-78
-16
66
96
30
-69
-91
-4
78
93
20
-68
-105
-16
121
129
5
-146
-104
108
169
1
-143
-62
105
135
-12
-145
-30
140
133
-59
-152
-38
144
107
-55
-147
-67
98
136
43
-117
-170
-19
164
120
-78
-155
-37
85
96
-19
-90
-36
18
46
44
18
-56
-113
-24
91
95
-13
-120
-103
30
102
33
-77
-105
-11
66
31
-34
-37
-22
-65
-27
99
68
-56
-156
-58
98
149
8
-147
-147
30
140
91
-33
-142
-99
53
140
13
-122
-103
44
108
1
-110
-69
64
96
-38
-114
-45
47
78
-1
-101
-61
46
107
64
-40
-124
-77
101
183
39
-158
-159
43
196
109
-99
-176
-25
149
123
-43
-128
-31
77
68
20
-13
-29
-44
-17
73
96
14
-69
-45
29
67
55
-3
-53
-13
54
81
34
8
-75
-72
36
122
74
-66
-120
-46
78
152
54
-114
-159
-5
211
153
-60
-215
-64
159
178
-45
-148
-35
126
118
-29
-135
-58
126
139
-17
-115
-64
86
103
-19
-96
-69
9
98
90
-38
-151
-58
87
92
-9
-82
-75
12
78
62
-42
-89
-45
45
85
25
-82
-121
-8
104
76
-23
-87
-72
-4
60
44
-15
-101
-91
31
111
29
-110
-117
3
86
60
1
-66
-102
-26
59
82
16
-50
-94
-57
45
101
69
-87
-152
-37
116
100
-69
-152
3
114
50
-96
-123
3
113
70
-85
-121
-4
100
51
-92
-97
43
122
55
-53
-115
-60
74
124
58
-77
-117
-20
85
121
10
-125
-76
66
114
24
-89
-73
29
74
51
-27
-23
4
-24
-4
70
72
-12
-84
-33
61
126
27
-116
-71
63
119
98
-20
-142
-75
82
147
39
-88
-103
-21
86
113
30
-94
-100
10
126
86
-39
-82
-35
50
97
17
-63
-32
51
95
17
-86
-71
85
123
18
-100
-59
66
79
13
-72
-75
-26
79
137
21
-161
-164
51
241
53
-173
-163
48
180
91
-123
-183
6
158
88
-42
-116
-69
24
65
49
2
-65
-100
-21
68
74
-32
-95
-59
40
43
-6
-41
-24
-29
-44
31
98
17
-138
-111
65
125
41
-105
-148
-3
114
115
1
-129
-137
26
140
86
-121
-165
19
137
41
-108
-126
9
135
66
-114
-169
1
144
90
-107
-128
-12
98
110
14
-112
-132
4
169
132
-67
-179
-57
128
142
-20
-138
-70
67
103
37
-58
-74
-19
30
78
47
-24
-70
-51
40
82
55
-35
-69
-6
95
111
-18
-126
-20
93
90
16
-45
-34
-18
-14
67
127
40
-143
-148
37
204
112
-90
-196
-61
168
193
-13
-177
-104
112
212
24
-182
-96
98
195
37
-163
-137
99
209
46
-160
-129
77
186
38
-123
-167
1
176
124
-66
-166
-64
102
101
-5
-93
-57
29
56
43
-18
-59
-54
14
45
56
-8
-103
-67
46
107
34
-85
-100
-17
76
61
-33
-88
-80
16
78
21
-44
-77
-68
0
66
76
0
-107
-116
13
144
89
-60
-175
-84
130
170
20
-171
-169
31
180
87
-118
-174
-20
131
83
-62
-145
-35
107
93
-65
-146
-33
111
91
-69
-148
5
119
81
-18
-104
-67
36
75
57
-27
-63
-40
37
90
59
-76
-112
11
94
71
-30
-99
-43
48
105
46
-25
-91
-64
58
128
60
-63
-96
-12
87
81
23
-66
-61
26
109
92
-16
-89
-45
26
70
76
-1
-89
-85
29
135
115
-44
-185
-92
136
211
30
-209
-157
144
261
18
-224
-124
144
196
-11
-178
-71
120
164
-10
-168
-52
129
106
-55
-109
-40
44
71
53
-33
-102
-64
35
86
52
-58
-110
-37
66
77
24
-80
-91
-1
93
86
-35
-165
-88
110
150
2
-100
-103
-18
76
49
-28
-66
-36
-29
38
46
-19
-75
-97
-22
114
117
-36
-151
-105
52
141
85
-102
-173
-46
139
164
-1
-181
-124
55
151
63
-117
-138
27
111
17
-90
-68
24
82
36
-101
-115
20
91
63
-39
-113
-32
57
106
49
-68
-133
-42
128
158
-20
-161
-75
98
155
41
-114
-135
34
164
67
-103
-128
4
128
97
-14
-96
-48
13
70
59
18
-46
-25
25
36
45
32
-40
-57
27
64
62
26
-14
-92
-55
98
147
17
-144
-157
51
216
113
-126
-195
-11
161
130
-36
-130
-60
119
118
-26
-103
-22
102
60
-35
-63
-12
85
93
-29
-80
-19
43
54
7
-56
-49
-21
53
106
29
-106
-140
-3
150
77
-83
-122
-50
62
112
22
-89
-85
17
76
53
-32
-105
-56
64
70
29
-35
-86
-51
16
44
13
-31
-68
-49
26
72
-10
-76
-100
-45
89
154
3
-159
-144
6
158
141
-61
-174
-113
94
161
37
-148
-131
25
106
51
-65
-73
-14
41
-9
0
-26
-56
-5
48
26
-55
-78
10
89
17
-90
-53
31
90
41
-70
-127
-26
153
148
-56
-181
-53
116
142
6
-129
-83
48
94
34
-44
-56
-8
32
46
35
-5
-43
-53
-5
76
81
10
-73
-58
41
118
77
-95
-119
42
136
81
-11
-60
-53
-19
56
97
62
-75
-125
-11
119
145
-16
-128
-124
29
177
113
-76
-154
-8
162
118
-107
-110
52
146
21
-128
-102
105
170
22
-136
-95
97
130
-8
-103
-83
15
98
92
9
-118
-121
0
129
94
-47
-126
-69
84
129
0
-115
-80
32
91
48
-39
-85
-59
2
65
74
10
-100
-108
-10
108
96
-70
-166
-71
111
127
-13
-145
-108
-6
72
92
27
-103
-121
0
106
95
-30
-132
-100
44
120
78
-75
-124
-47
60
69
-10
-72
-45
24
26
-23
-63
-37
74
40
-64
-73
-9
39
35
-31
-68
-33
44
63
60
-37
-109
-106
59
219
91
-167
-183
31
202
110
-103
-180
-20
141
128
-41
-133
-57
61
131
54
-69
-88
-22
43
68
71
-18
-60
-37
32
109
81
-45
-120
-25
101
135
49
-82
-138
-15
136
143
-5
-141
-106
39
129
108
-25
-131
-91
59
142
84
-49
-138
-14
148
96
-78
-114
24
122
56
-76
-57
34
75
26
4
-19
-25
29
42
3
-54
-71
10
86
99
-8
-188
-133
100
217
54
-199
-194
78
225
82
-187
-168
47
174
60
-75
-116
-38
55
63
11
-30
-54
-60
-5
68
48
-34
-104
-64
34
98
41
-96
-105
-48
32
108
60
-70
-158
-71
112
171
36
-153
-175
29
195
100
-121
-176
-33
146
101
-92
-170
-6
164
47
-126
-113
17
118
38
-98
-103
1
88
66
-55
-119
-14
96
69
0
-46
-94
-42
79
165
47
-139
-133
24
146
75
-72
-103
-15
86
76
-11
-76
-41
44
65
11
-32
-17
-3
-11
24
66
36
-50
-63
22
122
90
-68
-117
9
95
95
11
-47
-77
-25
60
98
43
-75
-103
1
66
99
35
-100
-108
15
127
90
-21
-87
-50
71
89
-35
-75
6
72
48
-30
-80
32
124
57
-87
-104
43
122
19
-47
-81
-49
55
114
65
-88
-151
-46
118
127
-25
-139
-100
52
137
48
-86
-114
8
83
43
-19
-36
-47
-40
20
81
67
-75
-155
-39
138
124
-87
-155
-54
75
115
9
-105
-138
-42
120
130
-11
-151
-130
41
114
78
-27
-105
-75
8
72
72
-2
-90
-82
11
102
47
-125
-143
45
163
30
-126
-136
38
144
37
-144
-136
63
147
18
-133
-91
46
138
74
-68
-154
-87
124
208
29
-170
-138
61
144
61
-57
-106
-21
74
82
11
-56
-55
-7
47
71
22
-37
-66
-33
38
130
47
-65
-108
-33
111
168
38
-173
-123
98
200
92
-109
-167
-14
123
117
19
-110
-93
11
90
77
37
-60
-117
-45
110
166
17
-168
-90
103
183
-1
-160
-81
119
153
2
-129
-59
88
109
-5
-76
-44
74
81
-3
-85
-110
-2
145
115
-82
-189
-38
138
128
-36
-150
-76
65
123
34
-93
-105
7
95
67
-25
-102
-79
25
84
56
-21
-52
-72
-27
27
69
13
-94
-104
-12
103
66
-66
-122
-71
18
117
88
-104
-172
-43
129
132
-5
-104
-118
-38
92
135
11
-151
-131
28
131
60
-95
-130
20
121
25
-96
-119
18
108
62
-75
-133
-25
96
66
-45
-95
-18
74
103
14
-121
-106
49
179
73
-107
-120
-4
111
102
-12
-108
-69
60
105
17
-84
-58
19
70
85
2
-76
-81
2
114
99
-33
-87
14
66
35
23
3
-7
8
4
32
71
53
-82
-136
30
177
132
-85
-220
-63
150
187
33
-147
-162
-7
192
159
-29
-167
-61
134
145
-60
-140
29
129
83
-47
-127
-12
121
88
-25
-87
-43
73
94
-8
-86
-92
19
132
100
-59
-192
-85
123
159
-15
-138
-95
39
106
47
-43
-86
-53
32
86
46
-50
-152
-47
121
135
-20
-152
-90
55
90
15
-86
-62
-19
2
39
24
-19
-59
-100
-37
110
114
-42
-176
-103
84
163
43
-99
-148
-54
77
147
46
-104
-154
-35
111
120
-42
-152
-55
95
89
-57
-143
-24
122
48
-78
-111
-27
120
96
-79
-156
-3
145
128
-64
-179
-72
81
167
60
-99
-136
-26
110
116
-6
-101
-80
33
125
54
-90
-93
-12
90
110
0
-86
-76
-10
70
109
29
-41
-66
-16
65
104
36
-71
-112
21
151
130
-33
-181
-101
114
183
51
-115
-127
-11
87
128
32
-94
-117
-26
116
158
4
-138
-99
102
173
-18
-158
-35
131
128
-34
-145
-28
142
121
-34
-138
-74
108
146
11
-118
-108
-2
136
124
-34
-195
-118
114
188
15
-157
-123
33
141
112
-80
-164
-37
137
88
-49
-100
-25
6
44
30
8
-29
-77
-15
48
16
-7
-48
-71
-14
57
52
-15
-96
-104
0
123
91
-68
-144
-84
53
155
71
-68
-146
-87
67
136
59
-98
-139
-52
106
100
-30
-114
-73
59
81
-23
-114
-21
70
42
-50
-96
-20
78
57
-60
-104
-22
101
103
-11
-121
-93
26
143
98
-67
-131
-25
93
110
-12
-135
-61
93
107
-25
-84
-40
65
43
-19
-3
21
6
-31
-22
58
75
5
-67
-41
44
110
36
-76
-74
16
95
97
19
-83
-133
-9
161
166
-35
-193
-93
109
153
58
-89
-125
-48
97
151
26
-97
-80
56
113
-8
-81
-13
74
105
14
-111
-90
91
174
28
-159
-115
111
184
12
-175
-137
54
171
102
-86
-171
-74
91
144
10
-90
-104
-27
57
91
31
-98
-96
16
103
80
-31
-155
-104
78
162
46
-131
-141
9
113
51
-79
-78
-29
3
9
18
25
-45
-98
-78
74
130
40
-150
-160
17
161
128
-47
-202
-122
119
197
46
-169
-185
14
186
98
-120
-139
12
113
27
-82
-106
-1
95
48
-79
-96
-8
65
48
-64
-73
43
69
41
-20
-76
-53
26
91
65
-33
-77
-37
21
60
59
-3
-75
-30
54
60
19
-56
-67
-7
87
108
-28
-111
-56
44
117
61
-34
-68
-41
45
95
79
-54
-102
-4
117
117
3
-104
-110
6
128
133
-9
-151
-113
41
160
116
-52
-179
-112
127
192
66
-133
-143
51
155
39
-97
-61
53
83
19
-54
-47
40
83
36
-59
-56
39
72
2
-44
-100
-18
91
102
15
-135
-156
32
168
82
-108
-156
-24
103
104
-30
-120
-67
55
104
32
-79
-127
-10
104
48
-54
-61
-1
9
-9
-21
5
23
-63
-85
26
91
23
-90
-119
-36
66
129
20
-142
-141
16
164
105
-73
-171
-85
110
148
8
-112
-104
0
74
76
-5
-116
-67
65
71
-40
-93
-24
69
46
-47
-82
-32
61
66
-8
-88
-41
50
80
52
-47
-112
-59
97
161
27
-152
-130
46
179
100
-113
-162
22
149
83
-92
-103
19
86
62
-12
-57
-26
-10
26
58
63
-6
-45
-44
19
101
75
-53
-105
15
124
83
-1
-68
-86
-3
110
115
-5
-135
-86
27
105
116
-29
-123
-89
91
149
42
-99
-104
38
134
34
-124
-56
119
115
-38
-102
-11
98
100
-29
-123
-51
100
132
-10
-139
-91
28
91
83
-6
-93
-83
-1
94
60
-30
-76
-77
16
97
60
-64
-114
-14
85
96
5
-118
-126
26
146
96
-79
-152
-72
67
107
14
-81
-111
-54
83
112
-26
-117
-89
-13
52
92
45
-112
-155
-28
152
156
-26
-181
-152
38
180
114
-96
-190
-60
125
154
-50
-179
-61
134
108
-82
-179
-53
142
119
-88
-158
-34
75
93
12
-112
-93
37
142
87
-96
-195
-58
179
198
-33
-217
-78
151
118
-48
-97
4
65
1
-29
30
11
-45
-51
38
96
42
-54
-94
-25
112
125
-22
-131
-68
89
133
50
-73
-108
1
112
115
40
-101
-134
2
154
143
-16
-138
-121
28
153
134
-40
-171
-97
107
173
64
-102
-125
1
140
100
-54
-108
1
116
72
-59
-97
3
143
105
-65
-119
-9
105
71
-39
-93
-47
57
110
37
-101
-130
6
114
79
-63
-84
-23
41
77
-4
-78
-52
15
68
44
-26
-63
-54
9
55
51
-6
-89
-60
28
49
8
-48
-47
-40
6
58
41
-57
-119
-102
84
172
27
-146
-172
17
158
104
-37
-145
-103
48
118
60
-56
-127
-67
53
123
-5
-125
-85
82
94
-27
-141
-70
90
115
-41
-164
-64
87
138
-18
-161
-77
95
124
27
-93
-107
-23
100
119
9
-96
-76
27
100
52
-48
-91
-13
72
81
-31
-97
-36
62
86
22
-49
-53
3
33
31
23
21
5
-26
-2
32
51
22
-47
-58
25
109
95
-20
-133
-79
98
172
52
-150
-139
25
135
134
-39
-147
-77
87
145
51
-68
-105
-20
110
110
-53
-98
-7
92
66
-43
-73
11
102
87
-24
-104
-18
90
79
-31
-111
-65
44
130
72
-73
-184
-60
155
147
-36
-168
-112
77
156
19
-95
-104
14
92
48
-10
-65
-109
-19
95
107
-15
-129
-95
37
109
35
-93
-81
-24
31
57
39
-54
-127
-65
50
146
68
-114
-187
-52
161
164
-15
-172
-151
62
190
90
-96
-188
-68
136
145
-45
-170
-79
122
110
-47
-146
-73
91
128
-51
-134
-48
75
90
-15
-103
-74
32
119
49
-41
-99
-76
74
170
52
-142
-149
26
169
119
-69
-170
-27
124
110
-44
-110
-26
48
39
31
11
0
-44
-48
32
105
74
-56
-121
-8
119
137
-3
-141
-92
69
177
89
-83
-156
-57
115
179
48
-150
-147
8
111
119
12
-91
-110
3
136
132
-12
-159
-91
107
138
13
-104
-44
62
90
-2
-84
-21
79
87
-11
-84
-34
57
73
19
-60
-123
-6
131
125
-38
-197
-116
124
199
-6
-186
-125
67
160
46
-123
-121
15
114
46
-32
-61
-53
2
40
40
28
-42
-104
-38
66
72
-15
-97
-92
21
102
58
-68
-137
-83
45
141
67
-104
-169
-47
139
142
5
-129
-149
11
137
110
-18
-125
-130
6
167
109
-137
-186
9
150
79
-107
-157
9
152
68
-144
-158
44
155
52
-119
-123
27
124
96
-51
-164
-76
109
180
54
-148
-149
28
150
74
-60
-89
-22
81
47
-17
-48
-27
12
31
48
58
-30
-88
-19
78
113
17
-97
-65
49
123
74
-52
-92
-32
71
118
60
-35
-84
-62
38
131
105
-62
-159
-60
88
159
62
-108
-145
-24
155
164
-25
-193
-79
150
178
-32
-165
-25
118
129
-42
-160
-23
147
144
-56
-157
-28
125
119
-32
-137
-97
15
145
127
-58
-210
-115
127
204
21
-151
-155
24
151
88
-76
-159
-18
124
80
-39
-104
-41
27
26
31
26
-29
-97
-58
43
78
19
-77
-91
-54
63
102
30
-116
-178
-23
177
158
-88
-235
-83
129
168
16
-142
-167
5
165
107
-68
-151
-89
73
141
23
-142
-119
44
119
0
-115
-81
56
99
-19
-122
-73
64
95
-15
-93
-46
48
74
19
-39
-74
-47
43
123
61
-56
-129
-48
98
136
15
-111
-108
28
147
77
-82
-125
-13
90
106
16
-87
-81
14
94
76
13
-62
-49
11
73
66
11
-43
-44
28
72
79
18
-72
-98
-12
144
158
-25
-209
-163
113
278
115
-195
-234
17
247
172
-113
-228
-37
225
180
-102
-202
3
186
108
-84
-160
8
165
118
-66
-136
-20
121
101
-53
-109
-55
42
84
69
-21
-140
-113
56
173
56
-125
-128
-8
105
105
-24
-123
-61
70
81
7
-39
-80
-33
10
81
82
-62
-165
-39
102
86
-17
-104
-81
-4
82
52
-49
-80
-65
-39
76
110
15
-148
-166
35
202
114
-90
-219
-92
125
210
33
-196
-176
20
151
114
-73
-167
-47
95
89
-40
-128
-36
102
76
-71
-130
-30
100
87
-60
-131
-28
87
131
13
-114
-123
5
162
133
-57
-175
-70
132
158
-28
-168
-90
136
154
-46
-150
-27
130
48
-41
-15
37
-9
-80
-28
103
139
-31
-149
-53
138
155
-8
-131
-79
75
122
52
-17
-73
-73
34
122
77
-63
-132
-52
73
140
71
-87
-127
-29
117
126
-12
-117
-70
81
160
12
-143
-60
113
132
-22
-146
-32
108
123
-3
-120
-79
84
170
13
-137
-131
12
151
136
-30
-190
-140
102
187
31
-153
-105
49
114
34
-56
-55
-5
0
30
52
30
-84
-116
-8
125
124
-62
-181
-75
112
122
-39
-111
-66
3
47
42
5
-63
-116
-52
88
152
21
-174
-177
38
231
93
-122
-171
-47
110
102
0
-74
-98
-21
95
68
-61
-128
-9
109
35
-59
-112
-32
87
71
-63
-135
-41
112
102
-66
-144
-35
112
122
15
-134
-134
23
171
105
-57
-141
-38
77
102
24
-74
-91
-23
98
104
-37
-114
-40
70
103
27
-61
-61
-23
43
90
53
-12
-64
-44
32
82
66
-36
-91
-23
83
142
56
-81
-144
-62
132
168
22
-141
-159
31
197
154
-64
-231
-114
164
210
14
-135
-116
64
145
40
-100
-72
60
131
6
-116
-70
90
125
11
-86
-70
32
86
53
-45
-116
-29
105
118
-9
-145
-109
38
119
63
-31
-106
-74
58
113
5
-89
-81
9
82
51
-14
-61
-75
8
81
80
-60
-138
-63
78
106
-2
-118
-72
5
54
48
-15
-59
-77
-77
47
157
60
-143
-207
1
210
173
-88
-265
-90
172
189
-8
-163
-116
20
99
86
-52
-123
-45
58
79
-16
-109
-22
82
52
-66
-117
-28
97
78
-50
-122
-23
88
105
32
-82
-118
-3
131
108
-43
-123
-56
60
128
50
-80
-86
-4
83
69
-18
-57
-31
23
43
58
26
-70
-94
24
143
86
-63
-115
-8
119
104
-32
-92
-26
46
82
74
22
-58
-100
-23
108
149
-2
-170
-124
55
160
114
-70
-155
-54
118
130
13
-93
-93
25
117
65
-58
-52
18
73
41
-67
-63
44
99
30
-68
-69
40
79
38
-47
-106
-69
88
161
33
-166
-179
43
205
86
-129
-149
-14
113
86
-45
-101
-51
77
66
-22
-21
-31
-50
-17
26
87
30
-105
-131
7
114
49
-60
-142
-60
91
86
-2
-100
-99
-45
71
147
33
-174
-151
30
172
107
-67
-171
-112
69
187
90
-108
-184
-48
114
106
-68
-135
-17
105
55
-79
-104
3
78
61
-55
-108
-52
79
107
-14
-132
-64
75
125
53
-122
-161
24
196
125
-70
-165
-57
99
139
37
-112
-112
43
119
43
-49
-67
-4
32
56
25
-3
-26
-59
-22
51
127
52
-104
-121
50
156
80
-81
-103
9
91
101
32
-56
-101
-29
84
122
22
-111
-112
17
151
145
-38
-162
-86
65
147
59
-86
-121
26
147
72
-100
-67
62
94
28
-64
-80
43
105
47
-59
-95
37
105
21
-71
-74
0
65
68
8
-76
-88
-1
76
56
-25
-73
-44
18
65
45
-40
-73
-16
67
52
-12
-91
-80
47
81
38
-41
-88
-47
8
63
40
-55
-91
-39
57
65
-6
-54
-74
-92
-11
119
108
-40
-188
-95
115
167
45
-152
-182
1
172
148
-93
-223
-84
136
197
-27
-211
-102
105
146
-31
-162
-80
98
139
-62
-172
-68
108
135
-40
-153
-61
99
114
13
-98
-103
-12
90
125
18
-109
-110
54
126
32
-76
-68
-10
66
51
-7
-65
-37
19
73
78
-23
-113
-73
63
140
50
-106
-83
44
108
54
-19
-55
0
38
32
14
34
38
-60
-91
19
146
99
-98
-180
-3
186
140
-66
-152
-76
72
143
58
-46
-112
-15
136
93
-75
-99
49
135
28
-106
-77
78
162
24
-102
-79
21
83
67
-31
-93
-48
49
116
44
-81
-134
-19
94
88
-15
-104
-69
40
74
51
-29
-91
-30
52
66
18
-65
-97
-18
63
123
28
-154
-157
28
175
69
-109
-158
-61
65
93
44
-44
-139
-101
65
175
75
-141
-210
-33
167
173
-12
-181
-174
17
199
133
-90
-195
-84
103
145
-4
-169
-86
76
88
-45
-98
-26
65
23
-58
-51
24
31
-18
-27
-29
-9
-18
31
98
15
-134
-130
77
223
54
-172
-141
53
144
73
-62
-81
-22
20
93
45
-55
-76
-35
70
127
13
-103
-103
13
129
104
-22
-87
-51
40
103
80
-16
-110
-66
80
138
86
-60
-147
-81
100
187
76
-128
-183
-17
157
151
0
-156
-138
64
186
98
-72
-149
-35
106
130
-21
-75
-13
54
49
-11
-52
13
90
38
-49
-45
4
42
48
3
-53
-80
-15
102
144
-39
-218
-124
154
221
-24
-190
-140
74
182
63
-132
-149
31
122
43
-70
-84
-7
63
19
-4
11
-46
-82
-14
63
49
-33
-95
-51
14
85
48
-67
-116
-89
42
132
68
-76
-152
-73
103
159
34
-155
-141
12
144
106
-37
-139
-77
38
101
34
-74
-83
16
64
8
-94
-60
64
72
-34
-102
-44
86
80
-33
-118
-30
74
71
42
-29
-85
-69
23
154
91
-98
-157
-9
174
128
-77
-175
-39
130
98
-29
-70
-11
21
24
39
25
-28
-58
-37
42
115
80
-75
-115
-5
120
111
-29
-97
-63
62
144
73
-51
-130
-65
59
149
90
-99
-133
-62
74
169
95
-113
-210
-48
179
213
3
-225
-141
163
225
-28
-178
-51
131
109
-42
-117
-7
124
99
-60
-114
-19
108
101
-16
-115
-110
30
148
99
-58
-193
-104
126
181
18
-171
-152
42
157
78
-68
-120
-46
56
93
49
-75
-152
-48
121
139
-11
-138
-117
1
100
70
-41
-93
-89
-2
104
69
-40
-124
-111
4
125
119
-51
-170
-109
70
178
77
-105
-215
-61
162
199
-11
-227
-151
82
197
52
-166
-158
58
170
4
-158
-95
106
141
-25
-171
-126
78
156
29
-127
-125
45
133
72
-33
-150
-72
82
145
67
-87
-135
-23
90
117
11
-87
-79
9
105
56
-62
-83
-31
54
104
41
-59
-113
-24
106
138
32
-95
-113
36
128
80
-18
-86
-32
39
86
76
19
-73
-115
-3
160
147
-33
-203
-133
91
256
120
-166
-244
-19
232
208
-60
-209
-70
149
155
-32
-123
-20
75
98
-7
-90
-35
96
122
-12
-132
-61
82
149
6
-137
-125
8
161
150
-80
-188
-74
97
150
26
-111
-146
-6
143
95
-83
-130
-9
104
54
-38
-57
-33
9
23
22
9
-40
-85
-10
17
31
25
-48
-102
-41
57
89
-9
-116
-120
-4
124
125
-34
-174
-111
40
165
106
-107
-187
-53
132
145
-23
-145
-105
21
111
64
-78
-126
-14
113
43
-112
-109
18
126
35
-148
-107
68
135
12
-141
-80
78
96
20
-45
-70
-55
14
110
92
-46
-110
-55
54
124
42
-98
-127
36
139
64
-76
-108
14
103
68
-31
-82
-33
50
52
44
15
-4
-47
-28
51
79
59
-40
-75
-3
88
117
24
-110
-137
29
166
144
-55
-193
-105
102
232
87
-164
-210
5
225
167
-80
-183
-54
159
173
-52
-188
-25
162
149
-50
-165
-30
146
129
-73
-117
-12
97
98
-22
-114
-83
34
103
88
-6
-165
-140
85
180
36
-129
-139
28
115
73
-56
-107
-29
77
76
0
-56
-67
-40
15
85
78
-48
-160
-79
103
139
5
-165
-146
48
169
42
-114
-113
-36
29
69
52
0
-104
-130
-5
176
150
-95
-239
-80
176
189
-25
-197
-126
75
137
20
-118
-110
58
98
-15
-82
-67
31
79
-2
-87
-95
7
87
65
-43
-109
-46
86
112
31
-125
-143
18
174
124
-81
-156
-17
118
100
-35
-106
-40
59
80
30
-59
-75
-1
48
64
41
-21
-62
-44
33
85
69
-27
-85
-16
77
98
11
-68
-55
15
79
74
14
-36
-85
-43
93
150
28
-129
-153
5
179
160
-66
-199
-88
155
188
5
-170
-80
107
149
-3
-112
-39
76
101
0
-99
-26
84
95
0
-104
-65
78
143
11
-129
-104
12
112
119
-11
-174
-123
84
150
15
-92
-91
15
96
35
-48
-59
-31
55
67
0
-40
-48
-25
6
46
75
-24
-122
-67
50
105
-13
-100
-74
22
68
3
-21
-36
-73
-59
54
134
29
-134
-139
18
133
112
-50
-142
-93
40
140
97
-102
-180
-38
133
114
-63
-133
-47
81
62
-56
-104
-6
87
41
-89
-107
23
111
49
-98
-98
27
84
42
-21
-67
-47
-7
84
120
-9
-135
-95
55
140
73
-96
-150
13
155
87
-80
-124
-17
84
99
17
-70
-66
-14
63
103
30
-76
-71
26
91
43
-15
-26
-26
25
46
43
48
-24
-116
-39
117
158
15
-146
-131
26
195
104
-102
-159
-42
138
155
0
-143
-117
132
170
-48
-150
8
156
84
-114
-131
33
152
84
-69
-122
-6
112
80
-25
-83
-60
-17
85
101
28
-126
-153
6
158
122
-62
-174
-81
103
139
-6
-149
-76
70
103
25
-82
-88
-19
60
53
13
-30
-76
-67
26
50
20
-34
-83
-69
30
74
31
-55
-93
-77
31
120
41
-93
-137
-57
125
170
11
-178
-186
52
230
136
-131
-252
-59
170
186
-59
-240
-50
172
80
-100
-130
18
113
21
-82
-73
-12
27
49
26
-53
-72
0
86
88
-33
-144
-84
140
209
4
-208
-128
85
190
80
-117
-148
-11
154
117
-76
-113
-11
64
62
24
-15
-32
-29
-14
57
99
40
-80
-89
53
130
72
-77
-100
2
107
112
23
-64
-109
-33
118
141
48
-143
-164
26
182
149
-72
-183
-96
77
206
97
-133
-173
-11
185
122
-88
-114
13
124
66
-81
-86
30
115
50
-86
-87
44
100
35
-72
-125
-31
131
132
-14
-169
-136
37
180
86
-104
-160
-59
109
151
-16
-133
-72
56
90
-9
-47
-39
-27
-3
22
56
17
-78
-112
-20
84
97
-29
-130
-114
39
147
53
-130
-156
-22
99
131
19
-167
-155
40
167
113
-53
-157
-99
45
130
92
-66
-157
-91
108
160
-23
-172
-86
83
111
-26
-130
-57
88
102
-67
-142
-26
101
77
-42
-114
-47
59
119
37
-87
-120
-38
131
156
-13
-151
-94
65
143
70
-92
-112
21
103
54
-56
-75
0
35
35
48
39
-27
-102
-60
94
160
32
-129
-101
56
164
98
-79
-149
-15
150
126
-4
-116
-93
31
132
93
-45
-93
-59
5
70
105
16
-88
-118
7
153
125
-29
-175
-59
155
142
-62
-130
17
134
72
-82
-113
21
139
77
-73
-119
12
127
74
-52
-128
-57
85
120
42
-89
-171
-35
155
124
-71
-133
-43
72
75
26
-41
-53
-52
39
89
51
-60
-157
-44
115
142
-17
-148
-119
24
136
60
-88
-143
-45
86
96
6
-93
-92
-44
17
114
87
-96
-174
-56
143
187
2
-207
-195
42
213
173
-99
-275
-115
194
225
-43
-269
-121
162
167
-45
-206
-94
133
164
-60
-189
-63
109
122
-44
-139
-41
78
60
18
-38
-56
-59
22
139
93
-92
-168
-15
143
127
-32
-117
-88
50
124
50
-94
-102
-6
105
84
-12
-86
-80
28
147
108
-54
-145
-32
102
130
29
-88
-71
39
58
42
39
33
-71
-118
35
180
96
-98
-189
-51
145
186
25
-151
-164
24
201
139
-67
-192
-53
148
158
-26
-129
-35
100
112
-19
-128
-30
123
124
-18
-145
-37
108
111
-18
-137
-88
63
170
93
-108
-214
-47
177
136
-43
-143
-91
40
121
79
-62
-146
-23
132
90
-46
-132
-73
51
72
61
-8
-101
-86
0
87
48
-47
-91
-48
39
86
-7
-85
-80
-35
45
74
32
-68
-123
-31
84
110
43
-105
-151
-37
117
178
-13
-197
-126
46
182
52
-159
-139
76
134
-44
-147
-76
117
127
-57
-173
-67
88
127
-11
-126
-55
36
101
75
-31
-128
-101
66
193
96
-142
-191
13
191
140
-100
-184
-21
148
97
-48
-104
-17
54
34
36
12
-28
-59
-30
50
116
29
-68
-77
24
100
56
-3
-58
-33
52
72
50
-15
-62
-74
36
143
98
-82
-181
-67
107
199
53
-144
-172
-3
203
166
-75
-186
-61
151
149
-23
-132
-34
103
120
-45
-151
-15
143
102
-37
-115
-38
71
104
8
-111
-117
13
154
142
-88
-216
-79
144
172
-10
-172
-141
64
176
59
-137
-142
44
132
48
-62
-84
-54
27
80
46
-16
-70
-90
-29
70
63
-15
-95
-88
2
87
71
-57
-126
-100
37
151
85
-86
-155
-84
77
150
82
-97
-196
-78
150
192
38
-211
-196
49
211
101
-147
-196
23
166
61
-130
-144
46
137
22
-137
-107
68
123
14
-115
-95
49
136
68
-80
-142
-44
100
170
45
-136
-139
32
146
88
-68
-132
-12
98
69
-8
-59
-23
21
39
24
20
-22
-49
2
38
74
39
-55
-69
4
101
89
-26
-89
-32
70
99
30
-37
-67
-27
38
97
73
-34
-133
-97
59
207
113
-117
-225
-51
206
212
-39
-219
-120
150
237
-5
-227
-83
171
165
-77
-189
-14
209
139
-108
-165
-16
154
126
-69
-162
-50
98
136
37
-113
-151
-19
132
96
-57
-100
-49
46
69
17
-53
-33
10
-2
-35
47
53
-60
-97
-15
132
98
-118
-187
-20
163
92
-114
-149
-12
89
56
-47
-62
-21
-22
-43
15
101
30
-130
-145
13
183
139
-101
-251
-74
163
208
0
-195
-176
50
188
89
-147
-187
21
174
69
-136
-178
45
181
45
-149
-158
42
170
25
-128
-106
25
118
79
-28
-114
-90
27
165
125
-91
-193
-26
150
119
-30
-118
-41
41
83
39
-55
-73
-13
45
96
61
-47
-103
-51
84
135
36
-102
-89
48
113
66
-18
-95
-38
56
112
56
4
-90
-89
29
153
91
-41
-133
-91
55
171
116
-65
-200
-91
174
232
8
-209
-155
132
234
45
-177
-104
101
163
3
-149
-44
126
144
-28
-142
-57
106
127
-17
-143
-81
55
113
80
-30
-147
-106
77
139
59
-95
-140
-66
111
154
5
-145
-136
40
169
71
-84
-144
-54
84
134
21
-123
-141
7
94
46
-33
-68
-63
-34
30
66
9
-66
-115
-71
104
151
-11
-192
-139
81
205
67
-120
-199
-53
139
161
21
-168
-165
38
160
48
-123
-102
35
67
-22
-55
-36
0
38
24
-53
-87
-22
63
42
-28
-52
-18
10
53
51
-27
-123
-40
123
141
-4
-145
-106
71
157
48
-106
-118
27
132
52
-88
-89
22
77
39
-21
-12
-24
-22
21
78
54
-31
-79
-25
85
111
14
-96
-79
56
138
82
-42
-97
-78
45
155
93
-61
-165
-77
73
181
110
-112
-201
-57
180
207
3
-176
-143
87
233
34
-146
-108
67
172
37
-131
-107
102
170
9
-164
-91
105
148
33
-111
-130
-11
128
129
-17
-155
-135
37
187
106
-105
-202
-41
161
135
-46
-145
-76
92
94
-6
-75
-71
-4
47
49
24
-56
-89
-43
45
68
12
-55
-105
-49
79
83
-16
-91
-74
-13
56
87
17
-99
-109
-15
120
129
-31
-174
-128
76
215
92
-165
-234
-26
195
148
-107
-226
-20
190
91
-123
-186
19
169
81
-141
-182
-10
185
99
-103
-159
-11
123
124
-1
-123
-141
24
187
120
-101
-188
-8
168
110
-51
-131
-51
100
86
-13
-81
-37
49
15
19
51
28
-61
-115
-4
163
136
-72
-174
-50
161
143
-15
-135
-72
79
161
59
-53
-92
-64
33
140
85
-56
-130
-100
56
186
144
-90
-244
-83
174
220
9
-193
-124
129
199
3
-170
-72
120
161
-10
-149
-63
110
133
14
-105
-92
53
126
28
-81
-113
-26
114
160
12
-201
-145
79
172
55
-121
-139
2
101
90
-15
-103
-56
45
87
31
-37
-73
-64
19
96
65
-69
-145
-60
100
87
-22
-93
-73
3
38
54
2
-41
-112
-97
77
176
47
-187
-194
12
234
186
-75
-281
-145
153
254
50
-204
-202
38
158
73
-90
-144
-12
113
54
-64
-109
-33
81
91
-39
-144
-61
65
111
-7
-78
-73
9
116
93
-78
-171
-45
162
185
-26
-198
-116
108
203
36
-140
-106
29
102
57
-47
-101
-28
66
91
34
-46
-62
-28
49
78
49
-45
-53
21
48
30
31
18
-51
-54
53
138
71
-86
-162
-18
168
174
-29
-200
-115
81
195
92
-88
-168
-48
122
163
23
-128
-109
36
141
75
-72
-77
24
89
49
-79
-70
44
135
14
-110
-51
74
77
-13
-55
-31
0
21
40
39
-24
-110
-82
67
134
38
-131
-137
47
127
30
-86
-88
31
80
37
-35
-93
-51
26
72
47
-59
-121
-44
55
76
11
-93
-89
2
63
39
6
-54
-104
-67
50
143
31
-146
-160
19
176
104
-73
-171
-83
79
143
62
-84
-144
-55
88
132
-8
-154
-95
90
105
-48
-134
-33
99
72
-59
-121
-46
111
89
-100
-105
10
104
74
-17
-69
-65
-37
70
143
47
-129
-129
78
156
55
-94
-129
9
112
77
-36
-92
-13
45
64
54
-4
-95
-83
48
160
84
-70
-117
-30
103
142
19
-95
-93
36
119
111
5
-104
-107
38
146
93
-46
-119
-68
47
121
88
-48
-129
-82
84
158
79
-78
-144
0
140
85
-69
-96
11
115
51
-53
-90
8
126
98
-59
-157
-13
157
107
-69
-189
-81
128
204
35
-174
-187
13
183
113
-78
-182
-52
100
117
-8
-109
-67
25
80
47
-32
-98
-52
42
75
36
-32
-96
-96
10
113
74
-80
-146
-61
81
103
19
-72
-130
-72
96
140
19
-133
-160
-14
161
161
-24
-190
-156
52
196
119
-111
-214
-72
123
160
-11
-158
-108
58
109
14
-90
-72
-1
54
34
-50
-91
-17
80
37
-46
-48
-11
55
83
-20
-123
-88
81
171
54
-126
-130
7
148
104
-74
-131
-35
123
118
-43
-118
-43
50
91
52
-32
-93
-72
59
133
66
-60
-79
8
60
86
23
-54
-81
-3
112
105
31
-64
-131
-23
110
139
39
-108
-159
-27
158
222
-7
-219
-176
76
255
152
-147
-235
-8
213
169
-92
-155
-8
145
101
-65
-132
-6
135
98
-52
-113
-8
101
91
-30
-123
-68
60
137
71
-95
-167
-62
136
144
-25
-147
-108
76
131
29
-92
-117
21
126
36
-54
-74
-27
23
48
52
-28
-84
-84
36
98
10
-84
-66
-4
34
26
-9
-46
-46
-37
2
73
76
-66
-142
-51
84
132
29
-110
-146
-20
146
160
-49
-227
-118
133
206
-5
-228
-151
126
187
-34
-179
-111
100
153
-7
-167
-124
67
129
2
-107
-68
48
74
43
-24
-106
-60
50
144
77
-85
-156
-17
128
127
-14
-161
-77
85
137
25
-115
-87
18
74
94
10
-82
-107
30
147
80
-78
-113
27
119
61
-33
-38
-6
24
18
34
93
30
-93
-125
10
184
131
-68
-210
-126
162
270
57
-206
-236
34
266
163
-117
-214
-9
176
124
-66
-116
15
87
45
-37
-47
29
61
40
-3
-61
-20
72
51
-36
-69
-34
41
98
79
-70
-156
-50
93
120
7
-117
-128
37
141
64
-86
-114
-9
84
69
6
-65
-83
-16
56
88
24
-106
-117
1
99
80
-57
-122
-71
45
81
23
-65
-65
-60
-35
108
136
-53
-202
-105
138
201
16
-190
-189
30
185
146
-54
-213
-103
73
183
35
-173
-132
52
116
20
-94
-84
30
104
1
-106
-85
18
97
45
-81
-94
2
109
93
-40
-136
-65
85
158
51
-127
-128
13
123
96
-48
-105
-43
105
97
-44
-91
-14
44
49
19
-8
-28
-35
-10
41
110
43
-84
-81
37
100
77
-27
-84
-33
63
117
63
-26
-111
-76
45
143
93
-66
-142
-88
62
195
101
-128
-211
-36
203
199
-41
-204
-110
118
167
12
-97
-38
69
79
-21
-81
-24
80
101
-26
-115
-29
91
82
-22
-95
-49
0
92
114
-32
-184
-121
94
195
52
-162
-184
25
193
104
-119
-171
16
125
44
-48
-58
-52
-3
52
58
21
-79
-119
-23
102
91
-46
-136
-88
49
112
42
-50
-125
-86
12
129
115
-88
-204
-52
135
160
1
-135
-148
-14
141
150
-5
-175
-161
33
187
102
-128
-184
21
162
29
-124
-111
43
157
14
-160
-128
60
154
22
-128
-101
45
142
61
-63
-149
-69
111
169
54
-121
-159
2
137
132
-16
-143
-71
77
112
21
-81
-88
8
60
101
28
-71
-93
-1
85
84
18
-48
-47
2
67
77
25
-60
-56
-7
69
113
37
-93
-127
18
167
122
-58
-181
-93
110
209
67
-146
-224
-6
252
187
-103
-235
-53
211
157
-78
-157
-20
148
103
-54
-107
-24
98
97
1
-94
-77
48
112
54
-75
-125
-45
132
160
-4
-189
-147
77
161
36
-108
-105
-7
79
77
-19
-109
-47
74
79
-1
-46
-89
-36
54
116
44
-133
-151
23
140
77
-98
-143
-2
85
32
-47
-66
-12
-17
-20
15
63
26
-101
-142
9
161
152
-74
-260
-124
194
232
22
-265
-194
84
228
72
-181
-164
38
144
27
-116
-100
34
99
32
-94
-103
-19
77
58
-24
-75
-59
52
122
38
-109
-153
-14
184
163
-69
-182
-69
124
134
8
-103
-94
36
103
35
-70
-90
15
68
62
8
-34
-42
-27
36
107
55
-63
-90
-20
110
110
10
-85
-64
15
94
109
39
-94
-147
-6
179
162
-48
-211
-126
111
228
110
-127
-225
-57
185
222
-14
-163
-122
78
175
51
-104
-71
60
95
14
-72
-49
56
108
34
-76
-76
40
108
39
-80
-137
-4
140
138
-24
-194
-132
123
176
6
-149
-121
50
126
36
-92
-84
18
66
49
-30
-41
-48
-25
44
81
24
-87
-116
-5
91
46
-44
-94
-55
31
57
13
-31
-85
-76
-14
89
113
-32
-167
-99
57
168
83
-96
-177
-84
106
188
42
-165
-195
-6
174
131
-88
-181
-47
121
86
-52
-122
-49
84
67
-65
-93
-23
92
37
-55
-70
-12
27
80
45
-51
-138
-52
141
209
-22
-233
-126
131
214
25
-151
-124
49
132
61
-97
-84
10
74
86
-1
-70
-50
13
48
54
42
-4
-67
-32
31
109
69
-66
-86
-21
86
154
43
-121
-185
9
236
177
-85
-224
-110
109
218
105
-112
-221
-68
204
209
-11
-202
-122
107
204
30
-163
-101
102
155
31
-142
-110
102
167
28
-148
-98
90
127
16
-94
-90
-14
94
132
17
-154
-159
35
178
75
-101
-147
-18
119
93
-43
-76
-42
44
61
14
-30
-83
-40
27
56
49
-28
-81
-65
34
74
7
-72
-78
-30
58
55
-12
-69
-87
-54
66
140
39
-137
-182
-17
177
182
-42
-235
-170
104
263
123
-188
-285
-41
257
210
-131
-282
-58
193
139
-92
-192
-45
147
125
-83
-178
-45
115
110
-54
-139
-24
99
86
-8
-82
-99
10
124
123
-16
-148
-81
74
151
42
-115
-110
45
120
24
-68
-57
16
20
31
48
20
-58
-100
1
141
118
-53
-148
-49
133
156
-8
-110
-59
45
96
79
20
-74
-124
-23
146
161
-29
-144
-127
30
177
138
-75
-190
-116
138
236
49
-160
-186
44
206
89
-114
-125
42
159
71
-106
-120
36
156
60
-84
-107
26
87
47
-41
-72
-14
37
68
51
-51
-157
-74
130
155
-24
-167
-94
103
121
5
-98
-64
11
72
56
-19
-102
-85
31
109
50
-36
-92
-80
16
80
10
-73
-30
-32
-10
16
66
3
-141
-139
81
215
65
-207
-219
40
210
125
-90
-196
-90
119
152
12
-116
-112
-17
88
106
-21
-128
-81
51
77
8
-77
-73
21
58
25
-69
-94
16
98
19
-84
-57
33
98
46
-71
-123
-23
129
149
-12
-165
-83
91
131
46
-90
-103
10
113
72
-60
-88
-3
27
61
70
-1
-79
-96
25
133
93
-30
-105
-33
53
107
82
-28
-115
-67
92
157
77
-103
-165
-19
170
150
-15
-151
-139
37
180
158
-54
-222
-117
143
253
55
-200
-185
69
199
80
-130
-106
63
127
42
-79
-77
24
94
60
-45
-93
-1
85
75
4
-93
-105
5
152
140
-90
-214
-90
116
188
30
-180
-167
55
202
66
-141
-156
33
147
60
-65
-115
-67
48
98
55
-50
-138
-59
43
91
35
-71
-111
-64
47
84
43
-69
-119
-92
52
161
86
-148
-240
-17
230
186
-83
-242
-151
103
236
98
-156
-205
-47
140
153
-17
-181
-104
104
92
-42
-115
-48
89
106
-50
-138
-51
72
71
-15
-50
-18
0
31
53
16
-83
-111
53
171
96
-102
-179
-9
171
109
-52
-159
-41
117
123
-17
-119
-58
41
80
65
-13
-79
-54
11
112
109
-34
-146
-46
110
140
37
-89
-93
37
127
48
-8
-23
-49
-33
29
121
60
-75
-131
-45
124
193
25
-165
-170
29
205
141
-76
-192
-50
160
150
-51
-141
20
140
50
-92
-100
38
151
75
-102
-126
46
162
49
-103
-123
-18
85
127
27
-120
-154
-1
151
95
-61
-136
-48
75
78
-7
-74
-51
8
52
33
-7
-49
-45
-13
45
60
-16
-88
-92
18
106
44
-80
-111
-22
74
37
-36
-48
-9
-39
-60
73
127
-30
-201
-113
138
196
13
-160
-172
6
172
139
-27
-210
-134
79
186
60
-176
-162
69
142
10
-133
-110
75
136
0
-150
-117
72
142
5
-136
-87
56
129
66
-67
-144
-70
81
192
74
-155
-173
16
161
128
-46
-165
-76
110
159
-15
-137
-69
45
105
53
-49
-76
-43
26
92
79
-36
-81
-41
39
119
74
-32
-99
-38
52
110
94
-19
-149
-101
112
204
53
-137
-188
-17
174
193
4
-210
-177
70
245
100
-125
-184
7
196
125
-94
-137
41
118
54
-78
-79
42
98
52
-43
-68
0
53
76
7
-87
-76
7
124
97
-60
-173
-82
114
153
5
-99
-121
-22
109
99
-26
-112
-82
61
105
23
-63
-125
-32
123
116
-24
-128
-105
12
95
53
-40
-88
-55
27
63
-3
-43
-50
-54
-35
65
124
0
-161
-146
80
204
66
-150
-221
-31
194
205
-20
-244
-147
103
197
28
-182
-136
57
118
-4
-105
-76
43
106
-4
-119
-89
65
107
-6
-100
-96
30
140
62
-55
-120
-75
72
163
56
-107
-155
-20
147
139
-29
-155
-95
98
145
4
-103
-84
28
88
58
-17
-83
-61
17
109
88
-30
-85
-40
48
117
47
-56
-61
12
69
44
35
-14
-51
-48
32
105
67
-44
-125
-73
79
185
84
-135
-206
-4
228
181
-83
-206
-60
173
176
-67
-169
-7
148
101
-85
-117
32
144
61
-78
-91
24
101
46
-62
-86
-32
43
92
50
-48
-142
-70
100
149
19
-140
-169
27
168
95
-106
-134
1
97
68
-19
-80
-81
-20
81
114
29
-121
-175
-11
152
90
-75
-152
-66
63
90
31
-77
-107
-39
32
94
64
-74
-140
-42
94
137
37
-120
-170
-33
144
167
-28
-194
-122
70
163
51
-131
-155
31
147
36
-121
-128
43
143
13
-127
-104
37
94
31
-62
-68
-12
52
89
40
-112
-165
22
230
156
-140
-230
-3
206
152
-103
-184
-9
155
84
-74
-113
12
97
13
-44
39
62
-74
-97
37
153
76
-94
-118
37
153
106
-47
-113
-35
48
92
80
10
-82
-104
-3
142
178
-44
-219
-128
127
233
86
-154
-203
-39
174
195
-2
-185
-123
93
187
33
-140
-72
66
147
9
-127
-74
95
150
-1
-149
-35
94
76
-25
-98
-65
29
107
79
-40
-150
-91
63
143
39
-124
-121
0
113
71
-58
-100
-30
68
60
-14
-38
-70
-30
48
90
26
-107
-116
4
103
63
-77
-110
-20
67
45
-53
-46
-5
-11
-48
-25
82
86
-92
-170
-32
193
182
-94
-256
-109
155
241
34
-198
-190
-3
199
113
-135
-197
3
192
67
-136
-155
23
170
43
-144
-121
44
134
10
-127
-63
59
107
22
-59
-66
-39
-2
88
116
9
-120
-102
58
134
80
-65
-133
-28
81
109
14
-92
-71
-2
104
105
-48
-114
-58
90
120
30
-75
-60
34
80
18
13
5
13
-41
-25
89
137
-32
-202
-98
190
228
-4
-217
-192
75
272
147
-123
-263
-90
211
237
-14
-216
-144
143
236
-3
-171
-71
134
157
-32
-169
-54
156
129
-63
-141
-11
148
85
-69
-111
-68
60
118
58
-35
-136
-112
80
145
19
-93
-102
-16
79
89
12
-113
-88
38
108
66
-50
-125
-81
77
162
48
-156
-187
15
153
70
-73
-155
-35
100
69
-52
-61
0
-30
-64
-12
123
103
-114
-228
-61
225
216
-59
-269
-187
129
283
98
-223
-253
23
222
121
-161
-229
29
186
43
-137
-136
45
114
21
-104
-95
22
67
31
-46
-46
-22
4
90
70
-77
-165
-22
166
145
-50
-198
-54
141
148
-25
-136
-67
79
98
-2
-90
-41
23
45
49
36
-16
-73
-71
50
135
65
-87
-104
21
128
94
-29
-78
-45
39
80
86
28
-73
-110
-29
149
174
5
-205
-169
98
253
132
-180
-250
-19
247
232
-95
-235
-50
178
185
-37
-172
-35
128
97
-31
-93
0
78
63
-9
-68
-28
53
58
30
-35
-80
-66
52
168
67
-154
-212
-6
234
137
-121
-213
-41
152
122
-36
-129
-62
69
88
6
-41
-65
-33
13
75
57
-42
-125
-77
54
114
27
-111
-139
4
110
73
-24
-89
-126
-55
99
185
24
-203
-193
45
221
159
-131
-243
-85
156
203
37
-170
-200
-4
187
129
-110
-202
-43
156
100
-64
-166
-43
129
74
-87
-106
-16
74
67
-64
-87
-8
58
77
8
-63
-95
-24
129
134
-27
-157
-65
87
108
25
-91
-92
41
112
44
-88
-81
13
51
59
47
-9
-91
-66
58
119
51
-60
-64
-18
78
93
29
-70
-77
-10
105
147
45
-118
-156
17
165
134
-39
-159
-97
43
208
116
-121
-210
-67
178
219
-28
-181
-97
111
175
15
-151
-59
97
118
-2
-103
-61
95
126
2
-114
-60
70
87
20
-67
-80
-33
77
111
37
-114
-177
-3
166
138
-59
-183
-73
95
134
-11
-110
-91
41
112
39
-49
-94
-50
69
78
17
-70
-103
-51
69
100
2
-112
-96
17
76
32
-5
-75
-76
-37
55
102
36
-104
-153
-14
144
129
-17
-162
-153
58
201
116
-129
-245
-66
199
187
-71
-240
-74
164
118
-81
-167
-27
147
88
-88
-167
-37
135
96
-68
-137
-22
97
100
7
-95
-101
-17
120
137
12
-137
-97
29
113
83
-35
-109
-71
72
132
31
-131
-93
50
125
51
-55
-91
-46
63
114
44
-51
-84
10
77
80
19
-71
-50
20
81
48
23
-31
-76
-21
54
118
64
-89
-143
-40
140
200
-9
-229
-175
134
292
63
-233
-195
112
254
41
-195
-100
96
154
37
-120
-96
45
144
58
-112
-98
65
119
24
-74
-80
-19
58
95
37
-87
-140
-41
124
162
-30
-183
-126
84
164
21
-124
-110
49
112
18
-44
-81
-56
47
79
42
-63
-107
-38
47
62
6
-78
-65
-14
19
29
25
-18
-69
-86
-22
140
122
-100
-222
-74
171
186
2
-225
-168
62
208
126
-111
-204
-69
107
139
-2
-147
-83
53
69
-9
-61
-60
9
74
22
-98
-86
47
128
8
-106
-90
12
112
101
-28
-156
-94
88
210
85
-165
-211
34
220
143
-106
-198
-30
162
141
-48
-176
-60
131
129
9
-112
-62
82
66
-10
6
30
2
-37
-11
45
96
41
-63
-101
17
153
155
-56
-193
-105
149
239
47
-188
-204
37
216
138
-47
-174
-135
48
218
112
-88
-179
-17
159
106
-48
-84
-3
84
27
-50
-43
34
91
33
-53
-80
20
87
42
-23
-74
-71
19
136
117
-92
-225
-71
182
190
-67
-228
-103
127
184
-6
-173
-130
79
150
50
-76
-120
-51
66
90
26
-64
-96
-51
47
60
7
-49
-67
-45
-7
45
33
-10
-85
-125
-9
173
117
-119
-203
-42
139
135
10
-147
-161
-8
157
184
-35
-255
-152
134
236
7
-259
-154
177
172
-77
-198
-33
140
86
-77
-129
-4
90
30
-55
-75
-8
30
60
57
-30
-113
-72
82
185
44
-158
-132
62
148
73
-58
-123
-21
89
79
-17
-82
-40
22
55
45
21
-39
-80
-29
97
155
18
-157
-81
99
169
38
-100
-92
17
84
78
21
-28
-52
-56
14
125
120
-39
-202
-89
148
230
26
-197
-193
47
246
151
-126
-220
-21
186
168
-79
-150
-11
143
102
-71
-134
-11
148
103
-57
-109
-8
98
79
-19
-117
-80
62
142
37
-90
-139
-31
96
117
-3
-112
-108
27
135
60
-89
-96
13
71
14
-14
3
-49
-81
31
138
59
-138
-187
-14
189
147
-104
-214
-73
120
115
-16
-94
-80
-41
-9
83
123
-12
-193
-145
75
219
127
-165
-269
-33
226
205
-75
-244
-123
112
182
29
-165
-123
48
111
3
-96
-74
31
83
4
-97
-52
43
66
-3
-73
-47
21
56
54
-2
-101
-98
46
154
69
-99
-125
-8
105
109
-17
-113
-62
68
94
20
-98
-59
33
66
53
4
-62
-71
-11
108
125
-5
-121
-85
72
120
51
-41
-69
-10
49
50
50
42
-62
-116
-14
157
161
-64
-209
-95
149
225
16
-205
-186
69
240
137
-87
-193
-55
167
159
-57
-160
-12
148
105
-45
-118
-23
119
75
-43
-65
21
35
32
14
-32
-72
-33
115
123
-36
-170
-112
91
181
25
-143
-129
28
119
66
-48
-91
-54
51
101
54
-62
-146
-52
110
151
4
-171
-137
71
147
20
-103
-95
-14
29
35
34
-5
-81
-126
-32
152
139
-50
-221
-153
121
245
76
-181
-237
-7
198
190
-38
-250
-150
98
201
56
-185
-169
64
170
23
-153
-98
74
98
-16
-92
-59
32
78
-15
-102
-28
58
51
32
-15
-89
-80
29
144
106
-68
-153
-45
112
143
-3
-135
-109
73
134
38
-93
-105
10
101
101
-1
-109
-102
35
119
92
-11
-82
-38
40
65
47
14
-32
-36
-13
69
126
44
-136
-159
35
195
157
-64
-227
-123
130
258
80
-183
-239
-10
250
215
-72
-241
-90
180
190
-38
-176
-18
152
96
-63
-133
-6
139
112
-37
-138
-45
109
111
2
-114
-98
0
106
124
5
-166
-164
48
204
92
-143
-186
-6
135
111
-27
-144
-76
83
118
26
-87
-122
-24
90
108
-6
-101
-105
-20
93
79
-40
-138
-73
61
78
6
-37
-54
-93
-52
79
145
41
-168
-204
11
223
154
-103
-236
-100
132
226
68
-190
-229
-12
226
168
-116
-235
-46
153
115
-73
-159
-23
130
80
-89
-141
-3
126
61
-106
-131
38
128
77
-43
-119
-74
60
146
87