#4
276
-54
-137
137
351
227
-23
-63
148
272
145
39
66
177
152
73
70
158
167
105
46
67
132
152
107
52
36
149
116
59
56
103
141
137
72
10
74
183
193
45
-38
74
218
178
0
3
151
183
34
-12
122
226
156
-13
-59
122
285
199
-39
-86
101
304
246
7
-113
15
219
243
106
10
6
114
166
134
40
20
91
156
110
33
37
110
125
90
46
48
69
59
83
119
95
-4
-32
72
221
124
-91
-88
146
250
94
-74
-31
166
249
62
-89
-9
209
259
27
-132
25
243
197
-9
-81
83
172
111
19
30
97
97
41
55
80
119
96
50
-25
22
145
156
50
-42
4
123
128
40
-7
29
71
50
58
104
121
47
-74
-46
146
277
89
-175
-105
208
291
52
-161
-30
241
206
-35
-94
77
213
139
-9
-25
62
153
191
58
-22
-13
113
195
118
-14
-19
111
126
43
23
55
89
66
11
30
63
81
52
15
63
118
37
-12
46
135
124
9
-60
39
193
123
-47
-43
81
105
53
47
102
64
8
-2
64
126
103
54
-5
6
84
159
122
-10
-76
39
202
161
-13
-88
2
177
161
9
-96
35
206
140
-83
-121
95
257
80
-136
-72
130
173
9
-80
25
91
13
-33
86
137
-1
-102
-5
147
134
-41
-80
57
191
94
-77
-78
118
228
68
-120
-82
135
213
94
-95
-105
87
154
64
-5
-2
37
89
60
15
35
80
54
-16
-33
61
124
71
-35
-50
31
110
75
1
-8
-13
11
82
110
28
-81
-67
47
148
123
-34
-94
17
148
111
-39
-91
30
181
113
-85
-91
89
176
110
-11
-88
-10
137
183
79
-69
-70
65
214
131
-96
-119
97
200
66
-96
-54
106
137
27
-100
-37
125
115
15
-23
-7
43
59
49
46
35
30
-24
-6
94
86
27
-19
-34
44
110
85
7
-31
9
64
67
57
58
41
-1
-13
42
115
134
0
-120
-55
160
256
48
-177
-112
140
219
43
-140
-75
151
202
-10
-167
-20
183
145
-60
-122
21
140
79
-46
-80
6
44
21
33
31
-2
-30
-14
53
67
21
-17
-8
43
71
35
-11
33
83
11
-40
22
74
59
18
6
-18
17
48
34
26
27
-5
4
41
26
58
40
-7
-32
-27
51
84
51
-16
-60
-6
54
52
26
-6
-66
-32
69
101
48
-70
-93
-7
97
115
-3
-85
-41
105
102
-36
-92
2
151
93
-73
-88
45
155
73
-56
-51
32
112
109
20
3
-11
25
93
73
-29
-43
43
126
32
-75
-43
82
127
25
-83
-87
45
135
59
-51
-42
9
72
75
26
-14
-8
2
36
69
26
-28
5
18
14
8
38
71
33
-46
-21
68
94
30
-26
-16
40
74
71
51
-10
-42
-40
80
156
97
-89
-166
44
229
136
-145
-185
103
217
12
-150
-49
154
119
-98
-111
28
117
33
-79
-13
7
-16
-21
39
72
-44
-119
9
131
75
-76
-83
34
119
59
-78
-64
97
125
31
-91
-74
62
106
63
-33
-84
-10
98
74
-10
-29
-13
17
40
29
4
8
30
6
-48
-3
90
55
-48
-71
-4
62
47
-12
-13
-33
-53
0
106
112
-55
-178
-64
137
194
-5
-222
-106
188
183
-78
-175
-1
182
119
-104
-161
56
174
55
-62
-20
57
56
29
29
25
-7
-26
52
129
27
-73
-22
82
59
-33
-54
23
98
55
-84
-114
60
171
32
-139
-81
95
127
1
-79
-40
66
83
-5
-39
-15
36
78
-2
-74
-31
89
113
11
-98
-67
73
112
59
-27
-53
-6
47
89
82
-31
-97
-18
100
157
54
-108
-132
32
185
89
-111
-119
57
162
47
-129
-89
99
140
-14
-130
-44
57
55
18
-33
-64
-55
16
71
50
-50
-74
-2
61
14
-28
-15
31
43
6
-46
-33
71
96
14
-89
-44
95
110
-13
-94
-39
49
71
9
-33
1
16
12
25
-3
18
22
11
4
-40
-20
36
48
15
-39
-50
-25
43
53
-16
-52
-56
18
90
69
-46
-130
-82
67
155
44
-131
-139
90
167
-24
-142
-48
135
140
-75
-175
-9
178
131
-63
-92
-12
78
124
40
-41
-65
-13
116
118
-7
-100
-15
68
73
18
-71
-40
54
67
-13
-68
-50
75
87
-12
-73
-52
44
84
49
-35
-58
6
46
37
2
-56
-10
37
-5
-1
5
58
46
-37
-61
5
84
79
6
-61
-44
51
117
60
-41
-90
-45
87
175
56
-110
-152
47
177
85
-123
-126
86
174
3
-156
-67
144
120
-56
-147
-27
108
72
-64
-87
-5
-3
-2
5
39
-7
-102
-51
81
102
-31
-111
-28
88
87
-29
-92
26
112
46
-85
-81
50
90
36
-25
-55
-12
15
50
40
-5
-61
-53
14
74
54
8
-50
-39
-9
-1
22
42
21
-8
-68
-53
39
73
5
-78
-123
24
116
98
-66
-180
-83
106
176
9
-175
-103
96
144
-26
-126
-24
123
74
-92
-114
64
127
29
-46
-32
26
21
32
55
44
-20
-44
4
77
84
25
-54
-52
49
54
-20
-23
23
52
-34
-81
11
70
47
-18
-51
-24
17
73
36
-39
-49
-8
39
36
9
-17
-8
8
-8
-17
25
66
26
-12
-47
-22
44
71
52
-30
-83
1
108
131
-17
-130
-56
77
149
62
-76
-119
-12
136
116
-41
-141
-9
123
74
-98
-80
56
100
17
-91
-70
23
46
16
-18
-40
-90
-46
86
92
-55
-158
-50
119
121
-53
-151
-30
142
101
-92
-156
32
191
85
-106
-153
30
158
69
-95
-121
14
95
22
-48
-12
16
9
-10
-25
38
59
3
-60
-77
24
92
35
-69
-90
-5
43
36
-2
-49
-33
-24
-2
28
27
1
-78
-105
25
146
73
-129
-159
34
171
29
-141
-84
117
137
-56
-175
-10
153
119
-46
-103
15
77
44
18
20
-23
-20
54
82
9
-40
0
52
15
-20
-17
11
30
30
-18
-73
-32
73
68
-26
-65
-35
45
70
18
-21
-1
-15
-41
5
89
24
-49
-51
-7
39
47
17
-1
-39
-21
13
40
53
30
-27
-35
-7
45
85
34
-62
-88
11
117
135
-34
-180
-68
157
183
-68
-188
-25
175
127
-142
-176
54
200
57
-163
-135
51
142
14
-104
-77
-29
12
33
34
-16
-102
-52
51
106
-2
-144
-61
103
134
-35
-154
-35
137
151
-54
-166
-3
105
93
-34
-128
-36
83
71
-4
-39
-34
1
37
12
-15
16
28
-17
-51
-35
32
84
18
-91
-78
2
88
42
-65
-85
-40
26
53
48
-37
-121
-92
52
151
63
-148
-170
67
210
21
-196
-103
150
137
-62
-168
-27
161
128
-66
-130
3
132
79
-38
-21
40
21
-26
21
40
37
16
-11
-23
-2
17
-3
-15
12
3
-11
-23
-24
40
45
-17
-67
-43
35
106
21
-54
-57
-6
76
54
-29
-55
-40
11
24
27
11
3
7
-40
-1
56
27
19
4
-32
-25
27
152
56
-141
-144
52
223
142
-120
-223
-21
212
161
-106
-217
-9
214
124
-151
-173
57
182
32
-145
-109
70
98
-24
-89
-13
11
-31
-35
48
29
-89
-81
67
106
-54
-128
-34
120
96
-75
-112
25
156
66
-101
-119
26
109
56
-44
-73
-15
58
23
-28
6
-11
-31
25
38
-5
-7
13
23
-26
-77
-3
73
73
-58
-110
-48
57
85
3
-94
-110
-9
125
105
-73
-196
-89
105
154
22
-141
-146
38
160
54
-120
-107
69
129
-12
-127
-39
99
95
-29
-71
4
76
48
-12
0
34
5
-11
34
46
11
-28
4
56
10
-57
-33
61
62
-31
-113
-38
97
81
-33
-55
-35
-3
53
37
0
-48
-30
-9
50
87
-8
-73
-31
-2
27
25
22
17
-8
-4
-36
-17
83
79
-41
-97
-9
113
119
0
-85
-84
10
134
127
-24
-169
-79
139
165
-23
-180
-81
137
149
-33
-155
-50
130
107
-65
-136
-26
73
65
-8
-77
-106
-22
82
81
-69
-149
-38
108
101
-76
-149
2
136
70
-92
-122
42
166
50
-113
-116
40
137
41
-77
-87
4
77
46
-50
-64
20
40
2
-34
-24
56
83
-23
-113
-49
74
97
-21
-109
-57
26
58
13
-41
-58
-59
-9
38
63
15
-108
-107
16
124
64
-89
-159
-9
153
82
-110
-143
51
156
34
-145
-109
91
168
42
-107
-104
29
139
108
-19
-83
-44
72
113
12
-48
-42
16
55
17
-25
-29
7
46
21
-62
-59
35
82
-8
-68
-26
24
48
20
-50
-3
42
-8
-28
14
20
22
-18
-35
-11
28
26
39
17
-57
-53
9
93
81
-14
-84
-42
76
130
26
-90
-94
-6
130
132
-13
-161
-107
116
216
42
-206
-144
124
190
-10
-192
-82
136
154
-60
-146
-45
67
49
-22
-60
-37
-44
7
58
22
-85
-102
-3
100
40
-80
-72
38
104
1
-108
-48
93
123
-38
-142
-46
105
122
-7
-114
-74
46
77
6
-33
-34
-34
34
48
6
3
-17
-8
-29
-32
38
61
-8
-77
-46
2
34
32
-13
-53
-58
-30
24
90
56
-117
-176
-4
167
130
-89
-209
-35
192
91
-136
-136
46
141
40
-94
-86
51
113
41
-92
-75
34
101
63
8
-11
-25
-3
44
64
33
-37
-46
27
62
-20
-75
6
86
-6
-102
-47
76
102
-47
-84
-8
46
41
-26
-5
16
4
-27
-26
45
34
-35
-27
-41
29
59
19
9
-23
-45
-7
56
38
28
15
-40
-44
32
120
71
-70
-133
-28
164
175
-45
-177
-80
108
191
6
-184
-94
118
147
-41
-137
-11
109
52
-82
-83
25
53
-14
-26
14
-47
-103
-9
119
56
-166
-137
89
175
-27
-184
-62
129
119
-34
-133
-39
111
108
-17
-116
-45
79
81
25
-69
-96
3
83
54
-29
-54
-51
32
65
-4
-39
7
40
-4
-60
-42
62
53
-15
-89
-74
35
94
24
-94
-140
-20
108
94
-17
-126
-99
5
86
98
-41
-167
-51
125
107
-48
-151
-29
126
83
-64
-103
4
112
58
-40
-63
7
58
62
48
2
-39
-27
53
82
8
-47
-24
48
17
-57
1
56
25
-46
-65
-14
56
48
-6
-71
-15
8
5
29
33
-3
-35
-31
38
47
-9
-30
5
-22
-23
-2
47
58
0
-73
-54
50
107
53
-56
-91
15
93
68
15
-68
-69
14
97
93
-19
-95
-37
68
96
14
-82
-57
53
98
-7
-102
-49
93
99
-51
-145
-25
87
75
-71
-87
-16
-3
-4
18
6
-43
-78
-3
79
42
-81
-90
50
108
4
-104
-59
96
125
-18
-126
-64
69
100
16
-75
-71
16
54
37
-19
-25
-21
-4
17
12
39
12
-53
-57
-3
31
26
11
-22
-26
-39
-35
29
55
-8
-87
-97
18
120
42
-117
-151
1
145
122
-84
-203
-33
169
136
-97
-205
2
211
87
-169
-150
73
186
37
-102
-79
19
102
44
23
16
-55
-39
88
123
-1
-124
-27
113
94
-70
-144
-5
153
82
-123
-176
48
176
40
-129
-104
48
103
46
-59
-44
17
2
-27
42
52
-10
-46
-48
12
48
31
5
-32
-56
16
58
47
1
-29
-10
-1
34
66
35
-38
-64
-29
52
137
78
-95
-176
19
195
96
-133
-169
66
203
53
-183
-153
112
197
-3
-191
-105
63
124
25
-114
-115
-11
60
74
-10
-128
-69
46
46
-11
-60
-9
48
32
-28
-47
4
51
37
0
-61
-19
24
40
35
4
-62
-68
28
73
23
-47
-44
8
45
3
-3
24
-9
-79
-59
55
115
0
-96
-65
22
51
-22
-42
0
-12
-64
-25
107
79
-113
-180
-2
163
120
-90
-180
-27
132
98
-60
-141
-22
115
85
-70
-124
33
120
47
-45
-78
20
75
81
39
-36
-52
4
70
42
-11
-20
2
50
9
-46
-33
34
44
-9
-67
-42
32
65
25
-60
-66
1
46
45
-1
-31
-32
-17
37
58
-22
-61
7
33
-12
-34
13
78
40
-63
-91
21
104
68
-15
-78
-55
27
151
90
-82
-162
-33
170
192
-20
-177
-130
76
188
70
-137
-140
44
171
43
-131
-101
72
131
-24
-134
-53
71
71
-46
-65
-19
-20
-29
21
54
-36
-113
-56
71
77
-29
-77
-11
58
41
-41
-78
31
136
32
-120
-105
54
129
55
-68
-120
-29
92
93
-10
-83
-76
28
107
23
-57
-41
8
42
-17
-56
0
51
21
-56
-70
-3
80
23
-59
-102
-45
59
72
27
-62
-101
-55
57
92
6
-100
-88
55
118
-7
-103
-61
67
94
-20
-101
-13
73
72
14
-35
-52
-12
59
108
59
-72
-99
45
139
62
-77
-97
36
106
29
-76
-92
43
102
9
-135
-65
96
102
-43
-98
-22
65
64
-22
-55
16
49
-34
-52
42
54
12
-80
-69
41
87
56
-23
-70
-32
49
82
21
-35
-28
13
56
41
31
-11
-45
-44
30
101
88
-34
-117
-41
102
125
-29
-146
-42
113
89
-41
-89
20
82
13
-80
-56
32
11
-26
7
-19
-59
-44
25
78
-33
-98
-64
43
68
-24
-85
17
79
12
-65
-80
37
122
52
-90
-89
32
104
36
-65
-84
-10
69
35
-41
-30
11
22
6
-31
-15
75
45
-61
-120
-14
139
98
-91
-170
-31
119
75
-33
-90
-89
-23
59
78
15
-88
-102
-9
79
95
-34
-168
-86
104
163
-22
-171
-64
114
115
-42
-149
-32
125
113
-22
-81
-33
46
96
54
-26
-65
-39
54
163
37
-123
-99
65
133
22
-119
-77
87
123
-37
-139
-27
104
59
-67
-66
28
44
20
-24
-18
18
16
-17
-19
20
18
4
-29
-39
15
52
47
-17
-69
-41
48
70
51
-5
-67
-20
40
77
87
-36
-86
-47
54
140
88
-61
-148
-68
138
155
-31
-173
-67
153
119
-91
-151
32
161
34
-152
-100
54
93
1
-86
-70
-17
7
47
39
-62
-100
-10
50
14
-48
-29
54
58
-49
-76
-13
67
81
-1
-85
-25
70
32
-21
-22
-17
-10
-1
27
45
9
-70
-73
36
102
20
-54
-35
0
3
-7
18
41
-9
-68
-81
20
96
40
-93
-120
-12
80
68
-38
-78
-46
-12
39
70
13
-93
-130
60
175
-9
-158
-78
111
139
-43
-163
-15
155
87
-91
-79
21
86
48
6
16
-3
-55
19
113
51
-58
-78
14
115
37
-94
-99
31
127
10
-124
-90
85
121
3
-106
-83
15
80
49
-14
-50
-14
18
52
-14
-61
17
34
-16
-44
-1
82
54
-65
-87
11
94
57
-20
-40
-33
23
78
64
-12
-94
-66
69
129
71
-67
-127
-1
112
99
-45
-154
-22
146
112
-89
-145
28
132
28
-120
-74
54
33
-18
-15
2
-60
-90
17
115
7
-120
-76
35
74
-13
-72
-17
54
52
-23
-52
16
78
23
-65
-49
42
51
4
-11
-10
-35
-12
42
47
3
-74
-66
69
79
-22
-39
-3
27
-15
-50
3
65
33
-61
-98
-5
64
34
-48
-126
-48
74
105
16
-97
-130
-8
76
90
-6
-128
-78
77
100
1
-110
-57
63
78
-20
-95
0
71
54
-16
-29
2
16
10
55
72
3
-90
-30
122
103
-45
-120
-7
130
65
-90
-116
32
139
-3
-149
-58
136
100
-72
-123
-15
100
74
-32
-78
3
42
-1
-9
5
9
29
-12
-66
-39
61
81
23
-45
-79
6
91
54
-13
-50
-15
48
49
50
3
-44
-54
4
100
113
-21
-138
-81
118
157
-6
-172
-82
134
151
-53
-161
-38
139
97
-88
-140
-21
53
68
-12
-71
-87
-20
77
60
-50
-124
-74
71
91
-21
-101
-12
90
44
-54
-79
23
109
47
-83
-104
54
109
-3
-74
-46
25
56
-16
-51
42
16
-55
-31
41
47
20
-21
-26
-52
-18
37
49
15
-78
-68
15
58
13
-59
-40
-12
-23
-12
49
58
-60
-181
-39
182
141
-133
-229
-11
210
113
-126
-165
64
172
2
-197
-77
147
140
-37
-88
-5
61
39
18
24
26
-24
-11
68
59
-29
-36
16
69
18
-89
-58
79
96
-15
-123
-66
66
88
-16
-80
-6
56
8
-18
23
24
-24
-54
16
66
5
-31
-23
-18
22
17
33
36
-38
-86
26
99
46
-42
-29
6
28
20
26
34
-1
-69
-37
79
147
13
-141
-108
104
172
0
-175
-66
152
139
-100
-185
25
187
50
-149
-130
48
83
21
-38
-62
-47
-31
1
68
24
-99
-96
5
103
40
-100
-96
62
123
-1
-118
-48
117
99
-82
-129
21
131
63
-62
-109
-28
90
58
-33
-48
-16
18
44
3
-82
8
83
3
-88
-67
64
93
-19
-94
-65
18
47
14
-24
-41
-54
-30
30
99
32
-136
-168
23
200
83
-148
-186
44
209
62
-184
-151
102
192
3
-176
-86
107
140
9
-92
-59
55
63
41
34
23
-45
-55
53
115
25
-66
-64
40
55
10
-69
-20
79
43
-96
-66
40
83
2
-56
-31
-9
21
43
29
-16
-46
-18
19
44
17
-42
-41
-11
31
35
20
-8
8
-25
-34
11
54
67
17
-66
-45
48
125
46
-92
-118
5
144
133
-16
-146
-88
107
151
-8
-146
-62
123
125
-70
-147
4
151
66
-106
-122
42
82
-9
-69
-14
0
-47
-43
46
42
-75
-80
21
62
2
-66
-23
46
46
3
-52
-52
64
115
-4
-101
-76
76
101
9
-60
-79
16
66
3
-31
-18
-32
42
60
-17
-40
2
46
-45
-64
0
54
56
-50
-92
-45
44
74
-7
-74
-85
-30
78
98
-10
-135
-129
23
148
68
-114
-161
40
184
29
-162
-125
106
158
-42
-159
-44
124
111
-60
-83
-1
115
56
-28
-22
22
-2
13
44
53
-10
-67
4
77
31
-53
-50
24
73
21
-85
-92
31
99
31
-52
-98
-7
96
75
-41
-74
2
28
19
18
-20
-16
15
8
-18
-40
31
77
11
-65
-68
72
124
30
-103
-90
49
126
76
-30
-85
-69
39
124
101
-40
-135
-72
110
175
26
-191
-111
115
179
-27
-176
-58
139
114
-47
-151
-51
88
41
-30
-40
-29
-42
-24
30
45
-34
-84
-55
47
62
-29
-66
-5
72
19
-60
-40
36
95
29
-97
-58
64
74
16
-71
-79
12
80
30
-51
-16
4
9
-11
-30
47
70
-20
-91
-56
46
89
-14
-89
-69
29
56
7
-37
-45
-46
-45
14
121
64
-124
-187
-22
153
160
-68
-227
-80
168
156
-47
-180
-57
135
142
-56
-155
-55
118
145
16
-120
-82
62
139
54
-54
-74
12
115
68
-30
-54
-11
65
35
-38
-43
27
57
-11
-82
-25
53
47
-25
-52
7
25
14
-16
-11
19
9
-3
-12
16
-19
10
41
-8
-75
-24
86
83
-15
-107
-59
76
114
26
-68
-68
8
61
71
37
-24
-89
-45
90
166
21
-151
-132
63
206
71
-178
-149
102
186
5
-188
-93
129
143
-32
-162
-67
96
78
-39
-102
-34
24
14
-2
-9
-47
-52
-22
50
44
-45
-81
23
81
51
-48
-109
24
120
31
-90
-91
52
106
35
-56
-105
-11
92
68
-19
-70
-59
41
54
-9
-12
6
-3
-3
-31
-11
44
47
-45
-110
-42
64
94
-25
-89
-71
14
66
57
-33
-100
-94
22
100
84
-65
-167
-13
170
88
-143
-183
67
215
62
-188
-143
101
174
13
-90
-37
45
13
39
79
34
-76
-59
50
120
55
-67
-77
27
91
27
-94
-61
79
75
-64
-108
-13
89
59
-20
-68
-42
25
76
41
-34
-46
-18
25
46
-15
-27
5
-13
-23
11
47
43
-17
-63
-40
43
80
23
2
-54
-35
45
108
51
-61
-99
-16
100
118
34
-117
-132
36
179
73
-135
-139
69
162
22
-140
-89
86
111
-23
-112
-46
52
27
-2
-10
-73
-82
-4
72
42
-68
-107
-30
82
72
-66
-85
1
86
52
-58
-65
27
99
41
-82
-64
30
35
17
14
-22
-59
-27
31
49
13
-55
-48
24
58
21
8
-30
-47
-40
7
59
49
-41
-91
-45
21
69
36
-75
-103
-30
76
82
-3
-99
-122
-17
111
108
-58
-177
-53
138
129
-60
-163
-33
137
129
-80
-146
-6
119
83
-20
-50
-15
-15
52
89
61
-51
-108
51
124
34
-56
-66
45
75
-13
-81
-26
78
66
-69
-99
-16
94
54
-42
-69
-24
52
64
7
-65
-35
38
49
9
-16
-23
14
6
-34
-36
34
89
14
-77
-51
41
66
32
4
-49
-32
35
102
72
-35
-109
-65
90
189
32
-164
-135
61
206
88
-150
-180
44
233
69
-186
-144
103
194
-10
-201
-79
89
92
-3
-74
-86
-27
14
24
40
-39
-124
-21
92
81
-65
-141
11
138
53
-101
-94
60
131
17
-110
-91
63
121
6
-94
-86
44
87
-29
-36
5
9
10
-30
-39
55
62
-12
-72
-74
38
81
26
-68
-95
-5
56
37
-10
-49
-69
-40
42
70
34
-72
-133
-55
90
140
-10
-177
-103
118
155
-36
-163
-39
137
81
-105
-123
47
143
41
-78
-51
45
57
7
34
65
-39
-73
14
115
71
-55
-63
18
62
17
-67
-29
82
45
-65
-122
9
107
46
-71
-79
17
56
19
-2
4
-3
-53
-35
61
67
-17
-48
-31
13
34
22
17
15
-54
-68
42
127
38
-61
-85
15
87
86
12
-50
-87
-30
97
138
21
-86
-110
1
163
106
-121
-154
47
184
43
-142
-109
57
138
51
-98
-138
-12
89
83
-34
-117
-96
17
97
43
-98
-92
2
39
45
-35
-60
12
44
33
-40
-74
15
104
44
-74
-81
47
98
-3
-70
-47
18
49
11
-28
-17
-19
10
45
-9
-21
15
30
8
-68
-78
59
99
-30
-113
-68
46
97
31
-85
-106
-26
54
77
23
-92
-129
-38
112
131
-38
-179
-91
131
168
-27
-177
-89
108
143
-34
-127
-24
81
99
-4
-89
-35
45
82
54
-16
-40
-26
47
59
41
11
-53
-22
39
36
-15
-34
5
29
-26
-25
-15
20
33
6
-40
-52
-16
81
79
-16
-91
-39
51
69
-5
-58
-6
24
-15
-40
26
81
47
-83
-89
43
110
26
-44
-41
18
24
59
61
-5
-96
-56
70
144
62
-91
-135
-24
145
126
-60
-168
-14
183
109
-129
-165
39
182
35
-172
-120
74
137
-2
-103
-75
-28
15
39
10
-42
-77
-18
49
47
-38
-103
-8
100
72
-53
-113
2
135
70
-101
-112
45
112
31
-60
-63
-20
53
34
-24
-3
8
-22
-9
17
26
13
-3
-29
-38
-11
28
22
-8
-27
-18
-1
12
-11
-26
-29
-47
3
51
46
-23
-120
-75
50
141
25
-170
-134
111
173
-12
-189
-101
163
155
-85
-178
-4
169
78
-58
-56
-9
33
46
34
22
0
-19
4
16
21
38
11
-4
19
-5
-64
-10
78
58
-58
-123
-23
98
73
-28
-90
-36
59
53
16
-33
-14
-2
-9
33
46
-57
-38
46
33
-30
-55
46
90
-9
-101
-40
98
110
-12
-110
-57
83
124
45
-62
-91
-28
97
124
35
-91
-96
-13
118
125
-42
-165
-38
163
113
-91
-164
11
133
84
-85
-121
4
53
30
-1
-31
-82
-83
25
119
15
-121
-106
26
99
28
-71
-59
25
82
-1
-83
-33
85
78
-44
-88
9
57
20
3
-8
-42
-33
16
36
37
-3
-92
-29
67
51
10
-38
-49
-24
22
51
8
-54
-54
1
38
-3
-11
-7
-20
-77
-31
91
60
-59
-116
-73
49
146
11
-158
-129
63
167
48
-141
-144
61
183
29
-143
-110
92
141
13
-85
-55
26
76
61
26
-19
-36
-12
63
65
23
-41
-43
42
32
-39
-24
41
55
-60
-99
-1
98
56
-45
-84
-11
49
46
-9
-18
-8
5
9
12
11
-19
-10
31
-2
-18
-16
47
53
-24
-65
-21
51
85
50
-57
-86
6
112
85
-25
-79
-58
26
138
96
-55
-142
-58
122
157
-3
-159
-88
114
132
-37
-129
-37
114
96
-59
-101
-11
39
2
-27
-9
-48
-47
-12
35
45
-43
-98
-44
66
67
-49
-76
15
82
4
-83
-42
98
107
-31
-138
-53
123
93
-34
-103
-46
53
38
16
-11
-52
-29
41
60
-1
-59
-20
38
14
-60
-29
46
41
-34
-87
-49
67
96
-47
-132
-73
68
117
0
-110
-111
-10
90
83
-18
-129
-81
99
102
-15
-123
-70
105
145
-30
-174
-66
118
134
0
-81
-43
50
61
55
33
-7
-68
-12
78
78
-20
-58
-12
65
39
-57
-47
47
58
10
-78
-95
26
96
33
-40
-72
-41
45
101
12
-63
-49
22
46
16
-42
-29
23
21
-28
-1
54
27
-59
-66
37
100
38
-35
-36
-8
57
56
16
-1
-31
-57
-18
94
163
9
-165
-123
95
220
-13
-206
-92
149
155
-65
-163
-24
145
85
-87
-119
19
53
-4
-18
-26
-50
-68
0
85
53
-78
-137
-34
117
76
-64
-117
11
101
40
-79
-67
53
132
-4
-114
-55
66
104
13
-87
-73
14
55
34
0
-48
-44
36
52
-1
-26
8
15
-26
-67
18
59
18
-43
-54
-12
22
23
3
-60
-89
5
100
75
-74
-146
-55
75
120
5
-144
-116
50
164
43
-129
-129
45
174
29
-158
-113
101
150
5
-88
-48
44
69
38
7
-4
-11
5
31
17
41
27
-36
-49
-4
50
37
-15
-35
-35
-11
13
50
26
-56
-39
17
25
5
8
17
-1
-39
-28
30
45
-4
-29
9
1
2
-12
-2
39
28
-23
-44
9
55
56
-17
-60
-23
81
100
6
-71
-55
20
94
103
15
-96
-102
34
146
69
-124
-131
61
151
21
-115
-72
84
96
-58
-88
-18
44
12
-32
4
-33
-59
-39
46
51
-43
-89
-42
56
60
-33
-46
21
23
-6
-64
-6
86
75
-29
-109
-20
81
57
-24
-66
-24
36
30
-9
12
1
-52
4
62
13
-28
-18
-8
3
-14
-28
21
42
-40
-57
-15
21
37
-7
-39
-94
-51
68
115
10
-152
-133
45
151
60
-137
-166
20
199
89
-148
-188
55
207
39
-180
-121
98
162
21
-80
-53
13
61
55
20
14
-36
-35
41
76
47
-32
-47
-5
48
21
-35
-15
15
29
-30
-53
-9
54
41
-24
-53
-30
33
61
29
-34
-52
-21
50
86
-16
-69
-19
13
35
-9
-5
17
9
-13
-19
35
57
4
-27
-45
-9
62
103
33
-75
-109
-21
127
161
7
-166
-157
84
256
33
-214
-143
129
204
-16
-216
-64
170
131
-74
-155
-45
62
73
6
-65
-62
-52
-34
75
91
-67
-156
-44
95
82
-42
-106
-5
91
34
-50
-62
22
79
25
-60
-48
25
70
33
-49
-66
8
49
11
-34
-7
6
2
4
-13
27
25
-33
-33
-26
1
53
35
-31
-68
-42
14
53
38
-62
-115
-30
82
84
-8
-111
-100
36
125
19
-136
-101
93
141
-33
-133
-69
97
125
-11
-150
-72
110
130
10
-78
-43
21
62
60
26
9
-60
-27
71
112
9
-83
-35
64
70
-56
-89
9
131
53
-120
-127
22
160
41
-131
-95
61
94
26
-42
-39
5
17
19
18
-25
-43
23
46
-13
-39
9
54
35
-51
-65
0
84
90
-17
-63
-44
49
109
33
-70
-90
5
111
99
12
-95
-91
26
143
38
-90
-106
36
145
32
-142
-109
104
158
-30
-155
-58
54
58
15
-50
-97
-50
42
60
21
-66
-89
-35
62
76
-31
-82
-33
71
46
-62
-52
70
101
-33
-84
-36
70
50
10
-20
-70
-34
48
34
3
-18
-44
-8
28
30
7
23
-29
-75
-18
40
58
12
-54
-68
-21
55
54
-43
-95
-81
35
117
29
-85
-85
-41
2
64
70
-37
-144
-29
130
110
-74
-178
-9
168
90
-95
-146
-6
135
111
-15
-86
-61
28
103
114
13
-102
-88
53
168
64
-96
-115
19
125
21
-84
-30
67
51
-58
-86
18
71
15
-70
-19
41
16
-12
-9
28
34
-36
-33
22
14
12
30
-16
-60
-25
78
89
-21
-119
-42
102
90
-18
-56
-19
24
71
64
-1
-54
-49
21
86
80
9
-82
-79
17
156
73
-137
-145
73
172
23
-137
-74
96
115
-40
-112
-51
21
53
28
-17
-73
-94
9
102
44
-109
-112
-3
66
38
-19
-46
-12
38
7
-18
-6
33
32
-13
-28
11
22
13
-24
-5
25
-13
-33
-21
20
47
3
-56
-23
25
62
46
-55
-89
-44
56
93
-11
-105
-74
30
68
14
-26
-39
-65
-64
30
95
49
-87
-160
-46
146
141
-60
-217
-84
198
195
-111
-261
-27
261
132
-172
-205
40
225
90
-120
-114
48
132
35
-49
-16
27
17
-11
43
68
15
-60
-30
46
37
-24
-62
19
46
13
-57
-59
25
53
11
-26
-34
-24
23
71
45
-60
-80
-4
79
65
-34
-64
-24
24
50
15
-34
-27
29
37
-7
-16
16
48
0
-63
-14
92
107
-10
-136
-74
133
179
11
-127
-139
51
203
74
-164
-179
79
230
46
-195
-173
131
224
-35
-216
-50
137
56
-106
-72
39
16
-95
-56
87
79
-95
-147
-2
150
63
-121
-88
38
85
19
-61
-22
55
56
-27
-78
-5
70
57
-12
-77
-65
25
69
57
-53
-90
-9
81
69
-45
-66
7
59
-10
-70
-22
72
41
-56
-109
-23
98
66
-57
-139
-38
91
83
-9
-109
-100
30
107
30
-69
-96
-12
81
70
-34
-95
-32
96
103
-40
-161
-34
150
118
-32
-110
-36
73
104
60
-26
-93
-34
77
132
25
-85
-80
35
115
14
-115
-52
63
76
-24
-89
-14
59
36
-30
-43
-9
-3
21
61
-9
-49
-27
19
50
10
-54
-20
51
18
-41
-9
60
31
-53
-58
30
76
39
-17
-54
-12
44
69
44
-21
-94
-58
82
174
55
-135
-164
20
188
132
-116
-197
10
213
109
-147
-202
44
214
96
-163
-179
10
123
83
-58
-136
-84
25
100
56
-72
-126
-33
100
64
-51
-113
-12
104
62
-58
-62
-8
98
59
-66
-74
-6
75
64
-19
-81
-42
34
51
12
-27
-35
7
41
-2
-6
9
4
-13
-39
-22
38
44
1
-73
-57
10
57
20
-45
-84
-37
30
66
35
-59
-114
-56
79
107
-2
-124
-108
65
146
40
-142
-140
76
159
19
-134
-84
75
139
30
-82
-93
10
106
122
13
-81
-80
45
116
61
-36
-105
-5
97
63
-67
-92
36
85
-9
-108
-51
84
89
-33
-107
-47
100
83
-25
-88
-11
64
25
-28
-4
-1
6
-13
-42
13
56
42
-11
-45
-30
27
61
14
-31
-23
22
52
67
-12
-32
-20
-17
37
98
83
-60
-128
-33
143
134
-76
-176
-21
176
127
-120
-190
56
239
31
-222
-152
115
153
-17
-131
-70
19
33
-4
-1
-34
-71
-34
25
51
11
-52
-29
47
49
-47
-99
22
154
76
-110
-127
41
93
13
-26
-44
-20
16
11
35
17
-59
-41
27
25
24
10
-16
-46
-58
-8
98
54
-86
-93
2
53
32
-9
-57
-79
-24
41
47
15
-51
-95
-49
40
127
38
-141
-156
46
194
78
-152
-163
69
193
24
-187
-122
97
181
39
-87
-89
15
87
98
19
-80
-98
59
178
53
-115
-71
44
97
18
-77
-62
57
101
-7
-124
-67
72
95
-26
-82
-4
20
46
25
7
-42
-61
0
81
78
-59
-82
17
63
23
-51
-17
49
34
-51
-53
33
88
62
-33
-112
-20
153
124
-60
-159
-50
149
176
-11
-161
-95
88
181
32
-159
-137
56
176
53
-127
-130
60
167
24
-138
-129
23
95
39
-56
-71
-31
-9
20
34
0
-71
-87
2
72
36
-56
-73
25
86
0
-94
-30
91
107
-51
-122
-9
99
63
-27
-76
-43
23
37
31
13
-41
-70
29
72
26
-51
-44
6
13
-12
-1
28
20
-53
-46
-9
24
20
-4
-57
-67
15
73
45
-78
-108
-46
54
120
48
-127
-146
31
160
40
-132
-122
76
183
-8
-160
-73
82
144
23
-77
-62
26
66
67
42
-12
-68
-30
82
104
10
-81
-34
57
31
-27
-56
22
54
-1
-57
-62
39
92
2
-104
-72
33
109
52
-63
-89
9
76
38
-28
-64
2
71
22
-46
-43
32
73
-2
-69
-46
46
112
36
-79
-80
29
111
81
-40
-106
-41
73
115
68
-38
-118
-65
124
133
-37
-152
-43
138
116
-70
-155
0
155
73
-114
-134
23
67
53
-24
-67
-79
-31
20
74
36
-87
-143
10
123
50
-112
-102
58
132
17
-125
-62
103
108
-36
-106
10
82
33
-35
-36
-30
15
25
2
-10
6
-20
-12
4
27
40
-2
-58
-52
8
65
47
-30
-74
-41
36
20
-30
-36
-9
-18
-15
14
51
13
-118
-111
42
149
77
-135
-173
27
190
74
-175
-150
90
190
28
-189
-122
117
181
14
-124
-68
41
75
84
10
-36
-56
-12
99
89
-17
-89
-44
97
69
-72
-90
56
117
-22
-147
-50
106
87
-43
-119
-2
77
34
-26
-44
24
25
-18
-2
25
0
-15
6
12
-35
-19
54
48
-2
-53
-28
37
62
42
-38
-70
2
96
120
-6
-115
-55
45
99
79
-29
-108
-42
113
133
-44
-155
-54
113
154
-19
-181
-88
123
179
-23
-173
-99
39
100
79
-56
-157
-89
62
122
17
-122
-141
0
136
66
-71
-108
7
103
24
-102
-56
102
90
-37
-81
-20
80
58
-42
-51
-23
14
21
-12
4
4
-12
8
-4
-16
1
45
12
-54
-52
11
50
7
-18
-45
-40
0
56
8
-72
-84
1
60
63
-33
-92
-80
23
97
57
-60
-140
-44
152
117
-78
-190
-38
214
116
-157
-200
35
213
93
-88
-109
-5
90
96
40
-36
-82
-1
104
85
-13
-72
-6
59
20
-42
-55
33
81
12
-121
-84
94
128
-1
-122
-56
39
82
37
-45
-57
-7
42
51
28
-69
-65
44
66
-5
-52
22
62
5
-61
-43
40
85
29
-48
-64
9
97
93
-4
-116
-69
59
126
57
-39
-87
-45
86
113
-38
-124
-27
118
85
-58
-147
-8
177
100
-122
-173
-5
107
56
-42
-88
-44
-4
-7
18
43
-15
-101
-93
53
131
-14
-121
-46
59
76
-17
-62
16
74
5
-74
-43
64
76
-18
-82
-38
22
44
11
-1
-23
-31
30
48
-20
-46
-7
36
20
-65
-33
73
85
-55
-130
-47
73
75
-15
-97
-87
10
90
62
-50
-129
-57
36
112
68
-106
-162
23
161
71
-140
-142
60
177
56
-160
-146
61
170
62
-67
-82
22
83
40
35
23
-29
-93
5
141
127
-67
-153
4
150
46
-125
-96
92
140
-58
-169
-37
142
122
-106
-135
-2
99
101
-31
-74
-3
58
-9
-40
9
20
25
-14
-56
2
70
76
-31
-112
-32
114
97
-15
-87
-47
92
77
11
-20
-37
-41
23
113
82
-46
-125
-48
102
138
-19
-136
-76
83
148
26
-143
-124
90
154
-12
-136
-72
33
58
27
-33
-74
-106
-34
125
135
-90
-223
-57
158
130
-83
-159
29
139
7
-130
-47
134
110
-69
-147
11
151
48
-104
-72
19
92
11
-98
-41
52
35
-12
-27
-10
55
32
-44
-68
-22
61
38
-17
-44
-32
-7
-8
11
30
-30
-90
-70
56
124
13
-129
-150
3
166
105
-80
-201
-49
187
152
-109
-218
-23
208
126
-109
-193
-22
194
152
-80
-162
-39
113
149
36
-66
-108
1
124
96
-21
-105
-24
105
68
-63
-110
20
110
36
-103
-98
40
108
4
-86
-35
35
39
21
-22
-31
26
8
3
17
12
-12
-27
-21
31
41
-6
-35
-17
31
44
-13
-27
30
62
-8
-79
-10
122
89
-36
-112
-36
97
132
25
-116
-127
41
194
85
-171
-170
86
221
63
-204
-182
124
246
4
-236
-132
116
145
-8
-120
-83
-11
26
55
35
-53
-110
-43
54
81
-19
-68
-34
58
42
-62
-50
51
98
8
-67
-40
30
28
-5
4
9
-15
-45
-16
69
28
-64
-52
30
36
19
5
-36
-59
-11
37
59
-8
-82
-46
20
46
-9
-48
-7
-32
-27
6
46
17
-52
-97
-43
87
112
-38
-168
-70
127
163
-69
-229
-40
209
139
-129
-182
16
178
110
-73
-114
0
91
66
38
2
-48
-58
32
129
67
-50
-135
7
121
33
-60
-46
40
42
-31
-74
-13
52
41
-62
-32
47
52
-14
-52
2
65
18
-47
-14
34
2
-15
-9
-12
9
41
17
-7
-27
-6
37
30
10
-12
-28
1
26
73
64
-25
-99
-51
113
151
-3
-163
-129
99
242
39
-221
-160
111
238
33
-211
-157
129
232
-20
-205
-125
70
140
31
-121
-94
-22
23
57
27
-57
-105
-38
67
63
-8
-87
-11
83
15
-72
-60
53
111
17
-70
-68
35
101
18
-89
-63
41
68
-26
-37
27
2
-18
-16
-15
31
63
-18
-86
-31
60
48
5
-63
-58
22
21
-11
1
-24
-58
-39
22
69
37
-72
-151
-38
148
139
-51
-217
-105
163
190
-38
-204
-96
164
174
-78
-206
-45
167
143
-30
-109
-44
67
90
54
-7
-66
-35
63
111
48
-68
-90
11
106
-1
-80
-22
62
54
-58
-104
11
98
52
-80
-90
5
78
49
4
-41
-25
3
-1
41
15
-70
-15
67
17
-61
-35
86
85
-64
-108
-14
113
106
-27
-119
-55
91
156
34
-104
-116
30
144
103
-36
-110
-72
73
129
34
-127
-122
68
164
51
-150
-134
66
160
33
-118
-88
12
31
46
9
-61
-121
-55
87
115
-36
-161
-85
87
127
-48
-132
3
117
60
-109
-108
91
146
3
-134
-47
87
98
-23
-99
-35
82
53
-70
-56
45
39
-22
-19
-6
11
44
-8
-63
-46
28
80
31
-72
-57
-1
36
0
-48
-33
1
-10
-3
7
16
-5
-69
-90
20
130
43
-136
-116
57
168
15
-180
-110
108
178
-15
-197
-80
148
179
1
-131
-95
58
134
71
-30
-79
-34
81
108
9
-65
-50
40
72
-1
-42
-24
31
13
-16
-20
-10
3
21
7
-25
10
-2
15
-11
-30
32
59
-20
-52
-15
37
38
-12
-80
-28
100
87
-31
-88
-58
58
91
21
-34
-47
16
61
68
14
-36
-49
-26
45
130
61
-82
-136
-4
149
129
-70
-177
-22
174
127
-107
-165
9
166
73
-125
-117
17
73
41
-42
-72
-60
-31
47
69
9
-93
-98
-4
88
54
-52
-82
-4
66
38
-44
-24
48
32
-21
-41
-13
48
36
-11
-55
-29
32
39
-9
-17
-36
0
26
6
-18
15
17
-50
-31
26
31
-19
-39
-13
0
0
-3
7
-6
-75
-72
25
112
48
-96
-153
-28
120
115
-38
-173
-91
136
152
-68
-176
-42
145
108
-68
-154
-13
151
79
-72
-53
25
46
9
12
50
20
-56
-13
55
94
39
-97
-90
63
115
-45
-109
41
145
1
-167
-103
103
165
-30
-147
-54
76
98
14
-77
-23
45
2
-22
11
15
11
-18
-38
-3
46
54
2
-68
-51
55
89
14
-75
-38
63
73
20
-14
-24
6
-12
26
76
62
-34
-121
-48
133
144
-43
-160
-29
138
94
-96
-138
8
164
84
-126
-130
8
85
54
-59
-80
-20
-27
7
63
34
-112
-129
-2
132
42
-89
-67
27
78
-8
-76
12
78
53
-54
-98
37
88
27
-49
-75
-7
54
24
-11
-30
-15
-18
12
23
2
-5
13
4
-33
-43
-2
73
37
-98
-97
36
98
37
-89
-128
-27
105
65
-31
-97
-86
-2
106
92
-37
-125
-82
56
138
28
-151
-111
72
183
20
-155
-86
82
117
5
-42
-45
-14
43
110
82
-48
-129
1
142
95
-38
-103
-9
82
44
-62
-50
32
65
-30
-80
-4
55
55
-54
-75
25
29
14
2
4
2
1
-9
8
11
-46
-21
67
26
-36
-21
45
47
-42
-83
5
100
63
-30
-77
-19
73
95
34
-65
-69
0
69
94
55
-59
-126
-22
130
119
-47
-137
-48
110
134
-24
-149
-70
116
124
-37
-145
-76
62
120
25
-119
-119
-24
75
75
-43
-111
-63
46
71
-2
-72
-39
55
74
-13
-108
-22
110
84
-47
-125
-32
129
89
-64
-131
-7
128
45
-87
-86
24
90
10
-82
-33
85
55
-79
-93
4
108
59
-72
-113
1
80
25
-59
-56
-15
19
1
-9
18
-7
-72
-85
8
132
77
-116
-177
16
195
97
-154
-180
43
198
74
-171
-146
82
181
54
-115
-110
26
131
80
-4
-52
-48
35
73
56
1
-77
-23
72
60
-47
-96
10
100
34
-110
-104
70
129
14
-113
-90
50
115
22
-76
-39
46
21
-7
1
-20
-13
31
6
-30
1
49
20
-24
-28
-6
46
40
-20
-32
-9
58
74
20
-32
-65
-32
77
123
48
-93
-130
9
160
112
-74
-166
-32
148
132
-85
-173
2
177
61
-117
-114
25
40
34
9
-39
-72
-95
-12
125
93
-97
-170
-53
130
109
-72
-122
11
112
39
-104
-42
70
98
-2
-116
-29
75
65
-11
-66
-38
13
18
9
6
-1
-42
-13
24
38
18
-23
-43
-31
11
60
33
-54
-75
-16
14
43
40
-57
-120
-57
83
114
5
-105
-111
-12
95
105
-33
-156
-117
95
185
25
-198
-132
113
200
-6
-185
-114
107
169
16
-83
-68
-4
82
100
39
-41
-94
-19
115
128
10
-133
-87
94
110
-18
-111
-27
106
53
-84
-102
25
90
33
-74
-70
31
81
20
-35
-10
10
-7
10
22
-28
-24
25
22
-9
-32
9
49
21
-57
-46
67
95
28
-65
-79
25
114
101
-28
-118
-79
91
159
89
-81
-188
-53
172
180
-51
-194
-92
130
197
-19
-208
-95
145
154
-62
-146
-45
54
48
8
-42
-76
-82
2
81
51
-73
-115
-6
80
44
-78
-56
53
85
-21
-112
-29
104
77
-38
-83
-25
69
84
-19
-95
-61
52
74
-31
-40
-24
16
51
-1
-42
9
40
-10
-46
-28
32
55
-17
-99
-42
45
43
-10
-39
-47
-19
42
31
-36
-34
-18
-26
-14
43
64
-18
-113
-53
89
118
-50
-136
-26
144
79
-102
-134
2
149
108
-45
-116
-37
88
118
45
-43
-82
-13
88
100
11
-77
-62
34
89
6
-77
-33
67
58
-43
-102
-10
97
55
-83
-72
32
98
58
-75
-104
17
71
35
-18
-50
3
46
-5
-28
-17
44
47
-15
-52
-37
57
73
9
-58
-38
54
91
48
-40
-84
-25
49
83
89
-14
-114
-92
65
191
31
-163
-107
85
161
20
-197
-112
140
183
-40
-167
-81
48
83
21
-74
-78
-45
17
75
41
-65
-103
-32
51
47
-52
-57
8
82
27
-95
-66
108
135
-45
-152
-44
129
113
-50
-139
-44
93
86
-43
-78
0
18
47
-13
-43
27
24
-30
-58
-3
50
51
-30
-62
-40
30
26
-17
-26
-24
-47
-9
50
64
-21
-109
-97
29
130
74
-96
-181
-30
184
141
-117
-197
-21
202
128
-133
-180
3
167
129
-51
-125
-42
70
113
81
-4
-116
-70
89
129
35
-56
-86
6
81
37
-50
-68
35
50
-22
-78
-29
91
54
-68
-56
15
35
16
-2
5
-1
-25
0
41
3
-23
-2
-19
-14
35
44
6
-31
-39
-1
56
48
15
-37
-49
13
79
80
13
-88
-91
46
158
98
-75
-153
-57
126
175
2
-176
-147
119
205
0
-168
-121
107
160
-16
-117
-63
0
32
36
5
-61
-98
-43
81
101
-44
-152
-80
91
109
-29
-100
-23
86
45
-77
-64
78
97
-17
-98
-31
78
70
-40
-72
-24
74
39
-81
-39
61
40
-53
-29
29
71
-10
-92
-37
62
56
-34
-70
-5
46
4
-53
-23
22
9
-83
-70
49
95
9
-112
-98
16
113
80
-63
-157
-61
130
139
-40
-176
-60
134
125
-90
-144
10
136
79
-31
-71
-20
29
69
64
19
-33
-73
9
131
69
-68
-113
31
129
17
-120
-64
102
103
-60
-140
-21
120
76
-76
-94
-17
81
84
2
-84
-40
19
47
52
-6
-76
-27
48
21
-13
9
40
13
-42
-41
43
86
39
-97
-85
60
135
73
-31
-98
-73
76
124
45
-50
-103
-40
101
146
-7
-161
-80
88
144
9
-164
-95
126
161
-29
-184
-58
80
59
-17
-78
-50
-23
-9
30
57
-20
-116
-95
29
137
10
-117
-57
89
85
-47
-84
39
118
18
-125
-78
78
88
-4
-67
-28
25
12
-27
9
41
-34
-42
9
28
21
-6
-36
-25
5
28
48
-4
-92
-58
39
53
18
-52
-70
-38
37
44
32
-36
-101
-48
25
67
33
-54
-80
-30
97
94
-58
-136
-32
137
127
-73
-161
-43
141
122
-18
-75
-55
30
99
87
-14
-102
-49
83
128
44
-89
-94
43
118
-4
-103
-40
99
77
-66
-120
2
104
44
-95
-81
42
80
35
-61
-56
53
60
-13
-47
1
9
13
8
-28
-11
25
38
12
-39
-24
9
54
57
-24
-55
-24
50
115
36
-94
-82
21
128
84
-41
-98
-43
73
129
27
-118
-117
54
159
27
-139
-123
56
171
44
-144
-132
33
112
53
-78
-117
-55
40
74
31
-74
-109
-16
66
61
-23
-106
-25
97
68
-76
-106
56
145
6
-129
-60
106
104
-35
-86
-36
64
32
-68
-35
58
59
-27
-58
-5
76
21
-75
-52
37
53
2
-39
-33
-6
4
-12
-10
15
-18
-50
-45
21
55
35
-62
-125
-36
114
107
-51
-172
-56
137
159
-43
-213
-78
164
162
-45
-204
-59
160
138
-33
-106
-26
57
84
54
4
-54
-63
43
110
41
-42
-57
8
48
9
-33
-32
29
63
-33
-99
-19
104
62
-66
-96
13
84
30
-39
-46
45
42
-40
-34
21
50
9
-50
-49
20
70
45
-8
-65
-54
49
112
36
-73
-80
28
92
69
2
-87
-62
41
112
87
-16
-106
-65
61
145
51
-139
-145
56
201
78
-170
-196
86
238
53
-210
-157
70
151
31
-117
-103
-21
42
59
8
-72
-76
-3
37
24
-8
-31
-23
31
31
-20
-41
24
70
38
-62
-85
24
100
20
-73
-64
12
63
19
-45
-30
-12
20
55
-12
-31
4
9
7
-20
-40
-11
45
34
-49
-65
-3
34
24
-43
-95
-33
48
106
26
-136
-177
9
187
119
-108
-227
-45
202
172
-108
-230
-34
190
144
-79
-175
-39
123
128
-27
-79
-18
37
21
52
74
-1
-103
-36
97
151
36
-154
-122
91
144
-1
-120
-35
84
44
-74
-66
35
72
-12
-70
-35
56
81
-5
-84
-33
78
74
-24
-61
-25
67
23
-69
-23
54
57
-14
-57
-29
62
74
3
-47
-42
30
67
74
4
-59
-46
6
73
82
7
-88
-65
63
122
34
-101
-100
28
110
58
-67
-132
15
135
49
-81
-73
-6
16
15
5
-35
-72
-46
17
55
16
-62
-75
-21
66
42
-35
-56
14
76
-16
-83
-9
90
85
-54
-121
5
120
64
-79
-105
-17
91
32
-49
-11
6
12
-3
-20
14
32
-15
-59
-6
35
14
-8
-23
-19
-15
-12
25
30
-35
-81
-61
62
85
3
-94
-118
3
105
87
-54
-140
-74
102
141
-18
-155
-91
89
175
2
-176
-99
109
135
26
-72
-61
31
67
74
47
-17
-92
-12
93
90
4
-87
-59
64
89
-32
-104
-2
112
19
-123
-64
75
97
-36
-108
-27
78
46
-18
-45
17
44
-17
-9
29
-16
-2
-4
-6
4
24
17
-16
-17
-16
21
48
30
-11
-30
-20
38
76
44
-53
-94
7
108
95
9
-97
-90
27
144
87
-103
-144
10
168
92
-91
-165
-27
172
121
-90
-157
-62
69
142
16
-127
-137
-39
99
117
-42
-142
-70
52
98
8
-81
-66
28
96
27
-67
-45
34
72
1
-76
-16
75
19
-30
-44
1
30
4
-19
7
-1
-30
34
22
-19
7
-12
-15
-31
-7
51
26
-46
-79
-8
51
18
-24
-52
-47
1
24
34
19
-45
-109
-67
79
145
20
-160
-148
64
211
43
-192
-168
88
210
40
-171
-142
78
185
50
-99
-91
26
103
83
14
-53
-37
33
49
15
14
0
-14
-21
15
33
13
-15
-13
-10
-10
-23
1
27
6
-9
-1
-42
-9
50
33
15
-38
-28
26
69
-28
-68
12
14
4
1
0
34
5
-35
-3
41
43
-1
-35
-7
42
64
49
-32
-89
-37
92
128
31
-96
-109
20
173
96
-105
-174
-26
187
149
-94
-206
-21
192
117
-111
-144
-9
74
49
-25
-74
-35
-38
-28
45
76
-48
-107
-49
54
74
-8
-72
-38
32
35
-5
-16
26
28
0
-46
-45
55
70
-18
-72
-33
53
17
-15
8
-8
-19
-10
3
24
10
-15
-43
-9
26
49
1
-73
-39
21
19
-12
-34
-16
-28
-33
-4
41
47
-25
-98
-90
28
141
74
-143
-191
39
251
84
-218
-212
88
271
76
-228
-180
97
210
58
-86
-97
-5
103
76
25
-37
-77
-11
106
116
-2
-115
-49
96
79
-65
-84
38
113
-6
-147
-54
103
86
-40
-93
-3
78
28
-30
-58
16
64
3
-18
8
-3
6
-2
-27
-21
51
80
-33
-77
-20
61
67
14
-30
-36
-7
45
67
30
-8
-66
-51
83
150
19
-112
-95
46
133
90
-89
-187
-10
199
125
-107
-202
-17
192
136
-112
-184
-32
111
82
-36
-107
-82
-13
63
58
-15
-88
-84
-1
75
47
-45
-64
13
66
-12
-58
1
77
30
-60
-49
25
50
-5
-48
-9
17
5
-19
-5
15
4
-24
12
16
-7
-13
7
-2
-31
-11
39
43
-24
-93
-39
53
70
9
-81
-102
-24
74
64
-3
-71
-87
-28
48
97
19
-104
-121
18
167
77
-124
-144
26
161
75
-123
-128
60
128
20
-37
-36
-18
44
86
85
-32
-99
-37
119
141
-7
-145
-82
112
134
-30
-140
-47
130
104
-87
-172
6
155
70
-115
-91
24
107
34
-66
-49
51
42
-15
-40
-20
45
55
-44
-77
11
97
38
-60
-79
22
94
54
-30
-72
-29
47
113
64
-48
-90
-56
72
142
52
-86
-134
-14
158
159
-63
-209
-87
162
215
-41
-242
-72
193
167
-70
-215
-54
124
90
-32
-114
-70
-11
27
53
7
-59
-72
-36
22
84
11
-89
-38
80
62
-62
-84
63
117
11
-140
-62
104
111
-27
-121
-39
85
68
-43
-69
-1
44
7
-25
-18
40
27
-51
-69
5
94
71
-84
-129
14
96
40
-68
-94
4
43
4
-35
9
27
-64
-114
14
133
82
-125
-202
24
249
108
-197
-214
56
245
86
-210
-176
110
200
25
-118
-71
28
91
66
28
-16
-39
-42
39
104
58
-65
-94
23
100
-9
-70
-1
54
4
-66
-39
55
45
-19
-59
3
31
-2
6
0
35
2
-73
2
87
12
-97
-53
66
72
-24
-23
-7
17
7
9
13
-8
-1
6
6
20
56
55
-26
-65
-50
57
130
75
-68
-123
-52
112
152
-2
-176
-88
91
180
17
-177
-95
147
131
-73
-134
-7
35
-6
13
18
-36
-117
-42
97
97
-53
-159
-56
94
116
-55
-125
-18
108
65
-66
-84
29
102
1
-56
-46
17
61
23
-36
-19
-24
-1
15
27
12
-31
-19
11
9
24
0
-52
-42
4
60
35
-28
-60
-31
31
29
-1
-26
-50
-56
27
53
31
-47
-103
-57
47
92
30
-88
-105
-18
111
118
-45
-164
-54
133
111
-64
-126
-35
115
110
16
-59
-100
-8
129
153
4
-154
-71
109
120
18
-55
-46
21
33
-13
-5
33
11
-44
-53
-2
56
53
-58
-84
26
68
19
-27
-48
6
57
29
-50
-24
14
17
40
-18
-76
-21
60
95
-16
-91
-62
77
129
24
-120
-99
60
158
78
-98
-108
-4
112
104
32
-82
-108
1
108
120
-9
-131
-93
80
163
30
-163
-148
105
200
13
-184
-130
60
120
28
-78
-83
-59
-5
85
69
-84
-146
-36
86
96
-49
-101
-7
112
68
-112
-94
73
120
12
-89
-74
45
117
30
-118
-96
79
104
-37
-68
-24
12
50
20
-26
-26
-8
-2
24
-9
-33
6
30
-21
-49
-9
11
11
0
-44
-46
0
36
37
5
-74
-85
13
122
75
-83
-157
-31
115
131
-56
-160
-55
123
131
-25
-153
-69
99
155
37
-121
-102
63
141
96
-37
-104
-54
84
113
28
-53
-62
36
85
-13
-118
-14
115
71
-106
-139
18
139
43
-115
-48
45
32
2
-16
-16
37
15
-36
-8
17
34
-12
-57
-21
49
82
-4
-87
-51
49
117
34
-88
-80
41
95
46
-5
-33
2
7
-2
28
71
42
-77
-104
27
159
80
-117
-166
20
201
109
-152
-188
42
194
72
-141
-143
-14
107
94
-43
-134
-110
6
139
62
-95
-135
-22
69
62
-23
-76
-20
75
44
-59
-70
48
106
0
-99
-39
67
60
-43
-53
24
51
-17
-58
13
78
-7
-94
-21
47
80
1
-89
-55
37
74
38
-57
-88
-10
52
15
-18
-25
-17
-33
-36
32
64
11
-118
-110
12
133
83
-96
-159
-20
166
110
-118
-155
-15
163
148
-105
-203
-26
177
105
-42
-61
-21
1
51
90
75
-69
-124
7
139
109
-31
-97
-30
74
45
-11
-36
-17
19
1
-37
-11
39
14
-44
-41
18
53
34
-25
-26
11
12
-19
-4
32
-15
-10
5
-26
8
54
42
-16
-55
-17
58
62
-20
-37
1
37
30
42
27
-54
-57
21
123
75
-24
-86
-63
40
117
63
-83
-140
38
158
69
-122
-157
40
197
52
-143
-150
30
117
37
-81
-98
-26
2
31
55
-32
-89
-54
38
71
-15
-86
-8
84
58
-71
-113
49
150
27
-114
-82
43
108
10
-66
-48
13
21
9
-2
-8
-11
-15
7
26
27
21
-38
-76
-13
50
51
-25
-66
-39
20
59
13
-56
-84
-44
21
83
38
-64
-96
-46
33
78
30
-43
-117
-50
103
134
-56
-190
-50
144
165
-70
-207
-30
160
113
-49
-77
-26
37
70
48
50
-2
-85
-30
89
104
-8
-91
-44
51
53
-2
-44
-13
38
15
-51
-39
45
56
-23
-70
-8
45
38
-10
-47
-3
22
6
7
0
-4
-1
7
-16
-10
31
49
20
-35
-59
19
96
59
-56
-108
-11
136
119
-5
-97
-87
37
109
79
-4
-99
-87
57
170
53
-136
-138
55
186
66
-160
-148
46
195
75
-154
-167
15
113
77
-59
-106
-59
-10
65
90
-43
-168
-74
63
117
28
-104
-77
60
96
-10
-109
-16
100
58
-55
-66
10
57
22
-26
-26
-7
12
16
14
1
-48
-37
25
43
18
-16
-17
-44
-19
36
58
6
-95
-76
56
76
-16
-68
-49
-23
36
25
-3
-17
-32
-43
-37
13
86
41
-101
-134
41
169
62
-170
-177
100
234
39
-228
-178
131
235
52
-111
-148
-7
161
133
13
-94
-78
31
96
81
-9
-104
-46
96
77
-48
-81
12
84
15
-63
-82
22
83
4
-76
-28
61
41
-30
-28
46
21
-43
-10
26
-6
3
9
-47
-10
78
51
-46
-66
-15
60
72
-21
-39
14
14
-1
65
30
-14
-59
-45
72
121
56
-87
-167
7
199
113
-124
-171
16
172
91
-94
-162
16
166
71
-128
-121
41
87
-3
-68
-48
-15
-26
-10
45
25
-75
-72
-6
79
28
-79
-50
65
59
-54
-81
25
124
45
-80
-113
22
132
47
-80
-105
14
67
29
-41
-21
-4
18
43
22
-45
-43
19
33
-21
-34
4
47
10
-70
-73
18
69
20
-74
-89
20
66
20
-26
-55
-72
-8
68
76
-41
-145
-49
98
127
-19
-156
-84
112
166
-30
-180
-75
126
127
0
-61
-75
-20
76
146
55
-94
-107
24
141
78
-19
-109
-50
88
77
-27
-66
-19
51
31
-45
-62
35
65
-23
-46
-3
10
2
26
10
-17
-43
7
75
22
-69
-46
26
43
-26
-6
49
18
-29
-41
1
75
31
-14
-37
11
53
28
16
5
-28
-41
2
108
104
-32
-172
-78
178
213
-73
-250
-98
216
222
-75
-294
-55
272
167
-167
-223
-6
131
107
-36
-128
-98
6
99
61
-52
-135
-73
55
103
18
-89
-75
41
83
1
-49
-18
41
34
2
-34
-25
17
14
29
-13
-42
-12
23
13
-29
-25
14
56
7
-45
-14
39
30
-57
-50
-6
52
33
-66
-74
12
78
47
-73
-124
-29
71
102
-11
-136
-104
47
119
56
-72
-144
-59
124
159
-15
-186
-108
106
173
-11
-180
-75
114
138
-9
-89
-35
30
56
67
49
-8
-73
-32
52
104
42
-65
-71
25
87
16
-61
-32
55
42
-66
-66
16
87
-5
-71
-39
36
75
11
-62
-41
53
66
-27
-40
-20
43
52
-28
-52
9
68
55
-67
-88
29
119
62
-69
-67
6
44
81
73
-34
-93
-57
80
140
39
-101
-134
31
150
101
-72
-147
-31
121
124
-47
-168
-54
145
124
-57
-156
-56
47
75
14
-55
-95
-70
35
90
23
-108
-126
10
129
50
-103
-86
57
96
-11
-113
-34
91
108
-15
-120
-58
99
103
-31
-111
-59
71
56
-25
-22
-9
-15
-5
27
23
-6
-25
-36
8
21
21
17
-53
-44
-2
27
11
-24
-35
-49
-36
42
75
3
-94
-95
1
92
95
-16
-125
-128
47
177
51
-151
-134
54
195
82
-171
-201
53
234
102
-109
-145
-5
126
124
14
-52
-80
-25
116
122
-2
-111
-61
82
116
-41
-128
-8
137
35
-125
-88
84
105
-43
-120
-14
90
63
-36
-88
21
99
18
-63
-29
41
51
-33
-72
-22
86
62
-38
-62
-23
66
80
-17
-45
-18
38
48
10
4
6
-8
-29
4
77
83
-20
-120
-65
104
169
-26
-198
-84
160
185
-38
-214
-103
168
193
-51
-201
-104
80
116
14
-106
-116
-36
79
93
-21
-113
-67
36
54
1
-62
-35
63
75
-27
-95
-23
102
73
-46
-97
-5
102
50
-42
-66
-31
48
49
-35
-31
-3
7
42
3
-20
-17
3
6
-29
-21
17
33
19
-55
-73
0
67
34
-61
-86
-14
63
31
-9
-71
-74
-11
50
63
15
-74
-114
-4
136
107
-96
-195
-17
199
119
-119
-169
25
167
71
-60
-78
-17
53
88
72
9
-81
-77
34
146
85
-80
-117
10
105
62
-62
-91
31
79
-34
-85
-7
74
50
-64
-75
13
64
32
-35
-21
25
7
1
7
-25
-10
31
5
-41
-8
84
59
-83
-106
32
120
49
-50
-50
1
48
64
64
-9
-92
-84
53
165
85
-96
-140
-10
132
116
-42
-148
-42
131
134
-36
-174
-65
145
134
-73
-153
-31
52
74
16
-94
-107
-22
48
76
0
-93
-92
18
82
43
-64
-63
46
66
-22
-98
1
121
78
-68
-126
-5
124
63
-58
-95
-7
75
35
-36
-42
-6
24
13
9
-19
-23
42
14
-47
-43
14
60
-15
-55
-37
32
38
-25
-41
-46
-26
2
41
37
-46
-95
-51
45
95
20
-101
-113
28
136
65
-90
-152
-16
162
112
-94
-173
3
179
111
-63
-103
-34
63
82
61
8
-42
-52
19
105
73
-52
-81
1
60
38
-29
-52
11
67
-14
-84
-2
76
25
-67
-54
18
61
42
-43
-43
31
32
1
-24
-23
-1
48
6
-48
-5
61
36
-44
-66
17
90
38
-53
-38
35
40
20
29
10
-17
-56
14
91
83
-39
-117
-61
107
169
-3
-189
-125
110
227
13
-240
-134
150
210
-20
-201
-99
63
97
29
-78
-101
-48
29
67
39
-79
-110
-9
61
47
-39
-73
25
81
7
-87
-63
77
106
10
-89
-57
53
79
-14
-59
-36
23
38
-21
-2
4
-12
7
-3
-6
5
20
-27
-52
-12
49
58
-4
-108
-55
53
82
3
-90
-102
12
77
37
-15
-68
-64
-19
47
82
6
-94
-104
43
111
37
-82
-99
17
115
76
-64
-136
-21
145
100
-31
-82
-34
53
98
64
-26
-67
-4
63
59
33
-10
-28
-18
0
23
-2
-5
20
0
-45
-43
12
57
12
-38
-45
3
54
20
-21
-41
33
33
-14
-31
-9
23
34
-21
-45
20
59
24
-38
-55
1
68
61
-12
-64
-34
52
92
48
-44
-61
-19
38
85
72
-25
-104
-63
60
137
43
-106
-132
28
162
60
-145
-156
73
208
41
-178
-137
66
107
6
-77
-84
-17
9
29
47
-27
-78
-88
17
103
20
-71
-47
50
54
-55
-56
46
89
21
-113
-49
80
106
-14
-104
-81
48
87
12
-49
-44
0
28
40
16
-30
-23
-14
-17
0
52
25
-42
-84
-19
68
40
-64
-67
4
36
-16
-22
27
45
-74
-130
-22
144
129
-96
-246
-33
264
161
-173
-257
14
256
117
-166
-183
60
186
46
-91
-75
36
65
24
39
41
-3
-78
-17
113
90
-34
-122
-24
110
62
-61
-70
0
67
-8
-87
-14
90
41
-69
-45
14
23
5
-37
21
67
-7
-72
-43
48
75
5
-86
-46
64
103
21
-78
-95
21
115
57
-61
-62
14
78
65
23
-44
-52
1
41
55
60
-2
-87
-55
73
128
17
-120
-94
54
168
64
-153
-158
56
172
57
-107
-120
-32
74
87
-2
-110
-133
-1
105
65
-56
-118
-56
73
84
-5
-99
-33
70
47
-44
-79
28
127
18
-102
-70
71
86
-24
-59
-19
30
16
-19
-5
1
-8
7
16
-6
-9
0
1
-4
-25
-3
13
11
-32
-53
-14
32
44
-22
-64
-63
-1
56
59
-6
-110
-108
38
119
58
-96
-170
-14
153
138
-61
-175
-61
141
130
-78
-156
-20
141
77
-29
-51
-32
29
60
54
48
-20
-58
-28
63
105
19
-76
-39
35
44
-22
-18
27
18
-33
-64
-21
64
59
-43
-68
-1
52
33
-22
-28
34
34
-42
-16
20
15
12
-20
-16
-2
40
52
-27
-87
-15
83
111
-10
-108
-37
69
90
30
-59
-27
17
49
15
5
8
11
-19
-14
40
74
-7
-106
-39
124
104
-89
-174
25
189
56
-126
-136
-2
92
67
-29
-105
-89
-19
85
85
-67
-123
-58
55
112
-7
-110
-42
83
65
-69
-93
23
123
71
-95
-120
28
114
41
-61
-78
-10
46
28
9
-28
-43
9
56
11
-29
-25
4
-9
-38
-2
71
21
-77
-71
19
63
10
-54
-60
-48
34
64
-5
-28
-53
-69
-4
74
86
-27
-157
-107
141
198
-22
-213
-133
137
230
-9
-249
-99
176
171
-18
-120
-85
51
139
80
-26
-88
-32
56
109
31
-32
-67
-1
53
23
-46
-35
63
76
-65
-132
-8
119
78
-100
-103
45
76
15
-45
-26
49
31
-57
-38
53
52
-27
-45
-15
29
43
23
-12
-49
-46
45
112
29
-72
-49
35
76
25
-18
-31
-10
-5
50
113
13
-103
-99
33
171
89
-129
-174
12
206
139
-128
-217
-16
201
132
-90
-163
-79
43
124
46
-82
-155
-82
116
159
-30
-194
-128
81
148
-3
-115
-54
93
70
-49
-92
16
80
50
-26
-74
-9
79
43
-45
-56
2
23
9
9
-21
-16
17
18
-7
-16
14
5
-38
-38
34
71
1
-86
-57
26
50
1
-47
-48
-31
-26
34
86
34
-91
-161
-27
128
131
-14