#4
438
33
-356
-146
399
468
-58
-392
-44
429
379
-117
-352
27
449
295
-163
-280
101
403
192
-129
-118
112
221
48
-11
161
176
-70
-203
74
426
316
-179
-363
32
464
364
-131
-356
18
425
283
-166
-279
118
424
165
-209
-156
205
312
50
-145
-40
191
222
-26
-122
55
213
164
-48
-135
67
259
140
-104
-107
129
253
94
-125
-52
177
247
23
-166
-17
228
203
-25
-101
63
205
108
-90
-39
169
191
-2
-83
76
203
75
-141
-45
228
260
-23
-239
-39
329
327
-68
-334
-121
342
440
26
-331
-208
200
386
111
-186
-105
159
214
9
-99
34
197
130
-81
-84
123
205
24
-125
1
224
160
-109
-163
113
308
123
-171
-159
163
320
69
-201
-98
219
286
-18
-204
-19
222
191
-40
-135
40
191
115
-100
-91
184
229
-53
-226
15
333
204
-168
-243
80
345
178
-214
-256
141
410
129
-269
-221
184
386
115
-233
-199
132
271
132
-29
-86
-23
60
85
134
134
-12
-134
-71
133
270
109
-162
-175
112
292
107
-155
-148
137
284
91
-201
-164
151
298
103
-196
-170
169
271
35
-195
-56
210
176
-90
-137
59
213
66
-144
-48
187
188
-45
-167
15
210
150
-69
-114
11
168
157
-23
-105
-10
131
97
-9
-12
59
76
30
10
50
13
-11
29
68
104
50
-91
-123
107
279
109
-209
-251
72
403
247
-198
-365
-49
381
317
-115
-288
-49
226
210
-54
-148
-1
175
149
-69
-120
25
155
76
-75
-26
84
81
-27
-28
64
118
19
-73
-51
118
145
16
-93
-27
147
125
-66
-130
45
192
67
-107
-68
95
139
3
-128
16
174
86
-118
-132
85
229
80
-175
-151
148
272
-9
-262
-93
254
289
-91
-321
-66
313
316
-88
-346
-91
265
275
25
-175
-142
51
173
119
20
-49
-72
-17
76
123
96
-44
-108
-3
111
104
-8
-68
8
103
106
-24
-92
13
128
113
-57
-108
11
135
70
-56
-47
45
93
53
-33
-51
17
84
20
-30
11
83
66
-30
-53
36
106
62
-47
-77
22
161
119
-57
-133
-16
176
151
-51
-131
-14
148
139
-59
-149
-2
161
139
-47
-122
-26
105
108
41
-33
-77
-72
36
167
171
-45
-260
-142
194
337
62
-271
-227
115
318
108
-229
-167
163
241
-5
-230
-90
186
168
-28
-136
-29
104
78
3
-32
6
65
19
-46
-2
69
74
0
-46
13
65
38
-48
-40
56
87
17
-62
-34
73
63
-36
-42
44
54
-19
-63
40
109
26
-77
-32
78
90
-18
-131
-37
152
150
-21
-157
-101
118
220
52
-195
-178
74
245
180
-62
-284
-122
224
299
33
-239
-174
85
214
96
-107
-106
27
123
59
-73
-67
68
99
-9
-69
3
65
32
-12
13
44
15
-40
-18
31
61
11
-40
-10
40
15
-2
-5
20
30
-7
-4
37
11
-6
-4
8
49
53
11
-71
-23
96
92
-1
-90
-40
87
113
42
-101
-90
78
161
41
-155
-113
108
198
51
-168
-149
78
213
104
-124
-157
-40
118
168
54
-109
-150
-57
122
200
57
-123
-174
-11
172
138
-52
-118
0
96
71
-47
-69
-2
72
44
-22
-31
0
43
31
0
2
25
9
-25
-3
59
49
-23
-24
20
43
9
-20
-15
41
29
10
19
9
-41
-29
37
73
29
-73
-68
24
110
60
-49
-113
-26
115
105
-26
-137
-52
129
167
-38
-206
-53
177
186
-25
-186
-105
88
176
114
-63
-179
-90
104
221
106
-112
-211
-39
155
160
14
-148
-83
90
102
-21
-91
-3
101
49
-57
-60
45
82
2
-64
-10
73
43
-57
-61
43
70
4
-52
-38
33
36
5
-19
-24
22
54
7
-33
-21
17
30
11
1
19
0
-29
12
76
66
-36
-137
-29
160
139
-66
-196
-17
225
135
-151
-222
52
279
106
-194
-237
37
277
138
-122
-167
-80
56
148
147
-7
-224
-181
94
275
133
-179
-242
-7
238
152
-132
-166
30
175
76
-131
-104
34
102
42
-21
-56
-35
40
86
21
-53
-35
26
47
7
-31
10
46
1
0
11
21
-14
-34
-4
58
53
-13
-34
-20
-5
20
34
31
-18
-64
-44
63
115
5
-131
-75
104
134
-15
-159
-69
148
161
-52
-185
-78
140
180
29
-147
-164
30
184
168
3
-206
-186
71
263
177
-120
-270
-101
191
221
9
-162
-99
76
99
1
-74
-34
58
50
1
-24
22
4
-14
16
30
8
-17
-29
-14
17
45
12
-35
-44
2
72
32
-58
-57
40
102
10
-85
-75
39
106
18
-56
-28
17
31
27
19
-4
-44
-19
35
68
20
-51
-54
47
89
30
-91
-124
38
168
93
-109
-185
-21
177
186
-36
-226
-158
73
231
147
-85
-217
-128
86
210
93
-118
-191
-25
143
139
-49
-139
-20
104
85
-55
-105
-28
84
70
-22
-64
-23
44
49
-19
-2
29
-4
-45
18
63
35
-32
-49
2
49
10
-21
-15
7
19
0
18
-1
-25
-28
22
45
39
-47
-88
-10
74
109
-5
-103
-61
38
127
20
-134
-98
93
150
8
-138
-91
93
150
28
-114
-124
-1
112
161
56
-139
-218
-27
223
252
-34
-269
-158
95
243
94
-136
-162
18
140
65
-74
-79
9
92
51
-37
-69
7
54
46
12
-52
-51
1
54
50
-13
-61
-33
44
56
-13
-60
-15
26
35
22
-20
-34
-24
19
35
9
1
12
-3
-47
-2
101
79
-60
-146
-12
156
112
-89
-170
21
204
95
-151
-196
43
254
128
-177
-246
-12
224
172
-76
-188
-113
63
148
113
-43
-161
-146
31
194
148
-73
-195
-52
128
109
-22
-99
-40
77
70
-37
-78
-20
48
63
23
-60
-71
12
87
39
-46
-36
1
36
40
14
-21
-24
0
36
4
6
13
-12
-43
-11
63
59
-24
-82
-40
26
81
63
-65
-117
-62
128
151
-37
-194
-70
162
165
-53
-228
-77
199
188
-62
-220
-110
145
226
19
-210
-186
52
188
157
-15
-177
-174
8
250
202
-62
-255
-159
141
273
52
-231
-189
68
199
49
-129
-102
36
117
67
-70
-79
23
58
9
-11
-8
-36
-8
31
22
-17
-19
26
0
-58
7
59
15
-50
-50
26
48
20
-25
-31
-10
19
39
43
-37
-91
25
109
90
-58
-137
-29
115
111
-52
-140
-5
158
84
-104
-158
5
190
134
-107
-245
-59
201
230
-14
-200
-189
32
208
163
-62
-212
-131
81
182
110
-72
-176
-75
101
139
25
-109
-72
74
92
-20
-88
-35
80
43
-45
-37
-8
18
31
18
21
-8
-32
-23
16
65
28
-33
-27
-9
38
46
-8
-48
-36
18
75
22
-43
-61
-5
67
43
-5
-76
-57
17
60
51
-30
-75
-15
21
55
19
-63
-76
19
118
60
-98
-166
25
200
81
-135
-147
4
111
110
32
-105
-142
-46
140
187
37
-191
-214
53
238
115
-135
-186
31
152
37
-114
-77
73
98
-2
-86
-39
69
62
-28
-69
-28
52
30
-32
-27
4
30
6
-24
-43
-2
33
18
-15
-14
8
10
4
-26
-10
-7
22
60
16
-59
-81
41
133
48
-96
-111
19
138
64
-99
-103
34
145
62
-100
-155
7
172
104
-95
-172
-29
139
142
-31
-129
-86
-19
97
141
41
-130
-180
-9
180
165
-60
-199
-69
95
127
27
-73
-54
26
64
4
-54
-38
30
48
19
-29
-30
2
19
-3
20
33
-8
-44
-10
46
52
-9
-49
-2
56
45
-33
-81
12
44
14
-12
-18
11
7
-30
-18
60
40
-56
-92
-19
107
89
-51
-127
-41
136
101
-142
-165
91
221
45
-217
-168
90
241
97
-161
-222
-25
165
164
64
-139
-214
-62
211
257
-2
-272
-189
108
270
85
-156
-179
5
153
88
-78
-139
9
134
58
-93
-77
41
81
16
-62
-45
22
30
-26
-18
45
34
-25
-35
-27
24
19
-35
-36
7
66
33
-38
-65
-22
76
58
-38
-31
-15
-2
28
56
52
-49
-96
-18
90
88
-30
-112
-20
117
95
-65
-123
-27
96
86
-21
-79
-74
3
93
113
0
-178
-180
82
254
124
-180
-281
-55
253
234
-47
-247
-157
118
210
20
-139
-90
69
99
-16
-97
-55
48
77
2
-32
-23
-17
11
16
43
9
-47
-39
17
71
16
-49
-24
17
36
29
-17
-37
-18
24
24
5
-3
-16
-28
-16
41
84
7
-111
-112
63
140
-3
-112
-60
39
87
27
-78
-94
21
113
46
-82
-107
1
133
117
-62
-183
-76
110
185
96
-110
-220
-66
178
218
25
-182
-178
11
188
117
-77
-149
-14
117
82
-54
-108
-3
105
69
-41
-88
5
78
38
-20
-78
-40
53
72
3
-67
-35
30
40
-18
-44
9
29
11
-10
-15
14
26
-22
-46
-9
59
54
-6
-14
-33
-22
32
60
40
-61
-105
17
140
79
-99
-139
43
184
41
-174
-144
113
214
32
-204
-176
70
223
85
-122
-179
-82
113
188
85
-103
-242
-99
162
245
5
-204
-127
57
162
54
-107
-88
36
103
9
-85
-59
27
45
20
-6
-39
-47
39
75
4
-50
-39
20
51
-7
-45
17
52
16
-21
-15
12
-19
-1
-8
-2
9
10
21
-33
-58
-20
83
74
-46
-144
-32
135
109
-83
-164
-40
148
143
-88
-206
-26
178
132
-99
-210
-28
194
175
-58
-226
-102
128
188
88
-110
-224
-90
155
240
64
-186
-240
-4
241
169
-85
-195
-82
147
151
-63
-151
-12
132
76
-79
-97
20
79
45
-49
-65
-17
48
38
-19
-26
27
28
-22
-76
6
58
6
-29
-21
36
48
5
-48
-60
19
67
48
-24
-45
-35
22
71
56
-38
-92
-26
88
79
-14
-96
-37
83
123
4
-163
-106
82
178
61
-157
-159
21
174
149
-70
-207
-144
83
262
154
-150
-300
-96
212
252
-6
-228
-172
98
207
33
-138
-94
69
108
-7
-85
-63
65
87
-22
-79
-22
33
29
0
-6
-1
10
-13
-5
24
25
2
-16
-11
25
44
-9
-64
-36
43
45
-16
-39
0
24
-9
-10
29
9
-71
-83
40
110
49
-77
-121
-3
125
77
-103
-156
31
157
82
-118
-141
15
141
92
-71
-131
-53
52
103
114
26
-171
-208
39
274
192
-142
-292
-55
200
171
-39
-165
-67
83
91
-38
-81
16
72
-3
-36
-2
36
-13
-45
20
23
-1
-34
-31
31
55
20
-43
-62
-8
59
37
-39
-48
-7
22
42
-14
-42
-28
15
62
23
-20
-19
-32
2
44
54
-14
-79
-43
55
100
20
-108
-105
79
201
12
-212
-149
125
251
32
-209
-189
59
249
123
-138
-207
-76
117
171
76
-107
-193
-74
146
207
25
-185
-146
68
163
55
-119
-84
35
80
25
-52
-56
-10
39
52
-3
-53
-59
22
91
34
-76
-71
32
94
27
-58
-42
32
42
-16
-22
34
34
-48
-58
24
88
23
-83
-88
16
100
65
-58
-106
-50
71
105
8
-100
-97
42
119
50
-97
-138
-7
154
112
-88
-180
-7
174
141
-63
-193
-88
105
140
85
-33
-152
-148
55
240
156
-118
-270
-97
176
222
5
-186
-118
86
151
-4
-141
-77
98
143
-19
-145
-66
98
114
-25
-90
-37
38
38
-25
-22
11
12
-16
-44
-3
41
17
-41
-18
21
35
9
-35
-39
-14
46
51
-19
-35
-32
12
62
63
7
-105
-91
46
153
55
-125
-134
69
179
40
-158
-153
51
202
95
-160
-191
-3
180
158
-46
-175
-138
16
174
193
-35
-258
-191
120
276
84
-176
-198
-7
164
106
-59
-112
2
77
9
-58
-51
42
83
-12
-89
-33
51
46
-16
-19
10
6
-14
-8
14
31
-1
-1
14
8
-8
-14
-25
-4
17
12
18
17
-42
-55
14
53
44
-14
-64
-59
-3
69
98
-25
-115
-85
74
168
11
-196
-134
123
210
21
-175
-166
68
233
66
-169
-179
18
171
170
-6
-217
-179
88
266
161
-143
-273
-47
190
181
-24
-190
-78
135
125
-70
-134
8
112
66
-33
-100
-28
77
72
-7
-67
-51
13
65
19
-33
-50
9
44
-9
-55
-13
40
27
-8
-34
8
45
-19
-42
21
25
16
18
-10
-59
-30
91
117
-30
-143
-91
108
148
3
-156
-94
129
181
-15
-173
-143
85
228
63
-174
-196
3
197
186
-55
-214
-163
36
224
218
-64
-324
-191
160
306
63
-239
-201
67
200
69
-127
-101
62
95
-15
-90
-23
34
38
-12
-10
6
-37
-40
32
67
7
-43
-36
14
45
7
-17
-14
-9
16
24
18
-28
-41
-8
29
56
19
-61
-67
-10
48
66
34
-65
-113
-22
110
119
-48
-164
-59
117
150
-45
-204
-29
171
141
-95
-188
-48
140
159
6
-164
-134
40
126
171
36
-213
-224
62
290
165
-123
-235
-74
150
159
-16
-111
-75
32
87
12
-68
-15
49
48
-3
-75
-50
37
87
24
-62
-60
30
48
-21
-44
7
35
2
-34
-39
22
30
-12
-43
-11
55
33
-37
-43
-2
47
25
-19
-14
-24
-27
50
101
52
-118
-131
46
159
59
-109
-130
7
175
111
-129
-210
18
221
128
-137
-219
-33
192
193
-55
-205
-125
49
163
115
-40
-167
-150
49
209
109
-96
-184
-54
108
125
-13
-85
-17
29
43
-29
-83
-2
87
45
-46
-67
-43
70
104
-15
-89
-30
42
23
-15
5
15
39
2
-62
-19
55
67
-38
-116
6
110
70
-88
-110
11
88
45
-24
-63
-55
-3
49
82
13
-82
-87
23
114
47
-128
-126
78
182
40
-178
-158
87
228
65
-179
-191
42
173
108
-6
-109
-141
-24
141
188
35
-217
-195
58
223
121
-107
-176
-7
119
44
-87
-51
66
69
-16
-72
-15
39
35
-1
-25
-44
10
39
5
-15
-21
-3
-3
-8
-17
-11
11
34
-10
-62
-2
75
55
-67
-99
25
109
48
-56
-79
-22
83
72
-2
-54
-71
-1
84
71
-17
-93
-32
114
98
-74
-167
-16
168
140
-103
-202
-60
149
184
8
-152
-147
-3
137
159
19
-186
-185
-8
202
182
-27
-232
-118
129
174
-21
-139
-48
100
101
-54
-104
-12
85
55
-32
-54
-21
22
48
20
-26
-20
6
3
14
9
-15
12
36
6
-16
11
7
-13
-22
-3
34
36
-6
-61
-65
37
124
37
-125
-123
2
142
110
-63
-156
-59
116
143
-17
-174
-87
116
154
-1
-161
-109
87
143
38
-100
-140
-20
101
182
64
-171
-229
-29
252
240
-43
-270
-189
104
266
96
-182
-204
50
185
83
-116
-144
-1
120
91
-56
-135
-38
109
92
-28
-103
-31
45
25
-5
5
-9
-25
-28
-4
33
0
-12
-10
-16
19
55
-2
-69
-41
35
82
20
-56
-61
-13
59
85
28
-88
-110
-1
122
88
-47
-123
-19
126
104
-59
-155
-41
120
130
-38
-171
-81
95
180
56
-135
-176
-45
141
199
27
-199
-200
8
184
166
-18
-194
-125
62
177
58
-127
-101
59
103
12
-84
-64
61
78
-29
-64
-7
38
20
-21
16
23
7
-52
-15
53
48
-15
-58
5
59
22
-34
-56
-13
49
65
11
-67
-62
13
68
32
-27
-62
-28
19
35
44
-19
-60
-35
37
95
0
-129
-97
74
192
28
-175
-138
81
199
62
-147
-185
-4
157
133
41
-109
-180
-48
141
213
40
-179
-181
23
205
131
-100
-183
-29
139
68
-60
-94
24
112
45
-94
-86
35
78
41
-20
-55
-26
18
24
5
-1
-20
-28
-5
4
-2
-10
-9
18
22
7
-19
-12
-4
0
16
-4
26
27
-4
-64
-27
78
88
2
-136
-95
90
163
-3
-179
-83
170
201
-76
-259
-81
211
214
-69
-228
-117
136
220
30
-170
-146
-27
99
157
76
-134
-233
-47
211
205
-27
-229
-163
87
217
72
-177
-136
84
157
23
-137
-103
37
110
38
-61
-70
-13
43
57
23
-36
-64
-10
48
45
-3
-37
-6
15
28
23
-22
-50
-23
36
61
20
-54
-70
-8
56
43
13
-17
-67
-63
38
105
27
-119
-88
55
129
33
-161
-135
104
193
26
-184
-136
90
206
52
-154
-149
14
105
112
44
-74
-152
-89
113
221
83
-188
-211
19
214
142
-117
-171
1
158
62
-109
-115
51
135
35
-115
-104
70
123
11
-75
-54
31
49
-17
-41
4
19
16
-10
-43
-20
34
31
-15
-36
9
55
16
-54
-57
13
82
59
-32
-72
-24
48
81
57
-59
-124
-14
109
101
-47
-114
-31
91
131
-15
-163
-114
96
202
54
-184
-188
39
219
142
-93
-212
-125
110
231
76
-149
-215
-65
159
209
16
-180
-148
58
138
40
-66
-73
25
73
17
-93
-52
40
102
22
-78
-77
2
75
70
-13
-94
-45
70
73
-19
-64
12
61
13
-18
-28
13
31
-38
-50
35
93
-1
-113
-52
66
71
12
-65
-47
-21
23
66
36
-46
-94
-21
90
100
-44
-159
-52
157
147
-62
-229
-61
207
170
-94
-241
-64
179
188
10
-147
-130
-48
88
165
104
-94
-225
-78
171
207
-9
-205
-111
94
147
5
-141
-58
95
125
-24
-128
-42
91
84
-20
-80
-35
15
17
18
24
-7
-34
-26
4
17
31
-24
-38
3
62
45
-52
-83
12
90
24
-45
-26
41
27
-23
-19
58
58
-65
-111
29
152
59
-137
-125
95
189
-1
-210
-131
150
219
-11
-242
-126
127
213
47
-141
-164
-65
108
181
80
-112
-227
-94
192
256
-9
-242
-180
105
235
65
-155
-132
54
148
14
-96
-89
30
97
35
-52
-51
-32
21
76
63
-21
-91
-54
67
114
21
-104
-83
41
115
56
-78
-124
-22
83
110
-2
-105
-71
39
57
13
2
2
-50
-60
7
106
68
-74
-144
-44
130
135
-100
-212
-30
203
159
-114
-209
-32
167
135
-29
-177
-98
59
155
145
-59
-230
-145
126
265
103
-173
-232
-32
218
167
-79
-180
-57
119
99
-50
-115
18
117
37
-98
-81
57
95
-1
-65
-21
13
13
2
3
19
-29
-38
3
31
23
-27
-29
-16
19
29
2
-25
8
-13
-17
1
56
24
-21
-75
-28
87
98
-8
-106
-98
49
141
58
-108
-135
29
183
74
-135
-177
10
190
129
-113
-204
-42
171
188
-46
-177
-131
32
169
143
-45
-210
-179
99
255
97
-134
-220
-20
169
121
-55
-127
-12
77
44
-31
-54
-16
27
52
19
-71
-72
13
85
60
-30
-71
-20
47
68
-19
-32
18
15
-11
-45
20
78
4
-103
-57
116
112
-85
-157
-10
133
107
-53
-156
-77
91
156
6
-143
-86
58
96
30
-66
-108
-15
111
104
-58
-134
-54
109
134
-9
-147
-92
45
140
111
-6
-175
-179
78
275
152
-178
-276
-44
211
183
-48
-185
-67
114
119
-51
-122
-23
107
76
-42
-65
-4
24
13
15
3
-32
-21
4
19
35
-3
-53
-36
21
34
11
-32
-27
11
25
30
6
-18
-6
-19
7
44
54
11
-101
-101
76
162
15
-165
-109
97
173
31
-144
-140
64
223
57
-194
-185
82
252
70
-214
-230
57
259
118
-99
-207
-116
91
207
112
-112
-248
-102
161
237
20
-198
-150
38
161
40
-103
-81
32
122
39
-128
-105
54
135
19
-90
-75
8
76
39
-28
-35
-3
30
8
-22
9
39
-11
-45
-11
65
57
-41
-96
-37
61
111
-1
-103
-73
33
76
21
-17
-42
-37
-23
57
82
-31
-114
-66
70
143
-3
-173
-76
109
181
8
-207
-133
123
217
20
-194
-152
67
175
136
-48
-183
-133
54
205
152
-67
-191
-112
85
185
68
-123
-142
40
104
8
-72
-17
55
39
-25
-51
-7
60
33
-37
-14
-3
6
-8
-19
29
29
-36
-37
9
20
11
-23
-17
1
47
27
-24
-33
-42
5
34
56
14
-38
-52
-40
63
123
20
-142
-122
79
164
41
-109
-118
16
161
98
-137
-179
50
209
69
-172
-158
43
186
108
-91
-142
-103
25
139
134
-16
-185
-204
34
268
172
-144
-261
-40
183
137
-66
-152
14
108
34
-79
-72
39
89
-19
-89
-29
49
37
-24
-11
21
25
-34
-33
37
34
-23
-28
25
39
1
-10
-7
-22
-21
-5
41
32
-29
-56
-26
43
47
27
-61
-101
-17
96
100
-19
-124
-83
57
138
0
-164
-86
132
170
-24
-188
-95
149
187
-21
-179
-121
63
138
107
10
-135
-184
4
214
208
-55
-253
-136
157
220
-4
-168
-96
63
112
14
-85
-52
44
67
-1
-77
-41
33
83
47
-50
-78
-1
56
47
-26
-47
-22
27
24
-32
-17
3
28
-24
-54
36
111
11
-132
-97
103
156
-7
-119
-76
27
119
64
-53
-98
-59
66
113
26
-82
-108
33
148
66
-99
-168
31
179
98
-112
-216
-39
224
187
-48
-231
-151
83
203
119
-70
-205
-141
50
190
131
-49
-190
-115
103
178
13
-139
-96
80
141
-12
-129
-88
87
121
3
-92
-94
12
126
62
-57
-100
-16
83
82
-16
-76
-11
38
28
11
-14
-9
-18
-16
17
62
30
-61
-76
0
30
48
39
-51
-103
-12
94
91
-45
-119
-25
87
89
-28
-153
-67
94
154
6
-169
-116
108
208
34
-194
-167
47
189
121
-46
-160
-125
32
173
157
-38
-207
-148
82
187
94
-80
-179
-17
129
85
-81
-128
18
137
56
-104
-82
47
116
5
-74
-51
12
44
6
-14
-27
0
3
-22
-20
42
27
-29
-59
13
57
17
-36
-43
-9
50
37
13
-36
-55
-11
67
98
-7
-114
-83
39
129
75
-73
-150
-17
176
117
-94
-176
-46
164
168
-57
-217
-109
143
221
41
-155
-204
-53
178
220
18
-222
-221
30
236
181
-80
-247
-93
143
166
-5
-146
-42
90
80
-48
-89
-12
68
60
-25
-69
-20
25
35
19
1
-12
-33
-20
37
56
11
-39
-25
17
35
29
-9
-53
-51
21
96
55
-63
-113
-13
101
58
-29
-74
-56
-1
86
79
-47
-86
-57
55
106
-11
-125
-82
90
165
-16
-188
-108
128
203
29
-153
-171
-11
155
182
33
-197
-229
21
264
236
-97
-307
-104
202
199
-38
-187
-45
117
72
-71
-109
16
110
66
-54
-102
-13
71
79
-38
-70
-32
22
35
2
-8
-11
-23
12
-4
-29
-12
17
14
-24
-16
32
63
-45
-91
-27
80
84
-19
-59
-3
-8
-1
57
48
-34
-105
-38
107
119
-33
-157
-40
145
119
-84
-167
-10
161
130
-84
-209
-47
149
171
-7
-154
-154
-19
138
186
30
-200
-207
20
231
137
-78
-176
-80
105
126
-15
-103
-26
78
62
-65
-94
-6
89
47
-36
-49
-43
26
73
32
-43
-45
7
22
-1
-1
0
26
25
-26
-8
17
13
-29
-17
29
6
-5
-1
14
-33
-33
14
84
11
-118
-104
69
172
55
-152
-164
28
201
87
-176
-187
85
215
54
-170
-154
57
200
69
-137
-152
20
126
113
1
-101
-111
-28
91
154
70
-110
-188
-36
159
187
-15
-205
-104
100
143
15
-127
-57
64
84
3
-106
-21
70
75
-9
-95
-50
52
48
-31
-43
13
36
-3
-34
-3
26
3
-35
-21
45
36
-26
-40
-4
48
28
-19
-23
5
-14
-19
43
98
-12
-118
-67
89
145
3
-123
-104
97
152
-8
-170
-104
132
194
-30
-193
-110
116
209
31
-156
-144
-35
106
155
71
-134
-217
-42
174
185
-14
-171
-129
41
140
56
-91
-75
39
69
-32
-96
5
97
41
-58
-61
-5
41
43
-10
-39
-8
27
10
-9
-7
-2
18
26
-3
-7
-26
2
34
-5
-46
-8
72
29
-64
-81
-11
106
80
-77
-123
-47
95
120
-11
-106
-87
38
111
30
-106
-121
41
164
53
-151
-140
64
184
59
-117
-176
-16
130
138
68
-108
-178
-75
127
220
74
-204
-224
24
226
172
-87
-219
-73
135
137
-49
-149
-44
120
104
-49
-94
-23
59
48
8
-36
-39
-20
39
45
-13
-37
-12
1
-10
-2
25
20
-28
-33
31
51
-5
-52
-38
26
68
27
-19
-46
-53
28
102
74
-42
-123
-37
88
114
-1
-129
-83
91
169
0
-180
-69
150
143
-51
-161
-73
82
147
31
-91
-108
-57
47
167
116
-97
-241
-119
204
253
0
-255
-158
114
180
16
-110
-74
28
78
24
-68
-63
29
64
22
-27
-67
-40
65
52
7
-10
-48
-42
25
91
24
-42
-51
-28
64
86
-12
-111
-78
39
124
49
-64
-100
-30
48
62
49
-34
-115
-76
67
154
61
-141
-181
-9
208
144
-142
-225
-6
222
162
-137
-261
-34
238
191
-88
-242
-111
119
207
84
-106
-202
-87
157
207
57
-170
-219
12
207
136
-91
-181
-27
112
102
-52
-124
-15
109
76
-62
-86
2
72
19
-29
-20
-21
15
26
-2
-36
-24
29
42
-31
-62
1
38
-6
-37
6
62
13
-43
-53
18
47
34
-16
-36
-32
12
61
56
-3
-96
-71
64
129
37
-82
-114
22
153
64
-115
-171
41
233
89
-188
-215
47
256
136
-142
-247
-79
179
221
44
-171
-214
-42
160
192
17
-155
-144
2
163
107
-80
-125
4
105
46
-66
-71
21
62
14
-27
-37
-7
6
35
43
-13
-27
-16
2
48
2
-18
-30
0
26
71
17
-81
-61
26
81
34
-44
-69
-3
35
50
13
-42
-52
-48
-7
104
114
-55
-176
-70
130
164
-28
-221
-106
193
207
-67
-245
-87
197
213
-78
-252
-107
160
204
69
-130
-187
-61
116
211
90
-158
-225
-18
200
146
-78
-150
-36
117
68
-78
-87
31
90
20
-54
-58
19
54
41
-28
-43
-39
11
26
2
-2
-13
-13
-4
-11
3
32
-19
-31
-2
25
46
16
-43
-75
-1
85
76
-28
-98
-66
52
126
73
-50
-136
-47
83
115
12
-123
-93
87
178
16
-181
-116
106
177
30
-156
-134
17
153
120
-51
-178
-144
57
252
143
-134
-296
-117
213
264
-28
-224
-142
85
200
22
-141
-81
74
107
5
-107
-70
23
86
27
-60
-43
-6
36
37
23
-1
-37
-39
20
61
41
-41
-55
8
31
27
-8
-15
-13
-5
-1
33
30
-17
-84
-42
56
125
22
-148
-131
39
182
92
-131
-168
-1
170
111
-115
-189
-4
199
120
-147
-188
26
201
110
-91
-174
-84
93
176
118
-67
-233
-143
148
281
98
-195
-254
-7
219
168
-78
-178
-55
117
97
-49
-102
-16
96
73
-27
-89
-9
78
42
-39
-50
3
20
-18
1
38
-12
-41
-21
14
41
22
-50
-53
13
56
38
8
-28
-58
-6
52
72
-9
-91
-43
38
62
67
23
-81
-101
8
125
90
-73
-153
5
196
98
-145
-200
57
238
94
-175
-240
6
248
159
-128
-203
-102
98
202
83
-119
-192
-82
97
168
49
-109
-121
-30
70
96
-13
-99
-13
71
40
-47
-66
-6
44
47
3
-50
-68
11
81
66
-27
-115
-39
106
94
-44
-96
-13
54
42
-1
-7
-36
-25
19
25
30
-10
-28
-15
-15
2
21
46
7
-96
-81
62
126
20
-139
-97
56
140
23
-163
-105
114
189
-28
-230
-100
165
225
-3
-222
-166
113
220
82
-80
-181
-108
91
206
111
-93
-192
-60
121
155
2
-116
-84
40
88
20
-57
-56
18
91
41
-84
-73
19
92
62
-43
-100
-10
63
52
-23
-62
-21
34
20
-38
-2
29
4
-27
-29
59
67
-37
-108
-22
113
76
-58
-62
-9
14
57
63
-5
-87
-65
32
99
80
-56
-119
-16
140
96
-117
-180
43
213
90
-155
-186
23
195
125
-102
-177
-76
75
147
98
-53
-181
-155
59
245
107
-151
-201
-23
166
140
-56
-153
-23
108
62
-61
-80
16
74
-11
-49
-6
20
-3
-8
31
18
5
-41
-14
31
30
-14
-22
2
35
34
-22
-59
-15
31
49
12
-6
-28
-39
-17
9
50
55
-46
-128
-64
138
157
-64
-190
-50
123
138
-53
-167
-54
149
156
-56
-199
-66
150
157
-26
-160
-97
55
114
86
20
-103
-167
-40
178
238
-2
-248
-188
102
256
92
-182
-181
45
147
65
-88
-110
26
105
43
-80
-63
45
65
1
-59
-24
41
24
-25
-44
-12
36
35
-32
-56
15
39
13
-42
-27
27
75
-3
-74
-72
25
118
56
-65
-104
-32
100
128
0
-113
-118
34
138
70
-70
-127
-3
138
106
-71
-150
-50
144
162
-45
-205
-119
136
248
18
-223
-193
45
208
131
-62
-191
-133
85
203
84
-109
-158
-28
92
108
-13
-87
-28
64
51
-40
-86
-13
79
77
-40
-98
-28
51
84
16
-72
-45
27
86
20
-77
-38
50
51
-8
-46
33
39
-13
-72
-32
97
69
-59
-101
-6
95
38
-16
-54
-48
-28
62
68
-5
-92
-73
46
117
31
-122
-131
47
189
33
-171
-129
97
195
40
-155
-163
27
125
127
45
-147
-176
-17
178
204
-24
-228
-153
100
202
79
-120
-161
6
138
49
-94
-101
37
145
41
-122
-118
39
127
40
-87
-87
18
93
17
-81
-55
41
73
-23
-94
-6
68
25
-81
-37
88
70
-50
-117
-37
91
106
0
-91
-65
13
57
78
24
-96
-97
26
140
104
-83
-193
-16
213
132
-147
-215
9
212
136
-116
-193
-38
121
167
3
-112
-135
-73
115
220
54
-198
-229
7
233
172
-65
-215
-106
89
169
47
-134
-94
76
117
-40
-116
-37
98
95
-37
-96
-37
53
57
-11
-31
35
24
-40
-4
30
13
-4
-17
-12
41
55
-25
-88
-32
66
94
-7
-81
-69
24
60
30
5
-33
-57
-41
41
111
20
-108
-110
32
170
74
-166
-183
61
253
74
-228
-191
106
239
75
-184
-183
41
168
110
-1
-109
-134
-41
139
199
30
-205
-201
53
216
146
-96
-236
-20
206
113
-126
-162
39
174
50
-124
-117
79
124
-6
-92
-50
60
18
-41
-23
26
23
-13
-52
-22
28
26
-14
-44
18
50
14
-33
-38
-36
-3
75
69
-35
-103
-45
88
128
3
-123
-104
51
141
63
-93
-144
-10
168
138
-88
-202
-52
168
178
-60
-230
-93
147
204
16
-182
-170
2
160
178
3
-187
-189
11
199
146
-58
-192
-88
97
131
3
-85
-51
48
73
3
-79
-54
14
68
25
-20
-66
-35
60
75
14
-51
-61
9
78
34
-45
-63
15
59
21
-20
-14
-13
-26
-5
52
51
-1
-73
-72
32
70
49
-36
-112
-69
84
132
22
-135
-128
58
155
51
-155
-146
81
207
40
-195
-155
93
209
64
-126
-214
-4
184
151
24
-146
-190
-16
204
213
-33
-229
-153
87
200
75
-100
-142
6
128
38
-81
-56
36
72
12
-55
-50
25
80
17
-34
-38
-15
22
19
-5
-34
-10
26
32
-41
-28
19
19
-28
-14
50
40
-38
-71
-17
67
58
-13
-43
-29
9
42
56
19
-58
-89
-16
91
84
-8
-100
-58
69
116
12
-128
-84
70
156
27
-170
-147
67
223
103
-149
-208
-77
170
231
48
-222
-246
16
253
138
-118
-189
-44
128
118
-24
-122
-52
89
106
-19
-105
-82
67
109
11
-77
-86
2
80
53
-8
-68
-38
38
57
31
-38
-61
-4
45
83
11
-66
-81
8
90
53
-50
-68
7
31
-6
-39
20
59
-40
-109
-20
146
101
-103
-170
-18
176
109
-137
-203
25
222
109
-155
-201
15
207
144
-116
-243
-53
173
206
29
-155
-207
-44
199
235
30
-230
-210
63
214
118
-113
-200
20
154
51
-106
-86
52
79
17
-66
-68
42
66
-9
-23
-12
-9
8
8
7
-8
-29
-14
0
20
10
-10
-28
-9
14
26
10
-6
-2
-30
-9
39
45
-6
-33
-63
-1
78
88
10
-137
-84
96
149
12
-124
-101
91
158
14
-179
-120
115
189
-3
-172
-115
79
154
71
-68
-160
-114
78
231
98
-160
-245
-17
210
170
-45
-186
-93
79
128
-19
-97
-21
84
75
-75
-92
26
88
46
-70
-75
16
55
48
-24
-72
-2
45
16
-6
1
10
5
-3
-12
12
20
-15
-26
-11
30
27
-5
-31
-8
-6
-31
-1
71
28
-89
-111
56
145
43
-123
-135
27
135
84
-100
-157
1
145
89
-104
-134
29
150
59
-84
-137
-38
98
122
76
-77
-163
-85
100
204
63
-151
-165
-10
145
116
-35
-113
-62
81
60
-33
-59
-13
69
45
-38
-65
-3
45
39
21
-57
-87
7
74
45
-36
-59
-19
24
24
-33
-9
34
11
-35
-35
40
35
-19
-59
-15
50
53
11
-36
-49
-2
75
84
-30
-127
-50
107
122
-28
-140
-37
116
135
-24
-165
-104
106
178
34
-163
-173
42
218
118
-139
-215
-50
166
197
-4
-169
-147
1
118
106
-2
-59
-78
-41
55
102
19
-83
-50
48
79
-16
-103
-32
93
82
-45
-132
-2
122
52
-76
-35
38
17
-7
-27
-6
50
31
-17
-13
9
12
-2
-38
-9
23
36
14
-47
-57
-4
42
74
13
-84
-95
-5
106
110
-51
-141
-61
105
133
-30
-183
-84
158
206
-61
-258
-82
205
201
-79
-233
-55
150
127
28
-54
-121
-100
37
196
153
-91
-258
-114
171
238
18
-206
-143
88
156
11
-148
-59
102
118
-22
-135
-48
103
93
-41
-102
-17
66
36
-42
-58
3
42
28
-35
-44
20
49
-10
-39
-5
32
53
-20
-82
-27
67
80
-10
-55
-60
-12
107
114
-12
-141
-104
70
157
56
-117
-155
39
208
66
-147
-162
46
189
74
-148
-185
56
207
71
-133
-156
-40
88
109
82
-44
-170
-126
88
184
77
-115
-166
-48
141
128
-54
-133
-6
118
41
-78
-94
17
83
35
-37
-62
-38
40
74
10
-59
-35
10
72
1
-67
-10
78
12
-60
6
73
25
-94
-80
65
133
-26
-124
-68
49
85
34
-11
-74
-97
1
118
112
-43
-170
-71
101
144
-23
-191
-57
153
149
-72
-194
-30
165
111
-36
-149
-81
53
115
133
-14
-171
-159
64
244
137
-144
-234
-33
173
154
-18
-132
-75
69
72
-32
-60
-8
56
38
-22
-33
-3
15
14
20
-9
-46
-24
29
21
0
-2
-25
-11
18
22
-17
-23
4
26
4
11
0
-1
-58
-22
69
86
8
-99
-93
33
129
94
-55
-148
-44
83
110
32
-78
-100
19
153
77
-126
-138
23
167
85
-129
-169
-2
184
147
-63
-190
-137
57
216
146
-93
-249
-142
130
253
71
-178
-202
4
157
97
-62
-117
11
93
26
-79
-66
21
74
15
-10
-29
-42
-19
44
92
14
-115
-64
51
112
6
-99
-41
60
82
1
-75
-39
38
33
-28
-7
44
-8
-68
-40
29
83
46
-67
-124
-42
122
148
-45
-187
-84
118
166
-7
-187
-116
121
211
-24
-226
-100
179
216
-47
-232
-142
148
204
38
-104
-139
-36
85
134
70
-82
-152
-61
91
124
42
-90
-97
31
92
9
-85
-41
60
70
-4
-55
-35
20
27
33
6
-42
-24
5
26
19
-3
-21
-23
-6
2
22
16
-22
-50
5
59
28
-40
-55
0
58
69
-10
-65
-50
8
81
66
-10
-98
-74
65
142
49
-121
-153
46
213
96
-164
-211
63
229
88
-151
-212
7
219
152
-101
-195
-103
65
179
112
-76
-178
-123
69
183
80
-105
-175
-19
166
90
-89
-122
28
127
20
-129
-95
75
110
21
-65
-66
-14
54
61
8
-43
-54
-13
56
53
-22
-24
1
23
28
-1
0
-15
-50
-26
40
88
11
-89
-56
17
61
29
-6
-38
-80
-28
82
104
-20
-134
-74
77
137
-5
-189
-73
132
172
-13
-204
-99
124
176
21
-172
-143
45
164
142
-16
-186
-177
34
240
177
-81
-248
-124
141
207
13
-161
-101
67
127
1
-120
-53
80
95
-16
-88
-59
49
78
12
-61
-60
29
66
3
-44
-16
-5
-1
-3
9
6
-11
-5
-35
9
74
37
-63
-89
-11
109
97
-40
-104
-37
48
59
36
-6
-67
-62
13
107
73
-68
-120
-6
159
80
-129
-138
46
138
70
-84
-147
-16
145
123
-43
-128
-97
-14
117
160
35
-197
-208
40
221
134
-81
-198
-70
112
130
-14
-121
-34
102
65
-32
-88
-51
70
86
-17
-83
-32
31
46
27
-4
-27
-21
13
48
10
-38
-10
21
7
-8
40
31
-48
-67
13
104
57
-89
-123
9
102
104
-15
-134
-92
38
118
65
-58
-95
-49
72
116
-14
-146
-88
88
162
13
-166
-128
94
204
47
-171
-191
66
191
97
-43
-128
-128
20
147
139
9
-178
-165
72
199
82
-142
-162
52
155
28
-112
-103
59
124
26
-86
-107
28
93
41
-57
-53
-12
27
41
-7
-41
-36
0
30
9
5
4
-49
-59
20
99
46
-83
-110
16
100
88
-39
-89
-6
35
19
-6
45
43
-86
-102
53
169
41
-167
-117
122
192
-19
-246
-96
188
212
-61
-242
-123
188
248
-42
-235
-143
78
176
87
-55
-154
-124
32
160
125
-62
-156
-65
76
109
-6
-65
-29
56
55
-59
-87
3
84
75
-51
-94
-36
56
82
19
-66
-57
16
67
40
-23
-26
-11
13
40
17
-11
-31
-26
0
24
53
10
-65
-38
21
45
-1
2
-26
-43
-21
32
79
27
-109
-106
36
153
52
-130
-151
62
190
58
-175
-156
76
210
82
-177
-205
39
173
143
8
-156
-166
-2
171
182
-22
-202
-125
102
178
35
-114
-111
57
104
13
-82
-73
56
118
10
-131
-76
79
126
3
-109
-66
49
65
-11
-57
16
34
-16
-48
-29
56
38
-49
-49
35
74
-13
-62
-31
5
56
26
-3
6
-43
-78
29
138
76
-95
-169
-19
183
138
-89
-186
-37
183
154
-87
-223
-49
205
170
-84
-218
-95
139
209
27
-157
-157
-42
111
188
53
-163
-229
-20
221
181
-57
-211
-97
103
158
8
-134
-62
80
95
-22
-99
-46
40
68
13
-38
-47
-10
39
33
0
-40
-18
34
10
-19
-7
48
19
-23
-6
13
20
-38
-42
34
53
33
-22
-72
-33
24
70
57
-79
-131
-40
117
145
-13
-160
-110
81
140
22
-123
-133
68
169
24
-136
-128
42
175
91
-109
-180
-35
119
164
66
-108
-206
-56
164
225
12
-224
-174
89
211
89
-109
-133
6
105
38
-76
-58
44
88
-11
-94
-23
72
51
-23
-52
-3
22
-1
9
-5
-26
-4
11
28
-16
-40
-5
24
11
-23
-21
49
50
-27
-68
-8
67
54
0
-71
-84
36
138
77
-95
-163
-19
149
123
-36
-134
-52
124
153
-29
-198
-102
156
205
-43
-214
-111
131
207
18
-142
-143
-31
104
150
37
-133
-172
-12
146
147
-38
-131
-60
53
67
0
-31
-8
22
20
-42
-28
23
24
4
-28
-15
5
6
5
24
28
-32
-54
29
65
0
-46
-1
45
-3
-27
7
14
-6
-24
-29
52
83
-18
-111
-76
68
95
38
-74
-129
-49
66
141
46
-106
-136
-9
153
103
-110
-178
0
178
114
-106
-180
-19
191
143
-107
-221
-31
160
153
43
-138
-189
-35
167
214
15
-203
-191
44
198
120
-98
-146
-25
123
62
-73
-97
23
116
14
-93
-65
57
78
-6
-65
-17
29
16
-22
-8
35
-11
-44
-8
33
23
-28
-31
-32
-11
68
53
-23
-74
-52
45
105
26
-47
-70
-44
38
96
68
-48
-117
-58
85
144
27
-133
-120
67
168
40
-136
-124
41
170
93
-146
-179
15
219
129
-117
-204
-89
127
213
53
-170
-205
-23
182
177
-19
-187
-106
90
130
8
-107
-32
84
46
-47
-51
7
37
13
9
-5
-18
-30
-20
67
51
-22
-46
-15
30
55
2
-42
-15
5
35
34
2
-58
-61
23
73
74
-15
-114
-103
37
118
100
-58
-164
-78
116
151
14
-143
-127
33
162
72
-129
-183
28
209
75
-154
-173
41
209
94
-128
-201
-33
160
146
22
-94
-152
-79
125
218
35
-185
-167
46
169
75
-76
-118
-9
106
30
-97
-76
72
116
9
-103
-63
36
34
26
2
-39
-31
-8
35
26
-17
-37
-21
23
3
-20
-7
15
-10
-18
-2
35
20
-11
-78
-43
78
113
12
-97
-110
12
151
114
-73
-173
-50
138
144
-27
-153
-82
121
163
-8
-195
-92
149
167
-56
-181
-88
107
182
43
-139
-145
-29
104
154
35
-129
-159
-45
138
173
-13
-145
-122
42
137
49
-83
-92
54
118
-20
-121
-19
84
54
-43
-54
-5
7
17
31
16
-17
-34
-5
47
30
-13
-35
-4
34
38
2
-28
-63
-25
49
82
8
-64
-44
8
20
-1
13
13
-27
-76
-25
110
115
-75
-171
-38
150
139
-76
-203
-25
201
148
-126
-216
-18
191
180
-65
-256
-122
160
238
62
-155
-205
-44
164
207
43
-176
-187
28
175
112
-51
-152
-45
107
91
-31
-102
-28
90
80
-34
-110
-30
94
74
-14
-68
-47
18
65
18
-42
-51
8
57
-11
-50
-20
18
15
-39
-2
78
57
-79
-117
50
129
7
-85
-30
17
25
41
44
-3
-89
-57
54
107
15
-70
-81
42
161
25
-175
-128
122
206
17
-202
-187
67
274
121
-198
-233
-11
177
153
3
-100
-163
-83
112
192
37
-157
-171
34
173
81
-124
-147
65
147
23
-115
-85
49
94
2
-65
-59
7
48
49
-13
-45
-11
18
25
-12
-17
15
9
-20
-5
29
41
-16
-58
-49
19
59
66
-34
-97
-58
62
116
12
-131
-123
40
154
80
-95
-153
-35
119
135
-27
-188
-88
138
184
-17
-197
-110
139
183
-13
-181
-124
73
153
105
-43
-154
-121
38
198
166
-93
-240
-99
151
227
18
-187
-125
76
135
-2
-111
-52
107
89
-50
-105
-2
73
76
-15
-77
-28
37
44
13
-33
-36
-22
42
34
-19
-43
-26
22
22
21
8
-12
-41
-31
30
61
30
-18
-47
-44
13
71
76
0
-107
-85
65
155
50
-123
-137
62
181
30
-158
-140
98
185
28
-163
-145
56
189
90
-91
-155
-86
65
161
121
-89
-214
-111
108
216
71
-126
-196
-39
178
135
-55
-139
-34
99
71
-57
-99
-16
90
46
-34
-61
-31
35
71
27
-41
-86
-7
105
68
-75
-94
18
81
17
-34
5
8
-20
-52
6
85
39
-89
-95
31
96
39
-39
-99
-52
31
91
73
-57
-114
-55
68
128
-2
-135
-94
100
165
-17
-179
-94
126
192
14
-211
-153
84
198
105
-81
-192
-84
121
185
53
-104
-157
-47
125
124
2
-87
-55
26
37
15
-25
-39
7
37
29
-26
-56
-1
54
39
-11
-62
-13
32
25
-2
-18
-12
-16
-5
7
41
-5
-53
-45
64
77
-9
-83
-69
42
100
12
-37
-26
-2
7
31
65
33
-87
-98
24
127
97
-75
-153
-3
173
88
-143
-144
58
188
35
-151
-120
44
157
91
-96
-120
-70
36
117
99
-7
-161
-161
59
189
115
-102
-163
-34
114
101
-48
-112
-12
112
48
-70
-91
6
99
63
-74
-92
-1
73
52
-28
-44
2
38
18
-23
-46
25
65
2
-47
-4
41
3
-69
-31
39
95
43
-98
-106
23
98
54
-36
-73
-53
2
66
75
-5
-97
-89
59
114
-6
-141
-60
118
123
-47
-153
-64
125
165
-17
-181
-122
90
156
69
-19
-116
-139
-13
166
211
-8
-244
-165
112
225
74
-152
-176
45
177
24
-159
-80
120
135
-82
-157
10
131
53
-63
-47
-4
15
6
-6
10
4
-15
-32
-26
13
52
-1
-61
-56
7
88
90
-43
-119
-58
88
124
29
-86
-98
-22
100
113
2
-126
-107
73
150
58
-112
-138
12
159
87
-103
-157
16
161
87
-96
-149
-14
120
98
-13
-77
-108
-54
85
168
65
-175
-239
25
245
140
-94
-196
-61
122
118
-36
-118
-28
99
73
-63
-84
-17
85
67
-45
-55
-37
6
86
41
-41
-42
6
42
12
-14
15
19
-22
-26
30
59
1
-62
-58
36
99
19
-57
-71
-16
52
75
16
-81
-90
5
112
89
-73
-133
-10
92
77
-38
-127
-36
115
124
-45
-135
-60
72
110
56
-107
-148
9
127
131
17
-125
-173
-8
199
187
-30
-220
-146
109
207
62
-135
-160
6
145
51
-95
-85
47
113
33
-96
-85
30
70
20
-14
-20
-30
-17
3
58
30
-72
-70
11
61
48
-47
-66
-12
44
55
7
-41
-70
-20
88
85
-23
-86
-35
8
63
89
22
-110
-104
37
126
59
-64
-114
-19
141
121
-93
-163
-14
163
128
-100
-207
-62
185
205
-46
-204
-128
34
181
126
-66
-189
-128
57
188
113
-88
-165
-60
93
124
-1
-98
-47
53
55
-31
-69
-21
85
44
-47
-63
-23
41
55
20
-44
-44
22
29
6
-9
8
25
-12
-9
18
35
-12
-67
-35
48
83
27
-78
-81
-1
47
67
37
-73
-118
-43
110
145
4
-158
-132
82
180
36
-156
-162
68
194
77
-167
-187
86
227
54
-178
-196
58
205
95
-58
-145
-72
35
108
119
-1
-124
-107
30
126
78
-31
-107
-34
73
57
-60
-62
48
87
12
-88
-31
59
38
-1
-8
-18
-18
-10
17
31
9
-31
-17
7
-7
-2
6
-4
-28
-14
42
68
14
-73
-90
38
112
38
-74
-83
-27
73
107
49
-95
-146
-18
132
147
-8
-168
-111
121
197
-21
-214
-79
161
180
-70
-218
-74
149
173
15
-151
-145
1
130
137
10
-154
-183
-21
174
192
-35
-191
-123
87
152
-18
-105
2
85
20
-81
-52
29
63
20
-53
-53
-8
23
44
31
-19
-38
-24
37
42
-1
-28
-21
2
42
18
-26
-20
9
14
-14
6
44
6
-82
-64
40
102
67
-82
-145
-52
104
191
9
-209
-116
87
171
19
-176
-101
129
169
-32
-197
-82
128
169
10
-157
-159
43
149
113
15
-117
-174
-28
187
201
-14
-239
-144
96
198
61
-123
-126
35
96
0
-74
-47
50
81
7
-48
-43
-13
27
63
32
-57
-86
5
83
30
-41
-48
-6
36
-11
-27
11
21
-16
-35
15
64
36
-46
-97
-23
92
108
-20
-111
-77
47
159
84
-108
-170
-15
167
107
-73
-129
-37
109
125
-32
-144
-50
119
131
-17
-161
-107
93
180
36
-138
-167
-17
165
170
-33
-180
-130
64
142
56
-59
-91
-40
36
67
11
-45
-13
46
24
-48
-55
13
53
39
-19
-55
-17
19
36
22
-21
-8
-6
-19
36
37
-8
-11
-25
26
50
5
-37
-47
-13
29
49
35
-24
-73
-48
19
85
74
-64
-138
-49
110
117
-11
-121
-79
50
91
51
-69
-132
-3
139
74
-104
-136
19
151
108
-94
-190
-35
150
155
35
-140
-179
-25
149
181
11
-177
-146
44
146
84
-73
-103
-4
70
24
-46
-41
16
61
36
-32
-82
-22
69
81
-39
-102
-6
70
51
-29
-62
-26
33
23
-32
-20
27
20
-45
-61
36
106
43
-96
-119
32
160
71
-89
-111
-47
81
131
72
-92
-163
-25
135
134
-35
-146
-82
111
167
-2
-195
-111
133
189
-24
-211
-109
124
235
55
-195
-195
4
170
160
-16
-182
-140
13
149
126
-12
-116
-99
24
85
51
-14
-66
8
78
-9
-55
-39
34
49
2
-42
-42
18
70
15
-27
-26
15
39
-2
-28
9
33
19
-32
-10
24
46
-30
-93
2
95
72
-47
-84
-33
21
33
70
11
-110
-113
32
187
99
-131
-187
-13
172
132
-96
-195
-42
179
144
-106
-191
-8
187
108
-97
-166
-35
108
99
54
-65
-130
-88
59
185
123
-117
-219
-41
173
166
-31
-158
-88
91
123
-20
-136
-26
93
86
-24
-96
-21
61
43
-16
-56
-13
31
8
-13
0
0
4
-26
-20
1
22
-19
-41
3
61
35
-12
-50
-63
10
69
69
0
-87
-98
22
156
85
-75
-149
-50
125
153
11
-150
-144
84
199
15
-176
-125
105
189
16
-178
-145
61
197
88
-113
-182
-62
106
175
78
-118
-218
-84
133
211
51
-169
-158
23
137
73
-84
-78
40
79
6
-73
-55
39
67
25
-69
-62
10
70
52
-4
-33
-52
-13
53
41
-2
-9
-33
-4
41
42
10
-50
-53
-33
40
110
40
-100
-105
-3
105
117
-31
-193
-121
96
196
80
-136
-186
-20
171
141
-84
-230
-32
198
163
-102
-213
-60
185
188
-35
-226
-125
128
195
76
-99
-165
-82
69
207
130
-117
-227
-73
155
178
8
-137
-104
52
99
-7
-73
4
76
24
-61
-38
35
46
-4
-36
-15
26
13
-32
-20
25
19
-1
-22
-29
9
47
-4
-42
-54
31
102
30
-98
-103
48
123
32
-62
-59
-8
34
62
55
-22
-92
-82
34
151
97
-121
-171
26
214
102
-182
-218
82
265
92
-215
-230
65
270
129
-188
-237
-34
150
191
31
-148
-177
-45
147
159
-5
-145
-116
34
123
68
-74
-95
19
94
0
-74
-53
40
69
17
-36
-61
-40
44
72
18
-26
-52
-11
46
26
-3
-21
-16
3
32
40
22
-54
-95
-12
106
76
-35
-106
-55
47
91
47
-79
-114
-29
53
110
25
-111
-107
1
124
110
-89
-172
-1
159
105
-82
-184
-37
166
166
-52
-207
-126
89
214
137
-105
-249
-105
161
252
73
-181
-230
-8
198
151
-37
-168
-74
87
105
-10
-141
-37
132
96
-46
-138
-23
124
103
-52
-129
-46
95
73
-41
-57
5
38
-13
-42
17
59
24
-78
-78
26
119
56
-92
-112
25
125
70
-50
-79
-67
9
118
140
-32
-186
-104
136
191
12
-174
-132
105
203
22
-197
-148
104
251
26
-226
-164
77
233
68
-146
-134
-26
56
91
95
-4
-154
-154
37
217
120
-138
-198
-4
152
102
-66
-94
3
66
9
-49
-23
15
18
26
-2
-7
-14
-22
19
34
-15
-32
-8
44
21
-28
2
25
3
-13
9
31
-15
-52
-26
34
62
-4
-65
-52
6
62
66
-2
-108
-106
36
160
84
-109
-163
-38
150
123
-78
-178
-28
155
128
-72
-176
-69
175
184
-38
-240
-108
133
178
57
-95
-150
-76
73
173
113
-77
-202
-82
130
157
18
-103
-86
15
60
28
-52
-58
41
78
2
-71
-22
27
48
6
-32
-43
7
51
-2
-27
-14
-11
28
12
-29
-1
1
-10
-31
9
59
43
-31
-121
-17
123
85
-61
-93
-18
61
50
43
-2
-61
-67
5
71
89
-22
-98
-27
99
81
-70
-110
-3
114
108
-70
-167
-53
145
166
-28
-194
-140
78
223
102
-120
-208
-75
126
168
35
-100
-153
-29
145
104
-62
-134
24
142
45
-85
-116
11
105
49
-43
-88
-41
70
89
3
-60
-36
19
26
15
15
6
-17
-18
9
42
36
-43
-90
-16
81
84
-1
-109
-64
56
67
2
-24
-30
-46
-40
47
128
41
-137
-128
48
172
9
-171
-78
123
141
-37
-169
-85
110
191
34
-189
-169
57
182
115
-54
-142
-117
42
167
136
-28
-196
-129
90
184
65
-123
-136
29
123
44
-100
-68
66
100
-18
-111
-32
94
78
-22
-83
-42
20
39
20
-22
-28
-4
22
14
-36
-27
8
23
-15
-31
28
50
-23
-56
-18
22
70
39
-48
-87
-28
84
138
21
-129
-134
20
148
95
-63
-134
-14
139
95
-96
-122
-20
116
90
-52
-132
-65
110
153
-15
-123
-138
-9
139
182
0
-223
-202
64
245
137
-130
-206
-59
134
143
-47
-127
23
99
7
-95
-34
59
63
-17
-61
-8
27
-6
0
9
13
-7
-37
2
39
38
-11
-41
-23
45
53
-8
-45
-36
14
26
5
21
9
-34
-51
-23
80
102
-41
-175
-78
152
171
-41
-193
-101
120
185
7
-215
-132
164
220
-32
-224
-112
158
209
3
-214
-174
79
210
119
-53
-179
-131
71
177
124
-48
-163
-89
77
135
26
-92
-70
39
97
-29
-97
-7
85
33
-40
-30
12
-1
23
24
9
-36
-24
-1
-1
17
15
-19
-9
-3
9
16
-5
-28
-15
5
17
39
6
-33
-55
7
81
52
-22
-95
-59
67
140
67
-102
-166
-12
152
145
-68
-180
-30
157
135
-103
-184
-3
183
125
-108
-213
-38
173
170
-26
-171
-139
30
156
113
-35
-152
-133
37
190
90
-101
-149
-30
100
58
-36
-47
18
75
-23
-76
-19
35
26
-18
-20
26
-2
-44
4
69
-5
-68
-48
67
91
-14
-84
-22
41
58
10
-9
-29
-22
-30
22
55
44
-34
-89
-46
60
89
30
-65
-107
-63
83
167
26
-158
-164
70
196
34
-181
-122
99
181
8
-167
-124
87
195
55
-164
-183
16
191
161
-32
-176
-130
14
190
169
-37
-205
-133
93
174
80
-106
-131
7
87
56
-47
-84
7
97
69
-59
-96
3
68
59
-34
-86
-18
55
22
-17
6
28
-15
-63
-24
52
38
-24
-63
-26
77
78
-24
-122
-55
88
139
6
-122
-53
27
51
80
22
-66
-102
-31
90
131
4
-139
-98
117
164
-17
-168
-94
135
164
-46
-223
-76
174
192
-58
-175
-73
60
80
43
-2
-40
-99
-100
82
197
58
-158
-198
24
190
102
-105
-135
23
130
31
-108
-86
51
112
-13
-79
-25
37
51
-4
-50
-14
46
8
-18
-6
7
17
-3
-8
19
5
4
-41
-27
12
50
47
-22
-65
-43
16
64
57
-18
-126
-90
76
155
50
-124
-140
7
148
65
-121
-120
37
128
54
-84
-138
5
147
120
-73
-194
-59
124
164
59
-133
-174
-32
143
209
56
-195
-222
35
235
134
-128
-167
0
133
46
-107
-67
88
100
-29
-105
-20
64
56
-10
-47
-24
-13
23
14
-7
-17
7
1
1
-26
15
16
-30
-45
1
71
65
-30
-86
-58
47
98
15
-50
-58
-19
39
73
52
-45
-109
-44
94
127
9
-125
-90
75
134
-10
-128
-54
87
120
-18
-149
-90
78
190
66
-142
-194
-44
173
197
-20
-184
-161
42
191
80
-72
-114
-44
45
91
36
-43
-72
1
65
32
-30
-68
-20
62
65
-24
-88
-40
88
77
-32
-82
-7
66
44
-12
-34
8
-15
-17
48
77
-7
-92
-66
26
109
53
-52
-115
-26
80
69
11
-59
-73
-34
57
104
26
-100
-126
-10
142
112
-85
-194
-23
211
119
-126
-181
-1
187
135
-118
-238
-22
183
165
18
-136
-167
-23
150
165
16
-164
-133
31
130
75
-58
-86
-11
29
29
-5
-10
2
10
9
-3
-6
-17
3
17
19
-28
-16
20
-6
-9
-17
11
9
-12
-54
16
72
7
-88
-54
49
102
30
-99
-88
27
125
57
-74
-80
-38
44
110
64
-58
-126
-53
88
148
17
-138
-113
67
196
62
-201
-192
118
265
34
-245
-201
117
249
102
-126
-221
-84
130
227
62
-191
-220
-15
195
163
-39
-151
-123
28
135
82
-51
-72
-2
39
16
-16
-40
-11
44
36
-15
-60
-47
48
92
34
-62
-84
29
99
22
-58
-15
25
10
-18
6
41
-13
-64
-32
48
92
11
-87
-103
30
116
52
-58
-116
-34
72
115
35
-120
-122
10
123
105
-70
-196
-9
201
125
-141
-224
15
245
156
-156
-273
-2
221
133
-26
-136
-80
9
65
87
67
-57
-140
-86
91
198
44
-157
-125
54
122
-3
-89
-27
72
54
-34
-57
-16
65
45
-59
-59
15
61
6
-45
-10
9
23
1
-42
-20
39
6
-41
-36
37
76
20
-60
-88
-3
101
78
-26
-76
-68
2
134
120
-66
-202
-76
160
206
-11
-222
-124
143
244
-5
-243
-150
131
232
25
-225
-197
92
280
73
-187
-196
-5
153
148
-11
-134
-139
-29
112
146
23
-147
-134
44
156
35
-109
-81
63
98
-22
-109
-40
85
85
-36
-115
-43
79
96
-14
-73
-44
48
33
13
4
-27
-7
15
3
17
12
9
-29
-54
9
41
31
10
-32
-70
-17
55
87
13
-118
-112
31
134
71
-63
-112
-78
98
130
-35
-144
-37
132
89
-76
-145
-11
159
115
-86
-178
-44
130
125
38
-65
-167
-95
118
210
90
-132
-215
-39
171
163
-21
-151
-82
65
105
-14
-93
-1
106
55
-74
-93
25
70
35
-30
-31
-9
-1
9
5
-12
10
-3
-28
-13
10
32
3
-52
-27
42
67
18
-74
-91
33
117
77
-60
-95
-10
60
77
41
-59
-103
-21
86
80
13
-74
-89
49
132
56
-116
-136
34
162
69
-125
-154
21
174
76
-105
-158
-44
92
148
43
-100
-139
-68
54
143
104
-68
-167
-59
94
122
-29
-98
6
85
9
-91
-41
53
66
-19
-70
-5
19
20
9
-19
-14
29
26
-13
-49
11
68
44
-47
-56
23
70
-31
-75
-14
58
64
-18
-73
-45
37
61
12
-12
-44
-65
-19
67
106
-18
-143
-104
70
174
47
-176
-134
89
192
-11
-180
-106
120
173
7
-200
-139
124
201
71
-96
-170
-76
77
185
125
-100
-237
-81
167
182
-22
-158
-81
85
87
-36
-63
2
62
38
-33
-33
-9
41
40
-19
-43
-34
17
37
-8
-15
-28
-5
28
17
15
-15
-56
-50
13
79
67
-26
-89
-50
36
84
37
-36
-62
-11
21
48
58
9
-66
-88
9
131
101
-69
-154
-19
163
107
-109
-169
5
198
100
-139
-204
9
236
136
-121
-199
-79
89
160
90
-67
-157
-105
74
156
64
-78
-110
-32
46
76
27
-51
-17
37
22
-23
-61
-31
55
45
-4
-63
-32
31
56
39
-25
-34
-12
7
21
22
10
-12
-8
26
23
0
-45
-49
16
48
10
10
-31
-63
-29
47
83
46
-83
-140
-35
152
154
-51
-203
-107
128
210
-22
-244
-128
174
229
-39
-263
-116
192
236
-21
-255
-173
121
235
98
-97
-195
-113
109
206
102
-103
-182
-60
75
136
63
-90
-107
-2
78
42
-39
-31
15
21
-9
-18
28
5
-23
-6
12
-10
-25
18
30
-22
-50
15
44
2
-60
-23
48
45
-50
-60
36
116
1
-135
-84
91
156
16
-125
-110
32
149
87
-30
-137
-95
64
135
66
-85
-172
4
188
110
-119
-181
1
188
147
-124
-229
-31
222
182
-52
-221
-145
57
183
153
-47
-244
-147
104
250
80
-167
-174
3
141
108
-54
-105
-14
77
61
-44
-84
-11
79
41
-50
-24
-5
7
34
10
6
-27
-35
21
54
11
-20
-14
-1
21
21
6
-5
-50
-62
22
118
57
-78
-124
-16
89
91
24
-87
-131
-34
124
169
-5
-186
-129
89
157
24
-140
-107
63
180
15
-194
-130
115
221
51
-199
-205
50
207
163
-63
-214
-108
103
201
62
-113
-134
-14
100
98
-13
-92
-39
58
35
-42
-39
26
64
-7
-40
3
15
21
0
-4
4
-29
-33
27
35
8
-31
-33
13
25
-32
-23
2
32
-35
-42
46
73
-6
-101
-41
76
89
19
-92
-89
18
88
85
-10
-109
-84
41
130
59
-83
-114
-5
140
89
-117
-166
21
212
109
-164
-220
31
226
146
-139
-222
-65
105
164
85
-74
-185
-101
98
174
44
-123
-127
19
115
46
-72
-80
49
101
-4
-105
-63
36
95
41
-64
-69
-33
37
79
35
-75
-59
38
56
26
-22
-9
3
-17
6
48
16
-27
-86
-14
74
78
12
-102
-71
48
49
15
4
-26
-100
-61
76
161
37
-176
-141
72
168
37
-177
-137
107
190
18
-176
-133
83
199
60
-167
-186
50
203
134
-41
-171
-141
68
182
117
-60
-190
-75
99
144
18
-88
-68
29
51
9
-35
-10
19
8
19
15
-12
-51
-26
67
60
-23
-87
-35
82
84
-23
-122
-61
71
86
-9
-85
-40
47
53
23
-35
-37
-12
13
33
24
10
-15
-57
-47
53
121
42
-100
-131
15
138
79
-55
-123
-39
121
124
-56
-162
-47
156
149
-64
-218
-113
172
226
-19
-190
-146
43
161
114
-34
-141
-135
7
163
109
-57
-145
-51
74
100
4
-66
-28
34
54
-47
-69
7
55
34
-45
-33
15
14
10
19
-7
-35
-11
35
44
-6
-43
7
18
14
-1
-4
0
-11
-30
-3
49
49
-21
-78
-64
30
78
70
-47
-132
-75
99
153
34
-145
-149
38
183
68
-166
-162
79
202
46
-197
-163
107
237
61
-203
-205
69
208
109
-67
-146
-96
32
135
128
-1
-159
-135
49
154
95
-84
-139
-9
98
66
-44
-97
6
112
52
-76
-85
11
88
53
-42
-88
-13
84
41
-55
-74
12
68
2
-54
-28
30
25
-23
-54
30
92
14
-118
-67
84
113
14
-90
-65
1
64
73
15
-39
-89
-40
74
127
26
-120
-117
66
163
8
-151
-100
105
171
-1
-200
-137
121
247
26
-186
-188
12
181
144
-24
-185
-121
53
137
85
-40
-117
-81
35
108
38
-65
-61
16
76
20
-67
-63
52
61
-12
-79
-43
63
84
-1
-76
-29
58
28
-18
-17
-1
47
-21
-36
2
60
33
-69
-82
21
98
58
-64
-76
-3
32
36
51
-13
-111
-109
57
190
90
-146
-190
20
185
77
-138
-152
59
177
37
-155
-148
62
201
88
-148
-206
16
185
101
-29
-105
-100
-15
110
157
37
-167
-147
38
164
80
-104
-116
24
122
32
-122
-87
87
125
3
-127
-50
71
76
1
-65
-35
26
13
-19
-14
17
35
-25
-61
-36
51
51
-26
-66
-21
67
94
-9
-95
-57
33
84
39
-50
-59
-50
25
126
69
-69
-146
-53
124
137
17
-144
-124
93
194
12
-210
-121
156
206
-43
-241
-126
156
245
41
-182
-214
-29
188
216
-5
-230
-177
52
201
117
-80
-160
-55
85
111
-14
-102
-20
113
81
-101
-117
32
100
29
-53
-37
6
7
2
30
15
-15
-22
7
25
18
1
-11
-19
8
20
50
21
-49
-76
-24
72
93
-1
-92
-91
25
99
55
-35
-101
-82
32
136
78
-74
-152
-54
133
143
-77
-198
-25
190
140
-134
-208
8
233
137
-129
-244
-40
191
207
-17
-198
-151
20
166
150
-3
-136
-151
19
164
88
-84
-114
1
89
15
-66
-46
46
58
6
-42
-34
20
25
6
0
-10
-24
3
0
3
12
-21
-19
18
7
-33
-9
13
-23
-39
13
66
36
-45
-64
-7
65
54
-25
-93
-61
48
126
79
-67
-135
-62
101
174
9
-171
-137
120
208
-28
-206
-97
159
209
-52
-260
-79
168
215
-4
-190
-150
24
164
106
-42
-106
-98
-6
80
101
22
-74
-110
-15
90
80
-29
-66
-8
51
24
-51
-55
17
82
27
-61
-53
-12
63
66
-34
-65
-6
33
33
-9
2
14
-13
-15
34
36
9
-51
-60
2
70
63
-30
-92
-33
41
56
37
-14
-89
-104
26
177
106
-116
-228
-16
188
148
-85
-226
-47
207
154
-104
-214
-42
201
196
-60
-272
-117
176
211
40
-141
-174
-30
140
166
25
-134
-135
-21
120
127
3
-107
-83
43
98
5
-88
-25
80
52
-35
-101
-15
87
62
-29
-85
-21
77
39
-51
-32
12
16
-4
-39
-9
41
0
-51
-29
36
69
25
-75
-50
12
45
49
14
-29
-80
-40
96
116
-6
-166
-99
114
203
27
-177
-139
95
187
16
-156
-129
111
183
-16
-184
-109
103
177
23
-118
-135
-27
72
110
64
-62
-154
-108
95
191
63
-99
-189
-36
145
122
-51
-127
6
123
16
-120
-78
66
124
-6
-102
-72
50
87
17
-75
-47
34
41
1
-44
19
54
3
-41
-39
54
81
-21
-123