#4
483
95
-310
-91
347
327
-108
-260
104
425
211
-255
-256
255
529
115
-371
-222
361
539
21
-421
-158
445
508
-79
-459
-86
511
455
-117
-367
-20
394
293
-95
-113
160
206
-65
-152
197
407
69
-366
-188
407
537
-54
-507
-203
489
592
-74
-513
-128
459
447
-82
-340
-21
393
316
-134
-269
88
384
206
-159
-182
160
305
52
-154
35
301
177
-145
-191
189
442
129
-300
-195
300
481
50
-344
-146
323
395
-7
-270
-29
316
259
-101
-192
98
306
140
-153
-127
195
264
39
-145
-3
250
200
-119
-209
165
423
141
-316
-312
226
596
240
-393
-419
204
578
248
-299
-320
162
461
166
-214
-150
206
272
-10
-146
86
258
56
-174
-64
237
250
-55
-213
49
339
159
-204
-229
183
438
143
-309
-304
160
490
189
-307
-319
173
445
127
-303
-194
227
308
-25
-221
7
283
170
-182
-212
204
386
22
-328
-129
370
375
-161
-385
44
494
260
-323
-389
163
567
238
-365
-401
148
516
229
-241
-276
88
291
137
-107
-66
133
64
-117
-15
220
171
-124
-240
34
344
217
-159
-288
37
361
222
-198
-275
102
403
171
-258
-247
178
392
93
-250
-171
171
280
40
-164
-12
191
115
-83
-54
147
221
4
-198
-41
257
260
-33
-274
-48
314
288
-89
-277
-27
281
229
-82
-223
-3
252
200
-107
-168
51
208
122
-68
-77
73
114
-21
-58
127
203
-44
-274
-55
348
379
-118
-452
-117
432
480
-78
-497
-176
421
489
-69
-413
-115
342
328
-88
-263
4
248
131
-122
-121
93
157
30
-73
-8
97
60
-65
-35
123
177
3
-197
-108
196
288
30
-289
-185
199
313
52
-227
-174
129
228
42
-142
-62
127
95
-57
-57
110
136
-57
-126
57
229
75
-175
-131
153
258
7
-262
-131
245
332
-1
-321
-184
219
358
93
-228
-234
55
258
170
-49
-137
-66
66
109
72
-12
-84
-74
39
145
111
-33
-157
-49
136
189
17
-170
-65
150
175
20
-139
-80
131
219
23
-186
-101
124
189
40
-69
-52
42
83
59
16
16
56
15
-41
16
122
121
-42
-173
7
211
168
-89
-215
-3
224
196
-82
-217
-18
245
167
-105
-198
0
235
184
-85
-194
-40
140
156
37
-42
-57
-71
-18
159
224
12
-251
-170
164
366
122
-256
-287
89
402
190
-208
-266
49
298
169
-125
-196
19
194
112
-106
-123
34
144
63
-69
-62
40
76
17
26
54
2
-81
-104
60
224
99
-194
-225
56
288
147
-179
-226
27
212
104
-76
-111
1
80
57
-4
-26
9
12
-2
28
73
14
-33
-38
36
97
21
-101
-107
89
237
104
-200
-251
44
338
226
-151
-326
-81
255
284
-12
-246
-190
95
245
72
-130
-166
0
141
120
-29
-110
-49
33
49
78
29
-52
-66
39
134
78
-78
-123
23
169
122
-85
-202
-29
193
215
2
-197
-138
120
224
62
-110
-87
44
96
53
22
12
-8
-35
-4
84
109
-26
-110
-38
110
142
-4
-135
-82
119
185
-16
-174
-75
150
234
0
-204
-132
93
218
95
-127
-168
-30
116
163
70
-65
-152
-62
113
210
92
-147
-185
37
256
187
-118
-236
-23
224
218
-77
-189
-59
134
166
-23
-153
-62
113
144
11
-124
-104
47
133
106
-29
-106
-62
7
75
85
21
-87
-100
-18
87
138
-12
-163
-90
66
139
58
-97
-112
30
122
63
-61
-83
-15
68
74
22
-29
-62
-14
88
66
-22
-99
-69
81
168
70
-129
-181
1
196
196
-31
-242
-172
123
309
110
-223
-269
21
278
155
-170
-239
-17
178
138
-52
-129
-46
49
66
48
-1
-29
-29
-19
53
60
-3
-71
-4
93
62
-21
-108
-49
98
149
51
-130
-115
50
151
99
-61
-106
-13
93
110
14
-49
-43
-7
41
75
62
-18
-83
-28
77
106
-19
-122
-34
122
116
-42
-126
-35
101
147
17
-126
-106
40
140
105
-46
-132
-98
27
197
154
-76
-238
-114
186
275
53
-218
-220
82
296
140
-139
-220
-8
221
164
-56
-135
-57
66
125
25
-103
-99
41
113
77
-74
-129
-3
119
104
-6
-122
-92
3
116
110
-21
-117
-109
28
125
73
-50
-144
-78
70
128
46
-101
-125
-12
122
103
-12
-109
-61
46
94
40
-61
-48
15
48
55
-19
-109
-56
80
168
30
-165
-157
37
201
147
-51
-214
-133
113
226
89
-157
-216
-5
194
137
-87
-199
-72
114
158
18
-125
-143
32
122
66
-41
-87
-12
77
74
-26
-67
-19
34
69
53
-45
-84
-57
56
151
96
-87
-206
-29
199
182
-37
-195
-92
138
181
15
-122
-80
46
109
57
-29
-55
-29
26
46
50
-4
-77
-42
74
116
-6
-118
-74
72
165
59
-123
-165
-22
189
165
-40
-181
-147
53
201
160
-64
-216
-122
135
258
76
-182
-215
24
262
192
-103
-230
-57
176
182
-9
-152
-79
46
123
41
-76
-109
16
147
54
-100
-107
2
108
77
-24
-78
-77
-17
60
124
25
-114
-126
-11
116
109
-56
-146
-75
85
147
-1
-106
-75
20
64
41
-20
-47
-18
27
51
41
-18
-78
-21
79
70
-48
-138
-54
119
136
25
-126
-130
12
143
163
2
-203
-161
58
253
162
-149
-308
-89
273
245
-100
-311
-116
208
217
-71
-222
-58
127
79
-35
-34
-15
1
26
31
24
-31
-57
11
68
62
-27
-71
-43
14
72
91
3
-109
-74
86
173
52
-111
-138
31
165
87
-80
-95
-11
83
59
6
-26
-40
-21
37
69
35
-65
-83
27
126
43
-91
-103
50
138
63
-84
-129
-41
131
140
12
-135
-159
-17
192
199
-6
-235
-191
110
292
115
-189
-217
19
226
184
-66
-189
-85
109
162
52
-70
-116
-42
82
123
12
-144
-100
74
150
10
-120
-89
37
131
83
-85
-163
-77
107
185
13
-170
-147
54
150
58
-78
-127
-36
70
51
-6
-37
-29
-12
-11
37
57
-18
-78
-23
68
66
-25
-90
-35
83
111
-44
-148
-57
92
160
32
-137
-161
-2
154
186
19
-215
-208
58
288
151
-159
-299
-76
230
245
-78
-296
-125
155
198
19
-152
-119
17
74
51
-2
-53
-33
31
70
1
-69
-40
42
68
29
-41
-75
-59
38
104
115
-29
-166
-73
135
182
14
-163
-106
88
180
37
-106
-64
57
65
-2
-15
-2
8
-29
-12
67
72
-26
-112
-33
112
108
-72
-165
5
197
123
-118
-185
-52
147
221
14
-206
-175
15
211
208
-31
-246
-160
105
269
136
-169
-232
-9
201
199
-20
-174
-86
76
147
40
-53
-85
-39
59
73
-1
-62
-67
14
105
46
-79
-105
-8
147
135
-91
-199
-71
132
157
-6
-170
-111
60
117
27
-71
-89
-1
24
7
-1
23
12
-73
-76
43
104
24
-126
-106
108
161
3
-172
-111
96
163
15
-194
-160
113
234
65
-203
-196
41
183
143
-17
-179
-134
8
174
177
-46
-268
-173
124
284
62
-246
-226
25
235
120
-131
-189
-29
113
107
-5
-96
-56
43
89
32
-40
-85
-8
86
63
-49
-85
-28
49
98
30
-23
-49
-37
22
114
71
-65
-119
3
129
93
-24
-77
-61
21
94
81
-15
-116
-57
70
117
11
-114
-79
60
132
43
-89
-131
21
185
97
-103
-173
-26
105
133
26
-106
-135
-41
120
193
28
-180
-178
47
234
159
-103
-232
-61
210
195
-32
-180
-104
120
169
40
-101
-110
-22
95
75
-36
-85
-31
47
84
18
-79
-112
6
147
126
-48
-208
-118
101
214
43
-159
-172
2
136
96
-74
-142
-68
69
89
15
-43
-92
-29
43
71
26
-41
-76
-17
76
66
-34
-67
-33
58
82
6
-106
-102
46
121
88
-57
-177
-71
107
210
87
-155
-245
-50
242
248
-45
-304
-183
138
286
56
-240
-244
53
236
102
-152
-179
3
106
73
-29
-75
-11
35
60
31
-36
-75
-17
67
92
-2
-110
-100
31
162
107
-65
-159
-49
120
138
14
-97
-88
24
94
86
-12
-88
-36
31
78
55
-47
-77
1
35
52
42
-55
-89
-3
101
78
-41
-109
-51
127
143
-43
-174
-116
92
233
76
-156
-210
-41
167
198
31
-187
-185
4
245
205
-114
-264
-67
228
241
-47
-217
-103
101
185
79
-111
-141
-7
107
74
-30
-59
-60
-4
96
60
-79
-124
-7
167
121
-88
-184
-53
98
106
28
-78
-117
-44
59
102
13
-87
-103
0
88
43
-25
-49
-66
-3
72
57
-7
-83
-68
65
109
26
-101
-97
33
123
65
-105
-155
-11
159
140
-50
-211
-106
137
199
79
-132
-213
-84
172
257
14
-286
-236
111
314
87
-228
-256
17
230
144
-121
-196
-47
101
97
-7
-76
-55
54
77
9
-58
-59
3
65
58
-4
-66
-64
-9
77
123
29
-132
-121
65
199
78
-124
-162
30
170
96
-81
-112
12
68
67
3
-36
-35
-19
9
61
62
-35
-108
-25
97
95
-39
-152
-27
173
155
-74
-200
-90
115
191
62
-157
-141
-27
90
178
82
-143
-212
-30
207
189
-28
-227
-134
163
237
34
-172
-141
58
185
69
-86
-100
-8
65
63
-11
-64
-50
27
59
21
-66
-52
2
51
77
3
-100
-122
-14
150
146
-59
-199
-97
111
143
-15
-126
-93
30
87
35
-31
-78
-33
24
62
36
-43
-77
-16
72
79
-28
-104
-46
55
119
19
-110
-124
24
143
107
-77
-166
-71
89
181
79
-133
-190
-37
134
166
12
-169
-164
46
180
58
-127
-160
-9
143
93
-62
-147
-35
75
64
-6
-53
-18
22
22
6
1
-1
-34
28
79
16
-70
-128
-30
153
158
-18
-164
-105
73
188
91
-120
-176
41
201
79
-101
-91
34
70
30
-13
-1
-15
-45
-31
56
109
-12
-111
-92
65
155
43
-138
-134
91
189
29
-171
-175
48
237
129
-129
-236
-78
156
227
36
-163
-208
-19
221
211
-58
-241
-123
166
255
46
-190
-157
51
174
92
-77
-113
-20
94
51
-38
-63
-44
14
81
43
-61
-110
-26
111
121
9
-156
-139
4
158
129
-86
-188
-58
105
117
2
-98
-108
1
74
68
-24
-83
-59
12
96
35
-50
-29
-18
22
36
27
-21
-72
-16
71
68
-54
-152
-37
125
177
6
-207
-153
67
224
145
-128
-255
-86
182
215
28
-211
-232
35
242
144
-141
-255
-64
165
162
-51
-178
-64
75
92
24
-52
-68
11
39
19
7
-29
-46
41
87
29
-98
-116
12
125
107
11
-104
-114
-2
149
138
-45
-164
-58
131
135
-7
-104
-52
35
59
36
20
-26
-69
-20
41
95
9
-111
-87
61
146
35
-134
-126
67
202
44
-161
-157
17
205
167
-103
-228
-102
95
224
106
-124
-231
-57
196
228
-17
-236
-133
141
232
57
-137
-154
26
154
114
-27
-121
-97
54
124
33
-93
-102
45
110
40
-102
-97
22
79
74
6
-76
-84
-33
71
107
-1
-110
-115
16
122
53
-77
-112
-25
82
41
-20
-54
-35
1
44
44
-29
-53
-15
22
61
9
-57
-40
-1
54
53
-31
-115
-55
113
164
4
-200
-175
97
232
108
-127
-230
-68
148
186
18
-165
-173
19
171
114
-94
-195
-80
110
152
-6
-130
-97
10
72
77
-20
-106
-22
60
75
16
-60
-79
23
80
38
-49
-96
-28
97
124
35
-109
-126
10
135
97
-43
-96
-48
80
108
52
-73
-80
-17
65
121
19
-91
-117
-6
143
90
-54
-127
-68
102
157
-6
-159
-101
89
185
39
-152
-180
7
218
168
-65
-198
-148
60
221
165
-120
-271
-85
217
261
-14
-256
-149
148
255
64
-176
-143
32
146
86
-30
-66
-36
-8
54
67
-32
-104
-26
85
92
-29
-122
-78
68
161
65
-123
-174
-35
142
147
-35
-167
-107
50
110
64
-56
-121
-80
35
127
54
-94
-124
-25
100
77
-17
-70
-58
24
66
63
-61
-102
-20
86
104
-14
-173
-98
125
192
11
-180
-173
43
209
178
-60
-260
-157
134
242
56
-172
-200
-5
195
117
-96
-169
-93
86
134
11
-92
-96
-13
63
73
-10
-92
-14
78
47
-25
-63
-37
55
68
3
-45
-63
-16
52
81
51
-39
-116
-46
111
159
9
-108
-90
51
136
67
-70
-99
-11
93
63
-36
-57
-15
37
33
2
-37
-23
10
35
48
-6
-58
-37
30
84
36
-50
-96
-61
82
161
48
-143
-185
-22
215
219
-56
-290
-147
171
268
50
-196
-219
56
262
145
-126
-240
-8
187
153
-27
-117
-59
19
56
54
-10
-86
-48
47
71
3
-67
-75
13
121
95
-78
-176
-80
117
191
8
-199
-154
62
165
68
-104
-144
-29
57
76
24
-58
-71
-25
53
73
29
-78
-102
0
123
80
-64
-130
-36
105
132
-18
-189
-123
140
226
21
-206
-199
45
224
164
-68
-209
-141
82
207
92
-126
-229
-58
192
191
-69
-236
-102
102
166
9
-133
-98
11
98
36
-36
-57
-17
39
66
36
-44
-97
-10
131
86
-47
-144
-81
86
166
76
-105
-183
-1
183
130
-48
-160
-53
105
143
28
-94
-75
3
87
72
-21
-65
-52
32
58
38
-3
-59
-71
25
110
55
-86
-117
26
158
70
-104
-154
-27
144
166
-41
-173
-110
43
155
124
-26
-186
-138
104
250
112
-187
-225
21
266
171
-132
-232
-32
183
178
-35
-144
-88
44
124
45
-79
-89
3
94
47
-81
-95
0
103
93
-32
-94
-84
1
70
87
-9
-86
-88
-14
55
85
-15
-118
-85
63
119
9
-92
-78
11
63
44
-9
-42
-52
-10
80
70
-56
-106
-8
93
85
-36
-136
-83
102
138
41
-147
-151
19
160
138
-12
-166
-181
5
232
167
-103
-251
-98
174
185
-48
-212
-102
79
136
27
-99
-105
-18
61
75
34
-75
-102
26
128
54
-62
-114
1
92
74
-35
-122
-58
87
146
54
-90
-138
-35
134
158
-4
-123
-114
90
169
23
-103
-67
28
59
58
15
-59
-56
-6
73
65
-10
-83
-48
44
95
40
-88
-112
25
159
87
-114
-168
-30
153
184
-1
-177
-171
-8
195
204
-14
-224
-174
92
258
118
-159
-219
12
224
162
-59
-192
-75
129
183
15
-119
-104
34
97
23
-63
-55
26
62
37
-65
-89
-1
63
85
8
-73
-78
-52
34
128
35
-115
-118
0
100
66
-56
-111
-38
68
32
-19
-21
-19
-26
1
49
31
-43
-59
-8
63
72
-33
-84
-34
58
85
-6
-132
-106
76
168
60
-131
-180
-23
176
182
-9
-208
-174
32
217
153
-95
-250
-109
134
208
37
-202
-197
35
211
122
-146
-209
-24
129
99
-23
-98
-27
39
53
19
-14
-34
-16
71
39
-51
-96
-39
86
118
46
-48
-139
-43
122
132
-1
-93
-66
28
103
66
-20
-79
-52
43
106
46
-42
-86
-18
45
78
5
-70
-56
32
97
30
-71
-84
20
109
62
-49
-127
-67
60
165
96
-92
-192
-109
152
264
57
-235
-236
32
285
190
-150
-281
-19
243
211
-59
-218
-82
146
163
-12
-112
-51
9
69
25
-33
-41
-10
44
21
-10
-53
-39
22
85
54
-55
-100
-53
13
84
69
-50
-135
-58
86
98
-23
-103
-107
22
100
56
-47
-84
-49
46
68
17
-49
-62
-10
69
58
-11
-94
-57
62
102
28
-138
-134
79
189
62
-133
-157
-29
145
169
24
-161
-177
-15
181
172
-40
-237
-135
139
214
29
-185
-195
49
172
61
-84
-125
-36
45
80
37
-75
-80
14
74
60
-35
-95
-9
83
70
-3
-99
-70
43
131
46
-56
-103
-37
88
130
23
-81
-98
32
132
54
-57
-71
1
47
47
17
-16
-37
-36
-18
50
76
-7
-94
-59
66
100
-12
-106
-77
105
165
-1
-166
-142
55
201
130
-119
-220
-105
151
263
82
-236
-241
26
268
198
-118
-269
-84
221
233
-29
-207
-114
105
175
74
-79
-131
-27
93
69
-49
-81
-10
54
70
-32
-90
-34
43
65
47
-24
-84
-82
12
130
91
-105
-188
-35
156
117
-56
-159
-74
83
80
-18
-37
-27
-22
3
24
30
-2
-43
-55
34
101
13
-92
-104
44
155
53
-139
-170
32
185
130
-64
-217
-109
123
228
102
-193
-237
-28
207
235
-8
-281
-226
112
274
105
-215
-256
-6
225
168
-93
-218
-92
90
153
47
-120
-129
41
147
30
-77
-101
6
115
80
-54
-106
-52
60
109
55
-31
-92
-47
42
106
84
-33
-141
-44
110
130
7
-81
-67
27
84
46
-19
-55
-55
25
72
37
-56
-54
8
64
33
-29
-98
-26
119
126
-41
-163
-107
78
186
76
-96
-166
-72
106
192
64
-150
-167
-6
173
174
-43
-197
-107
138
213
33
-148
-131
52
146
65
-50
-100
-60
58
99
19
-94
-84
6
134
78
-114
-136
8
143
102
-81
-142
-50
50
101
68
-62
-132
-55
54
105
18
-106
-104
24
90
43
-38
-75
-48
23
49
44
8
-65
-86
19
133
66
-125
-139
56
162
47
-125
-174
11
177
134
-48
-195
-124
102
222
80
-169
-231
-15
188
200
-16
-227
-184
70
233
103
-152
-254
-43
198
160
-72
-225
-61
126
97
2
-82
-45
27
46
24
-28
-64
8
88
43
-57
-64
-38
26
101
70
-25
-92
-63
39
125
62
-62
-104
1
127
92
-37
-83
-52
35
77
43
4
-52
-60
27
80
23
-67
-63
5
67
75
-30
-118
-44
121
132
-25
-151
-96
70
162
71
-105
-159
-82
89
220
89
-154
-242
-8
239
213
-65
-257
-112
176
256
39
-196
-167
57
193
107
-95
-114
-51
77
104
-22
-76
-34
23
60
24
-56
-77
-18
74
99
3
-109
-108
-9
135
124
-64
-180
-96
94
158
18
-158
-121
24
92
88
-30
-106
-59
34
95
35
-66
-81
-27
79
92
-13
-105
-67
62
107
35
-93
-138
4
148
122
-43
-174
-125
67
194
142
-92
-259
-118
162
270
62
-262
-263
46
291
152
-183
-282
-65
228
210
-100
-243
-78
146
142
-52
-136
-19
85
45
-32
-24
-9
4
23
31
16
-45
-84
-21
106
120
10
-115
-104
49
145
91
-68
-156
-24
118
131
-9
-87
-53
12
70
34
6
-25
-53
-18
33
58
21
-64
-84
29
126
49
-120
-124
61
175
71
-150
-178
30
219
129
-116
-218
-98
133
237
94
-162
-250
-60
234
273
-42
-280
-176
186
309
32
-234
-173
81
198
95
-71
-121
-57
72
100
0
-71
-71
-2
78
74
-57
-104
-33
89
114
7
-139
-132
23
150
105
-66
-165
-75
68
112
32
-82
-127
-21
80
83
0
-83
-103
5
115
65
-76
-93
-17
73
95
9
-112
-81
62
99
23
-99
-113
50
142
74
-64
-148
-67
59
172
126
-107
-236
-107
181
261
14
-264
-230
89
280
90
-207
-226
11
190
90
-90
-133
-5
54
12
-7
1
-11
-16
6
9
26
-26
-42
38
71
-3
-48
-72
-16
86
109
-1
-130
-91
60
159
81
-64
-119
-38
107
110
-8
-63
-53
13
80
33
-18
-45
-30
17
69
58
-45
-103
-35
77
120
-22
-134
-59
79
142
26
-123
-119
-5
153
156
-35
-180
-171
68
260
138
-152
-268
-44
232
220
-57
-247
-112
168
234
38
-187
-125
55
138
92
-46
-108
-55
61
109
0
-80
-65
24
93
50
-93
-128
-7
131
119
-50
-132
-76
-6
106
116
-28
-158
-93
42
111
57
-73
-117
-38
66
67
6
-56
-59
0
49
26
6
-25
-61
-31
75
68
-39
-101
-29
110
98
-81
-154
-22
143
124
-19
-157
-122
60
163
113
-43
-202
-113
69
195
105
-132
-213
-60
163
182
-57
-253
-126
163
195
-29
-178
-97
65
101
21
-44
-58
-6
27
27
28
-20
-86
6
108
53
-56
-122
-50
134
151
-11
-143
-89
57
123
63
-41
-81
-41
29
112
63
-34
-86
-31
74
77
-14
-61
-32
14
43
37
7
-47
-62
34
78
47
-54
-87
5
100
79
-68
-126
-26
134
158
-19
-207
-139
47
201
170
-82
-252
-122
168
275
51
-257
-200
126
281
88
-174
-193
35
184
128
-62
-152
-59
77
111
8
-77
-87
12
89
26
-60
-80
1
76
76
11
-75
-103
-62
61
143
36
-130
-138
-8
124
91
-54
-153
-67
73
88
30
-51
-80
-45
44
89
21
-77
-84
-3
93
82
-69
-116
-8
92
104
-52
-161
-55
143
164
-3
-182
-144
27
166
149
-27
-194
-150
76
221
101
-131
-241
-81
193
206
-63
-252
-130
135
190
18
-165
-152
47
125
49
-57
-83
17
45
16
18
-31
-44
11
89
49
-54
-88
-54
54
146
71
-107
-143
-14
157
133
-37
-131
-29
96
94
-1
-85
-17
47
14
-10
30
29
-20
-53
2
77
19
-72
-76
19
116
62
-68
-122
7
145
70
-88
-118
-30
99
144
27
-135
-186
-14
212
209
-71
-256
-120
168
253
26
-221
-180
104
265
103
-162
-192
14
180
131
-75
-140
-34
86
107
-20
-106
-49
44
61
36
-41
-80
-42
44
95
27
-47
-105
-68
53
154
37
-135
-142
23
111
64
-60
-121
-44
66
63
17
-65
-74
-2
34
64
9
-47
-42
-10
20
65
42
-77
-96
20
119
56
-137
-139
65
179
71
-133
-168
-11
146
156
3
-190
-176
46
225
154
-113
-263
-99
177
225
-31
-257
-172
134
231
-5
-193
-126
39
123
31
-37
-55
-19
21
23
33
7
-54
-19
56
81
-8
-129
-102
92
178
47
-119
-129
49
147
74
-68
-88
-4
45
67
61
-40
-60
-14
44
72
23
-15
-95
-62
72
106
15
-106
-81
62
136
27
-117
-104
40
145
79
-84
-149
-44
126
173
-6
-175
-128
17
168
170
-19
-173
-165
44
241
151
-153
-250
-13
258
201
-104
-213
-39
158
147
-7
-95
-78
4
87
65
-67
-98
-10
82
78
-39
-100
-32
55
86
36
-42
-115
-68
44
145
46
-135
-125
-10
97
100
-36
-132
-95
69
153
15
-140
-101
31
77
55
-26
-60
-41
-6
45
81
-10
-92
-61
60
111
4
-157
-79
94
156
5
-128
-136
12
135
117
1
-105
-140
-40
137
159
-3
-204
-182
100
231
38
-206
-207
53
204
83
-115
-179
-8
103
88
-36
-98
-8
53
49
10
-48
-51
28
82
28
-43
-79
-43
68
116
24
-63
-98
-14
120
111
-12
-102
-55
63
96
14
-21
-37
-30
0
55
81
4
-86
-84
35
146
61
-106
-153
8
152
104
-76
-151
-23
143
141
-67
-187
-76
156
192
-22
-182
-117
39
151
120
-22
-159
-138
60
219
125
-114
-221
-29
206
188
-33
-192
-100
107
188
41
-108
-121
-20
116
93
-46
-132
-62
100
126
-20
-147
-78
77
146
35
-100
-129
-53
78
114
18
-94
-109
-36
77
96
1
-111
-98
21
95
71
-47
-128
-56
70
122
5
-115
-72
29
84
38
-28
-63
-38
35
99
19
-123
-97
47
147
65
-95
-151
-33
134
142
39
-140
-209
-7
233
178
-92
-255
-111
157
205
-8
-223
-171
89
214
28
-131
-150
-11
116
85
-24
-84
-49
59
62
23
-43
-85
16
108
51
-38
-96
-67
46
138
79
-70
-148
-6
126
117
-7
-128
-60
91
120
34
-78
-69
0
58
58
4
-24
-37
-8
22
28
24
-22
-83
-48
86
107
-1
-127
-75
110
151
-4
-180
-129
95
213
55
-149
-169
-25
145
164
1
-170
-156
22
205
177
-87
-241
-71
209
227
-20
-225
-124
142
221
12
-157
-98
29
119
65
-65
-120
-29
100
88
-44
-134
-52
89
108
41
-66
-133
-46
62
117
40
-90
-138
-45
90
96
-8
-114
-87
57
81
0
-52
-64
-9
58
43
-7
-45
-42
-6
43
51
-2
-66
-57
30
107
36
-118
-137
42
187
98
-124
-183
-52
126
176
53
-124
-203
-56
194
205
-31
-239
-183
113
256
37
-234
-196
60
220
87
-142
-183
-16
116
90
8
-102
-66
50
65
20
-38
-61
31
77
17
-38
-75
-37
66
86
30
-20
-81
-72
61
133
73
-69
-121
-5
109
101
-23
-77
-40
11
54
67
24
-67
-67
23
67
25
-46
-60
14
82
49
-50
-80
-31
90
113
-21
-120
-88
70
167
71
-123
-187
-58
149
220
57
-223
-185
68
245
115
-167
-201
51
206
108
-80
-126
-27
81
84
16
-16
-25
-49
-8
73
57
-53
-90
-13
83
36
-51
-66
0
75
61
-17
-97
-110
18
141
107
-89
-203
-63
127
139
-3
-131
-129
33
95
64
-43
-90
-68
22
85
51
-32
-86
-37
43
108
36
-103
-124
18
164
92
-139
-203
26
231
109
-103
-205
-82
151
200
17
-164
-146
-4
139
146
-29
-187
-137
70
184
73
-155
-182
-10
157
114
-76
-170
-51
98
97
-32
-102
-19
59
64
7
-50
-68
10
99
53
-31
-103
-77
58
129
56
-31
-103
-53
53
125
69
-45
-119
-46
116
140
-6
-116
-56
52
98
38
-35
-68
-33
31
56
52
-17
-91
-37
60
109
1
-128
-71
99
153
-10
-125
-116
41
169
92
-77
-143
-107
55
220
134
-139
-250
-86
208
286
-2
-289
-160
186
289
21
-233
-162
95
219
56
-110
-89
6
43
33
17
-27
-36
-10
30
34
-34
-68
-2
57
47
6
-63
-93
-39
83
133
-12
-159
-105
69
130
10
-122
-103
22
93
20
-38
-60
-21
26
27
12
3
-17
-57
-2
86
52
-77
-92
32
115
19
-117
-114
60
153
56
-102
-138
-43
111
129
44
-76
-165
-81
131
178
18
-186
-150
55
177
86
-148
-213
-22
161
116
-42
-150
-85
76
109
14
-83
-43
33
24
-6
-25
12
27
-4
7
19
-22
-55
-28
62
105
41
-103
-110
46
136
51
-46
-73
-8
70
62
5
-31
-43
9
33
49
35
-53
-81
-3
87
63
-30
-87
-53
54
85
20
-74
-84
44
136
39
-134
-148
26
189
130
-90
-194
-107
111
241
85
-179
-210
2
204
178
-44
-209
-104
144
217
45
-163
-162
33
189
130
-60
-149
-65
88
105
-30
-99
-15
41
49
-6
-39
-36
-12
26
63
54
-57
-139
-83
121
195
-39
-224
-133
92
198
45
-164
-152
27
125
80
-33
-107
-45
26
57
33
-8
-34
-66
-15
96
76
-41
-118
-41
106
147
-56
-224
-59
181
187
-37
-216
-142
108
203
101
-91
-214
-114
145
220
45
-182
-223
-18
217
178
-101
-261
-117
169
221
-31
-184
-161
64
143
63
-57
-109
-29
97
96
-12
-111
-82
62
158
31
-145
-134
61
166
48
-76
-85
-19
34
77
70
-32
-59
-18
34
57
41
-15
-49
-27
40
79
41
-49
-107
-8
91
94
-29
-124
-81
112
164
-43
-190
-73
155
180
-21
-182
-108
54
178
94
-83
-152
-105
56
198
124
-87
-211
-91
151
233
46
-201
-187
95
250
100
-142
-205
4
193
145
-49
-144
-81
55
126
37
-95
-100
22
114
38
-114
-68
54
59
22
-2
-34
-82
-63
56
126
-3
-154
-83
53
121
22
-117
-97
15
80
31
-48
-43
-13
25
12
-5
10
-7
-50
1
59
44
-31
-68
-12
64
60
-49
-115
-25
99
106
2
-135
-113
36
145
125
-13
-191
-185
90
261
91
-195
-253
18
253
114
-143
-232
-33
162
122
-45
-147
-68
54
61
29
1
-42
-42
9
41
24
-10
-62
-4
71
46
-22
-107
-60
98
141
25
-111
-107
8
146
113
-47
-127
-43
90
133
36
-96
-85
10
85
75
-16
-67
-41
30
47
11
-13
-35
-34
24
82
29
-65
-106
34
162
60
-108
-148
-36
141
183
7
-192
-166
30
239
174
-120
-274
-62
201
240
-6
-258
-145
152
260
61
-185
-160
49
178
82
-82
-96
-14
43
45
18
-22
-70
-24
71
68
-59
-117
-9
126
109
-25
-133
-125
-4
152
98
-64
-161
-72
77
103
15
-58
-100
-47
41
86
17
-57
-89
-15
67
66
-11
-90
-71
41
112
44
-58
-98
-24
78
97
-16
-150
-81
100
169
39
-179
-186
62
213
128
-91
-183
-104
79
194
89
-131
-220
-83
186
216
-60
-276
-156
160
223
-10
-173
-126
20
116
76
-26
-104
-39
63
73
-17
-57
-31
52
70
11
-55
-74
-21
54
85
69
-50
-140
-29
131
144
-12
-148
-85
94
157
34
-94
-80
6
88
57
-13
-37
-28
-24
30
80
21
-82
-91
25
132
71
-123
-114
50
142
61
-106
-164
4
166
129
-43
-158
-128
41
187
156
-73
-237
-112
177
245
24
-213
-184
104
256
97
-145
-173
6
146
135
-16
-129
-81
44
126
18
-96
-78
33
93
26
-87
-84
36
80
25
-22
-31
-22
-65
12
98
17
-91
-118
18
117
51
-61
-111
-45
62
59
23
-53
-67
-28
29
63
28
-33
-99
-32
95
111
-13
-127
-78
82
146
-24
-195
-80
127
171
6
-151
-137
11
160
135
-19
-173
-181
44
244
153
-130
-270
-90
189
237
-39
-281
-166
137
228
27
-201
-176
45
150
68
-57
-84
-23
62
64
0
-60
-52
32
66
46
-41
-71
-49
28
132
96
-81
-180
-39
182
161
-39
-153
-60
99
112
27
-52
-49
-12
47
46
14
-16
-38
-35
32
46
21
-23
-84
-8
94
56
-54
-83
9
119
63
-82
-110
-28
99
123
27
-119
-165
-30
186
208
-20
-227
-164
95
274
121
-218
-247
61
285
169
-136
-254
-31
229
186
-69
-187
-50
86
114
6
-105
-56
39
65
29
-59
-69
-29
69
90
29
-68
-123
-64
77
132
21
-121
-121
9
97
68
-49
-106
-73
41
89
44
-44
-116
-40
75
84
26
-72
-87
3
69
68
-18
-69
-37
32
78
0
-101
-82
58
114
66
-97
-160
-41
120
177
37
-175
-175
13
214
160
-119
-263
-87
178
197
-40
-231
-142
99
182
33
-100
-149
-46
95
119
2
-90
-80
20
97
49
-65
-91
27
97
50
-54
-91
-28
61
93
58
-21
-105
-60
75
149
23
-102
-82
29
109
83
-40
-82
-23
70
76
10
-60
-71
22
60
11
25
-8
-79
-28
51
78
-16
-78
-26
91
102
-61
-123
-53
82
155
15
-121
-151
-41
163
197
9
-209
-203
82
290
147
-190
-287
18
283
200
-98
-237
-74
174
179
-12
-130
-79
19
87
76
-43
-106
-35
59
78
-20
-89
-44
51
96
31
-72
-96
-70
41
125
51
-89
-146
-40
112
121
-36
-139
-77
60
87
21
-49
-84
-25
35
37
46
10
-63
-100
22
143
68
-99
-160
4
159
77
-127
-143
28
195
105
-126
-202
-40
168
169
1
-167
-165
15
189
147
-65
-230
-126
150
208
1
-210
-179
77
209
58
-123
-163
-45
91
107
31
-80
-77
-2
95
72
-51
-95
11
107
27
-54
-83
-43
58
92
67
-2
-112
-89
78
164
58
-106
-123
12
131
89
-27
-92
-21
68
47
4
-33
-39
-9
30
54
29
-49
-100
-5
118
58
-61
-101
8
116
73
-59
-123
-55
89
121
48
-91
-162
-63
145
213
46
-193
-216
38
255
180
-131
-280
-40
272
234
-97
-256
-73
169
204
6
-155
-106
23
114
47
-63
-76
-24
33
81
30
-76
-90
1
87
73
-14
-121
-105
27
139
81
-83
-140
-58
73
125
21
-128
-144
-4
132
128
-42
-148
-95
57
141
65
-93
-139
-7
112
85
-13
-96
-70
55
108
2
-164
-90
105
165
48
-127
-194
-15
181
194
-16
-205
-154
41
185
99
-66
-156
-105
88
173
18
-154
-170
11
176
107
-88
-150
-80
59
99
59
-37
-95
-12
68
58
-32
-68
-10
65
51
-1
-63
-78
13
104
95
-7
-121
-86
58
145
63
-73
-114
-18
111
132
-8
-94
-77
22
82
73
5
-101
-89
31
115
92
-73
-130
-34
106
104
-28
-127
-52
135
133
-52
-180
-99
110
185
67
-103
-178
-88
111
231
65
-176
-216
14
233
182
-88
-237
-64
197
197
8
-172
-146
59
198
87
-77
-167
-42
104
143
-1
-136
-101
60
148
20
-144
-113
63
163
62
-108
-138
-49
56
134
57
-92
-156
-47
103
120
4
-153
-135
51
133
44
-57
-94
-39
39
74
57
-52
-94
-15
71
94
-12
-98
-72
35
134
27
-149
-130
47
177
118
-99
-218
-51
138
165
48
-139
-197
-34
185
182
-36
-217
-152
122
211
18
-195
-174
40
173
76
-99
-165
-42
110
100
-15
-103
-43
76
59
0
-47
-27
13
37
50
-2
-80
-75
32
120
62
-30
-106
-71
88
141
21
-84
-72
32
92
63
-18
-64
-29
16
50
51
13
-57
-49
12
61
54
-38
-111
-32
111
111
-32
-146
-42
156
141
-68
-161
-99
77
186
81
-97
-190
-112
146
258
50
-212
-219
33
247
171
-109
-255
-45
205
205
-3
-167
-119
79
165
74
-92
-119
-27
82
75
-11
-84
-46
45
92
21
-106
-91
36
112
53
-57
-103
-72
23
112
75
-65
-144
-55
76
132
5
-162
-120
58
140
22
-84
-75
-5
50
24
6
-1
-29
-40
1
77
65
-57
-125
-11
121
95
-102
-185
8
201
129
-96
-215
-63
138
165
37
-127
-165
-53
142
202
-4
-220
-187
91
250
63
-218
-245
56
242
100
-136
-212
-35
128
124
-9
-90
-72
18
92
62
-31
-87
-43
72
97
-2
-97
-98
34
130
117
-28
-171
-90
110
183
28
-134
-89
43
134
87
-41
-100
-30
70
47
3
-21
-28
-19
1
43
63
-3
-94
-76
63
113
29
-122
-77
57
125
35
-104
-118
-6
146
132
-49
-185
-113
98
215
96
-142
-247
-35
245
220
-54
-260
-108
194
232
7
-203
-141
79
186
67
-101
-98
18
68
45
-35
-73
-33
27
79
14
-97
-52
59
77
42
-49
-98
-64
3
119
85
-82
-139
-31
92
86
1
-104
-106
3
61
63
10
-75
-84
5
71
79
0
-93
-71
56
117
20
-81
-83
-3
101
72
-76
-141
4
134
104
-56
-149
-78
92
132
67
-56
-164
-109
103
200
48
-180
-193
20
199
133
-123
-244
-63
190
175
-85
-211
-60
120
106
4
-83
-73
23
91
49
-57
-98
-12
113
83
-69
-99
-31
50
80
44
10
-66
-91
8
115
102
-21
-126
-65
87
158
37
-88
-104
-3
102
99
-21
-130
-48
69
82
16
-47
-78
-33
79
108
-16
-128
-63
96
144
8
-146
-106
62
131
65
-53
-125
-100
41
175
140
-76
-237
-115
180
269
7
-267
-142
130
258
88
-172
-214
53
230
115
-93
-149
-42
78
95
9
-66
-89
-12
102
55
-41
-101
-38
75
103
35
-121
-124
12
101
74
-34
-99
-57
7
62
67
-32
-125
-77
77
124
24
-122
-87
29
59
48
0
-47
-72
19
101
38
-83
-91
1
107
83
-79
-158
-28
123
140
-32
-167
-94
70
165
92
-69
-179
-110
85
207
81
-171
-215
-13
214
156
-117
-260
-87
193
190
-42
-200
-132
66
118
55
-35
-73
-35
29
61
47
-35
-78
4
77
64
-58
-114
-42
81
158
47
-121
-145
32
167
107
-89
-121
-6
118
103
-16
-93
-37
33
49
28
-3
-33
-24
8
23
5
20
-6
-51
-35
69
74
-37
-99
25
126
45
-117
-116
12
164
123
-68
-161
-114
64
210
112
-113
-200
-63
159
197
30
-196
-144
103
236
95
-154
-176
17
189
111
-76
-129
-19
72
70
-21
-80
-16
53
42
-11
-82
-44
61
70
29
-52
-76
-55
-15
51
107
33
-105
-139
-29
107
102
-22
-132
-68
52
83
24
-63
-75
-46
49
113
30
-112
-111
45
138
64
-103
-126
-3
112
87
-69
-146
-16
110
103
5
-121
-138
3
167
176
-35
-235
-191
95
309
99
-232
-266
13
268
156
-151
-262
-63
171
153
-36
-167
-108
47
125
79
-67
-115
-29
70
84
6
-65
-49
29
71
39
-22
-94
-53
62
130
56
-91
-135
-4
146
128
-33
-127
-67
75
148
34
-93
-73
10
63
84
11
-63
-66
20
83
41
-30
-69
-74
36
121
52
-109
-124
74
164
44
-157
-145
35
180
124
-52
-159
-143
49
222
132
-102
-223
-78
164
213
22
-191
-172
94
246
95
-129
-164
-34
131
144
30
-98
-122
1
114
79
-37
-122
-49
93
107
-42
-148
-37
110
120
-17
-113
-88
-19
84
92
5
-83
-97
-24
88
85
-31
-130
-78
45
102
18
-52
-82
-22
56
56
19
-46
-45
-3
30
56
1
-72
-45
53
101
-7
-148
-58
95
137
5
-141
-123
43
167
110
-47
-192
-141
77
222
135
-139
-273
-91
242
233
-109
-295
-105
176
190
-33
-176
-119
38
112
54
-32
-76
-23
34
53
24
-46
-48
24
63
16
-52
-46
-13
28
75
68
-19
-134
-64
139
152
-12
-118
-69
72
107
34
-43
-66
-12
56
52
19
-24
-51
-28
19
78
41
-66
-94
-3
124
79
-75
-136
23
146
70
-102
-141
0
131
123
4
-129
-164
-23
184
192
-39
-237
-151
155
278
50
-221
-219
99
285
131
-183
-227
39
219
119
-85
-136
-15
63
86
-5
-81
-52
15
60
52
-41
-76
-42
47
106
34
-82
-128
-50
105
159
-3
-163
-146
25
166
77
-101
-150
-47
88
82
13
-78
-91
17
64
42
-11
-53
-44
19
75
71
-36
-127
-71
106
147
-26
-180
-96
132
173
10
-159
-155
49
170
122
-52
-176
-148
74
216
91
-149
-232
-30
191
155
-78
-245
-104
125
187
25
-184
-154
26
137
84
-39
-118
-24
82
72
-19
-64
-39
51
91
9
-64
-84
-18
74
77
52
-39
-98
-33
97
130
-3
-103
-71
67
129
49
-78
-78
0
49
56
26
-43
-60
-2
43
41
18
-36
-75
12
98
57
-70
-129
3
143
137
-68
-183
-85
127
214
21
-182
-187
13
205
171
-37
-207
-122
97
219
76
-147
-186
-18
199
214
-44
-242
-111
159
217
17
-168
-106
61
135
22
-102
-96
24
105
51
-77
-108
-16
91
94
-6
-101
-89
-15
60
99
15
-102
-127
-7
116
76
-53
-114
-58
33
72
18
-46
-68
-6
27
17
27
-6
-54
-30
41
88
-11
-114
-56
93
136
-24
-174
-95
99
176
52
-144
-185
16
165
132
-13
-150
-147
21
185
123
-81
-200
-90
131
182
-33
-214
-124
118
156
-3
-123
-100
21
73
35
-13
-24
-27
-6
42
66
-32
-92
14
90
41
-35
-87
-39
53
112
76
-60
-149
-42
137
162
-17
-134
-60
80
108
52
-66
-61
4
47
41
-3
-19
-25
-11
0
38
55
-21
-108
-27
95
101
-44
-140
-32
141
124
-76
-160
-36
108
152
25
-122
-145
-32
138
160
10
-183
-159
81
242
107
-173
-193
39
198
142
-84
-172
-34
128
128
-6
-92
-50
18
54
20
-33
-50
-8
53
41
-42
-69
-6
23
61
64
-34
-112
-95
55
125
43
-98
-151
-13
128
86
-65
-146
-36
92
58
-33
-61
-19
15
8
24
36
-20
-41
-46
42
91
34
-99
-101
33
137
35
-137
-112
74
149
49
-98
-157
-31
150
145
20
-153
-175
-8
184
160
-73
-213
-110
120
209
24
-224
-208
57
213
119
-131
-216
-56
170
145
-50
-139
-67
95
131
-8
-139
-89
108
151
-9
-105
-64
4
47
67
66
-28
-116
-51
86
144
18
-99
-54
22
76
62
-42
-55
-13
26
63
39
-39
-69
-16
58
69
17
-62
-90
-12
99
81
-51
-117
-5
126
95
-55
-121
-47
89
108
26
-90
-144
-54
131
182
34
-132
-188
-30
202
194
-47
-219
-112
160
257
15
-227
-127
122
193
34
-107
-114
-19
95
80
-31
-96
-42
57
97
-5
-105
-94
54
110
51
-32
-106
-93
3
162
101
-110
-172
-49
107
144
-25
-167
-91
58
105
18
-66
-72
5
55
36
3
-18
-42
-29
17
52
51
-37
-84
-24
103
76
-88
-149
10
153
119
-90
-177
-51
110
159
56
-130
-190
-30
171
149
-47
-175
-131
60
193
68
-169
-220
9
210
141
-116
-207
-41
117
93
4
-83
-43
18
45
33
-28
-61
14
79
40
-68
-86
11
56
61
33
0
-73
-68
46
126
45
-54
-82
-9
64
105
17
-73
-51
17
63
40
9
-61
-50
9
56
83
-20
-126
-63
99
151
-22
-142
-85
97
166
12
-144
-126
34
172
104
-70
-196
-95
114
231
65
-175
-197
13
202
171
-65
-223
-84
166
231
32
-190
-167
75
208
98
-93
-162
-62
124
157
-33
-159
-78
71
147
10
-137
-94
38
144
79
-65
-142
-111
45
178
74
-127
-175
-12
115
89
-45
-108
-62
45
64
18
-22
-51
-33
8
32
71
9
-91
-102
53
160
35
-126
-123
50
135
34
-110
-128
16
160
90
-74
-176
-68
112
154
63
-97
-194
-74
158
220
-9
-236
-197
83
277
73
-221
-236
35
227
119
-128
-168
-26
81
74
3
-51
-36
4
49
33
-8
-58
-33
63
76
13
-78
-97
18
107
90
1
-125
-84
71
144
42
-79
-86
10
90
76
18
-60
-73
-12
74
87
14
-84
-86
31
104
57
-53
-110
-30
87
84
-8
-110
-63
99
109
1
-121
-110
30
146
124
-65
-194
-117
121
227
69
-161
-215
0
222
179
-71
-219
-95
164
253
31
-220
-182
89
222
90
-107
-144
-44
73
102
27
-60
-85
7
104
48
-86
-123
-12
133
105
-23
-139
-138
49
163
69
-99
-151
-24
75
81
0
-72
-75
-23
27
60
19
-43
-70
-21
59
87
4
-105
-74
43
104
46
-69
-81
-13
87
75
-60
-127
-24
123
147
-33
-212
-129
125
198
75
-107
-206
-82
167
211
-11
-195
-182
36
231
110
-179
-247
-4
220
139
-92
-212
-76
113
110
19
-71
-73
20
68
37
-31
-76
-18
38
52
31
-52
-81
-1
93
103
-12
-121
-88
80
157
49
-79
-110
-10
122
102
-27
-104
-37
55
72
41
-24
-71
-36
11
66
52
-30
-105
-38
97
93
-31
-120
-33
100
107
-27
-108
-51
24
104
71
-35
-115
-104
46
171
114
-84
-205
-68
177
221
-15
-224
-129
141
213
68
-159
-153
43
155
107
-40
-113
-74
50
130
16
-99
-82
30
117
22
-105
-85
45
100
36
-30
-58
-91
-21
110
98
-43
-146
-82
72
107
14
-106
-104
4
91
50
-18
-71
-47
13
56
53
-20
-64
-43
29
55
11
-15
-54
-32
82
77
-61
-142
-30
132
134
-22
-178
-134
89
193
86
-93
-210
-113
148
226
38
-187
-218
22
235
115
-172
-241
-36
183
177
-49
-216
-134
83
183
36
-119
-108
24
124
67
-74
-122
-16
132
97
-50
-115
-63
45
104
81
-1
-105
-116
45
181
103
-91
-149
1
135
104
-31
-106
-40
38
74
25
-5
-31
-48
17
72
31
-58
-66
5
56
40
-19
-73
-35
69
126
22
-136
-130
41
178
101
-68
-169
-91
78
215
106
-143
-230
-56
205
222
-24
-224
-148
141
251
63
-187
-184
64
205
98
-79
-124
-21
72
63
11
-61
-81
4
95
60
-61
-112
-43
107
121
4
-135
-111
6
123
108
-46
-163
-92
45
128
60
-89
-146
-21
100
85
-23
-101
-58
39
66
18
-39
-40
-15
20
36
48
0
-83
-58
53
94
-17
-107
-52
48
104
44
-90
-143
-23
148
166
-5
-222
-194
93
267
103
-208
-266
-9
255
195
-144
-310
-67
219
193
-79
-219
-77
94
102
11
-61
-49
5
50
31
-13
-33
-3
26
15
7
-10
-47
-29
50
101
46
-91
-137
25
166
85
-79
-124
-4
131
96
-29
-92
-16
38
18
39
37
-25
-68
-41
57
109
-9
-114
-65
40
82
58
-49
-100
-19
113
92
-47
-135
-72
104
178
48
-159
-233
2
258
202
-100
-305
-126
231
295
-15
-261
-151
139
260
68
-168
-151
28
134
102
-19
-99
-78
44
114
14
-86
-63
16
102
34
-99
-84
36
85
63
-21
-73
-85
-27
78
94
-2
-123
-107
25
102
68
-62
-118
-57
40
88
46
-61
-88
-39
50
101
20
-86
-58
39
53
15
-24
-64
-21
88
70
-73
-125
-17
99
97
-4
-110
-116
22
135
124
-20
-185
-167
79
257
108
-192
-248
-22
226
175
-114
-251
-86
171
163
-47
-157
-83
38
85
68
-8
-89
-58
65
90
-21
-71
-43
46
96
16
-87
-89
23
87
56
-5
-37
-50
17
59
72
1
-53
-56
24
88
47
-44
-62
-12
55
45
8
-31
-21
-29
31
74
17
-76
-92
31
114
53
-87
-116
36
159
84
-109
-170
-20
155
125
-10
-137
-129
-2
165
161
-28
-226
-157
143
271
84
-208
-248
52
312
177
-157
-275
-12
233
188
-80
-194
-84
107
154
-3
-121
-86
29
104
32
-70
-81
7
60
52
35
-32
-106
-93
44
169
60
-135
-184
0
162
113
-78
-166
-78
92
111
-3
-89
-39
14
34
12
16
-3
-62
-60
50
130
29
-123
-119
51
175
6
-165
-95
72
152
30
-135
-154
17
158
141
-16
-177
-180
51
232
138
-142
-262
-66
206
189
-70
-241
-140
127
206
32
-185
-145
36
109
58
1
-78
-48
42
63
27
-43
-65
5
87
61
-60
-91
-20
94
110
9
-88
-98
-12
94
113
13
-87
-69
43
125
55
-73
-75
10
69
54
-17
-66
-11
39
7
4
8
-3
-36
-22
48
62
-7
-82
-40
98
87
-44
-110
-69
94
161
49
-150
-207
-40
218
233
-26
-279
-186
156
289
67
-229
-192
102
242
116
-125
-192
-32
157
172
-3
-138
-132
15
155
85
-88
-106
-31
97
75
-67
-100
-17
96
83
-21
-65
-84
-59
65
132
11
-114
-129
-5
113
74
-60
-114
-34
53
50
3
-51
-43
16
19
23
9
-37
-52
-7
72
56
-31
-76
-38
44
74
-7
-79
-90
41
131
106
-130
-213
-18
191
175
-8
-197
-186
40
235
149
-153
-262
-52
209
204
-69
-258
-146
139
236
10
-201
-166
60
171
56
-84
-119
5
100
73
-39
-88
-15
82
66
-25
-54
-39
-3
27
59
72
-4
-98
-68
55
127
65
-71
-99
1
108
74
-36
-43
-27
17
71
46
-25
-81
-55
53
99
44
-82
-114
9
113
85
-52
-139
-21
138
117
-76
-148
-16
113
109
-22
-89
-113
-44
115
187
33
-172
-188
46
231
152
-126
-240
-32
245
194
-76
-217
-98
148
203
14
-155
-114
48
123
37
-71
-74
-11
57
38
-23
-75
-39
65
67
24
-38
-98
-87
50
134
59
-85
-171
-75
131
149
-50
-181
-72
108
102
-22
-91
-34
25
25
30
21
-17
-62
-61
36
139
35
-127
-134
50
185
42
-192
-133
108
200
34
-160
-159
27
148
120
-2
-119
-160
-8
172
144
-44
-239
-139
151
247
6
-263
-198
115
245
59
-207
-205
65
173
50
-87
-118
13
109
49
-68
-72
23
93
47
-53
-63
-21
20
24
54
52
-7
-115
-46
93
128
34
-83
-103
24
112
68
-40
-80
-5
54
59
7
-50
-36
13
6
35
34
-15
-76
-33
58
84
-23
-92
-48
119
120
-37
-155
-88
91
169
63
-129
-180
-37
169
186
-12
-224
-144
135
233
63
-169
-187
58
206
125
-75
-161
-53
84
158
55
-98
-123
4
120
78
-70
-125
-36
94
101
-56
-111
-13
101
69
-20
-53
-53
-44
19
63
52
-37
-114
-54
48
92
26
-95
-114
-15
102
94
-48
-124
-56
52
119
24
-82
-95
10
87
49
-35
-67
-33
46
84
11
-96
-77
19
98
71
-25
-145
-95
91
190
88
-162
-217
-15
214
188
-106
-255
-102
151
219
-19
-229
-154
82
177
56
-126
-152
-11
120
71
-32
-88
-43
43
97
32
-66
-82
11
93
74
-48
-146
-33
108
108
26
-70
-111
-11
131
78
-32
-44
4
10
20
57
20
-38
-73
9
86
58
-29
-73
-32
46
71
30
-48
-90
-12
89
80
-27
-110
-46
117
133
-32
-149
-95
61
174
80
-114
-182
-31
137
170
23
-148
-143
24
195
125
-109
-189
-33
207
181
-59
-204
-73
161
161
-1
-133
-108
49
124
23
-83
-58
-7
25
67
24
-68
-74
5
95
85
-33
-158
-85
73
140
36
-128
-94
-6
56
67
-1
-60
-90
-23
75
70
4
-105
-67
17
77
49
-22
-69
-47
35
101
46
-99
-125
20
162
76
-123
-165
6
153
115
-77
-186
-62
142
177
39
-140
-203
-15
180
157
-62
-198
-99
101
158
13
-154
-155
35
156
64
-92
-138
-26
97
63
-32
-40
-29
27
39
20
-44
-44
21
84
30
-63
-85
5
66
44
24
23
-43
-81
6
105
104
-6
-147
-77
100
184
26
-142
-85
45
134
51
-74
-97
-33
49
81
30
-40
-72
-31
66
105
8
-113
-74
80
124
-18
-105
-69
17
116
81
-38
-145
-111
71
194
95
-148
-214
-5
205
199
-74
-236
-92
192
266
6
-247
-171
107
248
90
-140
-179
-27
145
128
-45
-134
-62
77
98
1
-87
-70
33
90
46
-54
-77
-49
12
73
67
-44
-122
-46
68
74
-6
-69
-53
-7
35
28
5
-34
-50
-20
50
59
1
-70
-40
34
65
14
-63
-53
23
60
45
-45
-102
-8
104
74
-15
-148
-87
97
154
61
-130
-167
-1
155
117
-50
-138
-119
46
168
53
-126
-182
-32
165
120
-59
-163
-59
74
87
36
-42
-98
-19
99
73
-29
-116
-26
112
92
-41
-130
-46
83
100
33
-28
-68
-32
24
74
58
6
-89
-61
69
123
28
-70
-101
-8
114
85
-16
-74
-48
11
55
54
-24
-72
-41
25
92
35
-92
-80
85
134
-3
-142
-91
49
125
78
-77
-137
-58
83
177
84
-125
-205
-37
216
199
-89
-227
-52
200
186
-32
-184
-82
93
162
42
-92
-99
-4
74
67
-4
-80
-72
18
125
60
-110
-127
19
137
82
-59
-112
-69
8
87
78
-21
-112
-86
19
87
36
-38
-89
-49
59
91
22
-102
-90
20
102
44
-48
-73
-12
33
19
27
-1
-29
-39
12
62
-1
-84
-48
58
91
23
-95
-94
12
111
109
-7
-178
-158
67
221
85
-155
-249
-9
247
157
-157
-272
-33
205
154
-59
-217
-113
118
144
29
-102
-92
27
94
40
-65
-60
2
47
67
-6
-54
-73
14
77
78
25
-95
-107
25
149
97
-59
-132
-10
94
85
5
-60
-53
27
67
31
-23
-22
-7
-8
8
72
35
-91
-131
52
170
59
-132
-147
49
185
72
-128
-169
7
194
131
-94
-182
-84
115
188
55
-104
-168
-48
161
195
-1
-237
-145
159
274
47
-210
-182
60
210
124
-65
-163
-66
93
130
-43
-107
-38
62
86
-13
-100
-47
59
80
-6
-26
-22
-49
-61
40
108
36
-114
-139
15
120
72
-62
-119
-53
58
73
31
-54
-90
-39
76
104
-7
-82
-84
33
112
31
-90
-110
17
118
88
-91
-164
-12
155
121
-43
-162
-105
58
157
115
-66
-201
-125
118
240
49
-219
-221
46
253
120
-191
-268
-11
225
169
-94
-217
-89
98
140
13
-86
-77
10
79
44
-21
-65
-34
72
66
-1
-81
-74
17
95
77
37
-90
-129
4
160
113
-8
-113
-73
56
143
67
-76
-103
-33
85
102
34
-66
-113
-13
106
106
-26
-121
-64
42
104
50
-77
-101
30
135
48
-106
-119
32
123
89
-36
-144
-114
35
185
151
-68
-235
-98
192
218
-13
-207
-122
119
239
63
-176
-161
30
172
133
-45
-158
-78
72
135
14
-121
-99
22
139
73
-108
-149
10
136
73
-39
-74
-80
-36
69
110
14
-135
-119
28
119
77
-73
-148
-57
95
100
-11
-107
-70
26
59
58
9
-84
-62
25
84
55
-31
-79
-44
69
74
-46
-108
-28
85
85
12
-82
-111
-12
119
151
8
-210
-196
60
270
123
-171
-276
-16
269
175
-180
-297
-13
212
164
-65
-209
-128
93
160
18
-106
-61
35
72
18
-50
-38
32
70
3
-54
-31
9
2
4
45
99
0
-160
-64
147
164
-27
-167
-72
128
153
-25
-122
-48
88
75
-2
-39
-22
-1
-22
9
67
54
-53
-127
-15
116
111
-66
-153
8
160
74
-119
-139
22
145
84
-43
-108
-100
34
124
100
-29
-154
-105
97
193
61
-148
-138
42
210
110
-131
-181
0
192
131
-62
-145
-75
104
134
-34
-138
-61
77
121
-13
-110
-52
38
60
34
1
-32
-90
-62
61
142
29
-156
-156
37
149
106
-93
-181
-39
122
108
-34
-116
-49
23
69
60
-17
-88
-60
57
97
49
-77
-113
0
123
68
-95
-138
-10
117
99
-14
-135
-104
44
128
97
-21
-157
-139
43
188
133
-96
-241
-114
202
236
-82
-298
-152
181
266
7
-260
-185
105
207
35
-118
-111
2
108
59
-35
-75
-13
47
44
21
-17
-48
-42
3
71
118
-28
-160
-76
146
171
4
-118
-106
44
148
56
-73
-86
-4
62
65
25
-55
-68
18
70
48
-17
-71
-55
30
77
46
-51
-86
18
101
65
-63
-105
-31
89
137
15
-139
-139
4
175
158
-26
-205
-144
125
226
36
-168
-156
77
238
75
-143
-161
42
164
76
-54
-97
-34
49
70
8
-62
-69
6
77
55
-57
-102
-5
66
66
-7
-69
-54
-33
37
82
48
-71
-125
-57
85
113
4
-155
-104
66
114
9
-84
-87
5
64
71
-14
-71
-56
4
78
60
-29
-91
-43
66
97
-33
-149
-43
104
127
14
-141
-121
32
137
114
-24
-159
-149
24
205
149
-123
-252
-75
211
219
-91
-308
-116
203
206
-31
-208
-137
82
148
43
-75
-97
-4
82
57
-8
-69
-40
53
78
7
-75
-56
36
60
42
13
-28
-73
-23
91
84
24
-63
-81
24
115
78
-57
-79
-9
48
49
27
-16
-50
-29
13
58
71
-43
-113
-24
88
85
-30
-92
-20
92
60
-41
-82
-28
64
99
30
-93
-134
-43
133
184
11
-211
-154
118
229
55
-155
-180
33
230
152
-108
-217
-53
182
184
-33
-157
-89
47
139
44
-101
-87
13
100
69
-65
-98
-38
48
100
34
-71
-107
-59
67
120
26
-114
-123
2
88
49
-24
-51
-60
-16
32
77
17
-82
-105
10
102
93
-44
-143
-60
93
141
13
-122
-106
55
141
18
-135
-114
68
150
62
-102
-168
-42
114
185
57
-179
-204
14
211
166
-94
-241
-107
160
203
-34
-227
-150
92
218
71
-176
-189
12
165
87
-65
-113
-12
88
38
-32
-47
-13
64
59
-38
-52
-31
34
17
16
59
29
-62
-81
19
118
86
-34
-119
-35
117
126
-21
-118
-64
68
111
42
-66
-98
-2
70
56
16
-48
-74
-35
64
100
-1
-123
-74
105
159
-9
-169
-119
74
193
62
-151
-168
-7
194
149
-52
-193
-127
110
220
86
-145
-203
22
246
171
-117
-221
-51
178
154
-28
-103
-47
27
33
10
7
-4
-38
-23
38
46
-23
-78
-30
89
96
-6
-130
-137
46
188
56
-128
-175
-13
121
109
-20
-115
-101
11
85
61
-25
-73
-77
17
106
71
-65
-125
-40
108
119
-45
-125
-36
88
67
-40
-94
-17
78
54
-36
-38
-31
-25
30
98
79
-76
-201
-83
168
235
-27
-279
-175
151
281
17
-266
-217
114
232
47
-151
-165
-2
105
101
-4
-115
-70
70
97
2
-92
-52
63
74
-8
-75
-9
29
28
1
43
58
-61
-114
29
142
85
-63
-102
-21
80
101
13
-61
-46
-23
44
75
35
-54
-76
-13
89
70
-45
-113
-18
72
72
-12
-73
-39
66
76
-8
-73
-55
7
100
94
-56
-161
-93
123
217
62
-201
-215
66
269
117
-162
-201
21
236
167
-92
-212
-70
133
177
29
-86
-123
-36
96
117
-23
-119
-61
47
105
4
-107
-96
66
126
31
-78
-114
-53
73
132
18
-109
-118
-22
85
78
-13
-96
-77
2
84
67
-34
-84
-60
32
96
33
-45
-60
-23
26
56
52
-40
-123
-44
126
124
-86
-185
-6
173
117
-95
-181
-44
126
157
51
-121
-183
-50
168
183
-21
-228
-164
113
215
60
-200
-220
32
227
116
-116
-225
-54
153
149
-30
-119
-69
71
102
-4
-69
-48
58
66
13
-46
-38
-11
12
54
57
-4
-79
-64
77
122
39
-73
-100
2
131
106
-38
-122
-55
63
82
38
-28
-60
-25
25
45
45
-18
-90
-56
55
94
15
-87
-85
57
148
7
-137
-97
44
146
72
-75
-136
-70
74
175
100
-126
-223
-19
215
176
-65
-208
-99
180
239
4
-245
-149
139
224
55
-150
-151
-7
124
118
-41
-125
-52
69
113
-15
-125
-73
68
114
24
-67
-81
-64
25
102
58
-64
-146
-43
99
117
2
-121
-128
8
109
91
-36
-123
-51
54
88
35
-45
-66
-66
40
111
38
-92
-107
46
122
22
-122
-111
48
141
74
-86
-150
-45
97
126
67
-95
-177
-51
139
174
-21
-188
-150
90
227
58
-226
-210
62
212
74
-109
-155
-45
76
78
33
-15
-80
-46
75
90
-14
-100
-43
68
98
21
-84
-106
-16
113
149
43
-175
-171
71
220
95
-104
-170
-20
166
151
-43
-155
-45
72
85
15
-45
-35
-27
36
71
6
-74
-64
11
93
50
-38
-95
-37
99
132
-57
-152
-51
86
136
75
-93
-150
-61
106
165
46
-127
-160
5
166
152
-50
-182
-75
138
207
11
-181
-135
86
192
79
-111
-142
-19
104
97
-25
-102
-66
65
122
-21
-129
-63
89
106
7
-57
-70
-27
0
53
59
-30
-104
-46
46
72
26
-94
-81
-3
59
59
-20
-83
-67
40
92
35
-30
-69
-27
5
61
47
-38
-98
-9
82
61
-59
-105
-9
104
82
-28
-124
-110
50
190
124
-141
-247
-43
200
205
-59
-223
-152
95
224
39
-193
-199
18
194
84
-83
-137
-65
62
93
32
-55
-90
8
70
55
-14
-76
-18
62
53
-6
-86
-58
43
80
72
-14
-93
-62
71
143
27
-97
-89
48
121
51
-64
-54
-4
27
40
8
8
-11
-23
-31
16
74
14
-88
-57
49
95
35
-82
-90
43
134
44
-98
-125
-10
145
126
-46
-152
-107
60
178
100
-100
-184
-42
161
205
0
-242
-149
179
285
30
-238
-162
93
203
80
-102
-135
6
91
58
-33
-54
-25
13
46
-6
-36
13
17
-11
11
26
-20
-83
-54
71
102
11
-117
-129
14
140
61
-97
-134
-8
88
50
-9
-58
-52
-3
31
31
2
-38
-47
-1
59
62
-25
-84
-16
83
46
-63
-87
-6
66
77
-21
-80
-80
40
104
81
-24
-148
-109
64
163
79
-146
-191
-1
184
134
-120
-246
-65
182
196
-49
-216
-129
82
178
62
-103
-140
4
129
84
-56
-119
-21
108
103
-42
-107
-21
32
36
32
38
-27
-84
-3
102
91
-15
-95
-53
75
126
9
-87
-54
24
76
23
-23
-7
-7
-41
25
89
12
-90
-63
64
88
-5
-81
-52
47
86
-15
-58
-52
16
75
82
0
-140
-113
57
187
98
-102
-188
-28
158
165
-26
-180
-90
123
216
14
-165
-135
67
182
92
-105
-149
-8
120
84
-52
-89
-16
50
55
-39
-63
-15
26
45
31
-4
-30
-95
-59
68
139
12
-171
-137
74
148
41
-100
-135
-33
82
84
-15
-81
-67
9
79
72
-9
-81
-62
28
81
31
-27
-41
-42
27
64
-3
-94
-32
35
79
65
-78
-120
-30
105
149
7
-173
-176
60
257
103
-170
-261
-29
236
175
-112
-284
-108
208
210
-54
-234
-132
112
155
27
-103
-90
26
117
8
-65
-32
25
57
12
-22
-17
-17
-18
-3
71
68
-36
-97
-16
97
86
8
-80
-56
53
92
33
-15
-60
-22
7
66
44
-17
-79
-30
36
98
43
-96
-107
13
118
85
-89
-123
33
152
46
-107
-87
12
81
71
-13
-77
-123
-4
174
172
-74
-261
-95
212
247
-23
-246
-136
156
256
38
-203
-148
68
175
101
-67
-126
-53
51
96
24
-82
-53
28
82
24
-89
-72
27
78
44
-29
-63
-30
-38
8
69
69
-60
-136
-44
94
135
-38
-152
-61
50
88
10
-55
-65
-8
44
61
27
-57
-81
-14
92
89
-40
-118
-55
91
120
-29
-136
-77
86
124
7
-122
-105
55
126
79
-47
-165
-86
79
145
55
-105
-167
-22
163
112
-113
-214
-47
144
143
-15
-158
-113
51
121
34
-79
-58
7
55
29
-10
-52
-19
54
69
-17
-67
-45
33
52
54
25
-37
-76
-17
79
110
2
-115
-58
81
110
20
-48
-31
-9
27
47
42
-10
-79
-62
52
114
45
-102
-125
15
140
91
-91
-157
28
165
85
-99
-149
0
151
125
-44
-164
-107
54
164
89
-69
-158
-50
111
172
15
-154
-109
73
173
75
-104
-126
-14
103
135
35
-99
-143
-10
140
108
-63
-153
-54
141
111
-73
-152
-40
117
115
4
-108
-130
-3
97
87
-6
-99
-85
-8
67
79
-15
-103
-93
10
102
79
-43
-125
-75
71
127
28
-87
-110
8
119
70
-62
-121
-21
102
64
-44
-105
-24
52
74
28
-73
-121
-9
106
130
11
-167
-157
45
178
111
-116
-192
-32
158
131
-74
-211
-98
125
198
26
-173
-172
35
171
50
-83
-89
16
87
28
-21
-49
-33
49
91
10
-123
-84
66
101
34
-1
-54
-54
12
78
81
9
-71
-70
36
112
51
-54
-76
-8
69
69
2
-53
-49
17
43
44
-9
-73
-37
39
67
26
-46
-58
-1
81
51
-39
-81
-38
70
119
26
-124
-147
1
193
156
-79
-205
-99
164
197
6
-202
-135
133
218
54
-148
-149
32
131
68
-7
-46
-49
-23
46
55
-24
-74
-36
81
61
-80
-100
30
103
59
-50
-88
-67
1
65
72
8
-59
-90
-30
55
67
-3
-83
-103
16
83
57
-53
-69
-34
19
71
40
-31
-87
-41
69
99
17
-95
-99
65
125
-5
-139
-79
86
117
26
-92
-108
-16
87
145
57
-142
-189
-18
179
168
-76
-226
-96
160
203
-55
-243
-161
131
232
30
-191
-173
33
167
75
-78
-110
0
87
47
-24
-69
-27
76
85
-20
-97
-73
24
71
75
38
-37
-81
-16
68
108
35
-73
-98
20
112
82
-37
-81
-29
35
85
31
-42
-41
-14
36
58
11
-58
-54
-1
47
51
-5
-50
-51
36
86
17
-78
-76
43
123
49
-96
-135
-57
133
197
1
-194
-140
87
211
110
-149
-211
-4
241
202
-91
-255
-83
185
226
0
-191
-132
85
154
22
-102
-98
-6
132
77
-99
-114
10
93
52
1
-39
-65
-91
18
142
84
-120
-148
-5
99
78
-31
-92
-79
30
73
32
-18
-66
-51
49
60
11
-54
-42
-22
41
76
12
-72
-80
26
98
35
-113
-99
49
140
52
-107
-142
-2
116
131
2
-144
-122
20
128
104
-30
-161
-135
82
186
42
-192
-185
63
190
98
-117
-188
-48
98
128
12
-94
-89
42
87
30
-36
-65
17
76
28
-48
-52
-17
13
53
79
-4
-79
-47
45
110
54
-57
-93
-4
90
79
-3
-84
-53
44
88
57
-54
-93
-18
74
69
7
-67
-50
-1
50
53
1
-74
-36
64
97
-10
-117
-67
62
134
58
-78
-163
-90
113
225
64
-175
-208
56
252
103
-178
-212
62
252
123
-138
-181
2
141
113
-18
-92
-52
18
76
45
-52
-71
-21
69
74
-37
-101
-23
61
79
8