#4
429
-97
-368
38
511
351
-262
-392
181
638
251
-390
-357
310
670
148
-480
-271
432
615
-22
-473
-71
531
468
-168
-402
94
534
261
-264
-235
270
428
19
-289
49
468
209
-321
-293
300
602
129
-440
-291
373
626
59
-539
-297
456
650
46
-532
-249
419
550
-1
-413
-127
386
402
-56
-324
0
439
301
-147
-260
120
382
139
-194
-52
337
291
-151
-283
135
525
267
-311
-346
214
579
197
-324
-243
250
414
75
-252
-63
271
270
-51
-182
56
321
180
-160
-192
169
346
96
-203
-102
248
335
-38
-275
7
395
315
-190
-352
71
540
332
-277
-419
126
561
279
-292
-298
190
442
147
-212
-118
222
251
-7
-107
93
250
75
-143
-38
229
244
-39
-175
59
272
145
-173
-148
201
347
81
-250
-200
210
343
112
-189
-169
120
252
90
-115
-43
169
138
-56
-85
120
240
36
-169
-69
229
263
-37
-212
3
308
226
-112
-210
78
336
150
-193
-184
172
350
78
-202
-146
167
289
44
-145
-8
139
83
-60
-7
168
169
-47
-194
-26
241
215
-59
-234
-30
271
269
-81
-307
-65
332
313
-96
-335
-14
386
226
-206
-281
138
433
143
-301
-231
220
377
33
-221
-52
246
204
-107
-165
122
329
100
-273
-154
247
367
44
-274
-150
211
321
50
-236
-128
225
302
-40
-256
-30
279
201
-123
-216
80
322
92
-223
-110
216
247
-95
-228
88
317
93
-276
-163
279
400
-9
-360
-183
307
426
17
-369
-137
336
374
-33
-316
-93
277
283
-28
-196
5
190
123
-46
-52
81
136
27
-63
-12
79
84
-10
-25
49
137
45
-146
-123
157
267
50
-222
-173
150
272
45
-187
-89
134
139
-45
-74
49
161
35
-125
-29
177
124
-71
-116
67
185
93
-91
-104
97
205
38
-156
-72
131
178
29
-111
-95
110
201
94
-97
-173
-1
180
143
-19
-113
-18
90
48
-6
1
27
-3
-44
47
143
50
-169
-145
132
262
61
-225
-166
157
312
34
-267
-121
248
292
-32
-267
-105
209
258
7
-136
-33
98
99
-19
-17
110
120
-28
-137
-34
223
237
-51
-275
-54
284
235
-115
-257
1
271
169
-141
-194
52
230
100
-149
-150
78
212
63
-134
-89
114
144
-34
-64
53
89
-50
-89
53
232
112
-141
-192
49
263
157
-115
-181
23
254
182
-92
-197
-14
212
188
-39
-168
-30
170
181
-42
-161
-16
183
143
-102
-159
32
197
96
-128
-89
87
93
-59
-92
82
176
-4
-198
-116
153
230
-17
-185
-71
116
101
-17
-61
20
64
22
-27
2
59
50
-18
-33
39
83
35
-20
-15
30
17
13
41
4
22
50
25
-28
-44
52
139
61
-117
-154
13
185
152
-67
-173
-46
155
132
-62
-135
-54
89
116
17
-58
-72
-32
70
112
31
-120
-86
90
154
8
-153
-81
142
201
25
-171
-105
117
170
38
-73
-12
51
1
4
60
79
35
-66
-53
45
126
115
-20
-135
-75
104
192
18
-162
-80
107
170
5
-141
-56
104
91
-38
-84
12
113
88
-81
-121
38
108
24
-12
12
30
-44
-76
67
176
87
-152
-188
62
264
143
-121
-217
-3
247
220
-71
-233
-66
190
232
32
-203
-129
128
220
54
-173
-112
130
176
13
-152
-98
89
144
29
-79
-46
23
-19
-56
87
135
4
-176
-123
113
195
43
-171
-159
57
162
67
-66
-78
-6
58
62
9
-26
-9
-2
34
39
21
10
-17
-1
14
30
30
-9
-39
19
85
49
-54
-93
16
133
97
-109
-209
-1
247
151
-121
-226
-39
198
143
-92
-177
-49
115
102
-3
-74
-75
-29
45
85
28
-50
-74
12
79
56
-39
-78
9
108
53
-43
-70
-1
82
98
53
-39
-91
-34
75
125
56
-71
-73
20
87
74
26
-19
-51
-43
62
97
38
-67
-107
8
140
78
-72
-99
16
83
34
-28
-32
12
31
15
-19
7
18
-14
-7
54
44
-49
-91
25
172
104
-141
-168
51
204
111
-120
-141
22
182
136
-50
-137
-47
91
159
68
-83
-117
27
146
79
-87
-112
47
146
44
-103
-117
25
142
58
-71
-99
15
45
-14
-20
40
41
-53
-94
-1
103
71
-56
-111
-27
57
98
26
-74
-94
32
86
57
-50
-90
29
106
48
-54
-61
41
123
4
-115
-59
71
111
-5
-78
-1
51
9
-22
30
70
-36
-143
-39
159
151
-76
-175
-63
114
125
-41
-135
-56
55
106
47
-71
-147
-51
102
142
6
-157
-121
84
189
31
-189
-128
145
224
-2
-219
-95
130
170
9
-72
-28
30
-1
12
67
68
-10
-100
-28
91
129
24
-84
-88
12
99
94
-26
-115
-73
75
157
16
-151
-71
96
119
-35
-131
-45
120
85
-37
-88
-1
63
9
-6
18
16
-58
-73
47
165
75
-135
-178
42
213
116
-100
-158
5
157
140
-36
-141
-70
79
190
79
-123
-152
14
180
135
-93
-185
-6
181
129
-137
-190
46
179
47
-101
-84
33
22
-72
-13
100
74
-102
-167
-2
181
104
-111
-182
-33
126
135
-2
-124
-99
56
97
39
-70
-72
26
79
28
-33
-48
26
67
37
-63
-41
46
48
7
-41
-17
35
21
-29
1
71
60
-125
-151
60
227
66
-192
-176
69
186
31
-154
-127
23
134
75
-83
-142
-35
106
100
-39
-114
-47
79
113
-26
-123
-46
104
120
-10
-118
-44
62
55
33
42
41
-42
-93
-29
140
163
-53
-200
-71
168
194
1
-150
-103
75
129
26
-67
-69
10
71
40
-48
-52
16
41
-9
-33
5
38
1
-25
-8
2
12
-1
-9
13
52
13
-96
-78
64
163
67
-130
-161
6
198
138
-106
-171
1
203
140
-68
-157
-53
137
137
12
-99
-93
46
101
48
-33
-88
-17
105
84
-56
-141
-20
104
92
-13
-86
-66
-10
-9
53
82
-27
-139
-112
99
197
4
-175
-134
44
140
50
-50
-70
-23
52
78
3
-88
-62
59
92
-18
-66
11
53
15
-13
-17
3
28
14
-26
-7
35
20
-58
-54
85
153
-42
-224
-100
188
215
-48
-234
-118
124
171
-17
-166
-103
59
112
46
-71
-117
-49
76
105
-17
-135
-75
107
119
-23
-164
-70
137
177
-11
-183
-94
79
121
46
-11
-3
-35
-65
48
125
78
-54
-122
-28
107
68
21
-26
-33
-34
3
57
46
-38
-69
13
81
31
-59
-60
32
51
-25
-70
8
76
37
-45
-63
11
38
-4
-19
21
24
-63
-90
62
163
61
-151
-170
64
191
90
-106
-129
23
152
109
-58
-104
-29
70
96
41
-50
-78
2
99
100
-54
-122
-13
125
81
-91
-128
14
102
58
-10
-47
-69
-61
-6
84
97
-45
-136
-77
79
118
-9
-119
-58
24
43
-4
32
24
-45
-80
9
121
60
-131
-109
51
145
33
-96
-48
59
65
-22
-58
-3
58
18
-14
9
-5
-33
-21
42
97
2
-157
-116
98
196
23
-177
-143
51
138
40
-113
-118
-20
99
97
-20
-131
-142
31
188
73
-119
-162
6
157
73
-125
-152
58
221
77
-169
-187
48
212
93
-102
-90
40
61
-4
-2
34
40
-19
-53
-2
93
66
-6
-81
-65
47
111
38
-75
-114
-3
114
94
-36
-112
-45
82
58
-47
-59
22
55
-26
-56
18
50
-4
-37
14
33
-29
-71
-13
138
130
-62
-207
-62
178
179
-35
-171
-80
144
168
-4
-115
-74
51
116
57
-46
-52
-14
55
77
17
-95
-68
72
128
-14
-175
-77
143
168
-32
-175
-74
57
26
-31
28
52
-61
-101
-1
84
46
-53
-83
-35
40
50
18
-26
-72
-28
66
72
-22
-82
-19
61
73
-26
-81
14
80
12
-52
-60
35
89
-6
-67
-5
36
14
-53
13
100
37
-144
-140
73
206
53
-149
-178
4
186
93
-140
-177
-5
160
95
-97
-149
-31
80
65
-6
-72
-93
14
148
56
-144
-130
94
187
32
-164
-114
60
137
40
-69
26
72
-56
-102
36
153
75
-106
-143
32
166
115
-67
-144
-46
86
123
11
-89
-97
26
115
42
-76
-71
4
83
41
-103
-58
61
80
22
-95
-67
62
65
-32
-19
56
-17
-124
-52
158
196
-54
-258
-109
201
255
-28
-260
-113
174
211
24
-172
-102
78
132
74
-66
-82
-16
73
83
-10
-78
-26
72
82
-70
-130
-3
106
99
-9
-105
-70
2
6
6
30
46
-50
-108
-31
114
85
-60
-106
-48
11
49
84
8
-103
-58
42
102
8
-99
-72
58
102
0
-77
-23
61
58
-27
-62
-1
36
23
-22
-4
33
-21
-37
39
83
-15
-101
-81
33
130
49
-121
-113
31
104
19
-80
-94
-29
54
90
10
-85
-111
-11
97
53
-26
-82
-47
67
72
-33
-93
-28
102
109
-38
-130
-85
71
140
97
-7
-104
-119
33
168
107
-72
-164
-27
134
116
-23
-86
-31
20
30
8
8
24
-26
-47
9
52
18
-41
-42
5
18
-14
-11
10
14
-5
-14
-8
14
-17
-15
21
30
-11
-76
-33
121
147
-37
-199
-86
160
179
-21
-161
-58
111
114
29
-75
-81
-4
76
126
36
-109
-127
40
160
71
-112
-129
50
173
46
-171
-149
77
195
58
-153
-158
8
88
43
-19
-20
-40
-47
-9
64
67
-55
-102
-41
68
64
7
-50
-54
-11
25
40
36
-48
-44
17
51
43
-47
-61
49
87
-23
-106
-13
95
63
-67
-76
39
54
2
-12
32
26
-68
-121
39
154
71
-126
-189
5
181
96
-142
-200
-34
163
129
-33
-172
-106
41
153
84
-122
-192
3
178
112
-110
-186
12
195
115
-116
-179
0
150
88
-19
-29
2
-22
-44
29
136
63
-133
-148
59
191
96
-102
-148
-11
125
98
-43
-99
-24
55
58
-1
-51
-13
16
-4
-4
-8
-16
-25
28
42
-22
-47
9
39
-10
-17
35
5
-91
-68
105
163
17
-208
-140
129
226
37
-181
-156
101
234
77
-157
-171
16
192
171
-48
-183
-91
104
191
27
-157
-119
84
176
20
-185
-131
115
179
15
-161
-118
43
91
0
-26
0
-3
-70
-68
41
121
23
-117
-137
38
144
60
-103
-127
-10
130
92
-66
-136
-36
125
99
-61
-108
11
108
58
-67
-79
-1
61
52
-41
-38
30
33
-25
-40
68
94
-79
-178
-42
182
139
-102
-186
-56
155
147
-82
-210
-101
126
178
-17
-168
-123
47
141
57
-109
-154
-1
167
115
-127
-213
23
229
123
-136
-160
9
129
86
-36
-24
19
-23
-45
3
117
82
-58
-130
-21
129
115
-18
-110
-62
52
101
33
-49
-75
-11
41
60
0
-50
-27
1
6
11
-27
14
47
3
-54
-35
21
15
-4
11
26
-13
-63
-37
88
118
-36
-159
-62
148
125
-27
-112
-51
90
137
38
-96
-110
45
128
73
-48
-71
-13
66
52
-3
-48
-20
36
60
10
-84
-82
39
102
41
-52
-101
-37
6
32
77
-2
-96
-91
10
128
63
-106
-131
-10
103
42
-59
-27
-3
13
-4
-8
32
3
-28
-18
13
21
2
-1
29
-3
-33
-31
28
45
2
-37
11
20
-20
-56
0
126
88
-126
-213
2
239
159
-157
-245
-48
196
152
-91
-234
-74
156
161
-42
-168
-130
60
140
60
-92
-146
-36
130
113
-76
-173
11
172
77
-94
-127
-2
104
68
-11
7
26
-44
-94
11
165
110
-113
-171
6
161
134
-44
-104
-49
31
67
36
-16
-41
-57
27
98
15
-85
-96
27
107
18
-71
-51
23
52
1
-23
-15
-32
12
47
28
-26
-122
-41
147
184
-25
-231
-135
140
224
22
-170
-105
107
154
48
-68
-113
-9
76
139
45
-93
-148
6
181
124
-104
-188
1
201
111
-163
-172
54
195
82
-134
-154
8
52
13
2
26
-26
-101
-53
97
108
-6
-118
-114
-8
82
88
0
-80
-83
13
106
61
-57
-117
10
120
59
-81
-93
47
126
5
-107
-55
60
67
-17
-47
-13
37
23
3
17
32
-46
-116
-39
117
139
-43
-189
-99
101
170
-14
-196
-136
70
161
68
-98
-191
-58
142
155
-26
-215
-102
138
202
-37
-215
-82
160
174
-43
-177
-83
94
147
47
-43
-54
-52
4
68
77
0
-48
-65
10
76
83
23
-52
-103
-8
117
93
-66
-127
3
116
66
-75
-93
-1
99
11
-79
-64
58
83
8
-85
-52
34
64
6
-56
-32
26
0
-47
8
116
91
-88
-175
-37
198
174
-85
-208
-35
196
186
-65
-180
-69
119
180
36
-132
-150
23
188
99
-82
-174
6
167
92
-124
-171
18
174
98
-112
-168
-13
86
31
-27
0
18
-64
-79
13
95
52
-80
-123
-22
71
94
3
-111
-88
54
119
30
-99
-88
30
95
44
-39
-48
12
29
1
-29
-15
75
27
-65
-61
35
70
-19
-87
46
130
-14
-175
-95
151
187
-56
-213
-93
145
177
-47
-218
-141
115
192
19
-174
-160
43
149
65
-78
-124
-46
96
93
-10
-121
-71
85
130
12
-97
-94
3
82
109
51
-38
-127
-63
80
149
87
-91
-167
-43
179
184
-32
-182
-93
86
163
47
-130
-129
33
144
54
-83
-101
-10
85
28
-75
-39
47
54
-14
-62
2
55
-6
-71
21
105
2
-146
-120
119
240
43
-237
-221
106
293
98
-215
-213
74
256
156
-136
-225
-24
167
179
9
-157
-123
63
169
59
-116
-125
21
150
68
-118
-144
27
132
77
-40
-123
-67
-1
30
49
45
-38
-114
-73
70
135
3
-135
-100
28
87
46
-29
-55
-35
1
56
48
-21
-79
-50
57
80
33
-43
-43
12
34
13
-14
-42
9
13
7
36
-10
-81
-29
122
128
-95
-230
-38
215
192
-105
-262
-76
173
176
-49
-219
-129
96
171
66
-108
-180
-75
136
160
-17
-167
-128
82
178
6
-172
-96
111
178
0
-151
-105
83
142
31
-65
-10
13
-31
-11
54
80
12
-88
-74
73
132
29
-56
-70
-26
61
51
-13
-59
-34
39
55
-4
-34
-27
2
10
-1
-13
-2
17
16
-22
-32
9
25
-19
-9
10
2
-51
-59
55
149
39
-137
-142
56
181
81
-108
-131
10
151
118
-29
-131
-58
85
131
63
-75
-147
-8
182
115
-111
-177
16
199
111
-134
-227
25
227
109
-146
-179
26
134
-26
-97
24
63
-31
-107
-17
122
43
-81
-119
-33
83
80
-15
-98
-68
50
83
56
-73
-109
-12
96
89
-13
-108
-36
102
90
-60
-123
1
103
45
-50
-45
-3
16
23
32
54
-42
-151
-47
158
141
-67
-185
-91
121
136
-22
-138
-119
1
127
120
-51
-194
-133
91
203
56
-185
-184
54
227
65
-190
-168
95
217
55
-164
-141
53
131
48
-10
-17
-27
-57
-3
111
108
-10
-146
-83
109
162
38
-95
-126
-7
138
122
-51
-160
-69
124
168
-49
-162
-58
108
105
-52
-124
-15
115
41
-64
-59
29
42
-20
-7
25
28
-68
-94
37
178
111
-133
-223
6
224
157
-112
-212
8
194
163
-53
-161
-60
79
140
67
-83
-115
-14
135
135
-57
-176
-35
174
132
-107
-205
-22
191
133
-95
-158
-18
48
-1
28
44
-22
-99
-62
51
76
-12
-64
-63
-27
51
75
1
-97
-89
45
110
40
-86
-89
40
96
13
-66
-38
42
68
-20
-57
-15
29
37
-10
-23
32
10
-46
-33
75
104
-37
-187
-92
139
199
-6
-240
-159
142
228
-26
-211
-144
53
165
75
-74
-160
-90
79
167
24
-164
-157
78
190
36
-189
-142
133
214
-13
-159
-76
70
76
-8
4
85
9
-126
-102
129
208
4
-218
-132
153
218
23
-149
-112
36
128
56
-53
-76
-4
41
27
-5
-19
-30
11
2
-26
1
33
14
-17
-44
-8
38
10
-47
-21
61
64
-67
-166
23
219
137
-177
-248
34
284
164
-156
-272
-17
271
231
-91
-258
-87
160
204
45
-135
-151
42
158
92
-83
-122
-2
107
85
-48
-117
-47
58
92
37
-82
-109
-28
24
67
79
-18
-147
-110
86
170
1
-165
-123
62
130
-1
-73
-28
20
7
-17
18
24
-26
-19
23
20
-17
-5
37
54
-7
-84
-37
84
64
-45
-52
10
31
3
-22
17
55
3
-102
-92
41
148
68
-138
-149
39
134
55
-114
-147
-17
114
98
-41
-155
-81
68
146
39
-155
-163
52
197
84
-172
-205
72
241
92
-176
-187
38
198
105
-75
-92
21
24
-1
39
77
7
-93
-88
64
121
65
-50
-96
-39
46
102
42
-72
-87
-9
97
75
-70
-120
0
93
54
-70
-98
25
130
20
-127
-53
49
51
1
-28
7
-20
-74
15
135
76
-106
-145
20
158
119
-81
-157
-33
159
183
-18
-196
-105
98
189
79
-111
-140
17
151
111
-77
-151
-27
129
138
-39
-182
-90
126
149
-34
-148
-65
49
42
0
18
-18
-43
-69
-19
65
68
-17
-110
-72
23
100
50
-33
-101
-33
67
65
0
-61
-61
21
82
34
-50
-37
22
62
-14
-74
-25
77
65
-35
-74
-5
78
15
-42
27
42
-65
-109
-9
147
114
-100
-195
-22
161
119
-107
-199
-35
154
150
-68
-200
-84
93
117
2
-100
-98
40
125
15
-126
-94
97
147
1
-132
-107
79
157
9
-101
0
85
6
-114
-28
153
170
-71
-226
-63
190
214
-26
-222
-131
124
239
35
-177
-172
75
198
22
-165
-103
107
132
-59
-133
-1
108
68
-81
-108
15
105
33
-60
-65
22
44
-37
-30
69
103
-21
-148
-76
111
180
3
-170
-95
101
210
61
-164
-159
42
205
142
-90
-217
-41
219
180
-63
-248
-47
209
145
-141
-226
17
189
106
-70
-137
-41
65
-11
-53
36
87
-24
-162
-92
152
178
-77
-242
-91
141
175
13
-136
-163
46
174
79
-112
-162
29
152
68
-108
-122
60
155
15
-125
-96
43
109
23
-59
-27
12
55
-23
-39
63
67
-112
-168
26
226
113
-199
-239
36
214
116
-148
-233
-33
169
156
-54
-180
-132
49
171
79
-144
-195
10
195
106
-133
-169
33
176
95
-112
-152
1
116
66
14
47
-8
-108
-63
98
148
44
-138
-133
80
196
62
-113
-156
6
156
108
-49
-125
-58
72
100
8
-101
-53
42
67
-2
-63
-23
26
52
-8
-55
-25
30
7
-32
9
58
-2
-127
-60
143
201
-53
-265
-84
212
214
-73
-232
-40
214
179
-49
-160
-46
70
114
44
-49
-63
-15
42
105
50
-87
-99
58
136
5
-157
-109
75
162
35
-91
-105
-30
8
42
76
19
-106
-128
0
161
105
-109
-177
-43
132
119
-35
-125
-43
47
56
20
-33
-20
-3
6
32
16
-2
-21
-12
17
4
9
-25
-1
45
22
-16
-67
-36
34
84
58
-65
-121
-54
71
116
24
-100
-119
-19
116
88
-92
-171
-46
132
143
-51
-172
-125
60
125
65
-75
-137
-47
100
95
-41
-128
-41
112
121
-23
-131
-67
58
116
55
-12
-53
-63
6
88
106
-1
-123
-105
74
183
59
-97
-103
-21
105
84
-9
-89
-56
39
83
26
-83
-70
40
73
-28
-78
-13
89
54
-51
-96
-3
73
27
-19
-32
13
19
-61
-48
81
130
-1
-140
-116
94
179
25
-142
-113
75
199
95
-120
-163
1
184
161
-50
-171
-68
98
185
29
-186
-124
113
204
27
-220
-166
128
210
48
-153
-158
3
93
34
8
-12
-69
-69
-8
95
87
-55
-139
-60
81
96
5
-81
-63
33
66
43
-34
-93
-21
77
74
-7
-76
-40
68
84
-23
-107
-36
79
96
-32
-91
-22
63
35
-13
5
26
-43
-101
-25
106
115
-44
-186
-71
130
135
-51
-187
-103
88
174
42
-156
-186
4
184
132
-124
-222
-30
199
131
-110
-204
2
211
128
-105
-199
-13
138
92
-12
-41
-10
-8
-6
44
98
41
-94
-134
27
199
112
-124
-165
-5
141
128
-54
-151
-46
85
126
-11
-143
-65
80
98
-28
-89
-33
57
63
-25
-78
-37
55
54
-26
-49
26
21
-90
-58
102
177
0
-209
-134
136
232
34
-199
-149
73
226
121
-122
-179
-41
176
204
-28
-238
-103
171
215
-8
-222
-111
112
198
15
-184
-138
81
164
23
-111
-77
0
0
-14
64
64
-56
-147
-65
129
156
-59
-199
-76
106
124
17
-82
-89
-18
73
85
5
-99
-79
51
95
13
-54
-23
35
17
-36
-13
28
8
-8
-2
47
-12
-51
-29
44
102
47
-133
-164
-3
217
133
-141
-244
-22
211
139
-121
-201
-68
119
143
20
-129
-139
-19
112
113
-32
-169
-79
129
127
-56
-154
-32
127
126
-25
-135
-100
85
134
54
-27
-46
-29
-35
52
129
51
-102
-134
27
184
100
-79
-148
-35
134
100
-24
-104
-57
32
69
54
-22
-96
-36
62
87
-51
-111
5
111
44
-82
-76
32
49
-18
-8
20
1
-78
-78
87
178
27
-177
-154
83
249
61
-182
-167
93
243
85
-174
-160
54
161
87
-53
-88
-34
31
92
67
-37
-114
-18
98
73
-59
-127
-37
99
135
6
-145
-100
-2
75
64
-10
-78
-104
-13
122
100
-88
-177
-24
144
72
-72
-86
-5
64
35
-31
-21
-12
9
35
8
-13
5
21
12
-22
-54
-17
69
67
-48
-65
40
79
-36
-93
-4
119
103
-125
-217
0
224
169
-131
-269
-49
220
159
-110
-225
-90
138
174
-21
-184
-127
84
129
29
-74
-121
-58
88
155
-9
-197
-100
152
200
-23
-190
-105
108
165
44
-80
-44
12
26
10
28
64
11
-96
-54
71
129
40
-93
-109
13
158
85
-94
-138
-12
105
97
-41
-120
-36
90
64
-70
-64
25
56
28
-56
-29
28
4
-14
13
33
8
-81
-93
56
184
60
-160
-167
67
198
92
-113
-163
8
208
140
-99
-202
-3
168
150
-8
-151
-94
64
174
61
-128
-136
34
171
84
-174
-174
55
189
65
-100
-127
-37
45
28
42
38
-87
-106
-8
73
92
-26
-118
-80
31
79
45
-8
-82
-78
32
106
29
-75
-76
23
61
29
-20
-27
12
14
-22
-20
22
33
8
-21
-25
21
28
-6
-36
23
64
-33
-148
-53
120
152
-1
-181
-122
93
163
3
-161
-161
25
185
103
-112
-211
-82
157
188
-27
-224
-137
127
211
-11
-212
-125
178
233
-72
-230
-96
152
175
17
-94
-60
13
29
23
50
25
-24
-52
-11
55
64
16
-38
-56
-3
72
69
-26
-103
-59
69
101
19
-104
-71
75
89
-52
-110
14
83
32
-56
-45
28
50
-26
-52
29
56
-60
-101
62
187
53
-178
-182
90
245
61
-167
-165
59
219
136
-109
-216
-49
199
197
-1
-184
-131
94
204
69
-152
-158
44
199
86
-154
-204
28
199
106
-97
-145
-35
54
18
6
40
-9
-102
-94
63
150
16
-169
-125
49
145
59
-86
-121
-8
92
81
-24
-101
-31
46
78
0
-68
-26
57
31
-32
-48
3
65
45
-38
-47
7
25
-20
-37
59
98
-30
-171
-110
127
244
5
-277
-186
156
258
-10
-265
-181
118
219
45
-158
-179
-25
128
140
-32
-176
-95
85
153
18
-139
-98
87
155
26
-140
-114
45
142
78
-43
-26
-22
-35
29
81
64
-21
-119
-60
119
151
16
-126
-104
52
110
34
-44
-54
-37
29
74
5
-63
-29
28
17
-9
-7
4
1
-8
-26
-6
37
-12
-40
-2
69
32
-93
-126
50
188
102
-147
-223
33
258
137
-164
-216
25
216
166
-89
-192
-39
137
171
10
-126
-95
32
149
94
-84
-146
-18
147
119
-95
-192
-67
137
200
66
-182
-234
-18
167
171
-23
-208
-135
55
119
80
-51
-124
-72
27
83
64
-34
-76
-55
40
80
25
-53
-75
-7
57
62
-10
-45
11
39
20
-24
-48
12
60
8
-47
12
34
-18
-35
54
95
-36
-173
-65
136
189
-18
-234
-126
153
197
-43
-226
-132
92
185
36
-147
-143
13
119
67
-31
-116
-108
63
156
42
-144
-144
60
192
97
-118
-207
-21
186
172
-25
-155
-78
68
98
39
-18
-13
-41
-22
67
94
13
-65
-89
15
96
77
-34
-108
-50
68
107
15
-93
-78
30
62
-8
-67
-17
65
33
-20
-48
0
29
-10
-25
7
20
-37
-55
19
99
56
-59
-123
-4
128
116
-75
-148
-34
161
188
-44
-181
-94
99
186
83
-110
-176
-11
192
159
-81
-230
-31
216
152
-154
-227
8
186
97
-70
-120
-42
3
19
59
77
-57
-167
-80
122
151
-20
-165
-105
74
106
18
-62
-73
-22
39
74
36
-39
-80
-53
74
103
-15
-113
-18
109
75
-77
-144
31
168
70
-145
-102
56
112
-19
-76
39
43
-83
-95
55
161
47
-163
-176
73
192
28
-157
-180
4
174
133
-79
-197
-111
77
197
40
-180
-161
28
216
94
-158
-199
38
222
123
-142
-181
18
152
105
-26
-67
-35
-16
21
77
81
-22
-123
-75
118
171
13
-128
-122
13
137
110
-43
-144
-60
100
132
-25
-130
-55
97
91
-53
-119
0
93
64
-61
-102
10
77
-4
-49
-4
46
-8
-123
-22
170
157
-109
-221
-34
210
199
-63
-254
-80
206
264
-26
-239
-152
146
236
74
-149
-188
11
210
148
-93
-205
-50
188
160
-80
-203
-48
139
147
-28
-150
-100
45
61
13
15
-35
-74
-67
14
122
70
-102
-165
-13
139
102
-67
-142
-42
122
97
-67
-112
-16
75
63
-31
-66
-3
60
42
-30
-54
-6
70
26
-59
-48
60
73
-56
-75
22
117
15
-141
-136
66
212
49
-215
-175
93
222
18
-202
-180
31
188
100
-111
-179
-41
111
100
-6
-120
-125
39
155
61
-121
-158
59
182
65
-130
-124
32
120
46
-14
-14
-20
-45
10
116
70
-42
-125
-49
118
156
13
-135
-111
45
135
66
-80
-106
7
69
64
-8
-64
-31
20
40
19
-56
-56
32
71
6
-68
-32
33
17
13
21
-1
-45
-77
15
133
88
-87
-166
-15
172
137
-69
-189
-22
182
155
-32
-151
-89
71
147
89
-47
-123
-26
107
128
-11
-153
-85
128
161
-17
-185
-116
78
160
74
-112
-142
-42
52
86
38
-53
-109
-62
58
117
30
-110
-127
4
87
47
-10
-57
-42
-1
43
48
-13
-58
-29
35
67
3
-68
-21
76
43
-49
-72
-3
76
51
-36
-55
2
35
15
9
35
-14
-96
-77
60
143
43
-122
-161
0
149
86
-116
-166
-31
121
107
-31
-155
-115
49
134
63
-107
-157
-5
163
88
-109
-155
29
174
104
-95
-160
-44
104
137
38
-57
-92
-49
83
138
29
-95
-104
17
106
90
16
-74
-69
-9
66
87
9
-101
-92
30
137
62
-99
-100
18
81
24
-76
-41
51
49
-36
-72
23
31
-30
-18
47
57
-46
-108
3
145
102
-93
-173
-6
170
132
-75
-140
-17
116
125
10
-88
-97
3
118
139
10
-127
-103
82
168
37
-163
-152
128
227
-9
-228
-155
116
222
51
-170
-150
25
105
29
-29
-47
-42
-19
-8
34
89
-15
-114
-86
19
111
84
-72
-157
-29
144
129
-67
-147
-45
137
85
-68
-90
45
114
8
-107
-74
61
142
-15
-130
-12
106
60
-87
-74
81
108
-50
-182
-41
182
152
-102
-209
-30
172
121
-102
-225
-69
153
183
-18
-210
-187
76
208
94
-133
-228
-19
227
155
-132
-247
-1
255
144
-153
-213
9
174
120
-38
-52
-1
-17
-27
51
108
58
-81
-146
7
184
107
-62
-158
-60
117
152
-6
-145
-115
89
178
45
-167
-155
95
164
-14
-154
-82
103
128
-8
-141
-74
93
70
-17
-54
-22
24
-46
-33
100
120
-23
-183
-95
148
219
0
-216
-122
141
245
61
-199
-196
72
257
140
-127
-206
-23
186
155
-28
-170
-117
100
189
15
-181
-140
104
186
24
-121
-127
-4
59
43
33
1
-106
-105
5
142
108
-104
-202
-33
147
111
-25
-133
-78
56
106
40
-41
-86
-40
85
75
-28
-61
-18
56
50
-22
-45
-25
26
46
4
-8
0
-29
-35
42
118
16
-155
-144
65
185
92
-121
-193
-32
164
134
-75
-236
-77
142
154
-7
-157
-150
14
145
101
-76
-146
-68
89
141
-2
-137
-67
116
114
-28
-108
-52
29
74
103
62
-75
-158
-27
178
165
-32
-206
-115
161
217
5
-152
-84
44
87
47
-24
-58
-36
18
62
27
-49
-41
6
23
1
-10
-10
1
18
8
-15
-13
2
-30
-11
67
70
-28
-146
-88
135
239
-1
-279
-166
201
298
1
-275
-163
168
293
43
-244
-181
91
218
109
-56
-141
-80
86
161
61
-117
-149
11
153
118
-87
-187
-57
137
183
-22
-207
-116
67
102
49
-54
-99
-56
22
70
71
-52
-114
-39
39
78
26
-76
-86
-5
88
76
-26
-97
-59
74
64
0
-40
-26
58
39
-37
-55
0
55
32
-42
-25
14
23
-9
-2
66
54
-117
-151
22
202
100
-133
-215
-26
178
135
-113
-203
-43
130
150
-36
-160
-146
30
163
97
-91
-178
-42
148
136
-54
-185
-63
162
189
-60
-206
-82
143
174
18
-78
-78
4
48
41
38
24
-48
-76
2
117
92
-12
-81
-87
29
110
60
-80
-99
7
101
75
-57
-99
-10
64
14
-68
-45
76
112
-30
-141
-33
103
61
-59
-73
45
72
-88
-98
66
165
52
-168
-171
93
242
66
-182
-164
86
234
110
-148
-196
-15
163
210
49
-198
-198
60
263
122
-200
-236
81
290
80
-255
-240
104
269
93
-182
-189
11
96
56
6
-36
-72
-60
9
85
55
-50
-103
-83
43
118
47
-81
-123
-11
117
97
-41
-135
-59
86
105
-5
-93
-25
90
68
-57
-100
2
95
56
-63
-47
34
29
-28
-3
64
55
-90
-166
-13
171
133
-75
-212
-61
150
155
-60
-217
-108
107
169
46
-133
-189
-45
157
164
-59
-212
-124
161
232
-49
-256
-102
192
219
-37
-222
-107
139
169
4
-95
-33
23
34
5
28
60
-32
-105
-5
144
117
-50
-163
-65
107
161
16
-141
-116
38
136
72
-86
-113
-26
101
69
-63
-101
10
88
33
-59
-64
22
48
7
-26
8
21
-60
-78
69
170
40
-186
-175
88
247
89
-177
-201
63
266
145
-138
-232
-5
193
174
-24
-175
-83
109
162
21
-123
-121
38
169
58
-126
-148
39
138
56
-77
-89
-31
2
30
49
29
-52
-123
-53
115
130
-53
-201
-68
126
143
-22
-129
-85
38
120
42
-95
-96
8
94
57
-37
-63
3
88
40
-68
-81
11
95
57
-57
-74
6
50
20
-23
24
32
-57
-111
-31
134
139
-88
-208
-63
185
157
-87
-232
-87
126
179
-11
-193
-118
57
119
23
-64
-76
-28
52
90
19
-104
-101
47
153
51
-107
-144
2
151
132
-12
-103
-105
20
147
121
-17
-133
-114
61
190
70
-102
-141
-20
133
119
-31
-123
-53
28
79
39
-26
-74
-17
30
17
-16
-27
-10
54
36
-53
-69
15
62
18
-37
-41
-4
-21
-19
59
97
26
-132
-130
75
218
86
-172
-198
63
264
127
-136
-210
-24
173
193
17
-180
-140
74
199
69
-133
-151
40
162
81
-129
-172
-1
154
111
-47
-170
-78
55
86
66
-41
-131
-88
33
128
90
-66
-192
-67
112
109
-25
-88
-50
21
65
55
-19
-83
-53
55
89
19
-75
-61
50
77
-6
-68
-34
52
73
-16
-68
3
24
12
9
32
50
-71
-146
-12
169
154
-102
-222
-63
177
149
-77
-199
-96
102
161
23
-151
-152
-22
139
151
-35
-197
-122
99
217
42
-222
-157
112
238
36
-191
-148
72
176
73
-67
-41
-21
7
22
61
57
-13
-92
-67
74
168
28
-129
-108
33
128
60
-67
-91
-22
86
93
-16
-121
-64
70
95
-39
-99
-29
100
74
-71
-106
-15
82
51
-35
-41
12
-7
-45
-7
92
88
-89
-139
13
179
110
-109
-180
21
204
145
-98
-208
-37
167
203
8
-184
-161
81
233
93
-176
-185
73
223
53
-179
-188
29
201
144
-99
-212
-83
137
98
-20
-75
-51
-19
-4
23
83
-3
-144
-110
71
140
32
-73
-118
-4
106
66
-60
-75
-18
55
51
-9
-46
3
66
42
-59
-83
6
90
50
-58
-60
14
74
23
-58
-8
78
-1
-113
-88
96
182
5
-203
-152
99
206
18
-197
-196
38
225
92
-154
-210
-28
163
125
-51
-142
-107
90
148
4
-166
-113
111
197
24
-149
-154
58
149
78
-45
-60
-49
-15
79
101
48
-45
-111
-25
112
125
-1
-114
-86
27
149
68
-110
-135
22
154
98
-97
-165
18
143
55
-109
-130
35
150
44
-128
-115
84
140
-20
-115
-37
86
42
-110
-51
139
144
-71
-201
-48
209
193
-105
-250
-35
267
230
-89
-285
-100
213
261
2
-225
-140
130
181
21
-137
-103
65
149
33
-119
-112
29
97
61
-16
-93
-74
-14
12
58
79
-29
-131
-111
70
187
41
-179
-195
43
197
70
-124
-149
5
134
92
-77
-114
-11
80
65
-36
-59
32
51
-8
-30
-25
21
42
3
-44
-1
32
17
-72
-39
100
132
-78
-209
-59
178
182
-62
-225
-118
136
193
-12
-208
-155
56
202
90
-154
-215
-36
144
132
-25
-146
-96
58
151
29
-116
-124
16
164
104
-82
-151
-65
135
168
33
-97
-118
-16
115
107
13
-70
-95
-14
125
124
-23
-102
-75
28
113
71
-51
-90
-39
48
83
2
-84
-42
39
44
-14
-48
-14
35
53
-24
-67
-10
61
4
-23
15
25
-70
-97
53
183
83
-154
-201
42
215
137
-115
-196
1
187
177
-52
-180
-90
88
175
97
-76
-159
-57
132
160
-6
-155
-82
105
142
-17
-156
-85
82
140
32
-98
-126
-50
43
113
62
-81
-146
-62
93
147
-2
-157
-125
70
133
18
-51
-67
-45
26
65
15
-35
-54
-18
55
33
-7
-11
18
32
-1
-44
-62
25
93
39
-72
-67
33
65
-16
-31
45
19
-88
-90
54
166
13
-161
-148
89
188
3
-165
-141
3
146
92
-55
-158
-100
81
136
34
-120
-133
-10
150
125
-94
-190
-11
181
141
-72
-191
-49
135
152
42
-99
-124
-3
117
129
8
-92
-114
-19
154
147
-45
-145
-100
85
147
40
-107
-105
10
90
89
-38
-110
-20
56
56
-34
-90
-14
95
76
-74
-103
9
68
35
-14
-31
10
-9
-65
-18
125
113
-80
-188
-43
189
187
-55
-235
-68
205
245
-24
-230
-133
122
210
87
-123
-162
-23
163
157
-19
-179
-103
98
162
13
-139
-112
55
138
37
-104
-111
-20
9
72
73
-76
-136
-32
98
109
-12
-139
-117
44
130
45
-83
-101
-29
69
91
32
-61
-103
-21
115
78
-71
-112
29
130
63
-92
-138
19
141
52
-90
-81
39
90
4
-50
15
31
-51
-88
40
144
60
-138
-183
-4
191
132
-122
-261
-53
208
182
-94
-239
-111
129
179
32
-130
-171
17
176
93
-127
-181
11
197
135
-100
-187
-29
149
131
-7
-68
-52
5
49
52
36
26
-63
-99
24
178
108
-130
-177
1
179
123
-81
-173
-38
131
105
-41
-109
-25
68
31
-61
-59
43
85
30
-89
-82
25
49
7
-23
-15
16
-9
-35
14
79
65
-70
-136
-29
143
156
-30
-196
-93
156
249
26
-244
-164
124
257
89
-151
-189
-7
174
158
-56
-182
-73
135
162
-35
-192
-73
113
144
13
-114
-126
-8
74
65
10
-49
-85
-49
49
88
32
-107
-131
2
119
90
-51
-139
-59
89
128
-13
-113
-72
51
98
7
-59
-33
33
65
-10
-74
-29
71
76
-47
-67
22
35
-7
-28
42
84
-14
-127
-106
53
155
70
-134
-184
10
190
92
-142
-218
-16
176
129
-44
-176
-127
37
155
101
-106
-210
-32
193
142
-96
-207
-29
191
158
-75
-190
-54
138
142
11
-97
-67
-4
77
121
35
-101
-118
27
153
99
-72
-137
-2
96
95
-30
-87
-19
43
26
-5
-5
-16
14
-7
-18
0
11
-2
-8
-15
-7
8
19
-6
-17
3
15
20
-20
-80
-3
113
79
-52
-133
-42
116
161
-16
-195
-67
155
210
29
-205
-163
88
230
126
-109
-189
-30
137
149
6
-144
-103
88
171
-5
-178
-123
72
155
73
-84
-135
-77
43
93
68
-59
-155
-61
82
128
39
-125
-147
2
100
73
-6
-99
-71
8
72
64
-32
-87
-31
57
65
-23
-47
1
40
32
-37
-61
37
51
-13
-23
-2
9
13
-5
-14
52
43
-80
-134
1
176
142
-139
-239
-34
231
169
-164
-292
-55
226
209
-85
-265
-124
125
170
25
-132
-113
-10
103
105
-43
-155
-39
129
147
-41
-162
-75
103
134
56
-39
-84
-69
52
149
71
-72
-110
-39
67
114
36
-24
-79
-64
63
133
23
-131
-108
67
148
43
-109
-119
19
111
16
-85
-61
34
82
4
-58
-22
25
19
-1
-7
-3
-4
-36
-26
57
114
-10
-139
-81
108
156
19
-133
-114
79
199
86
-123
-169
-21
183
188
-23
-220
-121
147
211
32
-180
-166
90
221
54
-181
-195
46
208
102
-131
-195
-2
122
52
-57
-62
-12
14
-7
-9
38
8
-75
-78
16
92
58
-72
-106
-20
116
99
-53
-143
-48
129
96
-42
-100
1
100
37
-70
-91
19
128
30
-102
-63
63
76
-46
-44
44
72
-39
-164
-18
160
124
-94
-239
-46
217
149
-118
-256
-85
179
222
-37
-246
-158
95
173
49
-101
-153
-37
114
124
-24
-145
-66
100
133
6
-128
-103
74
145
51
-36
-73
-44
23
101
86
-21
-118
-88
51
171
109
-97
-159
-33
125
127
-7
-149
-98
74
153
24
-119
-105
55
100
-9
-107
-36
100
66
-68
-98
10
102
1
-75
-32
71
48
-105
-86
100
179
8
-216
-143
147
266
43
-256
-201
150
302
99
-198
-229
4
237
192
-69
-225
-103
151
237
11
-215
-152
118
215
29
-204
-156
81
194
75
-118
-153
-33
38
60
83
3
-140
-165
34
224
123
-166
-259
-6
220
103
-68
-135
-56
36
89
56
-28
-101
-50
75
114
-4
-104
-38
72
90
-27
-102
-21
88
47
-54
-45
40
44
-27
-22
45
42
-68
-114
-19
146
122
-56
-190
-100
138
186
-30
-237
-162
122
231
28
-191
-194
11
192
127
-96
-208
-65
144
160
-33
-165
-91
105
169
26
-160
-137
53
164
119
-37
-102
-70
7
98
96
-10
-88
-73
44
129
77
-53
-107
-59
75
154
33
-149
-128
54
154
63
-99
-121
-15
96
63
-44
-104
-3
103
34
-50
-41
4
6
2
21
8
-38
-72
-13
102
112
-49
-143
-51
113
159
0
-159
-101
112
202
60
-127
-150
-14
160
167
-13
-180
-119
108
195
51
-135
-151
37
189
72
-152
-162
26
176
80
-121
-151
1
92
17
-17
-5
-36
-101
-29
103
110
-53
-161
-82
78
139
19
-108
-125
0
159
104
-78
-149
-45
116
115
-28
-111
-29
80
83
-41
-102
-24
97
86
-43
-83
-3
60
15
-15
20
52
-61
-153
-14
172
139
-85
-240
-79
197
178
-74
-250
-123
148
220
19
-215
-193
43
172
110
-73
-171
-96
111
191
9
-216
-121
121
237
52
-196
-201
68
238
117
-93
-135
-20
59
90
51
-30
-77
-61
58
130
38
-66
-72
-24
61
101
41
-82
-129
-7
116
98
-69
-121
-20
95
65
-61
-110
16
117
47
-74
-88
-5
60
50
-32
-59
21
-2
-58
36
124
61
-133
-157
70
206
78
-161
-200
65
278
147
-161
-243
-24
219
212
-27
-207
-110
81
181
97
-124
-195
-22
207
152
-116
-233
-45
211
162
-80
-205
-97
79
114
29
-48
-75
-51
-23
24
86
40
-128
-143
32
174
114
-121
-226
-36
192
173
-56
-199
-95
156
167
-51
-180
-33
149
113
-79
-150
-4
124
89
-62
-95
0
72
15
-43
-2
76
2
-126
-72
100
154
-6
-190
-136
107
198
-24
-216
-179
87
250
77
-170
-221
-30
186
156
-84
-219
-89
168
181
-45
-212
-87
138
179
14
-158
-129
54
182
88
-69
-85
-21
26
64
55
43
-45
-110
-31
138
159
-15
-149
-99
68
146
72
-83
-166
-33
166
123
-56
-146
-41
89
72
-55
-100
7
115
14
-74
-30
45
27
-42
-27
55
27
-68
-94
45
178
73
-163
-170
50
220
97
-134
-161
23
205
158
-81
-210
-75
148
231
38
-163
-156
40
205
130
-123
-215
-8
231
133
-165
-237
9
224
112
-94
-159
-55
49
33
43
31
-64
-106
-76
108
151
-34
-199
-122
125
174
19
-173
-142
63
175
45
-118
-140
17
157
77
-131
-114
51
154
45
-132
-118
57
122
33
-107
-80
50
97
14
-71
-8
58
26
-118
-101
65
164
19
-191
-153
113
219
-1
-235
-173
88
214
43
-179
-165
4
118
78
-33
-121
-79
27
126
60
-118
-143
72
160
39
-110
-103
18
91
102
24
-89
-117
-8
154
141
-71
-166
-58
122
157
8
-100
-61
2
49
76
45
-71
-128
1
108
84
-47
-130
-3
109
37
-94
-99
31
123
37
-113
-99
53
108
10
-75
-26
64
-36
-102
30
149
72
-127
-162
31
213
115
-144
-175
38
205
118
-74
-153
-78
87
186
86
-101
-180
-29
188
188
-53
-239
-89
152
208
-27
-233
-122
124
214
26
-174
-164
7
116
88
-14
-121
-108
17
117
94
-28
-170
-94
71
136
34
-106
-112
4
120
84
-61
-106
-21
76
78
-18
-80
-15
53
62
-20
-76
-14
92
70
-67
-83
14
68
36
-45
-9
79
-5
-123
-64
76
124
-8
-121
-99
49
112
4
-133
-111
36
121
33
-77
-104
-69
40
123
51
-117
-159
-11
158
113
-110
-177
19
193
99
-124
-157
2
148
112
-28
-61
-21
5
27
48
38
4
-68
-90
70
159
47
-104
-124
-13
143
122
-64
-182
-32
142
132
-50
-162
-64
102
109
-51
-151
-14
150
64
-118
-106
54
103
-12
-90
-17
57
31
-80
-45
104
144
-75
-200
-51
189
220
-64
-267
-65
216
225
-35
-225
-143
113
254
116
-149
-259
-30
256
203
-106
-263
-68
230
189
-87
-247
-86
157
187
-25
-170
-111
35
73
47
-7
-75
-76
-40
53
122
25
-135
-166
18
158
96
-80
-153
-61
94
125
6
-116
-95
55
126
8
-105
-55
100
112
-38
-155
-38
128
91
-54
-102
-18
93
60
-39
-8
51
24
-97
-134
37
207
86
-194
-232
63
251
76
-214
-246
30
234
131
-125
-233
-69
146
173
-23
-190
-122
85
167
49
-156
-147
52
192
100
-118
-172
-16
157
117
-27
-68
-39
-12
78
95
18
-72
-107
-11
140
119
-19
-111
-74
46
89
65
-16
-116
-88
76
152
25
-156
-95
59
108
-3
-97
-47
60
75
-19
-91
-4
70
29
-69
-46
56
41
-107
-61
130
183
-66
-268
-79
243
235
-71
-281
-87
267
269
-28
-284
-180
155
290
82
-164
-200
-7
172
170
-18
-186
-113
108
205
5
-221
-157
99
217
58
-146
-159
-40
81
127
35
-105
-148
-49
110
150
14
-185
-157
66
171
81
-113
-164
-25
124
108
-13
-106
-81
26
123
34
-72
-71
30
96
-4
-68
-11
49
24
-41
-3
24
-3
-20
-23
47
92
-14
-141
-100
79
181
36
-180
-170
59
189
56
-178
-194
-8
194
168
-89
-248
-121
92
208
89
-169
-241
-3
256
157
-157
-263
7
255
170
-110
-238
-68
176
194
20
-124
-103
-5
114
102
1
-77
-62
-4
106
118
-10
-104
-77
24
98
77
-42
-129
-65
92
139
22
-118
-106
38
94
9
-75
-31
59
46
-29
-61
-19
44
23
-3
-11
3
-46
-53
41
137
62
-123
-143
11
172
146
-88
-206
-34
214
230
-55
-244
-137
163
261
30
-189
-139
57
167
95
-61
-148
-60
106
148
-17
-165
-89
89
142
31
-121
-138
5
84
49
-23
-79
-48
2
29
57
13
-44
-124
-57
75
114
21
-119
-117
43
130
57
-79
-121
-8
92
89
-29
-89
-8
75
56
-59
-102
22
118
38
-78
-58
14
59
1
-28
60
39
-111
-151
50
205
78
-179
-228
19
225
152
-143
-282
-69
232
207
-65
-289
-162
144
228
33
-202
-175
44
179
109
-113
-182
7
195
123
-116
-176
-19
133
136
0
-78
-50
-16
51
100
43
-36
-98
-72
93
175
29
-120
-123
21
139
111
-80
-177
-51
130
157
-8
-157
-90
77
116
-9
-125
-51
94
109
-55
-155
-9
121
58
-59
-69
-3
40
-10
-33
41
90
-1
-139
-69
128
186
5
-186
-117
140
221
35
-179
-166
29
223
178
-71
-222
-96
149
230
44
-197
-192
69
240
74
-168
-193
5
221
131
-152
-199
-19
110
79
6
-80
-96
-18
67
63
24
-69
-125
-32
81
118
2
-132
-117
27
183
102
-119
-187
2
165
90
-96
-127
33
160
67
-128
-152
47
179
57
-105
-112
25
113
30
-50
-12
24
-37
-86
11
126
104
-118
-213
-27
197
163
-116
-270
-83
196
218
-16
-256
-216
70
270
137
-190
-285
-10
277
168
-169
-272
25
262
137
-142
-211
-18
184
147
-44
-108
-32
34
59
31
2
5
-19
-42
26
99
45
-54
-103
-34
103
136
-14
-150
-109
58
171
52
-125
-113
60
122
-28
-147
-27
125
105
-92
-146
8
126
41
-82
-69
45
35
-62
-57
98
150
-62
-174
-68
167
195
-54
-221
-72
194
218
-7
-210
-163
83
225
139
-81
-211
-80
167
199
-4
-200
-125
113
197
24
-161
-147
36
165
108
-81
-182
-102
52
138
110
-83
-191
-74
99
147
32
-129
-160
-7
156
114
-50
-167
-100
117
160
-9
-142
-89
58
120
36
-71
-80
38
99
16
-92
-78
66
123
12
-108
-56
43
71
2
-21
45
15
-85
-106
27
160
85
-138
-199
19
187
102
-145
-226
-20
198
164
-87
-235
-97
92
166
51
-126
-162
-5
147
134
-92
-200
-16
171
149
-48
-187
-80
106
162
59
-37
-93
-65
44
113
85
-35
-131
-56
101
160
36
-127
-120
24
163
100
-93
-142
-33
79
100
25
-81
-60
18
58
8
-61
-40
41
58
-9
-67
-43
39
41
0
-46
1
32
-60
-49
88
153
-29
-199
-108
152
267
35
-253
-204
138
309
101
-209
-230
12
219
230
-23
-237
-172
115
297
96
-226
-251
74
291
90
-201
-224
41
246
115
-153
-214
-33
123
118
22
-97
-122
-38
79
127
30
-174
-158
44
145
69
-57
-99
-35
35
73
42
-10
-57
-69
21
66
18
-38
-19
21
28
-28
-39
20
58
34
-59
-52
21
52
15
-24
11
57
-23
-109
-36
101
122
-33
-173
-125
123
211
-10
-256
-192
152
266
11
-229
-210
43
217
129
-115
-216
-65
147
184
-28
-202
-99
164
190
-31
-171
-90
84
149
78
-52
-99
-46
46
110
51
-31
-77
-59
48
130
62
-39
-112
-76
66
187
45
-167
-136
63
181
40
-156
-108
88
120
-33
-133
-47
107
108
-51
-118
-29
66
73
-10
-73
-15
44
0
-46
34
101
16
-139
-102
109
202
26
-204
-139
163
239
40
-182
-159
31
185
142
-14
-145
-110
71
156
70
-87
-166
5
189
105
-137
-210
10
209
115
-116
-189
-18
95
61
-4
-62
-66
-44
0
91
94
-55
-169
-72
85
126
1
-93
-110
10
139
76
-47
-134
-66
114
130
-16
-139
-47
109
91
-48
-105
-23
99
51
-45
-39
21
48
-22
-25
58
62
-76
-150
-10
186
128
-137
-215
-13
176
133
-106
-223
-72
147
190
-8
-189
-172
-4
168
167
-52
-262
-115
205
224
-75
-248
-89
188
200
-57
-189
-62
121
153
6
-68
-35
-23
-2
84
113
-1
-163
-120
119
226
69
-159
-194
20
213
126
-76
-199
-70
146
154
-21
-145
-82
77
107
-7
-104
-56
67
107
-40
-131
-23
108
47
-55
-57
9
50
-21
-66
34
139
38
-154
-144
79
254
96
-213
-237
104
321
119
-222
-244
43
237
168
-43
-185
-113
91
206
86
-128
-189
-13
176
138
-80
-186
-45
134
139
-18
-150
-114
11
106
96
-22
-137
-118
13
148
122
-64
-208
-103
117
183
44
-150
-161
10
166
109
-73
-157
-45
122
117
-51
-100
5
82
34
-64
-50
27
63
4
-32
17
8
-21
-25
2
98
63
-101
-177
-25
173
177
-72
-260
-95
201
184
-81
-239
-114
120
178
28
-139
-161
-34
141
135
-56
-173
-104
82
167
45
-141
-126
52
161
51
-99
-144
19
134
119
-8
-95
-102
25
134
115
-22
-134
-83
72
155
62
-116
-117
25
130
77
-56
-108
-41
63
92
20
-91
-79
47
96
-24
-77
-40
48
62
2
-73
-45
29
42
-5
-18
-17
26
-33
-45
58
96
10
-112
-72
46
154
71
-96
-153
-7
192
169
-40
-201
-137
102
274
122
-198
-260
38
302
181
-154
-273
-62
230
228
-81
-286
-109
202
250
-18
-267
-172
107
184
82
-111
-185
-21
103
101
15
-129
-128
-1
107
93
-19
-101
-86
60
123
23
-80
-81
-9
78
71
-33
-111
-8
114
67
-71
-93
-12
79
87
-14
-85
-27
52
39
-10
12
39
-44
-115
-30
119
110
-41
-171
-96
127
166
-7
-222
-162
68
214
64
-153
-170
-54
104
167
22
-166
-162
46
229
102
-196
-227
59
261
137
-167
-221
0
202
154
-33
-147
-62
65
146
48
-74
-77
-28
39
105
80
-41
-127
-48
98
138
4
-142
-110
62
164
70
-113
-177
-8
153
95
-87
-147
-7
168
88
-111
-157
24
132
56
-100
-76
62
19
-69
-11
100
79
-92
-131
1
167
158
-96
-226
-14
227
181
-75
-233
-114
147
272
76
-180
-229
10
261
196
-120
-279
-59
245
190
-125
-250
-38
166
164
-40
-188
-90
48
87
59
-4
-99
-131
-19
137
131
-39
-213
-112
115
172
25
-155
-124
19
158
126
-83
-197
-51
144
150
-53
-158
-27
146
103
-100
-143
19
155
76
-121
-110
77
120
-4
-128
-15
147
45
-164
-144
94
232
16
-241
-161
132
247
23
-267
-244
105
295
86
-188
-251
-32
202
167
-58
-226
-105
113
189
42
-145
-169
25
207
123
-110
-195
-28
179
150
-25
-99
-66
12
114
101
-27
-96
-46
28
99
73
-52
-76
-39
57
111
39
-88
-111
-8
104
99
-44
-112
-22
77
43
-75
-66
40
85
0
-71
-42
-1
45
51
-12
-71
-22
18
-17
5
86
41
-62
-121
-13
154
150
-75
-216
-44
228
225
-61
-252
-84
156
204
46
-161
-140
43
169
99
-75
-154
-54
145
143
-53
-171
-88
114
182
13
-197
-175
48
150
89
-63
-177
-87
83
151
49
-104
-169
-53
137
115
-20
-112
-94
27
107
64
-33
-86
-63
40
110
15
-74
-48
56
75
-25
-77
-36
76
100
-14
-83
-46
21
57
32
14
-4
-37
-83
-34
76
112
-2
-163
-100
82
174
48
-206
-218
34
214
129
-97
-208
-116
92
188
72
-156
-214
-25
242
165
-150
-225
0
207
151
-93
-214
-39
171
195
2
-146
-127
23
167
130
-56
-150
-59
82
103
68
-15
-93
-62
43
124
56
-93
-113
-13
119
98
-47
-154
-35
137
77
-92
-113
28
123
49
-109
-83
58
59
8
-35
-48
27
-3
-47
23
124
43
-132
-129
69
197
71
-145
-152
17
180
156
-34
-166
-89
81
185
87
-104
-163
-37
164
188
-30
-207
-108
122
195
2
-203
-128
114
204
23
-171
-169
22
132
89
-13
-149
-102
66
103
44
-72
-124
-48
79
76
10
-45
-70
-52
44
96
14
-98
-95
48
120
40
-85
-81
24
126
31
-107
-92
64
111
3
-71
-44
11
59
7
-27
6
14
-42
-65
1
88
66
-75
-167
-17
175
133
-131
-257
-53
213
198
-85
-266
-150
145
245
28
-191
-193
26
219
125
-124
-221
-31
236
164
-96
-224
-76
166
192
24
-119
-131
-10
148
145
-18
-142
-92
46
143
97
-55
-122
-74
58
173
83
-120
-173
-12
145
137
-42
-166
-53
107
98
-66
-123
-2
142
66
-100
-123
13
98
39
-55
-59
15
29
-29
-26
74
106
-37
-162
-79
158
227
-36
-272
-125
225
297
-8
-284
-173
126
267
121
-125
-231
-45
196
204
-23
-240
-126
163
221
-11
-274
-156
173
244
15
-219
-140
45
79
64
20
-81
-124
-30
101
110
13
-157
-145
43
146
86
-60
-127
-42
83
112
11
-112
-96
12
116
90
-68
-103
35
99
19
-75
-55
49
77
-9
-57
14
26
9
-23
-2
74
60
-113
-172
45
227
92
-197
-228
68
252
99
-199
-253
3
223
167
-83
-251
-162
130
268
43
-224
-205
50
211
117
-112
-180
-24
163
160
-47
-203
-98
135
200
51
-105
-130
-33
120
172
23
-142
-149
32
192
149
-76
-191
-55
157
148
-14
-140
-106
29
134
85
-75
-132
-3
82
44
-71
-61
23
65
17
-71
-44
25
32
-4
-20
-8
21
-19
-75
-40
141
164
-71
-239
-72
201
253
-59
-292
-119
237
312
-18
-299
-195
147
313
148
-206
-270
-19
225
209
-43
-206
-122
91
191
53
-125
-148
-15
136
124
-48
-157
-110
36
164
102
-111
-192
-66
113
164
16
-156
-168
15
143
134
-19
-195
-129
82
207
50
-134
-134
14
127
68
-61
-94
27
111
33
-77
-72
47
101
-2
-60
-13
33
40
-11
-23
33
40
-90
-94
42
149
59
-135
-191
43
232
90
-197
-248
-23
240
181
-105
-225
-100
96
156
38
-122
-161
11
163
105
-76
-179
-13
161
120
-48
-140
-73
76
149
82
-65
-106
-63
52
153
78
-82
-145
-26
133
166
0
-155
-124
74
176
63
-84
-145
-35
115
134
-32
-131
-63
68
86
-28
-114
-38
107
88
-46
-127
-36
86
72
-7
-71
-32
4
-25
-12
97
91
-60
-132
-37
145
154
-46
-173
-74
141
206
46
-161
-193
41
235
152
-84
-196
-63
138
181
2
-176
-119
88
183
25
-143
-133
21
153
81
-79
-132
-65
33
110
68
-80
-174
-49
120
137
1
-149
-165
33
169
96
-76
-161
-68
89
149
41
-124
-141
5
171
115
-96
-153
8
141
84
-113
-138
53
170
33
-127
-92
35
111
33
-55
6
41
-44
-125
-9
166
115
-124
-240
-2
221
155
-136
-287
-71
202
224
-25
-243
-212
46
270
164
-177
-285
-49
229
220
-99
-248
-57
195
182
-41
-218
-110
139
209
24
-128
-97
21
99
71
22
-59
-63
-24
75
137
43
-128
-126
7
140
124
-34
-173
-77
115
146
0
-136
-79
44
106
5
-111
-45
106
77
-87
-129
21
127
36
-81
-71
45
68
-30
-74
21
140
17
-129
-100
75
194
47
-165
-139
87
254
106
-183
-218
33
232
156
-79
-169
-70
104
183
32
-141
-152
49
169
96
-132
-192
-15
183
147
-60
-190
-99
65
120
51
-78
-137
-36
67
101
31
-110
-136
-11
124
123
-27
-151
-140
55
217
99
-178
-217
55
224
97
-134
-153
46
180
43
-141
-132
42
174
55
-113
-106
9
110
56
-48
-21
36
-33
-104
-24
149
126
-96
-227
-70
190
192
-87
-293
-147
203
268
5
-265
-236
73
258
128
-155
-238
-53
172
188
-22
-218
-110
156
179
4
-154
-152
56
181
108
-38
-123
-112
70
197
85
-129
-170
-10
151
152
-8
-163
-122
86
188
83
-129
-183
-26
150
134
-41
-170
-48
140
102
-115
-150
21
147
66
-86
-106
-10
60
38
1
-50
-3
39
-33
-71
36
139
57
-135
-166
49
222
101
-142
-184
40
230
170
-117
-270
-65
250
290
-41
-280
-177
144
280
78
-210
-203
35
209
111
-125
-181
-23
149
130
-66
-171
-86
62
120
68
-95
-167
-75
110
151
18
-167
-174
58
205
91
-138
-191
-32
146
145
-38
-147
-39
71
72
0
-76
-39
62
66
10
-62
-49
38
94
-9
-81
-33
45
61
-15
-43
34
63
-60
-108
-6
114
70
-75
-143
-39
96
121
-28
-187
-120
100
200
30
-193
-215
23
192
131
-95
-198
-74
135
169
-7
-168
-127
99
201
7
-168
-146
74
193
92
-67
-116
-64
89
141
19
-105
-86
4
93
131
-6
-116
-87
16
115
97
-30
-127
-104
38
161
75
-115
-148
2
125
55
-136
-108
85
126
-21
-149
-42
86
74
-28
-77
-27
43
5
-46
8
99
47
-81
-116
10
179
115
-113
-194
-2
250
188
-133
-258
-35
215
209
19
-201
-196
95
249
119
-144
-215
16
206
119
-111
-195
-57
157
171
-35
-201
-141
80
167
40
-122
-146
0
120
78
-38
-99
-104
13
111
60
-29
-107
-66
35
83
51
-30
-101
-53
69
126
13
-120
-54
94
109
-38
-117
-30
107
93
-46
-114
-15
102
59
-54
-38
54
24
-108
-86
106
154
-21
-205
-134
146
203
-16
-249
-175
126
235
53
-193
-222
3
189
148
-61
-214
-119
96
220
64
-175
-174
59
218
108
-144
-215
-22
215
191
-27
-178
-119
94
204
72
-112
-138
-26
106
150
27
-120
-120
21
139
108
-40
-154
-99
72
174
68
-113
-154
18
145
54
-122
-97
48
115
9
-112
-72
59
77
15
-56
-50
21
-1
-26
22
91
30
-106
-117
43
180
92
-130
-185
25
266
159
-154
-247
-24
226
196
-24
-184
-140
41
226
134
-132
-215
-8
190
127
-98
-183
-57
130
153
-32
-162
-86
40
62
29
1
-72
-89
2
87
120
-36
-189
-105
101
160
30
-163
-152
40
192
101
-118
-182
-35
144
159
-51
-157
-38
123
106
-43
-150
-52
118
120
-37
-124
-10
88
44
-69
-32
88
23
-121
-86
85
173
-2
-219
-158
148
245
-13
-278
-210
132
276
45
-227
-234
18
236
148
-92
-222
-98
123
205
27
-171
-164
57
192
96
-98
-173
-42
146
167
26
-106
-135
-19
145
170
-10
-180
-145
78
248
100
-167
-179
24
183
127
-70
-178
-70
105
140
27
-114
-91
39
92
5
-81
-66
26
96
19
-77
-63
38
61
-7
-51
-25
30
32
-34
-22
55
69
-29
-120
-46
151
153
-64
-212
-44
231
234
-62
-283
-125
200
283
41
-249
-189
99
226
94
-117
-189
-20
148
106
-18
-119
-82
32
116
75
-96
-144
-66
85
167
40
-195
-204
38
212
144
-104
-246
-74
157
176
-1
-189
-170
56
225
119
-134
-190
-24
142
120
-54
-123
-13
93
61
-14
-103
-45
86
68
-17
-58
-39
39
48
-7
-27
8
15
-57
-47
59
98
-4
-149
-119
85
171
-5
-196
-165
82
196
79
-121
-226
-60
141
172
-9
-201
-148
68
211
100
-143
-192
1
202
141
-101
-220
-57
205
213
-46
-183
-111
80
181
93
-96
-151
-27
124
167
7
-161
-88
68
93
43
-20
-65
-66
41
95
58
-58
-104
-18
73
73
-46
-115
-3
118
80
-83
-109
6
62
40
-16
-39
-4
20
-36
-24
99
97
-71
-145
-34
173
189
-65
-245
-61
218
247
-28
-267
-164
164
304
87
-211
-211
19
234
169
-91
-211
-89
155
162
-24
-162
-91
75
147
50
-123
-148
-37
87
133
8
-156
-130
33
173
94
-105
-196
-60
143
142
-29
-156
-115
61
142
61
-83
-100
-13
80
74
-54
-89
15
98
58
-68
-91
-2
90
79
-34
-84
-39
57
70
-31
-50
43
53
-83
-115
31
151
61
-154
-180
59
216
65
-228
-232
58
259
122
-143
-255
-106
170
216
-8
-194
-175
49
226
113
-159
-205
33
205
116
-117
-192
-25
177
151
-24
-123
-57
13
126
101
-37
-104
-69
33
148
117
-60
-193
-71
150
203
3
-204
-151
91
215
46
-137
-128
24
102
33
-80
-76
25
94
13
-74
-47
21
36
10
-11
-4
-19
-22
-30
29
93
53
-95
-151
-13
213
175
-103
-258
-75
238
258
-6
-273
-182
146
287
134
-168
-283
-23
276
197
-101
-250
-60
174
157
-42
-174
-103
88
167
53
-137
-166
-32
106
123
1
-161
-120
41
128
109
-48
-202
-120
117
190
29
-150
-143
13
148
113
-51
-134
-74
66
128
29
-114
-81
96
129
-21
-143
-53
96
110
-12
-102
-29
67
73
-21
-55
25
53
-69
-105
28
143
63
-130
-182
18
200
106
-166
-244
-13
223
197
-102
-280
-119
164
211
-4
-205
-144
57
189
62
-133
-134
34
137
80
-56
-137
-33
134
114
4
-71
-90
-4
107
136
-9
-124
-105
64
181
85
-140
-155
10
171
128
-70
-172
-82
83
149
44
-117
-119
36
123
44
-124
-116
52
142
29
-127
-85
51
81
14
-57
-41
36
-12
-70
-5
148
99
-123
-187
15
200
146
-112
-199
-2
196
179
-57
-197
-98
99
211
85
-114
-170
-22
155
148
-29
-178
-93
114
162
2
-137
-119
61
147
46
-131
-166
-10
100
104
5
-120
-115
2
97
106
-16
-169
-120
98
154
56
-134
-177
6
156
143
-49
-151
-78
86
122
2
-87
-46
55
93
0
-100
-60
56
96
12
-60
-48
22
50
13
7
13
-17
-67
-58
46
121
42
-138
-173
39
203
91
-158
-248
-34
213
184
-72
-254
-149
105
216
78
-165
-218
-1
238
145
-110
-200
-30
128
137
-12
-135
-71
60
149
70
-61
-138
-64
124
194
25
-162
-144
41
190
140
-94
-169
-35
113
142
-8
-117
-115
29
126
61
-58
-98
-23
89
51
-62
-77
8
87
44
-60
-85
-10
59
67
-20
-85
-20
71
6
-51
6
87
20
-103
-85
90
169
26
-173
-105
109
217
86
-166
-204
28
254
162
-114
-230
-56
171
208
6
-194
-139
85
187
46
-155
-159
27
179
102
-98
-209
-51
115
103
6
-99
-97
-21
75
110
6
-155
-137
54
155
52
-72
-145
-49
85
122
47
-99
-136
-6
123
82
-47
-107
-16
103
95
-75
-122
25
137
35
-105
-92
56
117
15
-100
-35
94
45
-113
-100
94
154
-49
-213
-89
169
205
-77
-290
-149
198
283
-21
-296
-204
107
272
88
-209
-225
27
208
133
-87
-175
-63
120
161
9
-173
-133
102
222
62
-129
-123
19
98
82
10
-63
-73
-19
89
148
5
-152
-104
88
180
54
-134
-166
-21
164
153
-69
-191
-39
140
105
-81
-121
-6
127
57
-99
-87
31
79
27
-30
-43
0
17
-8
-31
50
103
-3
-134
-103
105
223
32
-238
-182
175
320
48
-270
-227
107
318
150
-170
-270
-39
217
248
-26
-248
-155
132
245
29
-214
-170
61
213
116
-147
-217
-29
123
115
20
-100
-129
-39
85
141
43
-158
-175
4
180
149
-83
-224
-108
165
229
2
-210
-150
91
205
44
-162
-127
97
183
1
-179
-82
112
117
-30
-96
-9
78
21
-70
-21
116
63
-147
-154
79
224
50
-188
-206
54
236
94
-179
-237
-22
194
168
-42
-209
-166
43
208
123
-126
-215
-62
179
170
-35
-176
-86
80
165
51
-114
-166
24
179
130
-48
-135
-79
62
169
86
-93
-176
-18
161
157
-26
-165
-105
87
165
49
-104
-150
-5
144
90
-51
-128
-27
112
66
-83
-122
15
141
36
-114
-88
75
120
-47
-126
-21
119
50
-119
-60
97
117
-20
-155
-67
127
172
2
-176
-117
133
230
55
-183
-191
32
225
175
-64
-208
-105
132
222
67
-164
-191
16
206
155
-117
-245
-53
212
196
-91