#4
302
-75
-437
-231
288
339
-212
-540
-103
436
214
-419
-474
161
460
-37
-513
-310
268
358
-87
-512
-290
296
375
-169
-520
-154
362
253
-292
-445
14
394
84
-441
-349
225
378
-96
-491
-225
320
338
-231
-519
-110
416
289
-319
-494
-13
426
177
-415
-407
163
380
-17
-445
-241
259
304
-167
-458
-92
369
238
-348
-493
45
458
131
-420
-388
151
342
-25
-392
-240
194
288
-91
-400
-145
222
167
-166
-318
-58
261
172
-265
-364
11
349
136
-329
-352
120
329
36
-349
-246
188
277
-85
-381
-137
311
217
-259
-393
37
368
71
-364
-291
143
317
-11
-341
-230
178
286
-59
-373
-208
167
268
-69
-343
-148
199
226
-148
-377
-61
342
171
-378
-385
173
455
-17
-515
-265
353
393
-215
-511
-58
409
203
-320
-345
106
344
42
-333
-295
128
366
26
-415
-250
281
350
-138
-489
-130
391
301
-271
-496
-9
442
159
-379
-386
167
394
-66
-430
-202
287
323
-145
-449
-135
354
270
-227
-413
-53
360
212
-293
-402
61
399
83
-377
-300
170
338
-48
-365
-150
265
257
-191
-393
-38
364
217
-282
-430
22
411
207
-372
-447
154
470
47
-461
-293
258
343
-79
-407
-187
321
313
-223
-495
-57
467
247
-403
-467
128
496
87
-532
-392
331
520
-102
-590
-220
449
374
-287
-522
41
510
143
-407
-395
202
489
18
-495
-309
306
420
-72
-455
-214
289
327
-113
-419
-166
332
344
-226
-496
-24
482
222
-412
-424
193
492
-13
-573
-285
419
484
-224
-610
-92
507
286
-358
-453
62
401
157
-315
-346
103
372
48
-371
-247
226
344
-93
-416
-147
318
325
-172
-419
-78
374
234
-264
-390
12
379
231
-291
-408
76
411
95
-368
-291
217
361
-77
-437
-174
338
309
-181
-470
-106
407
274
-288
-418
47
408
113
-348
-290
186
349
-52
-395
-167
287
299
-168
-414
-59
371
223
-299
-413
81
457
156
-397
-363
165
428
46
-432
-238
275
340
-126
-402
-89
346
227
-264
-344
62
349
115
-330
-333
155
425
24
-428
-258
267
338
-140
-366
-76
304
193
-212
-317
-6
265
127
-202
-292
69
344
65
-361
-276
206
383
-5
-390
-189
245
307
-58
-339
-117
275
222
-190
-337
20
355
116
-300
-304
161
398
-13
-410
-198
275
295
-115
-362
-101
290
285
-149
-369
-124
267
263
-155
-354
-32
317
143
-295
-256
165
306
-54
-351
-123
272
273
-177
-395
-40
352
227
-227
-364
-8
372
173
-298
-333
141
402
38
-398
-242
258
380
-103
-427
-74
396
205
-281
-354
86
389
84
-323
-285
141
356
20
-395
-222
295
288
-182
-387
0
374
176
-320
-343
123
393
55
-340
-243
147
351
16
-366
-199
266
300
-104
-353
-109
255
236
-143
-332
23
345
120
-302
-275
166
349
24
-358
-222
229
315
-52
-350
-179
259
314
-78
-386
-143
295
276
-163
-379
-29
376
195
-322
-396
132
451
32
-436
-247
291
382
-114
-504
-144
442
341
-298
-473
67
450
120
-372
-295
248
383
-68
-425
-127
371
299
-201
-414
-34
343
212
-205
-346
13
341
168
-274
-327
95
390
111
-383
-331
258
420
-59
-433
-139
331
307
-226
-454
-3
471
237
-393
-435
149
454
85
-395
-262
208
338
-24
-329
-154
194
219
-21
-259
-135
179
267
-79
-358
-94
340
267
-218
-380
53
395
102
-335
-253
185
355
7
-337
-190
214
291
-66
-367
-71
318
205
-217
-356
25
368
168
-311
-365
103
402
92
-347
-291
188
363
12
-389
-207
306
320
-191
-414
16
387
152
-318
-315
156
378
-15
-386
-158
263
321
-52
-372
-193
283
329
-106
-375
-101
333
240
-251
-347
84
350
84
-345
-226
266
317
-136
-390
-75
346
244
-245
-337
45
278
105
-203
-234
40
271
80
-255
-231
124
244
13
-237
-183
156
275
-57
-328
-118
294
261
-161
-344
-17
318
177
-185
-263
36
286
79
-270
-158
185
221
-51
-249
-106
213
224
-114
-274
-46
233
179
-132
-273
-26
295
175
-216
-292
22
316
111
-262
-238
133
297
-25
-315
-122
266
239
-194
-336
46
358
146
-301
-334
130
433
68
-425
-263
287
371
-86
-389
-102
326
257
-170
-356
-38
374
202
-278
-319
122
395
69
-408
-260
296
386
-124
-428
-71
334
219
-214
-347
65
316
50
-275
-182
158
236
4
-259
-170
170
293
-44
-318
-153
248
296
-123
-361
-36
326
169
-214
-250
29
258
104
-201
-183
114
235
-23
-235
-111
174
256
-56
-301
-133
253
297
-119
-404
-40
367
190
-269
-298
93
331
78
-311
-228
201
326
-59
-389
-152
339
297
-182
-394
-46
374
239
-298
-421
121
432
106
-364
-295
202
372
-6
-384
-173
338
318
-151
-409
-44
405
262
-289
-394
89
409
119
-345
-302
199
371
-13
-331
-174
215
317
-72
-364
-109
312
266
-184
-354
26
343
142
-330
-319
178
417
25
-403
-243
239
371
-44
-383
-160
268
308
-109
-385
-88
336
218
-213
-297
50
322
102
-280
-253
157
352
51
-344
-233
222
337
-43
-336
-154
251
324
-93
-355
-88
275
230
-145
-309
-5
319
136
-275
-292
143
351
50
-346
-263
210
381
-31
-406
-176
325
298
-163
-359
-16
326
165
-249
-264
108
326
52
-317
-226
242
336
-133
-368
-70
346
310
-202
-433
-24
441
241
-320
-375
131
420
52
-374
-217
274
294
-108
-348
-41
301
183
-201
-303
38
338
111
-259
-256
91
279
50
-252
-206
166
303
-25
-356
-158
240
277
-111
-330
-47
309
177
-245
-287
97
314
105
-241
-255
99
302
108
-241
-203
136
282
-14
-295
-107
241
219
-140
-306
-14
327
172
-233
-300
85
336
104
-291
-268
144
365
36
-346
-232
184
318
-20
-325
-132
260
240
-173
-332
19
367
150
-330
-313
210
412
-35
-431
-151
311
324
-121
-384
-93
327
252
-185
-331
31
345
145
-243
-310
89
391
78
-335
-199
235
311
-82
-358
-93
315
235
-161
-350
-21
320
166
-249
-270
109
273
17
-240
-154
157
258
-26
-325
-154
285
287
-114
-356
-110
342
271
-239
-385
79
368
101
-270
-255
94
328
38
-270
-138
180
222
-95
-242
-15
203
155
-120
-265
5
283
142
-207
-280
55
334
138
-295
-312
139
359
47
-339
-215
257
334
-123
-415
-84
367
266
-241
-386
20
412
154
-379
-333
224
423
-15
-427
-189
313
327
-136
-403
-14
367
217
-275
-352
135
424
84
-356
-281
206
387
-1
-373
-221
268
357
-112
-386
-59
343
228
-223
-351
50
354
135
-246
-268
93
336
47
-370
-216
295
354
-131
-406
-101
331
278
-160
-370
-34
317
200
-191
-306
36
312
122
-235
-240
100
301
62
-294
-220
226
345
-70
-368
-120
304
269
-171
-335
2
364
177
-259
-311
88
356
84
-317
-226
230
296
-81
-327
-105
255
255
-132
-395
-46
367
232
-250
-346
62
357
117
-247
-265
109
322
29
-307
-206
209
345
-32
-409
-145
361
312
-248
-438
58
494
178
-398
-364
178
461
61
-395
-239
239
342
-72
-341
-97
272
225
-169
-279
34
276
110
-221
-232
102
266
48
-208
-200
86
241
21
-215
-159
157
235
-69
-263
-96
190
195
-94
-256
-26
245
147
-204
-230
87
282
60
-216
-166
103
244
59
-219
-169
158
239
-67
-244
-32
220
115
-144
-200
38
239
73
-194
-159
82
211
29
-201
-139
140
248
-26
-282
-170
195
281
-71
-288
-95
249
190
-215
-260
120
319
-13
-331
-122
285
243
-159
-334
-11
315
193
-209
-295
40
307
129
-226
-233
110
307
33
-289
-163
217
254
-72
-276
-53
260
181
-154
-295
12
324
152
-244
-292
77
334
85
-319
-223
187
285
-71
-285
-87
216
202
-107
-276
-58
294
218
-179
-335
-15
369
186
-300
-300
160
345
10
-314
-166
189
252
-42
-220
-64
184
127
-114
-159
-3
188
122
-143
-237
13
305
137
-261
-291
135
354
37
-335
-205
228
280
-65
-301
-76
269
171
-192
-281
49
314
90
-277
-237
159
331
-54
-386
-87
319
214
-170
-327
29
318
108
-233
-205
118
260
41
-255
-150
199
273
-55
-327
-113
279
263
-110
-340
-80
296
250
-172
-336
6
350
156
-304
-291
201
335
-38
-306
-107
231
217
-158
-316
7
334
179
-259
-348
94
390
88
-337
-232
166
312
17
-280
-143
167
205
-38
-187
-79
129
172
-39
-241
-91
250
247
-122
-335
-2
311
152
-236
-238
105
314
66
-292
-199
172
258
-13
-259
-110
209
197
-138
-257
2
246
142
-213
-269
67
305
109
-285
-247
158
303
19
-280
-182
207
271
-80
-297
-66
263
208
-165
-313
25
351
115
-302
-270
189
389
-18
-387
-170
259
334
-77
-360
-102
295
228
-187
-273
50
277
65
-239
-138
131
200
-12
-222
-123
155
228
-34
-238
-121
146
220
-54
-276
-52
254
139
-181
-221
33
192
106
-156
-167
59
186
45
-172
-163
112
263
26
-257
-158
180
295
-51
-311
-64
263
173
-182
-218
82
222
36
-217
-151
177
212
-55
-224
-63
177
176
-74
-268
-56
288
192
-180
-303
-31
313
171
-225
-267
86
292
29
-269
-132
187
233
-98
-297
-32
307
155
-225
-287
106
369
62
-336
-205
199
284
-28
-274
-90
201
177
-60
-222
-82
218
185
-133
-229
43
254
73
-220
-182
126
258
13
-286
-159
197
259
-81
-305
-59
241
154
-144
-232
19
237
110
-204
-220
109
279
46
-254
-213
151
302
-20
-289
-110
234
197
-108
-245
-49
200
140
-96
-160
9
169
62
-135
-114
68
172
7
-183
-105
139
200
-44
-229
-146
205
271
-94
-320
-65
283
188
-181
-274
60
319
40
-347
-174
282
257
-148
-297
-48
260
212
-216
-334
73
368
98
-298
-248
146
296
8
-270
-108
196
210
-70
-260
-15
264
166
-195
-274
63
312
100
-240
-228
79
281
108
-221
-263
122
356
2
-376
-141
303
262
-177
-314
58
311
56
-315
-177
216
267
-66
-293
-105
197
222
-51
-217
-143
157
244
-29
-267
-95
185
189
-98
-231
-4
201
116
-141
-206
63
269
80
-242
-202
149
275
-4
-260
-136
201
285
-53
-345
-95
291
229
-188
-289
65
271
70
-217
-191
77
247
54
-263
-225
164
314
3
-317
-166
208
282
-60
-303
-97
276
184
-168
-253
35
257
100
-228
-178
148
223
-39
-243
-128
220
297
-81
-379
-92
369
269
-254
-347
97
353
66
-271
-185
161
249
-50
-240
-73
205
161
-125
-228
-20
238
160
-140
-237
-30
197
157
-140
-226
41
236
68
-174
-206
36
244
95
-220
-196
135
257
-37
-295
-69
287
224
-191
-304
17
320
174
-199
-280
46
313
119
-264
-217
153
276
-44
-274
-68
231
141
-119
-182
-23
163
178
-111
-262
6
298
113
-233
-263
64
318
83
-256
-230
133
282
-16
-278
-91
243
183
-171
-263
65
290
72
-271
-198
193
320
-46
-349
-121
260
262
-126
-281
-15
256
150
-168
-253
45
288
78
-232
-159
149
210
-30
-228
-93
191
212
-75
-278
-80
264
208
-204
-266
86
211
11
-157
-119
91
182
9
-204
-110
162
188
-40
-229
-110
200
234
-131
-290
25
262
120
-186
-259
44
294
79
-212
-138
124
164
-39
-162
-51
136
153
-40
-229
-89
223
229
-123
-349
-44
369
230
-277
-374
130
404
25
-351
-172
252
277
-140
-321
-24
282
135
-164
-237
25
262
79
-255
-200
151
256
28
-263
-191
142
260
8
-239
-95
176
189
-95
-222
25
245
117
-198
-220
98
264
63
-258
-215
176
302
-37
-316
-127
259
256
-129
-314
-7
289
129
-184
-206
85
222
-22
-230
-84
174
194
-76
-254
-62
213
168
-121
-200
-42
189
146
-93
-184
-30
167
131
-97
-177
20
185
56
-171
-141
129
234
-23
-240
-89
186
189
-73
-237
-63
245
222
-149
-305
-11
288
176
-198
-285
76
341
46
-341
-195
238
328
-122
-413
-74
369
259
-241
-354
60
333
111
-214
-240
101
262
10
-218
-143
116
227
36
-245
-161
176
246
-84
-300
-61
339
224
-248
-347
67
407
130
-335
-271
192
314
-22
-258
-108
162
173
-61
-187
-37
168
91
-105
-161
21
182
98
-150
-193
7
190
124
-143
-215
56
254
49
-229
-203
107
307
-9
-313
-105
244
207
-145
-257
6
261
175
-186
-264
56
296
122
-224
-229
105
280
18
-216
-127
130
219
-59
-244
-25
210
125
-120
-185
-1
181
121
-138
-217
79
285
31
-273
-192
157
264
-8
-265
-144
217
188
-111
-228
25
229
52
-212
-121
150
175
-68
-202
-32
177
160
-100
-219
-22
201
130
-124
-167
44
182
67
-157
-141
74
209
25
-170
-97
134
187
-65
-210
-49
200
128
-129
-206
7
216
114
-187
-192
43
190
60
-172
-139
111
200
-27
-250
-56
244
140
-158
-203
16
218
89
-158
-155
45
168
89
-123
-192
34
199
96
-111
-163
2
175
81
-128
-144
105
186
-31
-216
-69
210
198
-132
-273
7
333
112
-319
-230
188
320
-30
-343
-90
279
181
-217
-258
103
252
13
-208
-120
111
151
-39
-167
-35
107
101
-18
-142
-81
115
172
-47
-194
-10
199
82
-171
-124
113
212
-24
-239
-107
178
228
-42
-269
-97
202
229
-89
-285
-41
277
147
-210
-237
98
236
48
-183
-124
117
144
-88
-184
32
195
51
-164
-132
49
145
64
-75
-141
-14
123
114
-59
-185
-35
188
127
-112
-193
42
202
44
-178
-116
140
209
-40
-229
-62
213
131
-118
-181
37
224
88
-180
-203
92
253
32
-231
-126
148
182
-53
-197
-75
180
149
-125
-239
8
255
127
-204
-224
76
248
64
-225
-157
135
186
-24
-184
-84
131
187
-58
-243
-24
222
90
-177
-190
127
283
16
-296
-184
242
281
-110
-291
-25
221
124
-86
-182
-19
169
75
-117
-107
48
96
28
-74
-104
26
145
75
-122
-179
34
203
49
-217
-135
180
188
-90
-226
-75
203
173
-121
-229
16
220
95
-161
-189
81
255
45
-217
-142
127
249
-5
-234
-97
166
189
-85
-196
11
163
56
-96
-113
33
130
53
-86
-126
9
192
49
-183
-121
155
187
-56
-231
-120
174
251
-67
-316
-78
282
171
-192
-218
108
227
-1
-235
-88
213
162
-132
-221
23
268
84
-225
-187
122
231
-15
-179
-31
84
97
-12
-90
-78
67
152
10
-132
-68
108
116
-88
-160
39
184
71
-196
-172
108
216
-21
-204
-72
128
110
-72
-128
10
121
44
-119
-94
85
138
-5
-142
-115
83
190
5
-197
-88
144
166
-35
-222
-97
181
189
-61
-210
-39
193
93
-114
-125
66
164
6
-157
-115
124
202
-39
-219
-96
178
221
-80
-260
-78
242
200
-161
-246
56
251
35
-250
-122
182
180
-84
-203
-31
179
114
-140
-190
42
210
76
-146
-180
54
222
33
-179
-95
125
159
-62
-174
11
174
85
-121
-143
29
170
83
-109
-186
11
205
109
-138
-204
50
228
62
-226
-128
144
205
-34
-202
-65
163
92
-146
-163
82
213
3
-217
-122
120
194
-9
-189
-105
99
172
22
-178
-102
80
169
5
-151
-109
108
181
-67
-220
3
263
125
-220
-228
97
269
42
-242
-147
189
236
-76
-232
-46
157
149
-56
-183
-31
136
126
-74
-194
-40
221
133
-231
-273
128
340
25
-328
-161
224
237
-77
-255
-38
210
94
-124
-144
19
171
101
-148
-172
86
191
-7
-221
-67
238
166
-134
-248
4
260
119
-167
-203
68
201
61
-150
-152
80
173
-13
-138
-69
109
115
-54
-144
-40
115
144
-41
-216
-98
169
191
-88
-229
-13
214
92
-150
-208
2
224
118
-190
-172
99
194
-9
-211
-90
184
201
-76
-256
-84
263
269
-146
-329
-14
315
158
-248
-221
110
243
0
-196
-106
119
176
-15
-199
-77
151
167
-76
-204
-26
219
137
-143
-288
1
318
138
-247
-253
133
281
-16
-277
-78
228
162
-177
-215
115
227
-36
-201
-61
147
133
-42
-149
-80
71
155
32
-125
-120
57
184
24
-184
-90
158
143
-83
-156
12
177
52
-157
-114
95
169
-29
-200
-64
164
145
-111
-187
-28
140
123
-102
-169
5
179
75
-175
-132
145
187
-59
-241
-75
220
184
-139
-229
6
217
118
-151
-222
28
222
113
-132
-185
37
203
37
-146
-102
105
137
-8
-179
-99
174
187
-85
-255
-38
257
151
-206
-242
76
258
63
-216
-177
145
218
-68
-252
-39
222
129
-127
-212
-2
246
83
-245
-173
159
225
-28
-251
-94
174
186
-41
-209
-33
160
114
-100
-115
20
126
88
-94
-135
13
183
97
-171
-195
84
268
49
-276
-154
181
236
-72
-245
-68
171
203
-80
-242
-21
223
62
-182
-115
99
158
-44
-173
-69
138
142
-41
-172
-68
125
143
-35
-169
-77
109
161
-12
-168
-101
134
168
-57
-221
-17
257
108
-220
-180
115
211
27
-200
-113
159
206
-78
-246
-47
212
147
-133
-190
29
202
45
-195
-143
133
210
-68
-275
-51
218
165
-110
-220
-27
205
144
-118
-206
13
187
67
-121
-151
61
189
29
-193
-119
124
182
-31
-218
-65
239
171
-154
-276
18
310
148
-242
-267
100
311
53
-265
-181
187
217
-72
-189
-20
136
54
-63
-88
-34
90
122
-53
-214
-68
200
194
-128
-278
28
280
79
-233
-200
97
265
6
-250
-121
183
198
-94
-239
-5
247
145
-175
-228
35
290
133
-225
-251
97
314
48
-277
-174
185
239
-55
-233
-59
174
150
-64
-224
-60
216
170
-148
-218
55
226
86
-237
-235
153
304
-5
-302
-155
215
235
-91
-256
-36
213
120
-148
-166
68
180
8
-169
-64
126
121
-47
-154
-35
114
132
-44
-135
-39
129
116
-72
-162
-8
168
103
-108
-144
66
176
-21
-187
-52
162
134
-109
-187
-7
183
72
-126
-106
11
96
61
-65
-137
20
160
17
-158
-76
139
150
-89
-200
-3
190
88
-120
-132
22
152
75
-114
-158
51
169
79
-106
-129
43
116
35
-70
-99
60
147
-16
-197
-33
195
116
-173
-176
121
236
-9
-234
-130
172
202
-47
-202
-71
155
109
-111
-151
50
133
31
-105
-109
60
134
-39
-127
-12
83
65
-16
-79
-33
28
95
30
-107
-78
98
143
-47
-167
11
201
60
-176
-143
137
206
-59
-219
-29
179
131
-87
-186
2
193
88
-157
-142
84
158
26
-128
-79
81
71
-49
-74
6
83
39
-72
-73
-8
69
62
21
-105
-111
70
201
9
-239
-118
203
206
-106
-218
20
187
67
-133
-114
88
177
-24
-148
-54
112
134
-20
-180
-49
221
158
-155
-255
61
293
63
-251
-149
157
180
-88
-180
-1
152
53
-118
-105
30
92
43
-47
-94
-49
106
118
-52
-150
-12
132
79
-99
-135
33
167
33
-164
-94
118
153
-73
-212
49
253
41
-246
-165
198
254
-61
-263
-70
201
139
-92
-136
-9
109
47
-42
-68
-5
41
48
-16
-81
-30
104
68
-105
-142
26
188
49
-180
-145
123
199
-25
-254
-113
226
211
-145
-240
41
228
50
-190
-123
116
204
3
-192
-145
151
259
-25
-249
-102
193
189
-82
-209
-26
178
107
-104
-138
-4
124
113
-67
-174
-32
198
114
-169
-173
126
228
-21
-307
-107
246
227
-124
-291
-31
259
139
-178
-200
87
180
14
-144
-81
109
118
-60
-143
12
156
66
-124
-122
41
126
62
-51
-118
-35
149
108
-118
-155
57
177
63
-136
-118
85
128
-35
-126
-6
102
47
-62
-104
-32
87
100
-32
-140
-78
126
131
-79
-170
12
157
19
-115
-55
94
89
-68
-121
35
151
-7
-122
-52
76
115
-20
-146
-51
105
92
20
-50
-102
-8
116
88
-79
-119
71
130
-56
-162
41
175
18
-172
-98
120
171
-52
-199
-35
175
119
-109
-173
20
165
23
-164
-71
113
99
-44
-105
-44
80
59
-73
-46
19
58
45
-48
-93
-7
91
67
-66
-66
39
89
-35
-59
47
83
-8
-68
-51
50
93
29
-103
-103
51
134
44
-134
-104
117
121
-52
-117
8
82
44
-30
-50
-15
31
0
-48
-17
49
20
-24
-22
-39
-21
97
70
-74
-126
-2
147
79
-102
-139
27
151
49
-104
-116
66
124
-22
-117
-6
125
68
-65
-91
-20
96
88
-56
-142
42
203
39
-185
-139
127
194
-50
-195
-20
147
60
-113
-91
25
119
12
-143
-83
116
126
-55
-135
-22
73
111
12
-110
-108
42
161
34
-163
-114
151
174
-115
-218
12
218
68
-189
-129
189
184
-113
-233
3
253
88
-168
-126
65
111
8
-56
-44
-2
33
50
-8
-63
-20
66
51
-56
-98
38
153
17
-195
-132
144
177
-65
-188
-30
153
107
-85
-203
-34
211
141
-156
-210
60
236
33
-223
-97
164
188
-61
-203
-36
187
167
-115
-228
-5
238
124
-168
-210
63
247
35
-203
-113
112
166
2
-179
-110
126
187
-52
-194
-16
195
110
-156
-236
36
250
119
-205
-235
105
269
4
-254
-88
184
139
-120
-140
55
128
2
-112
-78
95
125
-10
-145
-93
94
170
24
-157
-113
101
174
-5
-162
-59
113
110
-4
-106
-64
101
103
-81
-104
17
117
63
-126
-130
47
166
13
-147
-128
77
164
10
-158
-88
127
139
-83
-156
11
168
45
-164
-94
136
127
-63
-123
-9
95
63
-60
-114
-13
114
122
-28
-153
-59
112
120
-27
-147
0
139
52
-152
-111
153
182
-98
-241
-5
258
99
-230
-188
119
246
-17
-230
-67
153
114
-103
-145
54
121
0
-65
-55
-5
30
2
-2
-17
-33
38
51
-36
-85
2
98
41
-38
-67
31
91
15
-88
-29
64
79
-29
-103
-42
136
106
-120
-161
60
181
56
-160
-152
100
182
-21
-175
-65
133
149
-33
-184
-63
136
103
-92
-116
33
118
23
-116
-89
62
140
41
-141
-151
81
217
47
-213
-175
141
236
-1
-236
-111
170
177
-77
-206
16
222
70
-184
-157
90
212
5
-197
-91
181
161
-90
-185
-21
162
120
-80
-152
-12
145
58
-113
-121
49
141
-10
-142
-83
123
123
-48
-136
-66
101
161
-1
-179
-107
118
177
-41
-211
-22
203
74
-162
-115
76
130
-5
-147
-11
146
57
-97
-100
30
127
52
-74
-112
-7
121
112
-65
-162
-14
128
90
-88
-122
17
134
20
-124
-73
121
115
-89
-155
-21
147
115
-93
-140
12
140
59
-135
-163
50
207
36
-163
-142
112
184
-24
-209
-59
222
163
-128
-251
19
311
112
-259
-194
146
217
-16
-159
-83
69
140
9
-132
-83
84
151
4
-178
-99
164
167
-104
-183
13
188
92
-189
-215
117
280
15
-279
-144
191
228
-84
-235
-40
178
128
-102
-160
35
149
44
-116
-114
88
152
-21
-161
-78
123
147
-12
-134
-77
90
142
-20
-159
-56
129
149
-28
-188
-73
195
123
-121
-160
43
202
28
-185
-136
120
175
-23
-193
-116
144
165
-56
-187
-20
167
62
-130
-65
85
81
-46
-86
7
83
15
-47
-33
-6
41
59
-28
-104
-25
93
158
-22
-203
-65
164
175
-102
-203
33
212
21
-190
-69
151
123
-100
-162
16
189
52
-152
-136
93
160
-12
-131
-70
58
74
-12
-72
-36
39
43
7
-49
-21
4
-11
20
-1
-39
11
52
12
-63
-57
57
90
-32
-74
26
59
0
6
12
17
-25
-34
-4
58
59
-27
-96
-44
90
126
-58
-157
3
140
43
-101
-82
51
132
3
-126
-44
95
25
-90
-20
91
28
-67
-29
19
-5
-23
55
37
-74
-120
72
156
8
-165
-86
137
163
-54
-184
-22
149
92
-106
-111
72
140
-6
-148
-38
111
90
-32
-116
-25
151
82
-125
-111
69
116
8
-85
-75
23
112
27
-130
-88
96
134
-85
-173
-14
173
87
-137
-124
37
150
67
-115
-153
19
154
61
-113
-124
68
138
-16
-110
-58
50
91
-18
-63
8
52
62
-65
-124
65
141
2
-106
-61
33
98
40
-87
-67
15
84
52
-68
-107
19
118
23
-109
-69
97
103
-73
-186
6
195
60
-145
-121
62
125
23
-142
-115
84
166
2
-180
-88
146
146
-91
-173
38
211
39
-170
-133
149
193
-40
-185
-75
140
148
-27
-143
-86
95
147
-22
-160
-51
127
133
-70
-193
-1
202
88
-166
-134
106
183
-36
-251
-64
226
172
-112
-232
-17
196
118
-115
-168
25
161
54
-109
-92
46
110
-9
-105
-21
97
47
-28
-79
-45
81
119
-9
-144
-59
137
119
-101
-142
53
158
46
-117
-103
61
128
-15
-103
-59
69
99
-41
-131
-30
127
79
-68
-154
-26
141
91
-81
-129
1
114
54
-74
-72
37
68
-31
-60
2
62
8
-36
-36
-33
90
65
-72
-136
22
197
75
-163
-135
70
148
56
-112
-118
64
147
-4
-134
-36
113
73
-101
-89
85
115
-23
-154
-45
143
89
-70
-91
-6
63
20
-48
-30
7
16
20
-31
-24
15
-3
-28
6
16
32
4
-50
-24
27
21
-3
17
-1
-8
-5
23
57
-8
-54
14
36
-6
-31
26
43
-30
-62
-6
63
65
-57
-86
32
88
-6
-79
-3
45
36
-5
-39
1
12
-39
-3
54
14
-66
-38
48
25
-29
-7
54
3
-98
-23
123
73
-113
-135
46
189
32
-165
-102
112
136
-49
-152
29
167
44
-101
-109
24
123
55
-114
-96
115
148
-15
-168
-96
129
150
-31
-163
-58
131
115
-76
-156
-24
159
48
-150
-101
92
149
2
-137
-108
82
169
0
-184
-68
129
117
-53
-139
-14
139
41
-74
-95
23
117
18
-116
-37
135
114
-118
-151
65
170
26
-118
-78
50
61
28
-1
-76
-57
30
110
35
-110
-93
72
139
-36
-179
10
180
44
-189
-141
147
176
-74
-171
-13
140
56
-75
-147
-5
148
66
-101
-111
39
125
5
-120
-52
116
133
-49
-178
-23
187
123
-111
-171
10
175
91
-101
-153
4
160
87
-112
-152
28
180
61
-147
-150
107
179
-38
-161
-19
142
104
-147
-201
73
241
50
-248
-164
161
215
-51
-207
-30
157
103
-91
-132
33
121
24
-91
-45
71
89
-24
-85
-71
62
144
13
-117
-71
61
127
7
-123
-69
85
139
14
-139
-79
104
132
-48
-165
-11
166
52
-139
-118
81
147
10
-157
-111
90
157
-33
-155
-32
128
67
-81
-83
42
85
15
-107
-57
73
83
-17
-93
-45
82
78
-32
-101
-65
83
162
5
-179
-104
118
213
-39
-238
-23
241
94
-212
-138
162
187
-121
-218
40
234
67
-188
-164
88
190
-16
-121
-67
52
74
-8
-58
-27
13
40
16
-29
-62
5
25
19
-7
-53
6
75
-8
-83
-28
78
82
-17
-89
-18
74
57
-10
-64
-8
67
13
-53
-30
61
50
-64
-60
32
93
-12
-97
9
90
-3
-69
-2
26
1
22
47
-22
-90
-52
68
70
-32
-69
6
67
10
-94
-21
97
51
-99
-108
56
166
41
-184
-134
131
203
-31
-216
-57
183
103
-110
-126
49
134
32
-93
-68
8
112
56
-110
-87
111
150
-73
-172
-31
171
122
-113
-165
33
168
32
-167
-117
119
139
-83
-149
-12
136
81
-76
-113
-4
91
87
-38
-98
-44
64
103
-6
-136
-67
146
122
-113
-167
22
169
53
-159
-58
141
91
-101
-132
45
163
67
-129
-121
14
134
78
-71
-126
-31
120
92
-55
-124
-21
94
70
-80
-96
47
130
-3
-180
-99
151
160
-85
-187
19
143
57
-113
-138
37
148
44
-109
-116
71
132
-13
-100
-39
76
86
-13
-121
-23
133
82
-93
-123
32
151
48
-109
-123
38
144
28
-102
-97
47
166
22
-199
-115
190
170
-132
-194
55
200
28
-222
-130
152
214
-35
-244
-97
175
178
-96
-170
4
141
58
-99
-86
50
78
-17
-51
-13
52
17
-22
-39
-45
16
97
62
-71
-132
32
166
10
-157
-63
130
143
-31
-176
-23
169
68
-122
-111
62
136
9
-134
-97
86
155
-5
-167
-99
85
128
10
-137
-90
98
105
-35
-101
-14
99
37
-61
-90
26
95
23
-61
-97
40
146
4
-166
-84
152
186
-81
-215
-31
183
119
-109
-155
57
159
-12
-102
-21
62
48
-44
-62
36
93
13
-105
-96
54
122
9
-82
-68
25
49
0
-32
-40
-1
60
30
-65
-71
14
78
58
-82
-113
67
139
-43
-181
-7
191
68
-126
-93
57
102
39
-47
-68
12
70
15
-62
-36
61
55
-51
-50
16
81
26
-74
-52
38
60
23
-72
-44
67
78
-37
-67
-37
32
24
8
4
-10
-24
-21
14
23
-23
33
42
-58
-80
45
133
13
-179
-83
145
171
-53
-203
-22
153
70
-96
-73
83
86
-44
-72
15
51
36
-34
-53
38
75
-10
-72
-29
40
63
-1
-45
-34
-11
55
15
-83
-28
77
26
-74
-65
16
78
36
-52
-102
-11
111
93
-68
-155
-23
140
104
-114
-132
64
143
-1
-129
-69
89
84
-70
-56
74
52
-28
-62
-4
72
23
-18
3
-7
-45
1
87
31
-119
-96
103
163
-60
-185
-6
178
76
-135
-120
95
138
-61
-179
-27
176
76
-120
-103
46
110
18
-149
-67
114
105
-42
-104
-36
67
65
-7
-86
-19
92
92
-54
-149
30
176
54
-152
-111
99
140
1
-120
-84
71
131
-18
-123
-55
101
127
-71
-180
29
178
24
-129
-42
84
68
-61
-135
-26
136
108
-86
-133
4
102
65
-56
-90
-8
86
43
-59
-35
21
22
-16
-15
14
33
5
-29
-40
18
51
41
6
-77
-49
91
77
-56
-86
19
89
65
-41
-130
2
137
60
-97
-121
61
146
5
-168
-73
116
130
-44
-188
-61
170
127
-89
-157
27
110
-7
-54
0
40
-4
-31
-24
20
24
19
6
-56
-25
67
64
-67
-113
12
192
89
-153
-160
65
200
29
-187
-79
137
130
-92
-134
39
103
21
-104
-49
97
78
-62
-131
11
129
22
-87
-48
45
19
-64
8
53
-33
-54
51
67
-59
-84
6
96
20
-104
-33
99
46
-81
-86
53
110
17
-84
-47
52
45
31
7
-69
-24
61
53
-62
-56
70
54
-46
-71
36
83
-39
-69
45
45
-38
-49
38
46
-3
-13
-3
-11
-39
-39
53
71
-24
-99
7
75
-16
-69
24
80
-27
-80
3
94
72
-79
-117
22
114
65
-85
-109
32
123
14
-108
-15
113
33
-89
-41
40
66
-10
-75
-10
105
55
-86
-55
36
58
5
-50
6
-11
-28
17
17
-29
-4
19
-20
-38
0
24
18
-20
-16
-30
5
83
39
-111
-93
76
149
-14
-147
-43
113
60
-48
-89
-37
79
67
-18
-39
1
50
26
-83
-37
112
67
-82
-60
18
34
70
-14
-89
-43
63
103
-24
-108
-60
75
104
-28
-95
-3
73
39
-90
-92
70
121
-43
-136
-12
116
68
-90
-148
36
138
40
-92
-117
36
128
21
-115
-44
109
72
-43
-119
0
155
64
-119
-109
46
110
45
-29
-100
-69
89
121
-18
-143
-57
143
128
-101
-190
55
205
32
-177
-111
145
159
-100
-236
21
248
83
-225
-182
149
216
-37
-179
-41
96
59
-41
-47
4
39
11
-31
-37
29
45
-4
-34
-49
6
77
63
-54
-107
37
133
-8
-122
-38
92
103
-9
-111
-44
97
62
-31
-72
8
82
-5
-67
-51
31
64
14
-95
-95
43
128
30
-131
-94
97
134
-64
-125
21
119
4
-109
-53
81
82
-20
-92
-12
89
19
-70
-55
-5
82
115
-36
-129
-56
91
149
-29
-160
-34
151
76
-123
-68
76
66
-41
-73
5
74
43
-66
-108
19
106
37
-49
-88
-16
60
44
-7
-69
-34
48
73
-22
-78
-53
22
76
8
-69
-20
29
48
-25
-80
7
134
51
-129
-93
66
167
28
-182
-69
160
121
-124
-125
72
119
-26
-90
-10
58
18
-19
-9
14
-29
11
58
-18
-55
19
56
13
-57
-100
22
117
44
-109
-119
57
131
-25
-130
16
135
-11
-137
4
144
35
-145
-105
110
166
-28
-176
-45
114
102
-56
-98
62
79
-25
-45
-18
6
45
60
-49
-48
63
50
-34
-65
-9
48
41
2
-48
-45
36
36
-31
-39
6
0
8
0
-29
-1
30
29
-65
-62
52
116
16
-150
-109
107
185
-39
-206
-38
189
84
-122
-143
54
133
-15
-74
14
63
29
-73
-77
47
103
32
-85
-87
34
92
50
-67
-105
-24
129
98
-66
-148
-31
137
121
-119
-153
82
166
-45
-184
-17
152
68
-86
-84
8
70
51
-60
-130
37
159
35
-151
-115
113
151
-51
-137
-4
152
66
-115
-116
77
176
0
-146
-73
93
109
-11
-81
-80
54
117
28
-121
-101
74
175
2
-190
-68
147
107
-66
-149
0
174
57
-182
-141
139
197
-57
-228
-29
170
90
-95
-105
9
72
39
-25
-34
-20
20
16
-5
3
1
-13
25
-6
-52
13
90
64
-109
-122
99
159
-50
-160
-19
140
136
-76
-159
4
149
53
-126
-77
81
89
-31
-83
-29
34
56
0
-82
-69
50
94
-30
-108
-10
76
37
-26
-44
-8
36
-6
-13
-3
-7
24
50
-35
-63
29
67
-5
-68
-50
101
132
-55
-169
-48
170
144
-101
-180
47
168
-12
-119
-17
104
37
-88
-50
46
65
-12
-87
-37
51
53
19
-27
-66
-36
33
70
-14
-88
-29
97
63
-76
-96
-19
95
92
-88
-123
39
132
17
-152
-49
115
107
-30
-122
-35
123
117
-34
-146
-34
105
108
-86
-117
42
110
29
-99
-57
71
80
-28
-78
-10
51
32
-24
-41
13
33
22
13
-65
-104
29
157
41
-174
-111
143
127
-119
-145
113
144
-72
-153
16
154
52
-125
-134
93
177
-17
-143
-65
87
115
-8
-91
-22
76
34
-35
-53
1
69
19
-31
11
25
-2
-31
-12
24
42
-8
-30
-33
15
5
30
-15
-45
5
-3
-33
19
19
-2
-11
-4
-36
-20
61
67
-31
-98
-15
94
57
-75
-82
66
81
-30
-74
-6
42
23
-27
20
14
-10
8
-43
-7
45
10
-24
3
-5
-38
34
89
-3
-119
-48
87
92
-39
-114
-33
112
82
-103
-99
81
80
-72
-115
44
124
-11
-98
-49
59
75
-13
-134
-52
124
109
-37
-176
-25
178
81
-157
-91
113
137
-51
-141
-3
148
52
-78
-61
12
23
33
44
-57
-107
33
145
3
-141
-49
117
101
-59
-138
23
112
20
-64
-39
45
46
-63
-83
19
87
55
-81
-112
17
100
33
-37
-40
-30
9
70
27
-54
-85
22
104
11
-61
-39
26
33
-34
-19
59
59
-23
-82
-11
88
64
-78
-84
17
120
55
-85
-122
41
115
24
-95
-41
65
38
-16
-68
-41
45
36
-6
-83
-39
77
52
-67
-63
47
51
5
-36
-22
2
17
6
-10
-22
-3
32
28
-37
-20
18
37
-12
-66
17
113
21
-96
-88
32
146
50
-139
-67
76
79
-46
-35
19
46
-9
-70
-21
66
77
-68
-126
28
112
34
-65
-43
9
2
-12
14
20
-27
-33
28
30
-20
-80
-33
110
56
-118
-44
91
62
-43
-90
10
105
42
-64
-75
7
110
64
-85
-102
47
119
-4
-89
-6
59
1
-19
-21
-2
23
-6
17
13
-34
-46
52
52
-69
-51
85
88
-99
-155
44
160
35
-109
-106
40
121
-10
-112
2
87
-20
-89
16
95
22
-89
-66
43
94
26
-74
-82
24
78
34
-40
-21
28
8
-2
-13
-20
27
46
-13
-19
42
10
-43
-8
54
7
-40
-30
32
31
-35
-39
10
26
3
-46
-34
22
37
-2
-12
-23
0
0
-3
43
27
-53
-55
14
88
23
-88
-41
50
56
-7
-68
-16
65
-2
-24
47
66
-58
-83
17
107
41
-77
-51
37
30
8
10
-14
-39
-48
38
92
-14
-76
-54
41
77
-34
-52
12
55
1
-93
-56
84
71
-30
-78
-25
51
53
-70
-113
63
109
15
-79
-67
13
87
23
-72
-71
85
102
-57
-132
58
167
0
-158
-81
135
131
-78
-95
9
28
29
43
-29
-69
-11
96
40
-112
-76
85
116
-28
-117
-19
123
51
-146
-128
108
182
-26
-190
-51
127
92
-73
-49
-2
6
24
36
24
-47
-74
39
79
-1
-58
-17
46
-4
-49
-9
95
75
-90
-111
66
125
-3
-104
-53
57
123
24
-150
-65
125
80
-49
-94
4
97
10
-103
-47
57
66
14
-99
-104
61
128
1
-144
-63
117
80
-59
-80
24
68
-2
-52
-35
13
47
39
-38
-81
26
87
-21
-75
-10
86
74
-44
-99
-49
103
114
-71
-113
48
106
-35
-87
22
88
-17
-97
-9
93
67
-66
-97
-4
76
40
-7
-45
-42
4
22
17
-11
-31
10
49
4
-46
-26
-47
28
93
-32
-89
17
83
22
-78
-80
50
135
3
-122
-43
102
98
-21
-120
-15
96
59
-65
-71
52
61
-56
-41
34
34
1
-34
-20
17
1
28
29
-97
-59
122
85
-72
-130
-14
98
81
-50
-127
-16
114
57
-116
-89
103
64
-61
-77
15
112
28
-122
-72
87
126
-23
-131
-39
59
74
14
-58
-27
58
28
-15
-60
-37
63
79
-24
-48
30
8
3
-28
-16
44
17
-7
-4
-40
-31
33
41
-32
-65
-25
50
33
-44
-27
38
41
-53
-56
44
98
-12
-128
-43
112
99
-58
-127
-2
106
64
-73
-113
19
112
-4
-40
30
19
-29
-15
29
32
-38
-27
47
24
-72
-11
81
55
-103
-106
61
163
5
-175
-98
133
145
-79
-146
35
129
5
-143
-52
123
91
-89
-117
11
127
32
-137
-87
82
114
8
-134
-81
77
135
-34
-143
5
145
54
-122
-116
116
182
-51
-187
-34
148
66
-47
-64
-30
21
86
19
-90
-68
61
119
-5
-160
-34
147
85
-87
-102
6
108
42
-128
-111
98
171
-26
-190
-58
129
114
-8
-107
-85
52
100
38
-66
-82
-2
75
43
-27
-65
24
52
-20
-48
18
73
43
-83
-76
75
114
-29
-110
-34
117
125
-82
-173
36
157
38
-113
-73
81
60
-21
-51
-36
-3
60
27
-109
-96
81
128
-23
-131
-43
104
51
-52
-43
2
41
-12
-15
-1
4
21
8
-31
-18
17
29
-3
-48
-23
110
64
-100
-81
26
97
32
-53
-70
17
70
-6
-37
15
8
-7
-1
1
7
-6
0
-17
-15
-3
38
54
-30
-107
-24
88
54
-42
-80
-9
79
48
-23
-94
-84
99
130
-42
-157
-13
123
72
-99
-100
61
150
-4
-156
-56
131
143
-36
-174
-9
117
73
-69
-86
44
77
-34
-58
1
55
25
-24
-21
-13
5
31
8
-13
-1
1
23
4
-60
-75
72
116
-35
-145
-17
133
38
-121
-47
91
49
-56
-56
45
72
-8
-71
-68
53
120
-14
-120
-37
79
87
-40
-48
12
9
24
11
-34
-61
57
86
-9
-44
-46
28
85
-22
-97
-15
90
73
-79
-98
10
88
36
-73
-94
9
100
11
-71
-33
45
51
-50
-81
47
107
-15
-107
-40
95
64
-81
-57
55
36
-6
-25
-11
-2
-24
30
74
18
-72
-48
31
91
12
-82
-44
94
29
-98
16
107
-11
-126
-19
124
55
-87
-68
20
69
3
-38
-5
18
-13
-46
-1
39
28
-10
-29
-32
-19
73
8
-131
-3
118
49
-98
-88
68
109
-43
-81
11
70
36
-44
-64
49
81
-2
-54
-31
12
49
29
-10
-37
-60
55
100
-26
-137
-17
129
66
-119
-122
88
155
-13
-139
-45
127
75
-119
-144
64
197
2
-198
-75
122
92
-42
-56
-18
10
1
40
51
-38
-107
9
103
36
-56
-63
18
49
6
-48
13
102
11
-148
-41
145
77
-118
-64
55
107
25
-103
-65
59
71
-5
-23
-25
8
9
10
-34
-44
24
40
-20
-55
-25
36
41
-8
-51
-13
10
42
55
-44
-93
9
89
16
-78
-28
71
47
-49
-35
19
14
-6
4
8
28
1
7
-46
-30
77
74
-49
-85
15
45
43
-19
-66
-4
53
17
-42
5
59
-42
-98
31
97
-13
-74
-2
44
-37
-65
69
91
-69
-114
34
98
8
-122
-65
116
87
-66
-88
10
74
16
-68
-38
82
74
-52
-110
1
149
80
-101
-107
46
98
8
-49
-16
-13
11
37
3
-25
-12
23
35
0
-44
-20
45
11
-12
-6
23
35
-47
-97
3
116
57
-80
-126
44
123
-20
-106
20
55
-19
-47
12
75
2
-86
-47
24
113
57
-92
-119
27
132
40
-94
-35
56
45
-26
-57
-13
62
55
-31
-25
31
2
-12
-1
6
-2
1
20
-25
-37
-13
21
7
1
-7
-33
-18
10
11
34
-9
-69
-13
29
37
14
-21
-50
-31
53
51
-54
-59
42
46
9
-60
-34
22
26
-22
52
48
-48
-54
0
62
19
-48
-8
50
5
-77
-13
107
41
-112
-91
85
112
-9
-99
-68
59
103
-22
-67
-8
32
-7
-35
17
53
-16
-59
-4
45
6
-36
-85
16
89
29
-58
-47
-2
76
15
-74
-30
68
77
-31
-100
-19
128
91
-67
-112
-1
94
28
-21
-35
-50
28
75
14
-75
-72
46
124
-12
-138
-22
133
70
-86
-104
44
120
-23
-149
-45
126
128
-85
-164
19
132
37
-72
-51
11
19
0
6
40
-28
-70
12
82
27
-74
-37
68
21
-46
-16
73
56
-56
-96
51
127
-28
-137
-39
146
128
-96
-153
31
106
36
-78
-49
62
38
-36
-44
4
12
-10
4
-1
-62
-10
59
46
-47
-81
-5
92
66
-87
-97
56
96
-34
-82
1
66
41
-59
-46
34
41
1
-51
-23
87
58
-56
-73
-16
65
102
-20
-129
-14
108
27
-37
-42
6
13
-5
3
24
3
-21
-37
7
28
-5
1
13
-39
-36
9
68
35
-61
-90
39
108
-11
-116
-66
80
111
-43
-120
4
101
27
-86
-52
60
97
-3
-82
-59
43
142
10
-122
-55
95
80
-55
-65
30
30
1
-1
-2
-13
-7
45
13
-62
-26
72
36
-56
-53
26
97
28
-138
-101
88
127
-13
-138
-58
90
75
-63
-68
45
66
-45
-90
43
136
-3
-145
-84
130
149
-57
-167
-10
111
57
-37
-32
-7
7
34
30
-46
-59
54
72
-25
-31
4
10
-5
4
3
-7
9
31
-27
-41
-17
16
19
-1
-21
-47
5
53
-14
-43
17
24
-13
-35
15
45
6
-66
-28
60
62
-14
-90
-47
100
119
-96
-157
51
149
9
-88
-32
70
6
-60
7
83
-19
-58
42
38
-46
-32
60
53
-96
-99
75
153
18
-169
-142
131
202
-62
-202
8
165
15
-155
-45
122
67
-87
-66
29
47
-23
-70
25
54
-4
-28
-6
5
-15
7
18
-26
8
50
3
-43
2
76
24
-63
-40
44
35
-29
1
17
-33
-29
62
61
-64
-83
51
112
-42
-123
24
126
17
-107
-55
75
72
-64
-94
22
125
28
-118
-83
58
101
-28
-57
11
4
-17
-1
48
23
-67
-64
61
99
-15
-98
-2
76
-15
-52
15
96
14
-90
-46
87
87
-51
-108
-2
128
80
-93
-113
25
112
66
-84
-115
38
104
7
-84
-79
29
108
-6
-131
-56
79
103
-18
-112
-48
38
88
47
-76
-95
20
103
-7
-77
-8
65
27
-37
-61
-1
78
35
-83
-37
105
84
-73
-116
8
132
45
-80
-67
34
42
21
-8
-19
-33
12
36
11
-41
-8
28
-12
-23
-2
30
32
-7
-54
-58
8
89
23
-85
-71
66
114
-20
-176
-80
199
140
-132
-171
45
172
26
-170
-70
162
121
-103
-140
20
157
80
-82
-122
-14
121
86
-81
-96
17
67
35
-34
-46
15
46
19
-35
-59
24
85
-19
-69
21
69
20
-80
-97
6
115
95
-69
-147
-15
148
47
-97
-49
71
35
-65
-69
72
96
-53
-116
4
136
74
-111
-109
31
115
29
-54
-42
10
46
27
-21
-51
-20
85
38
-42
9
-6
-13
24
30
2
-29
-14
47
11
-69
-30
47
29
-29
-73
-10
58
7
-35
-22
16
9
-3
-4
-13
20
53
-51
-84
46
82
-10
-71
-18
65
44
-40
-68
-7
35
46
55
-13
-88
-47
65
96
-28
-100
-4
103
-2
-75
8
74
5
-82
-34
69
80
-28
-104
-57
101
94
-42
-120
10
88
-26
-85
31
71
-18
-43
-26
31
34
-62
-40
79
19
-31
-25
0
26
2
-43
-17
63
56
-38
-57
11
84
28
-69
-32
40
31
-12
-2
4
-35
-32
40
55
-26
-47
-3
32
38
-31
-66
18
65
32
-46
-42
20
3
-37
-30
38
72
-12
-89
-12
54
8
-29
20
0
-38
-53
45
114
-21
-151
-27
126
85
-86
-98
53
70
-3
-65
-8
81
30
-80
-28
72
38
-63
-41
50
72
4
-105
-43
87
66
-41
-76
-20
88
74
-64
-131
-4
115
37
-122
-79
76
84
-16
-84
-33
37
39
-6
6
-8
-24
-15
44
40
-42
-57
24
56
-3
-58
-33
55
52
-50
-26
66
33
-67
-61
53
91
-10
-92
-2
63
3
-27
6
48
-36
-95
23
140
48
-135
-116
74
125
-29
-90
28
61
-54
-87
45
111
-36
-119
35
117
-14
-127
-87
115
145
-80
-134
17
111
16
-83
-51
47
67
29
-28
-69
-18
103
68
-41
-88
-13
52
39
-14
-47
-37
28
88
-18
-72
-24
67
46
-37
-69
9
70
19
-33
-30
7
23
-19
-68
-23
103
63
-94
-114
38
111
5
-83
-28
37
42
-35
-38
57
34
-62
-63
42
100
-12
-105
-31
76
44
-36
-9
61
2
-62
30
40
-33
-43
35
73
43
-60
-89
51
93
-17
-71
-13
80
22
-65
-52
32
34
-3
-24
-28
-12
24
6
11
-24
-24
7
8
-2
15
23
-23
-66
30
77
-21
-74
-10
50
29
-27
-44
0
15
34
45
0
-58
-36
16
67
26
-49
-29
41
16
-65
-5
98
-4
-118
-37
106
106
-58
-143
-38
125
100
-110
-83
74
48
-65
-68
44
66
-20
-65
-16
9
60
4
-97
-19
78
46
-47
-50
10
41
8
-41
-2
72
24
-57
-44
50
83
-16
-71
-13
65
31
-57
5
40
-48
-35
64
79
-52
-107
47
112
-11
-126
-7
93
66
-55
-93
21
79
-11
-113
-46
139
102
-140
-140
78
135
-18
-81
-18
26
20
18
-8
-24
-17
21
0
28
35
-44
-44
21
52
-10
-60
37
86
-33
-120
52
119
-5
-116
-18
104
83
-92
-96
53
97
20
-86
-82
62
95
-39
-82
-38
48
85
-20
-130
-46
89
104
-42
-129
-11
91
52
-38
-37
-11
0
20
16
-24
-27
31
32
-30
-19
12
-5
1
-19
2
51
34
-29
-61
-18
72
82
-38
-87
-5
70
37
-36
-54
-5
48
10
-15
-5
26
-1
-72
11
47
26
-10
-24
-33
-26
0
76
40
-111
-86
68
132
18
-183
-132
168
171
-94
-186
1
199
55
-185
-109
151
170
-78
-156
2
133
77
-75
-76
33
37
-1
10
24
-51
-63
70
75
-35
-93
17
107
14
-100
-43
74
62
-44
-56
30
54
-28
-77
-49
74
118
-34
-152
-43
126
74
-93
-52
35
45
-19
-47
45
52
-31
-90
3
121
42
-97
-61
37
59
4
-29
16
37
-28
-51
11
55
6
-33
-1
42
47
-52
-47
35
17
-4
-12
6
33
-36
-26
-18
28
21
-11
-58
-15
51
26
-40
-37
41
42
-75
-61
98
98
-65
-135
11
163
15
-138
-39
92
61
-34
-61
-24
14
27
55
-2
-88
5
57
34
-21
-40
7
54
27
-100
-50
103
114
-57
-173
-36
178
94
-105
-163
-1
185
45
-127
-51
77
9
-104
-23
105
31
-88
-43
51
33
-20
-68
-22
77
22
-36
-29
-7
4
31
6
-9
12
29
7
-30
-31
50
73
-24
-57
-3
41
17
-34
12
7
-28
13
35
31
-32
-80
17
122
-10
-113
-14
99
53
-69
-61
49
61
-56
-86
48
92
-15
-104
-26
68
43
-20
-12
-22
-11
-11
37
67
-24
-104
-30
91
92
-45
-85
15
43
-4
-35
11
72
22
-69
-62
57
99
-26
-110
4
149
55
-137
-92
80
102
-6
-79
-31
50
31
-19
-50
-20
53
27
-67
-50
24
50
5
-21
-47
-24
31
63
10
-62
-67
25
85
16
-87
-30
52
56
-46
-58
3
58
11
-62
-29
106
56
-83
-94
18
115
52
-63
-105
14
73
72
-27
-102
-39
70
77
-25
-80
-7
64
3
-37
-42
50
89
-37
-142
-52
118
108
-53
-148
-8
155
63
-140
-143
64
187
9
-161
-51
81
86
-30
-95
1
74
63
5
-88
-76
103
153
-38
-165
-27
141
78
-48
-103
-58
80
121
-17
-138
-32
131
77
-93
-117
52
130
2
-113
-46
108
93
-95
-155
33
137
62
-85
-111
20
78
2
-33
25
-38
-44
31
80
12
-84
-64
55
51
15
-35
-36
50
2
-28
22
63
2
-97
-30
99
51
-71
-53
48
53
32
-22
-72
-7
78
41
-56
-89
51
101
-30
-107
-45
79
88
-48
-139
0
116
28
-66
-49
40
27
-32
-10
37
13
-23
-41
22
58
-34
-53
57
37
-21
-34
-32
29
15
-19
51
33
-41
-50
-2
68
66
-43
-79
31
59
-43
-31
57
18
-65
-42
60
66
-16
-45
-58
8
69
1
-38
-1
-2
-30
-5
35
17
-33
-23
21
38
-17
-49
-37
11
58
2
-30
-9
22
17
-38
-34
54
83
-29
-102
6
123
48
-82
-64
56
66
-8
-72
-2
73
-10
-67
16
68
5
-90
-5
94
11
-96
-18
80
28
-59
-32
54
29
-82
-68
62
96
-5
-121
-55
79
92
-78
-82
88
77
-81
-93
70
135
-41
-153
3
148
53
-124
-75
83
50
-56
-32
67
62
-46
-72
34
62
-32
-39
50
49
-15
-67
12
54
-8
-32
8
19
23
-23
-63
20
44
-2
-46
3
-12
-23
20
19
10
-30
-35
-2
42
32
-20
-52
-9
35
47
-4
-59
-35
71
72
-32
-105
-32
110
21
-83
15
72
8
-88
-32
103
57
-94
-43
72
46
-57
-45
53
69
-81
-104
70
100
-2
-102
-74
77
89
-39
-22
-5
-31
-50
16
85
19
-90
-75
93
82
-54
-103
-47
96
112
-59
-110
-9
75
74
-66
-109
65
115
7
-113
-57
105
120
-32
-117
-25
88
51
-40
-43
23
-4
-6
38
14
-62
-36
71
76
-70
-96
59
109
-12
-103
-20
99
42
-111
-72
65
113
23
-136
-96
77
108
-29
-72
17
5
-14
11
25
36
-48
-65
5
85
53
-80
-58
35
11
-6
25
53
-5
-70
-28
83
49
-63
-70
19
110
60
-89
-78
47
58
-8
-42
-31
28
51
-13
-53
-40
38
50
-16
-99
-26
92
53
-57
-68
31
44
5
-44
1
28
-29
-32
24
53
-23
-57
33
50
-5
-74
-28
80
23
-51
14
49
5
-48
-24
73
53
-56
-38
64
32
-45
-35
50
43
-73
-64
76
96
-43
-106
-14
107
17
-55
-9
32
-10
-44
-23
47
29
-17
-35
-5
21
18
-48
-56
35
56
6
-23
-57
18
61
-28
-66
32
91
20
-88
-69
96
126
-56
-137
-5
110
55
-78
-28
38
-14
-27
60
22
-44
-37
39
72
-36
-103
8
91
48
-62
-77
60
60
-70
-94
39
131
14
-162
-61
107
71
-62
-63
29
44
-34
-23
63
42
-82
-69
37
93
28
-93
-58
63
22
-4
19
19
-20
-25
23
42
-10
-43
-3
61
54
-21
-83
-2
82
24
-43
-25
-2
33
8
-15
-28
-36
33
59
-20
-126
6
107
37
-82
-59
38
48
0
-20
-22
8
1
13
0
-37
7
62
18
-59
-50
27
78
-15
-102
-4
160
52
-145
-118
108
172
-49
-151
41
95
-57
-62
60
69
-62
-95
45
98
18
-85
-61
41
75
-45
-40
59
26
-97
-74
91
124
-66
-148
28
152
1
-148
-117
81
183
-41
-163
-26
120
58
-53
-77
21
80
36
-50
-65
-1
90
72
-32
-111
-34
119
90
-56
-99
-24
46
88
0
-95
-25
79
55
-58
-99
46
113
-14
-82
-20
71
53
-63
-97
9
94
75
-56
-113
-13
106
50
-110
-40
65
34
-49
-24
63
42
-71
-65
36
112
-3
-96
-6
23
22
25
22
-14
-31
14
40
-13
-60
2
79
38
-37
-14
-21
31
28
-51
-9
42
11
-23
-41
-6
22
-3
26
3
-86
-66
93
90
-71
-131
40
134
-14
-130
15
122
-11
-119
-24
118
47
-111
-45
68
65
-43
-91
19
67
13
-41
15
41
-7
-46
-9
73
6
-61
-1
49
-27
-14
26
23
-40
-53
24
82
56
-106
-128
41
163
1
-129
-31
90
24
-77
-49
52
50
-23
-39
-7
32
21
-72
-28
67
12
-9
-8
-22
4
25
-27
9
36
24
-23
-40
14
81
45
-73
-83
48
93
-32
-55
57
22
-90
-1
108
-5
-112
-16
99
68
-89
-66
53
56
-7
-24
1
10
-39
-37
29
49
6
-32
-46
9
18
-24
23
61
-36
-95
5
123
50
-109
-92
29
89
69
-53
-113
8
93
32
-53
-23
42
9
-25
-8
22
-4
-7
-3
13
44
7
-46
-21
18
42
10
-45
-14
22
9
-3
2
-31
13
-10
-40
-2
37
3
-16
-1
9
-25
-23
14
56
2
-80
-37
79
57
-53
-72
42
61
-4
-44
-48
44
59
-40
-23
66
30
-68
-81
60
134
-33
-120
6
77
10
-18
-7
18
-29
-44
47
76
-27
-84
-30
57
58
-44
-48
48
49
-90
-109
76
164
-46
-176
6
155
23
-159
-121
147
164
-94
-150
6
133
48
-102
-90
77
120
-12
-86
-32
52
79
23
-75
-59
37
74
5
-48
-28
1
21
47
-1
-68
-30
70
58
-66
-77
35
110
7
-95
-43
65
60
-46
-124
-14
144
87
-125
-167
73
163
-7
-99
-23
15
39
12
-8
2
-10
-25
-1
26
38
0
-8
-38
-23
21
71
27
-51
-47
31
58
-6
-53
-6
36
20
58
-17
-107
-3
98
67
-81
-106
62
101
-49
-90
-18
77
69
-75
-127
50
95
-14
-79
-7
47
-6
-18
11
20
-28
-28
5
23
20
-16
-4
6
-33
22
14
-24
-5
-24
9
78
31
-46
-66
5
71
42
-32
-70
26
59
-24
-59
33
66
-40
-69
14
118
30
-119
-106
68
114
-14
-54
-1
-6
-49
7
60
5
-69
-17
60
25
-30
-71
-46
87
67
-61
-39
11
36
31
-61
-62
77
114
-23
-130
-18
141
65
-117
-64
74
51
-18
-38
36
17
-70
2
77
12
-70
-37
63
40
-50
-57
53
62
-24
-67
4
86
18
-115
-83
93
104
-49
-105
-7
91
18
-82
-5
53
-9
-30
-11
44
42
-44
-88
-7
114
74
-106
-80
56
58
-10
-19
18
24
-15
-1
12
-17
-13
23
25
-3
14
-26
-23
0
34
43
-62
-43
61
14
-55
-23
43
27
-46
-56
-7
54
23
-26
-40
30
37
-62
-42
94
40
-81
-47
39
79
2
-79
-12
62
15
-15
-25
-46
10
37
33
19
-21
-36
-16
22
48
5
-34
-8
28
-14
-8
39
6
-38
-31
10
56
27
-17
-69
-41
75
54
-20
-42
-15
3
-12
-8
19
8
-29
-16
45
51
-56
-133
0
174
34
-139
-83
65
128
-19
-124
-40
113
87
-49
-85
-24
77
96
-32
-107
-13
85
32
-23
-5
-19
-62
45
117
-22
-153
2
152
54
-136
-112
111
137
-49
-139
21
122
12
-127
-83
86
128
-13
-133
-28
96
22
-56
2
6
-13
2
37
20
-34
-48
5
3
36
47
-30
-44
-16
25
37
23
8
-30
-22
9
52
6
-58
-11
35
70
23
-86
-59
52
79
-10
-85
-12
84
4
-85
-24
53
31
-28
-67
-51
58
77
-11
-70
-37
38
23
-3
7
-13
-36
-12
43
52
-47
-70
44
62
-35
-60
12
59
4
-79
12
91
27
-70
-84
41
119
10
-85
-30
66
5
-24
25
11
-48
-39
54
59
-23
-39
-20
-3
34
7
-12
3
16
-35
-63
18
69
8
-49
-51
10
63
33
-97
-67
73
71
-14
-88
-15
76
24
-79
-28
60
58
-8
-47
-30
65
95
-41
-91
-8
72
43
-21
-34
-27
2
55
43
-38
-86
17
107
17
-135
-57
115
88
-49
-92
35
89
-31
-117
-7
100
39
-64
-64
-1
54
24
-15
-14
-32
-4
24
40
1
-54
-46
26
66
28
-56
-55
55
30
-45
-32
64
53
-39
-64
9
86
24
-78
-40
45
109
-15
-120
-6
76
43
-45
-59
31
66
-36
-72
1
42
-1
-25
-48
-4
59
27
-38
-49
27
25
-33
13
32
20
-50
-57
58
60
-42
-53
31
31
-6
-21
-36
28
31
-24
26
23
-10
-1
-37
-6
70
34
-54
-30
25
-3
6
20
-7
-11
-34
6
48
33
-42
-76
10
67
-4
-22
29
0
-79
-50
90
87
-75
-107
39
113
-13
-106
-81
72
135
-41
-119
-11
67
52
-25
-70
-1
62
43
-21
-61
-20
67
84
-34
-93
-22
82
50
-53
-47
13
44
13
-28
-52
18
45
8
-43
-30
38
50
-7
-53
-24
56
56
-87
-104
34
122
43
-118
-113
79
130
-43
-107
9
53
16
-45
-2
38
4
-42
-17
30
52
-7
-45
-22
16
34
-1
1
20
8
-53
15
51
4
-45
-10
46
76
-47
-88
10
70
23
-67
-38
67
51
-60
-68
13
79
30
-100
-92
55
113
-23
-82
-30
63
35
-60
-13
63
13
-58
-44
55
49
-6
-44
-13
21
23
-5
-50
2
46
-3
21
19
-13
-42
0
44
31
-24
-9
10
0
-18
23
-3
-12
-13
-15
18
34
9
-37
-60
41
65
-15
-40
6
7
-29
-54
25
59
-19
-35
4
1
-2
11
-49
-28
64
32
-40
-48
19
45
-5
-44
-8
79
52
-75
-70
52
128
-16
-115
-3
81
22
-68
-5
75
-20
-90
33
122
-29
-121
1
115
39
-115
-59
86
84
-35
-99
21
80
-43
-75
19
62
18
-63
-43
34
39
-20
-19
36
-3
-72
0
94
66
-91
-138
42
158
47
-140
-85
89
71
-48
-38
63
45
-61
-41
59
49
-49
-45
50
72
-12
-73
1
44
-2
-21
17
8
-11
-12
-5
33
-25
-66
-7
76
-5
-72
-19
37
36
-16
-27
-44
15
79
29
-71
-88
36
111
11
-103
-33
82
45
-43
-58
10
68
-13
-41
43
36
-34
-54
14
82
16
-54
1
33
-13
-43
41
73
-47
-88
-11
110
80
-72
-122
-23
139
65
-97
-64
51
49
-50
-82
66
92
-69
-95
32
75
10
-75
-89
74
109
-33
-90
-22
78
48
-66
-65
58
85
4
-81
-51
69
118
-20
-113
-34
97
53
-62
-50
40
13
2
22
-5
-40
-27
46
45
-45
-67
12
85
37
-95
-58
88
64
-86
-101
44
130
20
-157
-82
117
85
-89
-44
44
-4
-34
25
63
0
-91
-18
60
31
-4
-38
22
-5
-34
27
60
19
-42
-34
28
17
-5
-14
-6
31
33
17
-40
-48
17
76
44
-87
-96
85
104
-63
-111
-13
92
62
-99
-120
61
120
-14
-93
-55
67
54
-28
-17
15
1
-30
8
42
-5
-44
4
48
-13
-41
-2
31
28
-51
-36
82
83
-61
-107
16
124
36
-92
-43
52
16
4
16
-13
-36
-15
48
45
-30
-10
-16
-22
10
3
39
-1
-31
-48
-24
47
59
-24
-81
7
69
-7
-39
-72
-3
112
33
-108
-48
60
60
-22
-82
-2
90
61
-53
-97
1
114
75
-71
-62
-1
53
37
-25
-52
0
26
38
9
-58
-28
63
31
-50
-50
41
63
-38
-32
20
8
21
-25
-56
1
44
50
6
-101
-48
78
53
-55
-44
26
2
-1
23
6
-19
-3
-21
-17
81
58
-79
-91
40
89
-10
-43
9
30
-10
-13
31
14
-50
-15
56
53
-1
-88
-22
68
28
-40
-54
21
86
-27
-77
-11
34
8
-19
-27
-7
2
-3
21
21
-27
-38
3
35
23
-10
-25
-5
-2
33
28
-35
-33
17
44
1
-50
-29
35
44
-2
-30
-11
19
8
-15
9
28
-3
-3
-2
-26
16
21
45
-51
-79
38
111
6
-75
-94
23
116
8
-84
-43
63
19
-67
-22
58
14
-47
-16
38
20
-51
-53
35
80
-33
-52
9
11
7
23
-13
-32
35
55
-16
-58
-9
63
38
-40
-24
16
31
-7
-3
33
-15
-77
52
78
-30
-81
10
69
20
-47
-40
25
53
-14
-58
35
60
-70
-75
35
80
17
-67
-62
23
57
-3
-25
-5
-33
3
39
29
-2
-35
-18
-16
-8
86
45
-97
-64
39
59
11
-3
10
4
-32
-10
60
21
-86
-30
90
100
-44
-142
-12
119
59
-78
-92
54
101
-32
-108
-14
76
37
-43
-72
-7
44
28
2
-47
-35
13
30
-1
-5
18
-3
-43
-11
61
38
-58
-60
53
59
-42
-65
31
57
-25
-3
64
14
-93
-48
74
88
-26
-88
28
63
-18
-25
11
19
-17
-48
18
62
28
-23
-81
-6
79
8
-43
-13
15
-33
-27
26
37
-14
-45
3
17
24
-12
-90
2
120
11
-85
-65
46
87
-10
-106
-39
118
104
-60
-135
3
181
43
-131
-76
97
68
-54
-36
15
-7
7
28
16
-51
-51
39
76
-18
-92
8
83
6
-28
-39
15
48
-28
-59
-11
52
63
-39
-115
-11
109
31
-35
-54
-30
48
54
-22
-36
15
4
-19
5
52
2
-52
-13
15
47
12
7
-12
-36
3
47
22
-19
-32
-6
26
84
-2
-108
-26
91
57
-54
-83
28
94
4
-87
-55
36
92
-23
-122
-12
92
51
-43
-82
9
71
-16
-15
52
3
-74
-16
84
35
-69
-59
61
74
-31
-87
-15
88
32
-78
2
84
10
-82
-57
67
83
-12
-68
-10
38
15
-7
2
6
-39
-45
44
88
-10
-92
-62
71
87
-46
-53
20
41
-56
-79
57
88
-55
-99
25
94
11
-139
-90
144
133
-80
-147
-18
143
73
-101
-129
87
144
-8
-124
-25
114
66
-54
-56
12
38
0
-20
34
21
-73
-46
87
64
-80
-74
69
97
-61
-96
36
90
-12
-63
-10
57
18
-75
-76
49
117
8
-114
-85
91
88
-67
-58
26
26
-11
-1
10
-5
-17
-12
-11
35
68
-38
-50
15
-7
5
42
22
-33
-55
47
70
-34
-82
28
94
25
-66
-60
35
67
-2
-60
-48
30
103
-13
-125
-41
96
64
-42
-91
-53
68
82
-17
-81
-43
60
41
-12
-17
-24
6
30
-14
-38
18
31
2
-3
-21
12
10
-19
-18
-8
55
47
-42
-35
3
25
46
4
-45
-17
67
29
-66
-41
53
60
-17
-97
16
107
20
-100
-93
70
109
-24
-70
7
28
-40
-53
56
76
-72
-78
61
66
-48
-100
18
126
0
-117
-26
85
43
-48
-58
21
51
28
-21
-40
3
47
52
-13
-60
-32
33
47
-2
-11
2
-43
0
58
23
-65
-39
37
61
-29
-60
1
55
32
-55
-35
47
21
-54
-44
43
69
-18
-110
-8
80
13
-63
8
41
-37
-53
45
77
-30
-98
-5
49
36
-4
-28
-13
-6
8
41
-1
9
-12
-21
4
12
-14
8
39
-3
4
22
-10
-29
-21
35
47
-25
-33
9
28