#4
-42
-265
-15
327
326
87
-128
-58
157
271
180
28
-42
45
173
191
108
19
32
113
131
127
87
59
30
96
157
122
6
-28
132
239
134
-85
-142
112
320
264
28
-159
-82
184
323
168
-74
-95
86
223
160
37
39
95
49
14
137
242
122
-133
-94
176
305
149
-99
-80
159
274
69
-119
-27
208
275
125
-112
-102
160
313
198
-60
-129
58
277
248
17
-54
34
109
138
111
105
64
-31
-7
145
245
121
-83
-89
115
254
155
-41
-113
87
240
165
-51
-57
133
241
131
-75
-106
122
298
227
-34
-172
-9
175
258
154
-25
-111
20
165
189
123
31
-83
-37
134
259
156
-53
-128
-5
185
256
115
-64
-75
106
171
64
-7
26
140
148
15
-34
62
82
71
121
68
-8
-72
15
211
208
14
-168
-94
176
268
121
-104
-143
54
237
223
11
-147
-38
162
202
54
-61
-33
89
156
111
-6
-44
60
129
87
-17
-21
38
103
127
68
-46
-129
-6
247
243
18
-152
-116
105
234
190
-3
-161
-86
161
247
97
-59
-63
26
94
134
121
-15
-117
-12
159
194
43
-99
-43
123
173
22
-95
-9
165
181
8
-54
-20
68
158
159
38
-104
-46
141
231
85
-48
-59
5
119
148
102
-16
-67
-19
131
213
57
-111
-78
100
202
106
-69
-99
59
170
96
-36
-20
84
139
73
-41
-69
56
204
175
-7
-119
-37
79
157
140
44
-75
-111
45
217
184
-37
-160
-19
156
187
58
-80
-67
30
138
162
44
-33
-74
13
168
131
-53
-98
70
202
89
-86
-91
31
140
128
28
-100
-105
68
220
144
-95
-181
-4
162
178
51
-88
-116
7
161
189
38
-137
-109
93
237
132
-126
-159
54
185
108
-24
-67
-16
89
93
21
-35
-27
65
112
48
-82
-121
29
185
159
19
-119
-141
47
210
171
-25
-175
-93
113
235
101
-81
-97
-10
89
145
87
-34
-155
-47
180
170
11
-138
-83
150
172
-21
-170
-27
211
168
7
-118
-89
71
170
127
5
-110
-76
90
235
124
-82
-118
-20
117
168
72
-71
-106
-4
132
145
28
-91
-79
71
141
60
-42
-39
43
93
41
-31
-2
60
65
57
-13
-60
13
125
170
72
-138
-193
35
245
245
-17
-215
-152
89
250
146
-88
-166
-22
140
132
44
-42
-66
-18
49
148
131
-33
-125
-56
118
189
18
-142
-61
175
191
-60
-176
-33
123
139
31
-103
-93
42
154
110
-71
-144
-27
112
140
44
-66
-97
-14
115
135
42
-107
-113
36
146
142
-50
-143
-14
130
138
-24
-131
-36
124
125
-33
-112
-14
110
149
-2
-196
-151
84
234
140
-64
-179
-114
98
230
90
-112
-145
-3
157
124
-36
-77
-11
29
28
62
107
-22
-151
-72
157
158
0
-145
-115
144
197
-53
-184
-27
166
147
14
-107
-106
53
154
107
-5
-90
-67
58
153
97
-17
-115
-78
81
186
105
-107
-177
-17
189
203
-38
-197
-95
135
196
36
-127
-104
56
170
53
-92
-58
67
102
65
-58
-116
7
188
207
13
-189
-153
65
213
166
-46
-174
-89
90
175
81
-43
-121
-24
88
125
35
-69
-65
-16
73
115
59
-43
-61
1
69
56
-9
-21
19
85
33
-63
-49
10
62
93
28
-89
-139
2
181
144
-62
-192
-85
108
179
75
-98
-150
-43
131
197
31
-168
-150
47
205
148
-88
-223
-51
190
179
-25
-183
-95
136
177
-24
-164
-79
121
182
10
-177
-175
55
195
119
-33
-138
-112
32
139
140
-2
-141
-124
37
169
117
-49
-132
-57
75
130
60
-46
-139
-47
111
79
17
-60
-73
78
102
-48
-107
0
125
92
0
-94
-88
72
130
71
-18
-81
-41
51
107
91
-7
-70
-74
3
120
155
4
-170
-118
99
207
77
-161
-174
40
223
92
-146
-126
82
166
23
-142
-58
155
145
-52
-157
-46
117
165
77
-44
-119
-61
39
85
149
32
-117
-137
19
202
124
-81
-165
-62
129
165
9
-113
-91
29
77
77
31
-15
-35
-36
6
52
54
12
-4
-3
-1
5
17
-21
-29
41
64
-17
-128
-81
116
175
-16
-199
-138
105
210
87
-155
-201
-14
170
184
-5
-194
-125
91
178
57
-107
-114
22
104
71
-35
-73
-19
54
55
-22
-76
-33
49
110
43
-117
-180
-39
170
245
26
-265
-225
82
288
155
-139
-276
-56
226
190
-54
-159
-30
64
15
15
77
30
-131
-124
75
165
59
-149
-141
127
188
-47
-201
-61
167
175
11
-155
-152
95
181
86
-53
-121
-59
79
167
83
-64
-144
-65
101
172
65
-104
-142
-31
133
141
-2
-88
-87
1
90
99
16
-111
-82
51
137
46
-82
-73
61
121
15
-113
-83
87
225
85
-157
-194
-23
181
211
17
-191
-167
36
200
146
-58
-165
-71
73
142
64
-70
-121
-49
80
152
52
-81
-106
-2
98
69
-41
-57
19
91
58
-53
-76
-52
29
106
55
-63
-174
-49
189
192
-71
-266
-137
160
233
48
-205
-169
58
169
88
-52
-118
-56
40
85
72
-4
-63
-83
-8
107
105
-43
-133
-36
125
93
-81
-157
-15
180
114
-136
-236
-44
199
191
2
-209
-183
55
195
115
-62
-137
-94
43
128
68
-16
-49
-83
-13
86
118
9
-153
-126
68
139
38
-76
-82
35
87
-6
-95
-45
66
88
60
-56
-131
21
119
86
-3
-89
-52
43
121
60
-29
-57
-55
12
80
96
-14
-119
-106
62
190
53
-116
-126
22
142
80
-62
-140
-6
151
77
-75
-103
15
117
70
-48
-118
-47
142
212
48
-193
-225
-10
253
247
-62
-278
-168
116
268
146
-154
-245
3
192
112
-40
-98
-42
19
23
39
63
26
-63
-84
19
115
38
-86
-53
106
116
-62
-123
-64
62
161
43
-140
-188
-18
209
184
-66
-252
-141
132
221
71
-148
-190
-55
143
197
24
-154
-149
24
142
92
-24
-114
-95
70
180
45
-155
-102
50
122
34
-133
-111
67
166
68
-166
-218
-29
178
191
39
-191
-221
9
213
190
-42
-222
-156
100
211
70
-117
-125
-38
89
121
42
-83
-127
-33
85
101
-4
-99
-69
72
129
-26
-170
-64
118
176
42
-130
-179
17
176
140
10
-153
-129
64
167
102
-41
-123
-105
56
168
118
-88
-186
-42
138
162
-1
-167
-113
82
172
52
-103
-131
-10
135
108
-63
-113
-12
101
101
-31
-119
-51
87
169
104
-82
-195
-125
104
290
121
-196
-283
-23
265
234
-74
-266
-107
153
170
27
-111
-113
9
64
88
55
-26
-78
-49
30
64
54
-23
-68
14
41
51
10
-87
-74
34
110
51
-149
-190
91
265
56
-232
-218
55
256
124
-148
-223
-33
172
155
-12
-153
-125
46
162
64
-108
-104
9
109
61
-43
-55
-20
34
31
-22
-31
-34
-14
55
76
-37
-199
-116
152
243
64
-215
-255
18
228
173
-64
-245
-118
116
188
58
-95
-109
-25
50
68
55
-26
-114
-55
42
37
31
0
-37
-3
26
-36
-69
8
104
42
-45
-46
-20
4
44
83
48
-63
-114
-16
146
146
-7
-145
-115
40
163
119
-57
-164
-88
98
193
43
-164
-151
30
168
93
-85
-157
-8
118
95
-8
-130
-53
120
154
-22
-217
-90
147
265
62
-219
-211
19
211
181
-34
-183
-160
21
217
168
-92
-199
-68
102
117
22
-41
-78
-68
-1
127
134
-30
-144
-74
67
101
5
-68
-28
59
99
-6
-137
-108
40
174
68
-125
-199
-74
178
236
-11
-281
-197
110
251
102
-159
-212
-41
163
165
-1
-166
-138
63
181
76
-98
-150
-30
114
121
-11
-128
-74
47
115
28
-114
-117
42
169
67
-147
-224
-36
188
165
-35
-138
-134
4
114
126
-2
-118
-116
-10
113
121
3
-110
-122
1
134
137
-18
-199
-145
115
190
30
-137
-167
52
214
57
-177
-186
63
219
108
-100
-184
-20
145
132
18
-108
-106
-16
140
155
6
-139
-111
39
120
104
14
-119
-154
3
197
168
-96
-228
-62
206
178
-97
-210
-58
173
156
-65
-149
3
129
79
-55
-124
-42
120
179
39
-129
-139
-60
124
198
55
-118
-181
-42
169
190
-34
-202
-91
88
106
68
-36
-116
-66
48
131
89
-31
-116
-67
66
87
-5
-70
-28
85
98
-40
-113
-77
37
133
39
-94
-150
-58
162
152
-30
-183
-148
65
183
112
-123
-208
-50
134
182
14
-171
-141
41
169
71
-78
-103
-35
72
91
-5
-103
-62
46
90
4
-95
-84
24
131
94
-122
-252
-75
201
220
-1
-195
-207
23
189
155
-32
-173
-116
23
134
98
-33
-104
-63
19
74
103
-4
-168
-141
91
192
59
-158
-194
84
247
1
-271
-169
215
304
-2
-258
-210
147
257
54
-124
-125
-20
80
106
58
-16
-69
-88
-17
117
144
-9
-169
-129
79
198
78
-127
-155
24
129
68
-55
-88
-20
57
47
-29
-31
25
60
65
-46
-117
-42
109
188
80
-142
-203
-20
126
185
44
-132
-150
-38
134
166
19
-127
-128
-5
90
131
21
-130
-156
17
202
137
-73
-140
-77
60
103
-1
-73
-6
74
67
-58
-102
-22
50
74
46
-49
-118
-79
77
167
46
-152
-202
-9
189
171
-65
-249
-130
156
261
54
-213
-234
42
228
128
-115
-173
-20
109
95
-15
-85
-56
41
65
-15
-73
-49
31
76
39
-76
-151
-67
95
149
64
-79
-192
-100
115
233
80
-179
-239
-16
202
178
-63
-187
-73
89
111
56
-48
-116
-97
25
109
86
-37
-157
-39
132
73
-107
-131
43
142
112
-70
-159
-21
106
104
23
-78
-103
-7
137
122
11
-65
-113
-37
83
144
24
-143
-138
17
187
134
-78
-194
-64
133
143
-17
-118
-80
55
116
3
-92
-34
69
92
9
-100
-89
74
213
110
-160
-219
-22
170
181
-8
-158
-115
31
125
109
-3
-141
-81
58
106
37
-50
-79
-43
8
81
116
23
-100
-109
20
106
27
-57
-30
67
89
-30
-115
-64
44
109
49
-61
-145
-120
111
239
75
-225
-265
17
262
191
-117
-242
-97
103
182
76
-113
-173
-34
142
151
-20
-160
-95
69
150
32
-118
-93
43
82
16
-66
-77
3
113
56
-85
-157
-87
118
169
44
-150
-183
-16
152
157
-8
-179
-120
56
162
43
-92
-59
2
-2
5
77
57
-93
-166
5
175
90
-109
-204
38
221
35
-203
-170
123
245
72
-169
-222
24
220
124
-41
-141
-74
58
112
68
-16
-43
-75
-23
99
85
-20
-107
-89
60
137
53
-61
-123
-46
94
116
-4
-105
-71
56
96
39
-93
-69
49
113
68
-110
-159
33
227
172
-99
-241
-119
123
248
44
-154
-126
8
121
117
1
-83
-97
-39
72
135
48
-110
-159
-31
152
189
16
-184
-147
67
172
53
-104
-96
51
147
33
-160
-135
25
162
97
-98
-180
-83
153
190
-19
-222
-173
49
212
124
-85
-198
-105
80
205
103
-142
-205
-22
160
151
-33
-171
-104
96
158
28
-124
-113
14
111
42
-90
-117
-15
142
145
-107
-253
-124
179
250
38
-181
-217
-11
179
150
18
-152
-157
-10
140
143
-6
-125
-134
-7
131
146
-6
-185
-135
85
184
52
-169
-119
96
135
-25
-181
-37
143
105
-16
-85
-75
13
65
87
51
-26
-102
-73
71
171
98
-95
-199
-65
171
204
-12
-201
-139
100
207
67
-145
-178
23
172
73
-77
-77
-5
49
31
-5
-23
25
28
22
4
-53
-53
46
147
94
-55
-141
-116
28
226
171
-123
-259
-102
170
263
58
-220
-220
36
220
131
-84
-179
-61
90
136
77
-78
-91
-20
39
56
-4
-39
-23
59
60
-11
-51
-70
-36
81
96
0
-156
-171
86
255
78
-212
-264
1
236
196
-78
-244
-126
117
206
57
-140
-183
4
132
104
-12
-100
-95
21
109
52
-54
-71
-12
60
17
-56
-62
13
83
32
-69
-138
-67
100
155
50
-115
-179
-60
113
153
45
-107
-174
-44
137
178
-23
-158
-89
35
92
75
0
-110
-139
42
134
45
-42
-95
-20
71
27
-51
-59
17
63
70
17
-99
-90
55
136
88
-61
-153
-64
160
225
16
-190
-179
31
218
145
-87
-198
-100
129
202
16
-134
-122
32
157
40
-76
-80
2
62
43
-14
-70
-16
84
82
1
-92
-71
45
156
116
-50
-181
-142
66
243
158
-113
-252
-83
164
231
12
-210
-126
85
126
25
-31
-59
-40
-17
62
95
51
-51
-126
-31
88
89
-15
-66
14
100
-5
-101
-57
31
81
48
-44
-148
-129
121
248
25
-231
-224
45
230
145
-118
-214
-88
126
199
49
-144
-167
-40
136
157
6
-149
-110
45
129
58
-74
-106
-2
95
56
-74
-100
-5
83
87
-30
-178
-141
74
208
139
-118
-277
-97
177
242
25
-209
-193
10
197
154
-58
-163
-95
32
104
113
20
-163
-148
59
194
67
-158
-147
37
177
35
-192
-164
132
238
2
-155
-121
40
116
77
6
-38
-66
-58
72
163
70
-96
-184
-59
177
197
-6
-229
-160
110
230
69
-146
-162
3
139
101
-37
-100
-79
52
103
12
-76
-41
54
103
13
-103
-87
49
194
130
-87
-192
-128
67
246
141
-119
-219
-94
153
213
32
-183
-146
46
141
73
-17
-82
-66
-38
74
145
41
-103
-131
9
128
55
-55
-69
11
104
29
-71
-94
-61
102
146
-12
-195
-192
85
281
95
-194
-266
-11
228
181
-66
-230
-153
104
235
90
-153
-191
-21
142
145
-12
-143
-98
57
126
34
-66
-80
-19
75
53
-75
-98
9
98
87
-63
-195
-121
122
217
39
-132
-170
-57
127
127
29
-71
-136
-54
68
131
51
-75
-133
-52
102
141
29
-134
-170
34
177
52
-94
-119
30
132
6
-147
-107
107
191
9
-139
-105
13
117
83
9
-59
-85
-29
111
143
35
-94
-142
-50
104
190
24
-179
-164
65
206
104
-114
-207
-19
189
123
-75
-161
-25
120
96
-49
-120
-22
123
104
-25
-140
-96
93
190
118
-79
-204
-116
98
210
130
-105
-215
-96
144
232
24
-195
-154
76
156
62
-72
-89
-7
31
41
44
-11
-17
-49
-3
44
24
-28
3
60
50
-36
-76
-55
25
93
46
-60
-129
-85
77
168
75
-168
-213
-25
189
171
-20
-225
-164
74
228
143
-140
-230
-42
163
151
-35
-139
-87
56
122
35
-80
-91
14
70
30
-56
-105
-15
107
98
-40
-185
-141
69
191
133
-60
-234
-175
100
279
127
-163
-261
-56
199
186
-22
-152
-119
33
116
80
14
-106
-125
-7
95
72
-1
-129
-71
143
112
-120
-171
2
178
121
-50
-151
-61
76
115
70
-33
-112
-71
73
165
70
-74
-156
-81
123
184
27
-139
-134
-4
141
138
-28
-154
-86
69
130
48
-98
-121
7
125
87
-68
-88
17
84
49
-68
-76
26
132
123
-41
-183
-91
85
173
92
-90
-167
-40
108
130
44
-102
-105
-3
57
72
47
-40
-96
-65
35
143
104
-45
-149
-92
89
139
11
-85
-53
89
73
-81
-90
-10
77
68
-42
-104
-88
40
149
82
-106
-198
-63
124
174
30
-185
-179
23
202
148
-78
-208
-84
103
164
25
-119
-114
4
121
111
-77
-138
-43
114
115
-77
-143
-45
121
143
-47
-208
-158
105
235
95
-126
-257
-77
185
200
6
-178
-143
24
136
89
-43
-95
-37
6
35
46
53
-46
-152
-34
126
101
-23
-180
-83
206
144
-143
-258
5
279
186
-115
-300
-87
228
230
4
-191
-182
59
207
141
-63
-127
-83
5
119
161
-2
-185
-150
64
235
118
-147
-208
-25
177
117
-63
-121
-51
97
100
-24
-83
-32
68
99
7
-89
-125
44
207
149
-87
-229
-77
107
181
96
-86
-141
-65
43
133
97
-88
-164
-25
110
145
49
-130
-153
-35
126
172
28
-146
-144
45
146
69
-91
-117
31
177
64
-148
-150
15
145
101
-70
-182
-127
103
247
45
-195
-204
9
179
126
-45
-160
-113
35
154
120
-45
-186
-101
103
146
46
-85
-139
-44
118
121
-15
-132
-75
63
114
14
-109
-115
55
172
20
-235
-179
108
230
80
-133
-195
-60
109
152
46
-106
-135
-52
95
119
26
-56
-85
-59
30
106
108
-52
-222
-64
134
174
-5
-197
-113
138
140
-79
-179
-3
151
120
-26
-139
-89
62
121
89
-20
-133
-91
85
190
87
-100
-172
-66
133
199
32
-195
-179
59
188
110
-64
-170
-42
80
100
18
-78
-71
14
74
47
-38
-31
19
47
51
-40
-113
-8
153
170
-40
-200
-123
69
201
113
-77
-158
-79
75
166
89
-98
-158
-46
102
123
29
-101
-98
-13
46
121
51
-63
-93
-22
97
64
-62
-80
62
146
-9
-169
-87
47
137
45
-79
-99
-80
41
179
68
-144
-216
-39
194
171
-26
-178
-147
40
186
111
-57
-173
-105
90
181
53
-144
-160
14
161
109
-87
-140
-7
105
66
-54
-102
-47
83
127
-20
-188
-173
76
219
126
-103
-235
-113
124
222
71
-145
-209
-29
174
169
-12
-166
-101
24
108
97
1
-113
-149
27
155
59
-98
-128
34
151
32
-182
-163
113
215
44
-117
-126
-3
103
82
48
-22
-123
-76
80
174
65
-88
-136
-47
97
137
57
-102
-155
-45
152
170
-25
-180
-124
92
184
51
-144
-152
38
171
74
-116
-111
47
143
48
-97
-156
18
201
181
-57
-226
-158
61
252
200
-84
-268
-140
133
230
66
-153
-177
5
166
95
-40
-90
-61
-40
57
124
82
-76
-129
-46
90
120
-11
-116
-24
104
106
-58
-137
-85
87
171
10
-170
-195
46
250
143
-163
-264
-72
190
213
-4
-210
-168
31
188
134
-65
-172
-93
84
142
71
-98
-143
-20
114
106
-21
-112
-60
36
101
4
-109
-71
63
126
-14
-178
-168
90
220
100
-116
-207
-67
115
154
36
-104
-124
-30
65
89
24
-53
-54
-34
2
85
113
-38
-197
-93
142
160
-27
-147
-93
98
122
-53
-150
-41
103
145
50
-128
-146
21
187
150
-68
-195
-94
127
197
61
-110
-132
-49
85
147
66
-105
-167
-8
147
141
-12
-173
-110
98
157
17
-128
-118
40
169
40
-110
-73
60
108
20
-94
-98
31
157
124
-24
-150
-142
-4
175
206
-12
-204
-175
69
222
108
-104
-196
-52
136
136
11
-88
-92
-53
50
143
81
-59
-151
-54
122
146
-58
-170
11
187
88
-124
-173
-55
129
165
-9
-187
-188
49
264
136
-174
-287
-71
205
214
0
-211
-165
50
162
127
-45
-165
-115
57
157
78
-108
-155
7
134
69
-75
-73
9
52
29
-63
-66
-18
50
93
23
-157
-197
16
228
172
-51
-239
-173
87
207
135
-77
-236
-113
122
208
34
-127
-130
-31
96
130
35
-105
-184
8
162
92
-83
-145
-21
154
66
-123
-135
19
192
87
-115
-101
-16
100
80
-5
-8
-33
-51
5
98
97
-12
-116
-111
46
179
114
-109
-214
-45
194
187
-55
-219
-95
146
185
-8
-182
-97
98
152
6
-116
-56
82
78
18
-66
-86
-5
119
146
18
-160
-158
12
205
192
-62
-221
-132
102
215
88
-134
-157
-25
113
122
-18
-116
-71
16
67
89
33
-35
-84
-19
45
37
-16
-20
16
53
24
-23
-82
-57
30
99
47
-93
-185
-14
220
163
-115
-269
-118
147
234
46
-200
-199
45
189
108
-62
-157
-97
80
150
43
-102
-116
-16
88
112
-6
-127
-70
66
82
-16
-95
-81
72
152
12
-179
-195
17
216
161
-50
-219
-184
54
249
149
-115
-234
-71
119
157
42
-96
-99
-31
33
98
90
-55
-172
-77
98
124
37
-104
-142
76
160
-22
-183
-83
126
164
41
-127
-153
8
169
154
-21
-178
-121
86
209
75
-92
-134
-23
75
95
31
-43
-84
-71
22
150
103
-111
-196
1
200
129
-104
-182
-17
143
93
-68
-93
17
99
78
-36
-148
-51
148
207
18
-173
-170
-37
184
247
0
-223
-188
66
221
138
-106
-212
-53
162
133
-28
-88
-50
-27
1
114
118
-39
-158
-45
114
116
-59
-128
-5
136
117
-87
-178
-61
130
157
-26
-169
-159
39
229
127
-125
-275
-68
172
194
7
-165
-163
18
147
122
-13
-139
-108
11
123
139
-48
-163
-72
99
156
-15
-137
-67
65
93
-30
-102
-24
76
87
-21
-141
-133
34
153
94
-32
-140
-113
33
101
99
-24
-135
-103
30
130
84
-19
-113
-100
-1
129
158
-36
-224
-127
119
144
40
-101
-153
62
167
-17
-175
-71
139
145
2
-124
-134
42
138
95
-14
-123
-80
47
143
93
-51
-109
-68
31
142
87
-85
-166
-51
126
152
20
-129
-144
6
170
108
-93
-144
-15
133
76
-60
-94
15
87
68
-31
-129
-54
135
215
42
-211
-206
29
213
182
-51
-192
-116
62
157
107
-42
-151
-96
44
138
100
-67
-144
-94
78
166
96
-75
-144
-21
106
75
-64
-101
37
162
57
-152
-150
24
122
88
-33
-122
-104
12
138
123
-55
-179
-137
64
210
119
-127
-241
-92
189
234
3
-224
-163
82
179
76
-92
-149
-18
124
85
-32
-109
-37
64
66
-15
-111
-73
74
155
10
-172
-182
26
183
104
-26
-131
-162
-14
164
184
-2
-209
-185
64
222
101
-96
-153
-75
71
145
87
-80
-220
-79
136
166
16
-164
-144
115
189
-30
-193
-78
127
142
39
-102
-150
-14
133
181
22
-194
-167
86
241
110
-115
-171
-56
114
173
23
-128
-101
20
86
88
4
-104
-97
33
116
59
-73
-70
-12
60
52
-18
-52
6
77
70
-71
-105
-24
119
190
25
-186
-154
49
161
143
-39
-168
-102
51
152
112
-56
-162
-63
90
112
33
-71
-99
-32
40
94
61
-14
-76
-63
41
96
-3
-57
-4
81
16
-64
-20
-15
-37
54
70
-25
-151
-91
118
201
7
-242
-204
108
253
94
-170
-229
-17
192
174
-18
-204
-144
92
169
61
-108
-127
-9
77
97
-1
-83
-77
38
101
-5
-113
-70
68
134
4
-139
-170
-1
175
150
-7
-182
-194
15
225
164
-71
-233
-128
123
196
40
-119
-106
-3
61
77
30
-45
-112
-76
86
106
34
-100
-136
70
155
-13
-186
-99
129
191
45
-154
-181
48
180
137
-46
-164
-86
103
170
49
-71
-114
-49
49
140
87
-80
-151
-58
108
164
7
-145
-125
68
175
47
-123
-132
38
124
71
-86
-120
56
109
49
-45
-89
-58
84
197
80
-135
-203
-62
153
270
69
-233
-246
-4
241
227
-54
-252
-131
105
207
59
-125
-164
-12
132
105
6
-65
-61
1
42
53
-25
-76
21
124
61
-109
-137
-23
95
122
-2
-139
-158
18
182
125
-74
-199
-104
76
157
80
-108
-165
-54
102
161
34
-141
-141
29
152
78
-75
-130
-46
94
114
-21
-138
-46
85
75
-44
-107
-52
72
127
5
-146
-173
20
178
133
-28
-192
-136
53
156
97
-56
-116
-74
32
106
51
-24
-83
-66
0
55
139
40
-171
-186
41
205
88
-142
-146
48
129
-7
-120
-43
75
75
34
-34
-77
-18
42
95
40
-68
-105
1
141
95
-34
-70
-79
7
113
115
-20
-159
-118
97
197
46
-173
-159
60
181
74
-108
-148
-9
133
92
-54
-93
-1
99
101
-42
-173
-82
153
268
73
-233
-254
12
247
231
-64
-243
-145
104
219
103
-104
-174
-50
97
95
39
-35
-84
-47
14
103
112
-26
-120
-78
60
114
-1
-93
-13
100
81
-78
-126
-56
61
119
18
-90
-123
-31
128
134
-15
-199
-133
75
167
69
-101
-140
-48
55
115
81
-55
-137
-66
70
144
49
-105
-141
0
164
79
-111
-143
42
159
-9
-169
-82
114
156
-9
-193
-172
28
192
149
-40
-174
-167
48
177
97
-56
-143
-87
68
138
43
-83
-66
-30
28
57
61
-17
-137
-106
93
163
13
-159
-105
99
157
-38
-194
-85
142
183
18
-141
-155
45
155
91
-16
-104
-103
15
150
136
-20
-137
-121
17
166
145
-64
-206
-119
169
201
-16
-186
-126
99
188
38
-137
-139
43
160
39
-113
-88
58
129
69
-113
-143
-16
157
175
28
-122
-167
-56
133
213
61
-182
-220
6
241
204
-97
-239
-100
120
171
34
-88
-105
-16
64
74
43
-20
-57
-45
8
90
16
-58
-27
58
105
-15
-118
-104
28
147
68
-86
-176
-80
173
203
-41
-250
-149
105
219
76
-128
-173
-43
124
134
29
-112
-152
-1
140
121
-27
-159
-96
68
163
32
-86
-102
20
92
-2
-96
-74
34
130
72
-116
-195
-74
129
210
67
-181
-223
-9
192
163
-25
-175
-166
54
204
107
-77
-164
-78
71
97
74
3
-130
-154
28
171
116
-82
-182
-13
135
42
-114
-81
72
96
33
-56
-70
7
51
59
26
-55
-70
14
110
82
5
-63
-102
-29
117
146
-38
-142
-90
70
171
63
-129
-157
25
149
62
-54
-81
-27
53
62
-6
-57
-4
48
81
-8
-122
-65
83
203
90
-168
-200
-16
169
196
-2
-173
-135
39
154
87
-54
-122
-63
69
102
42
-40
-76
-69
9
122
129
-25
-141
-88
65
154
-25
-124
-23
127
121
-77
-145
-52
81
132
5
-135
-146
-23
151
173
-8
-209
-186
38
226
166
-109
-257
-106
168
224
25
-173
-187
2
166
143
-38
-173
-80
75
182
42
-159
-136
41
149
51
-114
-119
0
138
100
-112
-223
-71
191
207
-11
-187
-196
9
186
143
-22
-147
-134
7
139
132
-17
-128
-104
-11
110
155
-13
-203
-140
116
192
11
-143
-150
68
217
7
-215
-131
113
206
46
-114
-156
-16
132
142
27
-125
-131
17
182
136
-83
-130
-49
64
112
28
-41
-76
-57
13
102
115
-53
-153
-73
140
151
-47
-164
-78
134
132
-47
-132
-29
132
114
-40
-170
-68
151
226
40
-184
-151
-20
117
188
42
-151
-166
-31
157
178
1
-166
-150
40
160
117
-39
-129
-103
8
125
132
-9
-110
-113
34
151
62
-94
-80
42
122
19
-108
-122
-10
144
107
-70
-190
-106
137
224
0
-240
-177
70
214
93
-121
-184
-63
86
177
63
-129
-169
-29
162
148
-59
-168
-65
88
109
23
-79
-91
18
66
33
-52
-83
8
106
54
-112
-170
-48
147
175
4
-161
-174
-16
159
157
-20
-156
-120
22
132
120
-6
-107
-127
-20
120
151
-2
-185
-157
91
172
56
-105
-194
43
224
35
-224
-158
130
230
46
-154
-147
25
113
90
37
-40
-107
-65
105
191
61
-150
-186
-16
195
182
-43
-210
-133
111
204
58
-139
-156
8
152
102
-79
-141
-17
111
91
-55
-74
25
70
50
-30
-74
-57
70
166
95
-98
-193
-59
125
190
64
-141
-172
-27
140
176
3
-160
-134
55
131
64
-56
-108
-59
32
128
118
-57
-131
-38
107
94
-77
-94
27
132
75
-82
-130
-23
51
72
24
-55
-95
-89
40
196
103
-190
-288
-30
292
239
-106
-322
-137
192
277
44
-252
-220
68
233
114
-127
-169
-36
121
115
-19
-97
-52
24
75
-6
-55
-41
-19
58
93
-22
-197
-156
109
237
104
-116
-289
-132
205
290
42
-233
-252
-1
243
180
-70
-193
-85
65
121
91
-29
-148
-126
45
149
91
-67
-180
-26
176
78
-170
-169
81
180
75
-57
-129
-66
50
150
116
-64
-201
-97
158
259
43
-213
-203
59
223
128
-96
-183
-61
118
152
0
-130
-71
37
98
28
-38
-41
-22
17
28
44
-5
-62
-9
85
56
-74
-117
20
196
178
-95
-269
-110
144
256
103
-167
-227
-47
187
202
-10
-204
-116
74
125
63
-18
-95
-95
-4
125
144
-14
-145
-101
57
160
50
-115
-99
57
135
-23
-103
-39
-1
46
86
-17
-125
-141
82
233
68
-222
-243
53
237
140
-127
-212
-50
131
156
17
-126
-137
18
126
96
-38
-130
-60
81
112
13
-95
-78
32
84
5
-86
-59
20
114
65
-104
-182
-90
121
195
66
-131
-208
-39
156
168
17
-167
-165
24
168
112
-43
-127
-95
29
110
114
-6
-170
-167
59
204
106
-120
-204
0
207
71
-172
-173
63
205
129
-115
-253
-27
206
176
1
-175
-152
50
216
141
-91
-167
-77
87
139
59
-74
-135
-30
97
124
22
-104
-105
-12
106
113
-3
-139
-94
58
142
18
-85
-59
32
95
58
-90
-126
32
194
165
-85
-252
-126
142
272
116
-181
-284
-37
224
237
-16
-238
-149
92
157
67
-47
-87
-55
-11
79
123
36
-139
-142
71
186
31
-170
-92
115
170
-7
-175
-112
39
152
94
-99
-168
-80
98
194
48
-168
-202
-9
180
169
-49
-211
-133
80
201
129
-131
-245
-52
191
198
-27
-206
-142
90
223
66
-160
-158
44
147
43
-121
-122
32
120
78
-71
-188
-113
89
203
124
-133
-260
-82
196
230
18
-236
-208
58
222
126
-98
-154
-22
55
33
44
56
-87
-176
0
180
97
-123
-150
11
163
55
-167
-139
95
177
44
-97
-86
-39
53
133
102
-78
-190
-47
181
190
-18
-182
-143
58
186
131
-87
-186
-71
125
177
15
-139
-134
42
129
45
-43
-70
-43
37
76
30
-61
-54
35
80
46
-85
-116
35
195
127
-106
-172
-75
100
186
84
-91
-176
-88
108
197
75
-146
-184
-2
153
127
-31
-134
-89
30
127
122
-26
-122
-83
42
112
36
-74
-60
73
95
-30
-102
-48
0
68
79
-28
-159
-112
90
221
38
-222
-211
56
208
143
-72
-198
-119
93
189
66
-106
-177
-24
126
121
-22
-102
-88
28
102
57
-67
-84
3
53
28
-34
-79
-21
66
88
-15
-164
-146
68
206
114
-119
-232
-83
137
191
38
-135
-152
-38
84
132
52
-54
-105
-73
35
137
74
-106
-186
-18
138
110
-13
-120
-60
89
67
-75
-96
11
103
102
-35
-134
-57
82
147
53
-80
-124
-32
144
138
-7
-110
-80
25
93
72
-12
-90
-83
33
117
78
-50
-151
-54
117
116
1
-101
-113
50
125
36
-99
-68
63
128
29
-114
-111
51
205
129
-92
-200
-132
99
261
120
-160
-222
-45
150
188
19
-175
-149
54
143
82
-35
-111
-74
27
82
90
15
-71
-97
-31
123
129
-97
-134
46
174
50
-123
-145
-24
140
131
-42
-209
-131
134
232
37
-214
-225
27
204
142
-44
-204
-134
84
172
106
-74
-202
-89
122
193
47
-170
-167
35
177
104
-99
-150
-19
120
83
-76
-153
-46
123
158
-42
-246
-170
136
254
111
-152
-283
-79
186
222
21
-197
-157
2
147
137
-22
-112
-110
2
93
127
15
-144
-167
27
171
75
-87
-135
3
138
44
-117
-130
39
160
102
-50
-160
-54
89
131
78
-72
-161
-42
139
195
29
-155
-134
-16
150
182
-5
-209
-158
79
222
115
-124
-202
-37
161
145
-27
-156
-101
78
153
16
-115
-73
63
127
10
-99
-98
65
197
109
-116
-179
-72
82
197
94
-111
-183
-53
140
170
33
-127
-145
-14
107
97
11
-67
-90
-65
94
142
33
-98
-114
21
142
55
-109
-83
79
140
14
-139
-129
11
151
116
-79
-201
-98
139
230
29
-205
-222
-14
213
180
-50
-212
-138
60
205
98
-105
-190
-70
147
159
-10
-128
-103
24
125
63
-39
-113
-42
89
85
-50
-141
-59
143
169
-66
-229
-150
113
238
73
-124
-195
-82
104
170
66
-84
-145
-95
72
161
78
-60
-161
-115
85
212
89
-185
-261
45
228
102
-113
-189
-31
212
117
-198
-216
78
252
101
-113
-186
-45
126
135
51
-55
-120
-51
83
174
53
-128
-161
-5
164
160
-38
-191
-123
120
194
23
-168
-135
74
163
46
-107
-109
12
118
68
-78
-107
12
134
100
-61
-144
-65
121
170
83
-85
-166
-82
61
193
130
-84
-205
-104
105
228
81
-161
-217
3
193
124
-56
-130
-56
28
76
86
-3
-47
-67
-45
78
90
-16
-90
-27
120
68
-64
-107
-52
71
98
11
-112
-154
15
225
96
-152
-234
-39
189
203
-49
-221
-134
72
195
113
-87
-209
-78
98
181
66
-137
-176
12
160
111
-79
-133
-18
90
47
-56
-85
-23
82
101
-19
-163
-163
40
208
139
-49
-208
-204
67
268
168
-143
-269
-92
188
199
4
-174
-115
22
96
105
27
-109
-155
-44
136
129
10
-163
-123
127
152
-46
-190
-53
156
149
21
-187
-142
83
188
122
-89
-182
-72
148
206
19
-141
-122
8
108
90
23
-96
-103
2
138
87
-73
-125
-44
74
106
25
-82
-99
28
107
58
-75
-82
23
123
61
-88
-117
22
166
159
-68
-216
-116
114
220
93
-112
-184
-64
111
167
52
-113
-125
-23
75
101
15
-30
-82
-66
54
148
66
-106
-140
-17
136
114
-70
-131
25
150
70
-130
-155
13
119
88
-39
-126
-112
60
176
69
-144
-189
-44
148
177
-7
-211
-119
82
146
62
-74
-142
-63
105
133
11
-121
-95
44
103
48
-62
-86
3
57
25
-50
-50
-41
49
103
3
-150
-187
52
219
126
-84
-249
-112
137
208
65
-147
-189
-40
128
151
9
-109
-92
-14
50
88
74
-88
-200
-30
175
147
-59
-195
-69
186
146
-132
-250
15
280
134
-131
-207
-38
157
148
38
-102
-138
-20
142
140
-10
-106
-74
-3
97
104
12
-109
-124
12
152
136
-64
-188
-74
149
155
-17
-158
-67
72
103
11
-79
-50
76
111
9
-128
-125
64
197
171
-59
-253
-127
112
228
117
-120
-188
-77
100
193
51
-130
-143
-3
121
99
-16
-91
-48
-7
39
93
28
-57
-64
-2
36
49
18
-42
-13
51
46
-64
-63
-13
34
68
16
-84
-155
-11
206
122
-129
-237
-59
175
192
-15
-189
-141
29
157
122
-54
-163
-79
41
123
94
-56
-137
-55
101
141
-9
-146
-71
72
88
-16
-109
-61
59
125
4
-190
-154
48
194
108
-58
-174
-154
50
198
139
-93
-217
-89
128
177
47
-117
-140
-53
78
169
87
-143
-237
-15
192
131
-63
-174
-57
158
138
-111
-201
3
179
142
-23
-184
-109
79
178
122
-56
-203
-118
130
255
91
-151
-197
-35
169
170
-9
-176
-133
28
172
120
-85
-176
-32
138
113
-12
-105
-83
37
108
30
-101
-53
86
94
-2
-88
-71
-1
132
170
-13
-185
-141
30
189
173
-39
-205
-147
60
222
123
-109
-192
-54
149
144
-5
-120
-99
23
91
82
20
-43
-86
-46
66
97
9
-88
-35
88
94
-53
-114
-80
75
148
18
-170
-163
59
223
83
-177
-232
-13
190
166
-30
-201
-127
50
136
117
-33
-159
-113
69
173
86
-117
-162
-28
136
132
-27
-154
-62
123
80
-69
-132
-18
103
113
-41
-164
-136
50
158
105
-31
-166
-145
26
206
146
-84
-224
-93
142
173
14
-116
-101
-7
79
93
40
-78
-149
-40
130
83
-57
-106
-18
109
45
-100
-119
52
130
45
5
-109
-73
41
112
102
-40
-146
-100
112
211
49
-148
-163
-17
166
154
-27
-194
-93
96
160
39
-96
-97
10
61
23
-1
-8
-41
-21
21
49
-14
-50
18
81
66
-37
-148
-50
164
234
-2
-241
-183
52
245
154
-68
-214
-126
83
210
102
-97
-184
-42
98
124
52
-81
-152
-58
99
159
49
-86
-102
-24
97
98
-55
-96
21
137
54
-104
-116
-35
79
110
20
-119
-167
-20
215
177
-107
-290
-126
163
268
54
-232
-219
50
213
124
-82
-181
-84
95
128
49
-81
-111
-37
103
136
-23
-147
-82
56
156
17
-179
-147
69
228
87
-214
-285
-10
291
211
-71
-280
-161
112
246
112
-151
-217
-42
122
147
36
-92
-103
-47
27
122
133
-63
-236
-91
159
185
-30
-188
-107
138
178
-61
-196
-69
125
158
57
-121
-169
-20
158
196
12
-210
-181
84
282
122
-168
-218
-8
177
126
-19
-127
-109
2
131
130
-25
-157
-119
72
182
50
-116
-136
7
146
89
-84
-141
7
154
115
-86
-202
-22
202
224
-16
-240
-167
76
244
128
-131
-189
-56
96
144
57
-64
-113
-53
42
99
86
-44
-137
-93
90
194
74
-116
-157
-30
130
123
-43
-124
-19
133
86
-104
-134
-25
78
134
-1
-161
-147
49
233
87
-181
-222
-11
194
139
-52
-176
-91
48
108
95
-16
-90
-101
-23
119
122
-36
-150
-65
106
122
-14
-127
-73
81
119
-44
-165
-44
140
132
-69
-224
-125
117
195
61
-88
-175
-95
79
177
87
-103
-172
-59
99
140
17
-86
-52
-21
13
49
82
-19
-156
-80
112
136
-16
-161
-55
144
106
-125
-169
24
174
91
-44
-109
-72
49
105
105
-11
-142
-110
69
219
102
-124
-176
-53
134
183
16
-170
-155
54
204
96
-100
-161
-42
134
115
-21
-120
-74
37
114
34
-64
-55
25
79
50
-46
-120
-31
139
218
20
-186
-207
-25
243
255
-42
-274
-198
97
283
137
-169
-231
-45
156
157
22
-92
-117
-42
70
139
75
-106
-129
-3
94
71
-22
-72
-14
97
73
-62
-123
-83
48
152
68
-115
-214
-50
223
217
-96
-307
-146
180
267
16
-216
-191
34
197
127
-65
-172
-92
99
131
23
-94
-113
9
87
74
-24
-66
-49
21
55
13
-66
-64
22
92
45
-110
-183
-22
160
179
-10
-183
-180
6
195
186
-40
-201
-160
49
206
107
-98
-159
-71
59
138
83
-53
-190
-105
113
170
35
-120
-170
48
203
19
-176
-119
73
158
92
-57
-173
-62
116
200
28
-184
-174
81
254
116
-122
-188
-37
114
133
29
-90
-107
-45
112
130
-14
-138
-77
75
117
10
-64
-71
10
63
35
-8
-33
-9
57
75
-39
-123
-51
140
197
23
-182
-173
8
224
207
-48
-264
-155
124
246
68
-170
-185
37
187
77
-87
-95
20
30
-9
35
84
-11
-87
-38
64
45
-34
-44
43
111
8
-135
-72
17
88
79
-24
-133
-146
17
224
181
-114
-342
-115
213
262
2
-240
-176
61
191
103
-97
-160
-36
111
106
-1
-70
-80
-5
67
61
-23
-72
-59
36
89
6
-107
-87
68
128
23
-138
-185
-30
218
173
-42
-222
-173
72
192
124
-57
-166
-124
54
171
87
-64
-112
-79
24
121
97
-60
-193
-73
137
128
-15
-110
-92
94
145
-37
-213
-112
159
219
24
-189
-182
33
205
212
-29
-269
-150
137
272
98
-161
-189
-38
153
153
3
-125
-120
18
125
103
-14
-116
-100
19
128
73
-70
-121
-23
83
100
-24
-118
-33
120
137
-60
-191
-36
184
211
-13
-217
-135
37
156
139
-7
-121
-137
-29
134
157
6
-162
-129
56
150
97
-63
-149
-72
70
148
74
-81
-127
-37
104
102
-10
-108
-43
80
101
-20
-121
-71
41
123
34
-84
-130
-54
107
152
12
-159
-168
13
187
151
-85
-237
-100
166
214
32
-219
-180
68
179
95
-88
-161
-32
137
120
-54
-126
-37
87
65
-53
-100
-7
85
84
-32
-133
-106
9
106
92
34
-83
-160
-52
131
177
10
-189
-165
55
183
89
-66
-90
-62
-3
90
120
-17
-181
-113
112
163
30
-140
-173
109
215
-45
-236
-82
200
192
-48
-173
-104
55
137
115
-19
-145
-107
84
176
93
-76
-134
-99
57
194
124
-134
-217
-28
179
178
-39
-187
-125
89
187
25
-109
-99
0
106
61
-56
-65
13
118
52
-87
-139
2
183
162
-35
-197
-130
73
165
126
-6
-149
-162
9
181
164
-27
-188
-132
82
168
84
-79
-164
-58
115
166
12
-124
-78
41
92
22
-89
-52
84
114
10
-113
-109
1
89
96
2
-98
-152
-52
147
206
-30
-268
-164
96
256
82
-174
-204
0
156
132
-9
-127
-112
22
106
102
-16
-139
-86
73
132
17
-99
-91
36
112
21
-118
-125
29
184
105
-144
-254
-29
196
170
7
-179
-182
20
163
156
-17
-172
-143
6
169
149
-27
-162
-143
29
185
134
-84
-226
-82
156
137
-12
-127
-96
100
123
-51
-146
-66
102
126
46
-92
-145
-8
128
147
43
-137
-157
22
211
165
-65
-194
-123
119
209
58
-136
-177
-5
150
140
-27
-149
-97
77
120
65
-71
-121
-29
91
107
-16
-111
-18
97
115
-35
-152
-50
142
205
32
-215
-177
23
207
175
-45
-172
-124
48
158
102
-39
-155
-91
75
143
66
-105
-144
10
104
76
7
-62
-15
-3
2
45
15
-15
-17
31
41
-28
-48
-44
-19
58
74
-6
-138
-139
90
223
41
-227
-213
54
222
143
-107
-233
-84
133
195
58
-163
-188
-4
167
151
-41
-192
-104
100
163
9
-105
-72
19
87
21
-65
-66
-10
90
54
-99
-154
-45
123
145
60
-135
-228
-43
183
206
11
-251
-191
71
239
122
-104
-173
-42
52
86
99
-24
-164
-111
77
154
20
-112
-87
60
130
-21
-167
-94
118
174
38
-141
-150
46
155
95
-18
-117
-79
47
138
98
-42
-119
-53
55
123
53
-85
-97
-30
73
123
32
-101
-108
2
126
78
-65
-101
-10
70
67
-24
-59
-1
54
69
-5
-103
-72
98
211
90
-156
-198
-37
138
214
54
-180
-197
9
167
171
-12
-159
-119
24
124
84
-27
-75
-75
-16
113
121
-1
-114
-94
62
118
20
-101
-59
109
103
-47
-115
-88
28
117
73
-65
-161
-86
121
190
11
-191
-172
20
201
131
-94
-208
-100
126
212
37
-177
-170
24
191
108
-91
-157
-30
143
108
-72
-168
-38
152
121
-97
-180
-19
132
113
-38
-149
-134
-7
141
148
-1
-164
-158
6
171
154
-35
-192
-142
65
174
85
-74
-131
-56
66
101
35
-34
-123
-76
77
103
20
-66
-67
6
71
8
-91
-47
73
56
28
-22
-81
-32
45
113
76
-66
-141
-23
147
157
8
-143
-152
35
197
141
-83
-224
-96
163
220
12
-203
-169
53
210
103
-124
-184
6
143
77
-54
-87
-8
65
95
4
-126
-96
75
220
100
-145
-214
-72
150
281
56
-224
-264
-15
294
234
-120
-290
-66
201
161
-50
-128
-60
33
14
33
84
-6
-71
-32
27
57
2
-38
5
66
44
-59
-70
-31
17
92
54
-73
-169
-93
152
228
2
-245
-215
85
262
121
-142
-241
-68
176
191
19
-158
-176
16
153
96
-31
-99
-76
1
92
76
-13
-68
-45
14
41
-6
-73
-39
80
73
-56
-160
-114
97
210
111
-133
-268
-106
198
271
14
-250
-225
80
227
87
-112
-126
-9
40
41
62
11
-112
-131
31
141
54
-78
-116
6
120
5
-123
-95
63
152
46
-58
-127
-51
107
157
36
-122
-152
20
167
138
-32
-140
-90
51
133
93
-81
-137
-47
81
123
30
-76
-102
-30
105
82
-31
-102
-43
79
69
-5
-63
-18
59
59
-2
-80
-79
53
183
120
-122
-205
-77
149
225
35
-172
-165
29
172
134
-30
-174
-86
82
102
17
-36
-53
-27
-2
34
79
53
-40
-98
-16
90
64
-49
-47
36
72
-8
-73
-69
8
73
62
-20
-132
-108
84
187
55
-174
-195
6
176
154
-81
-212
-78
134
175
26
-123
-175
-7
156
123
-45
-136
-75
76
124
20
-99
-98
45
109
19
-111
-109
35
139
75
-107
-216
-94
188
215
19
-163
-214
-25
170
178
-5
-172
-147
-4
160
149
-26
-141
-130
2
126
149
-3
-187
-152
74
169
62
-107
-177
15
215
81
-225
-201
116
268
88
-175
-229
5
201
161
-11
-163
-119
38
180
142
-46
-157
-93
68
156
74
-79
-156
-59
118
141
6
-116
-98
23
104
79
-15
-109
-89
71
147
8
-133
-70
102
140
2
-179
-142
130
299
116
-210
-259
-44
215
248
-27
-208
-117
29
143
127
-9
-139
-127
37
137
109
-24
-171
-109
66
165
94
-80
-131
-38
85
89
-14
-79
-35
64
123
2
-143
-120
31
153
92
-77
-176
-148
118
279
47
-227
-219
24
185
141
-41
-198
-132
81
183
104
-95
-188
-47
121
146
-27
-150
-91
88
140
13
-123
-82
62
105
-3
-132
-70
62
121
35
-118
-171
-43
127
159
31
-95
-150
-71
74
150
65
-115
-166
-23
123
142
9
-100
-104
-32
86
145
22
-168
-155
79
165
39
-100
-143
2
183
63
-172
-178
52
240
118
-115
-198
-34
151
158
3
-109
-111
-8
142
145
3
-147
-106
40
147
87
-65
-142
-59
88
148
40
-124
-133
14
127
101
-46
-130
-47
104
120
-16
-129
-53
101
138
-9
-159
-93
104
229
89
-145
-215
-59
174
217
23
-172
-156
42
146
108
-30
-148
-72
71
104
30
-42
-63
-49
-2
100
103
-26
-107
-41
38
87
3
-84
-24
98
83
-45
-134
-22
60
85
23
-88
-138
-36
127
149
0
-192
-170
53
202
127
-115
-188
-77
78
167
61
-98
-160
-48
137
161
-33
-186
-79
96
135
-8
-94
-52
30
76
-9
-77
-74
4
95
86
-35
-177
-146
77
216
120
-108
-271
-115
176
266
43
-232
-223
25
234
156
-82
-186
-80
60
104
69
-3
-120
-133
28
155
107
-79
-225
-24
269
135
-222
-300
54
338
187
-168
-316
-40
242
200
-25
-183
-123
61
185
104
-63
-96
-59
-4
92
109
14
-141
-119
41
158
98
-77
-151
-48
111
123
-9
-128
-60
73
105
4
-98
-39
78
96
17
-82
-114
30
174
178
-73
-253
-114
117
244
116
-145
-249
-56
197
208
12
-189
-155
38
145
91
-7
-104
-110
-16
142
159
-17
-165
-95
75
135
29
-121
-68
102
152
-8
-161
-85
32
74
55
-25
-95
-115
23
187
109
-132
-242
-51
192
177
-44
-216
-102
96
174
60
-108
-155
-45
106
127
27
-115
-99
19
104
60
-44
-97
-27
71
75
-62
-119
-30
118
124
-84
-208
-95
140
204
37
-147
-191
-22
133
132
9
-131
-117
27
103
78
-7
-83
-77
-11
52
100
49
-95
-167
-36
162
146
-45
-206
-61
188
104
-149
-175
57
197
100
-103
-191
-39
149
155
43
-134
-157
10
171
121
-39
-105
-60
22
75
79
-1
-104
-84
7
122
103
-41
-134
-72
80
123
19
-105
-87
12
115
71
-68
-101
35
114
26
-95
-124
53
208
164
-106
-266
-86
135
220
88
-146
-201
-36
157
190
14
-180
-147
50
154
83
-51
-116
-53
25
102
75
-52
-68
-16
56
48
-25
-44
13
99
51
-90
-108
-5
69
64
1
-61
-77
-72
34
151
78
-138
-206
-25
179
165
-44
-197
-124
75
199
84
-127
-170
-36
131
132
-14
-134
-95
56
161
49
-125
-131
22
143
58
-101
-152
0
156
104
-95
-207
-89
121
185
77
-112
-221
-84
126
215
76
-162
-215
-26
158
169
2
-144
-130
-13
118
133
32
-149
-191
28
199
101
-129
-169
23
169
64
-160
-168
74
185
82
-93
-161
-3
112
89
17
-34
-60
-44
26
126
94
-54
-144
-94
90
202
58
-164
-203
35
230
124
-127
-193
-18
167
119
-74
-156
-42
118
124
-42
-144
-7
145
105
-40
-171
-86
137
174
72
-103
-138
-86
45
196
132
-66
-210
-138
121
264
91
-190
-232
-2
212
147
-45
-179
-112
53
147
100
-41
-79
-55
20
65
20
-33
-33
43
73
0
-63
-72
-35
84
78
-16
-77
-122
-24
143
134
-54
-233
-132
132
216
46
-175
-197
27
202
137
-76
-213
-95
152
183
13
-174
-136
56
156
55
-105
-96
38
90
-4
-105
-50
46
82
50
-72
-134
-97
69
145
106
-55
-204
-135
86
224
99
-132
-221
-41
165
154
-23
-146
-90
29
78
85
20
-96
-141
6
135
67
-76
-104
14
103
34
-93
-128
8
119
122
7
-142
-122
72
166
92
-72
-158
-82
131
202
39
-153
-160
33
190
113
-68
-160
-56
65
127
42
-76
-118
-14
102
84
-23
-84
-26
33
60
11
-51
-40
59
87
-16
-92
-65
62
141
107
-57
-159
-124
38
235
157
-100
-235
-120
155
246
57
-188
-188
39
165
100
-54
-119
-65
33
98
84
4
-74
-84
2
94
67
-71
-69
36
91
61
-84
-144
-51
139
149
-31
-203
-169
103
234
103
-182
-263
-29
209
176
-51
-206
-121
72
192
100
-117
-187
-64
143
166
1
-139
-125
33
159
77
-97
-144
5
142
65
-101
-159
-16
154
145
-76
-234
-142
120
212
106
-112
-242
-91
121
206
85
-157
-193
-16
145
137
-21
-113
-77
-11
71
94
56
-92
-180
-17
162
108
-86
-173
-9
166
74
-149
-162
51
187
60
-71
-120
-41
79
103
91
-42
-132
-66
81
161
38
-75
-92
-37
89
125
39
-127
-145
28
191
103
-95
-179
-40
122
138
-12
-112
-80
66
95
-10
-101
-25
95
104
-8
-111
-77
72
147
83
-77
-139
-70
46
165
121
-75
-156
-89
87
187
59
-139
-144
6
133
94
-4
-86
-87
-25
84
114
16
-57
-48
-22
37
37
-18
-31
27
86
30
-109
-98
-2
90
105
-20
-120
-135
7
201
122
-117
-225
-67
162
166
13
-165
-178
20
180
149
-63
-205
-60
117
138
1
-137
-85
43
101
48
-81
-60
7
50
22
-39
-79
10
76
63
-55
-158
-88
63
147
94
-60
-167
-117
28
178
141
-64
-230
-104
148
192
22
-125
-124
-47
55
160
107
-139
-247
-32
238
158
-104
-209
-78
214
172
-175
-256
2
267
150
-107
-197
-73
117
159
64
-47
-118
-78
69
143
62
-54
-131
-73
79
165
66
-128
-167
-9
184
143
-78
-210
-50
178
144
-60
-154
-53
106
110
-32
-104
-12
94
101
-41
-105
-52
56
119
121
-41
-156
-128
29
223
164
-103
-243
-80
161
197
22
-164
-119
37
103
53
-2
-40
-89
-47
80
152
43
-124
-120
59
117
6
-120
-50
127
132
-36
-172
-65
89
93
-5
-42
-48
-95
-36
130
154
-53
-232
-127
112
228
55
-181
-189
0
186
161
-62
-214
-90
130
153
14
-100
-135
-5
137
112
-47
-129
-61
77
76
-21
-103
-83
47
152
67
-154
-244
-1
226
189
-43
-247
-184
81
246
144
-147
-243
-74
173
206
15
-172
-146
9
141
141
0
-161
-136
41
136
54
-62
-144
-44
171
120
-116
-193
-29
172
137
-12
-153
-108
45
160
145
-52
-203
-119
128
257
65
-170
-186
6
202
133
-71
-143
-83
78
138
36
-96
-115
-4
102
79
-3
-99
-88
50
95
43
-49
-71
3
81
70
-36
-156
-33
162
236
-14
-251
-165
72
256
142
-90
-207
-107
84
170
87
-78
-154
-42
88
121
21
-76
-109
-40
70
128
51
-63
-91
-42
62
97
5
-73
-43
85
104
-65
-132
-51
64
124
31
-123
-168
-13
196
134
-98
-206
-77
121
174
23
-144
-145
-7
124
142
-6
-185
-113
83
168
53
-107
-129
-4
97
91
-22
-112
-48
70
82
-25
-113
-42
60
131
2
-182
-181
78
232
98
-103
-199
-115
84
183
112
-109
-191
-59
116
157
37
-95
-131
-66
76
147
82
-118
-199
-13
180
87
-82
-138
-30
136
103
-118
-176
17
188
98
-75
-123
-39
75
100
59
-8
-105
-107
79
186
65
-100
-135
-35
105
123
48
-85
-119
-54
86
161
28
-139
-148
26
179
100
-116
-187
8
185
105
-112
-144
52
177
60
-140
-160
9
222
204
-49
-244
-152
85
213
146
-93
-220
-57
126
137
28
-101
-102
4
37
63
58
-13
-86
-114
42
164
92
-73
-151
-17
154
83
-104
-153
54
205
63
-165
-154
17
133
91
-48
-146
-119
31
161
121
-70
-212
-111
99
203
69
-175
-191
4
184
158
-57
-213
-121
115
210
46
-153
-175
36
166
106
-91
-152
-32
111
91
-45
-146
-62
102
137
-4
-191
-188
60
216
132
-82
-222
-133
85
206
135
-88
-231
-118
106
209
78
-108
-152
-58
91
127
57
-83
-187
-64
154
150
-11
-210
-110
169
181
-67
-250
-64
198
190
-2
-185
-146
58
153
151
-20
-162
-135
53
238
139
-126
-211
-62
162
199
17
-158
-176
26
162
121
-41
-154
-68
79
109
39
-69
-96
3
95
76
-66
-80
38
100
44
-58
-109
-22
127
187
7
-186
-142
36
182
164
-30
-187
-154
36
205
157
-57
-211
-112
98
167
87
-103
-170
-28
106
144
49
-109
-125
11
132
85
-70
-122
8
121
74
-68
-91
-55
16
107
63
-62
-186
-75
190
194
-68
-256
-146
129
243
63
-167
-225
-17
197
179
-44
-215
-111
114
169
29
-137
-111
34
107
85
-62
-114
-28
88
49
-77
-82
27
65
45
-39
-97
-103
18
100
108
15
-156
-164
0
180
173
-30
-211
-155
102
194
31
-98
-109
-29
39
114
81
-78
-167
-71
130
130
-36
-151
-54
119
101
-86
-152
2
156
114
-31
-116
-94
31
110
122
-9
-156
-107
95
221
59
-147
-151
18
117
102
8
-102
-91
21
90
76
-53
-89
-18
72
80
-22
-72
-70
44
100
8
-82
-48
54
81
27
-51
-109
-5
133
149
21
-141
-191
-45
228
258
-37
-291
-195
140
295
94
-194
-216
19
164
116
-28
-102
-70
2
41
87
79
-7
-122
-86
53
124
29
-99
-72
112
137
-41
-178
-115
111
215
12
-201
-195
49
244
131
-127
-264
-94
169
208
20
-181
-162
-7
159
158
-19
-172
-136
66
145
83
-35
-133
-88
58
161
31
-147
-99
73
121
34
-110
-145
4
185
113
-156
-271
-55
223
267
9
-317
-246
99
281
141
-148
-215
-37
111
121
5
-44
-56
-95
-25
126
166
-35
-248
-136
165
224
-17
-218
-115
149
186
-68
-253
-53
199
159
-27
-138
-110
34
127
152
17
-182
-171
68
258
151
-148
-208
-41
136
161
7
-127
-131
-7
110
135
12
-140
-112
51
155
67
-115
-156
25
172
67
-120
-128
43
147
74
-78
-155
-40
163
196
18
-182
-159
9
179
167
-21
-141
-141
-19
154
171
-6
-193
-135
75
144
78
-54
-121
-56
56
130
71
-48
-114
-56
77
110
-16
-101
-12
118
114
-96
-165
-36
90
120
-7
-125
-122
-11
164
151
-71
-237
-139
140
227
17
-181
-145
23
137
102
-17
-129
-113
27
131
91
-65
-111
-35
72
109
-4
-136
-62
94
119
-52
-159
-74
116
173
-2
-231
-180
53
218
162
-92
-238
-127
117
215
57
-127
-167
-41
96
105
35
-54
-78
-55
22
118
111
-93
-214
-16
191
100
-129
-145
25
162
51
-144
-156
47
201
61
-134
-96
30
83
24
2
48
-22
-124
-17
155
157
-38
-157
-104
53
178
101
-99
-197
-50
152
175
-21
-173
-124
76
194
50
-123
-133
26
132
57
-83
-88
41
120
52
-104
-126
24
155
140
-22
-137
-110
-21
139
180
24
-199
-197
60
262
128
-138
-193
-41
133
151
9
-106
-99
-23
70
96
50
-10
-96
-93
59
140
12
-105
-61
98
112
-48
-160
-82
101
137
15
-111
-166
-38
160
177
-39
-263
-148
128
222
69
-159
-204
-1
156
150
-25
-171
-133
47
177
115
-97
-182
-40
142
131
-59
-151
-28
119
73
-90
-126
-27
133
124
-53
-154
-112
23
105
106
30
-138
-190
-4
195
187
-50
-222
-141
97
198
53
-99
-102
-25
21
57
122
6
-179
-147
73
171
95
-102
-221
0
201
89
-154
-173
63
188
92
-73
-162
-63
108
186
74
-141
-187
22
224
153
-79
-185
-74
84
146
60
-60
-132
-70
96
164
27
-153
-133
55
150
58
-71
-123
-44
119
118
-51
-141
-11
130
86
-31
-137
-57
125
193
61
-164
-191
-13
196
208
-31
-208
-143
92
214
88
-127
-171
-10
133
78
-26
-47
-17
-23
-26
58
107
43
-99
-108
-2
133
50
-56
-62
27
110
13
-132
-90
21
120
55
-96
-131
-58
141
170
-20
-214
-171
79
233
110
-146
-230
-40
176
168
-13
-194
-141
79
162
74
-70
-138
-39
81
112
-4
-118
-55
70
82
-42
-107
-48
48
143
40
-151
-215
-31
228
192
-53
-240
-143
72
188
81
-90
-131
-40
42
66
62
22
-66
-118
-46
136
177
-41
-237
-143
128
184
20
-132
-138
50
187
22
-186
-153
102
229
53
-139
-179
3
162
158
13
-156
-150
39
216
150
-77
-193
-85
103
161
43
-111
-131
-1
110
91
-24
-81
-51
14
73
65
-41
-94
-36
79
106
-22
-109
-73
97
178
13
-200
-152
141
316
78
-246
-227
25
233
172
-40
-173
-128
25
145
140
-17
-171
-109
67
166
102
-104
-185
-46
120
152
20
-99
-92
12
87
46
-21
-61
-18
93
60
-79
-113
-7
58
65
7
-26
-105
-103
73
213
39
-215
-212
42
244
140
-152
-226
-54
146
196
18
-180
-163
20
192
144
-76
-196
-85
110
172
8
-141
-120
50
151
37
-132
-124
34
163
84
-131
-243
-42
202
171
-9
-181
-159
44
128
98
8
-99
-144
-34
148
148
-17
-124
-123
18
149
110
-65
-194
-90
143
139
-36
-136
-90
101
169
-33
-220
-103
170
194
-3
-167
-117
83
106
40
9
-56
-83
3
98
112
22
-81
-142
-56
133
193
17
-221
-188
103
261
68
-204
-200
62
203
88
-114
-156
16
128
53
-58
-85
16
103
66
-39
-114
-63
100
175
79
-136
-173
-19
137
174
15
-137
-137
-6
126
131
-8
-139
-111
43
133
93
-46
-144
-77
74
108
65
-45
-74
-15
42
30
-23
-17
36
70
25
-76
-75
-7
20
33
35
-9
-95
-103
74
173
40
-199
-196
55
230
129
-138
-230
-64
161
198
43
-188
-199
63
213
88
-118
-177
-26
123
124
-27
-130
-54
82
95
-61
-113
-15
46
72
47
-80
-151
-72
88
186
117
-161
-292
-47
264
229
-70
-266
-147
142
213
44
-130
-120
5
74
42
54
-21
-101
-92
15
113
66
-64
-130
32
141
4
-164
-121
104
190
77
-144
-182
13
162
144
12
-131
-147
5
192
160
-36
-156
-144
54
198
99
-114
-185
-40
131
190
17
-202
-150
60
191
87
-118
-152
3
136
67
-43
-75
-22
70
98
15
-118
-129
65
250
138
-141
-259
-118
187
315
52
-247
-242
30
277
181
-96
-248
-69
128
122
21
-34
-80
-85
-8
145
152
-22
-142
-100
57
137
41
-112
-104
80
160
16
-119
-141
-18
146
139
-68
-243
-130
184
293
12
-321
-243
124
297
111
-214
-231
10
151
140
6
-132
-141
-12
150
136
-49
-147
-88
62
154
69
-118
-152
15
154
71
-98
-170
-25
159
125
-86
-243
-96
144
213
83
-169
-248
-31
191
184
-14
-183
-139
40
163
61
-62
-77
-50
11
63
69
21
-112
-117
35
122
31
-73
-79
14
83
28
-91
-72
32
104
87
-52
-175
-32
154
161
48
-171
-181
39
222
154
-95
-170
-58
73
133
61
-73
-130
-40
98
143
12
-148
-101
68
114
42
-50
-86
-34
79
94
-24
-111
-21
116
95
-40
-113
-57
86
176
84
-106
-171
-84
80
243
117
-167
-235
-27
202
203
-36
-217
-124
85
164
60
-83
-89
-13
-4
34
104
66
-51
-133
-45
120
86
-47
-93
40
108
2
-112
-97
4
136
94
-85
-187
-96
142
220
0
-214
-201
41
215
140
-96
-226
-99
122
210
49
-169
-188
8
177
142
-64
-185
-88
102
179
11
-133
-119
53
155
14
-143
-128
61
182
86
-151
-250
-83
188
242
57
-199
-259
-37
233
225
-38
-238
-156
99
178
54
-96
-82
1
4
0
98
73
-113
-200
-1
197
110
-116
-164
11
174
55
-166
-159
59
200
122
-75
-180
-77
91
185
96
-112
-186
-35
187
164
-34
-130
-110
1
139
139
-11
-171
-132
90
219
48
-157
-182
31
212
104
-126
-172
9
169
78
-115
-131
68
157
52
-103
-127
1
135
142
10
-84
-84
-76
27
188
140
-92
-227
-119
147
259
46
-207
-198
38
190
127
-52
-138
-102
24
149
143
-29
-170
-114
79
166
18
-126
-56
109
131
-58
-137
-53
49
84
35
0
-105
-156
12
211
134
-155
-265
-52
226
235
-60
-261
-188
120
279
79
-183
-202
26
169
87
-45
-100
-53
44
69
27
-51
-50
11
29
-7
6
-41
-48
46
79
7
-149
-161
51
221
143
-115
-289
-114
188
280
26
-248
-237
71
264
114
-132
-164
-23
78
65
58
-24
-133
-73
82
111
-11
-91
-68
61
116
-18
-165
-112
115
191
4
-93
-109
-29
67
140
97
-88
-185
-60
175
221
-24
-200
-126
72
169
76
-84
-128
-42
85
134
32
-104
-126
14
133
85
-61
-127
-26
81
93
-13
-116
-34
116
124
-24
-152
-83
104
218
81
-145
-174
-57
71
222
109
-129
-225
-60
173
208
10
-191
-153
68
183
80
-102
-131
-14
56
43
22
23
-10
-19
-11
16
-10
-19
30
41
51
-14
-72
-76
-33
111
130
-47
-197
-162
132
285
44
-260
-239
62
246
137
-115
-225
-58
118
135
51
-72
-148
-59
114
142
10
-113
-90
40
116
18
-82
-74
37
85
16
-107
-77
25
111
66
-79
-195
-119
119
209
121
-134
-279
-93
178
230
46
-191
-216
25
205
118
-61
-124
-79
3
70
144
38
-159
-184
24
211
101
-125
-196
-16
224
134
-171
-246
9
250
176
-92
-238
-89
154
198
70
-143
-189
-2
175
161
-2
-135
-118
4
150
128
-34
-157
-117
47
195
111
-112
-188
-34
171
148
-61
-198
-78
152
163
-41
-160
-49
135
120
-41
-138
-63
101
169
90
-90
-180
-83
56
209
135
-120
-215
-68
142
193
30
-165
-153
46
155
68
-57
-71
-36
5
57
68
1
-52
-59
19
73
8
-54
-14
58
60
-26
-84
-39
24
51
57
-20
-130
-130
51
217
108
-173
-266
-38
235
213
-61
-278
-144
146
239
72
-170
-198
6
166
124
-63
-136
-62
68
151
34
-135
-123
55
123
36
-92
-136
-32
139
148
-73
-230
-129
121
194
78
-108
-178
-102
100
208
83
-125
-215
-89
135
236
58
-170
-182
-22
161
186
-13
-234
-177
129
215
28
-170
-168
72
245
56
-252
-230
107
300
112
-152
-218
-21
135
151
48
-111
-163
-36
181
190
-24
-143
-93
10
99
96
22
-73
-147
0
168
135
-77
-209
-61
154
168
-13
-193
-84
124
155
-24
-156
-46
132
121
-33
-130
-69
75
144
110
-53
-173
-89
75
179
101
-75
-172
-105
75
234
102
-171
-207
-2
191
130
-50
-136
-92
42
94
97
1
-74
-92
2
113
50
-64
-49
31
93
14
-98
-65
19
40
34
16
-33
-144
-52
162
160
-68
-250
-126
163
240
7
-251
-194
93
233
106
-143
-208
-22
158
142
-24
-176
-73
83
123
33
-120
-108
44
117
38
-113
-125
10
136
84
-98
-183
-108
136
201
53
-129
-218
-82
131
196
60
-112
-196
-68
156
196
-16
-190
-98
86
106
54
-57
-140
-86
87
136
11
-81
-130
11
181
60
-175
-157
54
213
99
-109
-186
-58
114
182
101
-110
-214
-57
193
240
-8
-209
-149
50
176
114
-43
-181
-117
112
211
61
-157
-188
15
180
127
-85
-180
-50
141
144
-48
-164
-19
125
96
-18
-103
-51
36
126
136
-16
-186
-160
57
236
174
-101
-261
-96
151
231
78
-169
-186
8
162
126
-58
-129
-65
28
98
88
1
-90
-71
37
102
30
-78
-54
58
125
26
-148
-134
25
150
106
-80
-199