#4
455
-302
-476
228
739
315
-404
-401
306
739
247
-448
-346
342
574
188
-245
-184
220
321
79
-48
90
186
73
-35
14
234
291
-8
-205
42
412
324
-137
-273
137
479
261
-215
-263
124
455
311
-186
-290
122
449
254
-212
-244
258
450
10
-296
90
389
122
-242
-115
414
497
-102
-483
-91
519
525
-36
-432
-216
354
556
141
-340
-229
235
420
127
-205
-106
227
284
18
-158
21
242
158
-46
-49
122
129
20
34
146
149
18
-146
18
324
311
-68
-322
-64
439
487
-77
-457
-103
461
447
-69
-374
-75
385
341
-98
-274
46
373
165
-127
-27
162
143
-13
-56
132
250
68
-141
25
224
167
24
-31
-104
66
361
245
-160
-272
47
394
314
-98
-218
46
181
122
98
99
39
-83
-40
196
280
94
-194
-171
216
397
97
-261
-133
289
401
31
-346
-130
420
477
-79
-434
-126
392
461
33
-355
-185
250
353
104
-141
-108
103
172
49
-20
81
156
14
-98
59
265
156
-109
-120
163
263
55
-181
-160
215
381
46
-270
-168
240
367
-12
-282
-30
327
161
-139
-31
144
58
-69
-39
179
267
24
-250
-162
194
374
194
-197
-382
0
475
370
-166
-442
-55
416
365
-111
-362
-25
383
262
-185
-331
87
409
176
-198
-257
64
309
163
-97
-83
83
55
-9
78
185
57
-174
-155
180
431
119
-333
-289
185
465
173
-296
-341
105
454
198
-261
-253
134
337
113
-111
-139
64
167
81
3
16
34
58
76
32
-20
107
111
-159
-120
336
352
-105
-395
-125
421
439
-79
-412
-118
326
305
-2
-185
-48
155
125
2
12
77
38
-26
-8
107
113
23
-51
27
159
105
-83
-110
129
280
78
-231
-191
111
368
225
-207
-320
15
341
314
-87
-317
-118
263
287
-52
-184
10
167
108
-60
-1
122
90
-15
-49
51
133
43
-161
-45
237
204
-121
-239
22
325
130
-232
-207
172
302
13
-149
-40
16
53
89
76
56
-32
-100
-53
88
182
131
-60
-249
-126
257
373
29
-360
-242
222
417
70
-356
-220
248
376
-22
-356
-158
267
350
-9
-366
-195
250
370
3
-231
-95
89
139
81
25
-2
-89
-105
72
262
148
-144
-248
-12
304
245
-126
-301
-64
260
267
-98
-266
-70
211
284
60
-257
-197
150
316
93
-192
-159
115
279
75
-246
-103
256
102
-166
-18
235
155
-167
-259
77
368
201
-192
-299
-31
289
276
-41
-260
-96
183
229
55
-129
-109
67
146
69
-56
-70
52
138
101
-28
-106
-23
159
185
19
-147
-111
36
191
177
-44
-216
-126
169
309
104
-277
-265
97
339
163
-187
-213
42
232
138
-46
-134
-38
166
167
-36
-85
-11
-7
58
138
41
-79
-127
-4
165
96
-95
-79
58
61
-55
69
170
-87
-220
-3
269
233
-123
-311
-74
225
253
61
-168
-247
-52
258
307
-18
-317
-235
157
369
130
-265
-270
96
347
89
-286
-222
155
309
58
-267
-245
127
352
119
-214
-216
27
189
151
-8
-127
-114
20
156
146
1
-126
-133
25
197
155
-99
-238
-51
208
207
-79
-230
-36
139
190
75
-163
-208
80
270
135
-173
-225
56
303
134
-212
-166
172
115
-136
-22
198
150
-165
-328
46
427
266
-219
-404
-79
340
364
-39
-334
-194
193
339
88
-220
-209
55
228
136
-112
-177
32
217
151
-90
-215
-9
231
187
-66
-207
-46
126
112
74
-38
-113
-89
60
205
150
-110
-255
-63
201
205
-20
-186
-62
136
159
4
-139
-60
168
167
-45
-138
-56
31
99
134
-30
-142
-79
90
175
15
-183
-64
165
92
-109
1
142
-87
-183
28
239
193
-144
-313
-70
253
249
8
-185
-225
-41
230
265
-28
-265
-178
125
271
90
-179
-185
44
171
93
-129
-167
14
184
126
-109
-242
-61
253
231
-80
-254
-123
153
251
63
-156
-193
-37
175
220
10
-217
-140
109
165
71
-98
-138
-23
116
83
-53
-79
3
45
0
61
54
-93
-88
75
156
37
-112
-89
118
176
-69
-154
58
153
-79
-92
135
176
-88
-276
-37
309
275
-115
-315
-142
218
329
63
-262
-238
86
303
134
-146
-225
-27
230
182
-109
-208
3
230
168
-86
-208
-49
242
212
-62
-234
-98
146
180
57
-83
-165
-51
116
210
48
-179
-192
30
237
139
-127
-150
18
142
73
-12
-71
-39
87
115
-5
-103
-52
-5
92
131
-21
-139
-82
51
136
27
-114
-76
88
61
-67
56
126
-142
-223
27
289
233
-182
-371
-78
310
286
-59
-242
-204
-18
219
227
-2
-242
-212
62
264
146
-157
-228
23
200
88
-147
-181
22
204
130
-151
-270
-43
277
281
-135
-365
-89
237
296
-13
-261
-160
104
198
83
-69
-117
-69
59
117
59
-82
-110
-22
79
54
-26
-33
-28
-4
39
139
29
-204
-122
133
246
47
-210
-146
157
236
-44
-181
24
102
-106
-16
214
119
-152
-268
-17
329
280
-130
-356
-167
249
366
45
-294
-239
97
313
145
-165
-228
-8
211
156
-114
-212
14
221
157
-111
-201
-11
213
177
-86
-181
-10
112
60
9
-30
-39
-47
1
97
116
-51
-181
-75
116
153
14
-112
-66
57
108
43
-60
-77
82
120
-14
-116
-34
54
41
34
-15
-48
-27
1
44
34
-69
-62
64
44
-49
69
76
-139
-181
74
255
123
-208
-278
0
234
181
-28
-147
-163
-62
156
235
23
-243
-242
77
300
134
-204
-253
64
270
57
-221
-196
63
235
110
-183
-287
-16
282
213
-121
-239
-93
139
208
54
-141
-194
-31
178
210
25
-218
-184
63
216
110
-104
-177
-74
110
157
-16
-159
-82
72
114
128
-41
-219
-99
152
221
26
-203
-157
154
257
-59
-225
9
111
-36
19
160
36
-171
-224
55
325
205
-191
-298
-83
191
319
72
-269
-275
46
319
202
-131
-294
-104
260
273
-102
-301
-50
275
207
-92
-260
-83
218
238
-31
-225
-89
79
97
120
3
-143
-176
13
226
208
-101
-321
-108
222
246
-25
-219
-115
130
219
2
-194
-73
154
171
-46
-156
-35
60
18
37
35
0
-85
-55
80
70
-71
-67
63
42
-89
57
142
-110
-218
-29
273
227
-173
-324
-40
235
189
-25
-132
-153
-74
115
236
80
-213
-267
22
270
183
-148
-257
8
213
107
-143
-198
-6
181
176
-94
-293
-109
226
264
-39
-250
-164
95
235
116
-146
-226
-52
191
220
-35
-211
-111
87
175
31
-155
-125
34
143
51
-109
-118
19
93
46
40
-28
-130
-35
111
106
8
-117
-83
115
171
-67
-192
25
121
-53
-3
108
37
-100
-161
29
224
123
-114
-185
-53
95
177
88
-100
-166
-78
133
211
18
-185
-138
80
203
27
-163
-121
131
212
5
-196
-117
151
253
30
-248
-160
77
197
138
-93
-189
-95
85
213
108
-113
-252
-78
227
193
-45
-187
-105
123
212
25
-140
-132
85
177
40
-131
-73
15
23
75
84
-40
-138
-62
102
99
-61
-85
33
28
-67
80
158
-105
-270
-70
286
294
-96
-390
-168
236
289
53
-165
-238
-102
150
278
94
-233
-287
-10
292
208
-136
-297
-45
240
163
-133
-244
-22
195
131
-118
-218
-47
187
172
-63
-184
-123
57
207
97
-104
-202
-85
165
212
1
-161
-156
25
191
106
-123
-200
-45
164
143
-86
-202
-27
135
102
45
-71
-167
-36
149
147
-15
-153
-92
117
208
-50
-199
40
111
-77
-42
122
122
-85
-222
-40
238
209
-85
-228
-114
82
230
132
-114
-235
-68
208
221
-13
-237
-157
128
269
22
-263
-144
202
281
-25
-260
-145
180
284
23
-253
-158
98
185
96
-75
-152
-69
62
146
96
-84
-198
-56
157
138
-50
-132
-7
87
81
-29
-79
-44
102
136
-16
-148
-64
17
57
141
22
-160
-153
55
211
46
-201
-163
121
213
-38
-164
33
50
-43
-51
47
136
-12
-176
-120
88
165
76
-53
-212
-163
129
266
105
-255
-278
61
282
116
-158
-221
8
208
104
-155
-208
17
202
124
-120
-263
-97
225
251
-29
-238
-188
84
258
119
-153
-215
-37
148
173
21
-162
-162
35
182
105
-82
-177
-75
130
132
-43
-117
-63
30
83
96
37
-152
-121
68
176
85
-138
-156
95
211
-34
-232
58
197
-89
-129
103
169
-10
-238
-128
197
289
11
-261
-182
63
251
164
-126
-243
-57
191
196
-15
-177
-123
82
164
32
-109
-84
85
126
21
-117
-92
94
183
31
-159
-141
66
148
55
-62
-73
-71
9
120
124
-36
-202
-101
133
168
12
-136
-135
64
188
63
-109
-152
65
193
28
-147
-107
23
97
88
-44
-75
-64
16
89
54
-108
-102
90
74
-102
-53
208
42
-285
-169
204
331
16
-371
-257
126
336
158
-148
-290
-176
141
326
135
-251
-363
-5
331
253
-153
-314
-55
231
163
-134
-217
-29
174
157
-72
-255
-137
164
268
13
-190
-159
15
167
104
-56
-138
-88
77
170
97
-152
-211
19
212
125
-95
-198
-42
118
124
-61
-160
-52
92
113
47
-7
-135
-104
65
178
74
-124
-161
60
234
28
-208
-53
137
13
-72
65
84
-30
-137
-60
135
162
9
-167
-142
47
211
148
-105
-209
-108
175
259
8
-241
-168
141
255
-6
-200
-119
133
204
40
-158
-160
79
233
88
-158
-189
48
160
69
-28
-100
-94
19
132
125
-13
-200
-154
98
238
66
-173
-163
66
194
87
-136
-144
66
221
57
-176
-116
24
74
104
-6
-100
-72
20
103
30
-106
-95
73
131
-61
-89
107
18
-171
-110
153
234
-14
-280
-151
121
231
63
-113
-164
-138
68
234
127
-151
-282
-66
260
239
-90
-296
-75
202
180
-80
-246
-125
159
264
-4
-335
-251
155
388
118
-335
-322
68
366
184
-198
-290
-39
193
202
-5
-190
-140
46
131
83
-39
-116
-85
10
103
46
-54
-89
-21
30
85
111
-101
-187
16
182
132
-108
-206
55
255
44
-224
-76
197
11
-205
32
273
81
-301
-278
170
420
136
-325
-386
36
416
298
-194
-398
-113
286
310
-9
-303
-198
144
289
62
-242
-194
158
294
22
-246
-163
137
269
55
-204
-174
57
158
90
-44
-132
-93
52
150
78
-78
-153
-78
112
145
0
-124
-90
77
167
40
-121
-131
71
212
41
-153
-131
27
105
79
13
-109
-88
24
100
46
-90
-101
82
96
-87
-74
154
47
-199
-145
91
294
103
-297
-314
97
340
169
-135
-303
-186
138
338
146
-246
-343
-20
311
235
-146
-326
-53
278
184
-153
-268
-43
188
175
-51
-248
-178
156
325
39
-309
-213
110
284
91
-195
-203
-13
156
168
28
-136
-183
-22
173
168
-51
-230
-118
145
184
-42
-205
-76
139
95
29
-37
-128
-76
103
177
38
-161
-153
69
243
25
-209
-40
146
-19
-116
112
169
-57
-260
-112
249
298
-59
-309
-156
117
259
117
-133
-206
-61
173
199
-26
-180
-111
101
166
26
-142
-117
97
186
55
-158
-162
79
233
78
-135
-152
3
83
120
61
-117
-165
-29
150
187
17
-220
-203
76
244
103
-170
-190
43
213
104
-118
-182
40
215
82
-163
-126
76
72
24
-29
-47
-12
8
8
5
-26
-30
79
33
-175
-24
253
35
-281
-201
176
341
20
-341
-226
137
260
70
-82
-150
-161
10
197
186
-67
-297
-138
197
281
-2
-295
-176
181
264
-57
-278
-130
183
227
-7
-286
-225
144
347
65
-282
-227
65
225
139
-93
-177
-91
69
171
117
-94
-192
-70
154
179
-23
-183
-138
74
172
12
-144
-75
62
55
35
64
-72
-127
-60
131
184
-17
-183
-75
161
112
-111
-35
88
-76
-99
141
197
-20
-272
-181
185
323
45
-251
-240
40
263
211
-61
-276
-149
156
286
47
-217
-178
84
214
46
-172
-125
104
200
62
-156
-145
50
227
107
-130
-192
-35
129
183
24
-171
-174
17
200
173
-50
-255
-179
148
293
27
-225
-198
114
258
81
-185
-194
87
282
68
-212
-204
52
119
98
42
-103
-151
-39
119
161
-49
-208
-43
160
28
-23
54
-74
-158
-60
155
207
17
-243
-213
72
242
147
-73
-231
-202
53
286
189
-147
-320
-122
234
289
-34
-306
-157
171
241
-39
-263
-141
131
253
31
-274
-230
83
341
118
-247
-251
-2
250
194
-71
-216
-132
83
200
84
-114
-164
-20
126
129
-36
-139
-76
48
107
19
-99
-55
-6
28
131
97
-153
-189
51
232
123
-179
-234
72
307
71
-302
-89
226
47
-130
-4
146
81
-174
-203
92
308
106
-207
-248
-3
233
213
-71
-219
-102
99
196
68
-109
-158
-18
155
112
-87
-140
33
155
76
-77
-133
-18
174
142
-84
-171
-29
106
96
17
-74
-106
-16
106
107
-7
-139
-108
34
160
88
-108
-116
-7
128
98
-33
-130
-52
158
158
-106
-171
-32
98
121
19
-140
-85
43
108
28
-136
-96
139
151
-157
-191
168
169
-124
-221
2
263
151
-180
-290
-23
227
185
10
-216
-268
37
294
209
-148
-327
-99
235
253
-71
-279
-71
182
155
-87
-202
-69
144
150
-9
-173
-201
65
241
103
-134
-192
-43
133
169
24
-140
-177
-10
205
191
-72
-246
-122
156
256
7
-255
-168
92
213
26
-201
-135
110
136
47
-41
-136
-55
102
120
34
-110
-146
67
221
25
-214
-64
185
-2
-145
59
160
55
-191
-207
108
288
101
-182
-262
-26
214
258
-9
-260
-202
121
289
97
-192
-219
37
234
139
-156
-226
56
263
110
-170
-212
41
249
136
-132
-238
-38
198
162
-51
-137
-104
23
136
108
-30
-150
-140
90
187
47
-133
-123
33
149
54
-81
-100
30
159
74
-111
-92
-8
20
88
74
-66
-140
-33
113
125
-79
-177
25
189
-23
-173
43
150
-55
-168
-33
203
162
-136
-271
-62
210
215
36
-213
-294
-17
325
270
-141
-366
-115
228
245
-38
-221
-104
111
164
-24
-186
-98
99
168
16
-194
-187
64
266
101
-168
-210
-22
183
164
-40
-170
-146
48
212
131
-144
-252
3
224
166
-101
-246
-67
151
179
-51
-206
-59
117
99
-3
-47
-91
-35
60
95
48
-47
-85
-11
124
78
-143
-66
166
-14
-167
28
191
105
-192
-252
76
311
137
-199
-255
-27
209
226
-33
-229
-155
82
242
105
-134
-198
-1
173
121
-77
-171
-15
188
121
-85
-173
-11
192
152
-56
-221
-90
166
176
-2
-166
-133
66
147
82
-51
-157
-71
97
146
-8
-115
-54
63
76
50
-29
-74
-20
130
102
-92
-133
-22
44
116
63
-69
-102
-52
78
107
-44
-116
23
83
-45
-103
145
176
-175
-300
27
386
234
-301
-440
0
404
253
-112
-294
-222
67
292
193
-120
-305
-116
171
231
22
-208
-165
82
188
26
-171
-138
51
177
89
-181
-233
-14
246
239
-154
-320
-52
219
241
-66
-248
-109
99
166
77
-87
-130
-49
75
143
21
-156
-142
16
161
69
-102
-113
-4
73
63
73
-44
-177
-54
160
169
-48
-190
-48
206
138
-157
-161
111
78
-69
13
85
39
-107
-135
43
183
104
-93
-166
-84
128
223
58
-189
-214
50
257
128
-152
-215
14
233
129
-161
-195
79
224
92
-144
-194
24
239
172
-122
-240
-43
165
145
-2
-138
-102
39
99
80
10
-101
-146
-27
154
133
-29
-160
-77
135
154
6
-152
-94
141
157
-30
-142
-69
21
112
100
-41
-136
-95
68
133
-6
-127
-33
68
-11
-69
108
105
-174
-208
51
270
150
-201
-302
-19
240
184
-34
-167
-193
-41
182
235
-4
-274
-215
121
298
90
-239
-240
69
277
54
-234
-205
99
250
31
-210
-239
22
294
189
-199
-284
-26
220
196
-49
-220
-129
68
203
142
-104
-223
-80
150
188
27
-197
-196
38
213
102
-152
-189
9
124
95
79
-65
-205
-78
176
226
-12
-210
-116
180
161
-140
-124
159
79
-191
-62
231
200
-159
-344
-39
340
304
-130
-392
-172
252
402
24
-343
-267
145
355
98
-219
-229
42
227
95
-114
-129
33
156
63
-71
-129
-4
146
115
-38
-107
-64
22
62
132
24
-158
-145
35
214
147
-152
-278
-28
237
191
-118
-230
-4
198
130
-94
-191
1
206
150
-107
-210
9
129
63
-18
-71
-36
-7
17
44
-31
-65
27
66
-66
-98
138
121
-186
-210
67
286
138
-246
-288
32
273
148
-111
-158
-122
27
149
123
-49
-178
-106
69
151
69
-124
-145
54
136
19
-132
-121
10
135
128
-99
-267
-91
247
278
-85
-304
-162
155
274
70
-215
-210
7
220
197
-91
-250
-93
152
207
2
-219
-143
76
191
26
-170
-150
72
162
60
-7
-130
-147
64
207
110
-129
-203
4
249
140
-211
-228
157
191
-118
-102
96
140
-44
-224
-34
243
189
-107
-259
-120
188
299
51
-277
-234
113
281
90
-176
-175
39
169
85
-106
-137
42
139
98
-74
-172
-39
197
199
-54
-251
-74
141
161
49
-133
-158
-33
136
148
3
-155
-143
45
196
75
-129
-146
37
155
87
-62
-140
-18
163
127
-55
-162
-37
82
56
18
-37
-31
1
-5
25
-1
-44
6
73
-59
-107
129
104
-136
-203
45
259
162
-191
-288
-27
233
167
-14
-150
-191
-69
182
249
9
-258
-215
76
278
120
-185
-256
12
256
122
-199
-223
34
202
112
-134
-252
-77
229
220
-77
-238
-141
101
244
95
-188
-241
-6
237
167
-83
-220
-62
141
138
-12
-133
-110
14
110
51
-88
-80
-8
49
53
67
-69
-137
-10
135
134
-51
-180
-43
212
143
-184
-180
133
116
-108
-33
134
101
-132
-229
20
285
200
-147
-295
-115
208
299
51
-243
-241
44
282
171
-149
-252
-22
226
168
-117
-216
18
200
120
-75
-177
-65
171
209
-18
-216
-116
111
158
58
-91
-153
-10
102
87
25
-76
-136
-19
147
129
-84
-171
10
158
127
-66
-146
-33
168
138
-57
-155
-48
14
99
143
-25
-190
-152
83
214
49
-190
-124
121
94
-102
45
53
-113
-104
15
184
148
-129
-266
-69
225
191
-15
-148
-222
-49
202
238
-24
-290
-198
144
273
70
-224
-196
84
215
22
-204
-173
93
199
89
-165
-262
-53
227
256
-61
-301
-173
151
285
76
-211
-223
-7
211
188
-54
-206
-121
91
191
56
-143
-181
-17
158
122
-85
-167
-37
104
120
50
-113
-153
5
160
145
-70
-189
-40
234
152
-208
-170
178
115
-164
-68
157
174
-103
-295
-31
321
253
-129
-348
-114
198
291
73
-238
-240
70
239
109
-107
-145
-1
118
90
-71
-131
15
139
109
-56
-154
-46
148
201
-11
-201
-116
76
152
95
-87
-146
-66
78
165
59
-80
-201
-79
185
186
-63
-180
-77
139
166
-18
-152
-79
141
179
-46
-206
-63
76
123
85
-78
-143
-45
88
121
-32
-169
-35
162
24
-160
13
166
-40
-199
-72
179
227
-67
-300
-131
153
214
84
-141
-249
-90
194
257
-5
-282
-215
118
279
84
-191
-220
20
231
89
-191
-178
14
190
113
-125
-252
-70
191
229
-35
-192
-151
57
188
94
-97
-160
-53
108
172
49
-149
-182
24
210
121
-145
-232
-14
191
103
-112
-138
-4
83
80
58
-50
-142
-48
94
161
26
-142
-113
120
187
-74
-151
82
39
-93
37
131
38
-111
-156
9
203
131
-65
-138
-110
25
189
165
-77
-228
-100
181
217
-22
-199
-124
145
178
-45
-168
-44
174
158
-56
-189
-98
159
254
1
-229
-170
104
209
55
-97
-153
-47
117
145
21
-117
-168
-31
158
150
-45
-160
-89
107
183
38
-135
-112
48
168
62
-122
-121
-26
96
150
-9
-137
-121
37
163
24
-133
-80
97
56
-112
0
147
-44
-211
-75
206
239
-47
-294
-195
141
272
103
-136
-294
-136
220
312
7
-291
-240
81
275
122
-162
-251
6
211
127
-149
-240
-19
199
182
-74
-294
-147
202
298
-2
-277
-188
102
254
90
-164
-215
-4
188
160
-42
-175
-94
68
174
39
-156
-144
47
160
43
-157
-113
33
121
36
-27
-3
-69
-53
63
113
38
-112
-101
95
182
-75
-194
83
153
-66
-105
37
168
39
-211
-150
159
272
43
-231
-260
39
329
219
-162
-318
-79
258
252
-57
-251
-101
154
193
-28
-181
-60
153
167
-4
-183
-112
109
214
64
-159
-156
33
134
80
-24
-107
-87
20
140
101
-54
-180
-91
136
175
-32
-173
-68
133
160
-30
-149
-76
144
172
-40
-189
-51
87
63
33
-11
-56
-47
-18
55
58
-76
-66
64
77
-91
-42
146
5
-217
-124
184
313
-57
-369
-205
236
322
35
-240
-265
-17
235
235
-47
-285
-164
116
239
51
-181
-169
36
210
71
-171
-189
0
183
147
-82
-260
-155
178
333
-1
-324
-201
144
291
78
-217
-222
18
220
165
-52
-197
-112
74
159
70
-84
-165
-62
111
128
-50
-152
-47
85
83
52
-14
-150
-74
112
152
18
-124
-105
94
172
-58
-190
56
138
-93
-85
119
171
-33
-250
-135
199
297
10
-261
-211
63
307
180
-163
-307
-77
271
234
-69
-226
-116
140
201
-12
-196
-85
162
193
-50
-196
-87
156
219
2
-194
-127
105
139
34
-46
-83
-63
19
84
102
-20
-177
-103
149
181
-36
-213
-69
180
174
-53
-199
-52
188
173
-57
-208
-60
124
73
1
-34
-36
-10
10
2
-51
-13
77
77
-95
-210
93
336
-27
-357
-186
251
374
-45
-382
-227
181
331
71
-155
-249
-124
175
266
45
-226
-240
43
237
126
-113
-199
-28
158
114
-90
-182
-54
153
127
-35
-229
-159
142
307
27
-274
-183
117
218
56
-147
-141
17
125
117
-34
-120
-51
30
79
62
-71
-119
-29
114
72
-85
-116
-5
89
9
14
70
-63
-102
-11
114
102
-59
-138
24
178
19
-148
-21
131
-71
-101
119
154
-35
-243
-116
229
260
-38
-273
-164
109
278
129
-173
-264
-43
246
216
-69
-233
-97
133
194
-2
-176
-98
125
183
28
-178
-154
103
259
98
-191
-221
24
184
129
-33
-145
-89
37
133
103
-50
-193
-106
156
200
-30
-201
-101
151
191
-1
-202
-112
183
235
-26
-232
-115
118
109
37
-33
-61
-27
-17
48
28
-60
-56
75
27
-125
48
200
-75
-267
-80
264
265
-101
-360
-155
225
270
6
-174
-165
-49
113
168
56
-153
-221
-9
231
152
-110
-213
-39
161
153
-83
-218
-75
133
207
2
-293
-213
151
306
57
-257
-209
29
264
134
-129
-219
-52
158
164
-14
-141
-114
46
135
54
-82
-109
-28
52
73
-29
-83
-28
20
28
93
68
-134
-179
47
232
108
-173
-185
96
238
-25
-210
41
169
-102
-141
111
211
-10
-262
-146
190
286
6
-236
-191
37
237
183
-95
-252
-103
180
231
8
-187
-137
88
188
17
-137
-96
120
174
-4
-175
-108
124
220
45
-172
-123
34
123
75
-25
-93
-73
16
97
103
-54
-157
-50
133
152
-65
-187
-43
177
161
-61
-175
-68
149
206
-11
-229
-97
121
101
25
-80
-84
9
57
48
-32
-102
-38
95
77
-114
-28
107
-46
-112
-48
111
161
-55
-198
-90
110
116
12
-19
-93
-133
-3
170
162
-89
-258
-82
189
190
-72
-202
-56
143
100
-88
-147
-29
93
141
-10
-207
-189
65
279
131
-211
-253
-14
251
207
-83
-271
-106
170
234
-1
-196
-144
49
166
94
-76
-181
-88
125
151
-17
-154
-78
52
93
98
-11
-146
-88
74
167
65
-131
-161
107
217
-40
-220
44
185
-94
-140
111
205
-2
-270
-165
206
302
38
-261
-226
32
287
226
-100
-299
-132
208
279
0
-244
-160
108
228
40
-199
-132
141
221
4
-196
-127
115
226
65
-168
-154
19
116
116
16
-93
-139
-34
146
178
-21
-213
-161
124
238
32
-217
-137
142
198
-17
-177
-78
137
176
-18
-171
-78
54
46
51
27
-38
-75
-53
34
96
-17
-68
18
-11
-119
76
204
-55
-257
-124
186
265
-9
-265
-161
108
181
63
-34
-162
-179
35
243
176
-144
-282
-88
199
220
-47
-235
-102
149
167
-58
-191
-82
115
165
-17
-225
-179
120
288
38
-220
-172
36
180
111
-78
-161
-58
132
165
-16
-189
-121
90
203
50
-177
-179
44
191
80
-129
-172
-11
125
84
16
-37
-130
-49
95
170
26
-186
-132
119
222
-36
-223
30
180
-84
-124
76
165
43
-191
-150
126
238
25
-199
-159
10
229
202
-104
-268
-109
192
256
10
-229
-178
95
255
63
-203
-179
135
233
42
-164
-170
44
229
129
-117
-216
-17
195
114
-50
-123
-83
50
122
68
-64
-140
-44
108
140
-38
-133
-36
101
112
8
-86
-74
35
136
78
-115
-112
7
37
111
57
-74
-132
-50
133
110
-89
-125
46
112
-92
-44
160
3
-170
-119
105
245
15
-207
-161
35
167
136
1
-181
-258
29
319
228
-184
-364
-73
251
254
-51
-295
-123
192
221
-79
-281
-88
202
211
-61
-275
-185
141
288
72
-203
-183
-32
165
160
-28
-157
-110
21
175
133
-87
-208
-73
158
176
-46
-192
-111
106
153
-36
-150
-39
65
51
22
41
-88
-117
21
119
104
-35
-146
0
161
11
-176
37
170
-83
-131
48
152
67
-172
-183
75
279
140
-161
-282
-52
260
260
-67
-318
-170
210
303
18
-280
-198
147
275
27
-215
-138
125
215
44
-146
-177
42
259
158
-169
-268
-2
265
136
-130
-186
-22
140
92
-36
-49
-41
-43
11
91
51
-69
-103
34
142
61
-106
-128
53
214
85
-158
-168
-11
107
142
38
-127
-123
-23
103
101
-79
-114
27
85
-37
-50
135
45
-184
-168
95
289
51
-273
-223
97
249
111
-78
-217
-193
65
301
172
-193
-326
-55
254
238
-94
-293
-90
219
189
-111
-223
-67
142
163
-15
-206
-211
57
280
160
-198
-251
16
206
157
-80
-196
-68
105
155
30
-101
-142
-39
131
135
-28
-178
-92
93
149
-16
-169
-97
88
123
32
6
-74
-113
-20
121
154
-45
-203
-19
249
104
-190
-89
107
13
-20
36
83
-9
-164
-77
140
186
23
-155
-150
-6
180
195
-45
-219
-159
133
251
65
-158
-200
33
207
82
-134
-148
81
196
76
-106
-183
2
196
168
-55
-220
-96
114
177
55
-126
-167
-3
148
137
-27
-175
-107
79
151
36
-124
-98
51
130
61
-96
-78
66
113
18
-107
-76
19
34
84
38
-80
-110
-25
104
72
-97
-106
92
126
-134
-179
196
201
-185
-294
10
353
198
-260
-357
-14
335
207
-91
-283
-186
117
265
110
-155
-227
-58
161
173
-43
-177
-70
99
136
-40
-184
-70
102
144
19
-169
-182
4
236
178
-151
-273
-30
213
204
-69
-234
-128
119
225
103
-150
-252
-36
242
200
-102
-280
-91
199
187
-69
-192
-86
113
119
7
2
-96
-91
57
126
61
-67
-135
26
169
38
-139
-17
142
-44
-155
36
193
116
-177
-253
76
294
144
-168
-260
-42
210
232
-10
-213
-167
67
232
102
-129
-167
-3
180
124
-101
-159
-19
156
142
-38
-176
-79
183
224
-65
-264
-67
154
162
1
-149
-100
72
115
56
-72
-133
-63
93
162
-11
-176
-102
152
189
-24
-160
-105
100
212
58
-171
-206
67
174
52
-68
-100
0
61
19
-24
-52
-27
52
45
-115
-61
215
100
-242
-232
117
333
83
-301
-289
87
310
138
-111
-230
-151
82
216
150
-105
-241
-138
129
243
74
-221
-229
93
263
33
-238
-194
94
238
94
-226
-290
7
337
217
-212
-291
-38
213
227
-31
-218
-154
71
214
95
-119
-177
-33
132
149
-47
-190
-94
101
145
-24
-164
-74
108
95
-9
1
-63
-83
27
115
104
-84
-155
19
193
42
-200
-48
223
8
-213
-22
248
156
-207
-312
15
362
227
-178
-335
-85
274
273
-47
-274
-149
146
212
30
-140
-108
46
137
40
-90
-91
58
142
50
-63
-116
-30
137
137
-39
-166
-52
102
116
10
-79
-82
-4
64
88
31
-129
-136
51
174
51
-163
-110
104
172
14
-144
-93
100
168
54
-128
-146
47
77
22
23
-17
-25
-68
-30
36
42
21
7
-39
-150
6
279
54
-256
-216
72
310
141
-210
-307
-16
269
199
-50
-245
-229
86
288
155
-173
-317
-66
248
234
-52
-270
-119
177
196
-55
-233
-116
138
181
25
-183
-227
3
243
193
-126
-241
-77
149
212
22
-189
-184
51
221
104
-128
-184
2
156
101
-66
-156
-69
72
137
12
-133
-91
43
76
40
44
-63
-136
-31
135
155
-54
-206
-20
241
105
-210
-128
172
63
-123
4
130
86
-137
-223
47
292
141
-198
-263
11
229
204
-81
-252
-102
148
211
34
-147
-124
36
135
86
-100
-155
43
199
105
-113
-206
-38
228
222
-68
-256
-98
137
175
25
-121
-133
19
108
89
-5
-90
-140
-13
168
114
-91
-135
-12
150
107
-84
-145
6
198
116
-125
-195
1
97
114
43
-104
-113
-5
83
76
-71
-114
56
135
-92
-145
126
139
-123
-202
6
234
153
-152
-240
-27
160
144
32
-123
-221
-35
214
209
-77
-255
-107
129
184
21
-156
-126
55
146
7
-146
-110
48
157
81
-134
-262
-75
248
269
-91
-307
-121
178
266
29
-236
-200
54
222
134
-100
-213
-90
177
198
-35
-250
-105
142
176
-33
-194
-92
114
95
16
7
-62
-73
-10
75
123
-19
-111
-41
108
84
-106
-24
137
-75
-166
91
235
76
-249
-251
117
340
104
-240
-232
20
210
195
-35
-219
-129
98
212
74
-121
-154
-16
140
100
-40
-126
-25
155
111
-65
-153
-61
165
191
-45
-213
-92
180
141
-92
-100
-17
73
52
-14
-24
-39
-55
5
95
58
-90
-99
61
150
44
-127
-117
51
199
107
-138
-194
30
101
97
3
-120
-63
-3
52
74
-20
-80
2
72
-65
-79
150
68
-162
-188
50
271
117
-197
-240
-4
197
125
0
-153
-204
-11
232
187
-81
-279
-146
182
250
10
-221
-147
98
185
12
-198
-171
63
198
114
-154
-271
-65
215
233
-47
-227
-124
80
209
81
-128
-184
-42
145
178
-3
-178
-142
96
231
29
-237
-168
100
230
9
-241
-127
127
153
2
-14
-63
-79
8
90
131
-30
-185
-54
219
127
-183
-146
160
73
-111
-31
86
108
-61
-183
-15
193
178
-64
-218
-111
126
255
89
-220
-245
54
265
150
-136
-223
-21
188
153
-102
-188
8
216
134
-104
-183
-44
183
209
-39
-216
-121
133
173
13
-100
-125
18
117
66
-10
-82
-95
-19
121
111
-73
-148
-4
159
95
-52
-117
-43
135
124
-67
-118
1
13
8
53
25
-35
-62
-29
55
25
-51
-4
48
-39
-115
51
159
-10
-193
-121
148
243
-12
-260
-171
121
222
97
-143
-288
-89
210
270
-12
-281
-194
110
256
53
-212
-160
116
212
-28
-229
-147
113
221
64
-181
-268
-29
260
248
-146
-337
-32
238
204
-39
-226
-154
70
228
134
-127
-232
-49
204
169
-88
-198
-65
112
118
-25
-141
-93
76
132
16
-25
-18
-96
-36
76
121
15
-84
-65
85
35
-102
32
198
-100
-249
40
300
180
-236
-346
28
371
228
-179
-326
-113
208
358
58
-300
-284
73
334
153
-158
-219
-6
172
118
-82
-149
-16
160
148
-35
-185
-86
147
214
9
-194
-148
91
160
55
-58
-129
-69
66
145
64
-113
-157
14
148
84
-98
-132
2
156
118
-82
-154
-22
178
161
-99
-187
-33
82
112
64
-71
-122
-61
73
101
4
-95
-44
50
5
-67
83
101
-110
-196
-10
222
156
-123
-251
-46
177
164
5
-145
-224
-37
208
215
-46
-258
-145
126
221
29
-189
-148
102
169
8
-184
-147
67
174
70
-115
-204
-70
158
232
-26
-250
-115
136
195
-8
-180
-114
63
159
92
-116
-161
-2
148
99
-68
-145
-33
90
104
-50
-148
-46
103
123
-69
-67
9
-11
19
15
39
16
-74
-28
99
96
-95
-125
96
91
-90
-65
100
136
-64
-213
-52
206
203
-40
-251
-129
132
264
73
-220
-224
62
270
118
-150
-198
16
177
79
-93
-111
42
121
72
-45
-108
-58
97
197
47
-193
-142
71
146
56
-52
-100
-44
32
115
69
-85
-159
-35
155
129
-87
-158
6
171
80
-69
-124
-13
164
153
-57
-211
-58
108
105
20
-46
-95
-36
42
77
-27
-69
38
99
-75
-193
121
283
-72
-329
-128
263
319
-82
-349
-136
186
235
64
-148
-281
-91
224
297
-27
-317
-191
155
261
41
-219
-182
77
215
54
-196
-191
23
213
156
-117
-294
-137
201
307
-37
-270
-145
85
232
83
-131
-191
-26
163
132
-28
-159
-105
103
160
-4
-166
-108
89
113
-13
-161
-76
106
101
-49
0
26
-84
-69
69
142
26
-163
-46
164
98
-170
-112
183
98
-162
-111
111
179
-24
-203
-101
143
221
25
-200
-167
76
241
96
-154
-206
-7
204
135
-57
-144
-56
99
111
-14
-110
-44
107
138
-5
-135
-113
95
237
52
-214
-167
113
180
28
-116
-128
32
122
73
-29
-106
-68
16
101
101
-76
-158
-4
188
139
-121
-203
-18
231
210
-75
-313
-96
214
224
-12
-231
-146
96
174
43
-142
-138
75
169
-27
-224
47
233
-58
-253
-91
215
248
-96
-289
-94
171
205
30
-135
-229
-72
175
259
8
-273
-219
96
253
103
-178
-224
36
201
82
-139
-205
-9
173
131
-84
-250
-114
186
274
-29
-268
-134
126
195
31
-159
-118
7
103
110
22
-114
-129
19
158
86
-106
-176
-17
156
107
-108
-160
-15
129
104
24
-98
-153
23
140
121
-54
-170
-43
188
136
-111
-178
139
174
-194
-173
172
279
-33
-355
-169
298
363
-35
-362
-199
154
316
115
-184
-239
-22
192
181
-11
-168
-112
78
172
20
-144
-74
100
139
26
-97
-123
33
186
99
-96
-155
-28
105
132
-7
-108
-116
24
150
110
-90
-182
-55
146
164
-78
-204
8
207
122
-132
-200
14
230
151
-129
-223
-6
146
53
-10
-64
-57
16
41
-4
-38
-55
41
87
-64
-191
92
236
-44
-236
-145
168
266
-12
-278
-160
115
200
79
-79
-214
-143
121
253
78
-205
-234
1
205
155
-90
-227
-46
179
126
-109
-200
-38
167
157
-54
-226
-164
129
282
27
-248
-160
96
204
51
-141
-115
20
104
95
-17
-120
-74
62
112
31
-81
-98
-9
94
32
-78
-68
17
37
44
84
-48
-171
-43
150
190
-33
-214
-99
204
197
-121
-218
118
178
-132
-127
114
208
-18
-272
-144
266
291
-86
-308
-129
171
294
76
-222
-219
15
219
151
-73
-173
-71
121
140
-23
-128
-66
142
177
-52
-172
-88
126
220
44
-211
-217
92
278
48
-160
-154
11
152
98
-74
-121
-58
75
136
36
-135
-128
66
168
47
-114
-113
28
160
119
-59
-195
-20
115
35
1
-30
6
-46
-58
36
53
-8
-9
27
-49
-126
95
188
-82
-222
-80
188
239
-55
-256
-144
123
185
75
-53
-197
-173
81
285
137
-215
-289
0
257
166
-117
-224
-25
160
104
-92
-175
-48
108
160
-4
-234
-181
118
285
50
-216
-142
26
163
106
-100
-137
2
80
95
3
-112
-88
52
127
43
-143
-130
51
157
42
-184
-146
81
175
31
-80
-51
-34
16
49
59
23
-106
-77
126
126
-96
-157
145
160
-170
-152
124
209
-1
-241
-157
181
277
12
-236
-191
67
245
149
-126
-239
-39
216
168
-70
-178
-41
103
122
-13
-121
-39
92
120
-3
-101
-88
49
181
85
-128
-182
13
196
61
-101
-108
7
108
65
-26
-65
-62
-7
70
72
-55
-105
13
128
80
-74
-121
-13
162
169
-48
-197
-81
58
98
111
-29
-138
-113
75
166
18
-173
-82
125
77
-123
2
96
-29
-124
-41
150
143
-93
-212
-37
137
93
8
-21
-125
-120
41
200
129
-176
-251
8
242
131
-139
-195
-8
163
105
-122
-198
-12
198
157
-106
-266
-142
173
268
21
-275
-148
143
195
19
-158
-128
34
138
68
-59
-84
-43
36
88
38
-67
-103
-23
75
57
-38
-81
-23
36
46
66
15
-121
-79
44
134
47
-91
-106
89
128
-63
-118
122
69
-176
-54
164
160
-74
-220
-65
180
183
-29
-170
-125
26
218
128
-93
-184
-75
150
154
5
-122
-105
30
156
48
-105
-92
85
150
27
-119
-126
74
204
77
-136
-187
15
159
99
-33
-130
-95
89
128
39
-77
-139
-43
110
126
-45
-164
-12
160
116
-74
-171
-37
178
231
-37
-277
-128
127
170
59
-122
-114
-6
61
56
-18
-94
4
96
8
-159
-7
218
50
-197
-213
80
292
99
-193
-218
-24
169
169
30
-198
-242
29
276
173
-137
-280
-84
172
215
-20
-214
-101
111
164
-44
-199
-101
111
192
30
-224
-222
66
289
127
-214
-218
42
184
130
-110
-190
-20
161
152
-81
-177
-77
117
210
-8
-223
-136
84
196
39
-152
-146
22
141
70
-45
-15
-80
-63
64
128
72
-100
-149
56
185
9
-168
18
105
-60
-38
80
107
-26
-203
-61
187
167
-50
-148
-72
48
140
74
-52
-118
-63
71
163
63
-96
-140
-24
159
90
-89
-138
7
187
125
-103
-228
-3
259
195
-139
-292
-6
228
131
-65
-159
-69
61
114
49
-66
-123
-27
100
101
-50
-131
-23
152
133
-58
-163
-54
149
183
-31
-179
-87
61
99
79
-42
-117
-68
47
112
28
-116
-80
76
92
-112
-79
150
65
-147
-182
73
251
79
-226
-213
69
185
95
-35
-178
-164
64
214
122
-108
-224
-112
172
206
-19
-230
-126
163
211
-67
-256
-115
175
217
-24
-258
-214
91
314
126
-243
-231
8
216
154
-84
-191
-77
120
178
37
-158
-146
42
163
78
-108
-167
12
165
57
-157
-149
58
194
13
-119
-14
17
22
18
2
27
-14
-48
21
99
-25
-120
77
134
-99
-146
49
193
75
-154
-178
21
207
141
-73
-224
-141
190
295
25
-249
-222
105
269
108
-194
-192
65
204
48
-151
-90
110
176
15
-166
-127
86
231
85
-187
-204
69
230
33
-149
-99
64
116
-4
-78
-11
7
-19
6
74
9
-99
-59
85
161
21
-171
-134
151
261
-9
-283
-147
163
170
23
-124
-107
31
71
19
-49
-65
39
101
-6
-208
-22
261
62
-218
-206
87
293
82
-231
-231
35
190
132
14
-167
-220
2
238
203
-127
-309
-97
209
237
-56
-239
-91
145
133
-60
-172
-63
102
133
-7
-175
-174
68
225
95
-160
-170
1
136
116
-55
-127
-48
75
129
32
-110
-113
-9
135
102
-61
-183
-58
145
160
-84
-218
-50
181
134
-52
-91
-92
-18
108
119
9
-130
-109
105
174
-40
-168
17
123
-57
-67
82
111
-1
-160
-118
116
235
45
-203
-168
51
189
109
-78
-150
-37
99
99
11
-33
-74
-2
64
26
-57
-33
55
110
25
-98
-104
45
157
118
-89
-173
-11
116
71
-19
-31
-50
-16
35
55
19
-57
-75
3
111
38
-109
-71
105
162
-25
-183
-68
142
220
-21
-234
-117
131
136
22
-74
-84
-24
54
62
-11
-99
-10
108
44
-176
-74
238
79
-207
-203
76
280
124
-222
-269
12
225
170
-26
-216
-198
43
259
143
-137
-235
-50
137
156
-18
-157
-82
80
117
-28
-124
-75
36
128
62
-116
-198
-58
227
214
-114
-262
-82
190
207
-71
-208
-85
123
172
28
-146
-155
12
185
129
-107
-207
-78
160
164
-71
-233
-45
195
96
-55
-56
-80
8
59
57
1
-57
-41
64
123
-65
-170
100
185
-115
-166
60
206
64
-182
-193
78
227
77
-142
-156
-43
127
181
38
-151
-162
25
187
104
-67
-136
-43
100
106
-16
-117
-25
130
93
-50
-140
-24
189
152
-74
-229
-64
222
136
-104
-143
-28
117
97
-44
-91
-36
40
41
17
-12
-76
-38
119
114
-27
-122
-62
99
154
15
-127
-101
42
19
61
74
-33
-89
-59
54
78
-20
-60
-16
37
-83
1
193
10
-202
-154
95
262
60
-222
-187
42
165
100
-2
-125
-187
-10
200
166
-60
-256
-121
134
194
26
-183
-130
89
145
27
-157
-148
57
170
81
-142
-229
-35
240
201
-147
-247
-54
175
192
-51
-199
-107
79
192
89
-124
-186
-41
162
160
-51
-217
-64
131
141
-56
-186
-41
114
75
-8
8
-62
-96
19
109
96
-66
-151
18
188
62
-192
-63
190
-20
-140
23
154
107
-147
-214
44
244
146
-113
-234
-82
174
218
-7
-185
-150
89
204
76
-116
-156
6
160
90
-117
-132
48
177
106
-116
-183
4
192
157
-55
-204
-86
173
161
-46
-152
-55
88
98
5
-67
-53
-18
54
95
-25
-133
-66
127
195
-17
-199
-121
137
271
36
-250
-189
73
175
136
-54
-188
-80
72
135
44
-131
-119
87
123
-101
-108
104
101
-75
-161
-26
194
129
-135
-227
-34
171
164
29
-178
-235
-10
255
200
-140
-264
-78
173
175
-42
-217
-64
170
143
-78
-225
-88
139
179
15
-179
-236
21
285
186
-220
-300
32
260
148
-124
-223
-40
171
158
-38
-149
-94
57
134
50
-74
-146
-13
121
103
-75
-162
-39
130
90
8
-35
-89
-61
35
162
100
-121
-169
24
217
53
-195
-35
199
-46
-176
59
220
100
-238
-251
128
337
111
-249
-220
10
219
171
-48
-161
-117
65
176
67
-83
-128
3
116
79
-62
-92
-1
139
94
-45
-144
-31
158
161
-52
-201
-75
154
132
-44
-99
-59
53
47
21
4
-37
-68
-10
69
56
-63
-93
40
126
65
-87
-124
56
175
73
-175
-163
71
118
71
-44
-98
-40
41
66
-7
-90
-31
94
38
-128
-96
157
131
-112
-221
-43
241
171
-137
-226
-61
159
153
19
-134
-198
-36
176
170
-34
-202
-117
89
178
27
-175
-102
77
117
-16
-145
-73
70
129
17
-128
-177
-24
209
191
-148
-291
25
226
137
-114
-196
-32
164
138
-44
-146
-86
58
145
78
-104
-163
-19
127
113
-83
-151
-39
119
123
-57
-50
-14
-23
1
33
89
4
-85
-37
111
81
-103
-25
105
-60
-85
66
117
34
-123
-153
53
189
82
-83
-126
-66
74
168
66
-114
-178
-2
195
136
-71
-166
-39
127
93
-57
-95
28
109
55
-50
-91
-24
115
138
15
-164
-130
95
154
36
-123
-122
22
124
81
-40
-115
-65
41
139
47
-140
-111
111
165
7
-139
-119
84
247
77
-204
-213
58
153
69
-47
-76
-22
5
28
33
-59
-69
68
100
-108
-153
108
160
-48
-225
-67
205
196
-94
-258
-74
170
153
20
-142
-193
-11
205
166
-89
-213
-91
126
173
-8
-173
-102
91
134
-24
-154
-72
79
108
53
-102
-181
-98
165
276
-64
-255
-90
111
185
20
-170
-111
75
151
9
-90
-105
31
129
50
-107
-140
11
131
68
-109
-151
3
143
63
-108
-12
72
-15
-74
4
108
43
-96
-72
86
79
-81
-19
103
-75
-82
40
106
75
-92
-162
-7
180
122
-43
-122
-138
29
222
121
-117
-225
-50
199
200
-32
-203
-104
136
152
-21
-151
-30
149
124
-46
-165
-102
174
241
-13
-251
-125
146
171
22
-127
-128
16
104
87
-2
-127
-90
66
136
39
-142
-104
95
185
26
-145
-136
57
239
118
-180
-260
34
228
100
-109
-139
-3
99
31
-42
-65
-4
58
48
-79
-106
119
118
-102
-163
-18
171
136
-68
-197
-65
105
130
59
-82
-219
-74
159
217
23
-226
-206
83
239
73
-165
-182
47
168
49
-165
-149
56
192
58
-142
-230
-43
232
203
-135
-245
14
182
107
-82
-161
-19
81
98
24
-65
-83
-26
91
93
-36
-149
-72
95
160
-57
-202
-81
180
155
-79
-95
-7
22
4
-1
29
36
-54
-25
88
43
-88
-21
120
4
-143
-27
128
125
-65
-181
-41
161
188
-5
-187
-169
57
244
156
-146
-258
-47
222
215
-61
-223
-57
152
137
-76
-149
14
165
87
-56
-152
-53
150
209
11
-214
-152
129
180
0
-131
-89
51
105
33
-58
-51
-31
5
69
62
-80
-119
6
191
117
-129
-207
22
255
154
-196
-283
68
268
56
-153
-123
57
93
-18
-80
-46
50
96
-11
-171
-77
202
158
-139
-240
-18
226
181
-129
-255
-46
145
140
49
-114
-201
-50
145
190
18
-188
-186
21
205
108
-125
-185
3
163
90
-142
-170
5
170
138
-87
-272
-134
218
278
-87
-273
-76
164
179
-13
-172
-110
89
123
44
-65
-107
-9
111
105
-72
-153
-23
109
85
-67
-143
-45
141
102
-79
-21
-7
-25
-4
23
66
17
-53
-44
83
42
-87
4
156
-28
-188
-33
194
192
-91
-266
-60
223
217
-72
-233
-113
145
215
42
-156
-152
40
165
69
-66
-111
-26
106
89
-56
-105
20
152
71
-90
-117
-26
133
169
10
-172
-149
83
187
56
-134
-122
54
113
44
-50
-130
-38
98
138
-18
-182
-76
150
176
-6
-160
-118
101
215
58
-155
-190
40
149
38
-47
-62
8
8
-27
16
11
-16
8
14
-97
-90
215
145
-194
-260
6
306
193
-185
-290
-58
203
171
-2
-130
-180
-38
137
179
29
-196
-205
44
214
124
-140
-207
7
181
71
-124
-174
17
164
107
-96
-220
-105
169
246
-44
-232
-96
109
189
4
-156
-71
47
102
66
-51
-130
-48
107
133
-32
-171
-79
85
130
-15
-164
-76
103
140
-9
-50
-51
-67
12
111
86
-55
-145
-13
181
81
-169
-87
183
36
-151
-64
137
167
-67
-237
-49
181
181
-29
-185
-129
96
203
61
-134
-144
20
157
94
-82
-114
-8
98
92
-38
-125
-27
127
140
-33
-149
-69
114
209
37
-200
-187
108
263
-16
-198
-94
118
125
-30
-83
-38
3
21
25
20
-26
-28
32
76
14
-70
-71
26
146
89
-112
-165
18
120
46
-7
-40
-42
-20
22
39
-25
-57
32
50
-73
-92
146
106
-126
-168
30
214
111
-162
-211
13
163
56
-13
-35
-124
-81
85
181
27
-198
-174
54
214
61
-154
-128
42
129
36
-133
-140
33
166
90
-94
-206
-115
127
248
44
-232
-157
67
160
67
-97
-137
-11
115
106
-8
-126
-92
76
116
28
-115
-127
19
139
56
-136
-121
71
129
-1
-58
-51
-19
12
46
69
2
-97
-42
110
96
-115
-83
184
28
-218
-64
191
210
-98
-299
-59
286
226
-95
-258
-112
140
240
39
-161
-167
26
194
94
-80
-105
10
68
42
-43
-44
6
70
77
12
-94
-77
68
166
78
-115
-195
28
191
61
-77
-96
-27
55
65
25
-49
-96
-20
117
90
-114
-127
75
179
48
-156
-153
66
223
113
-128
-210
3
118
83
23
-61
-68
-31
51
84
-50
-116
7
152
19
-206
2
161
6
-117
-107
71
165
12
-155
-112
41
124
88
-16
-183
-145
102
224
76
-190
-201
4
171
115
-88
-147
16
103
34
-93
-98
-5
78
103
-18
-188
-129
75
236
59
-212
-143
89
163
26
-138
-80
33
74
54
-39
-101
1
90
67
-66
-114
-19
61
94
-12
-125
-90
60
98
24
9
-24
-103
-23
83
99
3
-95
-64
98
91
-92
-73
155
36
-196
-68
166
209
-35
-289
-137
205
288
2
-252
-194
87
256
130
-138
-221
-43
189
176
-47
-164
-68
90
148
-12
-128
-50
91
150
21
-132
-111
66
207
89
-157
-187
39
189
53
-90
-107
-15
82
85
-9
-84
-83
7
113
60
-75
-116
33
168
78
-110
-154
23
200
147
-109
-235
-21
139
117
26
-72
-115
-39
84
85
-23
-107
-32
80
21
-113
28
158
-1
-191
-130
117
232
19
-226
-169
79
178
108
-60
-228
-121
146
230
24
-196
-200
26
216
105
-116
-193
12
185
99
-150
-213
2
200
151
-100
-265
-136
148
275
30
-233
-143
49
169
81
-94
-133
-18
87
115
22
-124
-133
58
187
61
-194
-184
80
223
19
-246
-147
157
228
-50
-163
-16
61
24
-31
16
55
-7
-67
8
83
-4
-41
98
-37
-121
24
134
74
-100
-141
3
128
109
-45
-86
-78
31
117
76
-16
-101
-73
45
120
68
-65
-108
14
116
4
-112
-16
131
112
-76
-141
-17
141
159
-23
-138
-103
80
146
-21
-77
-46
16
65
14
-3
-12
-51
-46
78
118
-61
-185
12
220
127
-159
-232
32
299
164
-177
-262
25
192
68
-80
-93
30
61
-28
-21
-1
-10
9
25
-27
-124
49
144
-23
-148
-106
89
200
12
-192
-150
52
158
124
-4
-244
-195
113
304
92
-265
-255
78
243
88
-158
-166
30
151
34
-122
-109
37
113
38
-58
-160
-108
94
206
50
-201
-122
61
125
65
-112
-122
33
112
72
-54
-114
-27
112
67
-69
-94
-4
65
32
-40
-79
-36
71
88
-31
-74
42
20
-35
-8
37
71
-2
-78
13
38
-25
18
132
21
-213
-94
182
237
-32
-292
-142
180
278
53
-222
-225
38
252
183
-99
-247
-73
175
193
-13
-137
-97
69
115
18
-85
-65
81
124
9
-100
-86
59
155
90
-96
-129
25
64
13
-10
1
14
-31
-45
28
73
-3
-92
-16
84
26
-95
-48
105
120
-30
-147
-80
157
218
-40
-258
-126
174
171
1
-132
-86
41
63
-3
-72
-38
73
94
-85
-174
52
205
12
-197
-145
95
215
32
-190
-148
34
147
91
-47
-167
-121
91
194
46
-168
-140
10
143
97
-80
-142
-33
83
117
-43
-154
-84
95
169
15
-230
-220
84
323
107
-255
-215
60
221
98
-141
-140
21
100
86
-1
-115
-119
92
194
2
-193
-120
101
160
-11
-180
-106
113
179
-23
-107
-49
2
57
62
26
-54
-72
17
118
83
-132
-121
156
152
-109
-192
33
238
63
-211
-167
104
229
52
-153
-146
34
139
85
-35
-101
-46
60
84
31
-28
-64
-8
49
8
-4
-23
37
99
33
-89
-140
7
232
175
-137
-285
-5
239
119
-73
-139
-46
37
96
86
-30
-151
-89
103
204
-2
-232
-110
181
208
-18
-205
-123
164
250
-10
-290
-152
176
170
2
-111
-82
18
63
35
-76
-59
95
102
-105
-228
100
280
5
-249
-210
136
294
44
-246
-174
102
158
41
-40
-98
-114
0
138
158
-46
-233
-126
118
222
18
-204
-120
105
151
-22
-188
-93
118
186
-12
-210
-188
75
268
91
-242
-164
85
178
44
-141
-137
53
145
77
-78
-126
-16
102
96
-30
-128
-80
70
109
18
-136
-121
65
133
-7
-60
8
-18
-21
16
49
43
-49
-57
39
61
-25
-48
118
67
-170
-117
104
228
34
-228
-181
91
255
123
-164
-285
-36
280
240
-74
-292
-134
189
255
-3
-196
-129
100
167
8
-140
-85
92
165
27
-140
-110
45
173
118
-71
-198
-60
208
100
-98
-104
1
103
54
-40
-87
-30
36
89
43
-103
-135
48
194
117
-130
-213
-16
239
223
-87
-306
-102
193
173
6
-131
-103
18
95
49
-38
-98
-6
102
25
-174
-15
211
25
-202
-139
133
244
-20
-248
-115
118
142
-1
-60
-88
-64
27
106
73
-62
-151
-59
115
136
-46
-167
-46
133
114
-87
-166
-74
116
186
10
-232
-236
75
344
126
-254
-239
29
218
147
-104
-190
-56
135
156
0
-140
-121
47
148
47
-110
-133
26
119
50
-98
-120
26
108
45
-30
-44
-45
22
40
38
7
-35
-39
66
80
-98
-85
181
99
-208
-167
141
287
29
-296
-192
157
302
69
-215
-240
7
256
179
-111
-191
-55
150
130
-28
-86
-38
58
72
-13
-71
-40
84
113
19
-127
-114
62
205
109
-86
-222
-53
205
121
-71
-107
-49
92
88
-32
-99
-54
54
85
36
-88
-109
54
145
51
-109
-127
20
179
156
-85
-258
-55
185
124
-38
-120
-25
44
21
-26
-65
-30
90
103
-86
-229
50
291
22
-246
-197
115
294
42
-259
-171
79
163
44
-39
-94
-105
-1
115
122
-56
-149
-74
62
122
28
-113
-82
66
82
-50
-96
-29
78
79
-19
-128
-137
0
176
161
-105
-216
-12
171
113
-94
-151
-2
147
101
-58
-137
-39
119
113
-43
-154
-78
77
145
17
-162
-116
66
154
18
-62
-11
-38
-31
21
72
77
-40
-124
20
135
30
-130
15
112
-88
-80
79
140
30
-184
-144
130
249
49
-196
-197
28
216
158
-72
-191
-93
130
164
-2
-125
-56
66
98
-33
-88
3
98
73
-6
-88
-57
29
123
117
-33
-179
-89
133
124
-6
-99
-70
25
81
33
-37
-80
-46
66
108
-44
-140
-7
158
118
-88
-181
-25
212
172
-107
-243
-25
174
71
-44
-65
-22
5
5
26
20
-41
-54
49
33
-131
35
157
-26
-161
-115
99
186
19
-165
-128
44
108
74
-13
-107
-118
-16
134
147
-52
-178
-108
101
157
15
-141
-88
68
126
-17
-122
-102
19
127
85
-98
-224
-73
218
229
-105
-220
-40
131
121
-62
-128
8
80
60
-10
-57
-64
24
72
20
-77
-52
62
65
-39
-122
-55
105
89
-55
-47
69
-10
-94
-20
117
105
-86
-143
40
189
-11
-192
66
172
-115
-130
37
163
115
-131
-195
7
192
147
-69
-181
-109
105
191
60
-119
-173
22
165
99
-52
-117
-37
81
74
-22
-69
-18
100
81
-31
-125
-47
150
177
-41
-197
-92
157
139
-15
-106
-100
42
100
52
-34
-106
-57
77
132
-7
-170
-47
148
150
-45
-176
-67
141
194
9
-190
-113
59
81
92
0
-111
-92
4
118
50
-90
-62
40
70
-76
-82
116
89
-62
-159
-46
147
137
-63
-177
-60
89
127
49
-118
-191
-36
176
165
-32
-207
-124
91
163
40
-124
-117
63
114
-11
-136
-109
39
145
100
-83
-259
-106
236
271
-120
-310
-54
189
203
-42
-228
-88
136
187
22
-159
-149
17
224
101
-157
-215
-27
200
141
-127
-224
-38
214
141
-120
-108
1
57
25
-7
0
25
-21
13
37
-28
-42
78
59
-137
-83
108
163
11
-189
-134
115
196
42
-130
-114
9
103
99
6
-99
-69
33
71
42
-11
-33
-36
24
64
1
-56
1
83
77
-45
-112
-26
137
183
-21
-221
-121
142
164
-13
-103
-86
44
94
35
-34
-84
-66
60
143
-6
-186
-76
194
204
-64
-273
-102
247
283
-13
-320
-186
165
209
44
-126
-116
-1
72
63
-23
-97
-13
133
56
-192
-118
163
197
-57
-261
-118
207
239
-38
-266
-166
135
256
88
-227
-269
34
270
175
-127
-266
-74
156
157
-21
-143
-84
66
128
-1
-151
-118
46
161
81
-130
-222
-52
229
183
-121
-189
-21
115
99
-41
-82
-35
30
71
38
-37
-112
-20
144
73
-105
-147
20
146
40
-135
-134
38
190
28
-158
-28
59
43
-37
-39
51
46
-30
-38
39
17
-42
53
122
-82
-165
-14
205
141
-110
-240
-38
231
207
-97
-231
-119
162
229
35
-171
-162
32
175
106
-65
-142
-31
124
83
-59
-93
13
115
79
-41
-90
-83
98
205
60
-212
-207
133
218
46
-114
-147
7
106
73
-41
-97
-12
43
69
-9
-114
-37
133
129
-21
-171
-116
161
262
16
-281
-219
165
245
5
-154
-87
85
55
-50
-74
-7
84
72
-68
-210
5
290
96
-227
-259
52
295
128
-207
-223
6
175
91
5
-119
-159
-1
148
130
-65
-179
-72
92
111
21
-85
-62
18
58
9
-84
-84
18
111
72
-74
-227
-105
199
271
-95
-264
-50
166
157
-88
-198
-6
153
83
-55
-87
-66
44
122
33
-93
-110
-1
93
58
-83
-135
-2
131
92
-50
-39
-49
-52
33
94
86
-14
-109
-47
85
61
-49
12
75
-69
-98
24
135
108
-110
-184
-3
157
152
8
-172
-155
64
209
120
-113
-212
-18
166
155
-35
-128
-74
86
107
-32
-88
23
130
65
-78
-127
10
180
124
-69
-163
-79
146
155
-98
-134
5
105
67
-66
-83
3
62
19
-1
-20
-53
-26
81
124
-16
-122
-97
85
211
75
-178
-202
63
162
43
-50
-68
-8
20
-7
-7
-24
24
58
-57
-148
20
206
37
-162
-157
46
196
48
-132
-149
6
127
77
-17
-91
-138
-11
137
143
-50
-179
-112
94
155
19
-122
-106
52
121
-8
-146
-95
50
139
69
-107
-207
-82
180
224
-58
-219
-67
101
120
-9
-89
-79
29
102
65
-47
-138
-32
130
89
-67
-134
-34
109
89
-58
-157
-37
144
79
-56
-37
-16
-38
-2
85
84
-41
-106
-2
114
37
-88
-7
119
-20
-119
-38
128
156
-70
-196
-44
164
192
-19
-192
-170
110
246
80
-153
-189
9
183
99
-52
-85
-13
50
53
-22
-63
-8
96
92
-16
-118
-89
107
204
68
-178
-193
66
209
22
-113
-92
30
72
32
-17
-51
-45
26
66
37
-92
-85
48
136
80
-112
-163
37
241
130
-190
-233
56
140
73
-45
-101
-39
25
35
44
-51
-66
66
68
-151
-108
225
135
-167
-247
-21
283
172
-170
-265
-28
222
147
-69
-168
-100
68
158
43
-110
-119
4
54
20
-6
-17
-4
24
-14
-16
-45
-54
-19
55
113
-23
-206
-156
140
323
15
-324
-179
171
236
8
-233
-140
138
205
39
-176
-148
53
195
97
-158
-202
6
190
114
-137
-198
10
191
106
-87
-95
-42
40
54
11
-17
-12
-15
53
72
-54
-100
57
152
-80
-167
24
177
108
-125
-200
7
175
149
-35
-168
-107
65
166
94
-103
-140
-5
118
89
-34
-74
-22
39
38
-9
-13
8
45
53
-5
-100
-57
114
202
48
-228
-202
145
258
4
-192
-150
70
195
62
-118
-137
-14
126
121
-68
-190
-41
190
184
-37
-204
-118
129
260
70
-201
-246
26
181
151
0
-164
-117
40
117
56
-77
-106
34
103
-73
-90
138
72
-87
-166
-18
169
130
-90
-212
-40
142
130
32
-134
-163
-12
137
143
-26
-148
-108
64
105
30
-62
-86
6
85
34
-93
-104
-1
117
103
-68
-228
-138
144
301
16
-280
-168
112
224
37
-188
-120
97
150
-8
-108
-79
48
156
52
-147
-158
30
162
67
-131
-170
19
160
57
-76
-26
-5
-15
-13
14
90
11
-85
-31
95
23
-97
47
167
-81
-205
-19
186
190
-101
-249
-56
200
197
-39
-191
-143
86
211
83
-107
-181
-4
168
122
-66
-162
-16
126
88
-87
-112
31
171
73
-130
-139
26
148
151
-21
-167
-141
141
160
-35
-104
-71
67
83
-3
-29
-48
-26
39
79
13
-134
-102
123
187
26
-183
-168
111
291
99
-253
-270
79
253
93
-101
-175
-14
106
58
-42
-87
-12
123
40
-178
-106
204
117
-109
-176
-26
175
101
-89
-137
-36
82
72
16
-31
-109
-46
45
105
10
-117
-87
40
83
39
-49
-68
17
40
-7
-78
-62
34
71
47
-28
-156
-118
100
243
17
-240
-118
90
165
44
-161
-81
60
88
30
-43
-90
-31
112
108
-38
-162
-79
80
139
-8
-170
-74
117
104
-52
-37
33
-15
-44
-4
67
68
-27
-73
17
36
-16
33
135
-84
-210
10
207
190
-82
-256
-107
181
256
12
-249
-184
110
254
69
-145
-137
30
114
40
-39
-14
8
2
2
-14
9
44
38
9
-19
-37
-15
50
94
51
-89
-103
57
109
-15
-55
-26
23
15
8
16
13
-44
-67
49
100
-56
-104
23
145
59
-120
-139
33
247
111
-195
-214
32
155
100
-31
-120
-66
47
51
-1
-31
-8
46
5
-108
-86
129
138
-70
-192
-102
159
210
-23
-222
-126
72
152
97
-81
-198
-74
126
194
8
-190
-151
26
147
89
-68
-127
-29
89
85
-68
-151
-44
125
135
-36
-195
-163
98
270
44
-208
-140
46
160
70
-78
-121
-2
94
72
-44
-97
-30
110
115
-64
-171
-45
127
138
-60
-218
-86
182
170
-74
-121
-5
45
14
3
39
35
-49
-48
25
65
-44
34
128
-92
-172
28
201
139
-145
-222
28
212
121
-97
-158
-17
126
98
-33
-83
-14
47
30
-30
10
70
-10
-64
-28
33
42
-16
0
54
51
-38
-123
8
210
150
-136
-256
5
228
102
-91
-153
12
92
58
-22
-76
-48
3
75
77
-83
-131
45
161
73
-122
-157
38
244
142
-167
-294
17
241
79
-87
-105
23
46
-16
-20
-38
12
61
19
-81
-130
89
165
-18
-171
-114
109
159
7
-125
-114
-10
78
141
27
-160
-162
48
173
105
-95
-190
-40
106
107
8
-87
-65
5
63
20
-104
-68
54
101
34
-152
-184
61
272
71
-240
-148
103
209
11
-179
-112
90
152
26
-102
-101
28
108
77
-84
-150
-3
102
67
-72
-151
-14
138
94
-76
-65
29
5
-13
5
65
12
-78
-10
94
32
-100
-36
179
37
-187
-124
101
239
57
-231
-206
104
293
104
-184
-246
-3
223
177
-60
-217
-85
102
169
36
-119
-96
46
138
9
-110
-53
80
115
11
-96
-103
36
185
132
-126
-252
22
259
85
-184
-140
97
153
11
-124
-100
45
81
52
-7
-103
-79
89
161
34
-120
-143
2
225
185
-109
-263
-84
182
157
-5
-123
-92
20
70
50
-27
-82
28
75
-60
-122
72
151
-7
-177
-129
131
206
3
-193
-141
54
153
110
-59
-201
-102
97
220
39
-183
-163
44
175
58
-121
-112
44
90
26
-85
-109
-12
83
105
-7
-174
-175
51
255
111
-186
-188
-5
177
130
-63
-157
-62
96
131
6
-139
-117
105
172
-24
-195
-97
135
152
-70
-199
-61
177
128
-82
-92
-12
21
25
6
23
15
-34
-33
74
25
-113
-1
180
29
-178
-120
136
271
-27
-286
-130
168
243
21
-188
-155
25
175
105
-61
-129
-54
109
108
-1
-67
-63
12
76
45
-34
-61
24
94
48
-79
-100
31
185
118
-115
-240
14
257
82
-168
-132
94
167
-13
-159
-78
67
104
19
-35
-84
-77
68
181
67
-150
-188
60
263
149
-180
-284
12
237
111
-66
-140
-25
66
49
-18
-79
8
86
28
-120
-113
147
154
-98
-195
-71
147
156
-48
-149
-63
39
95
64
-17
-135
-109
51
145
65
-99
-129
-4
109
74
-90
-121
51
107
17
-131
-118
39
130
68
-48
-148
-138
34
209
136
-194
-197
71
217
66
-191
-185
87
206
76
-148
-164
26
162
84
-101
-157
-11
144
80
-98
-139
-17
101
94
-39
-23
13
-37
-23
-16
67
88
-30
-105
9
66
-8
-8
100
-28
-151
-28
140
161
-45
-198
-108
131
191
45
-135
-170
21
149
119
-37
-121
-72
69
113
38
-66
-58
21
73
-14
-35
-3
55
83
9
-64
-95
6
163
157
-81
-233
-27
206
72
-87
-87
21
68
13
-30
-31
-10
-5
41
80
-61
-149
1
176
137
-92
-197
-47
237
218
-102
-306
-45
193
111
-26
-92
-45
25
11
15
-14
-7
5
6
-65
-90
149
143
-130
-204
-33
204
162
-83
-236
-66
180
92
-24
-89
-70
-24
51
94
5
-84
-88
-15
69
76
-35
-86
-18
65
49
-71
-114
-24
85
114
-4
-152
-151
21
193
118
-147
-177
40
153
52
-98
-98
33
103
44
-67
-92
-13
133
69
-101
-122
-20
95
92
-47
-163
-85
127
145
-12
-52
-16
-70
-20
65
99
8
-105
-44
117
77
-103
-100
190
95
-165
-162
67
230
79
-187
-195
51
234
100
-103
-173
-43
145
157
4
-137
-106
42
131