#4
387
-224
-334
186
610
245
-364
-279
359
628
144
-424
-253
451
604
-18
-456
-47
565
470
-160
-363
124
571
315
-233
-240
275
504
160
-281
-93
416
435
-43
-270
73
492
304
-202
-216
275
542
131
-359
-205
409
574
45
-382
-125
425
492
-40
-377
-53
515
432
-167
-378
97
538
339
-203
-335
166
560
247
-317
-238
338
512
28
-360
-77
472
429
-197
-405
142
589
288
-316
-272
248
522
166
-308
-160
321
434
45
-269
-42
379
339
-73
-243
87
378
204
-150
-174
184
377
86
-239
-100
309
353
-66
-306
30
407
226
-246
-265
242
504
111
-370
-217
316
455
9
-306
-31
334
279
-90
-194
125
342
131
-182
-97
243
330
3
-209
-11
313
257
-133
-199
180
331
44
-215
-65
284
359
-21
-316
-40
392
345
-63
-263
-2
335
245
-99
-191
131
342
69
-231
-91
274
301
-52
-203
11
317
189
-142
-148
139
293
104
-130
-81
180
287
79
-163
-61
208
271
69
-131
-28
206
256
32
-117
3
210
164
-30
-25
181
188
-16
-149
32
281
214
-102
-207
54
340
209
-162
-260
104
416
172
-245
-218
193
419
108
-295
-180
316
407
-61
-333
9
385
233
-187
-231
154
365
33
-282
-87
285
316
-20
-246
-41
300
252
-51
-183
24
279
201
-101
-179
103
331
127
-203
-146
195
321
-2
-269
-67
291
273
-131
-254
81
326
77
-233
-151
221
302
-39
-301
-47
341
248
-145
-341
13
392
244
-145
-242
42
264
129
-97
-86
122
190
16
-143
4
233
155
-111
-157
115
279
54
-188
-99
133
205
75
-101
-95
141
187
2
-135
-10
201
208
-30
-154
32
191
89
-96
-61
143
157
-86
-137
75
201
107
-123
-144
84
248
91
-142
-131
102
241
83
-125
-105
156
239
43
-147
-54
160
226
-1
-155
-1
222
209
-28
-165
19
204
130
-45
-29
98
90
-33
-55
91
206
44
-172
-106
187
287
-37
-277
-69
282
255
-83
-256
-35
290
267
-101
-295
21
339
193
-196
-217
92
290
112
-190
-150
160
191
-29
-186
3
257
149
-131
-198
81
300
116
-189
-167
151
307
65
-228
-147
213
309
-45
-282
-46
270
225
-131
-260
38
269
115
-166
-153
125
203
-23
-199
-37
196
119
-124
-170
65
245
86
-194
-202
81
297
124
-208
-191
71
263
136
-123
-143
51
162
96
-76
-93
44
139
85
-50
-74
4
63
103
22
-80
-33
91
98
37
-12
-40
1
50
66
82
27
-39
-14
47
72
13
-25
8
57
21
-26
1
61
26
-8
-26
39
38
0
7
4
24
39
68
34
-29
2
67
76
38
-27
-18
100
128
-8
-74
3
146
144
-39
-133
13
188
137
-58
-102
22
130
74
-40
-14
53
20
-44
16
106
75
-106
-85
82
160
50
-128
-59
126
103
-13
-106
33
189
78
-131
-117
77
179
45
-119
-75
95
78
-35
-46
9
68
59
-3
-39
0
63
61
44
-16
-27
48
92
19
-90
-24
141
100
-68
-130
52
162
33
-150
-79
140
129
-76
-145
11
159
36
-135
-67
92
93
-63
-117
0
145
62
-138
-158
68
226
72
-162
-148
67
192
87
-132
-143
58
167
80
-65
-95
25
95
58
-48
-52
26
86
37
-88
-76
89
112
-9
-43
25
53
-8
-42
3
112
116
-47
-128
-4
150
119
-53
-127
-7
113
48
-66
-67
52
87
1
-56
-21
37
56
-3
-40
29
110
45
-81
-72
73
184
68
-146
-121
135
230
25
-167
-54
202
199
-55
-212
-40
226
196
-35
-158
-63
88
140
31
-57
-39
32
57
32
-9
-48
-11
52
40
28
-8
-42
11
48
58
18
-39
-8
85
28
-44
-23
33
61
25
-48
-29
51
51
-58
-62
37
87
67
-24
-93
-15
105
95
-12
-66
-11
92
79
-1
-65
-3
105
42
-68
-49
55
90
-19
-70
-32
30
59
20
-48
-49
-15
38
30
-7
-34
-50
-23
43
46
10
-42
-59
-39
19
78
55
-49
-77
-13
79
87
-8
-77
-63
89
140
-22
-129
-40
126
136
-28
-122
-95
67
171
32
-183
-111
148
179
-11
-126
-93
70
146
-7
-89
21
91
40
-66
-55
29
60
52
-28
-82
-17
77
41
-45
-57
22
74
-19
-90
11
92
41
-31
-38
20
39
11
15
15
12
28
32
29
41
5
6
28
44
69
-8
-77
18
107
62
-22
-2
41
-21
-8
36
50
25
-34
-32
4
53
57
-10
-51
-18
49
60
-18
-55
20
96
42
-74
-63
107
134
-74
-138
28
158
99
-94
-141
25
135
2
-102
-58
81
135
8
-121
-74
84
146
48
-103
-87
68
142
26
-118
-64
115
125
-38
-131
-7
107
57
-69
-55
39
47
-12
-43
-23
16
-18
-39
-5
44
25
-78
-59
45
63
-13
-77
-46
15
69
48
-37
-71
-31
8
84
72
-21
-97
-49
73
115
-6
-94
-34
89
75
-61
-127
-20
150
96
-137
-129
97
142
2
-96
-70
41
99
-11
-70
29
106
22
-64
-77
5
110
59
-75
-134
-12
120
100
-55
-123
-30
91
55
-82
-49
45
62
-24
-50
29
74
23
-43
0
45
31
-29
9
98
60
-47
-69
50
130
43
-87
-77
70
121
54
-32
-80
-28
61
90
27
-49
-57
-7
53
65
-3
-76
-25
84
79
-40
-95
-36
92
131
-4
-129
-39
113
117
-61
-123
21
105
35
-65
-53
47
36
-65
-65
29
107
34
-85
-66
14
108
71
-38
-83
-21
98
103
-35
-127
7
156
52
-102
-75
67
86
-28
-103
-13
95
25
-80
-44
52
34
-67
-96
20
96
-8
-142
-73
87
118
-16
-135
-97
6
122
97
-50
-133
-72
88
144
4
-136
-77
98
136
13
-124
-75
71
128
8
-119
-80
47
103
25
-98
-56
60
64
-8
-25
-26
-21
44
37
9
19
-2
-32
-34
24
85
10
-50
-42
15
39
11
-40
-54
1
39
35
1
-49
-39
36
77
10
-53
-29
65
44
-31
7
60
13
-50
16
99
73
-38
-51
-5
118
105
-48
-124
-35
157
168
-13
-153
-115
98
177
49
-130
-139
56
148
46
-97
-122
19
138
62
-77
-92
-18
83
84
7
-85
-72
75
129
-11
-134
-53
81
109
-31
-97
-43
48
9
-21
-21
26
45
-25
-14
0
-2
15
18
14
-23
-17
71
56
-41
-50
28
47
17
-35
-36
8
23
9
-25
-35
-4
-1
21
2
-38
-77
-26
46
53
-34
-115
-34
82
48
-39
-85
-53
6
82
73
-33
-104
-58
30
115
55
-74
-102
3
91
79
-7
-80
-58
37
82
16
-80
-65
57
72
-50
-73
42
59
-9
-50
-25
42
43
-9
-7
36
24
-13
-46
4
46
32
-5
-44
-63
-14
61
37
-47
-70
16
68
21
-82
-61
58
108
-22
-101
-21
89
92
-21
-100
8
98
51
-30
-26
39
48
22
10
52
13
-56
-26
69
83
-13
-42
-8
42
40
2
-23
-22
13
24
7
2
-32
-13
2
-3
28
36
-64
-79
45
139
30
-116
-78
98
110
-65
-132
9
87
55
-14
-52
-8
3
-44
-7
26
39
8
-27
-20
1
34
25
0
-12
-12
39
50
-22
-38
-6
62
49
-43
-56
-8
44
25
-30
-50
-3
37
8
-55
-39
13
31
-19
-64
-18
17
-1
-55
-41
32
76
-48
-140
-68
112
132
-34
-114
-64
47
93
4
-84
-43
45
63
9
-72
-52
55
91
17
-88
-89
9
103
50
-118
-93
57
119
-3
-107
-68
66
103
-29
-73
43
80
-15
-133
-42
137
83
-101
-105
15
75
19
-46
-50
-17
50
15
-50
-59
10
89
21
-103
-26
82
98
-24
-119
-13
129
70
-65
-92
55
160
36
-129
-69
148
151
-52
-137
-21
143
129
-1
-115
-72
55
102
21
-63
-48
6
46
45
0
-53
-56
42
75
32
-86
-97
46
150
46
-129
-130
112
202
-16
-205
-68
148
136
-51
-164
-22
137
40
-111
-97
62
111
6
-87
-60
64
119
11
-101
-73
90
138
-7
-138
-27
121
94
-60
-130
20
122
3
-88
-66
54
74
-47
-77
-9
51
-2
-95
-33
59
41
-88
-106
29
109
26
-102
-110
-7
101
82
-66
-113
-34
74
107
-15
-116
-52
92
90
-8
-75
-49
20
67
54
-63
-116
-48
92
122
-49
-126
-8
79
28
-55
-48
19
42
17
-8
20
23
-20
-48
-8
48
46
-9
-60
-58
11
41
24
-41
-39
-1
24
1
-30
-3
50
-5
-47
9
56
38
-51
-67
36
116
43
-105
-51
122
133
-7
-137
-59
164
157
-92
-155
21
168
113
-57
-125
-20
91
80
-11
-71
-16
43
26
4
-28
-40
9
35
11
-23
-19
12
15
37
21
-60
-41
82
96
-34
-125
-32
105
97
-40
-93
-28
59
-1
-60
2
51
19
-18
-10
12
7
10
9
24
1
-24
17
16
19
20
9
-16
-26
18
57
6
-82
-97
43
127
8
-131
-92
80
71
-74
-119
1
103
-1
-130
-88
87
133
-27
-175
-111
81
148
3
-108
-54
18
32
21
-24
-15
7
14
25
0
-12
-39
-46
58
94
9
-114
-109
62
129
-13
-139
-31
128
60
-64
-76
-9
85
44
-62
-10
58
21
-29
-26
25
36
-8
-13
-20
-34
12
29
-28
-56
12
39
13
-45
-30
23
40
-2
-42
-16
50
69
-14
-46
22
53
2
-39
40
78
8
-31
-8
76
79
-31
-91
-21
89
104
38
-51
-82
-13
91
72
2
-60
-69
12
74
67
-45
-124
-12
124
102
-93
-164
13
199
133
-158
-189
85
217
33
-189
-140
89
175
23
-158
-102
78
80
-36
-78
-7
108
31
-100
-62
64
118
12
-113
-65
72
147
20
-164
-88
142
138
-54
-162
-23
152
68
-138
-134
41
137
17
-133
-94
58
89
-20
-123
-37
66
16
-95
-60
57
86
-46
-145
-71
94
147
-37
-167
-72
103
122
-13
-110
-52
50
93
35
-72
-106
-5
122
98
-71
-130
-25
106
94
-74
-171
25
172
67
-97
-142
5
162
79
-109
-92
79
143
-9
-127
-62
81
126
-30
-146
-59
118
107
-71
-145
-27
124
110
-90
-152
-2
113
71
-58
-52
49
74
-26
-52
37
76
0
-50
21
87
43
-29
-16
28
55
19
-26
-8
16
45
68
12
-66
-44
44
95
35
-62
-87
9
64
50
-30
-92
-16
76
45
-35
-73
-9
70
75
-31
-88
14
116
17
-96
-56
55
74
-14
-66
-2
53
-53
-85
29
99
27
-99
-66
56
97
9
-82
-25
56
65
-12
-70
-13
86
91
-22
-128
-40
101
77
-57
-121
0
100
17
-89
-42
41
20
-41
-70
-13
34
10
-91
-57
37
46
-7
-69
-85
-34
59
102
11
-86
-90
1
106
55
-61
-89
14
80
37
-45
-57
-2
58
37
-40
-71
-24
58
68
-62
-109
33
105
18
-73
-42
38
50
-3
-70
-11
102
50
-77
-79
48
96
15
-71
-74
-13
37
32
-33
-17
3
3
-24
-25
6
24
17
-40
-31
49
82
4
-89
-34
72
74
-15
-73
35
129
51
-62
-79
65
115
19
-82
-74
57
137
73
-64
-131
1
126
50
-51
-64
-7
49
55
-10
-65
-49
21
74
42
-55
-86
-5
107
64
-70
-83
55
132
-1
-120
-46
75
59
-8
-56
-14
51
-26
-70
26
56
9
-47
-38
46
30
-2
6
0
-10
23
45
0
-36
2
58
25
-40
-63
21
91
11
-86
-70
26
85
-16
-109
-25
80
26
-106
-81
43
59
-53
-105
-37
81
84
-62
-136
-47
62
91
13
-69
-78
-35
66
108
6
-110
-79
63
125
22
-119
-97
69
133
8
-138
-111
60
159
4
-187
-77
123
101
-22
-114
-40
86
77
-33
-43
30
24
-1
-17
-38
0
32
27
-47
-83
-23
84
62
-52
-102
-21
94
55
-73
-84
0
91
54
-61
-90
-11
102
78
-30
-48
-19
52
56
17
5
0
4
35
54
20
-49
-28
39
65
50
-6
-43
-31
4
52
52
-1
-69
-31
47
64
-11
-77
-37
71
88
-50
-123
-13
123
101
-81
-160
27
227
86
-189
-175
70
212
78
-142
-173
20
133
38
-106
-84
61
89
20
-53
-75
9
97
56
-43
-97
13
118
57
-68
-55
44
44
-14
-51
-3
64
-8
-74
-38
51
32
-37
-58
-5
22
-20
-63
0
37
-27
-94
-16
76
50
-73
-123
-63
76
122
2
-104
-57
36
41
28
-16
-46
-40
21
77
50
-54
-117
-10
110
82
-59
-126
-24
123
44
-124
-115
97
156
-9
-127
-108
55
124
13
-47
33
33
-53
-110
24
151
78
-120
-149
-12
126
72
-44
-123
-44
86
94
-52
-126
-16
92
54
-30
-70
10
79
30
-49
-40
61
77
-11
-42
23
70
26
-30
-7
73
31
-48
-42
40
96
50
-18
-91
-49
75
107
27
-97
-98
45
115
13
-94
-67
35
89
9
-80
-57
50
98
10
-84
-66
69
133
-8
-153
-100
114
139
-16
-145
-55
108
69
-91
-94
33
91
18
-66
-33
9
52
44
-13
-39
9
23
15
-19
-12
49
36
-23
-51
-9
58
40
-61
-66
12
62
-22
-79
-18
54
15
-85
-70
36
43
-36
-94
-11
89
40
-112
-128
9
96
64
-62
-80
1
39
20
4
-2
-12
-10
1
23
8
-9
7
-17
2
9
5
-38
-55
54
76
-63
-77
48
90
-22
-79
-26
73
52
-37
-41
70
80
-7
-107
-63
94
110
-19
-114
-98
27
114
4
-102
-32
53
57
-22
-86
-26
49
70
-13
-46
-4
35
38
-29
2
72
2
-78
-2
100
89
-18
-59
1
82
66
-47
-95
30
134
83
-30
-110
-40
64
59
1
3
-5
-40
-8
41
20
-42
-52
1
56
49
-15
-75
-19
114
54
-99
-87
74
124
-35
-145
-40
124
91
-75
-128
26
77
-25
-64
-17
42
65
-5
-75
-43
84
81
-28
-74
-12
61
76
7
-63
-36
58
48
-29
-62
6
53
0
-59
-41
14
32
-4
-15
-21
-29
-58
-19
6
15
-25
-66
-13
27
18
-34
-61
-15
34
26
-20
-25
-11
-17
3
32
22
-20
-26
19
28
17
0
-34
-6
46
41
-33
-91
-2
112
48
-144
-129
104
163
-10
-133
-90
86
155
13
-114
-42
74
72
-26
-73
-26
25
60
11
-49
-54
-10
33
34
-31
-58
-25
18
25
21
5
-40
-4
41
37
0
-26
-22
42
67
4
-53
11
110
45
-66
-71
59
150
30
-116
-72
96
151
18
-92
-65
45
91
34
-49
-49
-8
59
37
-13
-42
-49
11
61
56
-30
-105
-33
110
96
-34
-130
-24
147
99
-103
-138
23
134
54
-90
-63
70
5
-103
-31
59
89
6
-75
-26
20
49
43
-10
-40
-27
61
90
-1
-79
-46
72
91
-34
-84
2
65
-2
-87
-25
74
31
-68
-79
23
71
-13
-89
-53
23
29
-37
-69
-5
39
6
-46
-79
-42
61
91
-28
-115
-62
68
133
6
-147
-96
74
164
4
-140
-61
80
89
-8
-80
-54
52
73
-49
-142
-27
161
113
-138
-147
21
163
71
-136
-128
126
162
-52
-178
-21
145
76
-64
-106
-59
74
80
-33
-97
-38
87
70
-54
-123
-16
97
46
-60
-37
57
45
-34
-54
11
88
33
-49
-25
71
101
4
-110
-39
133
127
-51
-135
0
132
95
-36
-98
-17
64
89
35
-76
-87
-11
107
76
-92
-126
3
135
98
-97
-161
2
151
148
-92
-215
-31
232
158
-126
-226
13
202
88
-119
-138
48
111
-15
-80
-40
43
36
-37
-52
48
82
3
-67
-15
56
84
-19
-98
-20
113
84
-58
-122
-8
121
81
-107
-146
26
136
31
-113
-89
74
66
-84
-122
33
119
-1
-155
-91
77
110
-46
-122
-41
51
55
-5
-48
-16
-18
2
8
8
25
-12
-39
-4
54
-4
-28
-26
28
41
-12
-99
-61
92
127
-69
-192
-7
147
87
-63
-122
-43
90
76
-27
-10
0
-11
-3
46
17
-56
-27
20
14
-35
-46
12
44
0
-42
-31
4
4
-3
18
2
-20
12
9
13
1
15
7
14
13
-3
12
31
36
10
-23
1
86
53
-53
-58
41
106
44
-44
-68
3
75
34
-14
-26
-22
-1
24
33
10
-36
-67
2
67
56
-53
-98
5
120
73
-100
-125
77
172
-10
-156
-65
73
98
2
-77
-37
5
1
2
1
-14
-3
17
34
-11
-46
-5
49
56
-30
-55
31
52
12
-27
17
27
4
-20
-13
-16
-24
5
7
-10
-9
-12
-15
1
-6
-30
-59
0
23
-10
-77
-47
77
65
-44
-122
-74
60
79
0
-55
-52
-1
72
38
-15
-60
-21
43
45
8
-56
-54
37
83
23
-68
-78
15
109
43
-115
-122
64
144
10
-106
-72
60
92
-8
-78
28
107
17
-69
-76
9
111
63
-91
-157
8
151
71
-113
-114
34
113
9
-125
-53
108
99
-46
-87
14
54
39
-15
-24
50
22
-14
-5
35
96
15
-84
-24
101
109
-27
-117
-36
106
148
22
-121
-111
46
123
52
-44
-63
-30
20
53
6
-50
-46
22
79
13
-102
-61
75
104
9
-112
-93
96
167
-21
-185
-70
142
148
-74
-187
-24
132
76
-96
-133
31
119
47
-63
-72
-3
75
67
-49
-73
41
77
-10
-65
12
80
30
-105
-63
60
111
-9
-150
-76
84
98
-40
-126
-13
65
-9
-66
-30
18
-10
-63
-34
16
41
-10
-49
-54
-25
18
49
7
-52
-64
-1
68
38
-45
-54
21
73
14
-59
-77
24
113
56
-84
-131
-27
138
97
-93
-174
-3
193
75
-140
-132
41
164
44
-105
-66
52
96
-2
-103
-14
65
71
-43
-137
-27
91
98
-50
-139
-35
97
95
-62
-141
-7
109
66
-47
-64
47
53
-13
-37
36
56
-24
-40
55
89
17
-57
-26
100
101
-82
-109
41
146
69
-79
-67
-2
40
60
28
-25
-47
-12
50
52
-45
-72
1
51
29
-16
-50
-48
41
73
37
-70
-76
79
148
-28
-179
-56
140
113
-76
-114
-2
110
-10
-93
-28
61
40
-40
-36
30
55
20
-32
-7
-9
43
50
-21
-65
15
89
42
-86
-104
50
126
9
-116
-76
66
80
-53
-96
1
79
-31
-92
-43
42
35
-60
-85
7
69
7
-106
-102
16
88
69
-49
-105
-28
57
67
-18
-75
-29
44
84
13
-68
-69
0
79
68
-34
-128
-49
91
92
-47
-119
-15
93
20
-39
-40
-15
42
15
-1
39
23
-50
-48
10
66
6
-59
-50
32
46
-11
-51
-23
33
-10
-50
-10
33
-8
-23
7
9
23
11
-39
-10
46
40
34
-40
-44
23
66
62
14
-52
-22
66
78
8
-75
-56
75
104
54
-24
-84
-47
41
101
33
-71
-91
4
113
53
-87
-106
26
130
31
-88
-89
31
121
73
-110
-86
77
94
-17
-73
-28
63
46
-30
-78
23
96
-47
-157
2
152
105
-110
-142
31
152
37
-79
-39
30
49
26
-9
-28
5
45
10
-26
3
4
23
-35
-34
9
23
6
-57
-49
47
51
-55
-96
-10
42
6
-66
-52
26
44
-7
-70
-45
-6
-12
11
49
7
-84
-82
56
147
8
-150
-113
98
173
-12
-162
-91
113
135
-31
-142
-59
89
94
-43
-151
-14
169
74
-120
-141
-9
170
104
-118
-136
77
159
14
-171
-103
95
174
7
-185
-121
84
151
-4
-156
-76
82
111
-23
-136
-22
96
54
-52
-68
21
86
31
-49
-27
52
51
-24
-37
49
77
37
-34
-25
25
55
3
-46
28
56
30
-1
-34
-19
24
54
28
-55
-59
22
68
-3
-65
-38
47
78
9
-81
-64
9
98
100
-54
-148
25
168
22
-152
-64
111
104
-46
-115
-33
102
25
-99
-49
54
85
-10
-96
-16
65
57
15
-37
-30
12
51
23
-28
-13
50
26
-19
-45
33
66
-47
-84
7
73
22
-79
-66
20
60
-21
-87
-40
27
23
-57
-91
9
79
34
-82
-107
-27
31
77
39
-49
-88
-47
49
87
4
-66
-62
13
115
65
-105
-113
19
135
58
-116
-130
70
152
-51
-176
14
198
33
-154
-119
77
176
15
-177
-63
173
126
-84
-145
-12
114
69
-34
-108
-33
54
64
-33
-87
-27
89
48
-65
-98
12
112
29
-93
-52
87
84
-45
-105
18
128
54
-82
-53
78
113
-19
-105
15
108
51
-60
-57
53
107
32
-94
-74
67
112
-24
-78
-45
60
91
-9
-111
-81
46
116
19
-93
-50
53
29
-5
7
-18
-23
20
81
16
-113
-64
74
98
-7
-98
-44
51
31
-37
-43
13
21
-6
-12
18
12
16
6
-13
1
28
2
-19
4
32
38
-11
-50
-29
61
47
-59
-83
19
88
12
-98
-63
17
55
-23
-66
-39
36
34
-49
-62
-21
27
37
-44
-80
-30
22
51
29
-43
-53
-34
34
74
16
-50
-38
19
65
22
-51
-38
12
59
14
-35
-84
-12
63
39
-68
-52
39
52
-11
-38
-38
38
54
-16
-3
26
35
-41
-83
13
118
40
-108
-124
27
134
48
-101
-104
15
92
61
-57
-97
-9
91
54
-26
-80
2
73
63
-38
-65
40
70
21
-46
19
98
36
-61
-20
71
66
-21
-68
-2
102
92
-13
-105
-59
68
115
9
-89
-34
36
35
17
-16
-64
-33
65
74
-2
-104
-72
102
145
-20
-160
-84
138
169
-53
-177
-50
122
128
-46
-144
-43
62
66
-2
-65
-24
19
44
2
-50
-11
32
60
19
-46
8
28
-16
-10
56
21
-25
-53
16
76
-7
-83
-67
41
64
-1
-80
-42
25
17
-44
-44
26
15
-45
-62
-3
43
35
-49
-85
-11
22
46
11
-43
-31
-29
14
75
17
-75
-42
59
81
-25
-101
-27
66
74
-7
-82
-51
41
70
-19
-92
-24
80
72
-46
-63
-18
25
62
13
-18
-9
4
14
-6
-25
10
48
21
-46
-55
1
41
-24
-58
18
66
8
-91
-96
49
131
10
-123
-61
95
111
-25
-88
10
109
37
-72
-66
90
132
-17
-98
-18
114
81
-52
-77
28
97
43
-28
-38
-4
51
10
-18
-10
7
19
4
-28
-16
31
13
-4
0
-5
-36
-7
62
50
-37
-70
0
135
52
-135
-107
89
185
-23
-180
-72
97
111
-50
-142
-19
145
55
-44
-61
-23
73
49
-30
-30
16
73
9
-49
-23
56
73
-16
-80
-20
73
31
-87
-91
33
111
28
-132
-95
60
112
-30
-169
-92
101
116
-64
-174
1
142
54
-124
-169
-14
166
102
-101
-144
6
109
37
-85
-47
3
65
43
-10
-36
-47
17
77
35
-83
-82
11
87
18
-96
-62
107
52
-83
-51
23
57
-2
-55
23
83
28
-79
-88
42
118
28
-85
-106
-3
89
49
-66
-88
9
66
17
-41
-74
27
55
3
-36
-16
60
42
-39
-54
14
90
52
-67
-57
77
140
2
-134
-35
148
136
-79
-169
36
183
106
-78
-141
-24
129
94
-31
-92
-60
59
90
7
-78
-68
29
54
35
-37
-69
2
77
45
-19
-71
-4
110
76
-105
-127
50
148
35
-106
-87
52
96
-39
-101
-20
77
71
-26
-44
-26
37
54
19
-15
-69
15
90
44
-31
-33
18
24
-6
0
-13
-24
-17
18
23
-4
-50
-47
-8
55
0
-89
-79
14
83
-18
-116
-30
61
38
-60
-43
-25
-9
36
27
-44
-40
14
9
8
-16
-7
17
32
10
-49
-56
27
59
35
-35
-57
-30
9
52
-3
-69
-22
56
59
-42
-46
-52
7
89
32
-34
5
22
-4
-27
10
47
-17
-53
-7
25
6
-65
1
57
9
-54
-48
2
42
25
-32
-53
11
67
48
-49
-76
18
114
69
-81
-99
28
146
73
-68
-79
32
124
48
-86
-64
69
106
25
-51
-18
-4
8
15
7
8
-2
-1
-16
-8
3
-16
-27
32
48
1
-72
-44
53
106
5
-102
-87
111
151
-42
-157
-37
120
83
-60
-103
11
44
-16
-40
2
59
3
-58
-33
50
67
-10
-62
8
68
50
-36
-45
21
75
16
-65
-44
27
74
-12
-63
-40
6
50
15
-81
-71
41
69
-34
-93
-36
55
24
-87
-83
15
90
10
-88
-84
-9
80
42
-53
-50
-12
7
31
28
2
-53
-10
46
51
-34
-37
25
28
2
-36
-50
2
63
32
-88
-64
65
67
-32
-50
-32
40
68
-20
-47
35
52
-5
-42
-28
5
51
48
-64
-101
-2
91
49
-73
-108
11
130
42
-141
-74
51
88
21
-71
-23
67
52
-16
-50
40
66
-28
-48
33
97
52
-86
-44
123
92
-44
-121
8
149
108
-47
-127
-56
116
129
-3
-115
-79
51
87
40
-76
-113
-1
140
67
-93
-130
2
131
79
-47
-110
-31
118
100
-50
-130
-21
83
85
-6
-113
-23
48
-12
-52
-32
77
80
-73
-122
19
123
93
-85
-121
7
127
104
-59
-131
-22
154
108
-97
-139
18
129
12
-95
-61
46
54
-50
-76
14
54
-39
-94
-31
38
13
-54
-51
9
60
-3
-108
-59
34
65
44
-93
-83
-1
75
81
-30
-102
-45
76
100
-15
-100
-68
52
121
55
-95
-156
-33
160
132
-117
-199
25
195
85
-121
-141
-1
130
52
-54
-1
36
-19
-41
3
61
48
-33
-83
-31
65
57
-44
-80
-25
58
56
-24
-93
-25
67
53
-31
-39
33
45
14
-18
-3
39
20
-11
-5
22
55
54
-32
-37
58
84
-4
-69
8
81
51
-27
-31
-6
35
18
12
-12
-10
-18
28
24
-14
-45
-17
50
44
-7
-92
-32
59
91
28
-66
-67
17
103
42
-68
-80
-3
82
47
-52
-32
3
-20
-42
18
48
-11
-44
-11
32
53
8
-43
7
40
40
-28
-46
25
63
19
-42
-52
38
78
-5
-89
-39
51
61
-33
-90
-28
71
18
-99
-91
54
72
-59
-109
-53
88
86
-70
-113
-70
57
92
-5
-62
-41
10
39
-23
-28
21
10
-1
26
12
-52
-33
43
59
-18
-60
-23
14
13
-7
-50
-38
45
77
-8
-82
-50
32
90
24
-69
-44
24
61
6
-41
-31
40
32
-39
-49
-8
6
12
11
-11
-25
-15
8
-3
-3
18
-18
-14
4
34
25
10
-21
-20
35
35
-23
-9
56
77
18
-53
-2
62
39
-30
-46
17
107
63
-28
-82
-27
67
78
12
-49
-29
-7
2
7
30
-12
-50
12
47
32
-43
-51
15
64
54
-58
-84
50
142
1
-141
-70
86
120
-8
-127
-54
79
77
-42
-83
-6
43
47
26
-41
-44
31
55
17
-30
8
61
-3
-66
-18
84
85
-47
-90
-7
66
26
-47
-64
23
65
-20
-87
-5
62
-17
-83
-40
19
39
-56
-73
9
49
7
-60
-51
-18
1
34
36
-20
-80
-19
89
67
-56
-96
24
107
41
-101
-99
50
151
47
-119
-144
27
148
29
-126
-119
73
143
-22
-131
-32
70
68
-22
-66
14
60
37
-22
-66
4
73
24
-65
-80
-1
73
22
-68
-61
25
60
2
-66
-53
10
63
51
-23
-69
-15
68
56
4
-31
-4
0
40
71
1
-40
8
45
44
13
-24
8
44
32
5
21
1
-29
-9
27
23
5
-12
0
3
12
-18
-14
-27
12
44
13
-46
-59
22
93
41
-68
-102
64
164
-17
-188
-93
175
181
-90
-204
-22
138
86
-98
-129
16
111
59
-63
-72
21
56
33
-28
-24
28
40
4
-47
-8
73
44
-77
-84
45
113
8
-103
-79
19
82
-12
-88
-13
56
12
-93
-86
31
41
-30
-86
-6
74
31
-96
-123
2
91
58
-58
-82
-12
60
32
-23
-43
-21
54
60
-16
-76
-51
42
111
43
-96
-128
-16
126
95
-90
-157
24
181
30
-141
-109
61
139
-1
-95
-9
86
39
-84
-61
85
75
-55
-100
1
86
28
-49
-86
-30
84
70
-52
-138
-47
126
104
-69
-99
46
90
-19
-76
-10
103
109
-71
-130
45
185
51
-154
-74
149
163
-58
-172
-26
185
137
-70
-145
-31
131
94
-46
-97
4
92
39
-62
-83
-15
72
62
-19
-61
-70
0
100
41
-32
-85
-6
82
69
-37
-86
-17
58
46
-25
-40
7
25
-30
-39
-1
56
16
-59
-42
57
61
-15
-68
-6
72
61
-25
-80
-9
78
82
-22
-107
-39
75
80
-24
-96
-43
63
70
-46
-115
-19
90
20
-88
-70
12
51
-3
-89
-58
38
65
-33
-105
-31
42
64
0
-88
-67
39
100
-3
-116
-27
77
73
-16
-68
-22
43
53
-1
-51
-34
17
29
-7
-58
-39
63
64
-45
-35
18
15
2
-29
-11
79
43
-41
-37
1
23
18
-19
-23
3
12
-8
-16
-17
-5
2
13
1
-51
-22
59
33
-40
-34
52
76
-10
-92
-22
108
83
-40
-73
26
93
46
-12
-26
29
84
16
-66
-50
87
116
5
-87
-50
45
88
4
-61
-21
15
21
19
-3
-38
-46
31
78
0
-90
-62
53
101
33
-89
-88
56
157
14
-152
-110
113
162
-13
-148
-92
86
91
-35
-95
-25
63
48
-27
-28
29
33
-21
-19
10
48
21
-35
-42
24
95
39
-84
-88
23
80
12
-76
-33
40
28
-54
-68
17
50
-18
-90
-59
34
38
-59
-86
31
82
-41
-110
-11
46
-11
-43
25
42
-51
-79
10
93
71
-80
-100
12
105
40
-89
-82
30
104
53
-94
-130
16
135
64
-126
-119
60
118
9
-81
-91
14
92
32
7
-16
-6
-7
-12
37
35
-36
-58
-28
29
31
-7
-49
-46
23
57
25
-67
-86
-3
78
41
-29
-51
20
70
29
-42
-5
66
2
-76
26
124
80
-75
-77
55
122
8
-79
-22
57
59
33
-5
-28
-22
18
25
42
1
-50
-26
36
31
-38
-40
31
51
-3
-68
-28
36
64
32
-66
-76
73
123
-6
-155
-74
128
122
-34
-136
-42
117
49
-118
-89
67
127
-26
-99
1
100
49
-82
-77
76
120
24
-123
-73
65
140
39
-127
-96
64
106
-5
-115
-43
85
53
-54
-103
-14
106
43
-120
-107
16
83
-7
-96
-72
48
102
-32
-158
-71
75
126
12
-141
-100
64
137
11
-127
-82
80
128
8
-108
-74
57
80
20
-30
-56
-18
9
31
-7
-75
11
87
12
-87
-78
36
116
31
-111
-53
108
122
-39
-153
-79
135
137
-35
-170
-72
136
124
-85
-159
-3
139
56
-119
-135
56
154
20
-120
-73
93
121
-11
-129
-36
128
118
-73
-113
38
142
50
-84
-59
76
93
-21
-77
-19
127
121
-69
-163
-8
151
99
-69
-151
-23
139
74
-90
-122
-9
134
77
-85
-92
-34
60
54
38
-26
-60
-6
113
60
-129
-100
71
113
25
-91
-88
30
60
-10
-58
-27
42
39
-16
-10
27
3
-42
-9
74
59
-38
-73
33
94
26
-58
-67
23
79
15
-78
-52
50
73
-37
-95
-63
57
107
-19
-156
-92
63
94
-24
-113
-41
66
48
-65
-106
-27
52
55
-15
-47
-3
14
3
2
-14
-23
2
30
44
-5
-74
-23
57
68
17
-69
-107
-11
120
76
-77
-136
9
136
22
-81
-72
26
94
24
-31
-4
13
-14
5
19
43
-18
-80
-33
70
59
-31
-70
-49
21
46
17
-36
-38
21
40
-9
-15
18
21
-17
5
7
43
30
-18
-48
24
84
60
-35
-50
37
81
40
-51
-23
44
75
35
-46
-59
20
57
9
-12
-4
17
-19
-36
14
21
-11
-15
4
39
-11
-52
-17
35
65
16
-80
-49
97
86
-69
-135
19
137
33
-109
-70
34
74
3
-72
-94
18
94
42
-44
-77
0
90
83
-48
-93
12
76
18
-36
-6
45
7
-59
-22
68
50
-64
-95
19
69
-4
-83
-48
61
39
-85
-73
19
37
-43
-64
-4
64
17
-70
-75
-7
25
11
7
-18
-18
-31
3
49
54
-44
-110
16
168
58
-160
-144
81
200
61
-199
-187
75
223
42
-212
-164
159
246
-34
-229
-124
148
212
-49
-166
-24
115
101
-59
-104
32
68
-7
-56
-21
53
20
-59
-60
10
70
48
-84
-96
16
118
30
-75
-63
43
93
19
-70
-32
74
67
-13
-47
11
69
59
-20
-35
22
45
30
10
-5
12
41
24
-17
-17
3
30
15
-22
-26
4
51
22
-46
-70
-2
64
40
-3
-68
-53
46
112
33
-114
-94
107
141
-48
-158
-7
136
45
-100
-64
55
42
-73
-38
53
66
-33
-69
-22
26
65
35
-27
-33
5
44
18
-19
-11
19
32
5
-55
-30
60
64
-44
-111
-31
89
59
-84
-110
29
86
-6
-101
-78
25
63
-33
-75
-10
28
-17
-50
-22
6
28
0
-16
-43
-29
39
47
1
-36
-37
39
71
-12
-80
-42
63
134
19
-138
-113
49
135
22
-140
-102
104
138
-33
-140
-81
87
169
-16
-137
-34
121
103
-36
-134
-56
67
78
-1
-57
-57
-10
50
35
-36
-62
0
32
-2
7
-1
-37
8
35
54
8
-73
-36
65
105
12
-96
-32
86
108
10
-83
-18
80
73
-35
-66
48
103
15
-42
-22
28
36
1
-2
-3
0
7
12
-1
-32
-18
4
44
32
-31
-86
-8
75
97
-24
-130
-34
136
159
-55
-203
-42
152
133
-45
-152
-30
93
40
-58
-49
49
52
-40
-41
22
81
13
-49
-31
39
84
32
-45
-51
2
85
35
-68
-30
56
24
-49
-38
37
53
-38
-89
-26
98
48
-119
-111
18
116
-25
-135
-31
110
70
-106
-183
16
147
88
-88
-148
3
136
57
-95
-103
42
100
9
-50
-34
27
43
-20
-16
9
14
-9
-34
-3
4
-32
-17
41
42
-31
-35
-20
-4
62
46
-12
-28
-1
26
23
-6
-15
-3
15
-6
-20
-14
4
7
-32
-17
28
11
-22
-47
-24
68
68
-21
-68
-22
74
65
-20
-67
12
85
31
-11
10
20
29
7
7
45
35
-47
-4
79
40
-19
-33
9
53
29
-34
-16
27
9
-14
-6
7
21
-29
-31
12
22
27
-38
-65
40
88
22
-82
-65
93
150
-44
-182
-14
134
88
-59
-145
11
108
16
-103
-49
78
85
-57
-64
18
55
30
-41
-51
53
85
4
-57
-55
25
106
62
-93
-95
49
96
20
-99
-97
17
91
20
-90
-98
20
84
-2
-87
-74
15
52
-20
-52
-3
-4
-30
-25
-22
-2
13
14
-30
-25
38
34
-22
-56
-24
48
45
31
-50
-89
29
125
50
-86
-126
-11
104
65
-88
-97
51
122
0
-112
-106
81
163
-25
-164
-8
171
68
-118
-128
54
149
20
-139
-80
82
76
-36
-125
-33
84
63
-45
-92
-22
67
79
-41
-76
26
93
19
-48
-41
57
100
-25
-95
-1
99
118
-6
-66
-14
54
41
10
-2
8
16
33
9
-28
-8
18
24
10
-19
-16
17
62
-15
-94
-31
82
79
-36
-118
-29
88
98
-6
-100
-77
95
171
-1
-206
-84
157
170
-46
-217
-63
126
79
-53
-91
0
70
22
-30
-15
9
30
-9
-18
40
34
-16
-46
1
48
63
-13
-85
-37
86
69
-64
-114
-15
101
61
-97
-142
14
145
29
-152
-121
47
79
-32
-78
-29
62
38
-79
-114
18
92
36
-93
-87
25
76
41
-61
-79
37
64
14
-21
-38
-16
33
29
-7
-36
-23
15
14
-4
-53
-33
72
86
-73
-104
26
94
56
-49
-86
42
117
12
-72
-57
40
55
-22
-66
-21
53
35
-33
-61
-11
31
44
-3
-98
-36
107
44
-81
-55
59
87
-11
-96
-3
107
64
-47
-55
35
108
31
-61
-25
68
71
-19
-57
6
104
81
-50
-80
-15
108
85
-57
-115
12
118
59
-69
-110
-3
66
43
-32
-23
-5
6
-15
50
58
-43
-102
36
141
-4
-169
-55
140
136
-49
-153
-30
58
46
-30
-80
-4
58
37
-7
-39
-19
28
29
9
11
14
-18
-33
-3
43
61
31
-56
-65
20
63
-6
-52
-23
12
30
-31
-50
-20
27
8
-40
-72
-9
57
4
-95
-47
52
33
-52
-88
0
82
19
-66
-75
10
81
36
-51
-54
12
54
38
-23
-53
-44
25
105
59
-71
-134
-19
109
66
-69
-118
31
119
-3
-92
-45
40
75
3
-54
5
61
7
-50
-15
45
38
-45
-65
39
69
-7
-60
-69
-5
63
38
-14
-69
-59
25
55
50
3
-35
-34
9
28
22
41
23
-42
-24
32
91
63
-36
-47
43
68
-3
-48
41
91
9
-38
9
42
-26
-52
25
100
18
-109
-67
75
87
-25
-77
-35
56
48
-44
-75
10
102
78
-85
-134
65
187
18
-197
-107
142
165
-14
-181
-99
136
131
-63
-155
-19
120
68
-39
-100
-16
105
69
-39
-98
18
90
38
-19
-52
-1
64
42
-62
-48
6
41
9
-39
-44
7
46
-23
-47
-29
-11
6
0
-30
-65
-36
39
40
-29
-65
-29
27
-14
-62
5
52
29
-79
-90
65
120
-21
-120
-44
113
97
-48
-106
-35
114
69
-89
-115
-11
127
74
-92
-162
12
193
71
-160
-134
37
162
93
-100
-121
31
126
35
-89
-57
28
55
4
-56
-38
23
32
-27
-74
7
95
17
-83
-83
24
101
35
-87
-72
79
106
-26
-117
-5
133
65
-77
-55
72
94
14
-65
-7
89
30
-38
-36
65
89
-7
-72
-29
72
82
-42
-97
5
67
47
-17
-55
-44
13
58
46
-17
-71
-25
54
63
-29
-44
-12
61
106
-14
-133
-52
122
80
-49
-81
-15
73
15
-92
-40
77
83
-47
-80
30
85
23
-95
-51
67
113
1
-83
-50
67
95
17
-65
-83
13
103
40
-92
-110
-6
116
41
-109
-91
50
92
-23
-120
-79
34
61
-23
-68
-7
33
-20
-36
-19
8
15
-9
-47
-33
54
31
-47
-30
42
66
-4
-59
-27
16
51
21
-26
-27
-8
-10
-24
38
13
-49
-39
41
19
3
-11
-1
-1
-15
4
67
45
-56
-51
17
73
28
-75
-72
29
71
15
-65
-79
11
87
17
-66
-88
8
93
42
-75
-108
18
139
79
-74
-94
47
141
19
-122
-33
110
109
-26
-74
24
93
41
-55
-19
64
69
-27
-38
8
84
17
-78
-41
57
80
-8
-87
-26
19
21
8
11
5
-44
-51
25
81
70
-65
-90
1
148
88
-149
-133
66
141
32
-102
-114
49
78
-12
-74
-53
51
68
-24
-51
-4
51
19
-14
-1
4
15
2
-7
-31
30
88
-1
-98
-60
68
72
-48
-73
-1
39
4
-82
-45
67
29
-65
-80
-9
30
-30
-44
-3
45
5
-93
-64
57
41
-41
-63
7
76
35
-68
-77
19
52
44
-14
-37
-16
15
12
28
-12
-9
-9
-30
-17
24
22
-34
-55
41
81
29
-93
-127
49
160
67
-97
-100
42
121
35
-91
-91
42
94
-22
-101
-26
53
62
-35
-101
-12
91
35
-74
-85
68
88
-12
-84
-37
82
86
-44
-86
43
113
14
-61
-13
85
65
-18
-31
25
36
-1
23
5
40
25
-23
-31
13
48
24
-25
-40
3
36
32
-31
-77
-36
81
82
-31
-76
-30
59
44
9
-36
-61
23
108
18
-103
-76
69
116
3
-128
-64
87
65
-52
-95
-19
111
46
-84
-61
29
80
9
-44
-28
33
26
12
-19
1
32
30
-7
-42
-1
40
-8
-55
-32
33
43
-12
-92
-28
74
40
-84
-116
1
71
-5
-66
-52
14
43
-12
-70
-53
15
66
28
-91
-96
44
118
35
-94
-96
50
129
24
-89
-72
21
84
27
-32
-58
-38
-9
51
39
-68
-78
71
100
-24
-136
-63
128
135
-46
-109
-6
103
56
-75
-105
46
123
-6
-120
-67
84
116
-53
-150
-39
141
92
-107
-161
10
157
82
-109
-129
53
145
23
-109
-39
121
73
-87
-75
56
140
76
-60
-75
29
74
23
-20
22
56
20
-32
-19
21
34
20
-15
-55
-21
76
67
-38
-105
-44
83
113
-12
-145
-92
94
152
59
-133
-156
42
228
73
-205
-150
111
161
16
-122
-102
61
72
-27
-90
-28
99
37
-78
-36
82
70
-51
-73
3
104
79
-54
-105
-25
124
143
-60
-166
-38
115
95
-58
-106
-3
69
16
-63
-63
28
31
-53
-64
-24
22
1
-24
-30
0
3
-21
-41
-13
-15
-11
12
16
-8
-41
-13
26
12
-8
-14
1
20
10
-38
-23
16
55
21
-52
-72
13
72
34
-92
-103
62
125
-18
-113
-58
56
129
15
-108
-76
62
119
-4
-95
-22
57
41
-30
-70
-18
31
23
-45
-56
36
49
-19
-80
-28
53
49
1
-28
-24
-2
44
35
-2
-9
-13
-4
35
80
42
-32
-29
33
55
8
-30
11
70
66
-50
-53
21
44
41
1
-44
-21
15
59
28
-55
-69
-7
55
68
6
-65
-54
14
52
54
11
-56
-42
61
81
-25
-99
-14
120
69
-62
-125
-23
68
47
-55
-48
35
25
-11
15
-5
-6
-11
4
52
32
-25
-9
22
-16
7
71
41
-72
-81
13
83
29
-64
-60
19
45
-28
-52
13
-1
-36
-53
-6
35
-26
-77
-35
72
54
-69
-114
7
89
34
-71
-107
6
119
63
-89
-120
25
123
59
-64
-89
-8
69
56
-24
-44
-5
0
-11
28
-10
-75
-37
99
93
-54
-128
-37
124
85
-73
-65
27
81
36
-51
-56
13
39
9
-19
-41
-27
32
34
-29
-49
-4
49
-5
-78
-46
47
82
-14
-81
-7
94
45
-54
-62
65
90
-15
-56
-1
55
58
13
-10
-1
26
19
7
20
40
6
-30
11
30
38
-11
-38
-4
26
-8
-13
17
-14
-19
-19
32
61
-27
-105
-29
108
109
-30
-146
-65
147
156
-89
-220
12
211
105
-150
-181
53
153
1
-166
-60
132
75
-52
-102
-3
109
48
-56
-29
27
50
16
-28
-37
17
74
39
-53
-67
22
61
-5
-71
-15
13
13
-24
-51
15
19
-19
-42
-45
-10
-6
-30
-15
19
-17
-46
-18
-1
-1
-14
-15
-7
22
12
-8
-41
-8
32
18
-9
14
-15
-65
-13
83
89
-42
-125
-49
61
112
1
-173
-105
148
170
-50
-136
-91
66
139
23
-82
-50
44
94
-9
-77
-11
25
15
-18
-14
12
0
-42
-24
3
47
45
-48
-97
-7
72
54
-34
-71
5
71
43
-34
-30
27
60
12
-38
4
51
59
2
-22
17
34
23
-13
-2
42
37
18
-13
-24
17
31
19
-21
-48
-7
59
47
-46
-83
-1
106
51
-75
-131
23
146
68
-87
-120
-7
135
139
-71
-210
-26
178
127
-78
-208
-42
175
81
-116
-146
28
158
41
-88
-76
14
79
16
-30
-10
39
26
-2
-37
5
70
32
-67
-70
30
85
2
-66
-46
28
26
-56
-74
39
86
-33
-119
-55
37
62
-40
-94
-14
69
42
-88
-94
3
92
26
-106
-76
43
87
15
-86
-40
50
56
20
-52
-38
36
56
-5
-44
-12
14
23
-25
-33
-24
-14
56
59
-40
-53
-11
40
37
-1
2
23
19
-1
-4
-1
13
-8
-30
-15
43
29
-38
-56
-15
48
50
-17
-78
-33
55
77
-34
-93
-4
99
52
-45
-42
21
89
39
-70
-45
54
94
22
-33
24
37
28
-21
-27
39
75
35
-40
-41
26
74
10
-43
-36
29
59
7
-50
-41
7
26
44
15
-45
-51
8
34
52
-23
-33
1
70
78
-61
-140
8
137
77
-63
-125
-8
90
22
-76
-72
43
84
-6
-47
7
42
5
-20
-7
27
50
-5
-50
5
47
52
15
-47
-60
-4
73
39
-82
-76
30
71
-18
-79
-34
35
6
-51
-62
8
16
-43
-36
8
41
-21
-87
-30
27
23
-1
-40
-8
27
3
-20
-2
-16
6
22
39
-4
-51
-49
9
72
79
-48
-158
-35
156
99
-91
-179
-36
187
115
-117
-156
4
145
94
-80
-92
34
101
31
-90
-49
78
21
-71
-27
50
45
-45
-93
-2
87
30
-45
-78
-25
54
74
-2
-62
-54
52
70
24
-23
-21
32
28
1
33
28
0
6
48
29
-16
-25
18
73
60
-27
-70
7
84
52
-45
-59
8
31
35
9
-33
-39
-25
21
45
40
-46
-89
-9
83
98
0
-130
-91
106
205
-7
-232
-102
176
198
-61
-238
-84
151
131
-74
-152
-5
121
65
-65
-95
35
77
48
-45
-60
35
84
20
-76
-62
88
125
-18
-150
-67
87
130
-18
-149
-67
97
79
-41
-117
-32
58
52
-73
-88
-34
21
33
0
-33
-53
-37
47
25
-64
-21
31
-18
-26
14
37
1
-55
-6
69
42
-22
-68
-39
65
61
-20
-80
-27
28
44
-5
-67
-44
38
94
-12
-95
-33
57
55
6
-30
3
32
35
9
-38
-30
-4
22
19
-15
-51
-2
27
-24
-36
20
26
-20
-48
-18
37
48
-18
-53
-6
46
48
-38
-41
59
95
-28
-97
5
121
89
-52
-71
39
67
36
-30
-15
46
51
3
-47
-13
71
50
-50
-87
-9
94
85
-67
-123
-31
83
96
2
-128
-72
65
105
20
-62
-63
15
97
84
-77
-143
20
151
70
-92
-145
10
125
3
-103
-43
54
55
-20
0
10
2
-37
-17
52
68
-3
-60
-35
59
68
1
-23
-38
-14
14
32
20
-58
-50
22
64
-15
-124
-32
110
35
-108
-113
27
74
-22
-84
-31
51
-4
-99
-25
79
46
-71
-130
4
127
88
-49
-133
-66
74
134
60
-113
-146
23
155
96
-60
-118
-45
30
64
26
-48
-83
9
97
44
-70
-72
-3
69
42
-20
4
6
-7
-4
-11
53
42
-88
-99
35
118
54
-104
-131
-3
123
62
-76
-104
-14
122
55
-91
-90
18
120
60
-87
-65
77
109
2
-101
-45
73
141
29
-94
-15
74
43
-27
-25
66
80
-23
-56
-8
50
73
-4
-76
-38
56
75
-5
-85
-54
29
63
55
-31
-113
-40
88
94
11
-99
-88
78
159
4
-172
-104
157
166
-84
-198
6
170
42
-162
-113
76
144
1
-105
-66
50
89
9
-30
-1
6
11
23
7
-20
-16
49
48
-34
-70
3
39
-8
-35
12
15
-40
-45
21
42
-22
-78
-40
9
4
-46
-10
24
8
-46
-59
9
45
-10
-50
-40
12
38
26
-8
-39
-15
9
34
27
-26
-36
4
30
31
17
-31
-65
-20
70
50
-53
-108
4
131
61
-97
-117
-11
142
94
-60
-92
-3
97
71
-38
-68
-7
35
17
-21
-35
4
31
-13
-43
-3
35
10
-42
-62
-3
73
68
-47
-73
11
52
56
-1
-26
-2
17
32
48
-1
-52
-11
78
126
-1
-149
-52
165
174
-47
-178
-36
128
102
-21
-86
-36
40
32
15
-8
-17
-33
-22
6
70
26
-80
-71
26
103
53
-63
-94
6
134
80
-121
-139
41
145
57
-96
-102
6
54
19
-27
-25
8
9
16
-22
-23
37
19
-19
-11
40
49
-12
-53
-5
66
66
-37
-93
-36
74
80
-27
-113
-50
87
64
-90
-125
0
91
39
-91
-104
-11
22
33
15
-38
-82
-73
27
61
26
-32
-84
-12
72
43
-20
-73
-33
61
73
22
-57
-86
-18
86
90
-3
-105
-81
34
102
19
-109
-126
36
193
58
-157
-137
32
172
40
-82
-29
11
38
29
-37
5
44
-52
-56
10
63
23
-69
-61
2
65
58
-37
-93
-55
77
103
-12
-125
-53
99
119
-37
-77
16
84
43
-57
-32
61
101
6
-64
-2
87
38
-56
-14
86
77
-53
-82
11
110
63
-58
-92
-14
85
113
-37
-141
-82
78
149
27
-131
-92
20
114
92
-37
-99
-75
72
160
47
-197
-159
120
194
34
-176
-134
113
122
-59
-114
-37
85
57
-14
-42
-11
3
22
39
25
22
-30
-24
-17
13
40
53
4
-52
-42
46
53
-14
-104
-36
70
26
-68
-44
46
34
-64
-84
-26
41
8
-49
-37
14
27
-30
-64
-8
36
-1
-50
-46
11
64
11
-22
-42
-32
30
92
22
-112
-95
68
124
32
-97
-105
20
71
15
-51
-51
6
83
40
-85
-88
28
84
55
-30
-38
7
13
27
11
-13
-13
-19
-32
19
29
-21
-33
-36
32
40
-26
-75
-6
27
27
-21
-14
-6
18
24
10
-15
-21
19
67
13
-29
-16
44
32
25
29
13
-7
-9
3
39
50
9
-26
-33
29
70
28
-45
-61
-13
82
79
-40
-131
-60
79
132
28
-119
-115
53
118
21
-28
-33
-50
0
126
107
-108
-164
-6
139
144
-58
-196
-75
137
127
-51
-152
-30
84
102
12
-78
-63
25
95
49
-44
-46
0
73
33
-24
-6
6
1
-14
0
15
8
-37
-24
4
42
-33
-69
-9
41
15
-78
-51
24
10
-19
-27
8
23
-67
-68
25
75
27
-61
-115
21
122
46
-86
-79
16
104
55
-71
-80
-5
76
68
-2
-50
-63
-50
49
85
-7
-103
-97
68
143
12
-132
-100
56
149
31
-99
-58
51
96
-2
-102
-15
66
20
-40
-42
5
27
-16
-51
-4
45
-6
-35
-31
6
28
2
-6
12
-3
-10
3
48
30
25
-3
-33
3
48
52
6
-17
18
33
6
25
17
18
29
13
-21
-26
35
74
-19
-91
-31
87
84
-17
-114
-85
37
139
35
-91
-106
6
106
55
-23
-58
-41
41
105
34
-137
-112
95
163
-8
-154
-84
111
99
-57
-113
-28
92
65
-42
-69
-4
46
41
16
-2
-29
-7
33
2
-1
17
33
19
-55
-44
26
51
10
-67
-51
22
38
0
-59
-38
21
27
-48
-61
-11
17
-24
-8
3
3
-50
-73
8
45
-21
-3
-17
-40
6
37
18
-27
-54
-11
85
103
-62
-178
-22
186
131
-82
-189
-73
117
144
-44
-157
-57
116
160
-61
-178
-45
154
111
-65
-100
25
93
22
-73
-54
79
90
-57
-98
-16
73
66
-50
-86
-23
62
72
-25
-100
-29
68
45
-33
-31
46
76
-20
-63
16
75
44
-30
-47
6
96
74
-13
-44
9
50
16
-9
10
52
26
-28
-21
-3
40
55
-18
-62
-54
67
106
-31
-140
-67
110
149
-17
-166
-83
74
133
10
-78
-73
20
143
71
-110
-146
25
137
71
-76
-88
-18
-4
4
20
32
-17
-57
10
73
22
-58
-60
38
86
17
-42
-41
18
59
20
3
-32
-12
25
20
-28
-40
-10
24
9
-21
-35
-23
-6
0
-26
-5
-18
-13
-27
-44
17
28
-7
-88
-69
46
93
6
-115
-95
44
114
41
-103
-127
33
141
85
-73
-135
-33
90
109
4
-122
-76
48
104
10
-103
-81
35
107
60
-108
-96
37
83
36
-31
-10
35
0
-36
-2
73
40
-76
-95
20
128
26
-143
-113
70
139
27
-120
-115
23
98
41
-64
-68
33
94
2
-70
-27
91
95
-37
-107
1
121
94
-27
-87
27
113
17
-89
-22
141
117
-78
-144
28
136
91
-64
-137
-30
130
119
-49
-149
-47
77
69
2
-7
-44
-47
4
62
48
-7
-84
-34
100
113
-37
-132
-54
105
99
-39
-100
-40
52
54
-8
-59
-22
2
27
43
-17
-38
-17
38
71
6
-55
-17
26
36
20
7
-8
-14
-17
13
18
-12
-48
-15
46
20
-74
-67
32
49
-26
-68
-62
16
10
-14
-5
2
-36
-55
-24
29
32
-10
-36
-43
25
47
-27
-56
-12
40
39
16
-15
-30
-12
-6
12
43
10
-45
-35
1
29
2
-68
-34
81
68
-47
-92
-19
67
81
-18
-59
-4
46
43
-9
-32
-12
-2
14
-2
-37
-26
17
35
-20
-44
-17
39
25
-62
-45
3
67
38
-12
-52
-8
63
23
-29
-2
66
20
-50
-33
69
94
19
-24
-27
-24
31
72
65
-4
-55
-36
40
89
28
-70
-62
24
79
46
-18
-67
-55
2
52
47
26
-47
-76
-14
84
93
-26
-124
-52
142
178
-90
-254
-15
235
158
-111
-218
-23
159
102
-93
-135
-12
104
53
-65
-35
66
34
-36
-41
42
76
10
-69
-41
40
102
13
-92
-53
65
69
-16
-82
-40
58
68
-53
-104
-1
55
13
-45
-83
-40
27
14
-26
7
-8
-50
-48
1
23
28
-27
-51
-31
36
67
27
-73
-102
-1
122
105
-54
-147
-60
90
148
3
-136
-101
43
99
25
-104
-120
19
163
83
-101
-162
-19
156
110
-66
-105
-1
100
29
-54
-16
-9
-4
8
-5
-10
-14
-30
-2
5
38
5
-36
-58
-14
46
30
-30
-26
33
41
-14
-22
13
58
57
-28
-85
11
120
81
-52
-68
47
93
28
-59
-34
84
96
-19
-111
-3
117
80
-81
-130
21
148
70
-118
-143
23
159
67
-78
-123
-32
111
119
-38
-122
-46
81
136
26
-125
-139
81
181
22
-147
-120
57
109
-24
-89
-22
42
38
-31
-13
45
14
-45
-29
54
77
-1
-50
-33
18
63
33
-26
-46
-20
40
61
-11
-81
-54
48
64
-48
-102
0
82
2
-89
-66
31
37
-18
-53
-6
25
-26
-78
-38
65
50
-52
-91
-20
86
99
-42
-150
-57
136
152
-47
-166
-68
106
136
1
-91
-79
-2
55
48
-18
-59
-52
32
79
12
-70
-52
-4
77
78
-18
-54
-21
40
36
-10
-9
11
-21
-17
28
24
0
-59
-65
12
71
39
-47
-95
-7
69
77
-8
-86
-29
74
77
-3
-38
3
41
11
-7
15
50
41
1
11
26
-6
1
30
47
36
-32
-34
21
79
47
-47
-81
-6
59
94
-6
-80
-69
2
69
71
-21
-72
-54
24
74
48
-46
-68
-23
80
130
-42
-171
-47
141
141
-52
-182
-52
107
64
-51
-56
-3
71
6
-42
-3
21
-2
-11
8
24
30
30
-20
-63
-9
97
89
-69
-115
-17
121
73
-91
-140
-4
135
63
-140
-128
43
114
19
-133
-127
11
107
25
-69
-62
-34
-20
39
43
-35
-76
-40
47
59
-19
-42
-31
5
30
36
8
-5
-22
-56
-4
89
84
-48
-144
-46
111
90
-52
-183
-34
200
142
-100
-191
-52
194
156
-89
-160
-2
155
91
-93
-110
5
76
66
-29
-101
-32
61
61
-38
-66
-26
46
44
-51
-56
12
51
39
-24
-10
5
26
44
7
-36
-27
46
81
35
-13
-30
25
55
12
-36
-2
69
82
-3
-70
-27
43
74
17
-57
-58
11
79
74
-39
-113
-65
59
125
24
-93
-110
12
117
81
-44
-114
-54
108
174
-2
-200
-113
118
172
-5
-163
-93
74
82
-15
-83
-42
58
53
24
-50
-62
8
69
37
-40
-35
59
59
-31
-57
37
96
4
-90
-70
39
81
14
-61
-45
-9
24
-32
-33
25
14
-40
-57
-39
15
-6
-42
9
46
-26
-127
-45
97
63
-38
-122
-33
101
89
-59
-111
-29
93
68
-6
-64
-48
20
88
42
-32
-92
-63
53
95
-11
-126
-91
88
195
-10
-208
-120
131
221
-8
-208
-54
161
136
-80
-174
28
149
19
-122
-51
91
90
-65
-150
-33
121
96
-68
-148
-18
125
84
-85
-103
31
132
65
-94
-112
34
147
46
-103
-75
69
143
57
-30
-62
-29
59
68
23
-10
-11
1
-9
32
50
18
-39
-52
-8
64
96
3
-118
-106
31
127
74
-67
-127
-18
80
104
-1
-96
-58
72
144
3
-178
-74
133
143
-51
-189
-45
142
99
-57
-133
-46
77
95
26
-52
-63
-13
64
71
-24
-40
32
26
-21
-33
75
85
-50
-119
-12
127
57
-73
-86
7
53
15
-67
-40
40
33
-29
-84
-49
-2
11
16
7
-13
-45
-64
-19
56
46
-38
-85
-47
50
86
61
-76
-156
-15
151
140
-57
-167
-78
74
144
57
-100
-126
-23
92
76
-55
-141
4
153
68
-107
-147
3
139
92
-46
-77
-8
17
10
11
45
7
-38
-72
-28
60
37
-27
-59
-38
27
46
-6
-40
-61
-10
67
37
-33
-51
12
37
34
9
-26
-1
21
-22
7
54
47
-11
7
34
23
-38
-49
45
125
35
-105
-72
81
121
2
-101
-82
71
145
-19
-151
-71
86
104
-23
-85
-28
38
25
-12
-2
28
-2
-52
-2
89
82
-106
-176
38
177
92
-122
-182
-9
141
81
-80
-130
-16
115
98
-51
-122
-37
83
115
0
-130
-59
119
122
-44
-123
11
101
53
-62
-91
-12
75
63
-43
-98
-36
46
23
2
-23
-59
-20
3
-7
-42
-9
45
-24
-101
-39
46
74
-23
-99
-40
36
43
15
-13
-22
-41
-8
61
72
-5
-96
-54
49
69
21
-40
-66
-1
41
22
-33
-105
-31
145
99
-100
-166
-21
147
128
-59
-134
-24
96
86
-19
-52
-21
2
8
-2
-11
-9
-23
-27
-4
16
50
1
-90
-99
34
141
45
-114
-93
49
122
27
-72
-29
68
60
-26
-65
47
142
14
-91
-33
88
68
-30
-29
33
81
-1
-71
-29
71
96
-5
-96
-61
66
100
-29
-99
-56
33
66
52
-17
-113
-46
79
116
8
-113
-83
60
181
52
-200
-149
118
190
17
-165
-129
88
119
-37
-116
-39
108
93
-55
-103
-13
89
59
-48
-75
46
111
3
-85
-84
85
158
-20
-136
-63
60
92
9
-88
-58
30
61
-61
-108
30
109
-10
-149
-83
73
91
-53
-109
-29
36
16
-25
-28
3
23
-13
-58
0
72
30
-62
-89
0
103
107
-36
-120
-72
55
148
69
-120
-156
12
147
92
-108
-175
-13
197
126
-124
-172
-7
167
87
-54
-78
-14
69
44
-5
-36
-27
18
30
0
-26
-7
5
-35
-45
39
70
-35
-88
-65
47
131
33
-102
-80
54
96
-3
-47
2
67
58
-40
-52
20
94
61
-27
-18
7
15
19
23
64
35
-32
-41
20
81
47
-71
-88
-3
101
74
-54
-90
-37
33
77
56
-29
-103
-68
64
124
32
-107
-87
72
159
38
-172
-142
113
173
24
-152
-107
92
62
-23
-62
-32
28
18
1
20
5
-38
-3
40
48
0
-38
1
15
6
11
28
27
-39
-26
22
29
-27
-52
33
69
-42
-122
-38
121
79
-117
-148
10
110
0
-110
-17
48
17
-65
-64
17
54
13
-70
-79
46
88
0
-82
-58
26
75
19
-38
-44
-1
31
28
1
-24
-33
18
32
-50
-42
-2
31
62
13
-85
-51
26
31
32
-4
-5
9
11
36
-1
-39
-14
30
-1
-45
-39
36
16
-41
-25
30
38
3
-65
-68
-3
68
29
-12
-16
3
14
-29
16
71
64
-20
-94
5
112
86
-21
-55
19
57
-13
-29
36
103
47
-85
-104
76
164
41
-146
-130
70
160
44
-109
-127
0
104
81
-16
-79
-52
26
21
-8
33
44
-20
-54
16
84
10
-71
-44
24
82
17
-77
-77
-1
76
53
-46
-80
-68
77
127
-3
-110
-56
60
109
14
-72
-36
41
58
41
1
-31
-51
-4
68
13
-58
-45
19
43
7
-75
-51
27
24
-18
-61
-54
-4
13
0
-4
-8
-31
-63
-28
43
46
-31
-88
-54
43
70
13
-52
-56
17
51
54
-6
-70
-52
22
75
39
-20
-72
-72
42
83
15
-108
-79
93
134
-69
-132
-53
93
134
-11
-100
-42
86
110
-33
-132
-52
95
126
-59
-153
-27
145
61
-122
-134
66
135
0
-164
-90
108
144
-19
-151
-55
113
112
-27
-110
25
135
10
-121
-19
113
121
-16
-72
1
44
34
-2
17
55
4
-46
-13
61
65
-27
-80
-37
66
103
4
-100
-70
8
80
62
-29
-100
-54
29
122
74
-82
-149
9
214
127
-192
-239
101
268
66
-209
-201
93
190
30
-147
-129
47
107
62
-12
-79
-38
33
57
36
3
-23
-19
-7
53
55
24
-38
-66
-10
59
35
-16
-55
-29
35
41
-21
-100
-63
56
110
-7
-149
-123
61
110
3
-99
-73
-8
33
25
6
-43
-30
-18
6
29
25
-10
-53
-39
30
71
43
-62
-110
-3
135
93
-60
-121
-39
80
64
-42
-95
-38
90
114
-40
-144
-80
84
145
21
-78
-58
30
72
33
-47
-36
-11
25
23
0
-37
-28
-11
8
33
18
-39
-40
-25
3
55
36
-50
-43
37
42
4
-32
14
60
45
-47
-62
48
96
29
-37
5
44
7
-40
2
78
77
-29
-99
6
95
79
-12
-106
-71
83
142
-5
-130
-102
38
114
46
-46
-92
-20
63
68
2
-43
-70
8
115
99
-99
-192
32
217
80
-163
-153
29
96
51
-38
-79
-25
28
52
59
-47
-66
16
52
34
13
-14
-29
-16
30
54
24
-21
-36
-8
13
32
-4
-30
-25
-29
5
0
-14
-2
-35
-15
9
-43
-47
0
11
-13
-4
-6
-34
-71
-22
62
36
-49
-92
-37
89
117
-40
-156
-68
122
182
-7
-191
-117
72
175
57
-125
-111
46
93
13
-47
-66
-42
73
94
-23
-96
-68
53
114
20
-58
-34
22
33
7
33
18
-72
-54
57
70
-21
-67
-62
-7
71
35
-45
-35
-14
17
37
18
-54
-54
30
102
9
-72
-17
77
83
-26
-105
1
121
84
-35
-52
36
43
2
-2
56
68
-54
-76
34
109
28
-77
-53
29
59
30
-22
-39
-9
-15
-21
31
75
-12
-123
-69
89
127
4
-136
-75
114
181
-24
-229
-94
167
174
-44
-189
-95
93
120
-15
-122
-52
66
60
7
-67
-40
9
59
30
-32
1
53
7
-59
-37
68
82
-20
-97
-25
81
60
-55
-88
-32
56
35
-50
-62
2
45
6
-83
-91
9
68
19
-25
-69
-78
-7
77
37
-76
-79
26
100
31
-75
-58
-17
18
44
16
30
1
-76
-29
48
90
5
-91
-67
37
98
27
-128
-117
49
203
67
-145
-188
10
219
122
-145
-158
53
175
90
-95
-167
-30
137
108
-80
-125
-6
90
16
-44
-35
12
5
-50
-19
44
63
-17
-79
-20
56
58
19
-39
-26
50
47
-10
-19
0
30
89
60
-33
-86
-10
104
107
10
-91
-74
60
112
36
-56
-84
-29
52
127
44
-104
-119
-21
91
114
18
-109
-119
14
131
103
-40
-141
-81
146
226
-55
-286
-71
232
192
-79
-251
-70
164
131
-68
-153
-29
99
59
-31
-30
9
10
-10
24
35
43
-27
-70
-4
117
86
-39
-128
-57
93
117
-11
-141
-58
101
85
-76
-146
5
138
31
-120
-119
-2
66
2
-47
-13
16
-12
-55
-68
39
90
-6
-120
-87
62
144
30
-141
-146
58
192
89
-143
-173
0
154
126
-47
-163
-58
95
90
-38
-86
-55
26
121
26
-98
-73
-1
61
35
13
0
-11
-4
10
31
14
-13
-45
-43
22
37
14
-28
-76
-42
73
66
-36
-100
-54
81
106
-25
-128
-35
128
83
-58
-68
8
109
32
-82
-42
97
104
-17
-47
28
61
-9
-49
29
99
15
-79
-52
81
134
-9
-125
-80
68
147
70
-121
-167
-33
159
160
-26
-180
-122
98
195
39
-171
-124
83
194
70
-157
-217
68
248
83
-155
-195
38
184
47
-119
-114
27
101
20
-32
-19
7
-3
17
40
16
7
-15
-35
5
73
68
3
-76
-49
46
46
16
-63
-43
38
27
-55
-73
10
56
24
-56
-98
-24
48
12
-31
-9
-21
-38
-46
17
62
9
-101
-95
30
168
71
-142
-163
27
181
101
-98
-128
-36
83
103
22
-64
-89
10
66
52
-1
-119
-107
59
179
65
-144
-150