#4
365
-426
-589
267
980
552
-484
-712
188
930
538
-337
-524
79
602
459
-66
-163
64
148
181
283
255
-20
-185
-2
358
459
134
-211
-165
256
487
214
-177
-160
203
396
165
-159
-119
261
440
119
-238
-113
294
428
114
-205
-78
286
349
53
-118
70
272
174
-41
25
271
223
-38
-135
143
447
286
-155
-283
129
519
377
-128
-393
-61
560
605
-30
-525
-182
471
623
194
-328
-322
194
506
309
-67
-170
48
192
221
227
146
-104
-173
69
363
463
32
-497
-253
535
713
53
-558
-313
468
686
55
-437
-167
425
447
-84
-281
165
485
169
-257
-161
274
436
100
-195
-36
268
263
-13
-135
126
339
142
-193
-122
278
455
65
-355
-177
390
539
35
-417
-186
369
462
43
-263
-73
259
263
29
12
122
43
-88
32
282
321
-8
-392
-130
522
582
-75
-554
-204
500
611
28
-492
-261
330
532
171
-205
-228
34
312
271
122
-87
-147
24
214
290
119
-85
-140
35
275
243
16
-135
-31
148
194
49
-77
-7
177
218
-5
-168
-16
252
264
-25
-193
-22
263
265
-29
-141
56
208
107
-3
57
109
24
-55
55
278
254
-76
-265
-18
374
387
-19
-381
-238
365
645
153
-513
-481
253
752
427
-394
-614
35
644
484
-186
-440
-32
357
295
38
-68
-40
46
36
71
284
172
-257
-338
182
584
296
-405
-488
166
645
283
-341
-354
198
450
61
-263
-37
332
250
-107
-204
64
308
174
-90
-108
86
233
90
-92
-35
188
188
-30
-154
24
297
200
-160
-266
100
440
211
-257
-358
85
469
263
-226
-300
88
336
199
-55
-103
-37
39
93
169
161
14
-271
-184
326
512
42
-468
-302
298
545
170
-359
-397
72
488
351
-102
-383
-190
283
484
211
-318
-397
66
437
334
-84
-296
-90
218
250
13
-88
-3
74
34
14
86
31
-66
7
153
128
-67
-165
47
246
139
-108
-168
48
220
169
-46
-174
-28
197
236
45
-173
-110
102
210
154
-7
-105
-46
62
155
162
41
-152
-208
118
444
242
-306
-438
31
572
469
-223
-611
-160
514
559
-67
-502
-206
344
419
81
-209
-200
73
184
74
99
48
-175
-185
157
379
173
-268
-357
78
434
228
-187
-281
30
309
139
-135
-113
166
226
15
-154
-71
138
205
49
-90
-56
88
120
41
-34
28
102
28
-68
-6
181
128
-114
-205
64
351
205
-220
-366
-25
408
332
-139
-353
-64
292
272
1
-174
-159
12
205
203
56
-120
-258
-43
328
347
-38
-393
-226
272
411
105
-292
-312
20
351
322
-18
-345
-280
183
475
287
-275
-506
-14
484
384
-129
-387
-99
287
286
-48
-226
-20
189
114
-115
-109
58
135
50
-43
-16
18
-11
-12
64
113
4
-114
-50
98
176
60
-147
-159
107
259
133
-131
-237
-12
277
250
-34
-231
-105
142
210
95
-69
-137
-126
64
323
247
-163
-418
-149
381
557
29
-556
-411
297
663
194
-479
-438
158
498
256
-203
-331
-22
209
150
90
-18
-185
-198
66
363
252
-174
-403
-80
346
316
-85
-295
-99
225
221
-53
-143
22
144
88
-58
-101
40
151
91
-28
-51
0
73
69
0
-2
34
21
-21
8
98
76
-73
-151
14
221
173
-110
-271
-73
256
262
-44
-251
-133
124
270
151
-110
-302
-136
245
386
89
-342
-384
93
541
288
-340
-489
-6
445
313
-103
-348
-171
161
237
112
5
-137
-231
-50
342
418
-82
-512
-255
363
525
-5
-447
-218
273
355
-21
-270
-100
162
170
-45
-137
-18
99
92
-31
-68
-39
23
39
51
46
-15
-76
-60
63
136
86
-68
-161
-4
209
190
-51
-237
-110
162
268
89
-160
-215
16
230
187
-29
-217
-192
97
360
196
-213
-352
-84
333
436
1
-464
-339
228
526
190
-366
-399
68
446
278
-147
-337
-80
174
165
124
-24
-261
-198
156
366
142
-281
-370
52
403
192
-225
-261
40
244
84
-160
-88
162
175
-57
-160
-22
155
119
-27
-70
-5
67
37
-11
-14
63
63
-25
-91
-4
140
97
-105
-190
37
254
150
-147
-296
-52
249
275
-25
-286
-177
115
270
164
-98
-306
-163
225
360
75
-248
-346
-58
377
380
-95
-430
-239
274
403
30
-323
-253
61
296
210
-100
-199
-151
13
274
292
-78
-388
-204
268
427
58
-362
-258
150
317
75
-203
-144
124
138
-81
-138
23
129
34
-60
-64
7
39
14
-19
22
19
-17
-30
-16
46
110
17
-146
-96
139
241
7
-254
-197
150
363
111
-262
-259
71
292
158
-94
-211
-154
79
350
212
-231
-411
-68
325
424
71
-448
-438
164
561
271
-342
-462
-8
457
345
-130
-365
-149
163
234
113
-69
-197
-222
49
358
241
-202
-407
-85
362
302
-97
-346
-108
225
195
-68
-136
33
118
51
-44
-74
-5
93
91
17
-58
-54
31
91
51
-37
-43
-2
35
-5
26
64
-9
-103
-55
121
179
-27
-229
-156
160
257
33
-218
-187
59
232
155
-79
-229
-134
106
251
118
-122
-244
-164
180
375
44
-314
-271
104
348
153
-216
-301
-58
217
226
29
-129
-228
-86
234
373
4
-401
-280
212
448
104
-347
-290
127
314
56
-184
-115
75
119
-42
-132
-3
100
80
-28
-92
-50
21
36
42
26
-27
-78
-58
40
120
40
-70
-115
-17
128
159
-22
-186
-115
99
224
92
-128
-193
-28
180
184
4
-168
-224
-6
322
303
-140
-450
-190
317
494
100
-487
-441
174
564
240
-355
-423
13
392
262
-82
-250
-175
90
176
120
56
-138
-321
-68
358
366
-110
-482
-236
309
424
37
-359
-248
146
269
43
-167
-71
115
110
-30
-98
-37
93
118
34
-75
-92
20
98
75
-8
-70
-54
25
68
72
9
-100
-100
44
159
83
-112
-193
-35
173
160
-7
-165
-138
34
163
138
-3
-190
-226
79
304
167
-144
-317
-182
255
413
13
-373
-331
117
401
235
-221
-398
-138
249
342
113
-219
-369
-75
295
409
84
-446
-404
172
521
246
-313
-457
-42
387
282
-143
-302
-57
204
140
-93
-160
-49
116
107
-37
-126
-74
56
95
30
-66
-65
-7
2
52
92
-2
-139
-96
126
193
11
-219
-144
142
261
69
-179
-201
18
208
158
-53
-196
-171
54
288
236
-147
-384
-168
243
464
125
-432
-449
109
522
306
-293
-472
-39
422
336
-102
-372
-150
214
197
-16
-64
-101
-138
8
238
186
-131
-341
-113
288
302
-80
-334
-119
230
210
-87
-189
20
188
105
-91
-149
4
118
91
8
-59
-60
37
63
32
-1
-13
-53
-37
27
118
65
-115
-160
16
173
130
-54
-231
-135
141
243
53
-192
-212
27
196
163
0
-197
-210
34
246
226
-47
-339
-289
189
487
119
-391
-387
91
428
211
-240
-349
-55
235
219
43
-177
-250
-19
232
310
23
-357
-305
158
405
173
-250
-334
15
308
140
-166
-150
53
129
-8
-121
-44
74
84
-38
-84
-35
19
11
24
37
-33
-47
-27
0
25
62
23
-83
-91
59
160
66
-149
-192
2
248
227
-112
-293
-72
216
219
-5
-203
-179
-21
247
307
-42
-380
-282
156
503
238
-383
-522
4
517
374
-206
-470
-116
330
330
2
-273
-175
60
124
118
64
-134
-266
-46
276
253
-90
-345
-162
218
278
4
-238
-135
107
143
-42
-107
58
139
15
-110
-57
71
85
-1
-25
1
10
-19
14
34
44
17
-28
-62
-11
79
92
-45
-167
-56
176
184
-65
-262
-149
162
250
36
-212
-191
38
186
143
10
-173
-210
11
277
220
-82
-355
-278
232
502
108
-421
-423
91
472
252
-264
-440
-86
300
314
29
-271
-283
22
281
331
-19
-424
-272
211
431
108
-308
-285
72
277
98
-157
-144
48
109
-14
-102
-25
51
41
-3
-35
-24
-35
-26
29
79
10
-84
-73
22
92
24
-40
-85
-53
87
130
26
-142
-144
39
210
138
-96
-206
-53
148
160
33
-132
-202
-54
225
322
-25
-407
-248
197
462
206
-394
-495
44
502
358
-235
-475
-93
350
342
-31
-289
-207
64
164
178
66
-211
-315
-6
367
278
-171
-435
-135
340
327
-97
-348
-91
251
178
-136
-212
59
243
81
-170
-176
61
197
80
-90
-89
26
55
13
-6
31
40
-51
-78
1
102
81
-66
-159
-46
149
182
-41
-208
-147
81
211
91
-148
-191
-38
149
188
22
-154
-217
-49
241
292
-30
-330
-319
107
427
221
-274
-403
-23
348
239
-133
-301
-120
117
195
103
-55
-202
-161
100
373
155
-325
-388
71
442
239
-266
-384
-1
350
196
-167
-241
3
181
52
-145
-110
46
126
36
-71
-108
-17
20
45
39
-21
-50
-67
-19
72
105
-11
-124
-85
66
165
85
-161
-213
19
270
204
-113
-283
-101
201
270
-17
-232
-179
1
236
265
-41
-303
-246
119
346
223
-186
-421
-94
330
342
-31
-340
-207
158
302
117
-149
-206
-76
78
206
164
-119
-365
-137
341
384
-75
-477
-254
284
429
34
-360
-240
158
267
-6
-200
-39
183
106
-88
-139
12
122
81
-33
-49
5
25
-13
-9
57
43
-14
-100
-37
112
127
-68
-191
-69
175
181
-39
-223
-147
87
224
89
-157
-214
-41
191
209
28
-180
-249
-37
266
284
-40
-357
-320
144
498
199
-360
-462
29
431
281
-202
-410
-116
252
292
33
-244
-199
27
179
220
37
-239
-256
43
311
206
-149
-297
-67
251
182
-100
-222
-11
186
76
-141
-174
32
177
70
-129
-126
-7
62
38
-18
-3
-11
-56
-60
47
128
23
-128
-122
64
178
67
-156
-164
36
195
149
-73
-193
-99
124
206
48
-159
-199
-45
231
286
-12
-336
-284
106
389
316
-197
-543
-155
421
456
-77
-507
-244
301
444
60
-316
-283
34
223
181
-16
-171
-197
-67
234
271
-32
-340
-226
175
351
70
-264
-246
84
242
55
-185
-81
151
139
-42
-143
-45
129
122
-1
-73
-52
1
46
42
22
-9
-24
-23
-24
49
89
-4
-125
-105
95
204
44
-216
-216
64
250
139
-148
-241
-70
155
188
53
-136
-231
-39
244
227
-57
-261
-195
68
294
176
-177
-291
-78
219
229
-26
-228
-166
30
191
129
13
-171
-241
11
358
308
-215
-490
-109
420
407
-128
-455
-146
283
255
-73
-222
-38
146
58
-101
-86
19
59
21
-37
-56
-21
-4
30
47
-8
-54
-66
8
58
60
5
-78
-86
-8
121
119
-70
-170
-45
139
192
28
-162
-178
50
215
115
-119
-243
-108
222
337
47
-357
-367
90
467
358
-259
-577
-164
438
494
-47
-512
-283
287
443
75
-311
-295
19
289
177
-110
-189
-127
11
193
169
-50
-237
-166
110
251
79
-166
-185
30
144
31
-89
-24
88
68
-39
-81
-32
67
106
27
-67
-75
17
67
14
-8
22
37
-35
-83
19
93
53
-84
-153
18
191
110
-133
-239
-55
214
218
-57
-283
-162
150
265
120
-134
-316
-121
258
328
-12
-305
-302
61
389
232
-188
-376
-116
276
288
-38
-301
-185
81
225
137
-18
-245
-211
106
333
253
-228
-465
-86
421
389
-104
-468
-190
306
338
-75
-282
-93
186
122
-125
-126
29
94
37
-70
-76
-7
27
14
-10
2
4
-28
-52
-1
52
52
-14
-101
-54
113
132
-56
-183
-64
171
208
10
-184
-177
72
230
108
-131
-227
-72
165
274
57
-278
-296
19
364
362
-124
-520
-227
360
479
-14
-465
-275
260
392
56
-278
-224
90
208
51
-82
-58
-70
-86
71
173
63
-153
-215
20
220
120
-126
-178
7
151
42
-130
-29
150
102
-83
-103
11
89
38
-32
21
30
-24
-59
6
101
71
-55
-112
-38
85
114
-11
-150
-107
101
206
59
-173
-243
5
227
144
-111
-233
-85
146
195
55
-126
-229
-52
223
223
-18
-233
-264
8
342
259
-135
-355
-162
216
300
-15
-278
-174
85
174
107
-9
-185
-173
70
245
231
-152
-392
-95
318
338
-67
-359
-163
200
242
-16
-189
-72
95
86
-57
-96
-25
50
64
5
-66
-74
-11
21
47
26
-38
-75
-42
20
90
86
-59
-156
-13
160
138
-82
-192
-73
155
201
36
-144
-189
21
202
143
-72
-220
-146
101
317
178
-211
-375
-131
293
460
52
-488
-397
209
546
185
-394
-403
101
400
178
-166
-264
-24
95
74
142
51
-241
-264
101
378
188
-300
-436
20
423
253
-209
-328
-45
239
157
-105
-146
67
124
12
-77
-52
41
66
44
13
-38
-39
-11
38
55
44
-32
-87
-26
89
86
-29
-117
-72
79
142
56
-117
-197
-40
189
171
-74
-261
-103
170
229
25
-166
-188
0
154
143
8
-147
-236
-50
305
273
-128
-393
-172
303
343
-41
-350
-201
121
239
101
-79
-185
-102
54
189
202
-98
-323
-122
246
327
18
-335
-226
158
280
34
-197
-131
68
121
-25
-105
-36
41
53
18
-65
-58
-10
17
41
38
-39
-86
-38
37
83
28
-69
-82
9
99
58
-53
-119
-34
114
161
40
-144
-150
7
182
154
-82
-208
-133
102
306
173
-207
-413
-126
320
473
90
-511
-485
193
631
252
-414
-508
83
508
237
-254
-357
-1
229
145
-2
-115
-188
-97
161
278
48
-278
-271
76
322
157
-200
-275
36
233
82
-167
-111
133
158
-25
-145
-47
82
83
24
-38
-27
2
28
26
0
2
23
-9
-56
-6
54
54
-36
-98
-5
130
102
-89
-194
-68
147
167
-41
-196
-91
114
161
58
-67
-186
-127
110
250
94
-175
-292
-77
273
291
-50
-322
-226
195
327
19
-298
-186
97
199
101
-51
-159
-108
6
161
243
-46
-313
-191
199
340
38
-275
-205
97
222
68
-100
-118
-7
62
15
-40
-13
2
11
-6
-28
-10
-20
-23
-4
38
39
-29
-106
-47
110
149
-26
-195
-99
128
210
-17
-233
-122
153
254
35
-231
-177
102
241
70
-145
-160
-64
54
223
207
-145
-376
-118
285
394
54
-428
-379
172
487
208
-323
-427
29
407
244
-154
-289
-51
114
108
78
-11
-178
-199
91
309
104
-269
-284
66
317
116
-209
-211
76
200
-13
-192
-34
197
139
-99
-154
7
113
67
-30
-43
28
41
-21
-29
30
51
17
-54
-48
19
64
60
-40
-129
-34
136
145
-72
-223
-89
147
171
-18
-182
-102
64
165
92
-47
-163
-156
67
256
130
-173
-270
-127
199
335
74
-296
-321
74
353
126
-219
-247
-34
164
233
-22
-190
-116
-6
166
238
-5
-275
-207
105
322
131
-227
-239
39
205
91
-60
-101
-49
48
25
-18
-29
-13
2
25
21
-28
-78
-46
73
103
-22
-124
-63
33
95
66
-53
-121
-44
99
150
-7
-173
-120
102
250
91
-165
-237
-17
247
215
-94
-253
-141
75
288
189
-174
-349
-101
246
389
90
-400
-393
128
488
228
-332
-437
63
427
240
-197
-359
-48
256
215
-50
-196
-103
-11
96
156
14
-145
-170
7
174
122
-61
-156
-46
100
48
-38
-26
60
64
-29
-55
12
25
7
3
43
60
-20
-98
-31
107
117
-28
-118
-85
48
152
41
-115
-138
39
169
99
-116
-197
-76
143
170
2
-167
-141
32
156
113
-3
-156
-210
18
296
202
-153
-339
-204
278
439
21
-438
-326
191
417
53
-325
-220
118
209
53
-132
-114
32
71
3
51
74
-73
-154
-17
181
167
-77
-225
-69
162
148
-19
-111
-74
31
74
11
-59
-71
-20
79
72
-79
-145
-24
119
95
-47
-124
-67
44
108
63
-57
-125
-51
109
169
-10
-198
-124
105
209
74
-130
-160
-7
159
140
-47
-155
-120
21
204
207
-75
-315
-203
164
409
188
-342
-437
42
435
316
-212
-425
-77
340
294
-80
-289
-146
140
238
3
-157
-81
-32
54
124
62
-54
-178
-114
122
205
37
-199
-155
104
163
-26
-137
3
142
80
-91
-112
4
104
95
3
-52
-63
6
47
53
26
-17
-45
-38
5
83
61
-61
-129
-23
162
125
-86
-224
-64
160
176
-40
-182
-104
62
138
99
6
-135
-218
-1
271
180
-124
-285
-174
192
353
65
-315
-312
90
361
115
-237
-204
19
123
80
-14
-59
-68
-31
52
154
100
-148
-226
-1
252
201
-132
-292
-63
234
183
-62
-197
-58
129
85
-81
-118
-10
104
79
-65
-110
-41
38
46
26
-22
-52
-29
8
38
10
-10
-3
-44
-19
58
67
-35
-106
-19
120
150
-8
-192
-122
129
215
43
-192
-209
0
268
232
-111
-340
-153
210
379
131
-320
-399
-4
398
336
-159
-444
-124
346
317
-49
-282
-180
128
226
39
-55
-119
-187
11
280
197
-168
-344
-93
261
281
-64
-297
-113
189
200
-73
-204
5
207
99
-124
-157
20
160
98
-51
-89
-10
54
41
-29
13
50
-7
-77
-29
72
84
-37
-110
-29
96
113
-11
-166
-150
70
194
73
-166
-177
16
183
112
-28
-142
-158
7
205
189
-39
-268
-258
132
407
154
-300
-382
34
380
166
-225
-264
35
167
44
-32
-14
-53
-40
20
166
107
-182
-231
41
282
169
-186
-266
48
239
74
-136
-116
44
105
-35
-99
-30
60
31
-11
-31
-52
-13
14
0
26
35
-28
-86
-57
54
113
28
-124
-122
33
169
87
-127
-158
28
179
135
-60
-190
-78
134
184
26
-145
-182
-54
201
297
-10
-359
-274
190
391
164
-241
-418
-52
372
329
-105
-393
-135
268
285
-37
-262
-143
182
225
-58
-217
-81
52
122
69
-29
-58
-114
-65
109
152
5
-163
-126
82
152
-10
-117
-31
118
101
-61
-120
-29
109
97
7
-44
-50
20
42
15
8
33
-22
-82
-27
98
83
-40
-132
-53
120
140
-2
-151
-158
19
155
105
-75
-175
-45
116
138
25
-100
-185
-55
154
216
31
-217
-314
18
414
277
-229
-470
-66
408
265
-191
-336
-55
199
147
14
-99
-114
-25
67
177
109
-165
-215
-20
207
221
-50
-256
-140
151
223
31
-175
-142
49
129
24
-79
-101
-3
101
84
-58
-152
-76
80
136
15
-113
-114
-11
103
99
-24
-103
-49
45
96
42
-80
-113
0
115
142
20
-149
-146
70
214
78
-162
-198
-42
198
256
-8
-282
-231
78
299
277
-115
-453
-210
330
442
11
-450
-251
271
351
-3
-287
-141
181
185
-90
-129
-2
20
-7
4
59
38
-93
-144
18
168
110
-92
-189
-35
172
106
-83
-117
27
130
69
-104
-136
27
151
96
-42
-115
-26
99
66
-23
-43
3
27
-18
-22
51
45
-54
-99
6
111
94
-112
-220
-41
231
202
-131
-298
-56
237
226
-19
-230
-206
40
270
210
-155
-309
-121
148
291
98
-220
-272
16
265
144
-151
-208
-10
108
95
19
-60
-102
-87
32
250
202
-206
-373
-25
392
277
-177
-374
-84
262
258
-24
-258
-156
113
193
18
-163
-115
57
139
35
-109
-122
-16
85
82
-23
-105
-66
35
78
39
-29
-68
-51
27
83
61
-39
-108
-49
113
178
16
-169
-144
65
182
85
-100
-179
-97
142
287
76
-273
-292
14
311
342
-80
-445
-242
238
435
103
-365
-322
141
370
131
-225
-218
39
134
72
-30
-33
-67
-122
79
191
42
-175
-203
64
211
96
-134
-168
-3
155
74
-94
-81
82
128
-19
-110
-52
95
99
5
-55
-23
10
35
25
6
25
12
-65
-58
47
101
4
-112
-87
95
163
-23
-203
-133
115
194
15
-176
-149
77
162
56
-40
-68
-105
-49
95
164
26
-117
-214
-108
249
319
-44
-393
-218
269
311
-76
-307
-105
154
218
-22
-248
-60
148
118
34
-46
-125
-69
55
125
76
-81
-125
-19
85
100
14
-85
-75
34
48
-21
-53
-44
11
50
38
-25
-101
-87
35
113
52
-62
-126
-58
79
134
12
-107
-95
19
141
84
-114
-144
28
150
81
-45
-115
-37
99
100
1
-92
-89
-70
74
231
137
-195
-319
-85
319
428
-39
-541
-331
317
573
86
-508
-368
265
462
75
-324
-251
88
257
86
-137
-87
-52
-53
96
142
61
-165
-241
37
273
138
-170
-248
-10
190
129
-77
-108
7
120
63
-68
-96
11
103
81
-7
-56
-41
13
49
50
6
-35
-47
-30
21
70
48
-53
-94
13
125
45
-109
-155
-14
180
105
-106
-168
-8
98
69
14
-5
-105
-113
79
197
65
-144
-272
-97
311
326
-94
-389
-193
257
292
-60
-277
-70
117
123
-43
-113
35
105
-49
-96
90
122
-55
-165
-26
177
147
-105
-210
-56
163
198
-2
-227
-154
128
196
-9
-187
-116
91
160
-12
-158
-135
64
184
34
-153
-99
34
67
13
-12
-18
-18
-27
30
83
4
-115
-66
102
168
31
-140
-164
30
194
108
-55
-177
-156
95
268
147
-179
-329
-104
280
425
-5
-488
-336
259
515
112
-433
-336
195
397
79
-238
-213
48
231
55
-131
-67
-50
-45
109
132
5
-168
-166
66
203
58
-135
-129
9
106
52
-76
-51
64
103
9
-99
-87
59
131
51
-62
-54
14
41
18
-15
32
41
-40
-74
7
89
53
-45
-102
-23
108
51
-56
-124
-55
108
118
-17
-152
-86
79
137
43
-53
-150
-104
95
191
86
-113
-294
-106
287
357
-51
-417
-259
264
362
-32
-325
-128
117
156
13
-124
0
79
-44
-55
108
100
-92
-171
-3
229
153
-143
-228
-25
213
179
-88
-227
-43
137
78
-60
-78
-10
56
35
-26
-53
-86
-31
57
123
13
-143
-116
52
150
60
-83
-109
-23
79
106
4
-142
-85
115
163
21
-163
-110
106
158
3
-109
-110
-22
82
171
92
-160
-264
-43
238
322
-2
-371
-286
150
412
186
-326
-349
132
347
96
-193
-211
46
233
16
-164
-47
11
-5
61
75
-8
-142
-106
65
173
48
-148
-125
39
126
14
-109
-48
123
127
-47
-149
-22
115
77
-12
-19
22
3
-49
-40
64
108
12
-121
-105
66
150
47
-122
-147
55
189
42
-170
-142
13
144
78
-57
-121
-61
57
106
68
-24
-144
-124
81
180
61
-93
-187
-116
168
257
33
-238
-256
116
262
18
-173
-97
25
48
13
10
63
-22
-167
-33
261
166
-178
-302
-5
334
208
-189
-301
-30
262
194
-96
-214
-80
141
142
-54
-173
-72
132
128
-36
-171
-90
77
108
36
-59
-115
-46
60
98
29
-82
-97
24
96
73
-27
-121
-66
73
163
53
-102
-139
22
155
102
-73
-159
-82
59
200
164
-122
-303
-113
206
333
124
-334
-399
63
425
291
-226
-397
-19
300
205
-91
-230
-55
188
93
-112
-81
-3
27
43
18
-2
-23
-75
-38
82
107
-14
-111
-112
49
134
6
-100
-19
125
100
-74
-139
1
121
116
-11
-82
-60
14
57
67
10
-57
-50
9
57
44
-6
-54
-62
28
70
32
-57
-98
-35
64
112
-3
-126
-104
35
148
79
-55
-145
-130
42
203
146
-70
-260
-195
185
345
55
-320
-275
152
299
0
-202
-74
22
44
21
4
19
-4
-100
0
202
85
-168
-197
39
259
120
-201
-211
37
226
137
-137
-196
17
155
31
-123
-106
38
118
54
-75
-105
-46
12
65
63
-26
-101
-71
31
83
39
-39
-76
-5
44
69
2
-91
-69
60
160
75
-106
-160
-9
159
134
-17
-165
-154
18
233
231
-114
-370
-131
268
371
66
-383
-368
133
445
205
-306
-356
90
346
126
-169
-180
30
175
27
-149
-18
60
-28
-32
44
86
-21
-144
-95
134
143
-36
-171
-55
104
122
-61
-117
46
157
52
-112
-116
14
121
99
-24
-97
-32
58
57
-2
4
10
-16
-41
-12
54
80
-30
-97
-50
65
89
-9
-117
-83
52
84
23
-82
-49
-7
61
84
23
-101
-138
-23
183
158
-58
-226
-219
89
370
177
-235
-359
-14
259
149
-84
-137
-49
-5
56
60
-6
-61
-54
54
193
-22
-227
-113
164
234
13
-226
-160
85
224
61
-142
-132
35
124
1
-114
-67
60
80
2
-76
-54
-6
6
17
27
7
-37
-89
-36
78
116
5
-122
-104
59
145
61
-107
-139
7
165
147
-67
-184
-78
142
180
10
-164
-164
-15
226
242
-65
-318
-197
144
367
178
-284
-416
-26
401
342
-173
-426
-64
331
236
-76
-245
-117
168
195
-42
-168
-72
-9
71
139
15
-118
-135
-11
146
94
-44
-121
-86
53
109
14
-81
1
96
38
-48
-55
11
46
28
43
10
-48
-65
15
96
99
-12
-120
-79
44
106
60
-46
-122
-59
116
119
-33
-157
-104
92
162
23
-122
-132
-5
134
114
11
-128
-162
6
210
153
-90
-222
-178
121
334
109
-244
-302
56
261
39
-147
-53
31
-6
-4
-28
41
120
-69
-162
51
168
30
-140
-102
117
174
-36
-180
-74
106
147
-2
-138
-68
55
72
-5
-101
-67
82
107
-7
-138
-142
31
156
58
-96
-110
-5
50
46
15
-7
-39
-53
-1
91
71
-73
-125
-1
144
153
-51
-175
-82
122
171
9
-111
-163
-76
174
285
34
-323
-304
109
417
283
-251
-509
-128
407
427
-125
-441
-98
298
246
-65
-249
-84
166
163
-65
-140
-56
-25
60
147
64
-127
-230
-41
240
206
-92
-264
-82
161
150
-54
-128
4
122
89
-46
-110
-44
91
103
32
-68
-80
18
78
48
-24
-12
-7
-13
-13
12
40
28
-53
-82
36
97
48
-103
-140
27
141
71
-81
-158
-22
100
100
26
-55
-146
-89
120
206
51
-183
-282
19
344
207
-208
-351
16
274
111
-127
-106
0
-7
-17
24
107
67
-135
-169
116
265
24
-268
-189
163
306
28
-280
-208
117
298
82
-242
-193
78
197
25
-179
-124
90
167
1
-150
-122
28
131
59
-82
-127
-15
67
59
-1
-6
-12
-26
-19
11
71
21
-63
-76
60
148
45
-133
-112
61
149
38
-109
-133
-34
134
220
22
-271
-233
94
334
239
-204
-438
-107
368
370
-104
-395
-139
277
265
-45
-238
-144
190
250
-101
-250
-74
95
164
65
-104
-131
-62
52
156
32
-115
-107
27
118
37
-125
-91
116
157
30
-135
-112
43
135
38
-55
-37
-4
21
38
30
3
-21
-9
-5
-21
2
76
49
-98
-130
31
134
81
-94
-204
-1
186
117
-110
-169
-46
118
147
31
-112
-182
-51
181
192
33
-197
-274
-21
326
281
-126
-393
-132
243
226
-1
-166
-158
-20
105
72
53
-14
-149
-130
151
285
-14
-314
-175
232
334
-31
-338
-189
218
296
-1
-281
-144
165
173
-60
-201
-54
148
141
-75
-160
-58
78
84
-3
-52
-56
-18
1
2
39
72
-4
-122
-65
91
131
-26
-120
-61
89
132
29
-116
-106
68
130
43
-77
-109
-56
69
170
72
-135
-192
-31
181
262
17
-336
-286
150
421
155
-316
-276
108
258
107
-146
-233
82
283
1
-213
-138
42
195
100
-120
-179
-35
148
135
-64
-145
-30
88
91
-37
-126
-29
132
128
-23
-127
-45
72
86
-2
-23
23
22
-16
-35
-12
56
72
-5
-95
-63
91
107
-20
-130
-79
71
142
23
-133
-139
40
152
48
-120
-110
21
104
62
-28
-47
-62
-82
29
179
119
-103
-323
-132
353
379
-122
-495
-162
324
278
-97
-253
-81
120
118
-62
-43
45
-35
-75
96
161
-30
-234
-109
191
264
-40
-283
-146
158
269
41
-250
-191
124
200
-19
-193
-88
99
130
-9
-119
-109
-11
106
79
-33
-88
-76
11
60
50
19
-18
-73
-68
42
146
27
-141
-92
75
164
57
-112
-133
13
138
75
-44
-124
-92
49
217
126
-151
-278
-67
229
347
39
-408
-328
197
453
117
-375
-247
167
301
58
-217
-208
177
262
-103
-241
-36
127
106
-37
-80
-7
-13
-24
19
66
12
-60
-68
26
78
-6
-80
-3
129
75
-66
-88
-5
38
66
43
-6
-27
-36
6
46
62
25
-49
-78
4
67
54
-29
-73
-45
49
99
9
-108
-106
-3
127
81
-86
-116
-14
72
112
23
-96
-120
-18
134
132
-47
-152
-106
-1
205
185
-104
-268
-68
148
111
-9
-28
-59
-92
-32
74
135
50
-166
-168
119
261
12
-252
-187
172
340
8
-347
-218
223
342
-16
-317
-152
198
226
-61
-273
-129
177
219
-14
-206
-137
32
143
61
-60
-81
-45
-10
29
72
50
-40
-113
-34
72
101
-17
-78
-48
46
111
74
-68
-135
-31
130
120
-24
-140
-125
38
242
199
-150
-367
-135
291
446
24
-500
-354
223
513
146
-397
-298
148
296
89
-159
-191
53
185
-4
-88
-42
-66
-23
100
105
-19
-169
-96
94
168
13
-154
-114
66
151
-5
-153
-41
161
119
-55
-112
-55
69
118
30
-38
-54
-11
28
43
43
9
-31
-41
-26
22
97
22
-90
-100
51
126
38
-107
-113
3
99
64
-66
-85
-15
26
55
41
10
-88
-90
17
159
93
-57
-215
-177
182
351
50
-311
-249
70
198
117
-33
-143
-116
9
76
129
74
-150
-200
80
295
77
-245
-220
134
329
41
-309
-198
173
306
31
-271
-167
144
213
-29
-222
-104
128
155
-5
-136
-101
5
69
54
-10
-49
-56
-26
7
79
86
-26
-138
-85
93
163
3
-156
-90
113
167
42
-137
-152
49
171
84
-85
-164
-77
91
206
110
-152
-257
-46
195
312
42
-352
-311
115
422
183
-318
-293
119
277
83
-152
-234
72
279
35
-192
-122
19
52
76
39
-43
-116
-107
80
197
15
-191
-154
88
202
36
-165
-110
129
216
-9
-203
-107
109
143
24
-62
-32
18
-12
-9
72
81
-7
-108
-93
61
148
43
-130
-148
38
161
64
-113
-158
9
120
69
-37
-110
-47
67
61
3
9
-20
-126
-69
131
218
40
-305
-334
179
486
149
-414
-387
113
329
107
-126
-162
-69
59
32
41
132
-25
-229
-142
237
339
-78
-382
-185
322
366
-110
-403
-101
318
263
-143
-327
-27
264
129
-182
-214
28
199
105
-135
-176
-18
103
90
-15
-78
-59
-20
42
68
26
-12
-69
-72
8
123
86
-89
-144
17
168
135
-105
-168
-12
136
113
-8
-146
-124
26
206
171
-96
-267
-134
159
359
119
-353
-391
102
465
218
-325
-323
133
325
45
-233
-157
182
236
-121
-243
-13
155
73
-38
-68
9
3
-68
4
118
63
-114
-146
42
146
45
-120
-81
81
144
16
-109
-81
29
96
59
23
-36
-82
-28
72
114
25
-84
-68
1
18
54
64
-3
-87
-98
53
144
18
-153
-120
61
129
48
-107
-119
-22
130
129
22
-182
-221
43
291
192
-109
-382
-213
314
472
-9
-474
-288
254
329
-19
-235
-123
17
98
62
-19
-11
-38
-82
-3
215
120
-176
-252
11
300
195
-185
-324
-6
349
210
-227
-323
17
289
118
-204
-226
27
238
117
-150
-213
-17
127
83
-18
-47
-64
-55
18
72
80
6
-100
-109
21
150
108
-61
-179
-54
158
183
-51
-192
-76
152
166
4
-140
-145
-35
188
238
-25
-334
-207
205
349
144
-272
-417
1
403
279
-206
-286
37
175
78
-43
-119
41
173
-90
-185
43
141
26
-94
-93
53
101
-49
-85
38
81
-17
-123
-13
115
43
-110
-71
109
156
7
-148
-105
74
165
57
-75
-78
11
47
13
20
44
22
-67
-80
-37
94
122
-14
-146
-79
79
144
16
-176
-150
85
202
37
-189
-155
77
185
38
-91
-104
-54
56
106
74
4
-182
-203
102
333
121
-242
-284
-4
157
122
59
-49
-187
-117
87
162
118
-110
-243
-10
310
169
-227
-298
65
352
151
-283
-287
93
368
104
-285
-255
115
280
27
-249
-169
96
215
55
-151
-152
-45
78
118
18
-69
-86
-47
38
62
65
22
-111
-141
23
217
117
-173
-237
29
277
148
-166
-210
7
195
119
-66
-151
-79
40
149
156
-50
-235
-162
105
282
230
-192
-471
-103
410
384
-140
-408
-99
256
252
-12
-255
-149
199
187
-65
-155
-91
57
149
47
-94
-128
-53
95
167
-4
-197
-118
94
172
1
-178
-76
180
182
-33
-177
-102
95
163
13
-75
-25
28
32
-11
1
52
56
-33
-97
-81
79
172
19
-165
-126
77
174
24
-163
-133
71
125
22
-84
-73
4
82
60
-7
-75
-95
-46
127
143
2
-145
-209
-1
321
218
-174
-288
-76
85
155
159
-16
-251
-221
63
306
220
-160
-380
-67
357
259
-202
-333
1
336
189
-231
-285
79
323
79
-250
-204
124
243
1
-217
-143
81
176
48
-103
-129
-49
37
99
55
-52
-127
-53
69
90
28
-43
-86
-48
59
106
23
-90
-82
28
108
65
-30
-77
-48
38
106
48
-56
-118
-101
106
253
54
-276
-257
95
384
275
-259
-523
-78
470
405
-223
-448
-51
341
224
-115
-254
-24
225
85
-155
-105
1
64
57
-6
-20
-33
-50
-10
75
69
-65
-111
-3
102
85
-92
-142
59
199
69
-137
-148
12
145
110
-15
-72
-29
-10
49
83
27
-57
-60
1
-19
38
81
21
-90
-94
41
108
57
-99
-151
-15
133
91
-66
-132
-41
112
90
12
-70
-122
-55
119
193
15
-208
-257
20
382
230
-216
-362
-39
184
166
62
-61
-206
-143
64
222
202
-121
-319
-121
292
297
-79
-327
-128
267
285
-120
-346
-35
338
203
-232
-305
62
312
76
-256
-197
86
221
60
-153
-154
-12
99
74
-13
-63
-59
-6
13
15
24
52
-7
-121
-73
135
163
-56
-187
-60
151
202
0
-191
-116
74
182
69
-108
-165
-81
156
268
41
-258
-274
9
363
342
-191
-507
-126
387
395
-128
-377
-72
224
165
-39
-145
-25
137
22
-101
-47
77
-21
-98
51
124
-6
-188
-115
174
211
-85
-281
-54
244
168
-160
-225
76
276
91
-195
-185
64
191
74
-87
-90
34
99
-11
-76
51
102
-15
-133
-90
128
178
-18
-195
-129
105
191
34
-173
-184
42
182
73
-106
-120
-25
73
94
77
-45
-178
-116
115
211
64
-181
-289
-12
384
242
-220
-334
-45
146
150
76
-60
-169
-158
2
228
249
-110
-369
-131
367
342
-153
-409
-107
347
289
-177
-361
12
355
145
-270
-266
132
326
40
-295
-241
105
287
96
-194
-225
-11
153
102
-51
-111
-31
31
12
-15
12
94
0
-172
-75
132
163
-3
-179
-109
102
196
41
-136
-138
34
175
90
-111
-167
-62
144
225
56
-243
-249
33
312
303
-134
-459
-200
325
428
-35
-353
-152
169
217
30
-145
-114
118
80
-85
-51
57
9
-60
14
65
23
-121
-105
111
185
-33
-217
-108
182
199
-94
-235
20
265
111
-168
-179
58
179
37
-79
-13
39
3
-42
21
113
56
-99
-152
-27
174
165
-51
-213
-87
136
161
-5
-169
-121
62
132
28
-97
-96
13
92
61
-8
-33
-93
-86
35
174
152
-102
-355
-117
360
346
-135
-426
-127
179
228
98
-92
-243
-123
80
165
190
-55
-284
-195
198
407
25
-398
-277
224
433
17
-409
-231
272
370
-59
-370
-131
259
197
-122
-240
-59
162
168
-37
-192
-124
52
154
64
-90
-113
-31
32
42
51
55
-58
-141
-42
123
151
-17
-185
-102
108
212
58
-143
-157
12
141
106
-37
-119
-100
47
210
127
-165
-288
-50
279
356
-56
-466
-247
286
475
-9
-399
-162
194
205
13
-152
-57
134
24
-138
-35
122
34
-101
-58
67
68
-64
-92
51
104
-8
-123
-73
103
133
-55
-165
3
198
137
-118
-202
3
181
99
-43
-55
-26
26
28
-5
17
53
13
-70
-95
34
151
75
-98
-185
-27
159
131
-57
-172
-112
78
160
40
-126
-131
28
137
95
-20
-164
-134
60
213
146
-103
-347
-169
349
408
-85
-422
-180
149
184
96
-33
-154
-130
-27
99
269
81
-302
-308
160
455
96
-381
-304
182
403
44
-370
-249
268
384
-66
-410
-136
309
259
-163
-331
-53
247
193
-115
-247
-75
143
148
-19
-120
-58
22
20
4
9
38
37
-69
-114
6
177
95
-109
-184
0
216
144
-109
-215
-29
188
163
-57
-182
-145
67
260
153
-177
-304
-43
270
305
-36
-404
-239
234
385
19
-269
-149
89
149
107
-48
-144
34
36
-64
44
75
-82
-115
6
121
76
-112
-181
55
217
54
-219
-165
134
216
-35
-221
-27
236
145
-139
-201
9
181
102
-68
-70
34
49
0
-44
6
76
37
-72
-116
-3
153
101
-63
-178
-71
126
182
-22
-212
-119
101
183
4
-159
-108
33
118
97
-4
-149
-142
62
211
80
-101
-219
-123
196
308
18
-273
-225
-12
188
262
39
-276
-289
-26
286
377
-54
-461
-282
324
515
-6
-499
-287
311
472
-34
-462
-204
360
396
-162
-447
-91
390
238
-262
-353
20
294
159
-157
-225
-16
133
61
-52
-35
27
-12
-86
-51
91
171
3
-217
-152
135
263
38
-233
-203
107
281
103
-171
-197
22
174
110
-71
-132
-94
30
199
142
-104
-256
-108
174
328
119
-356
-397
105
473
184
-271
-266
39
218
135
-77
-164
65
59
-46
-6
34
-58
-50
39
70
33
-115
-126
87
169
-20
-179
-73
142
122
-75
-189
50
245
78
-180
-135
77
126
6
-44
19
53
4
-87
-17
113
93
-35
-112
-99
39
169
105
-99
-197
-49
167
166
-68
-239
-104
156
183
-15
-171
-121
52
152
76
-48
-111
-112
7
161
129
-40
-203
-198
146
366
86
-315
-280
-6
217
248
42
-268
-315
4
305
304
-97
-419
-193
330
410
-68
-418
-189
282
346
-104
-356
-96
326
271
-174
-354
-36
337
186
-232
-292
35
247
95
-143
-153
-16
84
46
-20
-25
-6
-35
-60
-1
79
124
2
-170
-147
92
236
57
-192
-191
49
251
163
-142
-227
-59
175
196
-5
-205
-187
38
310
216
-182
-349
-124
267
399
61
-447
-391
174
510
171
-307
-276
35
211
147
-82
-127
100
36
-135
-34
126
49
-111
-103
78
139
-26
-181
-15
157
83
-111
-151
37
145
30
-151
-62
171
154
-76
-147
-26
104
92
-8
-25
6
15
-14
-2
39
45
-8
-52
-73
-14
119
100
-57
-164
-59
123
147
-24
-166
-115
82
134
42
-106
-131
-9
139
128
-26
-159
-155
17
210
175
-40
-285
-266
181
428
129
-326
-359
-43
258
321
40
-323
-344
9
329
341
-91
-468
-253
353
506
-38
-494
-275
270
436
9
-380
-230
240
382
-32
-357
-195
201
273
-60
-285
-102
161
176
-11
-172
-122
34
98
79
-28
-93
-55
-12
27
40
83
28
-120
-131
20
166
110
-84
-177
-5
176
151
-67
-175
-68
113
155
-6
-124
-128
-4
196
194
-72
-284
-173
171
403
144
-403
-446
96
520
217
-279
-278
16
170
138
45
-98
-107
-22
41
99
84
-106
-204
9
206
124
-160
-256
75
285
63
-238
-213
124
251
-4
-244
-105
235
228
-83
-232
-64
144
144
-28
-67
-5
33
5
-4
13
41
51
-10
-124
-89
123
202
7
-247
-182
142
291
25
-276
-203
110
212
37
-125
-126
-6
109
77
47
-64
-170
-83
148
238
48
-287
-345
128
489
195
-297
-412
-112
256
374
86
-321
-387
-28
317
404
-34
-454
-318
274
538
56
-472
-350
237
475
37
-417
-245
295
391
-100
-389
-117
306
231
-185
-290
2
210
102
-83
-135
-28
46
44
-14
-32
8
1
-56
-47
40
151
65
-181
-217
57
273
112
-189
-222
28
265
158
-119
-225
-44
189
158
-37
-163
-131
12
203
189
-62
-271
-175
100
340
223
-256
-448
-63
405
331
-150
-299
-103
139
222
45
-161
-59
29
-1
10
57
-11
-145
-24
132
90
-89
-159
22
162
41
-145
-136
75
159
8
-151
-64
133
176
-33
-160
-82
86
116
27
-37
-43
30
45
-15
-24
42
67
-23
-136
-68
132
171
-9
-199
-126
111
200
50
-202
-180
46
173
76
-90
-151
-30
99
100
77
-60
-216
-99
182
280
37
-337
-352
173
521
152
-367
-386
-27
274
301
42
-285
-323
-17
225
350
60
-352
-334
89
489
248
-351
-452
47
460
247
-287
-389
69
414
119
-298
-245
151
257
-39
-259
-92
151
168
-11
-135
-103
-17
60
59
19
-34
-74
-56
-1
61
100
45
-119
-168
28
207
122
-115
-213
-32
180
202
-34
-186
-121
92
184
62
-119
-187
-66
204
289
-26
-347
-244
173
365
203
-281
-465
-25
439
308
-152
-292
-99
120
216
68
-160
-84
17
13
76
98
-87
-203
-12
211
141
-156
-256
16
269
127
-201
-281
55
287
80
-234
-149
185
248
-32
-222
-102
113
158
25
-94
-62
50
61
-6
-28
39
61
-1
-115
-77
129
176
-21
-203
-153
101
205
61
-169
-207
17
158
119
-57
-148
-81
89
140
83
-89
-185
-88
129
209
60
-190
-328
28
414
234
-204
-346
-163
131
317
175
-179
-345
-158
145
417
210
-345
-503
4
603
371
-366
-555
-1
494
266
-267
-354
81
373
84
-288
-205
154
252
-48
-266
-106
162
181
-33
-191
-82
78
76
-2
-61
-20
25
-7
-61
-15
123
136
-127
-240
-53
248
232
-101
-298
-93
253
272
-57
-278
-126
158
248
56
-202
-206
-10
233
263
-39
-343
-234
159
364
252
-245
-522
-103
439
409
-112
-353
-163
111
257
134
-133
-107
6
-57
21
167
34
-187
-134
73
184
53
-172
-120
72
134
14
-126
-76
91
89
-69
-96
75
155
-7
-145
-72
107
129
-7
-80
-29
68
60
-49
-65
53
112
15
-146
-167
124
269
53
-258
-243
98
298
88
-242
-239
67
231
77
-150
-160
4
129
92
11
-85
-141
-31
124
192
18
-201
-274
27
369
231
-176
-331
-195
79
348
262
-179
-448
-228
251
565
121
-535
-492
210
706
224
-544
-530
173
597
173
-440
-376
187
478
54
-419
-260
253
357
-77
-363
-130
205
224
-19
-195
-118
49
78
16
-13
-7
-14
-50
-54
13
127
84
-126
-177
-9
203
155
-70
-194
-73
154
170
1
-127
-100
21
101
89
-9
-94
-148
7
269
179
-218
-363
-36
382
394
-191
-555
-155
420
413
-100
-332
-138
146
201
47
-133
-10
47
-80
-16
114
45
-137
-116
63
160
13
-178
-76
118
104
-55
-155
-1
143
57
-125
-91
127
181
-29
-158
-36
93
79
-4
-22
21
15
-32
-33
43
98
44
-87
-127
-42
159
165
-56
-224
-91
139
188
20
-175
-160
13
135
101
-48
-138
-86
44
142
131
-47
-234
-155
159
299
68
-233
-367
-51
436
363
-147
-444
-247
115
401
252
-195
-422
-201
185
465
212
-353
-514
-21
604
361
-356
-520
6
479
251
-306
-348
114
412
72
-347
-247
205
328
-51
-332
-161
192
214
9
-169
-124
30
72
4
-16
-5
-6
-67
-74
59
136
60
-121
-174
-15
193
162
-70
-208
-100
153
218
25
-166
-174
29
202
140
-66
-197
-159
107
320
156
-234
-391
-72
390
472
-116
-631
-278
401
513
-20
-358
-234
89
246
168
-71
-99
-91
-100
86
185
59
-208
-203
91
262
50
-249
-184
155
207
-21
-234
-83
182
146
-106
-179
64
231
80
-175
-159
48
175
95
-62
-100
1
67
23
-25
14
53
21
-74
-120
57
200
66
-180
-205
34
231
142
-151
-255
-42
196
178
-53
-215
-133
107
199
86
-85
-217
-134
151
276
66
-225
-331
-16
443
291
-226
-390
-144
147
304
196
-148
-361
-244
133
515
264
-406
-570
13
632
409
-358
-617
-38
572
367
-321
-500
35
513
232
-364
-424
126
442
71
-357
-270
156
312
73
-235
-204
44
156
57
-87
-62
13
27
-34
-65
60
157
-5
-251
-153
191
313
8
-288
-209
147
329
96
-220
-256
20
258
194
-117
-250
-148
134
324
133
-263
-347
-19
341
379
-94
-515
-238
309
440
40
-320
-206
79
213
97
-75
-53
-45
-55
62
100
39
-173
-159
129
223
-1
-255
-131
184
190
-73
-241
-66
194
180
-103
-242
2
262
165
-139
-241
-21
206
147
-57
-116
-25
72
53
-12
-19
47
35
-98
-132
70
217
81
-199
-235
58
265
111
-172
-256
-32
200
180
-37
-181
-149
51
185
126
-33
-206
-193
97
303
134
-192
-376
-84
398
390
-84
-453
-333
94
459
349
-194
-558
-273
293
573
171
-509
-530
119
667
331
-420
-561
11
545
293
-334
-393
100
404
112
-320
-243
178
286
-59
-300
-103
214
171
-55
-160
-65
50
40
-16
-11
21
-6
-72
-61
49
139
83
-118
-210
-41
237
214
-93
-265
-119
192
259
19
-226
-157
109
206
51
-122
-129
-73
66
240
130
-193
-298
-43
252
317
47
-391
-345
151
444
180
-207
-271
-86
164
226
37
-75
-144
-165
59
262
142
-245
-301
90
325
93
-285
-194
138
226
-9
-235
-94
181
142
-122
-192
70
270
61
-206
-142
98
203
33
-105
-58
42
49
-23
3
58
44
-7
-86
-112
39
191
107
-130
-237
-33
205
209
-67
-297
-144
157
233
48
-203
-202
34
209
157
-32
-239
-185
84
280
156
-134
-358
-178
338
412
-28
-390
-323
38
367
322
-94
-437
-251
134
362
286
-188
-475
-209
383
551
-50
-562
-304
329
490
-36
-434
-200
319
306
-131
-326
-35
248
131
-165
-225
8
198
109
-102
-165
-48
94
74
-21
-57
-30
2
-23
-38
57
129
-9
-174
-151
130
272
36
-232
-197
93
277
124
-146
-229
-56
192
194
1
-202
-213
9
299
281
-131
-428
-185
303
467
79
-500
-416
181
514
187
-239
-283
-76
150
254
93
-119
-170
-148
90
268
106
-270
-265
111
295
89
-218
-222
80
210
48
-187
-131
113
166
-42
-183
-15
208
130
-105
-167
-36
143
154
-19
-144
-37
91
97
-24
-70
26
66
-7
-102
-51
151
141
-88
-217
-75
187
207
-63
-253
-149
126
226
70
-208
-205
40
212
158
-66
-229
-149
88
263
151
-176
-323
-125
346
367
-72
-354
-261
17
290
323
-44
-421
-324
63
463
432
-224
-639
-272
495
671
-72
-697
-353
414
568
-92
-505
-148
379
301
-202
-354
27
332
100
-266
-242
108
261
46
-198
-169
50
129
27
-56
-60
12
9
-59
-46
90
164
-37
-214
-136
134
273
40
-232
-209
98
288
116
-174
-217
9
185
153
-43
-182
-145
36
242
230
-114
-341
-181
214
423
140
-419
-423
101
470
241
-181
-317
-137
145
305
111
-157
-149
-115
27
231
122
-203
-235
36
245
125
-189
-238
72
233
44
-210
-124
140
146
-69
-161
23
193
80
-136
-97
55
94
28
-28
-30
22
21
-35
-13
67
76
17
-92
-160
13
224
156
-126
-292
-57
250
220
-112
-287
-118
159
243
58
-196
-234
6
223
176
-33
-217
-170
42
236
142
-73
-247
-206
183
376
86
-269
-373
-111
318
447
12
-454
-417
24
559
488
-278
-714
-246
601
658
-193
-709
-282
513
547
-177
-528
-92
420
262
-246
-344
76
332
86
-275
-234
113
245
58
-179
-164
33
98
19
-40
8
30
-55
-105
-19
141
171
-70
-260
-145
190
313
7
-285
-189
114
305
125
-190
-242
-21
207
188
-33
-206
-180
16
267
240
-80
-356
-219
186
476
204
-459
-531
89
560
312
-246
-387
-136
232
348
42
-255
-166
-9
141
182
-15
-246
-137
145
219
-4
-221
-129
134
171
-43
-191
-72
139
139
-68
-162
-6
190
127
-95
-157
2
131
64
-65
-35
52
52
-19
-55
18
103
60
-91
-171
-5
216
157
-102
-251
-86
187
219
-22
-248
-192
77
240
130
-133
-235
-53
163
181
59
-170
-256
-25
254
243
-36
-331
-288
206
467
98
-319
-363
-86
294
373
30
-366
-385
-34
451
465
-185
-603
-279
485
632
-95
-645
-286
411
486
-109
-449
-128
368
275
-210
-335
14
324
116
-258
-235
101
235
42
-154
-128
44
60
-39
-32
72
41
-76
-145
-24
150
180
-54
-243
-136
156
273
37
-246
-214
69
257
173
-90
-226
-116
130
215
104
-137
-268
-117
253
370
19
-424
-340
173
547
254
-472
-563
91
574
288
-263
-357
-46
233
189
-62
-93
41
-64
-71
57
161
47
-266
-158
196
255
-55
-297
-92
203
196
-105
-212
5
155
43
-114
-38
141
104
-94
-132
36
109
24
-70
-24
87
68
-69
-104
55
155
62
-135
-209
29
273
147
-170
-294
-38
261
221
-80
-267
-173
86
243
169
-139
-328
-125
254
328
45
-313
-339
52
376
255
-138
-413
-266
272
500
125
-359
-456
-103
376
461
7
-456
-434
22
556
487
-298
-717
-258
600
722
-134
-767
-384
484
657
-67
-615
-267
428
460
-128
-466
-138
329
253
-156
-279
-15
192
99
-75
-128
-14
39
0
-10
7
22
-11
-69
-105
33
192
117
-197
-274
26
346
208
-207
-346
-36
324
287
-60
-320
-173
183
289
52
-238
-239
20
248
249
-31
-315
-242
111
411
247
-336
-464
-13
392
323
-52
-289
-222
82
293
168
-58
-232
-249
115
369
179
-311
-458
75
483
223
-332
-407
67
401
173
-316
-343
136
384
27
-320
-139
250
278
-117
-270
-19
218
122
-110
-117
68
123
-28
-126
15
160
128
-127
-243
-13
266
202
-134
-336
-109
251
295
-19
-319
-227
104
273
110
-168
-241
-37
194
192
31
-165
-228
-48
228
255
-4
-327
-320
166
479
168
-298
-408
-126
290
426
42
-397
-386
18
439
395
-231
-544
-151
403
484
-85
-526
-228
345
421
-104
-414
-117
328
296
-159
-370
-59
328
212
-203
-305
-4
239
126
-102
-142
-27
40
-12
-10
37
44
-51
-136
-36
124
183
4
-220
-199
74
285
150
-170
-282
-43
259
249
-1
-260
-231
99
320
180
-203
-338
-101
286
396
30
-413
-359
97
464
375
-238
-633
-183
452
481
4
-393
-335
69
393
252
-50
-289
-326
85
404
233
-254
-463
-34
407
302
-182
-382
-88
257
213
-107
-209
6
127
5
-83
-5
148
80
-128
-122
99
123
-40
-102
25
145
65
-118
-113
82
187
26
-170
-183
56
234
155
-135
-267
-73
201
234
-19
-252
-177
73
205
91
-80
-173
-91
88
173
123
-115
-287
-131
253
335
29
-366
-372
140
529
219
-307
-470
-139
325
461
25
-427
-405
10
492
444
-239
-584
-209
401
580
-24
-570
-328
310
479
2
-407
-213
289
347
-133
-371
-56
296
201
-186
-285
6
225
92
-129
-133
13
70
0
-47
-8
42
10
-81
-99
29
190
90
-190
-233
32
309
189
-175
-327
-60
292
280
-33
-290
-185
134
271
110
-155
-291
-123
245
400
54
-422
-402
112
516
364
-305
-640
-122
496
452
-82
-405
-237
149
330
167
-83
-274
-228
140
352
122
-306
-394
71
436
222
-298
-403
64
373
142
-273
-271
106
302
63
-263
-155
194
251
-59
-232
-42
117
114
-9
-50
22
26
-12
-3
21
29
22
6
-99
-86
109
209
13
-254
-183
120
283
107
-237
-296
-26
278
243
-94
-311
-141
181
269
57
-183
-256
-53
222
255
-9
-243
-261
35
366
229
-142
-333
-251
86
422
288
-251
-518
-179
335
564
77
-562
-490
195
699
283
-513
-572
102
570
250
-330
-372
120
381
52
-309
-179
191
233
-88
-251
-37
157
103
-43
-121
-52
18
51
32
-39
-25
-13
-27
-46
29
137
76
-154
-227
19
255
196
-128
-291
-96
219
313
29
-306
-251
129
354
127
-232
-309
-47
270
315
13
-339
-303
58
366
354
-157
-532
-220
340
467
73
-307
-327
5
291
233
3
-192
-276
-16
282
253
-151
-392
-85
337
288
-143
-367
-61
260
185
-157
-244
42
218
30
-192
-89
186
191
-94
-197
9
156
60
-88
-59
103
86
-65
-103
24
139
92
-88
-193
-65
200
243
-46
-319
-183
178
312
49
-274
-256
35
258
182
-99
-277
-125
154
253
87
-163
-265
-116
191
343
70
-282
-400
0
515
335
-217
-515
-270
255
533
199
-379
-540
-123
403
612
27
-652
-523
298
799
212
-614
-589
194
679
179
-483
-375
250
455
-23
-405
-152
312
247
-192
-334
31
259
96
-149
-135
29
76
-24
-73
-2
65
11
-90
-97
31
207
113
-184
-290
6
343
220
-215
-345
-1
302
226
-67
-233
-123
94
181
95
-60
-164
-164
42
315
238
-198
-430
-152
372
514
-58
-614
-345
331
554
129
-356
-370
10
366
280
-125
-255
-124
54
212
125
-138
-255
-19
219
128
-114
-196
26
185
49
-168
-129
119
137
-27
-166
-39
189
176
-88
-215
-34
173
125
-68
-121
44
115
27
-103
-52
107
123
-16
-188
-118
180
249
-13
-300
-195
163
303
83
-249
-276
-6
248
222
-69
-286
-168
128
268
127
-138
-288
-136
195
325
94
-261
-404
-20
495
362
-178
-537
-306
248
584
229
-417
-583
-143
468
660
-29
-729
-537
370
854
206
-696
-634
237
731
201
-514
-441
232
502
23
-408
-205
244
280
-124
-295
-52
194
114
-70
-109
-33
36
6
-35
3
56
4
-127
-87
66
189
81
-166
-239
0
246
199
-78
-270
-139
173
316
70
-238
-265
24
293
214
-103
-307
-188
160
371
165
-266
-403
-77
389
474
-91
-607
-320
348
541
97
-355
-337
1
334
253
-67
-189
-204
-16
264
213
-66
-331
-201
213
336
19
-309
-224
150
262
18
-213
-111
116
124
-56
-90
53
117
30
-99
-56
60
64
2
13
25
17
-34
-46
26
88
76
-50
-151
-52
130
174
27
-198
-216
50
275
151
-159
-306
-123
225
303
28
-296
-279
60
353
221
-172
-353
-171
209
374
95
-259
-399
-67
431
398
-82
-471
-388
120
536
335
-289
-576
-256
375
685
45
-636
-522
255
765
230
-588
-586
157
651
233
-447
-428
195
490
33
-426
-187
297
284
-150
-325
-45
215
122
-57
-142
-47
65
21
-18
-29
11
26
-34
-82
-39
143
173
-94
-295
-89
274
292
-74
-338
-191
208
365
100
-266
-321
17
353
230
-155
-310
-145
159
309
170
-172
-386
-129
304
422
31
-493
-387
192
508
265
-234
-460
-180
318
469
61
-323
-417
-4
443
340
-166
-543
-236
397
455
-59
-464
-212
244
304
-53
-281
-61
196
96
-138
-117
139
215
-35
-230
-77
168
136
-71
-118
26
158
47
-146
-99
110
185
1
-248
-168
182
319
35
-312
-274
126
362
133
-272
-329
-19
276
236
-77
-264
-144
104
218
96
-61
-199
-163
63
261
164
-99
-344
-177
294
411
62
-411
-469
26
554
400
-241
-589
-319
351
718
118
-653
-560
219
723
314
-492
-597
58
564
305
-306
-418
69
402
105
-302
-213
183
284
-64
-317
-93
214
143
-99
-133
-6
82
2
-95
-23
91
42
-91
-123
0
203
176
-152
-344
-56
326
311
-123
-403
-163
284
358
39
-273
-259
16
301
229
-96
-333
-188
139
349
228
-210
-443
-151
326
475
60
-498
-423
151
513
258
-207
-376
-150
228
342
84
-214
-336
-24
348
267
-124
-442
-184
324
344
-65
-346
-146
191
203
-50
-200
-36
160
74
-114
-100
107
140
-30
-137
-14
120
50
-57
-39
77
80
-29
-86
-11
99
99
-21
-147
-108
107
231
66
-218
-272
46
306
177
-172
-313
-92
203
239
27
-220
-221
21
228
185
-15
-254
-249
63
365
215
-211
-369
-136
322
413
30
-419
-431
31
511
403
-192
-591
-386
330
734
200
-615
-641
63
778
512
-425
-745
-95
588
435
-242
-460
-19
386
158
-256
-220
122
240
-25
-224
-113
143
152
-49
-139
-39
61
0
-68
-2
95
21
-124
-113
48
196
93
-178
-252
7
265
219
-94
-301
-136
184
295
87
-180
-244
-48
241
242
-33
-274
-243
75
372
286
-191
-460
-203
301
509
131
-499
-508
107
567
355
-233
-474
-168
291
367
113
-217
-392
-80
374
378
-117
-551
-228
398
424
-90
-459
-193
314
343
-101
-362
-92
248
189
-123
-216
48
240
70
-195
-118
110
128
-22
-75
33
110
-5
-113
-37
102
140
-22
-169
-119
100
231
81
-192
-249
21
274
182
-143
-318
-129
196
314
53
-275
-320
32
338
238
-114
-316
-197
143
359
145
-257
-343
-69
322
339
-33
-348
-334
10
406
368
-147
-531
-365
275
679
252
-590
-682
85
815
515
-495
-781
-54
670
436
-343
-548
30
503
216
-341
-339
143
360
11
-317
-193
162
232
16
-173
-124
26
97
14
-58
-30
26
-13
-61
-33
94
123
-46
-219
-103
173
275
13
-282
-225
115
319
189
-144
-327
-133
264
350
2
-334
-277
71
378
314
-153
-487
-251
286
560
150
-523
-521
107
538
362
-147
-441
-238
191
418
214
-177
-445
-223
332
502
32
-562
-383
317
520
19
-458
-264
280
341
-108
-341
-50
276
123
-182
-198
132
259
5
-225
-101
146
176
-30
-151
-27
150
124
-97
-168
32
202
108
-183
-252
48
362
182
-271
-382
22
383
239
-206
-373
-91
241
267
-2
-267
-221
76
253
156
-73
-236
-193
49
294
211
-82
-349
-286
218
486
175
-367
-545
-103
547
526
-144
-631
-437
255
729
294
-539
-703
3
776
539
-405
-772
-121
646
483
-309
-559
-14
507
233
-324
-351
122
372
31
-340
-191
191
236
-42
-193
-67
99
66
-65
-87
29
106
-36
-160
-61
171
198
-85
-311
-118
264
332
-36
-373
-232
210
374
113
-245
-309
-4
279
236
-59
-274
-186
30
266
298
-23
-410
-342
160
592
279
-486
-617
61
610
396
-223
-515
-211
325
468
86
-332
-397
-6
419
334
-173
-498
-199
358
397
-69
-376
-177
212
265
-35
-273
-87
208
139
-136
-180
82
223
26
-171
-71
130
120
-70
-109
69
146
17
-139
-79
102
152
32
-176
-207
79
296
142
-218
-328
-10
336
226
-142
-305
-136
145
263
116
-200
-296
-58
259
289
-4
-302
-290
62
399
260
-207
-440
-198
355
493
40
-415
-440
-7
486
410
-185
-541
-288
206
574
279
-460
-583
-20
617
495
-291
-643
-136
486
399
-208
-421
-38
393
198
-247
-300
101
297
32
-259
-178
134
195
-2
-142
-92
50
55
-37
-48
16
55
-8
-115
-72
111
186
-15
-259
-157
202
313
2
-292
-229
111
314
170
-156
-279
-117
196
329
72
-268
-316
-47
316
388
-30
-480
-350
209
567
251
-452
-561
48
515
340
-138
-389
-230
182
336
179
-108
-313
-231
166
373
193
-304
-518
20
510
301
-260
-427
-49
297
206
-144
-216
18
161
1
-101
1
137
54
-121
-75
86
88
-30
-50
36
85
-8
-73
-40
65
87
33
-85
-135
12
201
146
-121
-282
-75
238
277
-33
-325
-241
106
334
172
-202
-352
-75
274
317
10
-300
-333
34
386
280
-157
-425
-241
298
495
99
-377
-482
-71
434
474
-82
-512
-416
86
656
453
-417
-733
-179
640
703
-191
-799
-294
531
571
-135
-555
-179
436
397
-222
-464
-29
390
221
-264
-351
59
323
123
-209
-209
49
150
4
-120
-34
91
39
-112
-110
100
218
26
-274
-235
167
388
93
-321
-351
71
421
272
-187
-408
-118
300
344
-24
-294
-249
12
275
327
28
-391
-389
108
502
323
-272
-581
-138
390
497
53
-438
-428
128
534
281
-239
-487
-200
394
448
-31
-479
-371
243
490
108
-374
-335
96
351
105
-258
-219
111
223
11
-191
-70
165
137
-72
-130
0
110
40
-38
-1
25
35
-33
-44
27
83
57
-68
-150
-27
209
191
-138
-300
-68
253
246
-65
-321
-180
136
260
85
-157
-221
-59
154
196
76
-143
-270
-129
233
351
16
-337
-301
86
429
263
-240
-498
-207
360
535
45
-513
-547
25
736
540
-440
-823
-170
685
735
-207
-837
-312
539
571
-117
-549
-164
395
378
-184
-416
-37
332
186
-237
-292
70
272
55
-172
-117
72
83
-64
-114
37
137
9
-165
-145
129
257
24
-298
-215
186
374
68
-312
-312
65
363
235
-141
-328
-124
218
283
48
-226
-262
-21
242
308
51
-361
-369
63
474
389
-246
-631
-202
465
572
-6
-500
-389
193
505
200
-240
-383
-122
328
352
-34
-390
-320
201
433
86
-347
-281
140
317
44
-286
-160
160
218
-48
-233
-43
243
161
-133
-177
37
159
28
-96
-30
85
87
-33
-91
-6
145
73
-138
-185
37
274
144
-174
-283
-68
226
271
-12
-296
-241
65
275
199
-111
-310
-176
168
330
143
-217
-386
-113
325
416
-17
-431
-338
151
484
232
-269
-484
-208
345
532
74
-483
-561
-17
718
572
-395
-860
-256
680
828
-111
-874
-449
481
694
-25
-575
-273
361
407
-114
-389
-79
288
181
-205
-271
47
231
75
-140
-149
34
110
-25
-114
-22
79
61
-88
-120
57
177
49
-206
-217
79
325
153
-234
-322
4
306
256
-53
-284
-230
137
352
154
-226
-357
-100
305
412
37
-434
-410
121
512
338
-284
-585
-123
422
467
41
-396
-401
57
443
316
-62
-436
-375
195
565
231
-447
-571
68
587
296
-338
-472
24
405
183
-260
-285
94
287
58
-241
-179
177
274
-16
-260
-81
195
163
-58
-138
10
126
61
-102
-79
75
167
-18
-223
-98
220
260
-60
-332
-203
220
367
45
-343
-329
64
372
237
-189
-397
-111
285
343
-4
-330
-268
65
311
227
-121
-329
-202
160
394
203
-255
-474
-195
361
549
38
-529
-533
85
675
487
-358
-781
-248
633
760
-108
-797
-424
425
643
25
-511
-295
285
418
-54
-383
-136
262
228
-143
-275
-11
209
91
-127
-133
53
120
-56
-146
-10
161
62
-187
-172
104
289
71
-299
-290
121
425
164
-321
-391
44
394
290
-130
-372
-186
218
374
79
-275
-310
-30
260
325
63
-313
-366
-3
401
396
-124
-552
-287
295
546
165
-389
-492
34
483
365
-99
-502
-368
304
588
156
-506
-585
125
624
305
-378
-526
36
471
195
-315
-333
120
306
71
-251
-162
179
245
-41
-219
-60
180
120
-75
-116
35
131
15
-114
-55
118
146
-60
-226
-98
234
290
-49
-386
-233
254
425
51
-405
-354
99
417
202
-227
-371
-84
260
305
25
-235
-268
-65
247
296
18
-273
-317
14
421
332
-148
-537
-351
301
679
184
-551
-669
11
716
582
-327
-819
-270
604
763
-106
-746
-377
393
576
13
-466
-244
299
365
-132
-376
-38
350
161
-276
-278
105
280
51
-210
-146
103
133
-52
-156
-21
125
75
-120
-154
55
226
74
-212
-252
42
339
185
-220
-334
-17
326
268
-77
-309
-182
143
307
128
-174
-297
-126
176
357
201
-257
-482
-146
418
551
-28
-642
-447
259
677
303
-412
-614
-77
502
510
-29
-542
-431
196
608
253
-400
-606
-57
546
412
-185
-481
-186
291
335
-68
-317
-107
189
157
-103
-130
104
159
-45
-152
-3
129
66
-88
-64
90
119
-28
-111
-13
116
106
-63
-194
-58
194
210
-26
-276
-193
154
323
87
-270
-327
-23
303
288
-78
-373
-221
194
364
135
-229
-343
-121
286
372
-13
-360
-307
87
450
282
-229
-520
-244
357
562
82
-522
-562
25
676
555
-316
-824
-306
610
819
-50
-822
-465
441
680
18
-595
-292
384
448
-129
-448
-103
335
253
-188
-303
-17
224
114
-117
-125
15
56
-39
-64
18
92
4
-113
-97
65
186
63
-200
-227
54
285
168
-137
-310
-121
247
338
63
-294
-320
47
382
274
-173
-411
-178
241
444
169
-360
-490
-15
464
419
-95
-555
-338
261
535
235
-298
-509
-116
405
505
33
-526
-449
190
593
266
-335
-615
-136
563
473
-168
-542
-220
337
374
-99
-353
-103
234
164
-119
-184
97
211
9
-169
-83
130
114
-43
-91
28
98
36
-60
-82
44
145
34
-181
-153
135
308
49
-325
-296
147
399
142
-304
-388
-26
355
320
-127
-415
-175
193