#4
269
-20
-155
7
247
294
90
-138
-104
148
298
226
55
-86
-93
85
272
354
136
-169
-183
131
430
287
-70
-184
5
272
292
58
-139
-29
226
232
112
13
-9
52
124
149
103
19
23
111
169
161
87
-2
-12
99
256
230
-61
-177
17
326
377
48
-251
-152
248
434
182
-187
-198
141
373
176
-113
-83
168
289
123
-75
-26
151
219
103
12
29
99
128
127
110
76
15
9
128
279
210
-85
-230
7
325
421
85
-300
-273
161
479
279
-126
-255
4
283
238
41
-56
-17
83
158
167
71
-32
-86
68
252
229
-27
-157
25
273
237
-34
-201
-56
258
325
54
-218
-156
138
335
196
-63
-145
-20
122
219
146
17
-73
-43
108
203
148
-15
-87
6
125
145
96
-30
-74
35
193
182
-18
-152
-28
226
224
-54
-201
25
300
217
-135
-279
18
352
302
13
-222
-154
110
305
264
9
-177
-126
132
288
174
-33
-113
-26
97
190
153
-25
-145
-34
199
309
67
-244
-138
201
351
69
-233
-128
175
297
140
-96
-99
67
182
169
72
-72
-103
-1
183
289
124
-179
-226
86
342
248
-107
-261
-26
294
257
-22
-156
-32
188
228
39
-113
-49
125
207
115
-64
-87
82
216
154
-64
-107
34
202
217
50
-90
-111
-29
157
300
144
-181
-274
-14
315
315
-5
-266
-138
160
293
124
-145
-157
78
221
156
-29
-127
-26
97
173
95
-44
-63
62
133
72
-2
-40
-48
85
162
71
-80
-150
-2
240
230
3
-163
-145
54
250
211
-24
-192
-85
143
228
88
-79
-121
7
139
123
9
-93
-29
83
143
60
-81
-104
45
176
122
-94
-185
38
260
166
-137
-280
-24
272
282
77
-210
-254
37
282
328
21
-247
-230
95
358
214
-99
-210
-55
158
192
60
-123
-116
77
193
149
-50
-177
-27
160
188
6
-147
-75
137
233
98
-116
-141
32
183
210
21
-150
-116
50
177
193
30
-139
-162
51
234
179
-52
-212
-60
227
212
-15
-127
-36
131
178
44
-111
-61
103
157
65
-38
-64
37
134
144
11
-141
-54
175
261
77
-176
-171
-5
163
258
123
-152
-289
-77
279
350
12
-288
-210
112
305
152
-145
-204
14
246
181
-93
-162
-11
121
130
46
-65
-33
65
106
35
-38
-76
-25
85
131
67
-78
-152
-24
144
182
50
-121
-176
-18
193
243
28
-223
-189
118
295
115
-149
-211
11
199
137
-78
-145
5
134
117
-4
-96
-85
11
110
94
-25
-142
-70
140
198
-17
-261
-158
185
330
120
-199
-322
-29
326
335
-3
-308
-221
124
322
156
-136
-161
-2
124
65
2
-36
-47
14
69
144
41
-157
-127
94
214
62
-154
-148
92
231
140
-124
-199
16
209
195
12
-159
-130
-5
162
233
45
-209
-204
81
277
157
-121
-216
-26
183
158
-30
-103
10
85
109
30
-80
-65
54
133
114
-11
-72
-52
83
157
80
-97
-154
48
287
200
-148
-295
-91
272
361
33
-312
-300
35
341
259
-93
-280
-116
145
205
80
-110
-141
-16
167
173
7
-153
-134
38
219
141
-100
-177
1
176
138
-62
-179
-83
138
204
26
-174
-197
-1
253
207
-32
-236
-191
55
263
204
-68
-273
-131
195
262
35
-198
-146
48
153
79
-39
-106
-57
60
118
39
-112
-130
56
144
48
-131
-141
36
169
114
-88
-268
-79
243
271
24
-233
-250
14
270
237
-3
-213
-148
55
196
129
-38
-117
-52
50
96
49
-34
-80
-30
61
145
45
-133
-108
83
158
17
-139
-103
90
194
76
-88
-130
-12
117
170
74
-145
-196
15
201
197
-12
-172
-118
45
161
111
-25
-138
-96
93
177
45
-85
-55
43
100
57
-24
-62
-15
66
107
66
-79
-92
80
205
56
-175
-126
124
279
128
-210
-254
-24
218
245
45
-198
-253
-34
228
245
4
-203
-206
27
224
181
-79
-209
-87
154
222
17
-167
-186
37
244
153
-121
-224
6
216
114
-109
-128
-42
69
147
44
-98
-140
-69
121
208
43
-146
-190
-42
157
221
36
-187
-194
40
220
128
-90
-168
-35
107
131
-7
-134
-96
71
153
32
-159
-160
27
207
119
-125
-233
-35
200
158
-98
-218
-88
134
193
96
-60
-228
-172
133
343
183
-217
-343
-54
321
290
-91
-263
-111
135
170
38
-115
-124
4
130
137
0
-168
-121
65
176
55
-113
-137
50
191
108
-92
-141
-38
109
180
76
-137
-187
-20
151
184
75
-152
-220
-7
211
201
-47
-228
-132
121
227
54
-147
-107
51
147
87
-72
-107
-18
125
129
8
-116
-59
76
153
61
-105
-125
31
222
225
-108
-320
-167
200
373
133
-256
-369
-48
325
289
-57
-301
-186
136
238
78
-144
-153
17
152
126
-24
-144
-88
37
172
98
-122
-158
57
203
63
-170
-139
32
143
88
-72
-122
-74
23
98
121
22
-99
-122
-62
69
174
99
-131
-190
-27
196
179
-49
-219
-102
150
178
-42
-169
-86
110
139
2
-134
-113
24
133
61
-106
-178
-12
209
166
-127
-286
-105
173
258
125
-151
-324
-134
222
364
101
-277
-326
29
315
211
-96
-207
-94
78
152
69
-107
-162
-4
143
153
-30
-176
-97
102
163
12
-172
-115
106
172
56
-64
-113
-25
61
133
141
-86
-228
-91
151
284
87
-264
-277
37
312
188
-154
-277
-57
228
190
-63
-153
-21
111
98
-7
-35
-64
-26
71
161
60
-115
-136
50
218
114
-163
-201
57
328
222
-190
-366
-96
247
325
52
-273
-272
-5
248
232
-39
-243
-152
73
183
91
-78
-152
-47
137
176
-32
-132
-107
22
144
109
-69
-136
-18
136
101
-55
-144
-96
86
160
39
-130
-162
-52
138
182
33
-125
-165
-104
118
223
82
-173
-219
7
214
154
-91
-196
-68
119
144
-13
-140
-90
39
120
62
-94
-163
-33
115
123
-33
-205
-121
145
229
-11
-302
-205
161
327
133
-233
-338
-44
274
302
13
-254
-223
19
240
172
-45
-199
-92
99
141
21
-103
-91
33
77
46
13
-53
-74
-17
67
89
-6
-111
-42
99
144
22
-128
-143
42
219
169
-109
-268
-88
185
271
52
-230
-229
19
249
198
-78
-235
-110
150
194
38
-130
-104
56
151
49
-96
-102
43
127
98
-30
-117
-53
121
182
28
-161
-144
70
255
161
-137
-235
-110
131
273
124
-146
-299
-137
200
317
53
-305
-253
85
264
149
-123
-220
-70
165
205
-17
-156
-138
-1
166
142
-48
-166
-61
116
120
-24
-122
-86
58
128
48
-104
-184
-72
140
212
38
-175
-195
-53
135
220
82
-178
-263
-13
248
219
-82
-275
-135
171
201
-20
-175
-117
46
153
74
-114
-193
-40
147
145
-72
-230
-88
194
221
-78
-321
-197
202
341
108
-237
-336
-68
266
302
41
-240
-240
29
242
137
-67
-110
-71
8
76
79
-19
-103
-46
46
86
66
-69
-139
7
132
65
-98
-135
25
136
130
-28
-148
-69
69
171
119
-95
-195
-96
97
239
125
-152
-281
-51
246
246
-45
-292
-164
195
262
8
-186
-122
100
160
58
-110
-112
13
163
126
-53
-140
-42
116
172
22
-164
-148
90
258
147
-112
-267
-158
135
325
144
-190
-335
-102
229
295
25
-232
-233
-3
223
210
-49
-231
-165
129
294
82
-228
-280
29
295
187
-138
-272
-27
242
181
-128
-241
-64
188
147
-54
-148
-117
-15
110
127
25
-63
-164
-119
119
249
65
-215
-226
35
243
140
-125
-194
-25
120
73
-33
-69
-48
15
41
56
-47
-111
-45
78
96
-10
-161
-108
99
199
18
-262
-236
105
323
162
-183
-326
-84
217
282
79
-193
-269
-38
233
220
-29
-196
-131
60
164
80
-91
-167
-25
110
125
34
-112
-115
8
101
47
-61
-94
-14
96
145
15
-138
-126
41
215
169
-121
-298
-101
211
309
31
-291
-251
107
265
116
-121
-190
-56
134
132
-4
-63
-50
9
60
85
20
-89
-79
46
164
105
-90
-173
-20
240
176
-156
-258
6
323
246
-130
-329
-159
151
316
138
-169
-298
-134
173
285
70
-203
-240
6
185
145
-37
-159
-91
89
167
21
-141
-121
2
153
130
-52
-157
-58
137
142
-38
-159
-118
68
132
78
-74
-185
-136
122
254
89
-186
-260
-66
212
249
5
-216
-189
54
199
111
-107
-145
-31
77
80
-4
-64
-75
-19
92
91
-53
-162
-101
90
158
-6
-188
-146
101
208
53
-235
-292
51
336
228
-99
-355
-211
177
371
139
-207
-326
-74
252
270
-9
-235
-157
75
209
69
-121
-147
-42
104
169
45
-177
-176
62
186
66
-167
-158
60
197
119
-104
-172
-36
136
170
69
-130
-181
-61
133
218
70
-173
-223
-9
223
210
-70
-243
-134
162
236
13
-211
-130
114
219
53
-129
-143
12
149
122
-13
-109
-86
60
173
81
-105
-181
13
244
215
-71
-301
-176
129
313
154
-195
-314
-114
209
292
47
-229
-238
1
191
154
-14
-164
-127
57
181
95
-97
-169
-53
99
161
18
-161
-113
111
172
-14
-170
-125
75
161
28
-118
-159
-62
126
165
41
-104
-175
-119
107
255
107
-180
-247
-34
218
183
-70
-202
-103
99
135
34
-128
-127
-9
129
115
-53
-188
-97
114
171
-34
-245
-123
162
218
-26
-281
-197
110
286
150
-136
-303
-130
166
313
156
-188
-329
-80
270
274
-31
-251
-145
85
188
64
-132
-159
-3
137
156
1
-196
-129
94
192
29
-159
-150
63
171
105
-58
-145
-56
63
160
121
-84
-214
-60
121
183
71
-130
-183
-25
136
151
1
-137
-124
40
143
74
-61
-70
9
57
39
-10
-38
7
42
62
21
-54
-54
36
113
78
-74
-139
10
206
160
-72
-228
-118
72
220
184
-85
-277
-184
142
292
81
-186
-227
-34
167
176
-11
-178
-125
45
195
99
-92
-177
-79
145
173
12
-158
-106
95
116
-15
-104
-89
-5
124
110
-41
-189
-151
59
238
140
-105
-265
-147
152
293
102
-231
-271
25
272
158
-127
-210
-61
106
146
1
-134
-115
9
115
114
-75
-183
-73
102
134
-9
-177
-146
84
212
34
-241
-248
74
298
179
-107
-329
-174
176
341
164
-202
-333
-91
264
278
-33
-239
-150
72
192
60
-133
-135
13
116
61
-6
-79
-51
23
60
26
-50
-82
-21
96
140
9
-139
-99
40
180
147
-84
-247
-93
145
239
77
-184
-201
13
167
144
-11
-152
-105
40
148
56
-51
-84
-4
79
76
-9
-81
-38
74
112
33
-62
-70
33
126
95
-61
-175
-46
208
263
-35
-294
-179
84
278
194
-114
-286
-165
118
287
130
-184
-262
-36
177
176
-16
-161
-105
72
164
45
-56
-141
-97
87
193
35
-155
-132
78
175
30
-126
-150
-14
142
123
-63
-198
-117
82
236
99
-153
-217
-106
144
244
45
-165
-193
-17
181
160
-56
-195
-93
88
154
4
-140
-108
36
115
46
-74
-130
-50
79
103
-30
-162
-111
100
174
28
-207
-206
44
230
179
-48
-277
-199
119
302
172
-139
-311
-85
207
222
-7
-140
-85
-12
54
100
19
-108
-106
-10
150
134
-71
-186
-65
117
153
-24
-187
-63
155
154
-9
-143
-89
67
151
100
-64
-179
-98
96
207
97
-122
-214
-66
158
203
10
-182
-138
48
177
76
-92
-88
27
76
55
-2
-55
-60
23
121
92
-51
-135
-16
173
145
-60
-215
-73
213
286
4
-290
-251
69
331
245
-140
-370
-192
181
337
108
-214
-268
-25
188
165
-11
-166
-109
50
189
105
-97
-207
-102
162
243
-8
-226
-139
153
202
-15
-170
-150
29
167
93
-85
-174
-125
79
238
102
-142
-206
-104
105
231
76
-143
-214
-38
180
158
-35
-150
-111
30
133
55
-69
-129
-38
79
109
-30
-139
-96
50
128
52
-130
-175
51
183
56
-193
-245
22
250
206
-54
-281
-213
113
309
217
-134
-329
-131
208
270
36
-180
-175
-12
165
152
-51
-198
-107
109
218
58
-196
-197
52
201
93
-143
-178
27
166
102
-47
-113
-49
58
114
110
-45
-169
-110
32
206
184
-79
-265
-138
145
269
59
-200
-212
46
230
86
-137
-127
37
126
61
-42
-82
-21
84
115
11
-105
-74
73
167
65
-106
-175
-3
221
229
-53
-265
-165
59
252
208
-93
-306
-228
114
362
183
-231
-353
-31
271
201
-98
-242
-67
176
181
-36
-162
-77
21
120
80
-51
-105
-14
95
61
-31
-87
-92
9
137
86
-84
-178
-101
84
208
69
-117
-195
-95
107
200
105
-94
-202
-96
139
175
6
-158
-98
52
102
29
-49
-100
-35
71
96
-30
-148
-93
83
151
4
-203
-141
104
218
55
-242
-268
24
271
231
-52
-284
-222
77
328
230
-146
-369
-121
267
295
-10
-235
-151
66
167
76
-115
-141
17
96
39
24
-38
-91
-27
44
80
1
-79
-51
35
105
86
-69
-116
-55
108
194
40
-174
-238
-10
289
263
-106
-368
-173
251
339
23
-293
-231
116
263
75
-153
-127
34
115
96
-20
-112
-47
58
119
73
-61
-114
-16
147
137
-25
-164
-100
144
286
45
-250
-254
-3
305
280
-96
-359
-213
159
349
122
-228
-292
-12
228
163
-39
-172
-107
79
175
65
-95
-150
-77
108
173
10
-141
-104
77
140
37
-115
-156
-23
162
133
-48
-200
-164
64
237
136
-88
-230
-165
100
247
144
-150
-270
-56
188
202
-8
-207
-150
55
180
66
-108
-160
-48
136
139
-40
-200
-118
127
176
-5
-205
-201
80
261
101
-245
-341
34
356
225
-126
-345
-184
143
325
165
-171
-306
-79
201
246
7
-189
-113
34
133
70
-78
-124
-17
78
81
31
-67
-108
-7
106
78
-71
-157
-18
131
150
3
-148
-111
36
166
190
-37
-257
-165
106
265
163
-144
-287
-95
201
257
15
-201
-157
49
169
72
-57
-73
-42
51
104
60
-52
-107
-11
138
124
-55
-177
-12
189
202
-73
-244
-90
210
303
5
-293
-193
60
251
187
-55
-260
-185
69
253
145
-111
-208
-101
87
174
82
-114
-174
-15
173
154
-53
-178
-112
78
176
65
-109
-122
24
119
52
-72
-147
-58
126
164
-47
-232
-145
113
208
53
-108
-146
-77
53
144
108
-51
-196
-110
109
210
45
-186
-160
40
146
67
-84
-127
-59
72
135
6
-172
-139
66
170
24
-157
-146
49
190
46
-202
-232
26
254
163
-58
-219
-197
51
255
213
-82
-262
-156
130
249
94
-135
-171
-29
109
96
7
-95
-70
-5
72
118
-1
-126
-98
54
122
23
-120
-97
34
187
86
-139
-143
30
152
153
-40
-198
-131
60
194
165
-63
-236
-146
122
254
90
-175
-214
12
186
127
-69
-117
-32
62
107
32
-50
-86
9
131
90
-51
-106
-7
114
125
-22
-161
-80
151
241
46
-207
-233
-27
235
267
0
-292
-280
62
339
201
-159
-314
-93
185
218
21
-177
-157
47
199
136
-100
-202
-99
120
191
56
-150
-164
46
215
80
-169
-212
27
215
74
-130
-137
-60
37
115
98
35
-134
-236
-42
245
257
-75
-315
-149
186
289
13
-259
-167
90
203
39
-156
-152
20
141
66
-69
-118
-48
57
79
10
-107
-128
20
143
98
-115
-259
-77
234
261
16
-272
-283
48
326
242
-119
-341
-146
198
295
41
-188
-153
0
117
114
-33
-141
-73
76
112
82
-91
-153
-24
125
93
-75
-115
-44
79
124
56
-91
-117
15
119
153
14
-219
-160
84
189
132
-40
-196
-146
84
231
91
-147
-213
-15
190
111
-63
-101
13
83
33
3
-22
-56
3
80
104
6
-114
-61
104
188
4
-206
-117
152
303
88
-292
-280
38
288
242
-66
-295
-182
80
239
162
-91
-234
-115
94
187
60
-99
-161
-35
166
148
-50
-175
-95
85
165
27
-119
-83
79
113
-4
-109
-96
16
101
63
-56
-93
-79
-36
122
166
-3
-188
-196
33
220
178
-78
-269
-107
182
219
1
-192
-136
24
131
87
-42
-148
-76
87
137
-17
-129
-150
18
165
91
-139
-213
8
220
149
-195
-342
-40
302
268
-22
-299
-255
55
284
250
-42
-302
-214
129
297
94
-140
-169
-36
102
117
25
-116
-136
-4
142
142
-63
-181
-75
104
176
-12
-199
-104
113
224
46
-170
-134
41
163
142
1
-173
-160
22
171
184
2
-207
-173
58
202
131
-94
-198
-64
142
152
-3
-101
-60
48
104
54
-73
-114
9
141
124
-44
-147
-39
160
191
-55
-237
-111
222
316
16
-331
-217
83
258
186
-54
-228
-203
16
230
211
-67
-280
-145
133
209
49
-153
-142
24
173
124
-79
-178
-102
102
198
39
-160
-154
92
198
-1
-151
-127
-4
146
104
-61
-153
-132
39
183
129
-87
-173
-107
18
141
153
-20
-182
-154
54
218
126
-121
-229
-81
172
176
-56
-212
-94
142
172
-55
-215
-110
118
178
-26
-189
-126
88
168
44
-149
-212
-50
169
203
59
-189
-275
-36
270
286
-26
-285
-225
96
276
139
-117
-177
-72
77
146
36
-108
-115
-12
116
138
-27
-160
-117
117
185
-37
-198
-94
163
181
6
-161
-99
71
135
89
-14
-148
-118
14
162
166
3
-190
-196
47
275
169
-154
-291
-64
243
203
-65
-174
-60
109
117
9
-72
-79
12
117
106
-25
-131
-37
142
164
-11
-170
-128
129
284
86
-229
-252
-29
209
276
54
-255
-327
-34
313
297
-76
-328
-201
133
275
95
-174
-212
-3
215
152
-87
-171
-115
88
197
70
-124
-147
24
137
56
-89
-119
-38
78
117
18
-116
-156
-31
130
162
-6
-130
-179
-60
185
226
6
-235
-209
81
272
107
-182
-195
5
154
91
-80
-129
-25
66
67
8
-102
-117
9
113
57
-101
-143
-6
143
108
-115
-253
-69
194
228
39
-208
-255
-33
214
283
46
-271
-285
59
320
208
-135
-273
-86
173
178
-21
-177
-114
68
134
89
-81
-163
-13
117
97
-41
-154
-60
91
148
50
-96
-112
8
106
145
33
-169
-183
2
232
214
-53
-274
-163
123
253
91
-159
-200
-19
179
132
-52
-114
-13
74
77
20
-50
-67
1
100
100
-2
-95
-79
87
194
53
-179
-198
110
324
133
-245
-299
-35
273
302
1
-294
-292
28
317
219
-112
-302
-131
170
239
22
-197
-155
72
202
74
-119
-140
-59
83
162
29
-103
-104
13
119
80
-43
-150
-117
86
190
63
-179
-227
-34
242
198
-61
-218
-177
36
215
172
-55
-210
-138
82
193
75
-108
-143
-46
91
113
-15
-125
-93
56
135
10
-134
-131
8
123
80
-103
-164
-16
149
120
-92
-255
-106
177
238
81
-202
-314
-38
298
295
-31
-314
-213
119
289
102
-134
-168
-21
104
75
-19
-66
-37
2
5
73
94
-69
-166
-34
136
110
-67
-150
-25
119
162
-21
-142
-57
102
149
19
-123
-125
-39
113
200
44
-155
-202
11
229
147
-94
-219
-84
167
171
-27
-139
-54
87
125
19
-96
-70
31
92
96
5
-105
-58
100
155
18
-146
-148
85
278
153
-201
-305
-93
234
347
68
-320
-355
-2
381
261
-156
-330
-95
179
196
-9
-127
-110
-6
110
116
10
-110
-143
10
156
103
-52
-146
-33
107
110
-28
-166
-105
120
175
-7
-183
-158
17
171
141
-12
-133
-179
-78
171
268
45
-276
-264
92
318
133
-199
-257
-10
213
133
-82
-178
-64
117
98
-16
-127
-94
18
98
65
-87
-173
-39
163
165
-82
-307
-150
236
312
8
-266
-249
24
243
208
-17
-181
-196
12
223
195
-60
-219
-100
132
151
-3
-159
-104
65
142
79
-77
-162
-38
104
148
-34
-195
-67
142
167
23
-136
-132
38
142
129
14
-144
-155
-37
149
207
40
-206
-210
38
234
172
-92
-236
-105
169
192
-11
-154
-74
62
128
50
-76
-103
23
124
77
-12
-99
-51
88
161
-2
-156
-84
122
209
71
-165
-173
-47
105
207
113
-137
-292
-110
208
296
16
-283
-207
82
224
96
-138
-185
1
190
142
-105
-175
-26
99
118
8
-92
-60
29
76
17
-34
-90
-64
57
92
27
-67
-134
-80
102
176
66
-134
-241
-69
182
243
26
-238
-212
72
260
111
-157
-215
-30
170
141
-64
-160
-78
91
128
1
-151
-124
51
139
32
-100
-149
-49
139
151
-73
-284
-140
219
274
34
-206
-273
-40
219
287
54
-249
-295
14
324
222
-115
-257
-84
158
172
-40
-172
-84
87
99
55
-41
-117
-46
73
73
-6
-74
-66
1
125
113
-41
-124
-72
73
189
106
-134
-248
-67
206
268
31
-257
-230
47
274
170
-127
-258
-60
176
171
-30
-127
-23
64
69
32
-46
-69
1
92
88
-7
-84
-26
78
127
10
-119
-108
60
215
166
-111
-290
-104
171
297
93
-215
-302
-65
254
283
-28
-278
-207
79
255
107
-132
-193
-19
155
158
-35
-132
-132
9
176
136
-68
-170
-46
128
132
-1
-173
-147
65
171
84
-116
-209
-80
167
205
15
-160
-196
-72
185
223
24
-221
-195
45
234
129
-138
-216
-36
147
102
-47
-116
-69
46
104
42
-108
-153
-10
116
101
-63
-191
-78
153
183
-71
-313
-146
199
289
67
-216
-292
-47
238
286
39
-247
-265
30
250
145
-79
-129
-51
12
74
77
-31
-119
-53
59
148
18
-170
-122
95
182
15
-194
-114
113
191
61
-149
-164
14
174
168
9
-189
-176
48
190
140
-17
-157
-151
27
183
110
-62
-171
-57
117
109
11
-36
-49
-14
47
72
39
-63
-81
35
158
76
-109
-120
54
209
91
-186
-200
84
333
170
-222
-334
-44
250
287
7
-249
-227
-6
194
191
13
-209
-189
25
185
157
-49
-185
-121
134
218
16
-171
-168
25
202
121
-109
-185
-18
190
117
-119
-186
-62
142
142
-10
-148
-149
-31
143
152
29
-98
-197
-108
108
251
94
-179
-251
-22
222
212
-69
-238
-159
91
243
52
-190
-190
24
196
110
-134
-216
-32
180
98
-99
-183
-64
144
174
-53
-284
-174
175
287
107
-197
-314
-92
234
337
84
-276
-288
-12
278
246
-34
-227
-165
52
203
107
-122
-188
-23
135
151
-5
-159
-124
62
143
17
-111
-91
49
132
76
-54
-88
-42
38
130
111
-74
-180
-56
70
182
119
-107
-225
-101
161
260
49
-252
-229
100
252
99
-121
-163
-19
151
140
-37
-155
-54
128
155
6
-152
-75
104
178
17
-168
-135
116
246
129
-169
-270
-72
173
276
89
-192
-284
-124
206
293
65
-238
-270
22
244
161
-125
-201
-42
180
169
-62
-172
-100
69
177
31
-123
-111
52
161
27
-129
-100
6
71
62
-5
-64
-119
-84
78
215
60
-153
-215
-59
167
229
37
-195
-209
46
225
114
-144
-182
-28
129
112
-37
-128
-76
62
97
46
-113
-149
6
131
93
-88
-190
-55
164
178
-70
-286
-171
149
301
139
-167
-340
-119
253
344
47
-276
-271
48
282
152
-135
-173
3
123
78
-43
-88
-43
27
32
85
32
-93
-128
5
116
76
-90
-120
0
132
136
-39
-172
-84
99
210
80
-158
-203
-17
142
186
65
-141
-235
-53
200
225
-10
-252
-182
105
258
87
-158
-159
29
144
104
-34
-131
-54
134
178
9
-168
-105
108
210
48
-162
-190
35
298
211
-138
-333
-134
197
362
122
-287
-375
-24
307
277
-60
-293
-165
111
207
63
-120
-118
19
84
72
-24
-50
-74
-32
72
123
13
-125
-89
100
138
-4
-145
-146
34
167
80
-103
-188
-108
132
261
71
-208
-255
-47
222
234
5
-233
-196
44
212
169
-74
-216
-130
73
169
61
-98
-157
-44
139
119
-58
-201
-86
126
136
-30
-197
-118
140
207
-29
-284
-203
142
317
124
-191
-333
-77
237
278
59
-205
-235
-11
195
167
4
-130
-124
-16
119
120
-43
-159
-78
92
183
27
-180
-156
76
197
46
-183
-136
90
177
78
-70
-145
-54
94
165
104
-105
-196
-86
88
238
171
-142
-325
-108
279
312
-43
-329
-173
190
244
0
-170
-97
93
149
35
-86
-82
21
95
102
3
-126
-73
117
168
43
-159
-157
66
267
159
-141
-268
-113
146
301
132
-215
-316
-91
230
285
38
-259
-239
28
228
170
-88
-227
-94
170
219
-13
-191
-144
50
177
85
-69
-137
-26
107
89
-2
-102
-143
20
143
105
-91
-210
-127
147
262
46
-214
-224
-20
186
197
20
-173
-199
-3
174
164
-58
-189
-88
96
128
1
-134
-122
23
166
78
-118
-196
-56
171
157
-90
-241
-84
180
187
-68
-279
-146
163
242
92
-149
-273
-116
180
304
129
-187
-314
-63
246
244
-30
-197
-134
48
154
42
-82
-108
11
77
42
36
-51
-112
-38
98
98
-46
-132
-14
107
140
-3
-135
-84
45
168
130
-94
-220
-102
125
271
123
-199
-300
-20
258
233
-63
-274
-134
157
200
5
-124
-46
64
69
14
-43
-55
-7
89
121
-4
-115
-44
96
134
31
-109
-121
29
196
175
-49
-221
-192
43
299
246
-121
-413
-212
269
401
42
-341
-285
89
279
118
-135
-186
-48
127
174
45
-130
-191
-59
205
205
-42
-222
-106
126
189
22
-186
-167
75
192
52
-122
-188
-66
126
179
24
-105
-156
-66
71
185
111
-120
-244
-90
201
248
-47
-242
-157
109
213
32
-161
-166
14
154
103
-97
-166
-51
99
102
-3
-169
-116
91
182
26
-236
-243
80
319
143
-123
-287
-160
149
305
136
-172
-301
-55
241
216
-27
-185
-122
77
129
33
-110
-106
50
77
29
-9
-85
-49
45
72
21
-85
-78
44
102
83
-21
-113
-79
50
151
141
-70
-223
-130
108
285
149
-183
-306
-71
260
254
-63
-269
-116
148
183
-26
-102
-16
71
20
-2
15
25
-21
-49
31
147
36
-123
-104
126
213
-16
-237
-100
232
306
-24
-350
-205
145
330
137
-200
-294
-76
192
235
5
-213
-148
54
127
49
-47
-81
-39
60
108
55
-61
-142
-52
99
149
-2
-144
-75
91
150
40
-167
-198
48
218
123
-162
-257
-73
198
245
-1
-177
-190
-52
140
201
69
-140
-240
-53
219
191
-58
-231
-115
111
166
21
-125
-153
18
161
93
-106
-192
-58
143
148
-52
-240
-124
162
236
5
-300
-259
121
341
144
-164
-306
-136
204
306
123
-196
-305
-61
241
254
-28
-230
-109
80
126
29
-70
-77
0
20
62
59
-58
-114
-14
89
88
-48
-128
-27
110
156
-20
-167
-62
87
173
82
-124
-203
-47
155
193
49
-162
-185
-24
181
164
-34
-185
-91
64
125
77
-25
-82
-60
48
111
50
-88
-111
45
182
94
-113
-172
25
230
158
-150
-249
-26
278
280
-70
-344
-184
148
284
167
-134
-293
-166
106
283
128
-172
-257
-35
186
164
-9
-172
-120
68
178
78
-108
-147
-45
102
122
7
-95
-67
45
84
30
-81
-106
-22
82
88
7
-142
-160
52
191
122
-78
-218
-145
89
239
157
-116
-282
-125
211
275
-5
-254
-190
81
208
72
-137
-173
-1
143
96
-76
-177
-51
128
123
-81
-163
-79
85
175
9
-223
-201
75
256
126
-93
-218
-167
79
265
206
-121
-318
-134
242
293
-18
-252
-138
89
187
36
-123
-119
8
93
110
15
-133
-104
25
132
71
-92
-129
-9
135
129
-19
-125
-74
51
130
105
-63
-193
-49
109
151
86
-89
-186
-83
118
192
42
-137
-179
14
179
118
-82
-131
-12
119
113
-13
-100
-57
51
112
74
-52
-103
1
131
101
-33
-151
-82
159
238
32
-267
-210
81
255
192
-105
-302
-167
144
279
102
-189
-247
-24
186
151
-40
-162
-96
82
186
32
-124
-128
-31
129
116
4
-120
-87
55
116
29
-106
-149
7
158
119
-97
-206
-125
114
244
91
-153
-245
-105
142
277
99
-205
-274
-18
254
200
-84
-224
-108
96
169
43
-125
-152
-4
143
105
-62
-205
-86
140
134
-33
-204
-94
118
158
4
-200
-212
45
245
173
-53
-293
-219
126
350
203
-192
-354
-109
274
293
-33
-235
-134
92
150
31
-95
-90
12
66
75
16
-100
-90
37
92
46
-85
-91
11
118
122
-48
-124
-70
23
136
154
-31
-206
-145
70
234
161
-93
-259
-104
166
220
21
-171
-155
50
163
50
-63
-50
24
5
42
69
14
-99
-64
106
177
-1
-198
-94
213
222
-75
-257
-87
235
294
-13
-303
-200
49
270
239
-88
-316
-207
133
329
125
-213
-280
7
229
148
-77
-185
-61
104
164
29
-122
-138
-18
140
118
-13
-98
-67
38
72
16
-25
-71
-63
37
108
34
-129
-175
-18
223
203
-85
-267
-156
111
232
118
-119
-209
-70
126
183
12
-155
-135
-18
128
128
-35
-179
-113
93
193
19
-206
-175
84
207
32
-221
-187
109
217
17
-247
-229
66
261
172
-50
-295
-226
106
341
220
-162
-358
-111
242
277
-27
-229
-100
67
109
55
-54
-77
-44
2
96
92
-43
-144
-58
103
120
-39
-153
-73
128
204
15
-201
-136
65
216
150
-112
-227
-75
128
189
94
-98
-182
-95
89
204
96
-121
-190
-40
150
155
10
-126
-80
63
132
65
-85
-111
18
140
117
-69
-149
-14
189
150
-91
-212
-57
211
283
19
-311
-245
84
310
222
-108
-326
-203
144
315
130
-183
-257
-73
189
205
-18
-212
-142
91
230
89
-144
-210
-48
169
174
1
-171
-106
101
154
-2
-125
-135
6
141
101
-50
-160
-154
25
212
150
-83
-207
-136
59
229
144
-112
-252
-116
175
241
32
-204
-217
32
196
107
-93
-175
-58
108
117
-1
-138
-142
16
146
76
-130
-192
26
207
110
-173
-292
-48
274
274
-47
-344
-230
138
346
196
-170
-330
-118
226
256
-1
-194
-119
56
131
40
-58
-96
-19
55
76
62
-82
-116
-14
90
85
-42
-138
1
153
94
-74
-119
-9
98
85
41
-29
-92
-88
-16
151
201
-10
-244
-204
116
322
114
-244
-290
57
282
118
-128
-145
26
100
75
-3
-68
-74
27
108
115
-45
-157
-11
166
121
-64
-155
-59
156
229
24
-189
-225
-52
216
292
23
-307
-317
75
362
214
-190
-350
-58
243
189
-63
-211
-58
114
155
11
-105
-95
-28
78
93
6
-73
-32
38
60
3
-54
-91
-27
88
89
2
-118
-173
-18
223
200
-55
-269
-203
87
297
163
-141
-280
-64
192
193
-38
-167
-83
45
79
38
-68
-94
-21
82
94
-25
-141
-99
68
125
-14
-137
-114
58
188
59
-205
-265
3
262
226
-30
-283
-241
101
308
204
-141
-317
-106
207
245
6
-167
-95
24
71
71
-26
-106
-44
47
65
56
-25
-67
-47
1
60
32
-48
-73
-14
109
124
-19
-153
-103
124
221
62
-199
-225
-14
281
280
-99
-371
-174
219
317
25
-249
-210
73
219
81
-74
-115
-19
88
108
1
-71
-77
10
118
122
-29
-134
-53
143
168
-33
-178
-93
160
269
36
-252
-248
28
278
255
-57
-324
-246
114
342
165
-199
-291
-39
201
159
-53
-131
-52
63
90
31
-20
-64
-97
6
137
108
-93
-148
10
144
82
-84
-190
-63
160
167
-31
-210
-179
63
237
139
-106
-215
-156
61
242
152
-114
-235
-95
145
214
21
-175
-152
16
127
67
-43
-140
-71
104
135
-18
-190
-127
67
146
46
-147
-178
16
216
112
-196
-288
-18
270
202
-41
-227
-200
31
246
226
-41
-269
-174
115
236
64
-123
-113
-10
59
84
-14
-103
-69
57
125
84
-110
-179
-13
158
150
-79
-203
-48
131
178
41
-151
-144
24
169
182
-14
-211
-162
27
246
221
-93
-299
-156
191
287
30
-246
-193
98
208
26
-96
-36
33
35
24
31
-7
-66
-13
91
118
-15
-112
-46
107
177
-4
-184
-109
137
268
73
-210
-234
-44
234
286
-3
-284
-283
26
336
233
-155
-340
-97
212
191
-9
-166
-132
38
205
137
-121
-219
-55
170
173
-33
-181
-73
124
118
-39
-122
-85
62
111
11
-82
-100
-63
23
135
98
-2
-153
-229
-12
263
240
-101
-346
-133
234
281
-12
-261
-187
93
187
42
-127
-130
2
108
79
-49
-146
-74
68
118
12
-134
-144
26
184
87
-172
-294
-10
295
201
-70
-242
-213
53
259
218
-39
-266
-202
92
278
165
-118
-243
-89
153
154
-28
-154
-61
62
60
42
-26
-63
-29
68
45
-77
-84
11
87
107
22
-122
-105
24
136
149
19
-164
-160
-14
171
201
-4
-213
-183
72
241
108
-115
-188
-47
134
127
-7
-69
-51
37
75
42
-40
-50
4
65
75
5
-91
-23
104
129
-18
-139
-90
130
231
74
-223
-240
17
223
219
-6
-246
-247
34
293
204
-142
-308
-104
207
212
-34
-178
-90
93
180
37
-126
-99
-13
74
95
24
-51
-62
-21
38
69
39
-112
-131
29
155
74
-138
-210
-39
209
186
-23
-199
-214
14
266
213
-73
-299
-169
150
304
60
-265
-196
75
202
67
-136
-147
-11
103
86
3
-120
-125
-10
125
100
-83
-197
-51
171
165
-114
-287
-108
190
266
83
-199
-328
-61
312
335
-39
-367
-223
183
347
74
-238
-192
79
172
39
-101
-90
16
33
30
56
1
-96
-77
67
117
-32
-139
-31
103
140
-15
-120
-70
36
128
117
8
-140
-167
-34
186
244
-9
-279
-200
122
291
103
-199
-236
-4
208
142
-60
-134
-16
86
94
-11
-86
-39
24
85
82
-22
-75
-35
81
122
33
-140
-139
101
273
121
-198
-289
-44
218
297
23
-287
-280
39
335
189
-172
-275
-46
178
148
-35
-117
-62
27
108
64
-55
-87
-56
41
121
58
-92
-112
44
136
36
-93
-121
-3
108
66
-37
-117
-121
11
154
126
-10
-141
-176
-25
177
200
-3
-220
-198
43
259
144
-141
-221
-62
159
158
-36
-189
-99
109
145
14
-148
-165
13
163
73
-115
-186
-42
178
154
-100
-285
-107
222
274
30
-259
-291
2
305
284
-48
-328
-197
144
292
88
-149
-153
-18
83
91
-15
-81
-57
-13
83
136
-13
-155
-105
76
154
18
-128
-117
48
165
68
-109
-106
1
112
144
28
-136
-166
-34
149
206
30
-206
-216
62
257
126
-126
-234
-43
174
145
-15
-111
-34
55
65
16
-24
-30
-13
48
77
18
-68
-40
69
129
22
-160
-120
119
276
84
-225
-246
-25
227
265
5
-276
-252
24
283
202
-112
-265
-116
140
185
35
-118
-147
8
144
112
-32
-131
-116
23
157
101
-77
-149
-14
129
95
-68
-145
-99
99
165
20
-157
-174
-21
169
177
-6
-173
-211
-39
217
269
-15
-306
-224
130
303
90
-204
-233
18
165
105
-62
-165
-85
91
145
-1
-151
-107
33
122
43
-110
-174
3
176
128
-124
-272
-93
209
247
46
-216
-252
-8
234
247
0
-252
-225
48
286
188
-130
-227
-82
131
193
-3
-185
-120
69
174
101
-104
-193
-47
151
155
-51
-201
-90
143
219
24
-193
-151
62
196
136
-36
-184
-132
39
151
164
14
-202
-203
36
248
170
-118
-249
-74
177
202
-17
-144
-82
71
140
40
-83
-110
2
130
142
-25
-160
-45
137
170
-10
-187
-119
142
247
83
-168
-217
-65
123
254
132
-178
-341
-106
281
317
-34
-327
-211
144
263
81
-184
-201
16
193
115
-87
-135
-73
89
129
17
-80
-98
36
134
22
-108
-104
-22
89
100
-7
-142
-140
14
176
146
-72
-168
-113
25
136
132
-14
-141
-144
-7
185
125
-67
-172
-81
84
116
19
-86
-114
-13
88
77
-63
-114
-47
50
88
-20
-136
-85
79
143
-13
-234
-174
118
282
139
-191
-343
-62
260
302
26
-265
-249
61
278
149
-130
-169
-39
91
97
6
-97
-95
20
82
116
-33
-152
-57
83
94
-28
-108
-40
59
85
28
-8
-63
-59
41
144
74
-109
-179
-74
145
272
46
-249
-236
49
276
151
-137
-238
-46
196
158
-73
-148
-5
116
71
-18
-41
-18
-2
38
93
61
-74
-107
39
170
81
-127
-183
19
314
237
-187
-394
-137
298
398
31
-340
-333
25
363
275
-144
-381
-137
262
244
-51
-222
-124
92
183
82
-101
-131
-55
60
128
50
-73
-103
10
111
47
-45
-103
-74
67
129
43
-122
-182
-59
165
231
14
-228
-228
-17
244
255
-32
-282
-213
100
262
107
-151
-189
-39
119
134
-15
-134
-112
30
130
48
-93
-153
-30
134
102
-90
-210
-73
169
205
-72
-330
-174
229
329
44
-259
-277
-21
268
245
2
-230
-214
36
239
172
-87
-205
-69
99
120
-13
-96
-53
25
26
51
41
-63
-88
-12
89
24
-49
-45
5
65
81
8
-101
-98
68
223
105
-189
-215
-32
198
240
16
-245
-203
54
235
142
-98
-189
-54
120
131
7
-77
-44
20
61
57
-16
-67
-39
64
131
77
-103
-137
70
214
61
-193
-181
86
322
164
-229
-330
-34
276
274
-13
-253
-238
8
245
205
-68
-242
-120
96
138
39
-66
-108
-29
74
121
38
-91
-167
-38
182
160
-39
-196
-87
163
181
-62
-229
-99
156
185
-13
-190
-179
4
218
166
-63
-159
-135
-22
136
176
29
-158
-192
10
187
161
-76
-204
-96
109
172
15
-162
-151
43
185
73
-154
-202
-13
187
145
-125
-241
-30
197
164
-98
-284
-136
199
290
44
-214
-259
-38
229
282
12
-253
-232
56
242
161
-74
-156
-90
46
114
79
-69
-142
-48
94
163
30
-167
-129
48
151
48
-118
-124
46
158
114
-76
-169
-32
119
165
44
-145
-166
-45
108
253
106
-211
-280
-2
253
245
-57
-304
-148
161
216
46
-126
-109
41
119
58
-56
-104
-16
111
139
10
-134
-80
78
153
52
-110
-137
33
234
181
-135
-308
-83
199
270
48
-233
-244
3
218
190
-36
-213
-130
75
136
49
-68
-93
-33
79
136
1
-149
-121
39
166
91
-93
-125
18
106
48
-46
-128
-47
100
130
-6
-162
-144
4
140
160
1
-140
-192
-65
183
264
4
-276
-216
113
269
90
-204
-174
31
144
76
-65
-123
-48
71
84
7
-90
-109
-5
121
79
-104
-169
-27
144
145
-60
-283
-149
188
290
78
-195
-323
-75
261
314
31
-283
-271
54
313
180
-145
-223
-42
147
128
-34
-150
-76
96
106
38
-68
-112
-5
91
64
-57
-110
-10
59
92
78
-57
-122
-37
86
169
72
-115
-210
-83
149
278
95
-239
-288
0
308
207
-131
-261
-67
159
136
-9
-68
-13
12
11
43
45
-25
-59
-4
97
98
-43
-99
3
133
79
-79
-124
-5
176
182
-56
-199
-127
30
212
217
-66
-327
-207
165
349
91
-278
-285
79
248
108
-104
-173
-23
130
123
-21
-105
-91
-1
107
93
-22
-61
-40
30
30
12
-31
-78
-5
75
73
-52
-169
-91
113
207
38
-160
-218
-54
174
212
19
-183
-181
18
192
125
-60
-176
-98
70
140
31
-103
-142
-30
138
155
-72
-243
-106
176
178
-80
-271
-95
207
224
-72
-323
-172
192
289
67
-196
-294
-37
240
269
34
-253
-244
56
262
142
-122
-164
-13
96
76
-41
-89
-39
39
67
64
-4
-99
-89
22
124
38
-93
-113
36
162
122
-94
-169
-51
157
221
25
-212
-209
59
191
122
10
-131
-158
11
162
127
-37
-154
-92
64
146
55
-51
-92
-10
108
98
-36
-107
-21
94
124
20
-111
-93
81
190
52
-152
-140
84
245
122
-141
-241
-79
138
236
123
-161
-301
-105
215
286
34
-245
-243
19
228
150
-67
-211
-75
161
182
-27
-157
-105
27
135
77
-62
-98
-25
78
101
-12
-148
-133
94
170
52
-138
-196
-56
172
191
4
-132
-177
-105
104
264
136
-180
-316
-61
279
264
-103
-300
-109
149
181
20
-150
-145
10
114
88
-43
-159
-78
85
103
-21
-142
-121
86
203
7
-283
-192
133
269
130
-146
-282
-126
182
284
87
-184
-245
-29
204
182
-25
-150
-85
31
102
37
-76
-75
8
60
62
-9
-82
-47
48
65
-31
-75
-17
82
48
1
-50
19
11
-20
36
124
-3
-151
-111
44
193
157
-95
-241
-86
174
234
-5
-238
-160
116
208
59
-136
-119
28
150
98
-52
-130
-47
138
150
9
-134
-115
81
217
58
-151
-179
57
256
185
-130
-276
-114
139
249
123
-168
-281
-93
196
249
56
-214
-232
6
208
176
-54
-227
-133
158
257
10
-218
-186
35
222
141
-87
-171
-33
137
94
-51
-110
-91
31
125
75
-72
-162
-125
54
244
164
-120
-349
-165
263
374
34
-352
-296
125
371
119
-231
-229
18
168
86
-60
-90
-76
9
99
67
-88
-142
-31
98
110
-34
-183
-110
118
195
10
-264
-203
119
250
120
-104
-249
-146
122
293
166
-196
-326
-31
295
228
-100
-234
-68
122
122
-10
-107
-68
35
74
52
-17
-77
-38
30
35
10
-49
-22
-2
59
78
-8
-82
-70
48
157
116
-78
-235
-106
125
264
125
-191
-301
-28
286
226
-102
-257
-104
140
194
4
-123
-65
74
86
23
-39
-35
-22
50
87
32
-77
-64
61
139
48
-110
-141
27
228
187
-88
-273
-154
113
292
166
-176
-336
-117
248
319
-21
-300
-189
133
213
27
-146
-110
53
128
51
-60
-51
-51
-21
67
80
2
-77
-40
69
58
-22
-49
-64
-31
87
99
-51
-176
-141
101
267
103
-196
-270
-63
228
240
-2
-230
-166
59
184
103
-68
-155
-57
71
103
20
-87
-102
-11
92
83
-51
-155
-111
103
173
-7
-224
-147
127
235
10
-288
-242
123
323
141
-191
-309
-93
219
299
77
-232
-288
5
273
211
-102
-220
-44
109
99
-19
-79
-50
-7
28
100
81
-80
-170
-50
162
128
-65
-158
-75
155
210
2
-211
-133
107
227
116
-153
-210
-58
119
203
133
-134
-277
-96
191
258
19
-232
-179
83
196
91
-91
-111
-14
72
83
34
-16
-82
-41
92
133
11
-136
-71
127
171
-11
-191
-130
207
305
-7
-315
-231
84
312
220
-124
-340
-181
166
309
109
-214
-265
6
215
113
-58
-136
-68
80
134
28
-79
-125
-49
139
156
-18
-174
-70
114
130
-36
-155
-112
69
171
38
-126
-149
-75
100
176
61
-107
-172
-117
80
222
110
-142
-219
-39
191
199
-61
-216
-95
84
117
28
-89
-117
-13
114
59
-63
-136
-36
107
104
-88
-203
-57
159
190
-56
-277
-194
145
290
87
-146
-225
-111
113
231
163
-117
-277
-100
179
248
42
-190
-164
30
170
85
-110
-159
22
139
65
-23
-121
-57
63
96
-1
-102
-66
48
94
73
-19
-88
-49
69
125
68
-74
-138
-91
35
202
184
-88
-300
-146
220
300
17
-263
-195
103
214
73
-104
-102
2
88
89
8
-97
-71
76
133
33
-78
-89
44
159
61
-98
-170
-1
228
227
-53
-285
-195
119
302
176
-160
-319
-165
201
326
48
-273
-233
63
234
102
-91
-171
-46
116
154
-17
-109
-79
-5
90
92
-12
-97
-39
33
60
28
-68
-90
8
80
64
-21
-124
-135
16
169
138
-11
-204
-206
44
261
195
-118
-297
-123
186
279
6
-248
-191
90
217
87
-152
-224
-21
181
156
-89
-234
-90
114
167
-13
-169
-135
64
189
28
-210
-228
43
249
138
-35
-188
-217
33
287
252
-101
-362
-156
245
324
-8
-252
-130
93
147
12
-82
-74
24
31
20
43
-18
-81
-53
60
86
-27
-112
-23
85
112
41
-110
-136
15
189
153
-61
-223
-144
103
277
140
-173
-294
-53
242
225
-69
-239
-105
130
146
17
-82
-32
45
22
18
25
29
-61
-50
77
114
-1
-95
-53
107
149
-21
-174
-63
172
255
19
-314
-227
134
302
171
-176
-321
-78
200
238
14
-176
-176
13
156
133
-34
-163
-99
85
176
51
-122
-116
-16
94
109
-33
-104
-15
85
74
-30
-120
-95
75
138
33
-95
-151
-79
65
193
112
-88
-218
-165
104
283
140
-172
-289
-43
214
198
-39
-204
-110
60
118
29
-72
-88
-28
62
79
-3
-124
-114
39
129
42
-160
-177
54
233
87
-244
-321
29
358
223
-135
-340
-180
179
323
132
-169
-246
-49
157
169
18
-119
-94
10
66
44
-24
-49
-16
-6
38
74
-21
-96
-24
58
49
-58
-102
24
115
104
-43
-127
-40
62
121
113
-41
-173
-114
72
199
138
-85
-227
-92
111
191
74
-130
-172
1
136
80
7
-66
-47
33
101
60
-55
-112
4
131
122
-49
-136
-25
145
136
-51
-169
-70
179
255
12
-259
-195
56
224
198
-60
-285
-188
120
280
104
-183
-230
-20
166
139
-39
-162
-58
87
159
7
-127
-96
-18
108
130
-10
-130
-79
77
106
21
-109
-149
24
154
95
-101
-186
-85
112
181
60
-89
-177
-150
63
262
169
-161
-311
-65
239
248
-21
-255
-181
81
208
81
-158
-187
-14
155
137
-44
-208
-130
90
181
15
-181
-155
68
211
72
-213
-266
36
268
181
-80
-256
-182
107
253
204
-94
-284
-153
163
290
64
-219
-194
78
192
47
-129
-115
31
58
54
35
-56
-84
-30
88
75
-52
-105
-16
115
144
-11
-166
-95
79
168
98
-78
-182
-98
57
195
190
-70
-277
-169
160
291
85
-207
-241
19
212
137
-81
-125
-26
78
101
17
-56
-82
8
124
90
-56
-126
-9
150
139
-52
-183
-61
175
240
32
-246
-220
41
239
196
-40
-220
-235
-1
281
234
-123
-335
-99
229
197
-53
-211
-83
147
191
-15
-161
-99
9
95
106
12
-91
-66
48
91
14
-109
-102
21
129
68
-75
-157
-96
76
191
89
-82
-176
-134
32
211
174
-80
-274
-86
181
198
-17
-167
-113
34
114
30
-68
-87
-27
71
68
-31
-96
-74
10
96
64
-112
-171
6
178
118
-149
-274
-48
242
241
-3
-283
-271
84
341
234
-136
-354
-148
231
305
-4
-252
-129
103
170
20
-142
-101
39
88
45
4
-64
-57
-9
69
55
-55
-82
-6
106
100
-48
-118
-26
71
102
61
-25
-130
-84
28
124
163
-1
-214
-182
74
278
116
-165
-226
-23
192
135
-67
-141
-17
100
99
16
-61
-64
-9
87
109
10
-94
-79
86
154
38
-131
-135
104
282
95
-222
-267
-12
242
276
4
-316
-277
96
324
170
-181
-294
-52
186
181
-6
-182
-126
82
195
81
-119
-168
-44
131
130
-17
-97
-31
50
51
-1
-75
-79
39
88
40
-54
-129
-76
19
149
101
-43
-155
-153
28
190
176
-27
-244
-165
103
227
85
-148
-194
-34
134
119
-8
-142
-113
23
148
88
-144
-225
4
227
101
-205
-243
69
270
88
-230
-288
2
288
208
-50
-284
-205
117
272
152
-121
-246
-90
144
200
35
-136
-114
45
108
23
-87
-94
23
95
72
4
-125
-96
52
112
41
-103
-101
12
122
128
-41
-139
-50
50
123
133
3
-205
-185
37
269
233
-103
-329
-165
217
314
41
-252
-197
65
181
85
-57
-72
-17
36
69
44
-25
-93
-25
136
168
-11
-211
-87
182
230
-32
-243
-123
193
311
65
-286
-268
53
282
195
-80
-265
-185
78
251
167
-135
-274
-76
188
178
-44
-176
-47
85
125
28
-75
-102
-46
101
120
-15
-128
-67
109
147
-35
-161
-112
46
160
83
-92
-171
-116
54
221
99
-101
-164
-131
29
198
155
-90
-238
-87
142
191
49
-166
-179
7
147
116
-61
-174
-80
115
147
-18
-203
-141
111
199
-12
-209
-156
93
209
53
-196
-259
12
255
170
-64
-175
-165
-12
213
229
-17
-243
-201
101
263
73
-145
-136
14
107
32
-31
-40
-16
-12
9
98
35
-108
-104
40
132
12
-122
-50
83
122
5
-117
-79
65
149
108
-59
-182
-80
56
143
145
-32
-170
-160
63
230
131
-129
-242
-64
196
194
-70
-148
-27
97
101
24
-88
-95
16
162
106
-74
-149
-12
160
149
-69
-180
-35
161
224
39
-221
-216
6
232
236
-39
-291
-261
96
313
172
-171
-288
-53
198
172
-39
-183
-79
95
151
30
-90
-102
-48
73
133
28
-112
-81
65
100
-8
-74
-89
6
80
71
-15
-105
-130
-28
136
193
31
-191
-267
-29
299
289
-105
-355
-151
199
282
35
-214
-192
35
175
63
-100
-103
-23
52
55
10
-54
-118
-56
115
96
-93
-172
0
165
92
-122
-237
-78
217
229
-12
-220
-216
29
230
227
-22
-262
-193
102
264
127
-156
-209
-16
139
136
-35
-164
-40
88
65
34
-39
-82
-34
36
60
3
-61
-22
40
65
44
-37
-78
-26
65
142
60
-139
-196
-49
220
289
-17
-320
-219
154
311
67
-210
-198
61
168
43
-74
-32
53
13
-31
42
37
-36
-38
45
100
32
-94
-75
75
157
12
-158
-91
129
243
66
-244
-243
83
225
134
-59
-206
-139
51
221
109
-123
-203
-29
133
91
-7
-81
-67
24
109
86
-80
-130
-54
92
149
-7
-130
-73
98
146
-10
-151
-146
36
193
99
-108
-197
-105
56
206
159
-84
-236
-176
90
269
127
-127
-236
-72
143
162
33
-125
-116
-15
69
75
25
-101
-133
-7
151
95
-128
-208
-8
196
109
-162
-224
16
217
129
-153
-304
-80
279
254
-25
-241
-223
17
238
246
-2
-276
-236
51
305
175
-103
-217
-97
123
201
-4
-197
-123
98
157
62
-77
-153
-51
91
115
-26
-103
-49
54
113
67
-62
-121
-23
133
159
-4
-174
-154
12
185
209
-12
-253
-173
101
251
96
-140
-192
-20
151
108
-18
-71
-26
12
46
64
-5
-52
-29
52
117
28
-112
-76
119
164
-13
-171
-104
140
255
92
-220
-272
3
232
244
1
-291
-239
43
270
170
-99
-219
-102
123
136
30
-98
-114
-10
145
110
-77
-117
-47
53
116
31
-93
-76
56
98
-10
-83
-73
10
93
45
-70
-108
-95
17
128
119
21
-102
-213
-97
184
293
37
-313
-260
111
321
128
-193
-265
-24
193
130
-70
-172
-86
94
152
-13
-167
-116
29
150
51
-137
-162
33
133
79
-99
-196
-96
153
237
64
-199
-282
-51
278
316
-7
-322
-263
123
322
124
-179
-206
23
167
79
-88
-125
9
60
53
57
-40
-120
-34
71
86
-9
-117
-61
65
165
73
-137
-155
37
167
143
-14
-158
-142
-13
149
225
49
-228
-267
35
296
201
-134
-272
-77
183
157
5
-89
-49
-8
56
98
15
-93
-77
93
160
18
-161
-84
130
188
-10
-180
-95
175
243
15
-236
-165
60
163
143
-5
-171
-195
4
218
185
-89
-233
-96
120
156
38
-138
-121
29
142
109
-53
-138
-92
47
143
75
-73
-109
18
92
45
-43
-134
-49
107
101
7
-119
-154
-52
154
187
32
-159
-258
-45
251
271
-33
-330
-185
167
282
37
-201
-166
21
115
76
-52
-102
-66
44
114
18
-126
-116
6
101
61
-73
-149
-33
129
124
-91
-256
-98
201
257
42
-214
-298
-32
308
290
-52
-313
-204
135
290
81
-178
-157
36
141
64
-81
-142
-14
122
63
-21
-78
-40
28
57
23
-44
-97
-14
81
124
49
-139
-113
28
142
156
12
-170
-174
-11
191
220
-2
-235
-191
69
248
123
-137
-218
-29
164
140
-40
-111
-22
61
50
17
1
-31
-30
32
93
40
-60
-78
65
150
39
-165
-137
107
282
127
-195
-265
-41
169
252
86
-218
-279
-47
270
252
-68
-261
-159
124
198
40
-132
-140
27
167
82
-105
-103
-1
60
59
11
-26
-27
10
24
4
-22
-65
-28
58
62
24
-103
-140
-23
147
139
23
-138
-239
-55
236
260
-38
-299
-158
148
218
36
-152
-146
15
110
76
-53
-77
-36
17
44
24
-64
-104
-21
89
91
-71
-171
-48
143
148
-71
-282
-128
191
261
51
-189
-261
-47
243
251
12
-241
-219
70
247
126
-110
-177
-6
130
65
-83
-85
5
35
7
62
41
-60
-116
-22
126
83
-88
-144
-2
201
138
-145
-203
17
233
169
-76
-222
-104
103
141
99
-8
-130
-128
-2
146
170
-37
-182
-122
87
157
62
-73
-75
-12
46
82
37
-47
-87
25
163
79
-120
-125
73
221
34
-178
-152
101
267
120
-202
-247
-10
194
204
26
-197
-233
-25
216
214
-49
-248
-161
100
221
78
-142
-183
-8
164
145
-39
-148
-148
60
226
97
-161
-191
43
204
95
-134
-214
-45
205
154
-81
-199
-103
53
146
88
8
-100
-205
-103
183
275
43
-253
-246
57
255
151
-99
-228
-122
130
193
21
-132
-158
-13
132
104
-73
-190
-80
172
163
-91
-250
-52
186
170
-74
-269
-179
161
303
104
-194
-297
-81
235
289
47
-245
-246
33
263
165
-103
-179
-51
95
113
-23
-117
-52
40
74
85
-1
-123
-77
45
131
18
-134
-103
74
167
76
-131
-147
46
155
113
-35
-140
-65
23
44
131
86
-77
-192
-97
157
230
6
-199
-163
58
171
79
-71
-102
18
92
71
-34
-68
-26
78
101
11
-102
-69
70
144
37
-112
-112
52
197
162
-107
-264
-104
145
258
115
-199
-304
-73
261
273
-44
-306
-184
169
242
11
-203
-125
92
182
47
-143
-88
8
60
81
-18
-61
-23
56
64
-13
-86
-57
9
59
60
-11
-76
-126
-70
112
219
9
-186
-185
-9
185
192
0
-198
-174
34
189
154
-79
-229
-96
141
157
-13
-157
-121
51
118
65
-84
-151
-54
105
108
-45
-172
-68
124
148
-51
-237
-150
138
247
63
-131
-229
-123
148
308
135
-218
-320
-14
296
210
-119
-241
-36
166
139
-71
-156
-36
72
44
29
5
-52
-51
7
26
30
9
-36
-41
54
92
5
-69
-80
14
142
135
-77
-216
-81
124
239
96
-190
-268
-27
265
220
-69
-251
-111
115
167
37
-73
-51
-13
24
71
49
-18
-74
-12
122
99
-37
-120
-19
132
103
-60
-143
-16
188
235
-58
-309
-166
161
328
129
-228
-337
-83
267
286
-41
-281
-184
146
242
34
-166
-131
51
139
67
-62
-62
-59
-20
82
113
-8
-100
-62
73
79
1
-110
-129
69
141
43
-123
-174
-43
137
186
33
-161
-220
-55
198
234
7
-259
-183
77
236
106
-136
-190
-47
131
130
-41
-131
-91
29
118
55
-82
-171
-57
150
144
-75
-251
-103
215
246
-78
-371
-219
237
377
50
-276
-288
19
267
223
-29
-206
-193
27
231
131
-98
-137
-8
81
46
-33
-60
-24
14
33
62
16
-83
-81
34
98
27
-112
-75
74
115
60
-63
-96
-42
61
154
119
-114
-233
-109
159
321
102
-240
-305
-25
297
228
-82
-256
-120
141
184
19
-105
-61
33
63
50
-6
-51
-37
41
108
71
-79
-117
22
171
109
-112
-158
25
256
175
-149
-308
-47
216
217
34
-167
-204
-65
128
199
49
-142
-171
-14
134
105
-36
-130
-57
101
125
10
-83
-142
-26
153
130
-55
-165
-10
127
80
-84
-145
-39
122
108
-26
-150
-125
22
144
101
-21
-77
-118
-89
88
208
86
-144
-241
-52
210
221
-49
-232
-124
104
164
12
-139
-111
29
101
57
-71
-162
-72
139
156
-76
-227
-76
182
188
-80
-297
-164
179
283
73
-168
-259
-85
192
249
85
-183
-214
-11
174
139
-20
-113
-61
25
95
32
-93
-73
54
62
12
-9
-37
-31
25
26
-18
-60
-18
64
74
37
-53
-83
-17
71
131
71
-107
-185
-59
132
241
85
-195
-253
-34
250
234
-76
-273
-112
151
185
20
-106
-70
16
93
85
-38
-106
-22
82
104
34
-73
-86
56
132
37
-75
-118
8
174
194
-56
-258
-129
99
214
166
-101
-285
-170
181
328
58
-292
-271
82
257
123
-139
-200
-5
173
126
-68
-134
-52
34
95
74
-15
-112
-55
76
87
26
-146
-128
63
167
68
-126
-186
-81
143
214
43
-127
-218
-126
134
299
116
-218
-313
-19
307
228
-114
-272
-112
148
197
-22
-169
-115
62
130
49
-108
-138
-43
112
105
-52
-173
-57
82
154
16
-195
-225
55
271
184
-100
-337
-170
202
352
97
-252
-303
23
308
207
-138
-255
-33
192
112
-87
-148
-38
101
71
-2
-40
-66
0
57
35
-28
-65
-26
30
95
70
-43
-127
-39
93
157
63
-113
-180
-64
125
222
88
-150
-255
-68
241
249
-59
-274
-123
169
196
-25
-139
-20
84
53
-23
-26
35
12
-2
-4
52
20
-41
-35
92
100
-42
-150
-29
201
219
-62
-294
-132
142
255
115
-186
-282
-57
217
216
-32
-191
-144
69
131
59
-62
-118
-19
106
124
-40
-128
-69
44
108
37
-57
-80
32
102
40
-83
-124
-28
128
97
-31
-147
-115
11
122
111
19
-73
-159
-116
84
246
146
-167
-296
-53
244
229
-84
-248
-111
130
164
-10
-129
-109
7
113
83
-74
-160
-66
108
140
-39
-194
-96
107
158
9
-228
-209
93
278
148
-145
-287
-116
187
275
100
-169
-276
-54
225
242
-32
-229
-88
129
131
-45
-144
-33
101
41
-8
-5
-22
-17
-38
3
49
26
-64
-54
63
129
11
-111
-81
49
157
91
-106
-149
-50
82
187
120
-127
-260
-68
196
203
0
-159
-136
28
143
93
-7
-77
-74
25
132
71
-86
-140
30
189
127
-111
-185
32
221
119
-153
-206
46
261
181
-80
-263
-144
96
259
164
-133
-312
-149
184
322
76
-244
-273
2
270
160
-95
-218
-63
150
189
-30
-160
-111
24
130
93
-41
-114
-34
70
106
1
-129
-130
67
151
46
-138
-185
-42
175
185
-3
-158
-195
-61
149
230
87
-184
-252
-36
204
204
-36
-214
-146
86
172
36
-114
-151
-25
143
107
-86
-206
-65
140
163
-62
-249
-97
183
200
-20
-288
-222
132
316
130
-162
-284
-113
188
259
70
-190
-216
-31
214
199
-24
-165
-93
51
103
44
-94
-90
20
51
80
30
-95
-107
30
157
30
-172
-130
84
223
98
-176
-190
22
196
158
-13
-172
-150
39
134
110
55
-83
-164
-84
99
212
63
-172
-183
28
169
107
-45
-122
-40
70
126
45
-108
-100
58
173
67
-95
-131
34
193
98
-132
-168
10
215
208
-59
-249
-156
79
234
182
-92
-294
-165
138
274
100
-174
-255
-17
185
149
-39
-145
-84
67
153
37
-77
-122
-53
128
108
-35
-115
-18
95
63
-45
-117
-50
104
94
-38
-126
-63
6
62
61
46
10
-142
-186
53
257
158
-153
-269
-37
213
168
-67
-183
-63
92
84
-38
-63
-40
0
20
30
-4
-70
-92
36
114
15
-152
-113
68
158
39
-173
-215
13
244
162
-53
-221
-187
52
259
191
-94
-262
-117
162
258
21
-201
-136
54
145
47
-113
-108
44
74
38
-1
-44
-51
-37
42
81
-52
-90
-12
102
127
-29
-141
-75
90
171
75
-100
-187
-84
85
222
179
-120
-323
-105
218
278
-5
-240
-159
105
186
28
-92
-77
45
65
36
-14
-30
-30
23
79
82
-27
-114
-12
148
132
-47
-182
-67
179
256
16
-271
-217
46
278
249
-93
-371
-214
214
375
74
-310
-310
70
318
146
-194
-243
55
242
83
-146
-129
9
66
61
14
-33
-39
-14
23
76
19
-77
-142
-12
171
125
-92
-257
-128
153
303
66
-227
-242
-42
193
229
15
-179
-183
1
130
151
9
-135
-145
-34
109
138
7
-165
-142
46
189
90
-183
-241
24
244
100
-218
-208
70
233
76
-215
-271
23
282
179
-67
-233
-191
56
271
215
-84
-314
-166
201
298
17
-233
-128
99
144
10
-120
-80
18
55
93
33
-104
-100
32
106
19
-107
-59
46
128
84
-85
-153
-6
131
163
31
-143
-166
1
132
124
66
-72
-157
-96
76
180
109
-102
-213
-43
155
157
7
-133
-90
64
161
60
-113
-127
43
178
109
-100
-173
10
189
151
-85
-191
-38
178
222
25
-248
-235
78
275
181
-125
-295
-133
165
224
73
-155
-182
-35
142
100
-30
-79
-56
18
80
64
-22
-106
-94
58
153
53
-97
-122
22
121
51
-78
-169
-8
171
105
-103
-208
-107
111
224
83
-119
-186
-119
61
198
161
-60
-226
-152
100
233
88
-168
-208
7
148
94
-45
-148
-77
66
152
22
-177
-161
48
191
58
-207
-214
95
265
74
-262
-281
56
318
179
-134
-270
-156
125
275
154
-125
-278
-108
191
245
14
-187
-111
43
121
45
-62
-100
-10
44
74
85
-61
-151
-29
106
100
-52
-133
-42
150
184
-41
-201
-95
136
207
65
-147
-149
-25
67
137
138
-39
-216
-160
119
265
73
-192
-211
39
198
102
-86
-105
6
83
68
-2
-61
-44
32
99
62
-33
-99
-13
141
111
-81
-159
-16
187
205
-15
-239
-181
83
231
173
-70
-279
-188
132
274
89
-191
-216
15
194
84
-87
-120
-16
83
119
7
-101
-100
7
106
65
-45
-81
14
73
42
-36
-76
-63
52
77
29
-69
-117
-66
45
168
96
-57
-184
-170
60
266
152
-124
-267
-105
162
231
31
-181
-184
16
167
84
-79
-141
-56
65
116
18
-143
-138
27
139
68
-118
-176
7
201
119
-199
-289
-10
270
215
-56
-262
-222
86
281
199
-108
-272
-103
169
229
14
-181
-114
61
114
25
-100
-83
46
72
13
-11
-31
2
-32
-26
38
30
-16
-32
-19
73
82
-41
-102
-41
121
175
8
-199
-175
24
247
223
-80
-303
-164
181
280
45
-204
-205
45
191
95
-50
-108
-38
53
104
56
-64
-107
25
147
97
-65
-126
-35
147
166
-32
-207
-93
201
300
27
-308
-237
85
269
213
-66
-307
-191
105
294
122
-170
-250
-51
181
169
-25
-167
-88
109
166
-9
-149
-48
34
50
67
13
-42
-55
10
60
28
-52
-95
-14
77
98
-2
-157
-180
23
245
164
-83
-252
-162
95
250
152
-122
-258
-94
143
204
34
-162
-141
6
121
77
-50
-130
-62
56
98
15
-127
-121
34
128
54
-137
-136
32
146
71
-155
-229
-41
217
232
0
-267
-273
59
344
238
-115
-361
-138
231
273
-7
-229
-121
121
147
-17
-131
-66
71
61
13
5
-46
-63
-4
49
56
-28
-94
-8
97
108
-16
-134
-64
71
178
107
-91
-195
-89
98
207
126
-117
-242
-72
146
220
27
-191
-161
57
177
47
-85
-36
33
24
7
36
20
-41
-51
39
119
59
-100
-98
96
199
1
-213
-105
180
280
38
-255
-249
39
279
216
-68
-324
-186
129
282
109
-174
-223
-29
156
120
-22
-127
-95
57
169
48
-112
-108
-16
64
101
30
-55
-75
-3
75
52
-81
-125
2
133
69
-78
-173
-78
111
174
48
-91
-156
-123
25
221
171
-93
-282
-108
169
214
19
-157
-155
-17
123
107
-15
-153
-105
68
158
36
-180
-170
61
203
43
-201
-202
77
234
64
-184
-234
-31
212
223
6
-245
-263
26
290
267
-54
-307
-191
154
283
90
-180
-187
13
142
82
-53
-129
-34
92
108
35
-127
-105
39
94
22
-76
-50
24
65
70
-15
-54
-41
16
78
101
16
-101
-170
-43
200
262
-17
-306
-227
128
330
132
-214
-267
7
233
157
-82
-160
-9
105
63
-24
-34
-21
0
53
87
49
-96
-85
74
152
36
-154
-123
123
256
87
-229
-239
8
222
251
-30
-276
-237
69
283
162
-165
-256
-35
185
132
-51
-158
-57
120
151
-19
-127
-88
-15
109
107
-22
-100
-30
62
57
5
-73
-111
38
132
43
-83
-124
-75
45
131
88
-33
-150
-167
22
246
213
-96
-325
-157
213
328
19
-279
-212
71
202
77
-100
-151
-42
93
106