#4
119
177
222
172
-3
-104
92
349
345
47
-223
-100
389
449
55
-252
-98
325
407
124
-161
-93
197
340
187
-21
-100
51
261
305
93
-83
-69
107
285
268
73
-68
-98
76
336
342
49
-182
-128
213
464
258
-145
-227
100
398
317
0
-157
17
275
303
74
-114
19
212
239
60
-63
46
216
199
42
-58
33
169
175
91
23
26
54
31
42
210
211
-31
-183
3
301
304
11
-215
-53
264
290
53
-166
-43
215
273
98
-104
-35
160
204
93
-12
5
48
105
203
155
-24
-124
27
224
286
104
-180
-195
132
414
277
-61
-248
-103
231
386
184
-146
-220
33
250
239
33
-102
-20
87
142
114
45
-1
-12
54
124
130
63
-4
12
103
132
73
-9
-9
146
232
67
-127
-64
183
311
191
-101
-200
39
329
318
22
-235
-90
267
338
98
-128
-137
74
318
206
-59
-137
27
177
187
61
-36
-18
96
131
117
62
-35
-32
110
223
165
-27
-174
-89
244
407
132
-240
-280
83
447
329
-80
-287
-118
255
386
142
-160
-165
75
278
220
11
-121
-28
192
229
59
-88
-27
108
180
104
-38
-65
93
218
86
-95
-82
73
208
162
-30
-147
-18
109
107
127
54
-62
-116
18
202
162
-25
-104
5
106
149
83
-77
-103
55
210
161
-30
-124
-10
170
182
14
-116
-79
119
282
133
-164
-210
84
300
174
-39
-147
-96
115
236
149
10
-139
-133
41
257
273
-26
-294
-145
234
338
47
-231
-155
143
240
69
-106
-116
46
147
105
-6
-57
17
131
85
-20
-54
46
102
110
84
-40
-97
7
188
231
87
-135
-160
62
248
255
28
-193
-146
158
302
130
-100
-183
-8
264
247
-6
-209
-107
139
267
111
-131
-128
53
168
144
29
-120
-96
122
262
125
-121
-199
-52
271
345
37
-282
-230
99
359
273
-85
-287
-132
201
332
135
-152
-182
31
215
199
25
-122
-79
117
228
100
-106
-88
77
169
91
-53
-99
38
152
118
-49
-103
6
136
130
19
-115
-71
30
88
109
53
-49
-118
-26
136
137
2
-85
-57
8
121
153
-34
-159
-27
182
213
-30
-201
-39
168
176
12
-127
-83
85
236
144
-144
-227
30
236
161
17
-135
-190
31
244
214
8
-206
-153
74
237
196
-52
-241
-115
120
252
106
-161
-190
16
223
131
-98
-173
-4
160
140
-44
-137
-15
134
161
-31
-142
-40
118
149
75
-67
-112
-27
152
214
112
-77
-202
-51
214
283
68
-215
-197
112
283
122
-91
-160
-61
173
245
35
-190
-152
87
248
132
-121
-174
-16
180
197
19
-170
-143
118
256
83
-118
-166
-59
156
288
114
-227
-257
19
285
289
-36
-294
-176
156
349
164
-179
-253
-19
256
249
-14
-198
-73
163
195
37
-115
-63
74
131
44
-55
-57
44
135
56
-62
-83
-4
109
115
4
-114
-83
12
66
98
71
-69
-145
-47
137
185
3
-166
-102
71
171
69
-138
-144
53
206
114
-99
-153
-13
139
130
2
-95
-114
5
231
212
-111
-312
-82
271
293
31
-274
-242
85
285
177
-47
-206
-169
63
258
204
-73
-309
-155
173
302
54
-213
-214
14
245
150
-128
-239
-38
202
163
-44
-160
-65
104
154
13
-135
-98
77
160
105
-64
-148
-43
151
193
85
-96
-191
-55
186
265
73
-201
-211
58
297
181
-106
-216
-93
189
263
19
-195
-165
56
236
137
-127
-187
2
183
139
-28
-155
-82
126
196
46
-110
-119
-41
107
208
93
-137
-193
-57
186
296
44
-234
-219
59
286
190
-64
-222
-98
152
236
79
-129
-135
35
170
122
-44
-118
-36
115
136
3
-115
-16
110
84
-48
-91
-12
93
100
10
-87
-92
-54
44
153
91
-88
-210
-95
178
213
-43
-204
-99
114
177
37
-175
-133
75
159
82
-66
-134
-39
101
139
23
-119
-138
13
222
179
-141
-281
-34
231
215
2
-210
-205
41
246
185
-33
-237
-199
94
246
147
-68
-224
-172
66
247
124
-151
-229
-49
160
189
-47
-222
-95
141
194
-17
-209
-98
137
164
-22
-142
-79
75
125
101
-32
-154
-85
137
235
79
-136
-207
-4
207
197
26
-139
-158
37
185
125
-9
-107
-119
71
209
94
-134
-204
-2
228
193
-89
-237
-73
187
221
-10
-214
-139
125
242
62
-117
-173
-93
141
294
101
-217
-268
-39
267
293
-11
-265
-233
78
326
212
-129
-279
-88
228
261
8
-203
-121
112
191
64
-88
-106
14
128
104
-58
-122
-6
136
97
-84
-107
-5
86
89
11
-113
-122
-2
67
120
44
-106
-146
-58
94
176
27
-166
-168
50
208
112
-150
-210
12
211
138
-108
-177
-27
149
116
-16
-99
-139
13
201
159
-79
-272
-93
173
246
74
-232
-270
14
288
236
-70
-276
-195
84
255
170
-80
-233
-173
60
240
149
-143
-263
-84
213
177
-74
-235
-79
170
149
-60
-156
-39
128
102
-72
-141
-6
127
92
12
-78
-86
-9
102
149
76
-81
-184
-52
172
230
72
-171
-222
-12
265
224
-47
-241
-187
168
317
60
-225
-237
48
258
143
-116
-185
-42
114
150
52
-130
-176
24
219
150
-71
-214
-138
134
317
112
-247
-288
-33
253
322
11
-302
-260
84
330
240
-142
-315
-90
228
276
16
-219
-113
105
185
61
-94
-117
10
133
77
-57
-97
17
113
56
-78
-69
0
57
81
-2
-99
-83
-1
28
81
64
-60
-157
-89
83
164
30
-124
-125
3
100
107
-35
-154
-48
103
162
-9
-146
-100
68
142
42
-87
-156
-51
212
240
-100
-331
-123
208
284
52
-245
-255
42
240
147
-23
-135
-184
-35
193
241
-13
-309
-204
133
276
79
-209
-226
15
195
101
-119
-161
-24
90
105
-16
-142
-64
82
123
2
-134
-94
72
144
55
-66
-140
-40
125
178
85
-93
-211
-66
190
245
58
-196
-197
45
216
141
-63
-146
-100
113
221
33
-188
-191
54
241
118
-127
-183
-40
144
151
16
-134
-146
24
206
137
-86
-210
-145
120
302
139
-203
-323
-100
323
382
-53
-405
-235
215
371
98
-245
-222
34
205
177
-20
-151
-78
82
154
68
-92
-119
22
128
89
-47
-120
-24
112
103
-34
-93
-51
29
97
62
-68
-134
-74
0
155
159
-86
-265
-118
173
270
-32
-282
-149
143
226
35
-185
-164
37
172
89
-84
-117
-12
64
66
19
-44
-96
-58
141
178
-42
-268
-136
167
289
85
-254
-307
14
314
230
-95
-258
-173
58
219
164
-45
-243
-171
85
233
90
-148
-232
-47
170
140
-55
-202
-96
112
150
-13
-146
-94
86
134
-14
-150
-88
66
156
75
-86
-158
-41
118
163
118
-51
-207
-109
109
264
150
-182
-289
-26
294
235
-65
-247
-153
156
263
48
-156
-169
-8
153
121
-23
-154
-77
94
146
43
-116
-127
18
155
125
-49
-157
-147
73
289
135
-177
-252
-86
185
295
67
-252
-269
50
305
207
-100
-259
-106
176
238
45
-166
-139
56
187
85
-92
-129
10
137
120
-63
-151
0
150
98
-80
-142
-28
111
89
6
-105
-97
-27
16
105
76
-48
-166
-117
101
168
26
-172
-145
42
154
110
-117
-236
-24
206
187
-47
-227
-112
122
202
39
-174
-197
-7
245
221
-117
-334
-118
231
271
32
-211
-245
-26
209
201
25
-180
-233
-38
197
246
28
-263
-270
42
293
167
-173
-291
-63
217
175
-82
-226
-108
117
178
-11
-151
-100
42
136
48
-122
-119
21
129
116
-55
-157
-83
119
217
94
-119
-221
-55
206
245
51
-214
-222
71
257
130
-87
-164
-83
92
179
71
-122
-166
-4
170
144
-51
-210
-92
131
210
19
-177
-158
95
214
79
-107
-181
-115
99
296
129
-183
-289
-105
240
349
43
-315
-277
80
328
212
-131
-280
-93
197
255
26
-201
-153
103
244
57
-147
-113
67
139
28
-92
-95
36
125
31
-63
-49
-24
-6
56
70
-22
-121
-113
-16
166
142
-81
-224
-122
110
215
39
-196
-185
28
173
127
-95
-228
-46
169
161
-66
-190
-56
108
113
4
-67
-121
-63
128
222
6
-284
-213
144
278
117
-171
-290
-56
208
213
42
-184
-234
-42
205
227
-11
-236
-223
41
241
140
-116
-237
-98
137
173
-39
-175
-83
92
103
-39
-114
-52
69
115
-3
-139
-72
76
94
66
-22
-127
-84
70
183
132
-52
-212
-138
121
307
132
-188
-286
-10
281
213
-77
-201
-109
98
201
78
-126
-176
-15
141
136
-17
-146
-94
62
124
93
-76
-149
-38
130
175
-3
-169
-170
4
269
221
-118
-309
-153
191
346
85
-249
-288
-1
298
271
-86
-300
-151
180
299
79
-208
-183
75
229
96
-138
-143
42
136
94
-58
-143
3
142
72
-67
-100
-25
48
80
33
-73
-104
-76
-18
150
159
-59
-248
-169
128
250
53
-236
-221
69
221
116
-148
-230
-9
173
147
-28
-174
-95
89
132
38
-96
-159
-59
161
207
-21
-243
-180
121
266
124
-192
-295
-56
261
245
-27
-219
-196
12
176
186
22
-211
-244
4
244
187
-117
-269
-142
152
227
3
-225
-161
91
202
40
-167
-143
49
164
44
-144
-114
27
119
93
-27
-141
-98
102
210
92
-75
-187
-101
146
228
94
-116
-213
-66
161
221
48
-139
-209
-43
233
240
-75
-279
-157
175
309
32
-272
-218
114
278
97
-206
-251
49
277
160
-135
-243
-103
120
264
124
-199
-257
-46
208
267
42
-241
-239
38
255
179
-62
-221
-126
124
242
79
-134
-175
18
226
120
-133
-154
26
157
100
-62
-131
-22
125
99
-21
-131
-117
71
182
69
-166
-199
-18
95
136
65
-113
-197
-78
113
170
5
-192
-117
66
125
55
-93
-142
-13
103
125
-12
-147
-100
84
146
14
-100
-117
-43
133
196
-15
-244
-169
102
218
141
-96
-293
-116
195
277
51
-178
-250
-74
188
258
45
-273
-268
62
291
140
-173
-256
-61
181
167
-59
-211
-107
123
163
-8
-161
-108
75
167
-2
-160
-92
75
110
58
-27
-122
-109
81
207
117
-55
-194
-119
86
217
168
-74
-269
-122
196
287
30
-225
-242
72
333
161
-204
-283
-43
251
218
-67
-262
-85
143
176
28
-141
-147
25
160
131
-27
-141
-169
-9
271
227
-135
-316
-143
185
334
99
-245
-312
-13
317
266
-66
-331
-158
208
314
44
-221
-171
102
215
66
-96
-145
-3
138
115
-47
-161
-22
149
114
-92
-138
-7
86
97
-6
-112
-108
-7
37
69
70
-17
-155
-144
48
227
71
-194
-201
41
199
104
-128
-190
-2
146
82
-55
-85
-9
38
12
-12
19
-35
-98
33
194
80
-195
-212
42
239
179
-127
-279
-138
179
295
49
-201
-217
-35
163
199
47
-193
-240
-28
222
199
-91
-281
-147
169
261
-25
-279
-168
137
248
-11
-249
-119
145
186
-42
-180
-69
87
111
32
-53
-74
-30
34
111
106
33
-165
-182
63
288
196
-147
-317
-35
268
226
-51
-210
-135
102
243
74
-176
-185
21
172
140
-63
-181
-69
96
160
64
-113
-165
1
180
125
-42
-149
-124
15
239
189
-94
-275
-170
141
333
116
-218
-263
-25
239
218
-26
-201
-134
91
225
103
-113
-147
-15
155
123
-27
-122
-35
98
94
-13
-95
-36
74
85
-26
-80
-48
9
67
77
-31
-135
-104
-6
122
139
-22
-216
-144
82
191
28
-150
-131
23
120
71
-62
-147
-41
79
110
26
-75
-118
-32
114
123
-22
-154
-159
100
290
72
-286
-265
79
307
196
-172
-358
-113
247
286
12
-199
-223
-56
175
221
42
-205
-244
-13
242
183
-118
-281
-120
157
225
-9
-217
-172
76
181
43
-125
-155
31
149
50
-126
-129
27
132
102
-10
-148
-130
73
221
145
-59
-239
-125
148
245
103
-144
-220
-13
203
163
6
-121
-148
-15
187
148
-47
-190
-112
128
202
31
-142
-149
16
157
136
-56
-203
-80
166
202
-8
-174
-190
5
263
223
-70
-291
-218
110
362
189
-214
-350
-40
291
281
-33
-267
-169
114
268
120
-125
-200
-6
167
135
-27
-134
-63
103
139
-10
-151
-55
98
121
-12
-104
-87
38
130
58
-125
-128
-34
21
82
109
-2
-171
-168
44
208
95
-154
-199
4
165
99
-94
-186
-19
138
126
-14
-157
-109
81
160
40
-117
-155
-49
157
223
-24
-258
-174
107
238
130
-111
-266
-133
180
286
60
-179
-263
-74
199
255
43
-244
-256
3
244
198
-117
-289
-102
196
205
-82
-251
-92
140
176
-21
-176
-127
71
181
45
-172
-146
48
160
85
-46
-130
-77
69
138
94
12
-139
-154
46
224
202
-58
-293
-157
197
322
83
-231
-285
5
342
238
-164
-357
-104
294
283
-80
-303
-112
156
191
39
-100
-177
-51
145
188
53
-147
-255
-63
275
314
-27
-357
-307
135
468
214
-306
-422
-49
366
344
-53
-355
-202
167
287
121
-160
-192
5
194
159
-52
-178
-64
128
141
-29
-121
-40
86
104
-29
-75
-67
1
83
82
-20
-135
-136
-12
140
181
-40
-241
-170
85
262
60
-207
-175
55
131
75
-24
-144
-102
47
141
96
-70
-165
-36
123
119
-17
-144
-137
80
247
92
-200
-275
36
248
165
-56
-267
-168
119
273
143
-126
-301
-149
171
333
102
-270
-339
3
304
215
-150
-307
-83
202
181
-85
-195
-80
96
110
-25
-96
-66
23
84
48
-55
-99
-27
58
104
61
-96
-170
-16
193
211
33
-247
-234
83
325
209
-148
-316
-69
246
221
-47
-163
-105
46
174
74
-82
-114
-49
69
115
28
-97
-101
13
112
106
-15
-169
-100
127
201
32
-165
-224
-21
288
278
-91
-374
-222
213
406
106
-268
-330
-28
297
281
-32
-275
-180
131
290
110
-197
-208
52
221
152
-97
-193
-25
152
144
-24
-168
-97
142
184
-23
-192
-97
109
139
14
-114
-103
-35
-36
79
167
18
-206
-228
56
281
110
-191
-230
20
175
125
-57
-219
-103
135
193
36
-163
-180
14
179
140
-58
-211
-140
115
304
95
-273
-307
33
297
225
-92
-310
-180
148
263
109
-119
-244
-121
141
264
92
-202
-307
-48
275
215
-97
-294
-128
128
204
14
-166
-184
4
162
116
-96
-171
-47
142
146
-76
-202
-48
116
152
50
-146
-169
25
200
174
3
-205
-198
68
275
198
-102
-288
-112
226
262
0
-177
-155
20
172
161
-39
-217
-128
105
235
81
-190
-189
28
196
129
-70
-187
-75
135
182
40
-115
-224
-59
236
274
-18
-279
-231
76
341
217
-178
-353
-108
258
330
16
-266
-225
78
306
173
-121
-243
-74
219
259
-57
-248
-101
175
206
-9
-212
-99
162
182
-44
-188
-63
90
133
42
-114
-148
-14
61
53
28
4
-114
-158
-26
175
161
-80
-218
-99
118
199
-4
-227
-138
104
217
55
-169
-192
26
198
98
-75
-163
-107
103
247
79
-235
-288
34
281
202
-58
-304
-217
138
323
164
-178
-358
-128
235
335
54
-286
-307
-25
265
237
-99
-297
-139
166
225
-26
-220
-166
73
197
50
-162
-150
36
167
54
-145
-135
39
138
72
-23
-103
-97
30
167
133
6
-153
-153
4
209
240
-3
-270
-193
126
302
117
-166
-228
-37
247
211
-103
-269
-84
206
209
-42
-206
-108
105
186
53
-116
-153
-8
148
132
-18
-130
-125
-26
182
240
-21
-287
-191
69
293
194
-135
-313
-120
218
310
49
-233
-210
56
249
157
-88
-208
-29
182
145
-36
-140
-52
101
104
-8
-94
-53
88
108
-2
-107
-72
25
74
62
-8
-114
-129
-43
132
191
-12
-231
-198
59
235
101
-163
-206
2
177
139
-93
-237
-67
160
166
27
-151
-153
9
140
113
-37
-148
-108
54
195
111
-175
-256
0
242
206
-73
-300
-143
156
243
65
-118
-226
-112
146
267
91
-240
-315
2
263
173
-110
-250
-96
126
173
5
-188
-164
58
167
55
-134
-142
36
144
56
-100
-120
-10
96
98
19
-89
-147
-22
178
208
45
-206
-242
32
314
249
-111
-333
-126
220
294
11
-196
-158
30
201
143
-77
-182
-95
90
181
69
-123
-152
-1
140
133
-24
-185
-117
106
227
79
-161
-234
-80
251
310
4
-334
-275
79
380
255
-158
-393
-163
246
370
84
-285
-300
67
338
219
-137
-298
-82
219
274
-13
-257
-128
151
226
11
-203
-133
126
202
-3
-190
-98
55
134
76
-68
-140
-80
3
82
142
27
-161
-208
-15
215
153
-120
-220
-49
123
153
-17
-177
-114
87
176
38
-136
-138
9
167
97
-61
-165
-141
88
290
102
-253
-293
23
287
223
-89
-335
-190
156
314
119
-155
-237
-99
116
204
92
-136
-229
-89
129
197
19
-178
-175
18
160
69
-97
-154
-25
113
102
-63
-152
-62
125
121
-40
-125
-66
76
136
52
-119
-172
11
203
168
1
-188
-160
61
227
167
-61
-231
-123
168
268
44
-177
-194
-10
240
185
-76
-254
-125
175
245
-16
-223
-121
104
163
57
-68
-158
-66
110
186
36
-158
-184
-15
222
252
-52
-304
-208
102
338
191
-172
-336
-100
236
287
23
-234
-191
95
243
112
-88
-156
-14
141
113
-24
-107
-48
63
84
25
-58
-70
47
89
20
-88
-79
0
69
90
-13
-128
-96
-27
72
157
23
-163
-201
9
206
145
-106
-254
-62
165
158
-37
-187
-119
73
183
72
-122
-147
2
119
79
-17
-96
-136
-6
210
172
-149
-295
-47
220
281
-24
-317
-227
134
302
108
-119
-224
-124
92
228
134
-121
-282
-112
161
222
30
-212
-205
18
212
89
-163
-177
36
152
54
-116
-129
11
141
72
-99
-135
-10
135
106
-11
-107
-120
-7
161
146
47
-128
-206
-16
222
253
4
-286
-201
163
293
94
-175
-221
-23
237
198
-106
-253
-83
181
207
-19
-190
-103
68
136
64
-70
-107
-31
66
103
42
-43
-159
-135
162
316
73
-283
-331
1
381
312
-129
-399
-217
242
425
93
-321
-303
86
350
202
-185
-279
-7
257
187
-60
-216
-74
149
184
-17
-169
-100
96
184
19
-150
-95
4
105
104
-33
-148
-105
17
61
91
49
-104
-180
-61
164
164
-41
-221
-131
117
202
15
-191
-163
80
203
77
-160
-173
19
161
86
-77
-127
-92
52
218
108
-174
-277
-24
244
231
-41
-298
-196
127
274
104
-121
-211
-129
105
211
126
-118
-272
-120
162
243
4
-240
-175
81
201
20
-148
-138
16
123
46
-80
-127
-14
104
68
-72
-89
5
65
51
32
-41
-114
-47
120
195
93
-162
-238
-31
261
253
-27
-276
-182
168
309
67
-198
-185
8
220
141
-91
-169
-72
102
156
17
-110
-83
4
67
78
43
-116
-140
58
194
123
-106
-240
-131
218
334
27
-301
-300
48
379
273
-170
-387
-143
241
351
57
-256
-235
57
288
156
-111
-201
-21
153
143
15
-145
-102
80
149
41
-122
-122
85
172
14
-157
-109
43
134
86
-85
-161
-65
34
66
73
17
-91
-159
-60
143
150
-34
-186
-101
80
138
42
-138
-170
47
165
95
-82
-164
-29
97
98
-3
-102
-96
9
166
132
-141
-248
-34
203
223
-8
-282
-209
98
268
116
-102
-222
-118
111
209
101
-135
-264
-118
181
254
22
-242
-210
43
202
81
-138
-183
-26
128
128
-42
-172
-74
121
127
-51
-165
-57
107
143
40
-119
-166
-5
194
185
35
-172
-208
5
249
217
-7
-269
-202
155
316
86
-175
-217
-30
206
183
-35
-193
-140
51
213
127
-111
-199
-34
136
148
13
-173
-178
80
268
132
-153
-275
-126
253
346
21
-332
-304
69
397
240
-178
-367
-122
238
298
40
-198
-192
4
199
185
-19
-180
-94
118
194
30
-158
-117
80
171
33
-128
-91
44
112
37
-62
-71
-41
49
116
23
-116
-113
-45
51
131
59
-105
-215
-80
176
209
-40
-243
-147
90
206
81
-188
-218
24
246
173
-145
-259
-48
201
187
-58
-229
-145
111
278
73
-232
-251
56
247
122
-48
-183
-153
57
186
140
-9
-206
-204
50
243
188
-87
-323
-178
154
306
64
-260
-262
61
274
88
-195
-230
6
223
114
-126
-199
-20
171
128
-93
-193
-27
135
143
26
-124
-171
-32
162
244
86
-209
-263
11
293
261
-73
-288
-180
135
320
111
-192
-213
-45
219
236
-60
-235
-156
86
247
119
-151
-251
-33
226
208
-55
-241
-158
128
250
74
-134
-218
-109
177
311
58
-268
-318
-11
362
318
-114
-378
-204
201
365
122
-236
-292
13
290
191
-92
-197
-47
155
169
5
-151
-114
67
165
63
-119
-138
65
171
37
-156
-136
56
142
92
-64
-191
-83
60
76
53
18
-81
-150
-80
135
197
-44
-233
-120
113
172
53
-180
-180
37
177
147
-77
-197
-77
151
164
-10
-164
-170
19
268
184
-173
-349
-81
275
284
6
-296
-271
83
305
202
-69
-280
-214
95
303
191
-182
-360
-113
266
253
-71
-270
-133
140
185
-6
-182
-130
51
116
57
-58
-124
-41
103
105
-69
-163
-32
108
124
54
-77
-168
-60
143
196
92
-130
-255
-51
234
282
22
-270
-234
108
296
122
-158
-211
-48
177
217
-25
-217
-140
81
196
79
-117
-155
-16
129
125
-5
-146
-124
60
203
100
-106
-217
-123
164
322
72
-277
-290
-9
338
287
-103
-350
-169
182
302
101
-186
-245
-3
242
201
-67
-196
-50
124
160
16
-106
-95
20
135
81
-47
-120
-46
112
135
-50
-156
-51
95
143
4
-136
-133
-59
77
187
64
-168
-240
-28
200
159
-78
-211
-91
91
161
45
-164
-157
51
159
90
-77
-148
-55
106
118
20
-118
-167
-20
216
164
-105
-241
-80
139
206
79
-195
-254
-22
235
232
15
-250
-227
13
225
217
-44
-297
-236
114
316
102
-232
-284
27
232
93
-163
-181
16
143
71
-98
-125
-9
90
88
-44
-136
-58
78
130
49
-85
-159
-44
178
216
34
-179
-201
14
233
206
-44
-197
-131
76
198
101
-71
-139
-97
71
216
100
-129
-245
-44
241
224
-95
-281
-103
195
260
-10
-260
-178
135
275
98
-168
-240
-92
192
313
38
-284
-241
4
262
262
-41
-276
-202
112
310
155
-150
-253
-67
200
242
4
-186
-124
101
194
72
-126
-147
22
170
124
-102
-185
15
178
107
-116
-185
-13
169
135
-55
-199
-82
24
60
109
22
-120
-178
-57
150
191
-33
-239
-129
97
156
74
-138
-181
2
148
148
-22
-183
-132
104
201
47
-160
-204
-10
246
226
-123
-374
-107
270
291
-6
-313
-244
95
298
173
-76
-264
-190
93
236
120
-81
-238
-163
90
244
107
-184
-255
-22
200
134
-95
-231
-61
159
141
-58
-182
-59
104
135
-49
-166
-53
105
121
43
-93
-107
-10
91
129
75
-46
-183
-91
167
256
79
-216
-251
58
305
166
-154
-228
-56
181
235
-29
-210
-158
89
231
77
-165
-154
26
136
95
-22
-106
-81
45
96
95
-36
-119
-143
45
260
163
-144
-291
-147
203
364
65
-303
-279
53
343
232
-137
-314
-98
210
283
26
-221
-146
96
219
73
-142
-129
43
151
59
-114
-83
53
100
30
-82
-68
10
31
51
23
-50
-109
-88
18
127
107
-52
-198
-140
94
222
38
-220
-188
56
222
99
-217
-182
75
189
80
-100
-124
-26
87
90
-6
-72
-101
-57
120
194
0
-252
-184
110
277
153
-213
-342
-25
314
265
-58
-284
-206
75
238
158
-104
-262
-149
115
260
76
-224
-236
30
228
125
-168
-254
-24
219
123
-120
-175
-23
162
123
-119
-177
-18
121
118
15
-60
-116
-64
79
163
132
-34
-237
-136
154
327
103
-266
-288
50
316
187
-108
-243
-117
180
253
21
-211
-194
54
244
112
-143
-199
-17
155
153
9
-175
-142
72
197
113
-56
-184
-198
61
347
206
-193
-391
-152
326
442
1
-428
-320
172
437
187
-266
-356
15
322
201
-100
-221
-55
153
152
32
-94
-107
-1
112
123
-33
-158
-54
124
137
-24
-144
-93
70
170
35
-156
-180
-12
127
147
-2
-136
-155
-34
123
122
-24
-150
-102
40
124
72
-105
-147
-9
130
104
-41
-143
-46
67
86
59
-44
-166
-105
147
282
-10
-325
-225
154
353
128
-276
-335
5
329
228
-112
-264
-143
99
208
102
-84
-214
-150
91
213
82
-147
-211
-44
149
132
-58
-207
-90
127
174
-22
-195
-118
85
175
15
-170
-107
54
158
115
-88
-207
-82
163
241
71
-141
-244
-56
236
266
26
-228
-237
47
293
193
-94
-240
-141
138
272
64
-202
-241
5
266
171
-109
-245
-66
155
196
14
-165
-140
36
180
137
-45
-209
-193
113
340
139
-228
-333
-74
300
355
-30
-365
-269
166
385
152
-234
-297
-13
259
251
-25
-211
-122
74
193
95
-98
-148
-14
129
140
-38
-165
-60
103
145
-15
-138
-70
44
116
64
-86
-165
-82
65
157
87
-100
-218
-99
140
208
2
-195
-161
30
150
141
-67
-228
-77
141
192
1
-178
-154
70
205
66
-139
-202
-64
233
244
-60
-306
-196
143
322
148
-221
-348
-67
296
292
-28
-308
-215
78
216
156
-21
-183
-213
-24
216
188
-86
-275
-136
175
208
-27
-244
-175
140
224
-11
-186
-123
91
192
-26
-198
-84
125
154
13
-122
-135
17
122
115
83
-30
-194
-121
129
275
111
-182
-257
-4
286
174
-97
-193
-93
127
227
17
-181
-169
26
209
135
-91
-194
-63
125
171
28
-165
-153
68
204
103
-94
-180
-120
104
272
133
-167
-303
-116
243
349
37
-319
-319
118
417
181
-252
-322
-18
300
238
-99
-219
-51
150
171
7
-113
-94
33
132
74
-75
-148
-6
150
134
-96
-182
-22
129
117
-1
-121
-118
-59
21
164
113
-85
-245
-145
164
281
0
-311
-195
144
243
67
-203
-237
31
212
158
-79
-207
-86
86
156
74
-124
-198
-53
212
241
-59
-312
-197
179
295
96
-173
-303
-80
224
245
43
-180
-268
-72
209
283
41
-303
-288
55
296
135
-161
-246
-63
156
156
-37
-204
-105
104
154
-23
-139
-89
48
117
18
-97
-93
5
103
122
7
-175
-139
90
246
152
-90
-256
-139
178
317
114
-223
-297
16
304
221
-68
-234
-165
71
293
144
-189
-262
-43
249
225
-86
-252
-101
150
192
51
-134
-158
-14
149
167
8
-149
-226
-7
304
258
-127
-398
-194
290
456
29
-427
-311
195
408
132
-254
-273
44
257
155
-82
-152
-29
114
124
7
-99
-52
49
89
37
-44
-80
4
77
65
-53
-77
-27
25
94
58
-95
-146
-75
65
158
69
-133
-219
-59
149
198
-33
-228
-96
107
135
16
-143
-125
66
135
56
-96
-103
-16
48
87
34
-51
-127
-94
123
245
15
-279
-236
117
291
168
-169
-351
-107
292
324
-2
-330
-284
92
302
171
-111
-255
-153
91
193
90
-110
-208
-91
140
172
-46
-220
-101
119
174
-4
-156
-134
54
158
46
-146
-132
43
118
102
-9
-146
-120
68
197
162
-48
-239
-129
136
273
136
-175
-263
-44
262
220
-66
-184
-104
68
198
73
-120
-157
-46
131
176
3
-198
-136
110
206
57
-145
-190
4
206
179
-62
-223
-167
79
301
173
-175
-315
-134
204
356
104
-289
-326
22
354
266
-105
-319
-164
181
323
91
-205
-234
65
282
135
-179
-218
32
241
119
-152
-209
40
195
114
-105
-174
-11
109
121
-7
-136
-105
-27
33
110
91
-59
-183
-158
79
235
87
-192
-237
4
204
195
-103
-263
-91
170
227
17
-222
-188
77
215
91
-100
-186
-82
138
246
1
-270
-185
112
227
145
-133
-242
-80
143
195
77
-129
-251
-81
198
245
25
-238
-261
14
269
171
-144
-272
-69
200
155
-85
-199
-70
117
131
-21
-163
-80
91
148
1
-171
-108
93
137
42
-49
-117
-84
79
186
106
-43
-181
-138
116
265
116
-129
-230
-77
184
224
44
-149
-186
-24
231
155
-87
-234
-92
164
228
16
-214
-182
69
228
125
-141
-242
-21
231
189
-67
-202
-162
51
269
187
-148
-307
-139
185
334
121
-234
-327
-40
281
295
-49
-290
-192
133
296
112
-177
-212
43
245
132
-139
-187
5
201
126
-103
-175
-17
167
117
-78
-131
-38
63
138
22
-117
-134
-31
66
109
41
-64
-136
-102
54
163
52
-121
-171
-19
143
132
-69
-202
-63
142
197
-15
-210
-122
97
189
36
-129
-141
-45
145
202
-6
-225
-196
46
223
215
-75
-324
-178
182
311
118
-202
-323
-71
241
293
30
-304
-319
75
369
140
-251
-302
-12
285
162
-172
-264
-40
179
165
-54
-196
-96
85
144
38
-117
-135
-3
114
126
22
-144
-137
39
188
180
-11
-240
-182
109
300
155
-154
-266
-76
220
275
6
-233
-215
78
313
122
-204
-263
-12
245
167
-92
-192
-58
110
131
44
-80
-143
-46
128
178
37
-163
-237
-1
319
237
-174
-329
-136
214
363
75
-293
-273
34
275
233
-58
-272
-131
158
264
65
-164
-178
45
214
130
-97
-181
-28
176
135
-77
-169
-35
141
139
-35
-144
-67
53
100
68
-47
-132
-117
-24
153
184
-54
-255
-189
141
277
31
-236
-214
47
212
132
-120
-227
-48
150
152
-26
-157
-92
71
97
24
-31
-98
-114
53
215
92
-173
-234
-40
212
253
-29
-321
-241
160
375
115
-228
-333
-55
261
241
-18
-258
-213
48
213
121
-110
-202
-74
88
123
4
-137
-126
36
126
86
-101
-180
1
167
104
-133
-183
11
167
149
-52
-186
-123
110
231
138
-71
-250
-152
157
319
127
-217
-288
2
276
222
-76
-211
-135
102
227
74
-117
-184
-45
163
191
10
-203
-161
74
219
114
-130
-237
-44
228
238
-11
-261
-238
42
348
241
-158
-342
-169
193
380
148
-240
-359
-53
327
302
-56
-309
-175
142
299
133
-165
-213
4
202
164
-75
-181
-43
157
140
-28
-154
-82
121
186
-15
-166
-133
23
185
120
-117
-197
-53
70
109
77
-39
-174
-167
22
221
126
-142
-245
-39
168
173
-56
-219
-98
119
199
20
-167
-147
23
171
105
-77
-205
-121
159
280
21
-280
-241
64
271
198
-108
-322
-154
206
311
57
-226
-277
-37
238
238
6
-252
-247
27
263
161
-160
-271
-62
205
191
-96
-271
-99
159
193
-14
-195
-142
76
165
35
-129
-131
25
131
128
-9
-176
-149
83
225
161
-58
-261
-127
154
275
123
-153
-274
-73
246
278
-1
-241
-224
52
342
168
-204
-303
-24
287
193
-111
-231
-64
154
127
18
-91
-125
-15
115
138
34
-131
-222
-27
294
271
-131
-373
-181
213
396
104
-300
-329
8
327
286
-85
-336
-120
215
257
21
-184
-148
82
202
94
-102
-147
-4
125
102
-21
-110
-54
80
114
3
-97
-115
8
138
119
-63
-199
-100
42
144
117
-64
-182
-176
17
248
158
-169
-259
1
183
134
-54
-228
-114
159
208
17
-183
-167
58
182
74
-96
-161
-83
125
240
43
-248
-254
39
268
228
-87
-302
-187
159
316
97
-169
-287
-103
179
265
63
-234
-283
13
235
169
-84
-240
-97
130
145
-20
-182
-113
77
143
27
-139
-125
38
142
59
-111
-122
17
107
102
2
-131
-144
45
167
180
15
-217
-219
97
336
202
-170
-343
-77
299
275
-75
-254
-137
114
252
72
-173
-172
7
151
111
-21
-118
-103
12
116
118
-12
-162
-116
104
213
62
-147
-250
-44
290
256
-81
-337
-227
178
411
140
-288
-347
-2
323
273
-62
-302
-144
152
269
106
-169
-189
7
223
166
-122
-197
-6
176
131
-52
-144
-43
103
92
-19
-79
-50
-2
76
90
-58
-134
-85
-11
118
143
-47
-207
-161
64
219
106
-165
-242
-10
195
167
-57
-264
-111
174
233
4
-228
-154
76
190
93
-101
-178
-101
128
279
40
-280
-248
91
282
141
-110
-262
-129
148
254
92
-148
-267
-91
206
240
34
-218
-238
-29
228
200
-106
-261
-139
151
230
-18
-216
-160
68
187
52
-145
-150
13
159
90
-110
-154
-16
89
136
57
-147
-189
14
222
232
6
-302
-228
158
367
139
-207
-279
-38
243
241
-27
-203
-149
39
226
112
-104
-161
-61
108
147
30
-123
-118
6
137
112
-29
-171
-89
113
213
86
-191
-307
-11
346
270
-119
-368
-179
219
379
84
-274
-294
5
280
245
-46
-241
-150
97
225
99
-85
-151
-14
152
143
-25
-139
-87
99
149
24
-131
-109
72
152
34
-114
-131
-9
150
121
-73
-191
-55
25
92
101
-9
-152
-184
24
238
127
-175
-234
-14
191
159
-85
-248
-76
171
181
17
-195
-169
74
173
84
-70
-152
-112
74
228
90
-199
-250
19
218
195
-20
-263
-199
105
264
135
-107
-289
-152
195
290
89
-252
-305
8
255
175
-109
-259
-100
149
188
-17
-210
-141
88
135
18
-105
-97
-16
91
85
-45
-122
-45
84
131
40
-134
-155
35
190
177
9
-199
-181
56
268
181
-92
-262
-114
158
243
72
-142
-172
-69
173
267
-19
-273
-177
118
278
98
-201
-226
28
219
144
-83
-200
-65
150
169
35
-129
-180
-78
194
267
23
-271
-275
59
371
241
-180
-387
-119
296
330
-1
-305
-206
154
301
107
-177
-218
19
245
173
-105
-260
-44
231
191
-84
-239
-40
205
153
-112
-197
-15
112
98
10
-76
-85
-68
-51
80
173
32
-206
-246
11
285
186
-193
-319
-33
232
210
-94
-287
-99
199
215
-4
-201
-157
43
168
99
-54
-147
-132
55
226
121
-149
-280
-64
213
261
25
-292
-275
65
330
227
-128
-386
-155
216
317
81
-251
-321
-23
286
224
-114
-294
-122
153
210
-15
-211
-158
62
204
45
-161
-138
24
150
55
-122
-106
18
88
79
37
-67
-146
-36
151
235
64
-248
-252
74
335
229
-138
-325
-115
237
305
31
-230
-197
23
282
178
-159
-277
-51
225
210
-34
-221
-135
101
186
84
-74
-174
-74
142
205
58
-203
-213
-13
246
274
-74
-340
-168
155
328
141
-191
-293
-73
211
292
46
-209
-225
5
254
208
-68
-230
-86
168
223
27
-193
-148
76
219
94
-171
-193
78
212
61
-162
-147
15
139
111
-34
-171
-143
-10
168
162
-57
-249
-182
89
270
91
-215
-231
35
199
116
-101
-203
-47
124
123
19
-90
-100
-38
66
98
36
-90
-180
-12
229
170
-147
-298
-61
241
272
-11
-329
-245
127
325
141
-154
-290
-117
184
272
79
-233
-291
-8
231
176
-89
-212
-115
88
152
23
-130
-158
-15
130
122
-37
-175
-93
126
154
-30
-187
-91
115
176
55
-146
-177
9
189
200
24
-199
-217
57
273
184
-71
-231
-122
145
217
59
-108
-172
-67
184
218
-28
-239
-168
106
267
86
-185
-214
24
199
128
-52
-199
-94
120
223
61
-164
-234
-58
249
302
-39
-345
-216
138
346
164
-197
-324
-73
259
283
-16
-254
-173
77
256
142
-100
-194
-12
147
161
-22
-169
-83
124
162
-15
-156
-76
131
136
-12
-134
-84
19
124
122
-57
-186
-139
-11
161
163
-36
-196
-191
59
240
96
-170
-230
-6
182
157
-53
-249
-111
125
232
62
-182
-190
26
184
113
-65
-163
-111
53
228
132
-154
-285
-61
236
267
-9
-295
-254
93
325
181
-133
-316
-148
193
276
63
-202
-237
-57
170
217
4
-238
-204
69
243
74
-208
-234
40
237
100
-144
-190
-29
157
130
-83
-169
-35
96
141
41
-109
-162
-10
189
193
21
-188
-179
21
237
230
-36
-282
-185
163
320
66
-186
-226
-24
272
232
-128
-313
-112
223
279
8
-276
-208
102
245
106
-118
-197
-53
153
183
42
-155
-240
-62
268
317
-51
-362
-254
130
389
190
-208
-347
-99
249
322
11
-286
-212
95
279
147
-121
-210
-20
193
164
-41
-147
-88
82
174
42
-137
-134
62
179
52
-120
-135
-15
114
140
-26
-194
-130
30
113
108
-2
-137
-128
-26
126
123
-61
-164
-68
101
146
0
-172
-125
73
166
51
-112
-114
15
85
62
-23
-92
-83
13
177
139
-111
-265
-97
172
290
89
-289
-334
29
370
237
-121
-337
-183
189
294
89
-207
-296
-50
221
206
-49
-255
-153
102
208
41
-190
-198
24
184
99
-125
-178
0
153
110
-85
-186
-12
120
130
7
-122
-126
-6
136
167
94
-130
-252
-34
251
277
-17
-317
-235
186
376
91
-247
-285
36
311
217
-146
-292
-84
191
221
-1
-216
-145
83
192
76
-103
-168
-33
137
171
22
-146
-206
-64
238
300
-17
-325
-272
115
391
196
-230
-355
-34
301
253
-61
-243
-113
109
185
71
-57
-92
-14
76
106
6
-80
-53
57
117
29
-101
-96
67
121
32
-96
-102
-15
125
139
-34
-194
-129
41
133
88
-53
-155
-99
44
134
78
-95
-190
-47
123
148
45
-196
-212
50
261
148
-168
-243
-38
186
182
-31
-223
-178
83
282
140
-183
-285
-66
172
266
64
-272
-317
48
372
235
-163
-381
-151
245
295
29
-247
-238
0
189
155
-82
-191
-83
63
124
20
-113
-131
6
116
85
-49
-163
-62
125
125
-44
-164
-76
105
154
59
-100
-202
-23
192
210
52
-196
-238
49
261
205
-55
-256
-158
159
300
110
-196
-273
-41
300
265
-102
-324
-150
192
276
50
-208
-196
35
178
132
-9
-160
-147
62
213
150
-104
-302
-126
253
359
18
-361
-308
101
409
213
-212
-348
-83
253
301
25
-232
-217
21
273
217
-85
-253
-105
190
260
9
-233
-135
145
225
25
-191
-126
92
170
42
-129
-129
15
125
97
-42
-146
-104
-12
50
149
76
-159
-249
-31
252
183
-117
-266
-108
150
188
36
-186
-186
53
205
93
-123
-190
-20
150
132
-50
-135
-113
19
191
166
-124
-278
-84
196
226
35
-221
-267
37
284
186
-73
-290
-198
129
294
135
-166
-290
-97
194
241
-50
-268
-132
114
188
14
-210
-149
86
172
29
-148
-129
34
134
58
-74
-123
-38
74
105
79
-79
-195
-36
170
221
71
-187
-260
16
307
266
-76
-326
-189
188
330
84
-200
-236
-64
246
291
-50
-342
-182
162
293
77
-205
-219
30
209
124
-62
-181
-75
129
176
8
-145
-151
-58
188
259
-4
-246
-247
16
316
267
-98
-362
-182
214
352
99
-273
-273
66
328
168
-164
-248
2
254
169
-105
-199
-20
150
153
-13
-164
-110
111
197
-1
-171
-99
72
124
42
-77
-96
-48
-39
20
126
88
-107
-228
-75
184
197
-74
-241
-88
122
179
43
-217
-184
71
224
120
-113
-209
-55
149
162
-24
-186
-133
66
233
108
-147
-230
-61
164
193
44
-184
-220
1
203
206
13
-244
-242
60
288
178
-142
-303
-114
177
234
-1
-210
-208
18
211
116
-128
-207
-48
151
144
-58
-174
-85
105
148
-37
-162
-62
83
132
66
-88
-158
-38
134
175
117
-152
-261
-26
234
271
8
-261
-225
97
295
170
-122
-269
-117
197
306
4
-292
-208
117
290
98
-198
-216
25
204
110
-44
-161
-109
100
197
73
-150
-224
-34
204
250
7
-251
-236
6
312
263
-100
-345
-167
197
327
91
-212
-256
0
263
220
-63
-240
-100
173
232
20
-184
-126
75
178
89
-111
-182
13
195
107
-114
-150
-13
98
107
12
-116
-128
-71
71
196
66
-187
-259
-53
270
255
-103
-329
-140
161
278
75
-295
-279
109
321
127
-192
-255
-30
193
160
-44
-156
-123
14
191
165
-93
-279
-131
154
281
133
-248
-390
2
383
275
-100
-365
-205
163
302
124
-163
-296
-103
172
239
34
-215
-222
34
208
97
-132
-209
-31
150
129
-44
-160
-103
78
156
30
-152
-124
45
172
114
-93
-206
-69
166
254
97
-193
-296
5
314
253
-51
-282
-186
139
282
97
-153
-205
-72
182
248
7
-238
-197
94
244
116
-145
-228
-29
182
171
-29
-201
-118
86
193
109
-110
-203
-111
146
282
108
-210
-315
-87
322
340
-42
-362
-251
173
394
128
-247
-280
19
285
227
-86
-256
-103
159
256
55
-217
-172
97
259
78
-204
-194
89
229
62
-156
-155
14
136
99
-48
-134
-93
-49
57
171
69
-152
-225
-54
199
205
-79
-271
-103
119
216
70
-227
-251
51
257
160
-130
-260
-77
191
206
-22
-214
-161
59
240
162
-150
-288
-87
197
263
43
-271
-287
59
295
203
-70
-289
-211
127
303
157
-170
-343
-117
205
270
-24
-268
-191
77
239
93
-173
-234
-21
199
140
-95
-194
-70
119
154
-7
-171
-115
75
165
91
-90
-188
-69
155
235
100
-162
-296
-35
286
290
-4
-274
-243
79
320
191
-114
-259
-169
172
367
72
-315
-285
115
331
126
-204
-258
7
218
157
-41
-187
-119
78
216
114
-137
-226
-104
184
312
89
-274
-323
-9
313
308
-48
-338
-236
137
356
152
-194
-291
-30
269
246
-51
-256
-123
184
247
19
-195
-167
87
235
87
-168
-199
53
231
77
-160
-140
-3
121
112
-22
-119
-103
-50
48
143
78
-121
-214
-92
166
208
-40
-235
-142
120
216
37
-219
-212
77
239
113
-146
-237
-13
196
127
-81
-134
-70
10
142
142
-66
-215
-127
105
234
121
-173
-320
-37
276
259
-17
-283
-232
79
274
167
-125
-299
-123
190
244
-42
-250
-132
105
161
27
-136
-155
2
137
92
-58
-174
-66
118
145
-34
-174
-80
82
163
92
-105
-191
-59
184
210
45
-121
-205
-67
182
269
79
-234
-275
71
350
166
-177
-268
-59
240
256
-70
-260
-141
117
214
81
-126
-153
-27
110
137
22
-137
-148
39
225
148
-111
-254
-128
187
367
55
-318
-308
16
349
297
-110
-359
-185
179
332
135
-212
-280
-17
271
249
-43
-260
-118
152
228
33
-176
-131
80
191
65
-139
-170
76
213
63
-134
-150
-16
120
142
-7
-152
-156
-61
97
208
61
-191
-263
-22
245
192
-117
-258
-86
158
173
-7
-193
-127
54
144
94
-49
-133
-89
60
142
52
-102
-160
-51
196
203
-66
-270
-142
126
259
136
-200
-333
-54
307
258
-73
-285
-175
106
230
121
-95
-227
-132
94
216
52
-177
-200
-3
206
122
-150
-231
-15
191
130
-95
-174
-50
126
117
-39
-134
-76
46
136
101
-40
-195
-116
138
244
124
-142
-271
-74
226
302
37
-249
-275
62
343
194
-128
-291
-140
211
319
21
-276
-241
90
290
139
-176
-246
-23
183
182
-1
-183
-163
60
222
113
-95
-222
-128
166
311
72
-286
-275
13
298
252
-96
-270
-149
114
259
122
-134
-222
-42
176
211
13
-189
-128
103
221
43
-156
-132
66
190
69
-125
-162
35
172
72
-102
-132
-10
79
113
41
-114
-182
-44
69
150
69
-112
-203
-92
173
181
-45
-193
-109
68
127
77
-97
-201
-40
170
185
-15
-207
-137
90
195
55
-132
-181
-14
213
212
-102
-322
-107
187
267
69
-219
-281
-13
253
234
-34
-230
-202
38
201
162
-18
-227
-205
47
239
130
-122
-236
-92
152
191
-42
-232
-106
147
169
-19
-198
-115
100
172
-11
-164
-102
73
163
94
-117
-201
-29
156
182
69
-97
-202
-54
178
252
49
-219
-240
69
276
170
-88
-242
-136
172
293
44
-242
-261
66
301
148
-187
-237
-7
182
153
-33
-165
-130
49
197
119
-63
-186
-182
90
335
157
-220
-360
-71
340
337
-69
-372
-223
167
331
132
-205
-254
-8
235
201
-37
-207
-105
131
205
33
-139
-124
44
185
88
-116
-169
20
184
98
-91
-158
-58
103
183
23
-191
-192
-11
134
168
5
-155
-187
-42
146
173
-15
-199
-170
69
202
135
-147
-300
-48
270
270
-83
-333
-158
212
301
-6
-265
-183
54
253
166
-138
-297
-87
209
230
27
-150
-238
-56
201
226
42
-215
-271
-19
240
242
-2
-279
-241
66
273
123
-168
-251
-52
198
185
-118
-253
-61
163
131
-63
-139
-55
72
113
-31
-105
-61
13
103
94
-13
-145
-124
83
224
158
-84
-291
-135
201
333
102
-248
-296
43
331
207
-122
-285
-158
176
342
71
-262
-269
45
300
160
-139
-230
-42
147
154
7
-123
-127
10
175
146
-43
-218
-152
88
323
129
-217
-308
-71
291
305
-45
-320
-189
135
294
146
-145
-224
-66
185
215
-8
-192
-86
122
182
38
-122
-122
29
161
97
-80
-164
-26
150
141
-40
-165
-101
95
180
31
-159
-171
-40
80
178
53
-165
-196
-29
150
141
-54
-173
-87
68
129
75
-120
-194
-18
174
172
-37
-246
-147
134
237
38
-182
-175
7
206
186
-73
-263
-148
129
217
110
-116
-260
-105
175
243
83
-211
-305
-42
254
258
-8
-269
-249
53
259
140
-168
-293
-50
226
186
-94
-267
-103
166
203
-13
-222
-142
114
181
23
-169
-154
21
200
166
-100
-258
-106
188
280
126
-168
-314
-75
261
322
15
-273
-225
88
300
149
-108
-187
-114
84
231
110
-151
-226
-52
209
225
-21
-260
-158
122
250
79
-189
-202
30
236
180
-85
-254
-165
124
341
165
-228
-364
-72
320
345
-44
-360
-223
145
311
154
-140
-233
-63
168
192
22
-124
-103
37
160
128
-63
-168
-52
131
164
-40
-185
-32
169
115
-68
-151
-80
85
163
59
-147
-188
-78
99
200
53
-160
-209
-66
159
208
-11
-227
-165
64
187
117
-120
-253
-62
202
242
-14
-258
-156
109
231
43
-152
-161
-37
156
204
-22
-252
-181
98
234
154
-109
-292
-129
186
302
91
-244
-296
-7
257
200
-36
-225
-208
19
219
146
-88
-242
-97
133
211
-37
-242
-149
96
207
42
-187
-161
61
171
57
-135
-150
10
160
188
-42
-261
-146
143
287
161
-156
-312
-89
266
300
31
-239
-218
44
243
158
-42
-183
-173
65
297
156
-198
-318
-48
313
260
-119
-319
-116
211
252
3
-212
-166
70
210
123
-103
-188
-107
102
234
112
-148
-254
-114
200
316
49
-286
-261
48
293
226
-98
-275
-118
170
252
56
-176
-177
77
261
106
-150
-189
26
186
97
-92
-133
6
139
79
-49
-114
-82
43
130
71
-51
-153
-145
4
208
175
-111
-275
-140
171
266
-4
-266
-192
107
254
92
-206
-261
-2
265
199
-74
-263
-148
132
220
43
-137
-157
-21
159
152
-33
-201
-141
84
194
145
-85
-288
-146
183
294
93
-237
-310
-30
257
262
-6
-255
-242
31
231
156
-114
-252
-101
155
199
-32
-225
-137
100
185
51
-169
-167
57
177
30
-146
-123
29
134
129
3
-201
-163
108
277
144
-119
-290
-105
204
308
81
-210
-257
-1
258
202
-42
-219
-169
99
287
136
-217
-295
-7
288
232
-129
-300
-93
187
233
1
-218
-167
84
235
126
-114
-183
-126
50
275
200
-175
-331
-111
235
347
61
-283
-298
54
320
188
-113
-224
-90
134
210
75
-119
-157
3
163
165
-45
-189
-61
141
180
-18
-183
-73
112
152
-5
-119
-101
2
144
122
-48
-198
-186
9
275
194
-149
-337
-131
230
281
-27
-292
-168
141
200
38
-158
-172
22
144
114
-25
-126
-100
37
114
76
-36
-126
-119
38
211
133
-173
-297
-33
260
283
-63
-364
-229
205
382
126
-288
-386
-9
341
281
-97
-339
-181
127
214
90
-109
-180
-90
82
131
2
-135
-117
28
122
71
-93
-148
-21
143
95
-96
-151
-34
136
191
-10
-225
-183
151
289
98
-150
-238
-37
195
208
51
-125
-187
-49
180
226
2
-194
-201
70
303
140
-194
-265
-48
244
254
-45
-272
-158
141
256
55
-178
-190
20
195
138
-41
-190
-151
62
290
168
-180
-307
-71
242
286
-10
-264
-193
77
219
125
-42
-130
-111
31
180
157
-50
-209
-68
192
234
-42
-254
-115
199
242
-27
-252
-115
177
211
-59
-205
-84
100
162
40
-132
-152
-60
31
127
132
-24
-229
-193
97
273
60
-219
-230
24
225
112
-122
-223
-47
189
153
-47
-163
-91
71
137
24
-91
-99
-37
76
156
23
-202
-185
72
238
157
-142
-304
-111
227
282
15
-225
-224
-2
192
149
5
-139
-184
-64
139
206
-7
-252
-202
126
250
39
-247
-197
78
216
73
-155
-201
16
225
104
-179
-200
16
208
168
-70
-238
-100
127
222
112
-53
-188
-140
113
275
131
-150
-258
-58
214
252
36
-224
-238
62
342
140
-214
-280
-16
265
202
-95
-237
-88
121
199
38
-145
-165
19
197
143
-71
-164
-151
28
257
210
-116
-319
-184
183
379
126
-260
-344
-14
322
281
-63
-273
-159
89
270
142
-151
-229
7
243
185
-123
-258
-27
262
188
-135
-248
-5
222
154
-114
-187
-33
95
116
48
-72
-147
-124
0
162
168
-65
-251
-153
106
235
59
-193
-212
29
170
100
-43
-184
-102
107
169
34
-155
-156
30
171
119
-88
-164
-106
107
230
21
-212
-191
51
212
159
-75
-269
-176
157
297
95
-182
-289
-71
224
227
5
-204
-206
-6
180
167
-51
-237
-141
99
213
22
-193
-174
42
181
53
-120
-147
7
164
75
-113
-132
-12
121
131
19
-169
-165
71
238
178
-49
-268
-197
148
334
175
-193
-309
-37
283
269
-34
-286
-205
107
314
137
-190
-273
-45
222
220
-50
-227
-111
114
159
49
-72
-133
-77
130
184
40
-179
-239
-23
309
287
-121
-396
-193
246
416
64
-320
-296
59
301
211
-88
-224
-116
96
219
97
-93
-163
-3
161
138
-39
-145
-55
94
122
11
-87
-56
53
93
3
-75
-79
4
108
87
-57
-172
-80
21
133
136
-50
-216
-172
78
254
86
-204
-246
29
202
146
-72
-260
-116
179
238
6
-224
-148
85
180
34
-91
-108
-63
94
192
20
-195
-208
60
203
120
-45
-222
-143
111
215
101
-91
-216
-127
111
240
85
-147
-236
-94
162
208
-11
-224
-165
79
188
38
-158
-184
0
189
133
-124
-230
-20
215
147
-134
-240
-17
191
177
-35
-200
-136
79
212
184
-26
-261
-192
113
350
215
-173
-372
-98
321
312
-55
-297
-206
108
316
159
-180
-294
-44
220
224
-21
-252
-144
99
217
91
-121
-184
-38
160
169
2
-163
-197
5
271
225
-122
-332
-168
233
347
57
-273
-257
26
247
211
-45
-189
-129
38
188
139
-47
-165
-54
129
177
6
-166
-108
97
202
62
-181
-148
80
197
52
-155
-169
3
183
148
-76
-210
-116
10
143
144
-17
-201
-200
54
267
129
-209
-275
-7
223
216
-58
-307
-132
182
257
30
-222
-207
31
227
139
-74
-200
-128
90
253
103
-198
-276
1
241
190
-30
-252
-189
94
257
167
-145
-285
-98
165
243
59
-159
-211
-92
125
214
17
-189
-192
29
203
74
-151
-162
17
159
69
-120
-149
9
150
55
-114
-136
-12
121
154
43
-184
-217
51
259
190
-41
-255
-175
125
294
147
-147
-246
-79
166
260
62
-204
-242
-23
285
253
-120
-308
-145
208
296
20
-263
-229
88
285
113
-166
-234
-21
228
174
-43
-181
-148
16
205
193
-37
-271
-250
117
399
191
-263
-347
-8
301
234
-75
-233
-133
111
244
85
-145
-149
36
164
137
-50
-165
-56
132
152
-5
-138
-97
79
159
50
-125
-161
-13
171
138
-73
-182
-127
-4
183
191
-73
-284
-192
133
321
68
-267
-273
46
297
173
-179
-337
-49
291
230
-86
-274
-127
155
207
23
-133
-144
-45
108
180
26
-173
-215
15
217
192
-44
-287
-195
141
290
124
-162
-278
-88
176
229
40
-188
-215
-9
168
129
-59
-164
-97
57
116
36
-113
-154
-16
147
126
-91
-188
-56
165
161
-88
-210
-75
128
207
56
-202
-217
68
248
173
-59
-225
-128
85
241
182
-100
-242
-137
162
322
85
-237
-298
-17
368
273
-142
-364
-154
232
326
28
-296
-212
110
243
94
-109
-187
-49
142
197
39
-168
-210
-37
234
264
-12
-296
-272
85
401
235
-208
-379
-94
276
319
2
-274
-191
110
269
120
-133
-190
-9
203
180
-57
-195
-72
152
184
-12
-186
-92
133
166
-5
-162
-111
29
129
118
-38
-183
-161
-5
216
185
-76
-277
-203
115
277
98
-213
-259
-9
201
184
-44
-239
-138
87
213
106
-155
-223
-27
205
171
-63
-197
-148
58
248
134
-185
-266
-16
196
207
10
-250
-229
65
267
182
-119
-301
-143
170
265
72
-163
-207
-63
102
137
16
-125
-137
-14
112
74
-76
-122
-26
83
66
-43
-104
-35
98
68
-77
-119
-34
98
165
43
-152
-198
15
246
246
-24
-300
-238
163
368
125
-219
-257
16
239
158
-57
-142
-96
23
184
145
-84
-193
-97
104
200
94
-155
-215
-31
226
181
-65
-246
-111
200
260
13
-252
-231
32
296
241
-103
-322
-154
156
315
128
-196
-275
-62
218
257
24
-213
-189
43
228
148
-52
-166
-65
109
163
35
-109
-134
28
192
98
-130
-177
12
192
97
-110
-182
-34
159
190
-37
-238
-169
21
203
180
-68
-257
-194
97
287
84
-208
-245
-7
200
187
-43
-262
-151
128
250
72
-172
-216
-19
209
172
-60
-205
-146
59
246
139
-158
-268
-71
206
286
22
-315
-269
96
335
179
-156
-304
-118
176
267
43
-174
-205
-66
122
175
35
-166
-194
-4
190
117
-126
-230
-47
205
147
-92
-229
-84
178
169
-70
-201
-50
136
142
24
-166
-153
46
181
187
38
-214
-250
52
339
216
-127
-310
-108
220
287
52
-204
-258
-46
311
271
-105
-341
-159
217
299
25
-255
-210
61
249
157
-107
-219
-84
135
208
24
-143
-166
-72
173
271
11
-281
-248
74
353
197
-182
-331
-74
215
254
30
-178
-184
15
218
161
-43
-187
-69
142
172
-1
-151
-91
88
165
28
-156
-124
101
218
27
-209
-149
68
196
94
-134
-179
-43
59
75
75
-26
-106
-162
-2
175
116
-102
-195
-43
123
143
-4
-190
-118
80
161
66
-96
-128
3
106
73
-24
-88
-100
-29
157
177
-92
-254
-83
158
241
61
-239
-301
41
356
201
-151
-316
-122
166
230
60
-116
-198
-117
82
191
74
-145
-189
-17
150
105
-111
-195
-38
159
125
-81
-145
-50
109
103
-52
-137
-81
87
158
74
-138
-230
1
262
227
-5
-249
-226
82
293
196
-101
-264
-111
179
262
56
-171
-213
-52
227
248
-43
-272
-179
135
273
71
-203
-193
39
195
129
-44
-176
-136
98
231
116
-140
-273
-97
244
333
0
-330
-279
85
372
234
-157
-341
-123
208
263
57
-174
-207
0
246
200
-85
-225
-84
206
243
-33
-240
-119
163
218
-8
-179
-97
85
149
50
-89
-126
-42
85
142
25
-134
-158
-72
107
190
40
-191
-250
-19
257
203
-144
-261
-69
159
177
-8
-182
-163
70
201
80
-110
-172
-55
126
146
9
-125
-154
-22
168
194
-64
-267
-119
149
272
70
-262
-274
44
308
193
-134
-285
-136
139
242
68
-145
-194
-73
94
162
43
-149
-187
-2
170
104
-124
-191
-28
136
118
-37
-161
-91
93
147
-11
-161
-103
70
178
110
-140
-246
-30
255
254
17
-279
-240
88
336
214
-135
-288
-117
212
272
45
-206
-232
0
281
227
-106
-286
-137
173
282
45
-233
-195
58
219
112
-98
-137
-34
81
117
58
-29
-136
-187
107
349
133
-299
-386
20
462
301
-211
-429
-106
303
294
2
-251
-170
77
199
151
-51
-178
-63
110
178
41
-149
-125
70
208
44
-189
-110
96
181
28
-128
-142
-16
122
151
-7
-205
-142
9
111
138
17
-149
-193
-36
194
165
-87
-238
-58
117
131
37
-136
-170
-1
164
143
-53
-185
-106
99
182
47
-131
-194
-51
220
225
-82
-318
-154
183
283
77
-239
-286
17
282
208
-67
-274
-192
89
248
143
-109
-237
-139
78
227
91
-178
-233
-30
219
154
-163
-253
-14
204
141
-115
-223
-45
193
166
-103
-220
-58
139
176
50
-158
-186
18
228
182
-2
-205
-172
57
224
182
-52
-219
-131
107
249
133
-116
-232
-136
183
335
60
-302
-296
65
360
197
-198
-315
-61
245
244
-30
-208
-173
92
252
116
-132
-237
-110
197
314
62
-286
-325
15
384
291
-157
-384
-139
225
317
84
-213
-236
10
256
207
-77
-230
-77
189
212
-28
-201
-106
147
215
18
-194
-150
95
190
40
-132
-135
1
127
127
-26
-153
-146
-39
132
198
11
-227
-226
2
253
178
-124
-290
-93
198
216
2
-244
-202
89
269
115
-158
-226
-23
193
132
-56
-156
-109
29
195
149
-107
-252
-109
168
221
68
-183
-272
-27
250
264
-9
-316
-272
96
329
173
-145
-293
-146
137
243
85
-203
-276
-2
253
138
-161
-218
-9
169
87
-85
-150
-30
109
107
-41
-139
-67
66
160
99
-118
-228
-33
210
240
66
-214
-261
19
284
251
-55
-282
-157
143
267
85
-146
-170
-71
138
260
36
-253
-245
75
289
141
-165
-256
-26
202
197
-12
-213
-156
86
229
121
-121
-214
-119
131
281
105
-195
-334
-67
331
346
-69
-389
-217
218
336
72
-226
-224
34
237
186
-36
-204
-102
110
202
75
-133
-161
21
183
143
-90
-197
-23
186
150
-95
-203
-55
141
165
0
-152
-157
-63
100
195
53
-193
-241
-19
230
193
-93
-283
-90
160
208
10
-228
-197
76
229
136
-131
-231
-42
183
167
-50
-166
-96
20
155
115
-52
-192
-112
65
189
161
-116
-315
-113
239
327
36
-339
-313
108
374
187
-184
-328
-118
188
254
12
-239
-195
59
194
69
-138
-175
-3
149
95
-75
-148
-50
99
101
-27
-106
-73
10
154
123
-70
-242
-111
182
310
123
-262
-352
39
391
268
-116
-341
-143
202
299
59
-176
-202
-48
178
262
12
-247
-237
42
284
193
-128
-276
-101
191
244
2
-216
-156
90
227
88
-117
-237
-93
175
281
45
-250
-244
33
287
221
-78
-288
-183
124
294
152
-142
-253
-98
216
294
25
-276
-176
160
298
46
-222
-200
112
262
71
-205
-189
92
247
81
-169
-202
10
198
139
-60
-196
-117
9
115
130
-23
-164
-145
-10
192
172
-92
-268
-98
167
229
-11
-237
-172
99
230
101
-131
-217
-49
165
170
-13
-161
-147
-1
203
203
-74
-294
-170
156
317
136
-252
-373
-37
334
297
-56
-357
-218
138
287
148
-119
-271
-156
106
252
87
-185
-257
-13
235
153
-119
-259
-78
185
178
-48
-242
-96
159
192
-50
-218
-83
112
164
70
-101
-217
-46
180
230
96
-173
-261
-32
249
270
-16
-254
-210
98
284
123
-101
-183
-104
113
235
37
-179
-188
17
193
140
-71
-203
-77
151
166
12
-163
-136
51
221
121
-133
-188
-101
106
271
125
-189
-315
-112
290
347
-23
-345
-263
151
379
170
-218
-306
-31
285
242
-55
-267
-117
203
248
9
-185
-140
81
183
87
-119
-154
23
145
79
-69
-97
-64
30
119
69
-83
-166
-112
96
209
74
-159
-265
-79
206
265
-44
-307
-180
154
265
58
-258
-234
86
256
136
-140
-242
-61
162
184
-5
-166
-134
6
174
159
-74
-244
-119
123
233
98
-169
-272
-66
236
262
20
-269
-275
32
303
212
-110
-343
-186
195
321
36
-317
-258
111
292
66
-245
-236
53
237
94
-155
-193
2
197
107
-138
-173
-16
139
140
11
-123
-134
-2
147
166
64
-154
-235
3
249
258
-6
-277
-209
108
311
155
-148
-254
-101
203
302
26
-269
-267
74
336
142
-198
-264
15
227
163
-57
-174
-122
46
185
120
-42
-175
-172
75
310
175
-200
-344
-96
267
353
13
-355
-265
124
387
174
-221
-288
-25
270
232
-56
-250
-86
199
228
-24
-202
-117
103
201
69
-125
-171
21
183
114
-105
-185
-53
141
161
-1
-152
-119
-62
31
158
103
-117
-237
-107
164
245
-4
-274
-192
116
252
94
-236
-251
64
255
131
-142
-224
-24
165
117
-21
-117
-121
-16
124
187
-1
-232
-183
45
250
187
-143
-340
-83
256
266
-5
-273
-240
85
260
155
-116
-256
-133
109
226
61
-199
-214
25
189
89
-110
-188
-72
145
147
-30
-197
-125
128
193
-24
-204
-86
116
157
36
-115
-148
-33
145
198
77
-118
-219
-53
202
253
47
-196
-240
18
276
196
-83
-265
-158
177
323
49
-292
-262
100
313
137
-178
-246
-18
180
147
-11
-128
-113
24
148
131
-34
-166
-186
49
319
190
-198
-345
-101
310
346
-55
-380
-211
193
331
99
-199
-234
6
241
188
-66
-208
-85
152
219
49
-179
-160
72
195
82
-124
-161
33
170
64
-87
-106
-34
51
131
45
-124
-152
-79
86
210
77
-170
-260
-83
222
260
-68
-309
-154
170
216
36
-160
-222
3
223
159
-63
-219
-123
90
201
88
-143
-213
-64
209
271
-57
-318
-200
133
323
160
-211
-339
-76
298
287
-42
-284
-230
70
280
200
-92
-293
-186
107
270
118
-221
-265
5
227
142
-154
-252
-32
203
148
-103
-181
-48
123
131
-39
-158
-84
73
150
85
-78
-184
-94
131
232
139
-124
-302
-76
269
329
-6
-332
-237
130
328
132
-138
-221
-109
136
260
84
-229
-250
29
301
147
-167
-251
-13
207
148
-69
-178
-95
116
174
65
-97
-167
-119
106
272
119
-197
-306
-60
283
299
-35
-316
-223
134
327
169
-182
-291
-43
281
250
-66
-276
-122
186
291
49
-249
-202
92
268
121
-156
-230
6
237
138
-130
-209
-33
144
145
-3
-121
-113
-75
19
145
114
-77
-234
-155
152
292
26
-288
-219
93
246
115
-163
-263
-25
234
186
-53
-229
-128
108
212
43
-167
-195
-10
234
210
-103
-306
-130
199
254
61
-186
-270
-38
239
236
-1
-220
-238
19
237
186
-71
-270
-185
115
273
95
-221
-265
4
260
141
-161
-269
-47
213
190
-64
-241
-109
138
209
-16
-210
-122
82
154
100
-51
-195
-105
124
224
152
-105
-296
-113
180
329
117
-229
-284
5
302
201
-94
-225
-121
96
256
127
-185
-275
-28
248
217
-50
-230
-148
95
224
111
-147
-215
-15
211
179
-21
-215
-212
54
343
203
-175
-372
-148
291
401
11
-374
-286
142
374
163
-176
-256
-65
191
239
27
-196
-157
102
275
79
-203
-178
86
237
62
-174
-185
57
228
113
-128
-172
-29
96
125
37
-108
-158
-99
53
194
110
-151
-262
-83
208
236
-84
-272
-110
139
171
31
-153
-170
19
161
123
-38
-183
-109
77
172
82
-107
-198
-96
152
289
13
-312
-244
120
298
170
-148
-355
-121
271
283
6
-268
-256
63
279
158
-101
-266
-145
96
225
80
-168
-210
-8
167
113
-128
-211
-37
166
141
-65
-179
-82
90
150
15
-153
-129
30
158
146
-36
-220
-140
134
266
163
-137
-325
-98
274
330
29
-278
-249
84
303
157
-132
-195
-80
91
232
90
-157
-231
-35
220
227
-45
-252
-111
142
204
44
-148
-176
19
192
171
-29
-221
-219
83
368
199
-209
-387
-126
306
409
-5
-389
-265
145
377
167
-216
-310
-23
287
249
-62
-239
-113
169
249
21
-193
-151
79
205
75
-126
-159
0
167
118
-82
-142
-65
67
143
72
-104
-180
-100
32
182
134
-115
-249
-125
150
238
4
-245
-171
67
205
116
-150
-242
-3
189
159
-55
-191
-102
81
161
42
-94
-130
-95
101
215
58
-222
-220
49
236
188
-107
-335
-126
214
296
46
-250
-253
33
217
167
-27
-225
-188
23
243
153
-144
-291
-88
239
224
-109
-287
-122
185
218
-43
-224
-121
112
177
21
-158
-135
27
169
161
-70
-252
-107
177
256