#4
432
162
-69
-80
50
119
168
209
164
-33
-169
90
431
400
-151
-489
-2
728
640
-174
-735
-233
748
853
-24
-731
-368
585
850
101
-591
-342
393
596
131
-253
-166
157
284
156
18
23
50
29
99
235
112
-144
-173
220
462
202
-253
-427
21
619
518
-179
-582
-212
530
709
60
-563
-395
311
683
297
-368
-417
92
411
309
92
-76
-176
-86
169
371
335
-101
-471
-194
527
750
84
-686
-490
433
932
303
-654
-657
209
852
501
-412
-673
-1
642
507
-61
-383
-193
181
370
256
-35
-219
-104
176
312
195
-31
-225
-91
285
440
117
-338
-296
246
568
226
-321
-392
149
618
376
-314
-479
74
555
482
-67
-449
-155
385
481
115
-241
-191
115
282
235
105
-73
-181
-18
290
389
106
-271
-319
103
552
401
-193
-445
-116
392
530
95
-354
-319
174
489
264
-161
-294
-45
343
385
80
-272
-315
149
531
374
-127
-486
-247
422
681
214
-510
-575
206
795
421
-429
-613
26
594
461
-163
-447
-97
386
400
-46
-294
-100
217
267
100
-143
-190
52
280
203
-14
-157
-173
13
290
280
-14
-276
-259
143
473
298
-250
-535
-79
577
557
-163
-624
-241
397
574
195
-330
-448
8
446
363
-7
-264
-257
30
372
409
-3
-423
-320
237
622
273
-412
-533
-6
579
525
-148
-604
-268
405
599
174
-360
-445
7
465
388
-79
-374
-176
245
358
126
-164
-202
4
233
246
51
-199
-151
118
315
183
-138
-261
-20
346
355
-83
-358
-84
324
415
99
-338
-269
183
455
248
-185
-330
-59
332
390
53
-277
-242
126
374
219
-86
-199
-117
89
286
237
-35
-224
-200
102
446
297
-223
-460
-61
458
428
-44
-424
-241
321
497
105
-377
-370
183
575
265
-280
-376
-76
344
430
62
-330
-315
116
450
295
-174
-389
-118
292
401
88
-331
-294
159
441
147
-239
-268
14
332
277
-152
-370
-70
388
319
-102
-309
-223
130
387
170
-172
-299
-140
212
346
156
-200
-389
-138
371
519
5
-522
-385
209
568
326
-265
-507
-134
387
379
11
-198
-237
-98
235
393
146
-313
-397
11
474
451
-140
-574
-306
388
645
96
-565
-510
201
667
374
-339
-616
-117
503
490
-87
-488
-235
292
379
34
-224
-141
79
171
143
38
-138
-143
41
203
194
-6
-224
-178
191
414
107
-349
-313
150
549
327
-346
-545
37
600
450
-203
-570
-160
486
495
-32
-417
-261
239
407
124
-172
-161
-37
37
166
224
53
-178
-277
-10
411
373
-140
-536
-202
460
587
-4
-607
-407
441
717
114
-637
-557
315
786
262
-483
-533
5
515
446
-84
-424
-272
182
435
205
-181
-335
-120
237
339
78
-253
-281
51
351
240
-129
-287
-107
211
336
1
-402
-240
293
474
45
-421
-429
125
565
233
-329
-462
-46
371
307
-39
-269
-239
-14
250
338
13
-347
-317
21
401
427
-48
-544
-379
299
574
197
-341
-536
-102
504
546
-46
-568
-408
260
606
279
-392
-574
-65
487
490
-96
-578
-323
316
526
162
-265
-423
-144
304
430
81
-377
-361
78
424
283
-174
-394
-79
338
315
-50
-339
-168
199
315
74
-212
-230
56
288
231
-90
-323
-106
213
368
157
-286
-357
77
443
314
-165
-408
-146
282
423
87
-299
-307
49
361
272
-53
-274
-219
81
332
245
-102
-331
-153
164
331
191
-172
-354
-97
290
340
-11
-278
-243
135
423
220
-309
-476
27
573
413
-178
-564
-321
369
634
158
-477
-510
116
574
324
-285
-487
-68
344
331
22
-268
-273
17
345
280
-139
-361
-150
251
378
-19
-423
-259
275
429
45
-359
-404
61
461
275
-211
-418
-151
241
318
83
-201
-334
-110
269
393
38
-397
-366
35
434
413
-72
-556
-369
288
542
205
-285
-515
-171
422
561
23
-533
-411
163
559
314
-315
-566
-150
427
538
-13
-565
-407
219
507
288
-220
-529
-209
367
486
7
-439
-312
148
404
175
-213
-323
-30
298
258
-60
-282
-168
154
288
80
-168
-195
-7
210
257
-28
-290
-196
165
416
203
-303
-415
29
474
393
-167
-509
-194
351
475
75
-382
-353
104
434
249
-177
-297
-121
84
265
239
-68
-296
-182
85
340
279
-142
-438
-184
309
429
51
-353
-369
119
514
324
-313
-613
-102
609
575
-126
-683
-450
387
772
198
-558
-608
97
662
389
-315
-563
-122
376
374
-14
-301
-226
48
273
187
-73
-241
-162
138
315
83
-355
-331
182
453
148
-346
-496
-21
488
359
-181
-501
-246
280
429
90
-295
-379
-59
306
364
-24
-378
-318
36
365
397
-46
-492
-382
191
498
293
-202
-550
-264
402
624
70
-607
-503
194
693
351
-454
-666
-87
538
555
-108
-645
-367
303
533
210
-279
-496
-157
355
448
5
-425
-309
165
382
148
-216
-293
-16
270
216
-26
-251
-185
108
280
153
-155
-249
-58
205
292
17
-283
-224
77
414
288
-246
-433
-83
410
427
-54
-441
-266
228
461
173
-266
-409
-43
378
345
-25
-289
-266
7
280
297
-13
-270
-234
-1
310
341
-71
-464
-277
278
500
112
-414
-468
138
626
341
-420
-706
-18
741
560
-308
-752
-261
540
655
-24
-566
-400
207
531
196
-300
-376
-15
243
215
25
-147
-215
-68
209
271
9
-278
-248
105
389
137
-385
-407
164
518
194
-390
-545
-15
532
356
-234
-522
-191
290
404
54
-304
-315
-60
271
332
10
-333
-316
-36
311
445
56
-519
-490
143
569
377
-242
-644
-291
470
699
47
-672
-534
239
705
294
-496
-640
-27
539
474
-139
-568
-315
270
441
200
-192
-414
-231
224
442
153
-362
-413
43
407
254
-171
-366
-104
305
286
-41
-273
-189
106
272
127
-155
-246
-62
240
268
-28
-290
-189
152
389
205
-279
-398
-12
416
379
-85
-420
-257
225
461
177
-267
-423
-59
396
378
-49
-345
-249
65
306
275
-86
-291
-191
49
327
282
-113
-432
-223
290
447
80
-382
-427
117
562
342
-329
-656
-79
643
551
-200
-659
-359
367
658
178
-459
-540
26
552
384
-210
-478
-165
243
325
104
-200
-286
-65
264
270
-50
-266
-187
91
325
112
-320
-334
133
415
107
-308
-349
-58
325
299
-73
-344
-269
84
319
212
-126
-364
-257
167
460
194
-353
-492
-77
416
454
16
-492
-457
149
519
300
-213
-544
-258
370
569
86
-495
-480
77
567
381
-282
-579
-194
343
471
55
-428
-411
48
410
364
-69
-451
-367
145
520
255
-338
-521
-27
464
331
-172
-412
-130
280
311
-4
-299
-224
123
257
125
-115
-197
-74
153
232
27
-207
-191
53
324
250
-187
-375
-98
326
425
3
-396
-327
151
473
251
-235
-465
-122
415
430
-71
-388
-248
122
338
181
-132
-221
-112
44
221
254
-52
-351
-249
188
406
153
-307
-408
75
486
318
-240
-587
-183
545
594
-127
-599
-312
262
569
193
-376
-469
-16
460
344
-155
-419
-147
224
273
76
-180
-235
-28
214
194
-44
-197
-150
66
240
122
-206
-339
19
391
218
-228
-448
-183
376
460
-51
-507
-374
180
501
209
-335
-445
-100
286
366
56
-297
-337
-98
268
436
118
-410
-499
-3
499
436
-119
-602
-411
358
726
134
-631
-575
164
693
344
-454
-614
-40
468
406
-106
-441
-271
140
331
240
-64
-383
-319
118
455
258
-288
-466
-56
361
306
-89
-326
-171
166
277
107
-210
-278
8
252
198
-64
-222
-151
118
313
97
-272
-275
86
359
297
-146
-441
-156
334
436
52
-409
-375
142
479
272
-209
-445
-130
330
390
28
-288
-292
-21
287
304
-22
-279
-253
2
324
350
-24
-442
-378
178
546
271
-363
-569
17
605
431
-280
-698
-204
595
643
-104
-641
-405
258
647
231
-381
-509
-40
448
360
-126
-401
-174
164
289
115
-135
-244
-101
155
243
64
-180
-265
-7
322
193
-252
-393
38
437
218
-255
-485
-142
404
408
-111
-449
-296
175
383
148
-205
-303
-141
100
284
192
-174
-372
-198
195
463
208
-370
-562
-23
497
380
-82
-461
-384
197
593
244
-435
-556
35
506
379
-202
-522
-194
265
434
104
-400
-413
68
405
233
-90
-328
-268
75
354
242
-173
-388
-146
254
348
18
-307
-250
98
310
166
-174
-322
-49
275
271
-76
-323
-172
220
397
30
-366
-247
154
382
240
-228
-422
-68
384
418
-46
-429
-289
193
452
183
-223
-373
-92
313
347
0
-254
-260
-46
252
304
39
-255
-283
-18
312
355
-36
-441
-329
217
498
189
-357
-494
50
554
380
-251
-631
-209
528
611
-34
-588
-463
164
643
373
-341
-637
-148
509
513
-95
-525
-258
230
359
101
-204
-286
-39
227
241
-17
-253
-226
80
338
169
-316
-413
55
478
256
-277
-518
-162
392
438
-54
-456
-350
123
405
226
-197
-388
-192
135
398
211
-254
-460
-197
283
521
200
-456
-617
-11
575
438
-132
-560
-393
286
643
196
-501
-548
81
540
367
-244
-541
-179
294
406
92
-348
-413
-13
347
323
44
-337
-415
-10
436
373
-170
-516
-194
349
420
-35
-391
-224
200
330
84
-239
-258
31
250
160
-75
-191
-93
110
225
84
-175
-211
-2
265
301
-71
-361
-154
231
363
78
-271
-281
29
313
271
-79
-323
-171
207
336
103
-197
-298
-106
242
357
42
-308
-257
54
238
253
-5
-290
-255
88
331
171
-145
-334
-113
307
379
6
-476
-358
277
608
192
-451
-595
3
662
475
-271
-657
-223
510
556
-112
-570
-256
314
367
39
-263
-236
36
206
133
-52
-120
-97
-34
147
176
-98
-308
-83
301
314
-115
-518
-289
346
503
15
-486
-399
118
447
247
-212
-409
-206
153
398
218
-252
-458
-183
273
476
162
-386
-512
-14
467
366
-91
-447
-359
165
546
287
-357
-555
-109
467
512
-94
-612
-343
276
557
190
-439
-525
4
452
374
-51
-434
-368
127
434
269
-229
-429
-128
271
332
8
-268
-242
74
298
172
-153
-296
-84
213
265
27
-245
-270
70
396
206
-282
-366
-13
411
419
-150
-533
-211
356
539
79
-445
-420
98
507
321
-218
-474
-145
355
411
6
-314
-244
25
231
212
9
-170
-172
-58
125
282
143
-266
-396
-4
463
345
-209
-531
-154
472
514
-68
-622
-393
396
688
116
-542
-519
114
599
346
-264
-509
-169
341
441
21
-372
-274
69
285
202
-63
-278
-194
135
339
99
-273
-279
34
319
215
-230
-409
-53
410
333
-173
-545
-252
347
474
31
-422
-393
51
399
281
-146
-379
-247
102
365
251
-172
-449
-248
225
523
251
-397
-616
-76
524
491
-79
-577
-457
228
690
302
-496
-649
-4
618
474
-269
-647
-220
385
497
45
-458
-425
97
405
285
-41
-395
-385
82
487
321
-246
-530
-151
393
409
-38
-416
-296
181
415
164
-249
-411
-66
354
323
-95
-346
-175
215
355
38
-318
-220
96
341
263
-183
-387
-102
306
359
23
-303
-273
69
319
215
-85
-266
-147
129
276
156
-106
-253
-176
88
329
189
-193
-299
-104
214
364
104
-361
-393
85
470
266
-243
-457
-80
424
413
-96
-524
-327
352
626
146
-491
-540
30
600
454
-232
-588
-262
386
548
37
-472
-371
146
402
189
-187
-323
-103
227
262
-19
-215
-178
65
238
128
-205
-319
-12
348
250
-149
-450
-241
322
441
10
-422
-387
79
411
226
-177
-336
-175
71
264
243
-67
-347
-321
66
503
393
-284
-701
-231
520
635
35
-668
-593
220
800
377
-536
-741
-10
678
513
-300
-667
-189
358
426
65
-334
-364
-12
278
313
112
-305
-468
-35
468
380
-209
-511
-176
349
395
-30
-342
-249
135
344
139
-216
-310
-13
241
215
-32
-182
-165
34
233
173
-117
-248
-112
248
397
1
-409
-307
216
495
188
-326
-402
-7
376
344
-60
-373
-252
177
377
169
-155
-319
-189
177
425
155
-290
-346
-83
286
418
45
-413
-432
113
518
280
-272
-527
-100
516
476
-131
-632
-386
410
766
120
-610
-538
80
580
450
-208
-587
-272
363
532
52
-443
-343
111
338
168
-135
-239
-119
129
236
78
-160
-236
-68
223
268
-106
-363
-145
287
304
-75
-346
-280
114
402
174
-286
-423
-90
302
370
35
-382
-415
-3
420
380
-114
-478
-333
172
519
310
-320
-604
-135
445
466
12
-465
-437
132
561
306
-309
-560
-155
449
530
-75
-568
-344
212
496
210
-339
-489
-41
396
291
-8
-230
-329
-71
305
315
-52
-365
-237
171
359
111
-254
-312
12
320
228
-116
-320
-116
227
264
7
-209
-212
47
303
192
-192
-332
-67
357
433
-98
-511
-250
331
524
115
-411
-448
76
475
321
-143
-389
-205
192
355
156
-137
-285
-199
109
383
216
-199
-372
-193
256
479
121
-416
-494
84
552
330
-280
-557
-73
514
426
-119
-570
-337
376
637
105
-505
-453
41
506
401
-163
-504
-265
284
496
87
-383
-344
64
310
194
-96
-241
-130
98
232
109
-131
-238
-95
204
265
-78
-372
-146
306
313
-70
-382
-301
163
444
151
-330
-432
-71
353
356
-58
-368
-281
34
299
274
-56
-345
-325
36
445
413
-175
-624
-313
351
594
184
-487
-649
19
710
513
-355
-759
-219
576
656
-106
-708
-367
331
544
123
-423
-435
45
370
213
-21
-164
-298
-161
217
398
76
-379
-356
99
408
189
-236
-351
-4
311
214
-104
-297
-123
177
253
47
-189
-219
15
268
210
-152
-297
-79
290
388
-46
-406
-239
244
438
116
-303
-330
5
298
273
21
-256
-260
32
316
254
-36
-304
-293
85
420
247
-213
-365
-179
233
470
157
-423
-496
75
564
334
-288
-563
-93
506
442
-95
-505
-356
258
619
201
-406
-487
-70
451
488
-65
-526
-366
269
569
143
-411
-418
81
371
199
-124
-263
-127
123
243
74
-154
-211
-18
209
179
-122
-307
-88
277
276
-79
-352
-290
188
417
96
-311
-373
-54
280
297
19
-281
-315
-54
298
337
-37
-392
-353
37
471
446
-158
-686
-330
436
587
67
-488
-526
70
587
395
-267
-588
-195
373
496
51
-458
-420
70
421
326
-179
-485
-222
249
372
189
-186
-469
-225
301
507
65
-467
-413
145
493
218
-287
-429
-49
380
319
-133
-409
-145
255
307
-2
-253
-197
69
288
168
-174
-283
-48
225
326
49
-302
-310
96
433
297
-196
-466
-182
345
483
91
-431
-409
115
501
297
-193
-436
-234
230
446
153
-256
-341
-143
234
403
138
-290
-442
-38
427
358
-100
-469
-240
338
480
107
-463
-495
130
649
371
-317
-605
-213
463
605
5
-586
-446
267
630
209
-467
-491
94
440
203
-186
-301
-68
199
212
-24
-156
-114
8
116
140
-66
-248
-98
214
247
-12
-318
-330
134
431
143
-310
-404
-51
327
310
-56
-326
-256
14
266
293
-17
-360
-361
8
447
430
-120
-612
-354
339
557
166
-389
-589
-55
568
516
-169
-656
-309
362
601
113
-518
-467
64
474
327
-206
-474
-200
246
355
177
-190
-463
-194
315
467
47
-439
-394
149
465
151
-295
-324
40
301
185
-92
-243
-134
115
214
95
-121
-212
-43
228
230
-90
-268
-112
206
349
51
-352
-273
156
432
217
-247
-414
-66
318
353
26
-307
-274
74
318
226
-72
-256
-226
59
306
233
-123
-296
-157
111
333
210
-237
-399
-62
371
314
-132
-346
-160
243
354
71
-321
-378
41
506
366
-219
-548
-251
399
576
34
-511
-411
199
532
173
-356
-376
26
275
200
5
-206
-241
5
269
223
-88
-308
-197
203
356
15
-415
-300
257
461
94
-455
-523
133
608
271
-390
-554
-81
409
368
-66
-371
-260
-3
249
271
25
-305
-365
-54
397
496
-42
-631
-442
289
630
241
-425
-668
-53
679
554
-281
-729
-260
462
626
23
-600
-437
173
502
253
-272
-456
-118
292
279
83
-142
-328
-185
189
388
108
-351
-345
94
366
188
-193
-322
-64
263
278
-31
-329
-203
173
307
80
-214
-241
15
297
218
-175
-307
-51
277
348
6
-379
-233
193
395
134
-225
-317
-49
247
291
83
-202
-315
-29
298
334
-15
-327
-310
67
407
304
-196
-403
-153
199
364
172
-220
-393
-119
328
371
-4
-377
-324
184
486
215
-342
-521
-10
566
459
-183
-607
-346
360
663
142
-527
-533
111
597
331
-324
-504
-68
362
295
-63
-292
-187
102
262
115
-152
-239
-43
160
219
-20
-351
-195
281
367
-28
-430
-348
190
466
132
-346
-395
-39
302
301
-23
-316
-264
-20
242
297
-3
-336
-345
0
400
412
-92
-571
-366
305
545
193
-384
-564
-55
538
480
-190
-604
-270
346
584
72
-530
-405
153
426
185
-248
-349
-68
218
181
91
-51
-283
-263
101
426
213
-333
-445
30
439
241
-213
-352
-60
301
252
-84
-301
-112
163
202
36
-153
-154
15
198
166
-85
-218
-112
141
346
125
-301
-316
77
430
272
-218
-438
-131
332
421
48
-340
-330
60
395
267
-116
-303
-195
80
319
229
-141
-310
-157
137
353
203
-222
-422
-133
368
404
-41
-438
-303
290
498
103
-372
-470
37
551
411
-231
-529
-231
273
536
148
-399
-448
30
461
337
-178
-439
-167
208
324
105
-210
-283
-30
259
223
-77
-270
-139
129
262
64
-275
-254
119
332
125
-297
-425
1
433
285
-212
-458
-185
262
358
62
-267
-307
-85
215
316
75
-300
-391
-82
364
499
3
-566
-475
190
595
324
-333
-649
-181
530
600
-76
-644
-409
271
647
200
-492
-511
28
442
324
-133
-443
-229
188
316
185
-86
-362
-283
149
414
178
-274
-370
-13
306
244
-104
-279
-111
175
244
30
-246
-216
92
265
134
-142
-235
-73
234
287
-57
-324
-189
226
463
79
-450
-367
224
542
183
-341
-415
13
362
293
-24
-275
-243
58
276
248
-35
-263
-242
35
316
254
-122
-303
-207
108
381
245
-180
-446
-191
347
467
34
-486
-390
268
555
164
-398
-490
43
553
371
-237
-483
-210
247
472
170
-329
-432
-18
427
321
-162
-382
-125
190
206
69
-107
-169
-75
107
182
35
-164
-184
29
255
118
-269
-282
141
393
70
-351
-410
17
488
299
-289
-485
-119
304
362
17
-322
-303
-49
236
312
31
-315
-356
-56
379
444
-38
-527
-425
204
546
299
-286
-631
-224
520
652
-68
-692
-438
320
714
168
-602
-547
147
538
257
-262
-441
-126
282
278
13
-102
-205
-223
45
332
227
-174
-400
-120
317
340
-56
-377
-191
223
327
37
-293
-236
100
274
132
-127
-236
-91
215
289
-46
-321
-173
198
419
127
-364
-358
88
431
278
-187
-375
-138
231
332
113
-196
-296
-57
253
305
27
-246
-287
-35
304
340
-17
-325
-316
18
449
357
-195
-555
-205
441
504
-50
-543
-334
342
543
96
-407
-454
66
521
358
-203
-464
-237
233
481
161
-319
-434
-24
425
352
-133
-443
-173
253
292
11
-256
-177
66
197
126
-83
-183
-101
107
236
14
-300
-203
210
319
-32
-301
-270
56
344
188
-212
-345
-128
171
282
101
-184
-303
-177
158
381
142
-303
-414
-105
331
477
75
-491
-514
111
552
380
-239
-653
-270
494
650
-40
-664
-416
314
650
116
-536
-433
162
423
154
-211
-272
-81
122
120
96
113
-196
-382
-24
413
336
-207
-484
-145
376
394
-104
-395
-144
227
280
-12
-239
-145
69
191
97
-77
-150
-79
131
225
14
-216
-195
85
365
262
-245
-465
-42
456
406
-119
-473
-268
254
485
192
-281
-437
-85
379
414
-5
-379
-337
60
412
317
-157
-390
-198
163
367
208
-180
-403
-168
290
411
65
-415
-397
211
517
180
-315
-455
-50
448
410
-68
-406
-362
69
511
365
-243
-553
-152
425
431
-91
-429
-200
211
259
4
-162
-115
3
86
94
17
-75
-135
-39
164
131
-165
-271
59
312
156
-219
-427
-106
400
371
-141
-485
-280
233
412
123
-271
-359
-148
218
417
128
-356
-469
-60
436
470
-41
-538
-435
223
531
210
-247
-474
-227
339
540
111
-481
-499
56
612
378
-344
-574
-82
407
341
-112
-378
-193
147
222
123
15
-209
-291
-17
331
298
-134
-433
-180
294
384
-4
-350
-251
160
357
128
-269
-317
34
294
227
-121
-295
-109
212
318
-10
-317
-199
165
387
220
-290
-426
7
421
324
-128
-391
-178
219
365
166
-198
-348
-94
282
343
42
-249
-304
-64
268
351
38
-290
-358
-27
420
432
-96
-585
-334
362
572
95
-522
-477
247
604
193
-382
-492
1
516
405
-173
-495
-262
251
502
180
-347
-451
-5
447
330
-157
-441
-159
270
267
-17
-197
-150
32
157
117
-40
-149
-125
46
232
108
-260
-319
95
403
181
-292
-524
-76
508
405
-223
-550
-241
290
437
91
-297
-365
-109
227
348
96
-277
-369
-127
285
500
107
-500
-542
118
561
339
-209
-609
-292
433
648
49
-615
-489
205
627
305
-430
-589
-27
464
358
-157
-421
-179
173
206
110
44
-174
-301
-85
293
367
-81
-463
-244
277
402
27
-327
-234
104
297
125
-190
-266
-14
250
180
-89
-233
-110
188
295
4
-309
-219
151
391
201
-299
-378
13
387
325
-63
-412
-240
223
391
136
-204
-322
-51
261
298
45
-212
-286
-91
253
364
23
-335
-276
59
334
315
-114
-443
-238
266
445
117
-401
-412
175
480
177
-271
-399
-35
361
346
-11
-336
-337
37
448
347
-194
-511
-172
400
464
-50
-485
-266
229
335
80
-222
-205
21
181
145
-45
-171
-101
63
193
61
-208
-244
62
322
176
-220
-446
-99
414
373
-153
-501
-249
222
409
131
-257
-337
-130
168
332
135
-220
-368
-198
252
521
170
-485
-583
61
594
401
-208
-624
-300
410
613
58
-561
-462
154
569
312
-346
-540
-90
374
352
-64
-371
-246
96
261
210
20
-285
-373
4
429
346
-211
-513
-160
404
388
-115
-416
-172
249
333
14
-282
-218
93
238
127
-121
-227
-73
191
253
-9
-248
-172
96
342
211
-221
-359
-58
315
379
-6
-368
-292
103
396
274
-143
-424
-185
288
428
87
-308
-351
-25
331
309
-69
-302
-150
46
211
247
3
-298
-297
122
408
209
-237
-466
-67
469
426
-121
-564
-312
391
632
81
-522
-454
77
537
372
-242
-522
-146
386
401
-53
-390
-199
193
231
18
-145
-127
-7
86
120
12
-122
-124
1
179
130
-154
-282
3
312
229
-174
-472
-180
359
429
-41
-473
-343
128
441
217
-243
-402
-188
202
414
149
-323
-388
-96
280
436
121
-446
-502
52
512
406
-158
-609
-348
378
655
104
-585
-514
159
623
330
-413
-579
-41
438
360
-134
-415
-188
183
226
68
12
-146
-276
-72
295
314
-103
-414
-181
249
361
-3
-298
-194
137
242
67
-158
-178
-15
153
171
-14
-172
-155
77
273
111
-228
-263
54
398
272
-256
-438
-54
422
400
-96
-447
-251
252
437
123
-266
-310
-16
290
279
-11
-218
-212
-39
184
265
50
-195
-234
-79
217
346
57
-352
-365
106
471
251
-321
-508
27
563
332
-250
-552
-170
445
524
-24
-466
-363
62
463
367
-151
-484
-251
276
465
90
-371
-334
72
300
176
-83
-245
-139
105
211
83
-130
-202
-27
226
181
-180
-338
-16
332
258
-148
-491
-221
374
461
-58
-524
-342
199
439
169
-261
-335
-136
109
326
194
-204
-374
-182
195
443
226
-321
-564
-131
445
511
15
-581
-499
240
712
280
-507
-623
10
657
426
-361
-610
-87
423
341
-113
-365
-171
158
205
25
2
-13
-215
-190
142
326
77
-327
-292
129
370
103
-259
-250
45
273
166
-129
-262
-57
206
224
-35
-235
-189
140
345
117
-316
-329
54
473
330
-282
-492
-74
432
409
-41
-406
-277
145
392
236
-143
-360
-177
226
399
113
-249
-359
-101
282
386
58
-316
-314
-13
331
367
-55
-455
-312
233
492
169
-366
-459
48
524
309
-197
-493
-226
336
535
102
-416
-428
-15
454
442
-91
-496
-328
254
522
128
-408
-383
115
360
145
-182
-243
-24
171
161
-31
-158
-112
42
168
90
-147
-238
2
252
149
-141
-288
-173
192
336
48
-306
-334
-20
318
290
-76
-364
-309
63
440
302
-231
-517
-227
318
556
163
-470
-594
20
552
409
-128
-564
-392
284
636
222
-479
-593
6
617
448
-312
-628
-157
417
389
-61
-360
-248
94
213
97
47
-87
-253
-131
173
292
22
-296
-242
127
326
96
-229
-241
43
258
163
-149
-264
-37
207
214
-35
-232
-145
118
290
77
-245
-243
40
360
293
-176
-431
-122
350
410
10
-375
-285
123
380
242
-133
-369
-163
250
364
72
-225
-279
-88
221
315
63
-218
-269
-98
276
379
30
-404
-351
149
470
232
-300
-495
-9
510
367
-165
-526
-263
371
571
86
-446
-461
5
525
442
-184
-562
-243
378
506
-18
-461
-293
213
336
75
-213
-207
2
170
135
-51
-132
-94
17
170
134
-163
-333
-21
354
260
-180
-431
-231
292
468
29
-448
-406
77
422
289
-160
-432
-269
149
415
213
-221
-437
-218
252
508
177
-397
-552
-37
454
399
-46
-476
-401
189
566
261
-388
-536
-18
527
399
-247
-558
-162
357
357
-33
-327
-224
79
175
79
75
-53
-274
-189
174
394
87
-383
-356
128
430
127
-260
-271
45
262
153
-136
-225
-34
159
132
8
-101
-159
-4
234
176
-119
-275
-83
296
380
-77
-470
-227
342
516
62
-446
-385
130
483
291
-195
-440
-158
306
374
43
-226
-261
-93
190
322
93
-204
-300
-128
259
448
85
-484
-490
186
642
287
-448
-602
65
642
382
-290
-610
-206
492
577
-47
-503
-363
104
479
341
-198
-497
-178
351
419
-7
-386
-245
161
262
41
-131
-116
-18
28
100
91
-23
-157
-129
121
231
-49
-332
-109
314
293
-130
-465
-255
339
487
-32
-496
-354
170
406
178
-190
-323
-174
83
308
208
-126
-350
-260
124
457
323
-287
-629
-180
499
526
-9
-563
-508
221
697
280
-480
-611
-11
600
461
-266
-642
-233
406
474
4
-429
-319
108
317
131
16
-161
-312
-107
266
364
2
-393
-323
155
423
160
-273
-339
16
318
239
-137
-328
-103
216
284
1
-259
-228
126
364
119
-299
-299
58
366
308
-153
-431
-153
318
405
67
-325
-331
43
331
299
-11
-346
-254
127
367
193
-150
-331
-191
165
417
174
-252
-368
-104
288
379
43
-378
-343
133
457
208
-334
-462
75
499
258
-213
-433
-154
323
441
48
-346
-312
-20
319
356
-20
-365
-307
145
432
159
-306
-337
58
279
110
-116
-142
-48
57
99
48
-58
-103
-50
114
129
-103
-253
-52
273
245
-112
-435
-255
299
454
22
-426
-385
83
397
250
-133
-354
-270
79
356
254
-150
-412
-258
174
484
274
-335
-587
-113
488
430
-35
-502
-437
191
618
290
-404
-582
-61
490
470
-124
-561
-273
258
397
88
-281
-298
-19
202
158
115
-53
-357
-255
233
465
78
-418
-388
148
466
150
-294
-322
38
319
198
-163
-279
-61
224
228
-50
-210
-129
113
259
74
-215
-241
49
312
275
-112
-389
-155
271
401
94
-295
-350
-2
383
328
-69
-391
-253
229
417
123
-260
-304
-68
223
274
81
-186
-232
-95
122
339
190
-254
-452
-78
433
424
-140
-545
-211
405
492
25
-503
-450
194
665
292
-414
-526
-91
427
504
-41
-499
-346
212
484
146
-320
-344
48
248
137
-47
-144
-103
12
120
102
-33
-158
-108
124
193
-49
-300
-128
269
317
-79
-457
-302
293
487
69
-447
-438
56
438
288
-162
-407
-262
124
390
236
-208
-409
-185
187
395
223
-243
-486
-156
332
434
80
-441
-516
103
630
362
-370
-620
-109
505
537
-122
-655
-328
324
525
117
-392
-415
29
342
196
-1
-169
-312
-103
285
339
-30
-394
-264
180
396
95
-301
-269
72
294
166
-147
-272
-54
202
190
-21
-155
-133
24
210
184
-119
-286
-100
266
411
6
-437
-292
257
496
144
-355
-409
33
411
310
-87
-337
-202
138
322
181
-116
-302
-179
144
364
127
-231
-272
-47
197
305
78
-301
-327
55
377
254
-156
-425
-145
385
438
-26
-503
-378
251
598
230
-386
-488
-94
392
490
-12
-476
-341
193
490
162
-331
-372
53
320
150
-141
-188
-39
83
111
45
-44
-120
-72
103
184
-53
-297
-132
285
320
-102
-487
-275
343
505
-18
-518
-354
196
419
131
-251
-300
-91
98
204
142
-65
-238
-231
9
353
331
-136
-525
-272
310
501
176
-430
-573
17
610
432
-300
-637
-173
493
569
-105
-646
-329
303
484
107
-334
-388
-48
313
238
-14
-124
-238
-184
164
334
109
-276
-336
14
349
227
-150
-320
-65
239
234
-46
-272
-162
154
265
56
-202
-228
67
319
138
-259
-278
46
358
303
-171
-439
-113
326
377
49
-282
-280
10
272
257
-1
-271
-219
87
296
218
-86
-302
-221
147
364
162
-175
-279
-163
134
379
177
-283
-416
-20
430
319
-133
-457
-199
380
443
9
-435
-400
155
560
310
-304
-480
-201
332
555
92
-483
-459
145
560
252
-316
-475
-21
382
214
-154
-223
-28
123
92
-16
-52
-45
-37
51
121
-19
-203
-117
180
245
-1
-336
-309
155
411
144
-291
-399
-62
301
292
-21
-276
-269
-66
243
332
9
-370
-365
48
463
408
-195
-620
-285
399
545
90
-489
-530
106
618
349
-358
-605
-86
495
496
-134
-555
-278
236
413
106
-266
-311
-70
198
197
102
-42
-330
-260
191
410
134
-334
-387
58
392
186
-217
-278
0
231
146
-65
-180
-80
82
151
92
-79
-209
-71
209
222
-50
-267
-175
204
445
68
-433
-332
214
501
177
-311
-383
-24
302
320
39
-305
-291
96
370
228
-122
-327
-223
127
380
192
-198
-312
-157
196
411
150
-319
-425
-10
429
319
-118
-465
-202
347
422
48
-379
-400
71
507
364
-200
-479
-276
272
563
133
-432
-471
106
538
252
-333
-398
35
308
144
-125
-167
-1
72
62
8
-6
-53
-107
28
178
20
-242
-173
186
301
5
-350
-358
119
481
204
-333
-480
-96
359
373
-29
-358
-334
-18
355
369
-99
-462
-316
146
462
319
-222
-551
-241
317
488
163
-371
-545
-48
545
468
-215
-612
-233
423
556
-60
-576
-323
260
436
119
-286
-351
-48
247
204
58
-65
-298
-231
152
408
150
-340
-405
66
394
208
-191
-298
-65
223
217
-12
-204
-180
58
218
155
-107
-266
-74
293
315
-132
-409
-164
324
499
9
-514
-342
272
563
162
-380
-415
29
372
292
-13
-280
-260
60
313
241
-83
-259
-186
60
261
196
-41
-216
-243
18
378
303
-208
-496
-158
405
494
-18
-581
-357
382
582
98
-507
-518
139
655
361
-341
-545
-179
374
534
42
-456
-386
135
457
196
-248
-304
9
191
73
-37
-29
-47
-70
26
109
72
-94
-182
0
225
80
-286
-201
210
302
-20
-350
-315
148
414
116
-267
-365
-71
251
289
27
-287
-306
-39
283
322
-30
-370
-334
38
434
388
-138
-563
-325
276
566
225
-433
-635
-11
641
486
-275
-679
-218
476
581
-56
-588
-351
258
420
93
-276
-277
-16
205
136
35
-28
-213
-203
76
315
195
-233
-398
-39
370
285
-160
-373
-83
270
271
-56
-276
-151
145
255
70
-181
-231
-18
282
256
-146
-356
-109
298
413
-8
-421
-279
226
473
151
-291
-387
-39
333
331
17
-290
-312
57
372
265
-106
-317
-191
102
297
229
-102
-300
-240
95
441
260
-265
-517
-107
463
457
-126
-604
-248
485
568
-39
-578
-422
235
603
302
-325
-496
-180
299
509
153
-361
-464
-22
449
357
-165
-454
-138
288
248
-41
-200
-96
61
134
53
-63
-121
-54
101
153
-28
-244
-138
200
268
-14
-297
-329
97
442
173
-308
-429
-67
307
308
-18
-291
-252
-53
195
306
74
-296
-371
-62
402
440
-79
-583
-359
320
515
113
-343
-490
-37
489
409
-176
-501
-249
282
505
81
-438
-395
73
378
233
-152
-340
-173
149
251
160
-16
-341
-313
104
430
224
-297
-434
-24
403
267
-195
-316
-39
241
196
-66
-213
-104
111
190
48
-125
-160
-29
209
209
-95
-269
-79
176
322
95
-314
-310
117
402
235
-158
-372
-188
216
410
178
-276
-393
-11
364
326
-70
-320
-228
67
305
215
-86
-249
-195
76
320
229
-162
-390
-132
330
368
-23
-426
-253
281
439
58
-388
-390
108
521
318
-262
-456
-128
260
392
111
-300
-351
17
363
270
-151
-354
-98
231
198
-49
-186
-55
82
81
-8
-11
-2
-78
-54
102
88
-128
-150
70
199
64
-224
-340
39
388
226
-214
-442
-157
265
353
74
-281
-388
-80
321
376
-32
-409
-339
49
435
382
-139
-567
-318
313
499
154
-323
-525
-86
476
466
-102
-558
-303
262
536
191
-441
-549
-8
498
391
-162
-504
-264
236
358
151
-92
-345
-266
139
386
155
-257
-351
-10
299
232
-110
-264
-63
158
168
-1
-146
-133
31
155
119
-38
-177
-126
155
289
26
-288
-251
144
477
195
-390
-467
108
581
325
-299
-516
-123
386
426
40
-349
-338
78
368
242
-92
-267
-195
31
266
240
-54
-262
-194
47
308
270
-149
-396
-178
300
425
23
-455
-356
283
534
134
-395
-454
66
490
331
-229
-416
-122
201
349
130
-231
-318
-41
297
295
-79
-321
-150
133
200
55
-133
-147
8
132
108
-35
-140
-112
74
224
22
-295
-209
177
354
104
-373
-474
82
524
274
-321
-519
-97
350
352
5
-326
-292
-36
229
290
39
-309
-316
-28
323
384
-33
-478
-361
199
468
227
-241
-544
-165
490
517
-133
-620
-275
385
557
23
-526
-368
181
382
139
-179
-276
-114
139
181
72
22
-153
-320
-40
346
313
-145
-422
-163
302
341
-57
-321
-137
169
240
38
-196
-183
48
190
117
-76
-186
-78
209
252
-94
-333
-125
276
406
27
-419
-295
200
476
190
-275
-371
-42
275
270
42
-181
-244
-40
246
277
-3
-236
-235
-8
255
276
-23
-272
-211
6
309
309
-93
-436
-249
299
441
62
-386
-388
153
502
211
-293
-454
-89
425
481
-50
-455
-349
98
492
316
-245
-485
-128
403
385
-108
-412
-169
229
214
-22
-139
-63
11
62
55
-9
-57
-62
1
121
49
-186
-187
143
296
47
-340
-361
101
457
207
-286
-422
-97
278
275
8
-252
-226
-67
139
271
96
-224
-354
-124
321
478
27
-543
-461
184
564
308
-284
-615
-184
510
570
-89
-628
-361
284
596
154
-470
-448
75
398
240
-159
-333
-176
129
246
143
1
-253
-333
41
401
262
-222
-455
-72
369
301
-125
-329
-113
200
252
11
-195
-186
61
212
108
-77
-178
-84
144
227
-7
-214
-175
97
374
192
-294
-379
42
431
297
-156
-370
-180
215
350
162
-205
-337
-62
294
293
-20
-229
-214
-7
236
260
-33
-235
-208
-10
287
299
-93
-380
-221
243
388
90
-334
-386
141
496
219
-268
-476
-102
425
464
-45
-432
-341
80
472
322
-225
-457
-153
333
411
-22
-401
-250
204
285
-5
-190
-111
81
122
-12
-74
-28
-17
1
74
54
-132
-156
71
209
106
-197
-376
-36
390
291
-196
-451
-193
226
346
103
-224
-298
-138
141
330
147
-251
-389
-111
326
424
29
-454
-400
113
462
332
-202
-594
-256
437
597
-2
-590
-447
227
653
249
-484
-550
24
476
309
-181
-365
-148
143
202
73
26
-148
-289
-66
294
289
-75
-395
-205
262
342
-31
-278
-162
148
230
41
-174
-170
24
165
143
-25
-191
-126
143
260
18
-266
-179
130
422
167
-367
-407
89
472
313
-198
-423
-137
265
346
102
-204
-287
-49
234
265
36
-197
-242
-42
214
268
53
-209
-305
-90
347
447
-66
-534
-327
302
550
92
-462
-412
199
515
208
-301
-483
-92
429
466
-30
-441
-357
86
485
342
-213
-488
-197
331
425
11
-367
-270
155
284
57
-170
-149
52
105
43
-18
-50
-68
-21
112
102
-151
-216
50
275
125
-221
-381
-69
391
325
-161
-465
-196
243
341
70
-232
-280
-98
136
278
122
-181
-326
-173
213
472
143
-429
-524
48
508
403
-171
-618
-271
422
572
-3
-574
-402
253
634
153
-517
-471
137
461
170
-231
-305
-65
169
150
-12
46
-50
-253
-123
201
295
-9
-328
-207
185
298
-9
-242
-112
111
188
41
-149
-123
34
114
76
-24
-110
-100
96
235
21
-257
-177
142
375
130
-326
-316
106
392
203
-169
-277
-109
143
257
153
-72
-281
-175
158
351
155
-219
-351
-84
295
345
-28
-300
-229
33
316
282
-105
-403
-207
279
418
46
-404
-377
190
506
208
-298
-473
-79
456
453
-87
-443
-285
86
417
334
-175
-481
-198
339
444
5
-440
-283
219
371
21
-288
-146
117
166
22
-109
-66
-4
17
88
73
-124
-229
41
292
135
-205
-362
-133
349
375
-89
-448
-278
176
353
145
-165
-279
-195
54
328
242
-176
-433
-237
259
533
168
-463
-537
63
512
363
-167
-570
-273
366
557
58
-512
-411
154
551
239
-382
-474
-1
363
222
-106
-253
-153
59
137
127
127
-121
-387
-170
300
442
-11
-474
-319
248
477
50
-415
-288
202
372
69
-267
-217
46
210
130
-51
-181
-123
105
251
66
-211
-202
54
288
258
-142
-367
-121
308
404
41
-387
-350
118
457
289
-220
-467
-135
389
416
-35
-330
-253
55
293
189
-81
-187
-138
-7
189
274
4
-324
-283
144
416
188
-345
-450
112
511
284
-241
-525
-166
410
557
4
-516
-331
122
402
306
-144
-420
-194
260
376
32
-319
-210
114
194
9
-108
-25
24
9
-5
30
32
-49
-91
47
107
-61
-179
26
208
90
-183
-326
-84
360
326
-155
-460
-215
222
346
106
-223
-293
-125
131
284
134
-188
-342
-164
219
411
130
-357
-444
28
431
294
-97
-471
-323
301
560
89
-465
-443
126
538
235
-344
-432
-17
319
248
-84
-263
-189
70
201
116
44
-137
-309
-94
274
338
-59
-395
-228
219
354
28
-270
-187
88
237
98
-131
-186
-11
130
125
0
-120
-113
61
206
80
-185
-194
40
333
282
-199
-449
-90
416
433
-67
-461
-277
251
429
122
-239
-296
-15
256
232
-15
-175
-164
-42
142
228
77
-134
-236
-143
217
413
68
-415
-401
141
549
285
-415
-612
103
653
329
-341
-552
-108
452
478
-32
-431
-279
52
322
307
-57
-370
-237
170
384
131
-272
-290
36
234
107
-92
-138
-45
71
102
20
-57
-108
-29
130
85
-125
-202
20
268
179
-182
-458
-144
398
383
-125
-456
-256
208
352
104
-205
-273
-124
75
261
181
-124
-331
-256
146
508
253
-405
-594
-23
515
410
-82
-532
-384
278
605
173
-471
-507
72
533
363
-276
-567
-148
366
394
2
-366
-313
71
324
161
-76
-149
-196
-73
194
254
-3
-286
-212
112
277
90
-176
-203
23
217
125
-118
-213
-39
167
177
-15
-197
-153
123
269
58
-243
-188
99
302
190
-221
-343
-6
352
303
-65
-340
-199
143
309
162
-91
-291
-155
162
335
130
-171
-282
-135
172
330
112
-215
-259
-82
183
339
90
-327
-356
82
448
279
-279
-520
-17
494
367
-157
-486
-242
301
514
110
-356
-388
-60
370
407
-41
-406
-286
174
403
124
-258
-295
48
219
94
-78
-111
-23
63
56
0
-21
-32
-24
51
38
-123
-147
102
239
60
-234
-353
-46
384
296
-174
-426
-187
211
302
77
-177
-221
-144
54
265
196
-145
-373
-222
213
483
177
-398
-521
4
464
363
-103
-527
-334
338
588
95
-520
-465
138
553
305
-333
-507
-69
340
275
-65
-265
-186
11
173
132
48
-64
-250
-166
171
300
13
-279
-242
135
324
66
-249
-205
100
216
70
-138
-152
14
116
102
-5
-91
-114
32
196
91
-154
-190
-11
282
304
-144
-422
-126
345
413
6
-354
-296
90
376
246
-140
-343
-128
226
306
101
-174
-261
-111
153
300
128
-190
-271
-101
206
385
81
-371
-365
118
434
225
-235
-456
-57
428
373
-78
-459
-331
243
585
229
-369
-504
-111
442
526
-64
-548
-349
286
557
89
-439
-332
156
316
75
-166
-150
-13
89
67
27
-18
-100
-93
102
150
-73
-215
-49
216
211
-97
-418
-200
327
389
-59
-438
-285
162
352
140
-190
-278
-161
82
299
201
-182
-375
-186
216
425
165
-340
-465
-22
386
359
-54
-469
-349
238
513
175
-375
-445
9
447
357
-220
-501
-163
331
341
-38
-309
-219
65
212
79
18
-36
-243
-199
159
339
89
-289
-305
60
339
145
-188
-210
3
168
133
-29
-166
-103
80
163
90
-136
-226
54
313
140
-246
-296
25
420
334
-269
-507
-79
483
460
-117
-484
-264
240
421
150
-198
-309
-84
242
298
6
-220
-169
14
150
144
35
-97
-141
-105
104
335
126
-284
-384
8
427
316
-202
-507
-96
479
400
-132
-481
-276
271
526
160
-344
-410
-71
342
423
17
-410
-347
132
457
204
-273
-365
-16
261
160
-65
-149
-67
29
89
90
-30
-163
-80
181
177
-176
-336
30
394
221
-279
-496
-95
470
370
-205
-480
-210
233
322
91
-201
-250
-124
67
260
153
-148
-306
-182
142
373
217
-245
-487
-132
355
432
40
-473
-441
168
587
262
-389
-547
-60
535
495
-237
-636
-222
414
460
-57
-428
-252
151
250
31
-8
13
-211
-246
107
388
182
-318
-431
52
449
230
-256
-347
-23
326
258
-139
-330
-95
235
265
-21
-241
-176
111
305
79
-247
-227
64
356
252
-199
-400
-70
377
377
-77
-356
-191
161
283
94
-98
-169
-77
99
173
94
-40
-172
-167
40
274
203
-115
-280
-166
169
399
95
-362
-356
130
447
183
-288
-421
19
433
289
-134
-362
-214
165
408
221
-238
-380
-146
255
440
68
-384
-363
132
432
203
-277
-361
27
299
125
-169
-168
36
124
34
-43
-27
-24
-38
63
74
-90
-174
24
225
85
-190
-253
-106
238
316
-50
-365
-262
91
310
176
-124
-314
-189
100
325
170
-207
-344
-156
167
383
199
-290
-478
-76
395
379
-22
-444
-383
190
554
191
-427
-475
72
533
338
-351
-527
-39
405
266
-163
-294
-67
127
108
-23
36
78
-191
-269
78
362
148
-289
-350
85
391
131
-277
-254
110
270
93
-172
-187
12
165
111
-59
-126
-83
60
220
99
-192
-243
23
360
290
-193
-422
-98
345
403
13
-340
-294
64
325
237
-32
-306
-212
145
352
153
-187
-298
-72
204
235
38
-107
-144
-160
65
344
205
-244
-432
-53
398
398
-109
-557
-233
432
544
-3
-536
-429
212
621
297
-359
-508
-102
334
418
30
-380
-281
115
321
180
-155
-287
-53
178
104
-31
-80
-41
9
37
48
14
-68
-84
59
121
-70
-202
-16
231
135
-155
-289
-158
237
314
-11
-322
-274
65
256
181
-69
-276
-228
50
333
229
-198
-400
-168
233
394
139
-301
-429
-55
359
344
-16
-381
-368
113
491
239
-309
-468
-50
450
406
-205
-535
-161
323
350
-63
-309
-183
72
173
99
-8
-67
-157
-142
110
253
57
-216
-222
45
243
128
-130
-194
-29
142
175
-11
-193
-139
78
223
81
-165
-213
39
270
162
-180
-275
-11
302
318
-94
-428
-187
312
460
50
-351
-320
52
354
236
-64
-276
-170
135
264
121
-96
-223
-133
99
237
155
-69
-239
-227
103
434
224
-332
-477
7
488
351
-265
-570
-40
579
370
-245
-504
-153
329
424
64
-307
-287
-22
170
280
153
-194
-293
-86
253
301
-34
-319
-163
167
184
-17
-103
-80
36
96
15
-46
-53
-16
56
82
-83
-196
-13
240
163
-121
-348
-228
246
428
64
-399
-415
54
403
247
-152
-319
-187
79
244
170
-82
-268
-219
49
363
278
-201
-502
-177
396
429
-13
-441
-431
173
567
241
-378
-513
-20
512
428
-237
-577
-198
378
381
-80
-328
-161
101
141
33
-4
41
-96
-230
-21
249
194
-112
-296
-90
218
228
-68
-238
-59
161
159
-45
-152
-56
76
108
19
-71
-124
9
216
127
-174
-237
13
256
295
-32
-359
-218
216
406
136
-273
-330
-30
296
300
-4
-259
-223
67
264
166
-69
-165
-166
-9
244
223
-36
-265
-243
117
413
183
-299
-413
-3
400
321
-159
-465
-94
367
321
-50
-314
-248
86
360
257
-126
-330
-229
101
442
255
-260
-483
-68
441
368
-175
-456
-114
315
254
-110
-233
-69
118
143
-8
-93
-74
18
107
84
-132
-227
24
270
143
-163
-333
-175
277
392
-11
-405
-315
94
326
168
-116
-246
-177
-8
248
269
-52
-346
-313
76
425
326
-203
-533
-191
335
403
73
-337
-439
27
481
320
-240
-459
-125
306
433
9
-482
-350
174
435
157
-260
-331
-93
208
247
63
-110
-239
-203
136
330
92
-261
-290
50
298
137
-183
-205
24
203
125
-102
-178
-20
131
125
-23
-121
-103
64
200
98
-158
-200
-4
227
286
-10
-356
-230
199
427
159
-271
-365
-66
307
343
40
-310
-301
69
363
221
-110
-274
-155
91
275
173
-130
-247
-119
94
305
202
-204
-401
-118
356
422
-23
-552
-309
381
550
61
-479
-446
135
579
340
-278
-500
-184
281
457
123
-344
-364
16
366
280
-146
-362
-116
251
193
-100
-185
-7
124
63
-62
-60
5
-10
61
83
-80
-214
-14
242
164
-117
-333
-206
234
370
30
-355
-333
59
300
170
-84
-233
-198
-9
230
246
-54
-314
-258
79
397
268
-205
-480
-188
310
400
97
-325
-439
-7
466
361
-208
-499
-164
333
452
18
-458
-343
149
391
145
-247
-293
-51
188
172
42
-49
-181
-220
60
316
178
-191
-344
-59
295
235
-113
-260
-40
183
171
-41
-178
-81
77
123
40
-69
-90
-26
140
137
-85
-202
-49
214
313
8
-375
-237
229
409
119
-265
-304
7
274
233
-24
-211
-159
61
212
142
-36
-135
-152
-21
172
203
18
-160
-203
-41
288
291
-111
-402
-188
304
387
-39
-426
-255
325
461
16
-411
-353
143
463
248
-228
-365
-122
201
361
120
-259
-323
-2
330
248
-131
-327
-85
235
166
-108
-157
-10
103
59
-49
-33
-16
-27
38
103
-38
-225
-60
228
221
-82
-388
-282
235
454
91
-372
-407
6
344
285
-85
-336
-223
9
250
282
-16
-321
-312
-7
377
381
-96
-527
-314
266
503
194
-373
-580
-17
590
432
-267
-599
-195
399
549
20
-556
-432
178
504
200
-279
-392
-61
258
195
15
-48
-182
-209
38
269
198
-141
-328
-108
252
274
-47
-271
-125
133
226
28
-225
-169
86
244
91
-167
-223
6
298
209
-166
-322
-90
298
422
-18
-460
-279
243
485
156
-317
-373
-24
310
291
10
-212
-227
9
218
236
29
-216
-271
-36
303
314
-38
-292
-273
58
406
261
-213
-430
-151
333
400
19
-437
-327
273
488
98
-352
-396
21
411
345
-86
-370
-223
99
305
256
-103
-338
-153
206
300
50
-253
-190
65
176
61
-68
-105
-14
62
72
6
-72
-72
60
135
-56
-241
-46
264
171
-124
-320
-179
213
323
37
-281
-300
-11
231
221
0
-215
-216
-81
176
288
49
-292
-335
-25
379
407
-107
-547
-326
274
525
197
-411
-578
2
599
434
-283
-624
-185
439
544
-42
-530
-338
187
422
114
-260
-289
-32
167
127
25
19
-141
-250
2
301
199
-162
-343
-65
305
236
-138
-283
-48
203
193
-38
-208
-121
78
177
78
-91
-165
-40
185
196
-69
-259
-124
224
395
21
-408
-307
198
487
232
-292
-430
-90
338
361
18
-276
-276
40
306
240
-63
-250
-178
68
207
170
-8
-163
-208
-8
292
267
-159
-395
-124
331
363
-24
-435
-281
306
467
63
-348
-342
27
369
336
-66
-378
-231
126
356
221
-168
-370
-108
267
291
-18
-272
-176
142
182
-33
-124
-33
66
45
-19
-6
1
-48
-8
95
-5
-182
-94
183
207
-67
-259
-209
63
322
183
-189
-393
-168
237
373
55
-324
-317
-63
310
356
-61
-418
-299
110
421
281
-246
-484
-129
299
354
60
-306
-377
26
424
311
-208
-480
-172
374
475
-54
-502
-316
222
405
71
-280
-231
14
163
85
-33
-3
-25
-161
-92
156
174
-43
-192
-89
125
149
-26
-115
-31
61
51
2
-53
-42
4
63
77
-7
-112
-54
121
173
-47
-213
-123
182
379
41
-374
-272
203
446
137
-302
-339
18
324
243
-17
-213
-180
31
186
180
11
-156
-176
-26
178
212
50
-175
-287
-64
345
379
-105
-490
-238
313
465
77
-459
-417
244
560
168
-385
-478
21
491
380
-150
-432
-173
167
301
160
-125
-268
-109
153
239
79
-175
-211
6
151
90
-60
-99
-45
69
81
15
-54
-97
7
128
-10
-221
-117
262
251
-139
-347
-214
184
396
87
-349
-375
12
323
234
-75
-274
-162
6
145
211
9
-239
-257
-12
290
344
-55
-443
-308
171
440
215
-276
-520
-86
475
433
-154
-524
-257
333
536
44
-525
-417
185
499
141
-332
-317
42
217
78
-67
-1
21
-160
-135
124
236
45
-243
-219
107
273
62
-187
-171
64
206
86
-181
-197
47
236
122
-138
-224
-24
279
245
-152
-348
-121
306
480
16
-512
-323
263
516
146
-328
-336
19
288
224
-20
-171
-147
6
164
174
44
-149
-236
-29
248
254
-21
-269
-245
63
374
233
-212
-414
-77
358
334
-100
-458
-197
409
407
-90
-385
-210
163
306
163
-120
-199
-108
6
167
252
-11
-274
-210
139
322
76
-254
-222
99
226
-7
-180
-71
128
138
-49
-124
-46
51
77
61
-67
-200
-88
199
241
-28
-289
-291
85
382
190
-240
-410
-118
266
280
19
-221
-247
-97
152
298
91
-275
-373
-62
390
411
-68
-532
-356
282
501
124
-302
-458
-72
420
400
-102
-466
-268
257
489
114
-408
-431
32
397
255
-147
-332
-158
149
227
74
-35
-146
-231
-25
256
222
-108
-314
-108
226
232
-67
-223
-45
142
96
-46
-103
-7
61
38
13
-11
-63
-31
100
115
-35
-152
-59
104
243
135
-227
-306
56
371
240
-151
-309
-148
190
306
122
-163
-261
-44
205
255
35
-207
-239
-24
242
245
-7
-202
-249
-32
305
314
-104
-392
-213
247
398
95
-397
-364
225
492
132
-341
-358
33
336
279
-65
-260
-144
17
169
228
4
-246
-183
123
277
62
-214
-170
78
139
0
-100
-10
59
29
-39
-19
31
-14
-54
43
56
-107
-150
58
245
127
-238
-440
-38
466
352
-236
-555
-193
352
403
2
-343
-265
9
198
219
35
-231
-269
-77
251
383
30
-414
-390
140
414
240
-182
-474
-174
376
453
-35
-504
-324
221
526
215
-430
-527
15
474
324
-192
-435
-187
226
330
42
-166
-178
-143
50
241
134
-138
-255
-60
200
188
-42
-194
-74
93
123
31
-108
-101
5
92
109
15
-155
-143
126
301
30
-300
-209
154
419
175
-368
-394
107
458
272
-221
-384
-111
255
335
88
-220
-293
4
271
236
-33
-186
-187
-19
196
250
17
-216
-227
-10
269
300
-88
-383
-200
225
405
110
-397
-389
193
483
171
-291
-362
-27
286
295
32
-221
-242
-58
215
305
25
-278
-242
94
307
141
-186
-234
5
165
63
-76
-82
-1
61
38
-15
-35
-55
-6
106
53
-199
-209
150
340
88
-365
-437
118
547
223
-391
-510
-27
411
285
-108
-308
-160
41
112
144
41
-133
-218
-130
166
373
107
-373
-403
68
404
306
-125
-527
-234
361
479
-12
-471
-329
198
501
194
-389
-461
37
421
226
-214
-330
-66
204
149
-39
-36
-26
-133
-101
117
212
21
-216
-184
113
253
34
-226
-139
127
208
34
-186
-148
72
180
62
-117
-139
-22
178
184
-74
-244
-103
169
336
114
-301
-331
51
400
302
-124
-375
-187
200
312
117
-136
-227
-93
134
245
127
-104
-276
-148
201
344
39
-272
-220
23
270
228
-106
-316
-137
209
326
22
-329
-283
225
391
49
-268
-242
60
242
196
-17
-175
-142
-60
115
269
94
-219
-288
36
337
192
-217
-308
9
264
95
-169
-143
62
164
23
-118
-99
29
93
74
-47
-199
-79
166
205
11
-229
-310
10
358
236
-173
-386
-173
201
279
90
-154
-240
-159
51
279
207
-140
-365
-234
218
489
157
-432
-486
42
452
371
-109
-569
-309
391
582
19
-555
-384
204
553
223
-396
-477
4
375
245
-136
-271
-114
70
122
81
75
-39
-259
-168
180
310
24
-303
-242
148
302
13
-242
-94
190
136
-100
-183
-4
164
87
-67
-81
-8
24
67
72
-27
-92
-78
67
265
127
-244
-287
35
349
282
-120
-303
-169
148
288
150
-114
-264
-106
170
290
86
-167
-248
-78
202
277
19
-220
-202
-31
250
297
-62
-324
-216
155
324
152
-210
-388
-19
425
300
-146
-407
-196
225
434
165
-313
-368
-12
293
291
-29
-302
-188
159
266
49
-174
-169
30
137
4
-86
-7
78
42
-69
-79
46
33
-39
13
27
-84
-122
57
200
107
-177
-382
-65
403
320
-164
-497
-229
278
390
67
-311
-279
-24
148
214
86
-158
-282
-164
193
430
132
-401
-473
42
477
359
-169
-550
-255
373
555
34
-529
-425
178
576
265
-408
-512
5
431
288
-166
-360
-177
174
253
29
-83
-88
-137
-49
136
160
-5
-191
-151
88
191
51
-119
-108
26
113
50
-63
-97
-25
71
93
13
-51
-83
23
135
81
-84
-165
-43
296
292
-182
-408
-115
388
429
-57
-420
-258
193
377
146
-188
-278
-47
208
220
11
-115
-126
-70
71
172
111
-37
-187
-227
118
400
143
-334
-404
76
480
268
-301
-533
27
547
317
-267
-440
-67
304
316
-14
-265
-140
86
111
115
29
-99
-115
-33
130
123
-22
-141
-62
74
43
-29
-20
7
42
13
-31
-12
-25
16
83
1
-163
-136
112
234
48
-201
-294
-76
320
300
-133
-386
-214
158
297
119
-156
-263
-148
91
280
147
-184
-340
-147
232
401
109
-370
-444
16
428
366
-118
-534
-280
368
533
11
-523
-375
207
572
191
-448
-459
90
425
163
-262
-263
21
151
60
-48
-11
60
-88
-194
38
223
100
-162
-237
-10
223
157
-126
-195
36
168
46
-119
-116
36
122
76
-55
-121
-61
127
182
4
-183
-150
79
323
175
-251
-339
-3
376
332
-90
-354
-212
140
332
190
-137
-301
-116
204
279
61
-178
-222
-53
178
250
43
-175
-214
-63
231
335
-4
-387
-302
197
437
162
-344
-462
98
511
261
-267
-382
-67
240
310
101
-179
-252
-120
135
350
146
-241
-342
-16
337
264
-175
-340
-43
252
120
-123
-133
50
113
2
-72
-17
46
1
-5
-13
-108
-106
134
218
9
-225
-259
-10
289
231
-111
-360
-197
155
269
115
-123
-234
-165
52
245
172
-129
-301
-192
155
402
176
-328
-464
-17
404
374
-92
-517
-289
326
512
57
-449
-388
131
506
230
-358
-421
-8
315
197
-124
-196
-87
49
87
40
15
24
-138
-203
31
263
118
-172
-249
9
234
127
-114
-157
3
113
63
-67
-92
16
83
22
-19
-51
-42
63
147
23
-162
-137
71
285
199
-224
-344
-26
367
325
-100
-340
-216
154
340
173
-144
-279
-85
192
252
51
-145
-198
-59
136
205
65
-98
-188
-144
161
348
97
-324
-355
70
423
262
-265
-481
19
486
295
-207
-402
-119
257
334
83
-215
-247
-67
168
293
66
-244
-239
54
281
163
-162
-244
-18
207
80
-151
-106
85
127
-14
-144
-30
112
38
-59
-67
-54
7
93
81
-4
-98
-209
-118
216
300
-12
-342
-312
53
338
228
-131
-324
-214
90
323
195
-190
-392
-183
260
435
119
-374
-438
22
406
264
-80
-364
-309
180
431
173
-287
-388
-48
379
356
-136
-472
-223
252
380
-4
-290
-213
54
193
72
-43
1
-95
-168
35
202
96
-141
-207
11
203
86
-121
-122
44
98
49
-44
-89
-24
63
101
43
-106
-158
42
251
113
-201
-227
46
298
270
-132
-392
-140
321
426
35
-367
-322
76
380
247
-95
-310
-154
147
301
123
-136
-261
-120
188
285
65
-166
-256
-117
229
373
58
-356
-354
128
440
228
-340
-476
90
525
250
-298
-384
8
284
242
-43
-180
-112
-39
94
209
76
-153
-174
6
196
120
-86
-189
-49
161
69
-93
-63
30
45
19
9
-27
-77
-37
109
96
-153
-256
70
337
171
-236
-485
-126
448
415
-129
-536
-291
277
412
52
-266
-237
-47
66
154
137
-33
-241
-256
51
387
292
-239
-532
-121
388
406
10
-473
-412
222
596
171
-463
-464
74
480
348
-273
-520
-90
351
298
-103
-287
-141
112
163
-12
-34
53
-66
-201
-25
226
176
-134
-274
-45
250
172
-129
-217
14
206
95
-145
-166
47
167
77
-73
-102
-70
106
209
27
-239
-147
120
299
178
-231
-357
-9
344
322
-33
-316
-224
108
293
168
-79
-226
-131
118
235
139
-100
-246
-154
139
306
116
-188
-253
-71
166
305
80
-278
-302
52
358
221
-214
-363
0
327
227
-85
-244
-139
59
241
220
-60
-267
-208
60
336
225
-190
-331
-45
277
245
-123
-290
-44
202
127
-107
-150
19
156
40
-128
-68
29
44
54
3
-112
-128
40
214
115
-161
-379
-122
348
348
-99
-423
-237
176
303
80
-174
-181
-71
-9
115
184
18
-241
-284
23
410
328
-234
-565
-147
415
414
-32
-461
-369
243
529
122
-420
-392
101
406
254
-229
-384
-54
248
198
-78
-186
-83
40
60
10
47
71
-118
-240
-7
269
159
-174
-274
-15
249
159
-140
-211
39
202
81
-133
-139
59
148
26
-89
-65
-11
82
132
3
-147
-102
60
216
205
-142
-316
-93
279
345
57
-307
-305
59
329
243
-73
-289
-165
152
294
130
-161
-256
-88
172
238
58
-169
-179
-28
148
243
45
-233
-251
25
312
267
-161
-467
-59
443
327
-177
-359
-99
165
235
114
-78
-188
-87
31
167
167
-83
-212
-46
167
156
-51
-171
-46
118
49
-89
-66
72
100
-26
-122
-40
80
60
27
-37
-120
-123
72
214
101
-155
-369
-151
335
369
-28
-430
-330
147
366
147
-176
-253
-127
17
186
197
-54
-284
-223
111
358
225
-229
-439
-101
288
331
48
-346
-410
95
508
259
-326
-451
-45
401
374
-150
-450
-182
222
306
-19
-226
-148
39
116
39
-11
36
-90
-185
-5
201
128
-108
-199
-38
172
144
-66
-174
-13
147
87
-87
-113
-4
91
70
-9
-80
-76
71
168
62
-176
-194
-5
342
330
-202
-462
-95
404
406
-80
-403
-219
176
349
116
-147
-212
-39
144
171
33
-85
-86
-54
25
136
126
-23
-144
-198
47
335
180
-205
-355
-46
317
295
-80
-401
-198
335
417
-40
-362
-200
138
267
138
-105
-180
-72
15
135
188
0
-178
-159
56
214
75
-124
-161
10
99
26
-18
-24
24
-8
-45
-4
28
-7
36
36
-126
-157
68
240
125
-179
-360
-137
325
357
-78
-408
-247
149
308
109
-161
-218
-101
-1
158
193
-13
-251
-248
33
353
286
-215
-494
-136
367
412
-29
-474
-351
252
547
113
-450
-420
111
494
276
-308
-457
-29
341
248
-179
-308
-24
175
98
-56
-75
35
20
-114
-76
115
134
-36
-174
-82
121
154
-28
-142
-22
118
62
-56
-92
-12
73
93
4
-97
-120
59
245
74
-218
-217
55
335
262
-190
-388
-84
310
366
0
-299
-245
54
274
213
-21
-252
-159
130
256
92
-113
-195
-86
112
179
95
-44
-148
-202
43
364
221
-268
-414
-16
413
308
-172
-478
-134
398
383
-56
-377
-205
150
295
140
-102
-184
-119
-15
213
274
-48
-319
-195
196
318
11
-276
-186
144
225
-35
-193
-51
139
114
-67
-135
-48
131
153
-46
-279
-169
216
341
-27
-324
-249
29
271
224
-87
-295
-199
59
209
148
-14
-188
-236
-58
232
294
-30
-375
-298
121
470
273
-314
-516
-76
392
391
-32
-462
-377
227
541
148
-415
-415
73
483
274
-303
-419
-10
318
184
-175
-233
18
145
-1
-95
19
150
7
-268
-143
196
249
-52
-256
-90
197
168
-120
-166
55
148
14
-124
-86
84
123
-9
-80
-57
5
84
124
-14
-158
-81
59
193
194
-103
-298
-116
274
350
20
-281
-258
35
294
217
-65
-246
-139
140
252
95
-113
-177
-80
100
178
78
-85
-123
-132
45
289
179
-207
-344
-41
315
287
-94
-410
-152
336
359
-68
-336
-164
147
250
121
-100
-160
-72
11
159
188
-61
-224
-89
156
194
-36
-188
-78
128
78
-110
-66
93
103
-52
-148
5
105
28
-22
-40
-76
-92
47
189
69
-172
-252
-132
223
332
6
-324
-336
39
335
224
-110
-298
-199
57
237
166
-82
-233
-201
50
310
270
-141
-452
-205
263
408
94
-384
-423
97
521
246
-329
-435
-25
386
331
-158
-405
-160
215
277
-24
-240
-121
76
102
16
-34
40
-28
-158
-56
129
128
-37
-160
-73
102
132
-26
-90
1
67
21
-45
-34
37
30
-13
7
36
-52
-66
94
151
-30
-197
-112
215
378
-26
-434
-258
287
496
114
-367
-352
60
331
234
-52
-232
-137
92
190
106
-33
-136
-124
16
170
128
-2
-136
-214
7
320
247
-195
-411
-47
365
352
-146
-517
-129
441
378
-150
-381
-95
224
193
20
-77
-62
-31
-54
44
209
76
-160
-181
34
226
106
-149
-177
28
121
16
-80
-41
64
68
-47
-73
-17
49
91
28
-145
-179
36
251
126
-139
-299
-192
229
375
3
-351
-282
48
267
173
-68
-202
-169
-43
157
221
11
-231
-267
-7
330
303
-139
-436
-193
271
328
57
-260
-362
24
427
269
-248
-436
-92
399
377
-143
-447
-163
230
289
-34
-248
-113
93
99
-44
-66
88
49
-186
-149
145
254
-21
-259
-143
148
222
-49
-212
-26
156
124
-80
-169
21
129
81
-55
-108
-55
97
180
27
-208
-155
95
238
195
-96
-305
-134
223
355
109
-269
-305
17
280
231
-21
-215
-156
75
195
118
-43
-154
-124
25
198
160
-46
-202
-174
87
318
159
-237
-318
18
305
215
-118
-353
-83
334
270
-124
-251
-16
95
45
57
70
-3
-109
-105
20
213
130
-129
-196
-23
190
137
-91
-163
-16
126
10
-72
10
89
21
-115
-71
19
101
90
-25
-186
-184
101
309
106
-227
-318
-120
269
352
-27
-360
-312
74
317
162
-96
-223
-161
2
143
192
-4
-207
-232
-30
315
300
-122
-431
-194
257
345
85
-275
-378
16
425
282
-221
-450
-130
379
426
-118
-476
-220
237
351
-30
-288
-131
96
124
-25
-60
79
54
-204
-175
174
231
-31
-259
-131
176
218
-61
-202
-27
176
109
-95
-170
5
127
83
-45
-63
-65
13
122
116
-75
-187
-32
180
231
-5
-259
-157
155
296
150
-173
-287
-77
217
234
84
-150
-223
-14
204
193
-6
-168
-173
-13
189
206
-21
-179
-147
5
224
219
-96
-311
-147
220
357
36
-414
-275
279
423
31
-338
-213
117
216
114
-23
-105
-135
-21
122
156
36
-118
-116
15
115
57
-55
-49
2
-5
-53
-16
113
66
-67
-130
-14
118
45
-31
-22
-79
-99
50
177
79
-105
-248
-174
175
315
64
-287
-324
-6
289
203
-85
-235
-151
-13
147
190
7
-221
-245
2
315
280
-151
-429
-151
277
304
45
-272
-341
39
416
242
-235
-393
-50
284
312
-40
-369
-209
150
313
29
-274
-182
107
191
22
-146
-96
84
90
-64
-92
-14
74
56
-57
-89
4
73
28
22
3
-15
-41
-20
28
32
11
-10
-18
-10
13
92
66
-84
-158
-31
179
298
18
-352
-250
213
431
120
-292
-308
31
295
191
-54
-161
-77
38
90
110
66
-80
-197
-79
185