#4
493
-135
-403
-58
390
323
-15
-96
100
216
81
19
84
77
86
86
102
192
63
-67
24
204
227
91
-10
-34
74
192
150
31
-30
45
150
168
53
-73
-7
168
206
78
-57
-47
101
206
155
-10
-34
87
179
131
53
-11
35
125
196
206
61
-137
-63
241
391
175
-159
-250
26
401
416
67
-257
-193
141
459
386
-90
-359
-136
326
520
180
-254
-272
124
392
254
-14
-134
-30
151
194
74
7
41
52
84
142
83
-1
-88
52
276
201
-50
-120
-36
141
251
160
-26
-67
7
150
193
92
-11
-24
84
162
158
26
-48
47
166
162
21
-77
32
195
175
-12
-97
14
202
207
-21
-191
-84
225
311
68
-229
-188
129
310
207
-6
-168
-150
35
246
300
80
-254
-322
106
538
366
-213
-503
-108
497
498
-42
-436
-201
299
397
58
-197
-62
191
144
36
-21
-16
76
72
98
197
25
-177
-78
206
278
106
-71
-163
-11
206
217
47
-160
-94
172
242
51
-184
-107
163
254
75
-153
-129
109
212
113
-40
-90
52
151
119
15
-56
1
112
158
119
5
-82
-16
150
245
132
-84
-164
-50
215
362
165
-211
-292
37
398
416
-21
-432
-218
306
502
161
-324
-306
140
402
171
-112
-95
31
83
58
47
92
55
-96
-13
177
137
-26
-193
4
288
206
-83
-201
-81
177
291
66
-148
-99
87
196
114
-67
-84
68
193
112
-35
-71
40
137
112
15
-25
7
51
92
64
50
-23
-64
60
154
78
-122
-170
66
282
173
-160
-273
-27
236
254
77
-165
-290
-83
275
416
81
-401
-407
152
570
294
-301
-462
-42
398
369
-30
-278
-163
109
165
74
25
38
-14
-65
75
161
-3
-119
-40
212
283
-83
-325
-50
337
278
-79
-223
-68
179
181
-9
-79
-22
74
60
8
-7
-5
-16
30
86
75
-34
-104
-27
137
156
5
-129
-71
114
206
45
-136
-100
127
226
102
-89
-119
-2
178
221
68
-124
-140
-17
157
283
154
-140
-242
-77
265
438
70
-411
-328
229
526
215
-310
-382
62
393
244
-122
-198
-15
144
104
17
14
-14
-62
50
160
88
-69
-224
-17
291
220
-91
-203
-87
103
230
98
-113
-117
22
151
111
-10
-70
-8
134
102
-7
-37
8
77
60
41
2
-14
3
52
88
50
-77
-106
78
198
47
-176
-207
65
292
155
-183
-310
-55
243
288
50
-224
-288
-55
271
336
41
-361
-400
113
513
321
-258
-516
-159
414
477
-17
-433
-284
198
348
81
-174
-127
57
110
80
-3
-107
-50
61
168
182
-100
-266
-62
246
262
-21
-188
-124
87
156
33
-23
-44
-40
26
87
43
-63
-105
4
158
93
-99
-165
-26
164
170
-26
-173
-86
119
224
59
-182
-160
95
280
150
-135
-230
-2
254
252
-4
-186
-144
27
164
220
106
-118
-244
-79
256
436
98
-454
-390
207
589
242
-381
-474
75
484
264
-211
-291
27
231
95
-97
-64
39
26
76
70
-29
-91
-114
83
242
62
-169
-145
59
141
70
-9
-56
10
20
38
69
6
-35
-5
80
110
24
-82
-42
84
131
41
-65
-80
11
117
104
-34
-121
-59
110
184
6
-203
-178
76
246
129
-170
-265
-83
172
242
117
-153
-352
-154
259
402
120
-385
-488
93
561
316
-295
-512
-94
379
359
-88
-329
-126
151
158
-13
-105
30
82
-25
-34
53
30
-70
-31
127
196
-79
-265
-54
213
193
-19
-116
-84
48
75
-8
13
36
-35
-77
-6
100
16
-111
-62
65
95
-3
-113
-79
69
144
9
-131
-71
84
155
47
-119
-114
44
179
151
-38
-191
-98
166
260
87
-130
-190
-103
148
326
191
-195
-383
-108
358
505
6
-494
-358
238
542
222
-343
-426
-7
386
273
-92
-204
-106
74
131
60
-2
-49
-94
42
130
63
-53
-180
-57
214
184
-68
-176
-82
33
142
111
-10
-88
-93
17
165
95
-64
-117
50
159
56
-96
-78
55
134
56
-47
-87
-16
109
94
-18
-117
-59
98
146
-16
-187
-140
63
209
96
-123
-227
-91
142
225
85
-147
-292
-149
200
367
160
-362
-515
12
532
397
-215
-589
-223
412
463
-32
-420
-244
165
263
46
-142
-74
63
36
-25
37
25
-88
-46
101
192
47
-241
-248
135
335
114
-171
-234
-19
192
131
-29
-145
-83
80
121
12
-135
-114
47
144
35
-109
-106
-13
72
99
16
-99
-80
35
136
95
-106
-160
8
206
199
-47
-225
-132
190
322
60
-206
-183
-18
158
246
134
-125
-291
-141
250
462
68
-424
-343
166
462
214
-263
-372
-20
294
235
-39
-173
-109
48
130
89
10
-88
-168
3
207
179
-103
-350
-92
328
316
-100
-360
-148
167
280
59
-194
-136
37
140
96
-62
-88
3
115
78
-51
-69
20
72
48
17
-20
-52
-13
49
74
2
-77
-109
41
188
63
-217
-222
59
261
137
-214
-289
-26
217
195
8
-153
-251
-106
167
300
120
-281
-449
-18
460
349
-206
-483
-186
304
410
14
-335
-256
67
231
87
-92
-88
0
-17
22
187
69
-230
-231
62
391
233
-313
-419
42
420
240
-153
-302
-91
199
164
-31
-131
-47
52
43
-28
-54
-9
11
12
23
-13
-53
-33
11
59
31
-49
-86
13
123
116
-76
-179
-19
205
200
-22
-227
-116
170
279
64
-153
-194
-56
144
240
122
-114
-221
-143
180
439
127
-355
-396
48
499
335
-235
-466
-102
340
318
-30
-236
-160
74
156
80
-1
-60
-161
-90
176
234
-8
-284
-233
162
382
110
-259
-331
-57
311
315
-75
-292
-185
149
293
47
-218
-149
150
223
3
-188
-101
162
169
-20
-128
-69
60
99
39
-53
-92
-23
78
87
-15
-143
-140
23
189
105
-133
-221
-86
101
199
133
-105
-301
-217
157
384
168
-273
-501
-120
477
451
-133
-554
-297
328
487
31
-379
-281
103
233
53
-72
-53
12
-32
-36
119
81
-111
-157
29
285
149
-269
-310
69
332
161
-135
-234
-62
157
124
-14
-116
-85
52
94
16
-105
-99
45
109
17
-98
-142
-13
109
100
-29
-115
-50
63
90
59
-67
-105
-8
126
178
-1
-196
-133
121
289
117
-147
-230
-59
137
249
152
-126
-269
-138
184
441
131
-385
-384
100
466
254
-258
-388
-49
302
263
-48
-194
-112
59
142
33
-72
-51
-11
22
86
9
-26
-87
-106
95
173
33
-108
-149
-72
151
218
-12
-205
-141
100
232
41
-177
-115
142
185
-29
-154
-53
121
137
-2
-96
-56
49
76
23
-57
-77
-10
87
104
-37
-153
-152
27
196
151
-124
-263
-127
130
215
120
-113
-307
-188
164
346
144
-280
-480
-77
502
411
-193
-549
-257
345
459
3
-385
-260
118
252
60
-143
-89
66
55
-19
56
3
-150
-128
149
361
35
-429
-282
235
416
70
-301
-272
68
304
86
-190
-165
54
143
30
-92
-126
-31
68
72
-11
-71
-30
-16
-22
20
72
15
-105
-68
68
155
15
-182
-118
143
267
55
-228
-210
88
306
167
-138
-227
-72
113
222
143
-90
-214
-122
79
324
252
-201
-424
-86
356
386
-70
-391
-215
198
317
94
-157
-178
-18
123
108
-6
-79
-119
5
159
88
-69
-209
-133
219
296
-11
-277
-227
39
285
200
-122
-228
-66
126
180
-1
-137
-77
95
145
19
-103
-77
60
140
43
-80
-72
27
104
22
-79
-92
-17
103
126
-30
-183
-149
38
202
138
-124
-255
-93
113
174
96
-81
-254
-224
112
362
169
-247
-489
-91
458
385
-174
-474
-205
278
366
38
-278
-239
33
169
84
-30
-67
-11
-18
31
118
-40
-193
-69
187
309
-31
-394
-214
252
359
-12
-233
-151
44
152
23
-89
-37
14
40
-15
-33
-8
-30
-43
15
65
4
-99
-87
20
102
76
-48
-139
-54
142
178
-55
-224
-90
189
279
36
-283
-227
121
356
162
-181
-250
-61
113
227
172
-62
-274
-184
148
421
233
-324
-482
-11
471
391
-166
-491
-161
321
351
-1
-239
-154
58
122
49
-16
-52
-99
16
164
79
-101
-248
-88
294
272
-120
-327
-143
146
252
90
-155
-161
-12
130
127
-24
-134
-42
109
133
-3
-139
-74
94
174
37
-135
-106
44
138
86
-71
-138
-72
123
153
-21
-186
-173
9
197
160
-77
-267
-158
103
217
130
-73
-298
-226
119
335
204
-189
-489
-203
387
469
-31
-468
-369
172
463
187
-288
-351
-28
214
167
-38
-101
-14
-5
27
97
-5
-166
-98
129
298
63
-349
-288
158
374
113
-196
-244
-32
199
128
-62
-119
-49
29
60
26
-64
-77
-20
65
78
-57
-121
-38
74
84
10
-80
-84
14
117
104
-78
-178
-13
191
173
-30
-190
-112
125
240
101
-94
-167
-113
38
235
248
-28
-302
-244
112
446
275
-286
-474
-62
439
379
-117
-437
-193
263
357
0
-244
-145
75
114
24
-14
-29
-118
-1
182
124
-112
-297
-78
297
258
-120
-309
-76
158
136
-3
-81
-42
36
19
7
-3
3
15
44
32
-20
-31
2
57
75
24
-53
-72
-6
96
85
-58
-124
-64
84
150
17
-150
-194
-26
182
196
-55
-260
-210
49
268
234
-97
-396
-259
184
401
179
-270
-506
-120
440
419
-98
-492
-319
237
483
126
-345
-353
35
261
111
-108
-99
50
36
-42
59
30
-126
-145
60
362
171
-337
-411
86
461
211
-227
-342
-35
256
146
-80
-141
-79
72
90
-11
-96
-87
0
89
57
-46
-113
-68
51
86
17
-65
-63
11
67
74
-36
-125
-34
104
176
63
-152
-175
52
222
181
-34
-217
-204
46
305
273
-64
-355
-245
167
485
236
-354
-495
-8
487
384
-176
-469
-161
292
338
-6
-212
-129
56
111
47
-27
-65
-140
0
261
181
-144
-378
-150
356
389
-64
-399
-213
146
287
128
-143
-220
-32
137
163
0
-139
-86
126
163
-26
-143
-29
115
110
-11
-61
-28
7
36
35
31
-45
-97
-17
108
92
-75
-197
-82
151
199
-16
-277
-198
60
229
190
-46
-293
-298
58
367
259
-186
-508
-184
358
439
-4
-435
-335
147
396
157
-240
-313
-30
196
141
-42
-111
-47
37
46
46
26
-160
-121
155
245
63
-292
-265
126
339
115
-216
-201
4
173
90
-108
-102
10
93
10
-75
-66
-5
45
28
-18
-63
-44
-12
7
48
48
-45
-107
-31
115
131
-57
-185
-53
178
209
26
-208
-190
76
301
173
-122
-236
-112
77
238
207
-42
-251
-201
79
396
265
-245
-447
-103
396
430
-61
-460
-263
230
390
96
-193
-221
-25
135
128
-2
-68
-135
-11
173
149
-79
-262
-160
235
335
-8
-307
-187
85
200
100
-70
-97
-38
21
78
65
-28
-65
-3
101
58
-57
-70
32
104
58
-18
-83
-50
52
125
19
-127
-110
44
170
79
-163
-222
-26
190
184
-63
-268
-173
77
253
140
-97
-294
-203
110
313
181
-166
-453
-238
335
488
56
-468
-419
122
483
197
-289
-365
4
259
120
-113
-116
22
85
-7
-2
8
-91
-85
60
229
160
-225
-326
-8
286
221
-53
-215
-162
76
178
46
-95
-124
-10
89
60
-49
-112
-36
48
61
-22
-88
-45
19
43
25
-21
-60
-41
62
126
0
-152
-85
111
205
75
-166
-206
45
278
173
-96
-211
-111
70
193
204
27
-239
-266
20
402
355
-181
-497
-178
377
442
-33
-444
-247
232
352
64
-195
-150
20
68
46
14
-10
-57
-81
101
167
-18
-214
-200
116
339
106
-224
-281
-53
212
254
6
-227
-159
80
238
86
-175
-178
90
244
69
-190
-161
89
218
86
-106
-151
3
119
84
-43
-100
-71
62
135
34
-139
-184
-30
189
191
-56
-287
-189
96
207
146
-43
-268
-263
41
324
254
-122
-457
-272
287
470
83
-395
-414
68
439
260
-217
-396
-106
222
221
-27
-145
-63
24
32
99
38
-168
-130
85
267
141
-268
-322
71
343
155
-165
-197
-44
110
115
-1
-89
-80
26
86
15
-105
-102
39
91
43
-69
-115
-42
55
67
-7
-76
-46
39
60
61
-16
-101
-72
68
196
97
-134
-217
-4
262
228
-32
-238
-160
58
226
234
-17
-250
-208
47
364
283
-191
-412
-112
308
354
7
-318
-254
122
293
135
-112
-136
-37
31
74
31
-16
-65
-39
63
101
-1
-120
-124
45
175
65
-70
-139
-112
46
194
95
-88
-161
-30
148
121
-74
-133
29
165
39
-111
-80
56
122
58
-34
-89
-30
51
74
12
-66
-89
4
129
93
-99
-214
-85
139
219
15
-276
-255
47
273
197
-77
-302
-234
86
288
179
-109
-363
-264
216
427
140
-330
-451
-19
407
336
-142
-414
-200
195
271
44
-159
-125
-10
85
153
-8
-205
-92
100
249
140
-232
-328
23
330
183
-128
-225
-83
157
130
-19
-101
-89
18
111
49
-95
-134
-4
93
70
-43
-122
-55
41
83
43
-50
-75
-15
50
78
25
-76
-92
35
168
140
-109
-214
-24
244
219
-37
-213
-146
34
192
191
44
-148
-240
-57
284
392
-20
-460
-295
244
487
134
-354
-382
82
396
214
-168
-267
-58
155
140
-47
-77
-29
11
83
36
-22
-86
-145
16
226
165
-106
-254
-122
154
253
36
-185
-158
25
178
113
-92
-170
-8
194
113
-121
-132
49
171
44
-75
-76
-2
74
62
-27
-82
-58
48
113
28
-112
-164
-59
139
173
1
-211
-214
15
199
155
-8
-183
-247
-76
222
316
34
-439
-419
171
565
245
-405
-534
-24
485
324
-181
-434
-152
233
255
-21
-185
-105
59
128
109
-63
-216
-69
148
258
94
-273
-290
78
321
126
-161
-170
-14
122
54
-53
-62
9
47
-13
-20
-6
-52
-72
43
85
-10
-107
-75
19
101
58
-76
-126
-18
140
117
-73
-170
-38
157
172
35
-137
-146
8
186
190
7
-178
-139
-9
154
218
78
-162
-243
-68
278
399
-14
-464
-310
237
520
149
-392
-402
95
444
207
-210
-302
-40
208
159
-32
-110
-121
0
150
110
-42
-158
-160
54
238
112
-97
-185
-112
44
216
150
-102
-201
-66
148
169
-3
-163
-76
155
142
-62
-146
7
151
75
-47
-101
-23
102
68
-41
-66
-49
13
77
65
-42
-177
-138
105
254
53
-260
-264
18
212
179
-2
-195
-241
-69
180
297
50
-373
-386
155
460
193
-304
-444
-47
379
279
-125
-329
-151
138
181
47
-98
-108
-23
60
165
56
-225
-209
64
330
241
-235
-426
-50
367
287
-100
-267
-155
115
170
18
-87
-84
6
67
31
-60
-101
-50
62
93
-13
-120
-87
28
48
48
20
-33
-78
-35
105
93
-74
-144
5
187
179
-85
-241
-72
226
289
-6
-245
-178
43
189
197
54
-142
-232
-79
260
404
-16
-435
-295
198
491
194
-360
-432
47
424
265
-149
-298
-104
165
190
-9
-149
-149
24
236
119
-117
-222
-116
157
250
29
-204
-163
39
107
107
-1
-80
-46
-13
60
68
-2
-73
-21
105
78
-48
-85
8
95
74
-30
-104
-35
68
131
25
-123
-130
33
169
81
-113
-212
-101
137
223
6
-228
-239
13
214
177
5
-199
-255
-42
213
264
29
-381
-362
149
472
193
-311
-430
-70
379
340
-138
-375
-152
156
186
50
-59
-80
-74
-5
142
104
-135
-192
25
237
193
-120
-306
-84
234
225
-42
-176
-85
52
86
2
-36
-38
-17
23
22
-25
-76
-23
47
66
-21
-107
-60
55
72
-5
-45
-42
-21
50
86
0
-131
-92
105
201
67
-112
-168
-20
190
176
29
-107
-174
-93
145
296
120
-207
-300
-62
340
403
-77
-461
-250
239
478
124
-354
-360
82
380
194
-147
-243
-58
139
104
11
-34
-102
-90
104
156
27
-154
-229
25
286
156
-169
-240
-36
133
162
22
-109
-75
-12
80
73
-29
-74
-15
106
76
-21
-89
-21
67
103
15
-92
-110
74
159
14
-168
-128
68
190
78
-161
-228
-42
156
189
-4
-223
-204
30
176
144
14
-183
-247
-68
198
283
47
-361
-386
148
473
199
-326
-440
-27
378
272
-107
-332
-153
121
189
35
-76
-64
7
15
33
74
-50
-155
-19
152
215
-16
-294
-178
149
286
81
-153
-203
-25
141
107
-3
-113
-88
35
96
18
-104
-91
37
96
26
-109
-111
26
98
30
-52
-72
-3
59
77
-8
-120
-66
117
176
61
-114
-170
-25
190
216
3
-165
-136
-24
131
244
93
-179
-278
-45
316
393
-80
-478
-244
286
490
91
-405
-347
126
407
158
-204
-215
4
117
65
-25
-15
-52
-41
68
92
-25
-79
-96
-45
129
143
5
-128
-194
-47
225
226
-64
-245
-134
154
256
-3
-248
-103
201
188
-76
-198
10
181
83
-74
-102
27
95
13
-72
-37
19
29
30
21
-54
-94
-69
43
136
44
-140
-188
-57
118
204
113
-200
-351
-97
263
348
12
-426
-372
155
476
210
-318
-437
-23
367
273
-131
-304
-118
126
125
2
-38
10
-7
-83
23
160
-31
-210
-82
185
295
-28
-362
-187
197
310
45
-183
-186
2
146
76
-60
-81
-8
32
14
-38
-60
0
22
21
-18
-61
-28
-5
9
41
0
-46
-47
15
94
50
-105
-125
57
189
130
-79
-227
-70
204
254
20
-188
-178
-11
147
245
112
-156
-264
-97
248
405
8
-413
-323
187
486
187
-321
-365
39
337
181
-110
-156
-38
40
45
51
32
-32
-114
-14
130
89
-47
-193
-98
176
209
-11
-195
-164
19
219
148
-86
-172
-65
110
135
12
-112
-62
103
118
-10
-78
-17
66
51
22
-5
-27
-39
24
74
-10
-91
-57
72
120
2
-160
-174
18
230
152
-176
-308
-67
211
239
54
-238
-309
-51
241
274
3
-309
-360
36
428
293
-207
-475
-193
323
405
-14
-361
-233
91
215
79
-82
-89
-5
-6
64
107
-89
-171
-48
184
290
-67
-385
-154
273
303
-29
-227
-141
19
125
46
-6
-49
-57
-29
14
45
5
-89
-57
39
69
-19
-79
-65
-8
88
60
-73
-113
7
151
92
-127
-155
21
186
161
-41
-210
-96
155
246
41
-156
-153
-25
123
208
131
-117
-242
-117
184
378
66
-322
-315
91
404
227
-227
-373
-33
305
232
-65
-205
-92
68
104
60
-29
-72
-84
52
137
41
-101
-172
-38
185
177
-35
-178
-155
18
190
167
-53
-173
-112
72
171
76
-103
-116
37
148
49
-85
-69
56
119
34
-92
-74
47
120
20
-93
-78
19
111
73
-80
-172
-76
94
159
19
-152
-176
-34
128
121
56
-82
-242
-132
126
289
100
-280
-395
22
427
282
-226
-470
-139
324
357
-23
-356
-228
119
221
39
-89
-34
-10
-46
64
123
-68
-189
-48
173
269
-43
-365
-167
242
280
-4
-187
-139
32
110
43
-33
-68
-36
38
32
-26
-97
-50
67
94
-29
-140
-62
55
56
12
-22
-43
-30
14
68
51
-63
-122
9
164
132
-30
-181
-103
141
237
83
-158
-181
-55
150
252
113
-146
-252
-69
203
320
69
-286
-299
43
383
247
-169
-366
-101
273
267
-22
-182
-121
33
93
56
11
-58
-117
16
139
101
-74
-217
-122
200
279
13
-263
-206
26
243
176
-93
-199
-78
99
171
30
-96
-82
51
110
15
-71
-26
88
88
-34
-107
-24
94
102
-30
-116
-52
36
92
66
-47
-160
-117
54
165
117
-136
-248
-93
113
239
131
-153
-353
-173
211
372
113
-328
-481
-8
481
358
-188
-500
-215
313
388
-17
-350
-208
105
165
27
-34
-15
-10
-79
47
167
-43
-220
-92
213
294
-77
-355
-135
235
266
-48
-182
-95
83
96
-21
-50
2
29
-6
-52
-15
-8
-8
0
15
-9
-34
-58
-16
50
26
-24
-68
-21
69
80
4
-108
-73
46
147
132
-19
-174
-122
105
257
130
-135
-203
-75
98
226
190
-59
-288
-200
182
427
133
-358
-386
85
475
274
-240
-402
-63
270
239
-4
-131
-123
-35
85
123
49
-117
-215
48
266
128
-152
-328
-85
302
281
-58
-294
-170
69
207
133
-56
-145
-91
49
142
49
-70
-56
31
74
-4
-30
15
49
30
-12
-37
8
32
27
-2
-25
-66
-36
53
114
-3
-151
-152
5
187
127
-115
-254
-124
152
241
84
-213
-316
-62
256
250
-13
-304
-311
78
374
206
-210
-369
-117
233
299
-10
-245
-169
36
99
52
-2
-8
-72
-75
94
192
-49
-239
-99
190
298
-27
-345
-184
186
280
32
-203
-123
52
104
-3
-58
-3
39
0
-29
-27
-7
-22
-14
9
21
-20
-30
-52
-9
46
53
-16
-80
-43
72
112
-9
-141
-70
145
211
18
-232
-183
158
333
92
-206
-213
-22
170
215
76
-109
-192
-95
133
342
142
-287
-365
13
387
301
-116
-388
-168
256
311
20
-199
-173
24
138
94
0
-90
-131
50
182
60
-132
-203
-17
207
145
-70
-136
-60
-2
64
93
42
-41
-114
-66
84
136
22
-114
-30
100
39
-37
-27
38
49
19
-21
-60
19
74
44
-42
-111
-24
99
94
-30
-143
-137
13
165
129
-74
-236
-154
93
218
149
-101
-286
-217
112
331
181
-233
-484
-100
430
383
-138
-481
-240
267
418
25
-340
-259
91
190
42
-60
-2
31
-82
-47
151
49
-196
-154
110
356
127
-365
-362
129
409
129
-205
-245
-27
163
105
-35
-55
-82
-11
46
53
-54
-113
-8
93
43
-77
-96
-17
49
55
2
-76
-59
29
126
60
-115
-160
32
227
159
-67
-193
-115
134
266
102
-152
-214
-53
139
234
117
-100
-212
-122
143
351
131
-303
-365
40
432
280
-198
-403
-87
301
284
-37
-208
-91
19
60
60
43
-30
-165
-5
219
140
-124
-311
-109
287
294
-53
-281
-184
56
214
169
-48
-163
-131
39
173
85
-90
-103
63
152
-20
-156
-16
181
119
-68
-136
-16
100
69
-43
-74
-15
16
47
41
-5
-104
-120
-3
149
135
-91
-240
-123
101
204
142
-111
-337
-177
219
337
67
-330
-398
42
440
267
-222
-438
-138
300
335
-36
-309
-184
105
162
2
-66
-1
35
-34
-56
109
94
-175
-218
89
389
177
-351
-416
87
442
201
-204
-293
-63
184
177
-59
-153
-67
80
94
-35
-121
-70
83
96
-7
-130
-106
43
112
39
-76
-92
-3
79
64
13
-78
-106
22
160
147
-22
-175
-138
88
239
154
-61
-232
-169
103
315
198
-132
-289
-134
170
360
112
-261
-294
2
293
274
-55
-308
-184
158
265
78
-124
-151
-17
64
73
45
-42
-169
-23
235
174
-152
-295
-121
226
328
-9
-290
-219
33
248
189
-91
-178
-97
72
175
69
-93
-115
52
158
2
-113
-48
104
107
-18
-80
-39
44
78
14
-53
-63
-40
42
98
16
-93
-168
-45
160
186
-53
-263
-193
86
248
155
-109
-323
-179
164
289
96
-217
-359
-45
315
281
-94
-359
-209
191
308
44
-243
-195
79
121
-19
-28
64
13
-105
-75
183
142
-203
-272
52
401
238
-311
-443
8
436
274
-142
-317
-136
150
168
23
-74
-84
5
30
-15
-16
-50
16
34
-1
-56
-36
-28
9
54
34
-59
-84
16
121
63
-103
-141
17
187
160
-50
-223
-81
149
231
70
-126
-154
-45
87
166
121
-33
-143
-162
17
316
260
-182
-400
-91
351
356
-79
-376
-183
198
300
54
-158
-151
-17
93
93
-12
-46
-93
-40
183
143
-115
-247
-126
196
276
13
-239
-182
18
170
168
-27
-136
-116
3
132
103
-39
-86
1
103
43
-68
-66
63
97
28
-60
-69
21
93
57
-60
-117
-39
106
115
-30
-160
-150
5
168
146
-48
-235
-195
56
228
168
-52
-321
-251
101
364
181
-236
-453
-120
371
384
-69
-408
-286
146
389
158
-228
-308
-64
172
174
15
-101
-92
-39
54
197
48
-262
-244
129
489
201
-466
-500
133
563
245
-292
-383
-37
282
159
-98
-142
-19
76
52
-31
-83
-57
19
79
8
-81
-55
12
47
19
-26
-26
-37
5
71
66
-42
-102
-47
109
181
46
-159
-170
50
251
163
-73
-224
-120
89
224
191
-40
-234
-187
79
380
218
-257
-395
-27
398
321
-163
-388
-95
271
252
-53
-182
-33
65
8
-22
31
61
-69
-147
96
234
29
-283
-294
153
430
124
-297
-300
-22
242
236
-38
-200
-127
76
169
40
-116
-68
80
128
-19
-124
-35
158
118
-76
-118
-3
113
68
-47
-66
-28
5
37
70
11
-113
-150
-26
133
160
-24
-233
-190
66
239
166
-105
-313
-203
135
330
158
-217
-446
-124
391
378
-85
-447
-256
222
372
63
-265
-223
34
136
67
-20
-28
-19
-57
-2
184
54
-232
-249
122
447
168
-394
-447
103
513
201
-292
-306
2
225
123
-101
-127
-9
76
41
-53
-70
-26
11
30
5
-32
-45
-51
8
45
40
-11
-77
-46
50
106
4
-122
-74
104
180
61
-157
-192
38
275
206
-96
-240
-120
86
226
170
-48
-200
-166
49
306
270
-154
-392
-161
280
427
43
-398
-314
131
372
189
-134
-252
-113
106
191
76
-111
-225
-63
288
266
-113
-432
-216
354
460
-33
-454
-260
215
334
81
-209
-208
49
177
100
-76
-102
13
105
68
-42
-64
16
69
44
-17
-5
-4
6
27
19
-12
-37
-70
5
118
81
-93
-213
-94
202
254
-66
-326
-216
141
277
105
-124
-243
-160
77
232
140
-109
-351
-151
239
318
36
-315
-304
67
337
179
-194
-283
-60
159
133
-2
-60
-52
-48
-9
163
93
-204
-257
59
428
244
-369
-505
46
513
286
-235
-376
-66
273
168
-120
-147
-5
100
33
-78
-84
-27
47
49
-10
-43
-58
-58
6
87
49
-76
-89
-35
103
153
-48
-201
-91
180
258
32
-239
-220
96
299
178
-108
-250
-82
119
199
100
-41
-138
-125
32
257
241
-156
-363
-94
312
347
-60
-361
-212
201
327
64
-175
-181
8
135
76
-48
-58
-86
49
214
61
-186
-264
-18
331
241
-197
-320
-3
215
115
-61
-124
1
82
24
-41
-33
38
70
23
-8
-34
-14
37
51
29
-3
-17
-21
3
19
22
20
-44
-64
21
109
19
-114
-148
-21
145
160
-40
-250
-177
66
223
139
-67
-245
-195
71
249
136
-139
-354
-146
280
348
-2
-366
-280
133
341
102
-209
-231
-6
120
63
14
21
-33
-118
-28
202
73
-232
-221
108
392
187
-356
-459
62
510
273
-285
-364
8
278
125
-159
-145
29
88
17
-40
-48
-47
-5
41
31
-31
-83
-48
43
83
28
-101
-114
54
132
58
-97
-130
20
140
154
-5
-156
-121
69
195
139
-40
-148
-114
-21
156
240
57
-197
-247
2
331
316
-159
-419
-143
316
391
-14
-356
-215
160
286
100
-121
-178
-57
78
115
80
5
-222
-184
150
344
119
-341
-428
104
534
241
-338
-440
-30
331
277
-75
-294
-115
162
198
10
-159
-76
122
133
-37
-138
-18
126
116
-37
-110
-38
65
105
14
-65
-76
-50
61
120
15
-118
-175
-49
174
198
-66
-272
-168
102
198
81
-29
-175
-212
-4
219
214
-60
-385
-227
235
388
44
-365
-311
126
363
112
-243
-238
28
153
53
-53
-21
9
-10
-88
36
216
4
-239
-166
161
381
44
-427
-296
214
432
96
-302
-314
59
319
118
-174
-206
24
162
44
-132
-99
44
97
6
-95
-52
19
12
9
23
-31
-74
-11
76
90
3
-108
-89
52
208
131
-130
-245
-10
261
231
-44
-231
-123
73
184
137
-11
-142
-156
-1
283
274
-120
-357
-158
283
377
-2
-343
-253
163
316
104
-159
-156
-8
75
52
33
25
-95
-113
75
156
44
-164
-220
63
272
125
-160
-220
-54
146
187
-9
-111
-70
4
61
37
5
-13
6
46
1
-38
14
58
48
-18
-20
-13
4
49
13
-27
-29
-32
12
75
39
-81
-151
-71
116
198
21
-254
-236
35
235
166
-65
-231
-190
26
227
192
-102
-341
-186
207
298
41
-268
-241
38
233
140
-97
-188
-101
32
82
82
51
-31
-130
-106
140
246
-70
-339
-202
293
536
-13
-588
-369
324
548
74
-396
-332
106
327
74
-176
-151
31
100
4
-62
-64
5
40
-9
-46
-30
3
11
1
6
-4
-38
-21
62
91
-26
-153
-53
121
192
75
-154
-200
28
271
190
-82
-188
-98
33
152
183
43
-153
-211
-28
319
321
-144
-408
-171
293
392
32
-354
-259
129
334
132
-137
-200
-60
91
129
64
-3
-176
-183
125
287
67
-210
-302
16
337
189
-143
-262
-136
99
263
132
-139
-237
-46
205
159
-59
-145
0
146
78
-106
-101
60
140
48
-71
-115
-1
112
101
-35
-139
-84
75
150
65
-143
-222
-34
183
177
-33
-239
-172
34
141
149
54
-195
-276
-64
246
298
-31
-441
-308
245
494
102
-428
-445
93
477
227
-244
-362
-61
200
162
-19
-99
-60
12
20
48
59
-60
-131
-54
152
260
-60
-336
-164
226
297
6
-211
-172
40
150
71
-71
-108
-40
91
93
-55
-175
-74
128
124
-58
-176
-57
84
100
-13
-75
-47
16
64
59
-26
-91
-39
68
158
75
-88
-169
-34
193
221
16
-204
-162
7
206
213
-2
-180
-170
-16
279
300
-116
-359
-152
230
346
32
-288
-221
114
257
86
-101
-103
-22
14
23
92
93
-90
-251
-21
319
205
-204
-423
-70
431
364
-158
-433
-200
222
372
52
-254
-204
58
223
89
-121
-106
24
143
54
-93
-90
61
151
20
-96
-65
48
70
38
-43
-61
-48
46
101
33
-118
-144
-20
113
127
-28
-191
-143
22
126
124
33
-160
-220
-50
178
201
16
-277
-320
95
398
182
-280
-371
-16
317
209
-111
-245
-94
78
66
25
47
11
-94
-165
101
293
28
-327
-294
247
529
-10
-539
-322
305
476
26
-326
-238
108
213
33
-106
-91
11
72
22
-65
-80
9
82
24
-74
-88
-24
41
39
0
-38
-49
-11
61
94
-9
-123
-91
88
227
110
-161
-226
-13
249
231
-29
-224
-149
28
203
210
30
-188
-218
-26
315
318
-99
-386
-193
251
392
61
-330
-281
103
316
162
-103
-212
-117
63
194
109
-90
-199
-139
154
291
62
-253
-311
11
378
243
-166
-366
-121
166
258
99
-145
-180
-47
125
147
-3
-106
-26
83
65
-54
-57
54
76
0
-32
-16
28
31
23
-20
-33
-31
-23
62
72
-29
-156
-126
52
218
82
-186
-288
-52
222
282
0
-340
-312
85
354
189
-168
-370
-205
241
347
53
-282
-308
8
271
207
-65
-262
-166
58
182
141
-27
-204
-167
99
336
120
-359
-344
141
486
248
-382
-519
55
504
278
-219
-356
-68
249
176
-99
-167
-13
99
59
-34
-78
-57
-14
44
70
-16
-101
-86
8
106
74
-61
-139
-57
128
155
5
-181
-126
137
236
45
-171
-180
62
233
140
-75
-135
-64
-2
101
156
79
-61
-157
-103
138
318
76
-287
-288
92
378
194
-248
-327
13
291
179
-75
-177
-72
49
85
66
-3
-122
-103
109
169
5
-178
-219
52
276
133
-172
-210
-35
77
154
107
-74
-154
-71
88
145
22
-95
-46
99
64
-62
-90
37
142
65
-81
-109
4
118
78
-49
-102
-71
37
123
56
-88
-170
-113
106
237
51
-216
-276
-37
235
213
7
-212
-246
-44
192
217
30
-272
-336
48
389
221
-216
-412
-99
336
312
-114
-374
-111
217
161
-81
-89
23
35
-44
25
71
-81
-121
15
182
193
-147
-319
-20
280
197
-107
-195
-6
118
34
-71
-51
45
61
-9
-78
-52
-24
32
55
41
-49
-131
-42
89
70
-31
-79
-34
46
64
33
-44
-98
-21
97
148
69
-81
-174
-66
182
244
44
-178
-177
-29
162
245
91
-184
-284
-46
321
374
-47
-462
-276
269
492
107
-395
-359
107
373
199
-135
-241
-75
100
139
50
-37
-167
-107
171
217
-21
-227
-238
86
320
134
-188
-243
-49
114
172
85
-114
-113
-3
67
73
-7
-25
7
43
27
-61
-34
84
109
-9
-80
-34
37
71
21
-43
-48
-31
12
104
53
-96
-167
-63
104
186
48
-204
-237
-19
197
173
7
-166
-229
-74
175
252
36
-316
-328
118
370
163
-237
-332
-40
272
203
-103
-243
-63
95
85
-26
-8
31
-13
-71
35
90
-39
-147
-33
146
217
23
-314
-221
158
325
69
-188
-174
6
133
48
-49
-54
-7
3
-4
-33
-31
5
30
8
-37
-63
-18
17
24
7
-33
-31
-24
43
78
31
-104
-136
29
234
184
-119
-278
-52
243
250
0
-218
-162
30
168
174
52
-123
-186
-57
173
321
33
-311
-267
119
374
163
-208
-306
-52
250
255
-15
-219
-137
38
133
101
-1
-179
-132
170
212
-32
-224
-177
89
280
96
-197
-217
5
144
122
5
-59
-32
-32
18
52
1
-18
20
80
52
-74
-90
60
164
28
-104
-78
45
81
47
-15
-43
-74
-51
94
156
-21
-212
-183
85
284
108
-241
-318
-6
244
181
-67
-169
-133
-65
62
211
140
-229
-384
-1
375
285
-192
-423
-127
279
305
-54
-292
-139
113
132
30
-53
-67
-29
15
73
117
-111
-214
11
224
218
-56
-326
-197
206
334
23
-230
-165
54
113
-7
-16
3
14
-40
-57
2
11
-31
-15
16
6
-33
-34
-19
17
14
-7
-53
-38
63
101
27
-146
-122
101
216
90
-141
-218
9
237
207
-38
-191
-99
35
85
109
82
-8
-124
-141
86
329
137
-266
-315
33
353
232
-170
-318
-70
236
243
-10
-175
-123
51
105
36
-43
-80
-54
105
143
-30
-133
-107
-29
118
171
-9
-143
-128
-34
121
172
34
-124
-158
6
176
102
-87
-109
52
112
4
-94
-25
104
94
-20
-94
-24
75
79
-9
-86
-61
4
98
82
-65
-172
-103
89
200
64
-171
-232
-46
152
140
45
-83
-207
-157
80
247
154
-245
-371
-8
370
275
-182
-417
-124
281
302
-39
-296
-165
108
177
31
-102
-98
39
79
20
34
-78
-149
12
164
185
-26
-267
-171
142
273
63
-161
-161
0
137
73
-61
-82
-25
55
39
-43
-95
-32
75
48
-34
-72
-60
16
49
35
-21
-81
-33
63
101
23
-128
-98
75
174
91
-89
-153
-40
131
151
67
-61
-103
-96
17
192
218
-29
-250
-217
141
443
143
-364
-374
97
455
220
-250
-350
-31
289
221
-68
-193
-100
93
140
45
-100
-127
-36
144
182
-46
-217
-145
66
223
102
-112
-118
-50
-13
66
146
49
-113
-164
-13
208
120
-97
-162
36
185
22
-157
-28
143
115
-49
-116
-61
81
136
13
-138
-108
44
146
77
-80
-143
-107
28
137
108
-84
-217
-111
95
175
92
-94
-211
-169
66
274
185
-230
-440
-68
393
321
-152
-389
-181
228
315
7
-263
-185
61
168
54
-73
-96
12
63
44
31
-96
-161
0
195
268
-69
-367
-162
251
319
-44
-234
-94
85
103
-35
-61
13
37
9
-55
-37
-15
-20
10
40
6
-74
-88
31
72
14
-52
-41
12
52
46
-18
-91
-48
64
133
103
-27
-165
-112
108
256
124
-165
-234
-50
176
225
70
-115
-148
-49
107
242
71
-192
-248
25
295
216
-131
-282
-69
199
185
5
-117
-101
-12
85
87
-20
-75
-83
61
175
18
-169
-156
23
197
110
-56
-157
-68
37
71
87
41
-64
-91
-41
85
103
-18
-64
39
73
-25
-105
6
151
89
-65
-102
3
85
63
-21
-75
-60
0
96
98
-51
-165
-146
25
209
146
-142
-299
-110
194
228
38
-175
-230
-82
115
188
96
-148
-339
-105
302
341
-51
-416
-284
192
388
99
-276
-281
13
206
118
-59
-129
-73
50
159
146
-159
-322
-62
332
416
-77
-542
-286
329
466
11
-352
-207
113
205
4
-95
-35
23
-9
-13
-4
-14
-49
-21
49
30
-38
-83
-57
45
117
-4
-163
-91
96
197
47
-187
-173
81
258
140
-128
-226
-53
182
225
44
-121
-144
-54
72
154
134
18
-160
-204
51
366
203
-238
-353
-24
355
285
-121
-357
-108
235
259
20
-179
-178
11
174
141
-66
-153
-118
98
231
66
-164
-235
-64
236
231
-40
-227
-131
49
118
118
6
-46
-75
-67
48
85
53
-46
-30
39
14
-34
-27
90
119
-32
-112
-46
56
118
40
-99
-118
21
141
90
-101
-199
-81
110
169
30
-149
-172
-43
94
116
55
-56
-154
-144
-1
182
183
-60
-390
-171
297
346
-34
-399
-241
185
344
49
-267
-238
22
232
167
-98
-226
-80
147
233
49
-317
-285
150
389
218
-239
-436
-55
373
296
-133
-346
-34
268
129
-213
-231
105
266
34
-231
-178
75
149
29
-109
-81
18
20
-18
7
-1
-15
-34
-13
35
59
13
-72
-89
15
137
158
0
-181
-137
98
262
128
-140
-211
-50
121
197
92
-60
-157
-91
92
266
171
-188
-332
-47
310
303
-56
-315
-211
154
311
143
-176
-269
-45
221
215
-56
-247
-178
177
354
3
-320
-287
70
368
195
-179
-275
-43
108
69
68
49
-34
-109
-75
69
126
47
-69
-49
52
37
-50
-12
82
86
-27
-107
-43
95
117
-10
-119
-74
56
106
57
-64
-151
-104
25
170
118
-108
-229
-139
76
216
139
-81
-263
-176
95
231
140
-131
-367
-113
274
294
-29
-335
-224
148
305
98
-205
-251
-79
185
256
-11
-285
-185
139
327
132
-330
-358
92
389
270
-163
-402
-141
228
277
29
-192
-120
84
101
-79
-123
36
149
64
-118
-160
-36
128
137
-37
-159
-114
47
128
19
-69
-62
-16
26
32
46
30
-70
-100
32
159
131
-35
-177
-115
111
246
109
-114
-188
-61
102
163
132
-21
-162
-143
49
282
182
-163
-293
-42
262
270
-52
-297
-184
176
269
94
-153
-205
-32
165
155
-26
-171
-173
120
284
48
-223
-252
-2
293
189
-150
-252
-24
119
77
13
-42
4
-3
-41
-11
51
73
21
-13
-11
-22
-4
38
44
38
-25
-34
-25
26
99
32
-98
-109
14
136
96
-86
-180
-102
67
166
85
-118
-219
-77
89
152
70
-63
-171
-126
24
153
147
-68
-347
-159
256
340
-8
-368
-250
154
300
59
-205
-190
-9
175
157
-55
-216
-107
139
246
75
-285
-317
92
378
247
-134
-420
-199
302
363
-31
-278
-85
149
84
-133
-135
122
185
-28
-196
-119
76
131
23
-88
-73
-7
11
5
21
-4
-1
-37
-51
20
99
70
-84
-145
-8
180
200
-22
-230
-153
127
273
127
-132
-192
-25
92
121
98
60
-77
-188
-88
252
319
-51
-374
-200
245
384
71
-330
-303
89
364
182
-152
-276
-70
211
194
-35
-203
-166
139
283
6
-216
-188
-5
196
158
-51
-118
-86
-52
20
154
129
-13
-177
-146
75
193
57
-94
-98
39
97
5
-35
-1
60
58
-31
-91
1
108
75
-52
-157
-55
138
160
-56
-220
-139
70
230
103
-194
-241
-47
134
112
6
-12
-74
-146
-88
119
271
7
-364
-267
182
370
85
-322
-303
73
351
136
-219
-265
-48
185
228
-18
-247
-132
149
196
47
-195
-254
60
285
184
-73
-280
-147
146
213
34
-108
-63
-35
24
60
-10
-68
-15
44
26
-24
-88
-57
69
93
-26
-112
-72
45
75
37
-53
-101
-11
87
107
2
-139
-118
70
203
135
-90
-209
-70
160
187
49
-95
-107
-4
42
94
112
10
-112
-131
15
263
183
-169
-277
-33
289
234
-120
-264
-70
159
173
19
-90
-68
-9
57
50
-3
-66
-111
48
230
73
-198
-244
-5
238
212
-70
-232
-85
48
87
64
53
7
-90
-87
33
95
49
-26
-20
25
19
-39
-6
95
91
-37
-109
-28
115
92
-28
-116
-29
54
69
5
-32
-65
-106
-47
103
167
-2
-211
-194
29
214
155
-66
-223
-180
25
185
201
-57
-346
-193
212
325
27
-304
-254
88
282
115
-178
-259
-64
237
257
-75
-317
-165
222
315
90
-270
-388
-7
347
371
-21
-466
-341
232
495
138
-294
-301
-39
191
151
-35
-89
-94
5
102
41
-92
-118
3
114
39
-118
-122
21
116
58
-69
-111
-27
82
80
-7
-99
-78
40
136
123
-25
-159
-99
79
200
133
-78
-162
-48
39
94
134
79
-71
-209
-104
258
302
-51
-333
-169
203
328
48
-271
-217
83
230
146
-95
-197
-81
151
188
-48
-204
-102
100
253
93
-211
-243
-53
228
241
-33
-228
-160
61
134
110
44
-92
-142
-28
144
128
-32
-128
-23
151
67
-127
-75
124
158
-30
-141
-44
108
100
-11
-105
-63
39
86
58
-39
-112
-84
12
74
105
3
-165
-188
0
169
176
-14
-230
-206
22
240
182
-126
-357
-129
260
300
-24
-313
-219
92
248
107
-138
-225
-121
181
314
-16
-351
-231
192
399
150
-345
-458
-1
449
419
-94
-535
-299
285
469
74
-288
-232
-20
106
135
60
-50
-143
-82
71
129
-24
-142
-61
84
89
-39
-129
-45
62
81
-16
-81
-59
17
113
89
-57
-169
-73
179
236
19
-206
-183
64
253
190
-75
-224
-106
98
187
110
-11
-106
-180
-30
289
255
-122
-316
-139
260
343
-11
-301
-200
151
260
99
-106
-235
-83
178
229
-43
-229
-179
111
352
130
-269
-363
-52
310
328
-43
-338
-211
105
215
132
-32
-130
-124
8
142
84
-35
-103
-21
141
74
-91
-79
71
131
18
-81
-70
9
91
66
-60
-99
-35
103
109
-21
-135
-148
-21
153
156
-52
-205
-160
30
144
122
6
-149
-188
-73
141
238
59
-311
-361
90
447
210
-309
-425
3
395
242
-220
-357
-97
272
316
-43
-352
-208
196
328
144
-258
-412
-45
336
415
20
-443
-380
138
475
255
-212
-360
-108
159
208
35
-132
-119
3
100
62
-67
-142
-38
145
101
-113
-177
-26
117
111
-24
-139
-88
78
159
47
-125
-159
29
200
170
-36
-183
-130
83
214
135
-70
-147
-59
35
100
120
62
-62
-172
-69
259
291
-119
-380
-114
286
322
-29
-320
-173
179
257
60
-158
-180
9
165
118
-82
-153
-84
99
251
47
-220
-225
-10
216
205
-57
-181
-102
27
22
125
123
-45
-179
-113
123
190
9
-155
-66
139
124
-84
-126
59
180
50
-137
-144
55
184
72
-127
-145
-5
135
129
-36
-186
-152
24
164
140
-55
-223
-175
61
194
113
-49
-167
-177
-31
145
200
30
-289
-288
136
360
132
-302
-336
38
321
191
-163
-280
-119
199
299
-1
-334
-227
158
368
177
-294
-446
-50
380
423
5
-460
-382
153
466
235
-206
-364
-119
170
239
36
-172
-144
56
122
2
-121
-81
53
97
19
-98
-100
-5
69
56
-50
-86
-20
80
66
0
-61
-72
5
92
130
32
-97
-157
-14
198
227
5
-221
-180
18
205
220
20
-171
-197
-24
273
256
-75
-283
-162
185
321
59
-266
-225
69
251
168
-58
-226
-134
118
213
49
-130
-223
-16
321
202
-182
-349
-118
287
339
-20
-317
-178
76
147
114
32
-82
-147
-38
140
144
-14
-134
-57
135
121
-88
-134
53
210
79
-175
-154
95
207
16
-162
-109
42
115
72
-53
-138
-105
23
117
87
-26
-147
-169
3
162
132
-37
-187
-138
23
129
104
-10
-219
-198
119
268
74
-237
-266
-2
265
213
-107
-305
-155
203
333
-4
-359
-230
195
368
145
-294
-448
-28
418
338
-51
-363
-294
106
352
178
-121
-228
-121
54
160
83
-66
-140
-61
90
76
-58
-117
-38
99
82
-76
-148
-42
123
118
-36
-145
-77
77
112
37
-73
-120
-24
126
176
55
-158
-197
20
232
212
-56
-191
-99
28
148
157
46
-105
-191
-44
226
298
-45
-357
-175
236
344
74
-242
-260
8
265
230
-43
-289
-145
176
285
-4
-254
-226
123
372
97
-295
-279
17
312
207
-129
-268
-69
113
100
65
27
-51
-98
-58
79
118
9
-114
-50
142
130
-75
-157
24
179
100
-85
-152
-13
153
122
-70
-196
-77
145
214
7
-266
-217
60
262
130
-144
-236
-88
65
127
62
13
-91
-180
-120
91
252
113
-291
-363
64
394
215
-257
-381
-33
328
218
-136
-301
-140
177
319
41
-328
-261
144
362
163
-247
-384
-73
282
317
96
-251
-368
-36
306
286
16
-202
-260
-73
203
217
-11
-190
-145
59
141
26
-133
-130
58
143
-11
-152
-79
59
109
19
-104
-86
23
140
71
-78
-159
-29
168
182
1
-168
-139
41
200
140
-26
-128
-116
-8
156
187
42
-134
-160
-38
200
279
-60
-292
-155
187
328
57
-254
-220
65
252
146
-58
-190
-154
80
235
76
-171
-236
25
347
173
-278
-328
15
249
217
-25
-205
-133
14
89
125
60
-74
-115
-59
80
126
4
-79
-36
105
82
-93
-111
53
187
59
-134
-146
56
184
46
-140
-126
26
140
76
-63
-112
-99
-38
86
143
16
-155
-194
-20
165
174
7
-205
-222
-13
182
194
-37
-322
-203
188
291
34
-250
-249
47
274
140
-148
-252
-115
157
281
19
-292
-228
170
342
103
-247
-344
-53
288
323
99
-288
-388
-13
345
303
-49
-276
-231
15
235
177
-31
-212
-132
97
163
-1
-157
-121
72
161
-4
-190
-92
116
129
-38
-114
-58
57
96
21
-44
-70
-13
62
117
73
-71
-175
-47
205
245
-15
-192
-133
18
145
164
59
-91
-155
-99
179
308
27
-287
-243
108
344
163
-194
-285
-35
223
224
-3
-190
-170
50
210
101
-120
-245
-76
285
267
-130
-312
-169
158
305
92
-166
-223
-79
102
168
130
-47
-190
-112
81
173
66
-100
-88
55
113
-39
-99
28
130
54
-68
-74
1
78
60
-37
-103
-75
79
132
25
-128
-157
-55
105
168
38
-159
-229
-60
178
180
-4
-189
-218
-3
174
199
-25
-316
-223
162
315
85
-249
-286
25
220
154
-82
-163
-147
19
228
145
-146
-284
-28
271
263
-56
-409
-253
214
437
263
-292
-552
-114
476
443
-78
-397
-260
87
280
140
-107
-212
-70
137
151
-58
-184
-78
116
139
-35
-164
-91
65
122
14
-106
-83
13
97
109
-6
-152
-110
100
245
100
-172
-237
6
268
248
-42
-238
-126
91
137
92
16
-22
-98
-129
136
301
10
-259
-177
127
300
97
-224
-241
53
240
167
-61
-213
-97
128
204
46
-210
-211
10
313
274
-187
-412
-160
274
406
34
-352
-276
104
250
82
-54
-69
-11
-46
-19
124
67
-82
-97
34
105
10
-94
-6
113
96
-53
-125
-32
125
114
-56
-149
-76
98
157
8
-129
-158
-59
97
187
34
-185
-200
-23
151
124
37
-118
-198
-119
115
265
104
-316
-365
81
420
200
-277
-383
-5
317
201
-123
-275
-161
137
306
91
-250
-282
76
304
206
-159
-424
-102
334
334
32
-314
-301
71
326
163
-125
-143
-24
-42
-34
58
145
36
-170
-129
59
147
-9
-167
-49
126
71
-125
-150
58
145
18
-122
-92
59
116
44
-78
-124
-11
120
119
24
-80
-111
-11
154
155
13
-139
-88
20
78
115
77
-27
-142
-126
162
299
19
-297
-226
151
352
114
-258
-274
36
244
180
-12
-179
-143
45
176
78
-122
-136
-35
172
174
-54
-173
-180
16
237
186
-86
-241
-127
54
199
169
-48
-227
-133
107
220
35
-158
-69
114
139
-57
-157
11
188
99
-102
-148
23
167
75
-110
-114
-18
87
107
16
-85
-135
-78
71
158
57
-141
-194
-84
132
199
77
-147
-238
-76
122
221
55
-277
-281
78
308
163
-188
-317
-57
242
208
-70
-230
-180
82
297
87
-217
-237
35
262
205
-72
-368
-237
209
422
197
-287
-469
-74
394
386
-29
-358
-264
67
257
156
-93
-230
-85
156
149
-43
-202
-122
122
181
-30
-187
-122
78
156
47
-115
-148
0
153
123
-66
-174
-61
125
193
67
-126
-188
-34
196
215
22
-156
-150
-8
109
163
75
-63
-163
-100
186
300
-14
-276
-192
141
306
80
-216
-236
24
249
165
-21
-195
-114
62
160
54
-97
-162
-69
220
251
-70
-312
-233
137
395
152
-261
-332
-10
220
197
26
-153
-132
-1
117
85
-32
-71
2
97
82
-70
-116
15
131
99
-40
-106
-18
86
79
-16
-98
-89
54
134
57
-98
-175
-101
111
212
42
-209
-229
-3
174
138
-11
-142
-145
-59
74
144
87
-145
-292
-27
274
223
-118
-341
-142
218
273
-22
-259
-174
78
237
90
-175
-215
40
223
173
-63
-341
-187
227
385
121
-325
-384
37
382
229
-145
-231
-52
67
61
-3
-17
4
0
-22
-30
-17
-7
-24
16
63
11
-105
-97
45
105
26
-106
-109
38
157
92
-76
-176
-66
158
197
21
-117
-149
3
166
183
19
-129
-130
-12
107
134
65
-31
-117
-136
102
292
81
-247
-242
83
334
165
-203
-268
3
219
171
-6
-185
-139
78
186
52
-65
-130
-173
86
274
105
-137
-318
-139
275
363
4
-340
-287
34
315
267
-80
-302
-175
147
280
61
-202
-152
117
208
-3
-217
-64
212
169
-91
-185
-39
161
134
-35
-173
-97
97
168
34
-134
-171
-61
81
166
62
-156
-199
-56
103
133
78
-73
-226
-149
107
248
132
-241
-422
-17
436
319
-208
-479
-150
340
363
-53
-366
-265
120
385
159
-263
-349
16
336
254
-115
-401
-165
285
328
39
-210
-234
-28
171
146
39
-45
-109
-142
-19
182
170
-71
-229
-70
139
116
-86
-167
-2
158
52
-120
-147
-5
122
94
-80
-153
-4
147
115
-65
-167
-84
142
202
68
-113
-168
68
139
1
-28
75
143
-36
-376
-150
464
545
-150
-658
-280
649
661
-221
-760
-232
576
570
-172
-589
-200
419
394
-85
-358
-144
216
218
-73
-206
-48
78
102
52
-57
-7
-10
-121
-47
157
168
-39
-245
-186
143
326
83
-235
-246
62
263
103
-137
-147
72
175
17
-166
-56
152
155
-35
-159
-59
129
150
-31
-168
-103
80
173
58
-125
-190
-69
103
173
52
-178
-212
-37
149
142
26
-105
-179
-102
64
184
122
-175
-352
-21
356
235
-181
-374
-92
271
234
-73
-230
-167
48
224
121
-110
-206
-58
155
201
37
-303
-263
158
354
201
-180
-420
-152
293
351
13
-224
-158
-16
78
83
29
-8
-80
-56
-1
30
14
-35
-39
-5
4
3
-41
-44
16
57
1
-75
-35
48
107
1
-125
-97
60
168
116
-56
-203
-73
176
220
37
-139
-137
-16
82
145
102
-27
-121
-113
45
269
143
-190
-248
0
261
221
-88
-285
-92
181
225
68
-165
-203
-31
184
192
-3
-222
-267
89
399
173
-255
-342
-88
273
303
6
-244
-222
-43
156
280
100
-207
-262
-30
255
225
-86
-223
-39
190
127
-83
-127
37
149
67
-88
-95
25
106
25
-89
-95
18
138
76
-95
-186
-88
87
176
59
-126
-202
-87
92
163
87
-62
-238
-140
83
221
146
-215
-350
-11
318
243
-145
-352
-125
208
257
13
-235
-241
7
287
207
-176
-263
-33
183
156
20
-171
-184
75
183
109
-48
-183
-113
48
150
107
8
-86
-176
-96
124
217
48
-205
-188
58
192
14
-179
-105
103
131
-62
-163
-50
125
115
-68
-176
-19
168
109
-74
-170
-42
126
173
48
-90
-153
-38
133
202
73
-146
-166
16
129
119
23
2
-51
-123
-19
239
176
-125
-269
-74
256
283
-70
-296
-132
168
286
62
-255
-245
139
333
62
-252
-208
-1
240
173
-63
-168
-113
-53
96
220
101
-160
-250
-93
164
293
113
-207
-289
-25
261
226
-65
-240
-47
203
134
-111
-136
70
197
43
-169
-139
110
208
4
-197
-117
98
204
46
-179
-187
-34
107
144
44
-126
-181
-86
77
168
99
-95
-236
-125
91
230
114
-243
-338
3
343
242
-177
-361
-93
258
221
-72
-206
-146
4
210
161
-117
-244
-49
174
134
69
-94
-226
-97
150
308
94
-288
-297
40
316
219
-84
-236
-194
52
213
99
-81
-156
-30
87
56
-57
-88
-14
73
41
-77
-111
7
78
50
-48
-66
-5
54
60
5
-99
-66
45
121
125
-16
-178
-94
122
204
80
-92
-135
-43
64
112
111
34
-94
-181
2
311
184
-203
-314
-12
324
253
-129
-337
-69
248
213
4
-159
-139
16
118
94
-11
-68
-123
-73
142
227
62
-237
-369
5
429
345
-175
-513
-229
294
472
103
-343
-312
41
292
169
-91
-171
-33
123
94
-27
-77
18
95
32
-71
-65
56
112
0
-118
-72
41
124
57
-97
-162
-74
76
143
78
-115
-172
-103
58
141
114
-66
-224
-149
80
229
142
-208
-371
-15
333
256
-157
-382
-131
267
231
-73
-210
-105
34
143
111
-79
-164
-34
70
106
119
-57
-223
-117
127
282
144
-224
-327
-57
290
317
-12
-281
-228
15
224
147
-64
-141
-62
32
40
8
-31
-20
10
-7
-28
-31
-18
7
27
12
-43
-39
33
80
27
-93
-91
39
164
141
-31
-196
-132
115
244
105
-101
-154
-64
75
161
123
-43
-130
-91
61
252
101
-170
-213
16
216
189
-76
-202
-97
125
180
88
-98
-162
-29
122
102
1
-83
-166
-21
206
206
-35
-286
-282
113
431
215
-278
-409
-96
273
356
53
-275
-269
26
286
157
-119
-185
16
168
83
-108
-97
73
153
13
-133
-92
82
155
11
-133
-113
32
133
89
-56
-138
-145
11
166
135
-73
-250
-146
90
186
122
-88
-229
-138
59
200
125
-139
-340
-67
280
252
-90
-307
-189
142
267
65
-194
-225
-34
207
195
-51
-225
-134
113
246
124
-255
-332
34
331
292
-53
-387
-232
178
349
94
-195
-167
-21
50
57
37
-15
-56
-47
29
33
-21
-94
-3
75
35
-68
-90
-7
87
51
-52
-77
-30
71
107
1
-131
-81
62
182
113
-64
-167
-73
113
184
93
-66
-147
-73
39
156
137
9
-146
-187
85
351
140
-256
-328
38
354
223
-166
-272
-42
192
170
22
-127
-117
20
88
81
-36
-91
-92
73
210
50
-177
-182
-35
147
181
40
-142
-166
-50
82
175
114
-87
-194
-76
120
169
17
-88
-48
46
35
-33
2
88
56
-47
-62
13
50
50
-24
-87
-35
15
77
79
-31
-175
-116
53
182
107
-114
-231
-129
97
209
81
-105
-216
-119
87
168
90
-95
-305
-112
256
263
-77
-322
-158
166
268
41
-205
-228
-40
229
226
-87
-257
-95
119
222
126
-221
-329
29
346
220
-109
-285
-150
143
195
65
-23
-52
-142
-108
88
176
63
-120
-180
-17
145
75
-125
-115
48
125
-14
-155
-85
110
134
-43
-169
-61
133
170
-20
-212
-110
136
230
78
-117
-175
-59
137
187
66
-75
-105
-71
11
119
157
27
-146
-175
67
323
130
-216
-284
29
311
201
-157
-277
-36
234
163
-36
-127
-66
23
48
44
40
-55
-183
3
277
162
-171
-299
-125
199
324
70
-237
-253
-33
162
230
89
-146
-225
-53
196
193
-48
-178
-44
170
139
-110
-165
47
218
69
-157
-136
88
170
15
-156
-116
58
152
67
-84
-151
-84
47
118
70
-63
-149
-118
13
158
180
-38
-284
-231
105
300
135
-208
-384
-57
353
278
-133
-367
-158
212
283
-14
-252
-166
11
194
173
-85
-221
-65
134
194
76
-232
-291
63
332
203
-126
-290
-126
161
218
29
-96
-56
-38
-71
16
116
97
-66
-167
-56
109
62
-88
-86
55
92
-57
-153
-17
137
54
-70
-113
-24
112
92
-25
-118
-97
56
149
130
-18
-150
-127
80
211
130
-82
-168
-66
72
141
100
-12
-95
-84
6
179
192
-91
-264
-61
218
249
-36
-244
-131
128
191
76
-103
-120
-32
79
122
1
-120
-167
63
287
97
-232
-232
22
171
139
-28
-97
-69
-50
-19
127
200
-5
-218
-177
88
231
78
-141
-123
63
159
3
-118
0
117
48
-80
-105
47
151
43
-120
-145
36
158
93
-61
-179
-129
60
153
110
-77
-218
-138
63
181
102
-47
-221
-185
88
240
125
-187
-342
-15
285
228
-113
-331
-144
198
252
10
-218
-150
-24
158
166
-26
-170
-136
7
157
243
9
-314
-247
91
379
283
-193
-477
-154
320
380
56
-252
-304
-68
217
245
8
-199
-194
45
188
77
-135
-161
19
127
36
-97
-97
11
102
29
-106
-92
53
134
39
-104
-128
31
182
142
-20
-162
-135
63
235
130
-74
-163
-93
49
180
122
-28
-137
-95
48
223
161
-161
-260
-32
269
263
-78
-283
-142
169
240
61
-141
-184
-13
147
134
-18
-79
-143
-47
170
190
-23
-215
-200
19
266
201
-105
-265
-152
70
260
194
-111
-279
-88
181
206
-1
-162
-94
122
150
-59
-139
22
184
73
-148
-146
43
213
87
-157
-192
6
215
149
-128
-247
-100
139
160
25
-146
-155
-22
56
71
52
38
-113
-189
-90
162
264
-17
-383
-225
243
368
-3
-376
-276
176
348
57
-258
-231
11
229
214
-82
-271
-146
151
201
117
-81
-259
-131
149
278
151
-182
-329
-85
249
297
33
-190
-237
-71
151
188
46
-158
-167
36
144
32
-123
-95
71
82
-36
-123
-30
93
70
-54
-116
-16
94
82
-9
-107
-98
50
170
118
-38
-156
-99
87
172
122
-38
-128
-91
-6
143
164
31
-148
-177
34
296
193
-178
-299
-32
263
226
-70
-252
-92
146
182
43
-85
-140
-51
92
148
53
-107
-224
-75
269
250
-79
-285
-223
76
316
211
-102
-298
-169
65
243
227
-44
-260
-186
99
272
108
-157
-166
45
175
30
-108
-23
116
87
-78
-121
13
144
94
-91
-175
-44
180
182
-59
-246
-161
70
184
112
-89
-180
-103
31
106
74
24
-79
-173
-101
110
265
-1
-359
-238
194
375
46
-348
-284
131
324
96
-216
-230
-44
201
215
-38
-251
-164
101
210
141
-71
-247
-158
80
271
231
-132
-372
-135
213
320
76
-231
-233
-18
174
128
-36
-129
-59
46
35
-50
-60
12
63
18
-59
-91
5
74
33
-52
-81
-14
52
76
-3
-68
-73
27
111
113
-2
-121
-126
36
197
166
-50
-189
-97
73
148
116
6
-72
-145
-63
242
265
-105
-322
-108
256
308
-34
-296
-161
170
244
44
-139
-164
3
92
121
78
-32
-203
-200
137
355
133
-273
-416
-42
449
386
-140
-491
-241
225
407
176
-238
-325
-61
256
235
-39
-195
-84
140
162
-62
-133
18
145
73
-87
-105
23
133
56
-93
-108
-6
95
106
-22
-140
-142
24
142
93
-69
-162
-109
31
96
82
27
-109
-159
-49
91
166
26
-234
-206
105
265
64
-257
-238
88
234
72
-136
-179
-50
128
199
-2
-211
-177
85
203
165
-57
-296
-180
113
325
211
-189
-343
-117
198
291
79
-156
-225
-158
88
238
136
-94
-224
-92
107
142
-23
-177
-44
129
50
-129
-103
80
119
-31
-147
-96
120
171
11
-163
-168
50
235
163
-63
-203
-115
117
189
85
-71
-94
-18
17
51
77
95
-3
-150
-122
215
256
-68
-282
-100
238
244
-61
-217
-104
122
156
55
-55
-132
-40
78
146
29
-95
-155
-79
169
217
12
-171
-238
-37
236
244
-6
-252
-234
11
275
264
-69
-315
-162
184
284
12
-218
-115
143
182
-37
-138
-7
118
62
-74
-68
40
90
21
-60
-101
-22
109
109
-32
-143
-115
4
106
116
-22
-177
-148
3
132
93
39
-110
-196
-71
113
199
23
-279
-213
128
277
66
-233
-257
30
255
144
-142
-243
-79
166
252
19
-266
-224
75
271
219
-138
-358
-131
213
337
119
-244
-317
-39
239
250
18
-187
-184
-64
121
180
29
-131
-119
18
87
9
-92
-58
67
59
-54
-97
-7
77
47
-38
-93
-22
47
73
61
-71
-119
-21
138
183
34
-155
-169
36
216
158
-34
-165
-90
25
106
146
50
-73
-177
-70
252
278
-83
-327
-139
263
333
-37
-338
-149
189
243
34
-118
-145
-17
78
103
9
-32
-97
-106
92
217
83
-162
-321
-130
284
401
28
-401
-340
96
434
260
-219
-357
-82
248
226
-64
-168
-36
146
115
-116
-122
74
174
27
-154
-104
92
161
30
-142
-131
22
146
106
-48
-165
-108
36
107
98
-27
-143
-126
-17
117
106
13
-104
-149
-92
55
166
100
-204
-307
48
348
158
-242
-327
-14
276
208
-100
-296
-169
170
310
53
-270
-247
48
245
228
-42
-317
-202
118
290
179
-86
-289
-171
121
290
140
-135
-249
-130
114
227
92
-136
-186
-10
137
56
-90
-120
42
92
-40
-116
-30
100
83
-47
-135
-63
98
129
24
-122
-122
32
147
116
6
-110
-127
41
172
133
-2
-116
-85
4
82
133
54
-49
-122
-65
174
218
-40
-245
-134
204
268
-4
-228
-150
107
185
45
-65
-96
-24
48
82
61
-12
-167
-182
169
315
40
-269
-290
9
315
256
-105
-289
-152
101
193
127
-54
-130
-83
32
118
80
-51
-66
14
85
-10
-70
16
116
65
-76
-117
20
142
84
-88
-151
-28
105
128
2
-150
-158
-38
135
180
-29
-208
-142
7
115
95
24
-64
-168
-116
57
168
119
-171
-299
10
257
176
-145
-271
-71
182
161
-25
-156
-170
12
284
147
-236
-302
4
282
269
-82
-381
-177
238
342
58
-225
-237
-19
160
128
37
-1
-98
-189
-69
161
210
10
-184
-166
52
154
19
-123
-66
71
65
-82
-82
34
65
-6
-90
-73
77
121
21
-82
-103
-15
148
143
13
-108
-140
1
166
174
5
-129
-111
-21
118
186
60
-109
-141
-27
147
227
-1
-247
-166
140
289
76
-204
-218
45
230
127
-57
-173
-112
82
222
97
-110
-262
-140
241
335
-7
-315
-220
20
234
242
-14
-244
-220
11
202
240
30
-207
-238
18
240
180
-84
-209
-38
193
101
-116
-87
97
109
-36
-118
-1
135
98
-65
-170
-66
144
168
-41
-199
-135
41
136
96
-56
-156
-103
20
68
68
53
-42
-149
-117
14
152
119
-190
-282
33
331
164
-248
-324
17
285
178
-154
-251
-112
123
279
70
-218
-262
11
232
240
8
-296
-255
94
315
221
-116
-333
-155
180
276
93
-114
-191
-156
55
202
136
-98
-212
-48
134
86
-84
-140
35
101
-6
-101
-69
68
69
-34
-89
-38
79
91
20
-95
-114
18
145
125
-5
-89
-101
-16
107
145
68
-75
-117
-64
72
156
94
-49
-152
-105
148
285
14
-266
-174
124
276
87
-205
-186
55
176
90
-18
-103
-82
35
105
64
-29
-150
-151
122
305
64
-229
-274
-44
242
269
0
-269
-236
36
217
221
8
-228
-185
38
221
124
-84
-116
11
109
5
-93
-5
127
95
-53
-117
-8
113
96
-45
-142
-100
115
189
36
-194
-219
9
190
147
-62
-210
-119
53
96
45
28
-23
-151
-129
40
213
120
-241
-299
76
302
125
-227
-300
38
295
102
-191
-196
3
125
129
23
-140
-168
14
158
141
34
-172
-200
-11
219
252
-13
-305
-242
106
324
180
-156
-272
-97
112
165
31
-104
-54
26
-6
-62
-11
33
49
-15
-60
-57
10
43
12
-27
-57
-36
28
66
55
-44
-103
-51
87
172
81
-89
-167
-58
163
217
35
-154
-134
1
97
144
77
-51
-116
-111
111
291
43
-264
-221
135
321
115
-218
-237
0
245
191
-34
-211
-136
95
197
66
-81
-163
-139
114
272
64
-180
-236
-100
185
289
84
-233
-305
-61
259
322
2
-295
-237
71
279
119
-123
-133
22
139
20
-99
-29
109
107
-57
-132
-14
154
101
-106
-156
-12
132
117
-28
-147
-131
-10
83
110
28
-110
-183
-78
101
159
67
-100
-194
-91
58
164
69
-205
-217
64
224
98