#4
-184
-282
-328
-269
-212
-197
-192
-191
-187
-115
-108
-201
-249
-92
103
70
-221
-385
-193
145
232
-70
-365
-309
54
200
-27
-283
-240
-60
-10
-111
-192
-155
-151
-224
-237
-176
-160
-307
-366
-269
-167
-235
-422
-442
-187
-25
-237
-563
-529
-146
101
-151
-494
-479
-158
51
-65
-267
-328
-240
-107
-24
-32
-148
-240
-160
7
73
-83
-179
-61
11
-44
-85
-21
58
11
-152
-213
-58
85
-26
-254
-257
-61
-29
-196
-352
-250
-59
-53
-311
-462
-317
-58
-45
-294
-443
-359
-201
-106
-165
-294
-345
-309
-201
-142
-151
-213
-273
-208
-116
-87
-116
-140
-92
-47
-37
-23
-36
-40
-19
2
36
-31
-100
-46
85
131
-69
-261
-127
118
127
-101
-280
-191
7
27
-128
-255
-201
-102
-93
-198
-229
-200
-218
-216
-243
-218
-174
-185
-264
-320
-284
-179
-145
-155
-202
-231
-166
-114
-122
-148
-122
-35
17
-62
-187
-158
77
274
78
-256
-283
15
276
223
-105
-246
-75
142
105
-24
-54
-17
-48
-84
-40
10
-57
-177
-201
-107
-45
-182
-317
-218
-49
-120
-323
-395
-201
6
-116
-357
-403
-191
-26
-47
-224
-309
-229
-90
-23
-65
-145
-160
-133
-76
-33
-17
-9
-44
-63
-46
-3
38
77
59
-85
-137
59
267
181
-140
-269
-21
237
124
-179
-282
-77
96
-13
-235
-260
-112
8
-87
-281
-370
-248
-14
52
-149
-394
-453
-218
75
55
-246
-451
-342
-68
47
-74
-243
-276
-160
-10
60
-11
-121
-182
-45
169
167
-19
-139
-40
169
180
7
-129
-13
194
168
-81
-148
-5
109
60
-50
-74
-76
-93
-106
-21
59
-69
-291
-281
-54
78
-110
-334
-309
-109
-48
-132
-207
-232
-258
-231
-129
-38
-87
-234
-266
-119
66
31
-185
-247
-11
231
99
-186
-222
80
325
181
-166
-281
13
336
276
-18
-204
-82
128
185
124
-1
-97
-69
53
88
-14
-128
-97
-44
-41
-119
-191
-173
-88
-99
-236
-299
-190
-45
-37
-194
-342
-295
-120
4
-8
-184
-324
-233
-1
122
13
-214
-251
-63
119
92
-74
-117
-16
82
100
25
-25
47
117
54
-33
57
141
120
25
-32
-11
59
51
-15
-56
-64
-42
-74
-99
-134
-125
-42
-14
-205
-352
-236
38
101
-167
-439
-372
-41
123
-90
-345
-309
-118
-19
-102
-171
-110
-63
-70
-86
-59
-12
-17
-30
23
108
74
-24
18
161
190
40
-140
-28
232
297
51
-193
-106
139
221
91
-112
-169
-84
27
88
42
-94
-217
-182
-20
48
-107
-271
-211
-41
-42
-224
-238
-111
-87
-192
-279
-168
21
-22
-222
-241
-28
116
-25
-222
-120
149
214
-48
-221
-79
236
340
102
-233
-216
138
431
304
-99
-306
-69
332
408
95
-225
-215
73
269
151
-118
-217
-106
47
61
-71
-210
-239
-151
-41
-39
-159
-307
-264
-37
47
-132
-358
-294
21
137
-116
-344
-250
40
173
11
-201
-207
-37
97
74
-13
-4
28
6
57
111
100
45
17
55
111
144
134
57
13
6
75
125
39
-87
-118
8
140
20
-241
-253
-13
157
-30
-388
-444
-64
263
89
-364
-523
-247
122
150
-145
-346
-284
-129
-4
-10
-68
-125
-186
-140
52
153
9
-158
-125
135
272
88
-78
-2
175
225
56
-62
18
195
248
80
-129
-73
135
211
98
-79
-127
-26
67
85
-18
-133
-136
-34
-6
-83
-161
-146
-50
-83
-207
-197
-59
-41
-195
-302
-182
11
30
-160
-268
-125
71
56
-109
-151
-3
134
100
-20
-75
40
193
208
54
-130
-44
177
295
194
-50
-109
80
226
201
60
-21
24
39
7
15
50
52
-57
-137
-96
-9
-32
-147
-176
-103
-112
-173
-210
-115
-23
-98
-282
-270
-52
92
-21
-247
-237
-32
52
13
-71
-75
-50
-53
-18
59
96
27
-55
12
180
168
18
-23
85
146
113
104
99
119
66
19
34
84
65
-26
-50
22
47
-80
-155
-105
12
36
-156
-317
-211
43
87
-102
-302
-304
-146
6
19
-113
-224
-267
-167
14
58
-92
-242
-168
60
167
2
-157
-102
125
258
135
-88
-81
147
318
231
-30
-167
29
318
356
56
-227
-148
215
365
137
-185
-273
-12
250
191
-109
-274
-127
82
54
-82
-206
-222
-82
21
-46
-172
-228
-176
-95
-55
-96
-198
-176
-80
13
-10
-82
-116
-106
13
129
143
20
-111
-104
96
342
299
-49
-293
-51
390
466
119
-258
-193
179
391
248
-23
-125
-11
120
167
100
-34
-143
-102
40
89
-69
-234
-215
-8
60
-159
-341
-231
57
87
-180
-378
-271
33
147
-34
-258
-270
-93
95
130
29
-146
-212
-36
162
168
-13
-120
10
214
211
22
-65
74
218
125
1
76
226
218
12
-106
30
205
162
-59
-147
-66
46
59
-49
-133
-133
-66
-63
-110
-164
-131
-58
-34
-157
-233
-216
-71
22
-47
-194
-262
-162
-10
55
-37
-137
-151
-61
23
88
60
-31
-41
72
179
161
54
1
91
228
172
25
-16
111
223
146
-18
-25
126
158
30
-97
-29
80
39
-41
-37
-1
-34
-110
-100
-47
-53
-103
-134
-143
-135
-83
-64
-104
-183
-219
-176
-39
73
-36
-208
-212
2
153
22
-139
-69
169
209
-22
-160
49
358
289
-58
-219
14
331
368
121
-104
-105
96
241
222
116
15
-34
-12
91
132
50
-79
-109
-33
2
-44
-131
-137
-63
-70
-153
-207
-145
-42
-15
-134
-292
-258
-12
143
35
-260
-346
-79
230
204
-99
-321
-190
178
329
60
-209
-122
156
306
135
-94
-34
196
231
47
3
137
214
168
12
-56
54
142
79
-3
-41
-28
10
-27
-58
-84
-74
-50
-73
-189
-238
-90
97
10
-238
-349
-197
48
59
-125
-247
-222
-100
-8
11
-46
-99
-142
-68
77
136
3
-128
-12
221
256
44
-109
38
307
311
4
-157
44
347
306
-23
-186
9
256
224
5
-124
-67
56
76
17
-14
-62
-113
-52
8
-25
-148
-177
-75
-36
-116
-151
-103
-96
-161
-191
-108
-3
-28
-165
-163
-9
96
-8
-140
-68
159
192
6
-138
-24
257
334
95
-146
-83
179
307
210
48
-12
51
130
151
167
115
27
-34
15
112
102
25
-48
-98
-49
3
-32
-131
-145
-84
-60
-130
-203
-170
-29
33
-140
-341
-268
51
208
-5
-328
-339
-17
249
141
-148
-223
-38
126
134
21
-25
9
43
105
158
148
97
58
17
67
180
224
120
29
15
51
109
92
46
-17
-14
-14
11
-10
-85
-105
-23
-7
-136
-247
-183
22
86
-112
-309
-256
-79
24
-68
-151
-123
-130
-160
-139
12
55
-69
-168
-68
99
127
-26
-105
71
247
172
-28
-48
197
298
120
-89
-19
250
327
113
-127
-62
147
238
126
-37
-84
-28
56
95
66
-75
-150
-86
28
35
-91
-193
-152
-34
-42
-139
-153
-86
-65
-176
-203
-128
0
16
-107
-156
-85
7
39
40
33
4
-39
23
108
134
133
98
58
45
57
105
182
209
114
-19
-3
142
212
159
59
10
23
66
94
65
22
-53
-82
-61
-3
-32
-145
-157
-75
-35
-107
-244
-187
13
20
-182
-322
-178
92
123
-137
-281
-163
66
133
-26
-127
-76
30
81
73
17
-3
23
91
169
138
4
-5
147
227
148
3
18
204
270
67
-112
-44
151
167
14
-72
-8
5
-75
-123
-30
78
-23
-265
-342
-96
157
91
-233
-419
-241
59
136
-88
-281
-261
-114
25
47
-39
-165
-184
-30
125
99
-44
-85
35
164
138
30
6
107
228
225
71
-41
-4
176
308
208
-74
-158
53
276
254
-2
-249
-168
172
287
60
-210
-243
-14
125
31
-171
-233
-102
-13
-51
-154
-120
-75
-129
-182
-151
-90
-43
-43
-83
-105
-54
-7
1
9
14
42
71
60
8
27
163
266
146
-86
-106
147
374
298
-27
-170
46
269
265
102
12
29
29
56
112
110
3
-133
-142
46
117
-84
-282
-186
17
52
-167
-309
-153
73
33
-236
-346
-119
121
112
-152
-300
-144
63
130
30
-92
-92
-25
45
83
71
54
67
74
74
46
76
196
199
37
-49
108
313
289
-9
-205
-28
294
281
-46
-246
-67
178
121
-100
-226
-97
46
5
-182
-244
-115
13
6
-120
-252
-257
-115
32
15
-117
-233
-228
-88
51
50
-71
-189
-165
34
172
114
-16
-106
31
210
216
66
-19
73
222
210
41
-45
111
290
189
-78
-100
145
280
142
-122
-165
20
189
107
-86
-150
-58
34
-7
-99
-140
-103
-47
-66
-162
-164
-49
-13
-125
-247
-226
-75
85
14
-146
-185
-83
66
84
-2
-25
55
74
28
-8
82
243
225
0
-119
36
321
322
94
-79
-23
167
211
131
76
94
68
-8
6
124
122
1
-135
-96
40
54
-120
-208
-118
-1
-64
-212
-223
-54
23
-87
-241
-224
-51
56
-21
-173
-194
-61
37
70
-7
-89
-81
15
87
89
40
14
31
99
138
112
70
109
120
56
79
188
207
86
-25
25
167
163
-20
-93
47
130
3
-179
-170
8
96
-7
-197
-280
-160
42
77
-74
-255
-307
-150
67
66
-127
-296
-255
-33
78
-16
-153
-151
-56
27
58
55
-3
-40
0
140
203
108
-15
29
224
277
93
-86
38
258
281
51
-132
29
232
186
11
-93
-11
72
47
-29
-27
12
-20
-103
-101
-42
-50
-94
-108
-106
-124
-121
-61
-43
-148
-234
-183
-8
83
-47
-217
-179
41
142
20
-121
-47
126
197
36
-77
35
264
261
29
-110
5
240
291
159
4
-13
67
148
211
175
31
-76
18
164
185
19
-144
-132
17
115
-23
-206
-201
-50
-8
-97
-190
-210
-98
-14
-41
-183
-240
-117
63
50
-113
-247
-179
53
190
62
-130
-162
7
152
124
18
-32
2
131
174
138
65
28
66
126
180
176
108
62
68
72
89
88
63
25
-27
-37
-16
1
-41
-100
-66
-26
-73
-196
-208
-48
85
-33
-236
-315
-141
60
0
-169
-186
-82
-86
-146
-114
20
24
-70
-126
-34
109
126
-6
-23
101
154
88
39
137
234
148
-6
-19
171
291
188
-58
-121
83
243
176
17
-78
-73
19
116
92
-57
-148
-89
31
39
-115
-236
-128
61
-15
-214
-230
-89
41
-71
-256
-245
-34
70
-31
-159
-103
24
22
-52
-22
121
117
0
-76
35
234
272
112
-67
-87
95
308
318
111
-104
-55
181
279
163
31
-15
42
122
97
-5
-36
5
12
-13
-67
-92
-107
-91
-68
-70
-130
-210
-171
-33
34
-102
-288
-260
2
174
19
-279
-275
-21
144
96
-35
-125
-78
31
117
79
38
2
32
121
166
105
49
87
130
122
106
126
165
175
64
-43
19
134
137
2
-63
5
0
-59
-96
-36
45
-11
-208
-312
-136
106
129
-174
-387
-287
-12
126
-35
-229
-248
-151
-36
11
15
-73
-156
-149
34
152
100
-84
-131
70
287
187
-32
-50
165
315
184
-57
-79
146
346
267
-44
-183
1
260
295
44
-181
-172
58
216
99
-109
-195
-46
70
13
-144
-213
-90
25
-81
-207
-113
-14
-88
-262
-245
-57
97
6
-179
-213
-43
95
57
-53
-44
53
131
86
-13
-26
125
274
193
-40
-88
91
291
321
128
-112
-58
174
273
180
66
-1
-13
37
120
148
59
-111
-173
-39
116
50
-177
-273
-111
8
-77
-196
-185
-38
4
-162
-277
-145
70
46
-133
-207
-112
53
41
-42
-46
-8
18
-5
-2
57
108
89
38
47
84
90
160
188
95
-44
30
250
326
136
-163
-133
166
313
144
-158
-202
40
171
18
-191
-171
-20
34
-100
-206
-181
-60
16
-44
-193
-267
-208
-22
66
-4
-202
-335
-175
92
166
-41
-271
-213
55
219
123
-75
-111
57
225
186
54
16
143
204
113
15
52
193
250
155
-50
-100
92
268
177
-65
-163
-9
185
126
-81
-150
-54
48
-7
-107
-145
-98
-53
-73
-121
-128
-82
-76
-138
-174
-163
-105
-28
-16
-54
-98
-86
-28
6
25
61
70
40
0
-18
98
263
263
33
-194
-80
282
466
265
-122
-217
77
358
324
45
-139
-46
147
220
125
-30
-118
-98
56
117
-9
-216
-252
-31
94
-58
-307
-286
-18
136
-79
-348
-306
-26
185
44
-230
-294
-110
99
154
20
-155
-158
6
178
133
-15
-56
44
171
187
37
-36
105
232
157
-8
29
225
292
102
-112
-52
176
197
25
-90
-36
51
56
-64
-143
-87
6
-15
-157
-257
-161
30
109
-118
-347
-315
-47
133
18
-195
-295
-158
34
42
-78
-154
-91
-18
34
49
43
14
-9
58
157
154
84
48
140
212
119
-9
28
191
282
116
-115
-49
196
276
64
-148
-93
97
148
6
-77
-86
-5
-8
-73
-103
-97
-78
-55
-80
-143
-175
-89
3
-72
-234
-293
-104
123
69
-167
-242
-58
169
101
-123
-146
89
246
112
-104
-30
245
328
70
-195
-55
294
413
185
-99
-131
125
290
239
62
-40
9
104
162
80
-50
-75
-4
61
28
-119
-232
-133
49
33
-150
-279
-209
4
75
-104
-288
-277
-68
150
68
-187
-314
-146
143
203
-17
-230
-179
90
255
88
-126
-54
152
238
114
-53
-20
190
263
97
-29
61
236
218
60
-44
10
143
163
44
-76
-90
4
34
-2
-72
-84
-54
-89
-175
-191
-45
80
-21
-242
-307
-170
21
20
-124
-174
-138
-125
-111
-33
18
-47
-127
-114
26
138
99
-57
-99
114
263
181
-11
1
207
269
69
-72
55
287
299
-4
-192
12
298
269
5
-169
-106
107
163
50
-80
-119
-30
49
-4
-123
-200
-123
29
10
-158
-265
-145
19
-33
-196
-253
-98
54
12
-124
-151
-46
57
14
-14
48
123
66
-83
-35
198
326
167
-78
-109
101
304
296
124
-64
-40
132
230
224
100
-45
-60
82
191
137
-27
-123
-49
44
40
-90
-201
-119
11
-17
-159
-284
-210
34
124
-87
-366
-357
8
256
79
-326
-414
-46
298
221
-151
-326
-95
215
241
-6
-149
-17
178
209
79
-19
51
185
203
46
0
123
237
216
37
-94
-24
152
233
68
-122
-134
-10
93
35
-116
-136
-34
-40
-183
-212
-46
61
-51
-242
-275
-160
10
25
-84
-172
-209
-158
-48
46
23
-117
-168
-57
129
139
-43
-107
38
228
197
2
-49
169
309
205
-72
-102
142
360
270
-31
-170
19
233
256
89
-114
-159
-18
147
150
5
-177
-181
9
108
-13
-190
-201
-58
-3
-82
-164
-133
-107
-140
-164
-127
-36
-21
-83
-86
-34
-23
-29
13
26
15
34
55
56
76
100
131
156
97
-10
12
197
280
170
-3
-47
98
222
209
90
-4
-15
47
118
144
75
-77
-168
-99
64
50
-118
-204
-145
-51
-51
-144
-185
-103
-43
-100
-203
-169
-19
37
-102
-212
-109
43
70
-28
-109
-64
28
58
55
24
24
58
91
109
94
49
68
171
186
55
13
118
252
210
19
-88
38
212
144
-78
-115
50
119
1
-180
-184
-8
118
-64
-308
-266
6
154
-39
-305
-355
-118
110
53
-140
-252
-213
-83
34
35
-87
-180
-106
69
114
17
-62
-4
116
180
95
20
57
190
226
120
-24
-10
168
309
238
-35
-147
33
242
236
44
-159
-133
79
192
100
-116
-179
-49
72
4
-139
-197
-85
13
-54
-173
-200
-75
-13
-121
-237
-207
-41
71
9
-156
-175
-50
70
94
18
-14
13
47
64
72
143
212
113
-58
-76
158
358
223
-30
-104
105
290
203
28
-5
106
159
81
-15
-10
49
28
-59
-45
-6
-84
-169
-105
-10
-31
-170
-281
-152
55
42
-202
-355
-195
108
158
-96
-300
-220
42
178
77
-104
-155
-75
91
175
70
-37
-55
86
195
142
40
47
153
159
59
82
209
214
51
-78
13
204
198
-1
-132
-25
147
66
-153
-191
-18
109
-13
-245
-301
-91
116
59
-188
-350
-239
-2
93
-56
-206
-225
-110
4
-32
-96
-114
-85
11
47
3
-13
15
48
87
135
106
58
59
124
210
167
35
-28
117
294
234
-37
-134
59
271
218
-59
-173
-19
174
133
-59
-141
-36
52
-22
-148
-140
-55
-7
-72
-176
-168
-68
-34
-134
-248
-220
-39
61
2
-152
-212
-58
107
87
-54
-91
45
169
113
-45
-33
182
295
121
-77
-54
173
292
199
45
1
76
137
142
147
143
52
-60
-35
129
216
52
-184
-181
45
165
-57
-263
-177
-2
-30
-176
-220
-96
39
-75
-235
-251
-84
88
25
-199
-244
-82
90
124
-31
-154
-87
48
130
87
-24
-26
84
164
142
30
-10
110
219
141
22
50
180
215
103
-3
16
77
88
44
37
43
-12
-101
-82
-8
12
-54
-155
-191
-109
-7
-25
-101
-188
-204
-162
-39
-4
-98
-157
-142
-103
-109
-120
-44
50
-3
-121
-120
32
162
108
-49
-24
139
173
95
57
124
188
109
18
91
203
220
73
-45
33
179
156
8
-44
11
61
44
2
-11
-6
-42
-74
-54
-9
-64
-177
-154
-38
-32
-102
-148
-145
-121
-138
-138
-70
-1
-58
-154
-127
35
76
-23
-107
3
165
149
-23
-96
60
282
284
37
-152
-30
229
352
220
-17
-84
39
204
255
166
20
-52
11
131
161
67
-76
-121
-35
46
8
-103
-180
-114
-53
-105
-151
-137
-105
-66
-81
-166
-199
-97
12
-25
-122
-155
-95
4
52
15
-49
-65
-12
49
74
75
34
14
66
146
145
80
67
91
92
129
182
173
102
25
-3
66
153
136
26
-59
-61
0
29
-34
-97
-87
-11
-45
-194
-218
-106
58
43
-188
-346
-190
61
79
-128
-264
-183
-60
-35
-59
-42
-59
-71
-57
-4
58
98
45
-21
50
140
126
106
95
140
152
80
48
119
214
166
57
-8
46
147
137
54
-7
-48
-8
64
73
15
-92
-95
-24
23
-65
-171
-166
-17
17
-150
-239
-104
18
-59
-254
-263
-39
110
-3
-202
-214
-17
136
78
-71
-65
78
151
61
-33
56
207
214
51
-62
37
206
250
171
23
-6
101
144
153
137
77
23
8
26
64
105
67
-68
-152
-94
55
45
-133
-235
-166
-42
-43
-124
-160
-109
-81
-159
-185
-77
24
-33
-138
-171
-62
58
72
-31
-86
-52
15
72
96
39
29
36
68
117
101
104
151
124
41
34
150
279
199
-9
-117
37
247
191
-54
-158
-27
131
74
-141
-202
-35
82
-36
-272
-279
-32
139
-3
-289
-339
-126
79
35
-129
-212
-195
-111
-31
21
-15
-108
-142
-47
115
122
-7
-85
29
187
185
43
-3
126
259
197
-4
-81
104
320
278
6
-163
-7
259
294
54
-213
-180
97
256
88
-182
-192
18
129
2
-183
-219
-83
31
-61
-187
-158
-92
-70
-121
-141
-141
-72
-35
-102
-96
-24
12
-33
-79
31
137
98
-17
-65
20
221
297
124
-111
-89
164
359
264
-6
-111
71
273
230
53
-29
59
151
104
-1
-23
40
81
4
-81
-81
-57
-111
-128
-61
-61
-151
-215
-138
19
33
-188
-355
-192
120
161
-124
-317
-203
71
144
3
-132
-110
18
106
80
-1
1
42
91
147
112
33
51
159
156
55
80
187
227
99
-50
-21
153
204
50
-125
-62
104
104
-91
-170
-62
77
-5
-216
-280
-115
64
55
-141
-284
-225
-76
20
-19
-134
-170
-192
-139
-18
41
-23
-136
-143
-13
130
98
-27
-65
46
186
157
41
13
124
234
204
37
-41
110
275
234
19
-124
25
239
233
24
-146
-75
89
135
34
-59
-80
-54
-52
-35
-46
-89
-113
-116
-117
-129
-71
-46
-108
-225
-219
-86
38
10
-121
-193
-74
73
90
-49
-121
9
169
158
-13
-93
103
307
244
-33
-168
63
331
340
96
-99
-42
164
236
184
77
15
6
44
103
121
18
-81
-93
3
42
-57
-177
-133
-32
-64
-200
-198
-59
44
-68
-253
-283
-139
79
82
-108
-232
-173
-12
101
72
-20
-119
-90
38
115
92
2
3
92
143
93
20
104
213
145
-8
7
199
320
181
-77
-137
57
220
193
28
-109
-106
-22
36
-2
-50
-81
-111
-133
-169
-123
14
11
-141
-256
-230
-79
55
-17
-169
-236
-176
-32
41
-49
-134
-110
-1
57
15
-8
1
28
98
152
93
71
77
164
204
102
3
21
190
299
168
-88
-95
152
289
126
-104
-135
33
177
94
-80
-132
-38
45
-15
-101
-106
-109
-73
-52
-114
-179
-123
-30
-69
-190
-219
-107
63
10
-188
-216
-20
154
64
-131
-107
121
238
49
-155
-65
252
418
157
-196
-210
156
450
341
12
-183
-43
219
297
204
20
-80
-24
132
187
84
-59
-119
-61
37
28
-91
-163
-120
-62
-72
-140
-189
-115
-18
-34
-171
-272
-170
43
105
-76
-249
-242
5
182
91
-116
-186
-23
172
146
-32
-68
64
182
168
21
-12
108
224
148
19
42
195
270
126
-91
-68
138
250
120
-122
-166
32
121
45
-133
-191
-79
33
-42
-190
-199
-53
20
-74
-223
-235
-109
10
-21
-113
-162
-179
-140
-52
65
31
-137
-206
-46
184
206
-24
-159
-31
219
275
107
-15
41
191
200
64
25
159
230
116
-44
-8
151
201
108
-50
-92
-13
75
91
26
-73
-83
-34
-34
-55
-86
-103
-52
-74
-176
-192
-73
6
-88
-269
-273
-37
127
22
-222
-239
-14
168
82
-117
-138
80
230
124
-55
-20
154
266
152
-55
-56
138
272
236
84
-27
12
123
213
206
91
-26
-57
55
169
130
-49
-154
-83
64
90
-108
-248
-177
-13
9
-137
-269
-161
49
33
-207
-363
-159
161
176
-185
-395
-181
175
261
-7
-242
-206
79
241
130
-56
-95
23
224
229
66
-56
12
170
238
122
41
83
167
177
84
5
-3
60
67
57
53
10
-134
-137
-30
83
45
-163
-318
-211
49
147
-28
-309
-342
-133
71
42
-140
-229
-163
-72
-49
-36
-38
-81
-129
-46
81
96
-15
-112
21
246
223
17
-84
95
315
262
11
-126
78
325
291
34
-133
-9
225
230
58
-107
-85
90
158
52
-123
-149
-16
93
32
-148
-230
-101
53
-6
-216
-273
-94
40
-66
-229
-245
-73
49
-9
-130
-149
-48
36
51
3
9
43
61
52
54
77
138
182
123
1
-20
128
272
243
64
-77
13
198
267
163
21
-50
-9
113
152
78
-80
-127
-69
72
39
-156
-200
-97
-14
-74
-205
-218
-41
55
-104
-299
-269
-3
157
-24
-274
-243
10
145
54
-126
-131
45
86
35
-2
30
78
90
85
73
86
119
133
118
56
26
155
259
168
-20
-69
99
219
132
-50
-112
-2
104
25
-123
-168
-51
74
-28
-267
-283
-48
137
37
-251
-370
-210
34
118
-36
-224
-287
-183
16
104
-4
-172
-187
-21
111
108
32
-28
5
122
161
93
65
128
181
139
29
36
155
262
203
-24
-117
62
257
239
30
-161
-112
80
200
78
-154
-169
3
135
8
-201
-257
-93
104
36
-225
-318
-120
92
12
-228
-371
-198
110
190
-28
-279
-250
27
228
147
-70
-153
-31
167
203
134
78
47
28
69
153
215
131
40
68
156
178
51
12
114
212
132
-45
-84
76
146
66
-127
-140
1
49
-88
-182
-138
-48
-62
-187
-190
-45
-8
-143
-272
-187
26
114
-92
-283
-217
38
191
98
-130
-219
-71
162
204
13
-136
-29
193
269
120
-75
-32
225
295
73
-65
75
287
265
26
-114
-14
192
180
17
-77
-25
22
-39
-90
-53
4
-36
-162
-230
-133
40
58
-112
-297
-261
-59
76
-24
-203
-250
-136
-15
7
-38
-107
-148
-95
29
129
83
-46
-97
8
243
259
72
-83
11
272
339
85
-158
-25
300
391
81
-200
-83
235
291
91
-144
-154
47
184
87
-108
-157
-43
63
11
-121
-207
-129
6
-7
-152
-219
-125
-48
-97
-195
-190
-39
71
-42
-172
-159
4
73
6
-24
24
77
87
14
-1
133
257
144
-48
-36
126
277
211
72
-7
89
135
107
110
176
130
-21
-78
47
201
126
-86
-179
-85
39
41
-107
-179
-93
-70
-118
-173
-139
-23
-23
-162
-285
-205
61
139
-106
-291
-215
54
177
55
-140
-167
-11
146
142
4
-63
46
164
165
33
-33
87
255
187
23
13
185
265
138
-32
-46
91
169
105
-32
-58
-14
7
-1
-45
-102
-103
-46
-77
-146
-137
-90
-17
-51
-191
-243
-161
-26
2
-67
-150
-208
-181
-60
64
62
-87
-210
-139
89
232
98
-120
-84
163
266
127
1
70
197
179
41
4
164
273
157
-68
-84
149
312
146
-105
-155
-10
161
171
-21
-157
-123
5
71
-22
-153
-220
-107
33
-29
-188
-211
-83
-22
-132
-221
-162
-10
34
-78
-155
-82
45
27
-36
-14
71
105
54
-4
60
178
202
83
-41
-1
166
255
205
82
-23
21
148
242
193
27
-37
21
115
157
44
-82
-75
2
52
-34
-147
-156
-55
26
-88
-258
-246
-58
43
-45
-218
-292
-106
108
53
-179
-277
-136
107
162
-24
-178
-115
65
145
75
-28
-40
53
152
160
75
17
76
185
160
65
63
153
208
141
-4
-39
53
156
148
5
-99
-64
11
37
-32
-115
-120
-53
-89
-158
-125
-34
-2
-121
-220
-221
-102
-29
-52
-103
-109
-150
-143
-97
2
55
-38
-150
-99
73
187
60
-86
2
172
185
97
55
114
176
124
48
70
192
227
103
-38
-11
129
205
116
-33
-118
-49
93
172
58
-148
-177
-21
87
22
-142
-231
-119
15
-28
-177
-194
-92
-46
-138
-210
-143
21
26
-109
-178
-53
70
40
-64
-49
74
124
53
-11
37
207
252
71
-129
-60
236
385
239
-68
-156
68
280
272
65
-66
17
152
151
34
-56
-35
35
26
-56
-107
-116
-86
-30
-60
-153
-239
-173
-12
60
-86
-313
-325
-32
186
69
-262
-344
-92
189
183
-67
-189
-81
67
122
36
-20
15
114
165
105
-16
-5
177
295
134
-73
-16
241
355
152
-151
-147
145
285
119
-97
-133
13
87
-13
-132
-93
-26
-40
-168
-222
-102
51
7
-169
-268
-193
-71
-9
-47
-94
-128
-182
-184
-41
111
45
-175
-233
-26
205
220
6
-144
-24
197
231
125
42
93
150
112
50
89
201
216
69
-59
6
201
235
54
-128
-126
70
180
71
-96
-142
-13
83
-35
-178
-174
-31
36
-78
-234
-212
-23
41
-127
-290
-236
-18
104
-12
-208
-218
-11
112
35
-58
-24
89
88
12
-4
119
229
187
17
-97
48
249
296
137
-38
29
175
167
89
79
116
91
4
-18
73
123
39
-118
-111
10
53
-91
-201
-130
-14
-52
-197
-211
-91
0
-70
-227
-239
-42
104
-30
-242
-214
-16
155
77
-121
-154
0
102
91
27
-31
4
105
155
135
43
43
166
179
45
10
157
256
203
25
-86
4
171
168
5
-80
3
79
-43
-143
-64
15
1
-131
-242
-165
-18
41
-67
-216
-232
-156
-61
2
-58
-149
-214
-162
-55
41
12
-106
-186
-75
107
131
41
-70
-30
159
210
94
2
61
221
241
76
-55
36
224
290
114
-114
-47
165
248
105
-78
-99
22
90
39
-20
-35
-14
-52
-108
-109
-50
-13
-80
-191
-217
-90
48
-15
-224
-301
-165
45
100
-75
-242
-164
57
125
-3
-114
-31
140
176
6
-76
77
282
245
9
-140
3
301
355
119
-96
-52
158
263
193
26
-23
31
118
162
81
-45
-89
-40
33
31
-86
-159
-90
-10
-75
-232
-241
-92
60
-9
-227
-332
-177
107
144
-132
-325
-212
63
179
74
-136
-204
-34
165
156
-4
-87
3
156
215
102
-44
27
223
235
51
-51
105
285
258
20
-120
-21
188
253
54
-154
-157
22
119
22
-145
-198
-70
1
-93
-181
-133
-12
-9
-135
-273
-244
-50
54
-6
-171
-255
-159
-18
51
11
-117
-165
-98
58
160
112
-11
-61
48
194
172
113
95
96
111
87
106
166
203
129
-27
-24
158
237
113
-66
-86
41
125
61
-55
-100
-20
38
7
-101
-161
-136
-41
14
-75
-243
-205
-21
40
-144
-324
-238
54
184
-61
-285
-214
76
198
51
-151
-106
143
228
40
-110
44
269
278
33
-169
-1
290
374
162
-96
-88
131
256
213
100
-25
-22
65
152
103
-4
-84
-99
-21
51
-26
-146
-166
-80
-42
-111
-214
-177
-37
7
-102
-266
-231
-12
127
-27
-269
-244
-7
166
112
-120
-201
-25
165
163
-35
-98
55
188
191
30
-48
115
255
163
11
13
157
256
190
-12
-79
72
195
105
-42
-78
21
70
-9
-154
-146
15
88
-100
-328
-251
60
169
-70
-357
-357
-61
137
29
-246
-276
-122
8
-2
-69
-123
-100
-49
4
47
49
27
15
59
133
121
66
77
176
209
117
-12
24
218
296
119
-94
-66
184
288
135
-95
-160
10
178
126
-53
-169
-76
82
61
-108
-252
-173
18
72
-121
-305
-197
38
53
-189
-341
-200
68
155
-62
-272
-175
62
135
17
-70
14
123
76
5
15
129
211
144
16
-42
100
239
253
127
7
-3
85
160
204
157
24
-65
-9
132
158
40
-102
-146
-45
83
6
-134
-170
-126
-82
-112
-165
-118
-24
-62
-224
-251
-75
116
9
-236
-277
-45
163
102
-100
-204
-56
141
167
-15
-122
19
197
202
39
-61
29
220
279
99
-79
13
246
317
158
-95
-126
90
264
167
-79
-142
-18
77
10
-102
-107
-18
-22
-164
-223
-114
31
12
-141
-258
-224
-95
13
-12
-104
-172
-205
-162
-28
82
23
-146
-186
-59
151
173
-1
-93
35
208
161
55
50
153
203
116
-1
71
242
237
54
-96
1
221
243
58
-117
-99
83
163
58
-93
-126
-7
83
-18
-177
-199
-72
48
-20
-214
-258
-76
74
-30
-277
-314
-103
99
77
-118
-229
-105
54
114
29
-45
-6
75
77
0
63
195
216
91
-41
-31
151
298
239
46
-74
13
193
260
178
33
-50
-11
110
170
81
-86
-147
-53
102
62
-164
-257
-117
55
1
-202
-328
-150
106
25
-240
-327
-134
110
68
-170
-247
-97
77
78
-39
-115
-42
85
96
-3
-35
23
111
133
119
54
35
118
177
119
46
80
202
228
103
-59
-42
126
192
75
-57
-85
0
38
-17
-112
-100
-3
-41
-181
-214
-89
67
14
-188
-310
-233
-29
78
-18
-173
-250
-176
-26
49
-17
-120
-143
-47
50
82
47
-12
-23
100
175
119
42
65
190
236
99
-33
40
216
278
117
-80
-35
149
247
112
-79
-130
11
151
107
-47
-134
-69
27
6
-93
-159
-137
-14
-1
-154
-225
-147
-10
-32
-196
-265
-122
56
84
-100
-211
-137
72
110
10
-61
12
107
100
17
15
168
231
84
-50
4
193
303
187
-24
-55
118
213
180
87
36
38
40
48
72
75
29
-53
-101
-55
17
-16
-125
-151
-122
-128
-144
-121
-48
-43
-146
-251
-198
0
92
-62
-242
-202
-5
111
64
-68
-139
-56
92
124
33
-49
30
152
165
50
-42
65
257
248
38
-84
82
322
314
35
-200
-46
276
282
-16
-218
-94
149
147
-92
-238
-137
74
38
-176
-277
-151
83
85
-156
-365
-280
-16
138
5
-226
-303
-172
21
98
-10
-166
-195
-62
102
161
78
-95
-83
141
256
148
-30
-11
212
303
110
-82
9
270
352
75
-183
-73
257
333
72
-179
-193
55
259
133
-132
-232
-58
125
67
-162
-275
-139
71
41
-200
-293
-141
45
-2
-218
-316
-144
100
85
-126
-225
-84
96
70
-24
-24
68
89
22
15
159
239
122
-66
-54
170
311
228
30
-59
71
219
176
87
82
89
63
15
34
86
63
-29
-102
-25
43
4
-160
-191
-59
-11
-140
-253
-191
27
107
-136
-386
-298
64
233
-20
-335
-331
-3
234
161
-133
-266
-90
161
201
32
-98
1
165
206
106
-17
49
186
175
63
43
134
221
170
34
-26
58
166
136
-15
-98
-22
36
-12
-65
-64
-40
-61
-136
-171
-100
-10
-8
-123
-227
-207
-110
-28
-50
-117
-130
-141
-144
-96
-4
19
-77
-151
-103
72
183
101
-102
-76
143
245
129
-4
50
197
238
98
-12
67
229
217
41
-77
31
224
198
32
-92
-57
56
88
21
-49
-50
-15
-42
-91
-114
-101
-49
-28
-140
-234
-124
34
-11
-211
-327
-193
69
145
-54
-275
-233
48
217
64
-84
-97
29
176
130
-1
33
160
193
96
17
47
126
200
206
126
19
-15
74
218
236
100
-62
-80
77
205
121
-69
-178
-106
29
51
-67
-178
-157
-110
-102
-95
-104
-84
-92
-185
-224
-143
25
57
-123
-261
-127
72
102
-26
-119
-82
54
106
23
-48
9
127
154
89
30
19
127
223
163
25
6
156
255
195
18
-87
12
152
185
62
-77
-110
-41
21
-8
-48
-83
-115
-122
-127
-89
-18
-24
-173
-239
-162
-45
-44
-138
-160
-62
-60
-145
-164
-56
51
17
-118
-156
-12
159
176
22
-73
33
161
198
155
94
80
97
116
137
149
145
116
27
34
115
151
106
18
-37
-19
47
57
5
-63
-70
-24
-10
-45
-109
-151
-92
-17
-43
-153
-211
-126
-64
-89
-131
-157
-101
-47
-46
-36
-13
-33
-83
-63
51
133
104
-11
-75
46
239
281
87
-97
-53
181
324
220
4
-69
65
216
204
112
24
25
97
95
47
5
3
9
-39
-57
-39
-43
-107
-165
-117
-60
-68
-148
-197
-109
-14
-76
-231
-211
-31
58
-37
-165
-180
-79
52
83
3
-90
-87
34
106
117
52
1
40
132
162
64
84
137
119
70
73
167
251
143
-32
-66
72
198
124
-44
-94
13
60
-28
-84
-41
-20
-97
-207
-204
-33
73
-33
-258
-281
-106
1
-19
-136
-159
-97
-86
-151
-138
-4
74
-28
-154
-126
52
174
88
-43
-12
147
198
121
41
72
186
181
73
37
118
220
165
12
-33
107
192
109
-22
-72
22
96
50
-54
-87
1
64
-54
-200
-171
-30
59
-56
-254
-271
-31
102
-68
-300
-317
-92
144
93
-160
-281
-99
109
103
-25
-58
7
88
88
28
90
161
152
48
0
59
215
250
80
-22
92
224
148
-43
6
215
275
52
-153
-104
138
232
31
-209
-175
11
49
-58
-160
-145
-125
-122
-145
-117
-23
-87
-203
-217
-86
65
19
-212
-277
-58
159
123
-75
-202
-104
117
201
44
-129
-49
170
264
124
-60
-32
186
290
125
-55
22
256
303
107
-99
-60
140
216
81
-73
-77
15
13
-64
-53
-43
-35
-119
-173
-111
-21
-11
-131
-209
-183
-91
-50
-74
-132
-115
-94
-131
-140
-85
0
6
-95
-115
-27
87
117
-3
-41
73
187
137
57
65
155
191
88
20
81
227
248
71
-90
-1
211
235
35
-141
-95
131
187
8
-128
-104
8
40
-58
-151
-127
-81
-43
-34
-140
-184
-113
-39
-90
-193
-198
-99
11
-19
-104
-120
-48
9
-8
11
72
92
36
-42
-10
150
264
191
-19
-118
54
313
308
81
-74
2
186
226
123
81
81
77
23
13
61
99
64
-77
-110
-39
5
-96
-133
-91
-58
-126
-217
-154
-23
5
-142
-278
-207
-7
94
-43
-232
-221
-5
113
52
-96
-114
8
106
76
-17
-30
43
141
171
74
-1
57
165
185
112
48
111
192
187
77
-37
1
129
164
54
-74
-74
27
60
-22
-111
-126
-37
-16
-109
-214
-148
-12
-4
-110
-232
-236
-95
3
-10
-106
-200
-192
-99
-9
22
-12
-100
-130
-68
94
167
83
-51
-26
97
175
182
153
129
79
17
60
212
261
141
-44
-66
121
255
173
-3
-108
-39
81
104
-10
-74
-46
25
-9
-92
-136
-121
-63
-13
-70
-206
-223
-43
41
-82
-295
-322
-65
193
92
-221
-317
-63
209
151
-76
-153
5
167
169
39
-20
99
192
138
28
24
125
213
194
106
30
35
69
150
217
180
20
-102
-46
128
204
56
-140
-187
-61
84
4
-137
-189
-183
-114
-89
-80
-72
-118
-175
-163
-100
-24
-12
-130
-215
-129
35
107
14
-152
-139
54
217
103
-123
-160
91
300
233
-15
-147
38
315
306
55
-93
42
256
302
119
-116
-98
129
246
104
-107
-138
-7
50
-1
-83
-63
-15
-108
-222
-180
3
75
-78
-291
-271
-79
38
-60
-185
-169
-64
-52
-136
-135
-19
59
-9
-120
-99
55
138
76
-5
62
119
91
94
140
199
153
29
-9
134
298
236
-10
-116
37
213
222
60
-118
-107
48
148
56
-100
-132
-5
68
-29
-195
-193
-39
84
-57
-310
-260
17
120
-110
-397
-313
54
246
12
-328
-298
11
237
125
-94
-133
49
172
131
7
24
147
204
106
-21
13
181
273
180
25
-13
66
149
193
164
97
-20
-90
29
191
191
-4
-225
-184
61
119
-84
-241
-198
-67
-8
-156
-214
-76
13
-118
-269
-215
4
122
-41
-271
-215
16
141
57
-118
-139
23
129
92
-44
-59
75
198
180
36
-40
97
250
175
18
-5
138
284
205
-32
-90
44
204
173
-17
-132
-24
54
27
-71
-77
-24
-52
-175
-223
-94
33
17
-143
-289
-213
-46
0
-94
-146
-117
-103
-126
-121
-18
27
-53
-127
-74
39
104
69
-15
9
135
139
75
84
154
196
116
0
34
203
277
133
-57
-79
101
289
167
-57
-137
-7
142
137
-33
-162
-97
46
56
-72
-172
-153
-28
19
-120
-247
-174
-26
1
-138
-256
-207
-21
62
-29
-140
-148
-29
82
71
0
-43
10
83
108
96
113
125
86
42
60
119
182
200
134
60
22
55
126
193
183
83
-47
-64
71
182
132
-68
-208
-91
106
23
-186
-206
-80
-25
-115
-216
-149
7
-18
-203
-290
-103
89
7
-201
-244
-46
113
55
-73
-112
-35
66
74
-7
-20
55
133
132
78
18
17
143
261
161
-9
-23
177
311
205
-59
-137
62
262
188
-83
-177
-46
92
103
-79
-213
-127
31
-10
-190
-253
-104
73
14
-195
-329
-225
3
114
17
-242
-348
-174
77
165
-16
-241
-220
6
196
169
-18
-138
-12
214
252
110
-7
71
184
169
73
37
159
228
138
-18
-45
114
239
121
-44
-83
15
100
67
-46
-100
-26
44
18
-124
-191
-147
-14
47
-105
-261
-209
-22
41
-118
-300
-244
3
146
3
-217
-237
-5
172
102
-54
-69
35
129
86
29
110
203
135
-19
-32
147
287
215
59
-35
58
193
208
96
-10
41
99
102
56
27
-1
-33
-34
-18
-14
-96
-130
-120
-79
-85
-143
-168
-120
-26
-58
-199
-260
-114
70
31
-159
-241
-83
77
84
-32
-131
-88
52
143
59
-65
-28
133
231
139
-71
-62
178
331
150
-69
-33
245
380
139
-176
-155
159
354
136
-188
-199
13
158
92
-126
-234
-90
32
-26
-183
-228
-85
40
-53
-211
-241
-129
-29
-31
-73
-133
-218
-187
-42
94
66
-106
-194
-87
108
197
62
-90
-31
168
203
143
45
62
165
182
83
32
132
228
138
-31
-12
168
224
73
-93
-84
76
153
45
-108
-151
-25
109
46
-163
-238
-104
34
-1
-181
-272
-104
50
-34
-266
-320
-109
116
94
-124
-284
-125
130
150
-31
-103
-22
128
164
64
31
95
159
122
36
55
141
159
138
121
116
79
39
64
172
187
71
-37
-25
104
132
25
-112
-107
-2
66
-88
-223
-135
2
-42
-195
-254
-110
46
-10
-224
-331
-132
120
95
-171
-309
-114
146
169
-61
-235
-106
132
213
46
-127
-66
175
289
131
-88
-63
195
316
139
-41
12
215
304
135
-88
-100
103
225
143
-44
-139
-39
23
12
-28
-82
-82
-110
-163
-129
-40
-8
-110
-192
-175
-138
-79
-74
-90
-74
-104
-184
-192
-48
124
61
-146
-259
-71
222
250
-3
-171
-25
210
251
129
30
91
154
120
52
112
216
229
54
-79
6
206
211
45
-69
-79
50
109
49
-69
-95
-50
4
6
-68
-156
-154
-41
-19
-133
-187
-138
-73
-87
-175
-199
-81
9
-27
-88
-106
-40
-11
-7
30
53
61
42
15
40
129
199
131
38
-3
64
207
242
164
58
-5
39
150
196
155
40
-32
20
151
152
18
-105
-86
6
61
-13
-185
-196
-42
11
-125
-277
-207
6
85
-90
-323
-309
-25
171
23
-238
-284
-62
135
105
-77
-131
-48
84
112
9
-24
47
139
160
86
-5
15
181
238
107
-21
40
238
308
105
-121
-91
134
259
113
-136
-181
21
142
65
-125
-215
-130
-16
-31
-117
-160
-128
-85
-69
-99
-175
-183
-132
-28
3
-115
-240
-194
4
115
-14
-191
-172
37
226
147
-63
-126
91
232
179
82
58
107
140
102
119
186
180
71
-18
22
158
188
113
-12
-54
-11
85
83
-16
-89
-31
20
22
-88
-178
-141
-31
14
-87
-251
-218
-7
58
-104
-318
-286
-46
146
59
-172
-254
-84
114
158
40
-97
-70
92
165
117
83
80
94
74
71
114
184
195
126
21
5
112
188
162
123
40
-2
27
84
110
59
-39
-104
-85
10
7
-110
-176
-112
-46
-94
-202
-178
-33
5
-145
-296
-217
11
126
-42
-261
-243
-13
168
117
-110
-200
-40
140
134
12
-66
-16
146
230
136
-32
-8
158
272
147
-11
47
213
256
87
-80
-37
152
176
24
-101
-45
44
5
-87
-63
9
-23
-190
-260
-105
83
38
-196
-330
-194
8
48
-108
-194
-151
-85
-80
-102
-80
10
1
-85
-110
-14
128
116
38
-18
53
130
122
100
141
200
143
4
13
167
286
193
-49
-118
69
282
244
8
-178
-107
122
181
21
-155
-111
49
50
-95
-227
-162
29
76
-126
-324
-229
46
63
-149
-341
-247
33
171
-25
-277
-233
45
170
50
-73
-74
84
164
58
-7
96
198
155
25
-12
116
240
208
84
12
68
143
104
93
136
127
32
-37
10
128
138
-16
-176
-139
32
60
-84
-170
-158
-101
-106
-142
-99
-22
-91
-237
-244
-64
81
43
-194
-308
-111
126
143
-17
-177
-130
70
199
81
-104
-58
122
219
129
-31
-29
181
322
141
-102
-39
267
379
179
-145
-181
124
324
155
-109
-153
-3
90
26
-93
-117
-48
-29
-114
-189
-143
-31
-7
-121
-191
-193
-129
-45
-36
-80
-131
-172
-176
-101
46
71
-47
-161
-140
41
192
121
-32
-70
92
210
138
65
92
151
123
49
88
206
259
103
-99
-31
184
252
92
-100
-115
55
177
68
-108
-141
9
83
-10
-182
-206
-59
54
-27
-215
-302
-110
96
4
-250
-347
-171
90
137
-59
-257
-207
30
182
88
-76
-123
22
166
153
73
70
126
102
20
49
169
209
158
91
54
102
105
73
112
184
134
2
-64
40
147
99
-43
-140
-77
21
-25
-116
-107
-91
-126
-179
-139
-49
-8
-129
-259
-202
-31
61
-38
-233
-236
-27
115
82
-82
-154
-30
104
101
-8
-75
28
187
195
83
-28
2
168
279
141
-30
2
219
289
161
-75
-91
91
222
144
-55
-124
-67
21
52
-34
-139
-106
-46
-88
-163
-135
-50
12
-87
-240
-257
-91
43
-13
-169
-228
-149
-53
-14
-13
-71
-107
-87
-10
82
94
9
-36
49
179
158
81
83
124
167
124
35
77
188
214
94
-33
16
173
211
26
-90
-28
69
109
19
-68
-71
0
22
-53
-122
-117
-104
-23
-47
-178
-232
-100
39
-46
-258
-309
-110
114
92
-145
-270
-116
123
147
-20
-112
14
165
154
7
-73
104
273
212
-24
-67
121
294
231
57
-41
55
154
171
144
106
79
7
-22
43
117
94
-35
-179
-110
43
31
-92
-177
-188
-128
-76
-73
-94
-108
-157
-185
-134
-17
18
-93
-216
-150
6
81
11
-111
-105
17
108
53
-59
-42
108
187
162
11
-83
56
284
303
41
-121
24
306
381
114
-186
-148
150
328
126
-155
-145
16
112
8
-157
-134
-26
-11
-147
-225
-127
48
34
-187
-280
-165
-31
-19
-94
-141
-145
-159
-123
-47
30
26
-88
-157
-53
119
179
17
-96
1
196
204
101
58
115
150
126
79
115
181
164
39
-5
74
208
168
-28
-107
-16
124
133
-15
-151
-111
80
131
-70
-256
-225
-24
104
-31
-267
-320
-96
98
-10
-284
-334
-89
152
65
-202
-253
-18
163
69
-79
-80
80
162
71
-45
44
216
242
68
-81
16
215
291
171
36
-3
63
134
170
160
111
48
-33
-5
98
169
50
-155
-211
-32
128
27
-179
-250
-143
-61
-74
-127
-98
-73
-152
-219
-180
1
80
-62
-270
-211
36
177
30
-184
-146
36
154
74
-52
-63
93
182
138
19
-11
128
278
172
-41
-63
171
358
249
-33
-144
31
228
225
-17
-175
-59
112
76
-83
-167
-92
27
-43
-191
-198
-69
35
-32
-201
-260
-154
-38
-32
-103
-137
-140
-135
-69
0
-6
-108
-160
-53
94
137
20
-84
-12
171
192
70
37
140
227
175
-4
-42
122
310
277
10
-162
2
287
247
11
-152
-81
111
144
-15
-158
-48
104
76
-158
-278
-133
62
80
-153
-322
-222
39
101
-135
-381
-287
27
196
25
-240
-306
-45
197
151
-38
-143
-36
172
196
82
-6
34
160
158
72
34
111
204
215
118
33
-6
62
193
197
125
39
-61
6
144
143
-21
-155
-107
16
24
-89
-147
-84
-83
-179
-215
-101
21
-17
-191
-295
-164
57
75
-131
-267
-143
81
103
-50
-145
-52
92
78
-27
-53
61
155
156
63
-24
0
186
320
175
-74
-98
179
410
265
-81
-206
12
291
285
-34
-238
-122
92
141
-14
-178
-163
-30
-4
-99
-199
-196
-60
20
-43
-190
-281
-186
9
78
-58
-263
-296
-96
132
114
-94
-241
-134
111
209
91
-100
-78
149
224
151
59
65
144
167
94
47
128
232
165
20
-31
78
205
120
-32
-78
31
134
67
-66
-116
-41
64
37
-119
-213
-153
-4
41
-98
-259
-223
-46
45
-79
-267
-282
-64
110
45
-145
-239
-75
120
122
22
-71
-21
86
112
88
90
150
107
-10
19
192
273
165
1
-7
144
215
137
47
53
125
121
20
-10
57
75
2
-97
-102
-3
26
-82
-147
-150
-135
-133
-102
-87
-90
-117
-183
-216
-87
37
-16
-170
-220
-84
75
94
-39
-149
-84
96
175
44
-134
-81
135
287
201
-53
-125
90
346
259
-18
-96
122
343
268
-18
-176
3
262
231
-50
-203
-73
137
119
-100
-225
-118
50
3
-196
-265
-108
72
26
-185
-300
-207
-20
35
-48
-171
-208
-152
-33
70
29
-121
-215
-96
138
227
97
-146
-127
141
293
195
11
20
184
228
111
15
75
227
195
43
-35
55
184
152
34
-73
-54
40
96
39
-77
-72
-7
-15
-83
-124
-142
-63
-14
-117
-209
-135
-8
-52
-232
-299
-141
88
122
-127
-293
-128
117
142
-29
-101
-8
138
131
0
9
149
213
130
-16
-33
145
276
224
72
-15
44
121
172
182
137
71
-34
-40
78
168
91
-97
-157
-76
58
19
-129
-184
-148
-78
-83
-132
-121
-69
-97
-206
-215
-64
45
-13
-197
-237
-51
113
84
-95
-185
-47
160
196
-10
-176
-50
211
326
137
-140
-112
201
372
192
-75
-71
174
357
245
-36
-155
17
241
177
-2
-129
-85
35
49
-40
-114
-120
-94
-83
-93
-90
-89
-110
-128
-131
-145
-137
-109
-109
-29
-22
-179
-280
-140
113
164
-73
-298
-183
156
326
118
-178
-140
146
284
195
42
28
121
144
129
145
153
141
36
-17
112
215
133
-25
-65
24
125
86
-50
-107
-42
53
41
-86
-178
-172
-43
69
-42
-276
-267
-44
90
-39
-302
-351
-90
158
106
-173
-292
-115
128
152
-18
-103
-19
120
145
24
12
121
183
133
46
5
111
235
229
118
-9
4
103
208
235
123
-54
-80
68
209
140
-60
-177
-82
68
79
-105
-242
-149
14
-5
-193
-279
-135
45
-6
-211
-299
-136
78
79
-153
-271
-113
69
124
-18
-136
-75
73
96
19
-21
49
134
139
81
31
67
173
198
82
-8
71
206
263
142
-53
-81
83
224
134
-58
-129
-38
43
31
-73
-119
-63
-55
-139
-169
-82
-30
-52
-153
-199
-191
-104
-30
-29
-97
-183
-195
-116
-22
42
-16
-130
-147
-18
129
154
12
-77
34
162
181
125
82
125
139
89
59
149
222
165
14
-23
83
197
153
23
-68
-27
112
107
-50
-106
-36
60
23
-115
-189
-145
-12
66
-50
-262
-300
-75
117
-4
-296
-382
-157
134
180
-63
-310
-216
66
219
122
-87
-145
12
182
192
79
30
81
143
124
64
80
154
199
154
64
23
45
131
233
203
20
-133
-52
144
220
55
-174
-209
-19
115
3
-173
-227
-129
-52
-102
-149
-129
-90
-115
-161
-163
-75
12
-44
-180
-181
-44
78
77
-54
-132
-31
90
121
2
-71
32
174
213
79
-67
-10
215
315
147
-65
-52
206
379
186
-143
-181
98
314
191
-91
-207
-83
59
94
-33
-119
-136
-131
-113
-63
-50
-101
-126
-173
-131
-71
-87
-158
-176
-72
13
-54
-209
-222
-11
143
43
-154
-185
32
226
187
-14
-80
45
170
210
172
101
56
47
82
205
261
149
-35
-82
105
307
202
-66
-188
-29
193
178
-22
-230
-136
78
127
-57
-237
-198
-36
63
-48
-231
-225
-71
10
-92
-268
-274
-63
113
48
-157
-237
-83
106
118
-27
-69
39
129
89
0
40
189
222
85
-70
5
238
312
122
-47
17
165
191
124
93
84
43
-14
13
123
156
20
-189
-192
27
122
-48
-221
-202
-71
-28
-147
-176
-90
-11
-109
-258
-226
-23
117
-37
-276
-219
11
181
72
-134
-170
-1
172
126
-62
-120
41
232
237
42
-96
55
270
252
17
-56
110
305
266
29
-139
-22
205
239
24
-156
-83
33
44
-17
-85
-90
-71
-112
-129
-96
-56
-38
-135
-190
-134
-100
-127
-119
-64
-27
-90
-225
-222
14
160
21
-218
-258
-12
267
244
-20
-190
-25
260
306
105
-26
49
163
183
131
103
126
133
63
17
71
191
134
-45
-96
27
149
101
-67
-159
-48
104
42
-144
-245
-138
40
57
-131
-279
-210
-24
42
-97
-278
-258
-57
95
52
-132
-234
-99
89
138
50
-35
-59
13
115
171
160
82
13
20
126
210
158
24
43
165
227
122
-37
-9
219
289
79
-154
-108
143
236
72
-183
-238
-43
97
30
-132
-217
-200
-115
-37
-19
-81
-201
-263
-154
-9
80
-48
-272
-253
2
172
72
-161
-206
-7
191
150
-73
-171
3
252
292
71
-129
-63
216
353
172
-95
-73
211
377
231
-64
-185
2
283
250
-36
-195
-95
78
100
-48
-180
-129
-23
-40
-117
-153
-110
-34
-83
-166
-196
-158
-80
-36
-47
-104
-185
-204
-105
28
61
-66
-151
-102
65
166
78
-80
-36
150
227
115
37
98
192
152
37
23
165
269
168
-5
-75
111
243
167
-34
-126
-56
121
155
1
-151
-131
7
70
-7
-182
-236
-83
78
-26
-233
-251
-84
20
-98
-262
-218
-47
91
12
-154
-203
-45
113
83
-10
-12
27
69
62
71
160
171
90
0
32
155
220
184
72
27
56
135
152
147
105
67
30
3
31
94
113
44
-116
-177
-69
35
32
-114
-215
-215
-107
-57
-46
-87
-145
-214
-171
-74
11
-14
-147
-218
-99
69
90
-40
-156
-82
88
167
57
-73
-40
104
217
174
-2
-59
126
274
203
-4
-47
162
304
207
-32
-133
20
240
240
-8
-178
-141
30
100
-4
-121
-133
-81
-76
-121
-124
-46
-30
-139
-232
-177
-60
-49
-105
-125
-91
-96
-170
-165
-18
98
14
-177
-184
32
254
178
-68
-138
56
220
235
135
48
66
138
144
122
127
132
88
41
63
147
144
54
-32
-18
63
108
25
-117
-110
32
113
-29
-227
-233
-49
117
16
-253
-334
-137
113
51
-268
-418
-155
173
164
-145
-343
-160
166
202
-10
-161
-77
119
213
107
-20
24
163
211
116
11
28
129
200
199
85
12
32
121
201
195
108
-60
-122
65
249
153
-126
-251
-115
119
106
-126
-274
-202
-57
-12
-103
-171
-129
-103
-143
-166
-78
-1
-66
-162
-157
-25
59
-17
-104
-71
43
116
39
-91
-70
98
249
185
-15
-89
82
318
295
7
-146
10
355
416
106
-215
-178
176
349
157
-169
-185
2
118
24
-126
-121
-23
-40
-147
-191
-110
-6
-35
-132
-198
-161
-105
-93
-93
-55
-77
-177
-191
-69
90
53
-145
-220
-43
165
191
11
-106
17
183
201
97
70
134
179
86
-4
98
275
245
15
-136
31
300
271
-15
-193
-87
179
223
-10
-215
-157
76
161
-19
-245
-245
-60
84
4
-215
-288
-126
34
-8
-199
-294
-176
46
101
-32
-190
-188
-17
121
122
33
-62
-36
88
137
144
101
73
61
70
99
163
172
134
99
64
85
131
108
143
149
70
-73
-33
145
187
15
-163
-177
-22
119
10
-194
-204
-128
-52
-93
-177
-142
-40
-70
-197
-233
-77
66
-18
-176
-190
-44
68
17
-95
-70
60
102
6
-75
8
151
194
119
-34
-56
127
310
232
-39
-115
112
385
328
-15
-201
-22
249
263
30
-188
-149
62
143
8
-159
-175
-83
2
-51
-181
-180
-88
-7
-50
-156
-250
-196
-66
16
-15
-162
-256
-179
4
152
22
-194
-218
-26
203
195
-26
-118
33
204
198
116
80
96
113
104
126
162
169
125
22
1
121
188
121
-2
-41
24
99
51
-61
-100
-16
77
7
-137
-199
-130
-10
48
-74
-280
-273
-27
104
-59
-311
-360
-99
201
155
-141
-373
-191
160
263
74
-163
-163
82
262
191
14
-29
51
163
188
106
76
84
150
168
113
65
60
100
181
207
49
-120
-84
143
233
67
-179
-225
-42
105
15
-139
-206
-161
-112
-71
-79
-89
-119
-192
-216
-101
17
32
-100
-239
-191
2
110
66
-90
-146
-13
152
93
-59
-86
89
255
205
-5
-129
44
325
325
39
-148
10
330
384
62
-235
-118
219
342
115
-192
-217
-1
144
65
-114
-189
-97
-21
-84
-160
-153
-56
-9
-109
-220
-234
-103
-5
-37
-68
-164
-224
-157
3
89
15
-144
-200
-46
180
247
41
-129
-42
162
261
173
62
45
123
126
120
183
177
85
-3
40
133
161
93
10
-32
37
88
10
-51
-38
6
40
-34
-155
-179
-100
22
22
-131
-284
-199
4
67
-92
-348
-339
-9
197
59
-221
-288
-45
149
120
1
-70
-5
90
104
82
131
153
79
-3
34
187
250
135
1
44
158
199
84
25
118
166
92
-35
-27
104
141
20
-137
-147
0
45
-90
-184
-130
-76
-100
-168
-159
-43
-25
-162
-278
-203
56
125
-97
-323
-229
63
224
49
-221
-214
76
278
134
-149
-175
90
329
256
-45
-154
83
321
288
16
-94
105
323
294
3
-169
-2
238
233
0
-175
-92
47
85
-26
-160
-162
-35
-6
-87
-160
-160
-71
-52
-96
-156
-198
-174
-87
9
18
-141
-299
-225
49
194
7
-248
-233
57
296
166
-105
-131
84
263
228
56
0
115
194
133
82
121
162
119
33
28
135
169
70
-47
-7
72
90
-13
-107
-55
44
60
-53
-206
-197
-26
79
-16
-256
-308
-108
100
20
-248
-361
-194
98
158
-89
-304
-203
81
202
70
-86
-99
38
151
116
53
80
99
105
122
94
94
86
122
206
196
70
-44
-7
208
347
168
-147
-208
61
321
239
-105
-351
-201
164
214
-84
-302
-275
-78
44
-58
-179
-201
-143
-109
-89
-70
-31
-95
-192
-156
7
92
18
-105
-150
-6
167
144
-56
-162
-10
230
285
120
-93
-74
158
353
243
-45
-139
95
365
354
44
-214
-119
184
333
116
-182
-224
-46
137
115
-91
-219
-174
-93
-34
-52
-105
-125
-139
-142
-139
-140
-95
-68
-82
-84
-136
-190
-105
17
3
-72
-104
-34
54
110
10
-23
75
142
108
68
128
177
176
53
-12
107
277
266
67
-120
-33
203
291
114
-117
-158
52
202
74
-97
-149
-11
79
-7
-159
-208
-103
20
8
-155
-266
-169
13
6
-165
-305
-211
31
126
1
-206
-221
-9
143
109
-33
-108
25
188
146
41
6
104
199
154
29
11
118
233
244
80
-26
8
132
263
216
22
-112
-82
134
249
103
-168
-258
-31
162
48
-187
-270
-158
-17
-44
-144
-177
-82
-76
-159
-193
-93
16
-38
-190
-173
-35
58
23
-84
-106
31
113
56
-54
-61
80
194
157
41
-34
53
247
267
46
-126
42
362
386
75
-219
-135
191
358
172
-173
-247
-13
169
113
-122
-251
-130
34
9
-156
-223
-120
-2
-45
-186
-220
-132
-68
-40
-67
-119
-187
-195
-88
66
92
-71
-200
-142
98
246
161
-91
-159
66
276
297
130
2
5
81
170
239
191
74
-10
-12
117
262
179
-55
-131
1
168
186
-35
-253
-174
109
226
25
-306
-375
-58
218
85
-283
-426
-153
169
113
-258
-452
-229
145
216
-46
-312
-230
50
220
94
-102
-103
84
181
101
25
86
164
112
9
30
175
226
181
89
28
52
84
149
197
156
6
-87
11
176
178
9
-190
-207
17
154
7
-230
-279
-113
9
-58
-181
-169
-97
-74
-156
-171
-67
14
-53
-164
-187
-44
56
56
-74
-100
23
115
59
-66
-83
86
259
211
7
-81
44
268
270
31
-109
64
330
322
51
-114
-33
155
211
40
-85
-58
32
32
-48
-91
-80
-46
-86
-145
-123
-80
-64
-85
-163
-170
-114
-95
-95
-103
-72
-92
-173
-192
-49
99
42
-150
-238
-52
234
242
-44
-212
13
322
285
19
-79
110
298
242
7
-67
109
276
193
-12
-51
119
202
82
-36
-58
27
81
26
-69
-64
29
39
-90
-216
-163
-5
52
-79
-256
-237
-53
57
-79
-268
-273
-95
76
38
-106
-208
-101
65
102
33
-36
-13
54
108
88
87
120
122
84
55
100
150
147
148
126
132
73
7
66
195
228
99
-98
-113
102
226
91
-151
-199
-8
90
-37
-167
-167
-141
-103
-120
-97
-53
-74
-158
-253
-186
1
71
-92
-245
-163
49
115
-17
-152
-95
76
130
65
-74
-40
119
217
149
-16
-72
104
310
251
-1
-108
93
332
333
73
-173
-129
141
315
155
-119
-201
-94
118
128
-65
-214
-170
-63
-6
-46
-142
-178
-139
-79
-68
-140
-194
-155
-34
30
-76
-262
-269
-39
186
123
-161
-306
-113
214
301
35
-173
-71
186
285
179
76
46
55
74
153
232
225
74
-41
-2
142
245
96
-65
-53
45
109
64
-69
-120
-26
88
27
-127
-202
-143
-12
54
-81
-287
-269
-36
93
-46
-323
-347
-49
189
90
-197
-310
-79
173
167
-26
-111
-47
122
188
126
41
57
113
121
100
77
131
168
158
117
90
71
65
100
144
179
119
-26
-104
25
192
159
-97
-259
-153
68
108
-60
-222
-278
-177
-30
30
-36
-190
-289
-224
-14
102
-4
-239
-273
-53
120
72
-120
-188
-18
168
145
-19
-155
-26
163
249
150
-44
-75
136
327
210
-54
-109
164
418
288
-72
-251
-30
316
342
7
-268
-179
77
204
40
-222
-249
-58
45
-48
-154
-178
-89
-67
-110
-145
-175
-145
-87
-44
-54
-132
-185
-148
-17
65
-7
-156
-159
19
205
139
-41
-86
91
217
187
73
51
113
172
123
94
123
170
118
32
32
137
192
68
-67
-57
72
167
68
-129
-172
5
151
28
-209
-281
-102
120
92
-201
-411
-207
107
129
-167
-439
-283
103
239
-52
-359
-256
111
252
34
-169
-109
167
228
56
-93
23
246
262
58
-95
35
280
279
118
-11
3
137
191
145
102
78
19
-9
34
120
125
-12
-164
-149
16
116
-74
-239
-216
-117
-71
-84
-113
-105
-112
-179
-191
-78
22
-27
-174
-242
-95
125
107
-82
-200
-50
163
178
-38
-185
-22
261
337
68
-203
-78
285
415
155
-140
-111
215
437
266
-112
-225
37
316
242
-60
-172
-87
46
68
-27
-101
-97
-95
-121
-129
-72
-16
-99
-206
-204
-81
-22
-91
-174
-142
-36
-40
-159
-217
-79
103
86
-99
-209
-74
193
243
40
-115
-48
129
266
246
128
53
6
40
183
307
220
-24
-142
52
307
249
-32
-181
-53
191
224
3
-241
-189
92
223
-1
-290
-299
-48
172
60
-276
-414
-158
139
96
-225
-391
-227
81
185
-16
-283
-271
35
209
122
-49
-116
-17
138
159
102
81
66
67
94
129
163
152
76
82
161
183
51
-18
79
256
223
-21
-170
-11
211
202
-60
-265
-166
80
122
-71
-218
-221
-140
-69
-66
-78
-107
-160
-214
-172
-29
52
-46
-207
-233
-16
107
57
-93
-146
-29
121
125
-19
-89
28
197
200
45
-68
36
265
290
109
-72
-10
227
327
146
-85
-108
86
241
144
-64
-135
-19
72
27
-96
-151
-67
-5
-90
-194
-145
-53
-19
-100
-174
-208
-178
-75
-7
-40
-131
-197
-196
-95
44
72
-49
-167
-118
94
199
73
-56
-25
110
160
160
146
135
100
17
42
181
271
168
-20
-57
109
253
128
-41
-62
39
136
79
-85
-144
-12
106
53
-132
-245
-146
26
62
-77
-281
-271
-64
119
13
-292
-400
-138
179
172
-120
-341
-194
138
236
36
-174
-134
161
270
63
-69
48
216
190
33
-15
92
222
225
106
16
65
107
115
158
173
99
-36
-64
38
157
125
-60
-181
-129
9
47
-51
-156
-203
-160
-114
-56
-48
-123
-222
-209
-83
23
-4
-144
-236
-144
63
90
-43
-139
-87
84
148
39
-105
-94
98
265
191
-22
-115
58
320
324
42
-169
-33
354
464
127
-252
-230
149
409
226
-174
-285
-78
178
153
-109
-259
-145
39
14
-145
-227
-144
-14
-33
-129
-177
-197
-138
-30
9
-76
-204
-266
-114
105
155
-49
-236
-183
93
275
143
-81
-87
80
206
231
159
87
30
41
135
226
216
88
-21
11
144
231
126
-65
-99
28
157
113
-52
-146
-65
69
65
-74
-222
-218
-15
108
-18
-309
-348
-85
165
22
-312
-398
-106
190
136
-157
-300
-143
147
167
8
-113
-34
145
165
32
1
89
181
146
34
55
140
177
140
108
92
87
39
64
176
240
84
-117
-103
126
248
92
-169
-262
-63
139
65
-148
-279
-184
-62
-60
-108
-125
-115
-145
-174
-150
-29
3
-101
-204
-147
12
97
5
-154
-148
57
226
103
-139
-148
125
326
208
-53
-159
68
388
343
-12
-221
32
416
420
53
-264
-142
212
364
121
-227
-219
19
185
73
-147
-231
-96
6
-34
-169
-172
-55
-4
-122
-217
-177
-101
-48
-31
-81
-167
-228
-173
26
159
11
-229
-235
15
264
201
-72
-147
62
250
215
52
30
119
195
137
76
105
179
152
57
12
74
164
132
-3
-26
32
97
31
-104
-127
30
129
4
-203
-276
-104
141
90
-207
-411
-234
101
168
-128
-440
-347
31
244
35
-242
-260
-26
172
116
-48
-90
26
118
99
57
79
99
99
94
104
139
133
97
103
154
158
80
4
37
204
268
84
-130
-91
116
210
94
-153
-235
-54
108
43
-138
-231
-198
-126
-74
-55
-58
-114
-210
-268
-107
93
41
-187
-292
-124
111
128
-65
-176
-91
87
175
34
-102
-35
160
211
104
-11
9
159
249
178
5
-11
148
304
226
-16
-133
-15
210
257
30
-173
-122
48
104
6
-141
-171
-107
-46
-32
-75
-147
-169
-118
-82
-76
-148
-198
-135
-33
20
-81
-243
-230
-27
102
26
-138
-166
0
149
144
27
-37
45
144
156
165
158
98
21
29
165
289
223
6
-121
18
251
312
47
-178
-111
105
225
90
-142
-217
-21
172
94
-158
-314
-185
69
98
-142
-326
-236
-2
83
-88
-298
-301
-49
158
89
-190
-287
-101
162
191
27
-127
-69
116
180
116
49