#4
-69
418
197
-557
-974
-463
401
460
-384
-987
-591
304
494
-238
-910
-629
179
472
-9
-622
-639
-105
325
253
-215
-611
-431
178
503
133
-556
-684
-54
532
289
-406
-610
-164
313
227
-231
-420
-190
69
124
6
-138
-270
-312
-91
198
101
-350
-582
-210
228
142
-380
-596
-278
77
42
-196
-323
-311
-243
-97
103
68
-287
-545
-273
273
383
-126
-625
-430
253
552
103
-536
-568
-35
456
398
-108
-516
-393
147
511
231
-417
-654
-80
609
445
-386
-820
-266
555
507
-300
-752
-404
215
348
-71
-493
-467
-155
134
190
-84
-467
-513
-122
274
204
-336
-649
-261
277
246
-271
-580
-303
131
158
-110
-252
-213
-92
-1
73
25
-149
-241
-93
197
217
-85
-342
-184
200
258
-32
-264
-237
-67
48
47
-21
-148
-313
-300
17
245
-51
-569
-546
105
483
39
-684
-741
-27
477
128
-549
-661
-153
281
206
-266
-600
-395
109
377
80
-482
-592
-99
436
386
-217
-678
-308
406
514
-50
-542
-413
141
414
152
-233
-315
-117
111
212
65
-219
-340
-67
296
268
-163
-460
-184
231
239
-156
-427
-239
119
117
-186
-314
-197
-98
-98
-104
-54
-157
-311
-250
80
233
-61
-460
-360
101
348
73
-260
-309
-60
194
236
68
-197
-334
-133
302
487
47
-526
-403
300
674
140
-577
-517
252
658
188
-500
-566
42
506
291
-270
-562
-334
139
434
139
-470
-698
-226
469
504
-232
-817
-462
310
495
-78
-609
-449
121
325
-27
-365
-357
-99
89
85
-29
-200
-281
-102
211
240
-66
-336
-183
230
318
50
-209
-194
36
171
153
43
-118
-260
-173
146
337
51
-457
-503
8
454
215
-443
-672
-198
396
341
-236
-632
-430
76
333
85
-416
-598
-221
339
410
-229
-785
-490
343
663
31
-779
-665
219
736
274
-522
-657
-21
567
432
-139
-500
-340
177
504
272
-269
-521
-166
433
495
-101
-564
-270
360
472
-21
-422
-234
167
196
-33
-179
-155
-100
-87
-55
60
-29
-283
-375
-113
216
88
-305
-419
-136
204
195
-115
-303
-230
-14
171
195
41
-263
-338
65
523
338
-364
-605
-6
645
528
-225
-632
-146
542
497
-99
-448
-205
302
452
123
-324
-419
-45
409
387
-154
-568
-379
267
560
8
-679
-593
149
588
181
-509
-589
-62
334
186
-200
-386
-225
24
167
58
-171
-357
-254
112
286
32
-364
-334
120
383
129
-285
-262
90
255
148
0
-33
-57
-52
97
266
166
-213
-398
-57
374
299
-164
-452
-238
159
243
10
-296
-411
-199
172
297
9
-491
-598
-56
493
283
-486
-771
-156
567
403
-465
-840
-197
571
480
-251
-688
-324
338
525
133
-387
-509
-58
492
532
-40
-601
-441
309
682
213
-477
-483
126
526
236
-263
-338
12
279
198
-13
-116
-128
-113
47
212
82
-276
-357
-22
290
85
-351
-417
-58
187
63
-237
-285
-122
6
21
50
20
-166
-272
-76
284
301
-82
-423
-212
347
540
55
-457
-341
190
541
343
-174
-434
-136
395
545
71
-457
-389
284
702
270
-553
-661
113
769
416
-508
-768
-131
575
490
-263
-679
-363
216
409
127
-300
-460
-218
172
359
41
-436
-496
11
432
185
-376
-515
-53
363
191
-220
-304
-59
158
133
38
-32
-69
-44
89
231
157
-94
-237
12
343
282
-71
-290
-144
156
209
49
-94
-173
-203
-82
185
227
-175
-579
-347
329
524
-75
-751
-562
241
581
20
-639
-562
95
461
159
-409
-540
-169
303
373
-25
-491
-445
113
570
395
-326
-682
-137
629
618
-105
-649
-341
374
608
150
-345
-366
5
348
337
-6
-320
-277
177
483
248
-298
-462
-49
421
334
-215
-490
-168
219
217
-122
-306
-199
-61
6
29
-9
-191
-339
-162
251
351
-84
-502
-323
252
492
116
-318
-326
47
382
331
-11
-318
-241
126
477
407
-129
-487
-148
510
595
-58
-578
-261
529
693
10
-648
-439
318
629
157
-409
-481
-125
319
386
-26
-500
-528
15
533
364
-351
-727
-245
480
463
-200
-650
-296
333
392
-118
-469
-272
121
231
51
-148
-182
-80
92
205
98
-132
-198
60
316
240
-73
-194
2
241
213
18
-71
-48
-62
-23
125
219
0
-331
-308
74
379
126
-431
-536
-4
434
233
-336
-545
-240
217
299
-48
-411
-403
-28
316
201
-296
-584
-184
433
492
-194
-712
-312
465
614
4
-588
-391
316
613
223
-333
-430
-27
386
387
16
-314
-278
114
452
287
-206
-426
-56
423
395
-115
-397
-118
260
278
-48
-286
-198
42
137
70
-81
-243
-302
-106
180
193
-152
-449
-292
160
346
50
-326
-299
45
244
184
7
-129
-166
-35
253
390
70
-380
-330
228
632
341
-344
-509
76
648
446
-206
-497
-78
463
461
-15
-380
-291
160
479
247
-303
-535
-201
429
532
-147
-735
-454
347
619
31
-600
-489
168
444
93
-343
-352
-47
154
116
-38
-197
-243
-93
149
203
-31
-286
-198
176
339
56
-234
-161
166
308
139
-50
-64
13
82
169
232
60
-266
-283
103
436
218
-317
-470
-70
339
273
-146
-422
-313
33
287
209
-170
-537
-433
171
536
136
-624
-684
55
648
303
-567
-766
-42
652
447
-387
-713
-165
494
512
12
-463
-406
123
562
433
-147
-567
-307
400
690
132
-540
-444
247
611
231
-352
-375
78
369
250
-9
-146
-144
-74
141
242
3
-307
-295
73
308
35
-381
-374
18
255
55
-269
-301
-62
89
71
37
-26
-163
-191
22
280
234
-113
-335
-66
413
434
-85
-448
-178
386
535
117
-298
-267
141
442
312
-118
-351
-85
440
518
-31
-554
-356
381
692
127
-624
-572
156
653
295
-482
-666
-100
430
389
-87
-465
-393
39
328
258
-159
-506
-323
230
467
32
-522
-449
128
436
116
-322
-316
78
312
141
-122
-129
34
122
149
129
61
-49
-63
104
284
150
-139
-250
-12
258
228
-52
-225
-152
-28
57
127
39
-257
-404
-76
360
278
-294
-649
-232
417
398
-281
-661
-239
358
356
-174
-568
-279
224
356
29
-331
-349
-14
344
343
-46
-416
-304
261
587
225
-403
-470
116
577
342
-258
-406
-7
355
309
-17
-211
-136
98
268
200
-33
-247
-151
178
312
43
-312
-296
101
285
14
-330
-274
12
110
-37
-123
-83
-111
-177
-73
179
207
-119
-365
-153
309
391
-18
-345
-230
193
439
260
-153
-336
-121
314
524
231
-295
-421
90
640
435
-282
-574
-3
699
547
-267
-669
-172
543
527
-108
-515
-296
157
356
148
-224
-413
-254
157
423
159
-415
-551
-56
450
315
-274
-547
-141
337
247
-172
-380
-165
125
133
25
-70
-128
-87
81
202
118
-109
-168
72
331
263
-84
-226
6
261
255
49
-116
-119
-33
98
199
126
-141
-345
-145
241
325
-98
-535
-363
226
458
32
-498
-495
2
348
164
-273
-446
-195
182
318
-37
-493
-444
109
525
262
-416
-631
-42
627
516
-237
-673
-227
560
646
19
-514
-364
207
549
308
-202
-408
-126
331
461
125
-310
-340
65
462
328
-159
-357
-81
239
247
-49
-253
-146
33
89
20
-72
-187
-251
-109
176
181
-174
-445
-245
256
388
-15
-417
-309
147
390
185
-149
-247
-61
201
332
217
-141
-342
-79
409
525
52
-448
-268
391
635
105
-469
-314
316
594
201
-352
-425
31
438
371
-101
-431
-331
116
463
241
-362
-600
-169
466
468
-195
-647
-289
335
399
-92
-448
-243
135
234
31
-187
-230
-148
34
153
99
-110
-253
-67
266
310
-63
-318
-67
311
322
38
-131
-40
92
172
158
104
-23
-212
-141
220
374
63
-388
-385
51
379
210
-273
-503
-179
262
320
-13
-410
-468
-100
347
318
-237
-634
-324
339
512
-86
-709
-454
361
647
30
-671
-485
262
598
237
-303
-472
-79
408
483
95
-322
-379
29
487
444
-99
-495
-211
391
531
19
-449
-242
308
460
100
-276
-219
52
210
164
-11
-201
-265
-62
223
207
-159
-441
-238
186
256
-81
-366
-271
45
210
108
-104
-173
-141
-33
175
276
75
-273
-293
163
572
318
-338
-505
30
619
523
-127
-517
-163
457
583
115
-406
-357
171
598
383
-260
-564
-138
517
583
-96
-648
-420
299
637
120
-552
-545
14
442
293
-167
-436
-273
83
264
149
-180
-396
-177
237
341
-69
-454
-329
149
383
109
-312
-306
77
331
182
-116
-166
15
175
202
145
4
-122
-77
183
340
147
-210
-274
32
302
200
-98
-254
-146
36
163
109
-141
-362
-254
156
386
57
-493
-561
22
523
209
-511
-628
4
525
253
-443
-628
-78
468
355
-184
-498
-253
228
412
187
-199
-400
-119
406
503
37
-462
-341
275
565
199
-316
-364
51
414
289
-78
-238
-88
161
274
153
-61
-223
-133
170
313
25
-344
-289
105
311
29
-316
-298
-56
127
75
-74
-195
-208
-110
88
251
73
-300
-359
50
464
324
-213
-428
-75
407
459
32
-359
-274
137
486
410
-36
-410
-247
350
635
218
-430
-484
222
752
342
-466
-624
89
715
427
-347
-629
-172
421
481
-45
-529
-463
51
467
349
-232
-622
-333
318
521
19
-572
-492
166
528
155
-454
-496
15
350
184
-152
-246
-85
92
183
144
8
-157
-121
150
346
215
-112
-239
24
318
293
3
-205
-155
40
203
192
3
-234
-278
-30
285
222
-220
-525
-231
338
435
-90
-603
-471
148
458
105
-423
-485
-63
313
227
-218
-497
-251
259
440
41
-506
-454
184
607
324
-358
-615
-19
626
518
-144
-541
-233
332
480
154
-234
-294
-17
292
335
60
-275
-240
171
458
234
-254
-370
2
375
261
-173
-347
-128
130
153
-13
-178
-231
-164
19
143
62
-224
-368
-103
277
283
-114
-385
-178
209
348
80
-196
-191
21
232
327
138
-199
-317
34
496
470
-107
-512
-123
558
585
-70
-527
-219
490
639
19
-519
-357
230
562
245
-329
-499
-132
355
438
-38
-526
-449
125
516
217
-425
-561
-38
429
266
-247
-456
-141
228
218
-55
-247
-202
-64
79
143
52
-130
-220
-6
281
215
-106
-236
27
306
244
-36
-127
20
176
145
66
53
-41
-125
-47
194
269
-28
-347
-279
135
365
82
-373
-455
-55
331
289
-150
-497
-425
61
434
196
-402
-589
-122
460
360
-339
-724
-202
567
557
-228
-756
-302
510
616
-5
-517
-390
227
560
310
-192
-432
-171
329
520
150
-334
-381
75
504
361
-205
-425
-49
388
377
-34
-260
-146
70
188
124
-29
-177
-207
-50
160
124
-160
-354
-178
160
210
-86
-362
-248
80
228
65
-128
-178
-106
46
227
228
-11
-313
-203
292
583
180
-455
-453
220
705
396
-310
-502
7
562
483
-78
-424
-193
365
565
150
-385
-448
74
574
384
-292
-628
-211
446
550
-113
-640
-390
245
470
73
-385
-387
-19
212
158
-80
-266
-201
36
209
92
-242
-356
-61
305
221
-166
-344
-76
290
249
-45
-208
-32
206
207
52
4
43
25
24
135
224
68
-185
-178
109
308
142
-206
-304
-96
148
207
-5
-257
-348
-103
260
300
-116
-569
-431
194
517
71
-627
-591
156
619
160
-621
-639
97
636
313
-390
-615
-133
423
458
62
-373
-401
109
563
408
-204
-571
-171
528
588
-53
-521
-253
350
513
55
-341
-211
203
327
139
-121
-157
-42
120
159
68
-141
-240
-60
160
145
-136
-299
-142
49
64
-78
-137
-88
-99
-108
52
186
67
-252
-311
80
424
252
-224
-375
20
460
381
-96
-371
-105
302
441
166
-204
-259
63
435
384
-60
-415
-171
440
616
38
-589
-410
363
697
135
-571
-525
99
533
296
-292
-548
-266
237
446
105
-401
-487
-70
379
334
-183
-547
-233
331
380
-116
-505
-295
197
327
19
-230
-165
20
138
134
68
-34
-105
-14
194
295
104
-160
-170
130
358
219
-94
-242
-104
126
245
134
-90
-262
-218
50
310
157
-323
-531
-114
426
358
-249
-646
-307
330
418
-107
-575
-363
180
395
34
-453
-461
-9
433
327
-228
-563
-236
380
577
98
-515
-482
238
675
320
-347
-505
5
516
398
-111
-341
-113
246
329
119
-160
-226
3
295
304
-7
-265
-153
177
271
42
-258
-218
60
164
3
-203
-198
-54
-21
-21
15
-35
-178
-231
-49
228
210
-105
-345
-187
171
328
149
-116
-218
-66
215
364
165
-210
-339
40
518
498
-108
-519
-141
553
576
-70
-531
-171
507
574
-73
-550
-250
386
527
5
-433
-330
59
374
255
-229
-515
-252
273
447
4
-484
-388
138
390
88
-378
-359
67
283
68
-211
-276
-64
138
86
-44
-97
-115
-23
145
187
20
-179
-128
193
353
135
-130
-127
103
240
143
6
-24
-31
-46
24
144
133
-79
-248
-133
134
212
-55
-364
-288
92
333
96
-352
-462
-138
282
326
-133
-548
-413
179
527
118
-584
-668
61
722
429
-493
-824
-108
721
634
-171
-742
-345
469
725
191
-441
-510
7
505
506
-1
-432
-357
209
592
290
-323
-470
26
531
406
-126
-415
-154
227
306
64
-206
-248
-79
123
172
-40
-290
-292
-34
198
128
-174
-370
-209
135
298
93
-222
-292
-98
215
327
146
-210
-364
-38
482
536
-63
-586
-305
454
784
206
-560
-494
305
760
323
-384
-496
65
618
482
-179
-566
-261
388
627
143
-538
-587
33
637
455
-355
-767
-268
463
543
-54
-562
-392
142
362
104
-254
-343
-95
204
216
-46
-343
-281
65
298
141
-234
-295
15
315
201
-113
-207
32
239
178
18
30
71
-21
-18
197
289
39
-284
-228
179
421
128
-346
-412
-26
340
297
-132
-464
-359
102
396
213
-306
-597
-293
317
465
-96
-656
-410
297
474
-78
-607
-413
268
548
77
-501
-473
148
491
252
-185
-415
-157
317
483
140
-317
-388
55
508
377
-209
-452
-59
472
411
-126
-415
-112
340
403
56
-241
-185
51
195
184
-29
-241
-205
28
224
84
-247
-363
-81
188
123
-133
-268
-170
-20
86
88
45
-81
-218
-136
161
342
125
-247
-286
121
470
298
-208
-381
6
423
424
38
-284
-203
209
466
254
-222
-378
41
545
456
-145
-563
-246
436
596
27
-546
-415
171
498
179
-390
-469
-65
298
256
-85
-358
-269
63
251
106
-215
-339
-59
212
165
-163
-330
-121
185
164
-101
-186
-51
115
134
13
-32
8
38
98
122
119
38
-57
-5
174
253
80
-164
-188
29
214
188
-20
-196
-191
-30
141
178
-68
-391
-328
129
425
102
-466
-584
-35
457
276
-362
-595
-118
361
296
-228
-569
-281
293
482
72
-506
-510
100
588
414
-238
-622
-200
555
656
-3
-605
-383
355
635
156
-373
-347
114
427
273
-113
-287
-101
214
336
142
-163
-242
-28
241
268
-59
-329
-193
123
217
-7
-264
-249
-30
76
59
-70
-171
-209
-115
107
250
48
-276
-290
48
343
223
-85
-229
-108
174
347
224
-99
-268
-103
302
504
173
-343
-373
197
641
340
-338
-513
109
718
435
-360
-627
-50
582
492
-179
-554
-285
239
478
136
-416
-529
-95
402
401
-144
-590
-340
270
474
19
-486
-388
132
368
89
-288
-318
-56
155
114
-11
-93
-134
-46
145
231
59
-183
-151
160
354
184
-134
-190
76
282
228
13
-134
-101
-1
147
216
74
-264
-359
-23
343
252
-244
-548
-225
327
397
-64
-503
-439
57
395
163
-351
-543
-156
359
354
-202
-623
-338
345
580
30
-600
-510
223
661
261
-396
-528
44
562
404
-141
-398
-152
267
385
115
-177
-194
12
251
285
-18
-251
-115
225
329
92
-210
-184
77
205
91
-105
-168
-60
45
38
-30
-113
-168
-138
-11
83
11
-176
-255
-91
151
169
-33
-192
-173
22
213
212
24
-216
-221
145
479
311
-243
-471
-34
581
578
-126
-570
-170
550
634
-21
-551
-268
428
646
143
-449
-457
97
558
408
-210
-586
-323
298
608
158
-551
-665
-17
594
421
-285
-642
-266
314
428
2
-421
-380
29
317
206
-168
-400
-201
183
296
31
-294
-281
113
377
173
-213
-248
102
350
213
-45
-100
25
109
135
153
110
-72
-202
-61
250
286
-38
-343
-274
103
315
123
-274
-414
-145
249
290
-38
-430
-465
6
418
239
-384
-635
-130
492
380
-348
-726
-228
518
525
-171
-673
-306
374
533
107
-360
-411
29
486
436
-60
-461
-310
272
611
242
-368
-466
69
564
383
-229
-480
-45
440
416
-25
-306
-176
101
241
166
-70
-247
-224
50
231
97
-251
-385
-115
189
178
-90
-301
-251
8
163
138
-19
-195
-241
-5
284
297
-27
-317
-181
246
506
162
-354
-323
156
514
338
-141
-332
-54
358
396
77
-251
-223
187
491
254
-287
-454
28
538
384
-254
-549
-199
393
468
-64
-544
-378
140
409
155
-287
-405
-123
222
276
-40
-363
-291
88
307
82
-291
-348
-7
246
117
-149
-178
-1
151
99
-15
-42
3
41
113
175
163
-27
-159
-17
293
334
7
-290
-219
168
337
118
-214
-288
-77
136
177
32
-229
-377
-147
266
322
-109
-542
-407
162
452
67
-515
-503
79
457
163
-427
-541
-44
432
359
-179
-541
-293
291
526
194
-392
-525
32
625
492
-199
-594
-195
477
539
4
-406
-245
235
412
147
-211
-234
46
280
256
3
-181
-126
81
232
97
-171
-237
-36
165
118
-148
-270
-130
49
57
-41
-126
-148
-135
-56
101
162
-2
-248
-218
93
323
166
-143
-237
-21
266
350
92
-227
-247
81
418
400
-52
-388
-137
439
543
13
-498
-267
437
675
99
-579
-450
306
686
216
-499
-528
50
462
301
-197
-476
-280
144
382
175
-294
-472
-154
288
327
-98
-437
-273
162
299
16
-299
-271
-20
155
135
-3
-143
-166
-1
207
211
-20
-185
-55
213
288
91
-140
-112
133
281
153
-54
-115
-73
34
151
168
8
-247
-257
18
309
198
-287
-554
-165
409
406
-161
-612
-417
187
458
70
-487
-525
-3
453
269
-348
-637
-187
462
511
-123
-657
-345
386
588
109
-488
-427
197
588
300
-240
-413
-81
329
376
86
-196
-219
36
279
241
-67
-240
-61
261
340
36
-268
-188
141
280
63
-236
-244
32
200
59
-183
-269
-149
34
123
18
-167
-278
-150
125
224
33
-223
-242
-22
216
232
33
-161
-145
27
261
326
72
-303
-268
192
569
368
-271
-498
54
645
462
-245
-573
-39
637
566
-154
-606
-266
405
604
118
-489
-514
35
504
396
-223
-656
-357
309
566
99
-524
-531
41
419
220
-219
-400
-149
178
205
7
-224
-279
-91
156
223
2
-252
-191
143
305
93
-164
-108
129
248
116
-22
-10
47
82
121
154
65
-111
-164
15
256
210
-135
-347
-153
187
267
-30
-355
-347
10
289
200
-185
-469
-330
125
376
69
-416
-478
12
405
165
-406
-542
-15
475
326
-294
-556
-126
418
395
-26
-363
-252
152
426
280
-138
-360
-132
311
425
88
-306
-272
160
423
179
-223
-280
97
342
189
-86
-164
-46
70
136
60
-71
-141
-101
21
94
1
-188
-232
-82
97
89
-121
-262
-145
70
173
91
-103
-251
-159
129
340
198
-188
-345
-51
417
476
-6
-430
-253
291
585
278
-260
-379
51
492
384
-123
-388
-47
442
458
-57
-464
-271
330
576
104
-469
-441
99
488
240
-341
-524
-125
333
331
-93
-412
-269
114
250
99
-190
-319
-129
166
211
-73
-336
-191
119
223
-5
-213
-143
88
202
92
-96
-95
51
168
147
96
45
-35
-44
86
267
214
-82
-271
-135
209
303
75
-218
-286
-52
200
204
-54
-340
-360
4
370
246
-289
-610
-273
361
452
-139
-682
-407
295
523
-32
-638
-475
212
583
176
-464
-548
5
502
399
-108
-471
-278
295
555
209
-325
-424
32
471
332
-141
-326
-60
295
294
-11
-210
-94
127
235
138
-19
-132
-82
79
187
81
-179
-235
-32
178
113
-163
-268
-134
53
89
-25
-148
-197
-141
19
206
152
-142
-344
-147
270
411
62
-326
-272
156
456
298
-165
-394
-104
378
541
171
-352
-382
186
627
371
-312
-535
32
693
562
-262
-707
-215
602
681
-63
-669
-436
240
579
216
-391
-553
-148
326
411
-3
-446
-403
38
343
190
-224
-394
-107
199
196
-77
-296
-174
44
125
60
-40
-121
-103
63
206
155
-71
-199
-18
279
329
50
-227
-122
208
366
166
-140
-262
-95
198
300
94
-229
-338
-83
258
315
-112
-515
-379
198
500
119
-485
-604
-94
436
358
-256
-628
-286
309
418
-88
-570
-417
208
544
155
-482
-556
57
566
383
-221
-540
-152
468
534
-10
-447
-285
229
465
183
-207
-275
-8
279
298
26
-224
-154
128
308
172
-119
-210
-13
193
164
-55
-217
-119
94
129
-30
-201
-206
-62
20
27
-15
-118
-213
-151
71
214
84
-209
-264
-29
270
253
-19
-210
-141
98
324
259
-62
-283
-129
312
501
129
-366
-330
263
627
227
-398
-403
218
662
310
-354
-509
12
549
426
-185
-518
-261
237
457
170
-358
-527
-148
365
400
-88
-507
-319
178
379
87
-348
-352
4
233
127
-151
-267
-121
75
116
47
-93
-178
-23
209
197
-59
-185
-13
250
258
34
-106
-37
126
166
120
77
-16
-126
-91
107
281
114
-235
-335
-38
296
235
-184
-466
-262
229
380
22
-425
-487
-86
365
300
-245
-602
-285
337
488
-118
-684
-462
297
643
128
-588
-603
127
643
355
-288
-513
-132
418
488
76
-331
-355
81
471
328
-149
-385
-129
359
433
1
-375
-205
261
398
81
-220
-164
61
148
97
-27
-112
-106
-48
58
85
-72
-252
-201
17
138
31
-199
-259
-106
95
158
42
-129
-205
-63
168
240
57
-168
-190
93
401
281
-184
-369
17
467
431
-62
-402
-122
402
470
12
-357
-210
286
555
237
-311
-490
-28
530
489
-151
-592
-342
298
573
124
-511
-534
9
457
326
-202
-462
-224
167
298
51
-264
-310
-55
240
190
-132
-361
-209
147
269
28
-238
-202
99
268
123
-113
-153
28
186
163
106
26
-43
-21
124
236
145
-93
-223
-68
216
267
-14
-256
-217
8
202
136
-109
-366
-294
106
353
138
-367
-593
-178
439
437
-252
-724
-376
384
555
-102
-715
-433
334
610
72
-567
-507
128
570
344
-241
-540
-152
472
565
16
-507
-360
277
595
189
-358
-384
120
460
233
-214
-266
46
301
237
-29
-174
-71
59
142
109
-80
-205
-105
89
174
-24
-302
-254
14
162
28
-163
-226
-136
-5
88
96
2
-131
-190
-38
225
236
0
-224
-131
193
376
167
-192
-268
28
366
416
49
-319
-237
265
536
204
-335
-371
204
641
284
-382
-530
67
635
415
-294
-585
-165
377
421
-54
-478
-328
100
331
162
-225
-344
-141
163
239
-41
-328
-219
131
248
-19
-337
-240
99
224
31
-217
-178
47
185
126
-29
-102
-35
90
199
170
21
-61
-25
120
184
133
29
-68
-86
-2
117
154
47
-180
-242
-36
223
210
-168
-486
-285
251
456
15
-551
-539
37
486
218
-431
-601
-72
474
328
-364
-684
-219
484
563
-113
-701
-431
319
667
264
-442
-620
6
676
561
-157
-624
-307
371
621
182
-350
-408
7
429
409
-25
-372
-230
206
466
223
-237
-363
-34
363
305
-165
-415
-155
218
240
-53
-291
-250
-50
73
71
-33
-165
-234
-116
120
239
36
-248
-274
54
325
251
-95
-294
-159
222
481
220
-294
-410
19
543
541
-53
-508
-249
446
656
98
-523
-376
363
744
230
-524
-523
158
637
368
-352
-594
-160
391
489
20
-503
-515
10
485
369
-260
-580
-243
324
401
-48
-442
-303
140
293
59
-256
-294
-61
168
148
-30
-143
-123
31
192
142
-77
-147
56
251
181
-1
-78
30
131
122
104
96
-2
-144
-129
109
313
107
-277
-361
5
334
190
-228
-446
-189
271
315
-103
-430
-335
84
311
76
-397
-467
-54
393
277
-317
-649
-196
489
521
-178
-698
-362
417
626
83
-480
-423
144
546
331
-172
-416
-140
319
413
79
-264
-265
113
404
224
-196
-322
42
367
278
-101
-270
-49
213
213
-45
-207
-139
29
93
33
-92
-199
-182
-52
85
93
-95
-257
-181
41
174
79
-115
-202
-77
121
184
85
-63
-128
-28
184
306
125
-229
-256
131
465
338
-127
-379
-73
449
465
-5
-404
-200
369
573
141
-442
-447
137
625
390
-303
-624
-222
460
568
-72
-688
-484
269
644
185
-521
-575
-3
433
300
-199
-475
-226
221
347
28
-367
-383
-12
320
244
-114
-354
-176
214
339
66
-198
-164
95
258
197
59
-66
-74
36
201
255
50
-217
-206
88
300
168
-153
-282
-99
127
162
-8
-217
-284
-114
197
247
-62
-440
-414
54
402
159
-431
-541
-17
461
243
-418
-604
-90
498
384
-256
-599
-218
397
494
84
-410
-462
89
571
448
-158
-556
-244
409
579
84
-431
-337
206
488
184
-257
-290
52
356
282
-57
-244
-122
131
229
106
-143
-253
-101
162
184
-95
-341
-245
68
202
3
-205
-237
-127
14
124
144
9
-222
-270
17
355
300
-91
-358
-150
318
489
131
-333
-330
107
517
405
-100
-421
-118
460
537
0
-490
-289
411
715
155
-551
-522
227
711
309
-427
-571
-74
459
399
-165
-508
-303
168
398
117
-312
-403
-88
272
275
-100
-387
-234
155
310
16
-366
-337
64
283
120
-165
-236
-58
200
224
11
-172
-105
140
286
152
-54
-110
12
173
200
78
-33
-89
-55
74
146
109
-30
-191
-198
-4
225
164
-226
-474
-187
336
400
-120
-608
-441
201
518
68
-582
-543
108
540
181
-497
-640
-26
573
413
-309
-665
-236
462
582
21
-520
-406
257
619
280
-323
-497
-20
488
420
-92
-374
-147
243
391
110
-233
-234
57
315
273
-32
-240
-123
148
229
37
-205
-214
21
168
55
-185
-236
-88
54
25
-52
-129
-145
-101
-4
106
95
-68
-211
-119
120
245
103
-113
-159
6
222
291
97
-199
-214
113
420
324
-151
-371
28
511
398
-170
-438
-10
560
468
-179
-567
-169
475
541
-64
-508
-336
161
437
203
-289
-496
-196
294
411
2
-454
-397
64
384
190
-293
-438
-60
315
216
-168
-372
-187
143
216
24
-169
-207
-24
199
217
7
-184
-95
179
306
163
-79
-130
-3
194
240
125
-43
-171
-153
71
300
230
-153
-414
-186
262
372
-33
-491
-431
94
463
207
-357
-572
-207
290
368
-97
-542
-388
182
452
41
-546
-545
108
611
333
-455
-707
-86
614
544
-125
-627
-330
394
653
196
-377
-448
29
459
369
-56
-307
-191
203
393
139
-248
-283
87
401
263
-150
-289
-26
225
191
-55
-219
-128
53
100
14
-108
-193
-196
-42
140
109
-147
-341
-215
113
278
106
-196
-290
-78
224
284
92
-176
-229
30
339
363
-24
-349
-202
295
547
205
-339
-380
196
588
314
-267
-428
37
545
460
-131
-500
-231
309
553
166
-446
-526
9
506
361
-239
-584
-245
325
411
-52
-427
-320
86
303
115
-207
-308
-99
148
170
-20
-262
-275
1
251
174
-135
-299
-96
243
281
9
-224
-104
174
262
140
-14
-70
-12
88
199
184
23
-168
-177
93
300
147
-227
-355
-63
244
235
-89
-371
-307
55
333
160
-286
-501
-232
231
344
-91
-539
-372
235
474
0
-607
-492
210
586
149
-505
-523
67
520
330
-168
-446
-181
342
494
122
-335
-354
71
441
328
-110
-350
-124
301
387
34
-276
-185
162
327
160
-103
-185
-66
135
210
49
-201
-239
-18
220
149
-212
-378
-165
162
189
-61
-273
-232
-27
114
111
8
-105
-162
-100
118
269
138
-154
-257
3
394
394
-66
-382
-179
301
493
200
-264
-328
132
543
325
-231
-425
41
571
460
-197
-595
-189
529
600
-75
-600
-362
259
521
114
-442
-488
11
392
238
-220
-379
-149
143
222
7
-260
-258
23
235
105
-211
-308
-97
177
160
-84
-192
-64
101
148
48
-67
-43
49
130
141
92
11
-45
-5
133
232
119
-73
-179
-62
149
206
59
-167
-258
-72
193
208
-66
-394
-348
107
418
149
-418
-579
-90
441
327
-325
-664
-200
450
412
-258
-677
-323
383
573
7
-603
-473
225
565
241
-293
-489
-92
468
479
12
-425
-292
232
474
193
-205
-290
-10
281
249
21
-170
-116
112
262
163
-68
-188
-75
148
228
14
-222
-186
39
170
22
-222
-226
-75
60
44
-44
-130
-185
-134
42
194
102
-173
-277
-82
250
297
34
-244
-207
146
405
267
-150
-350
-65
380
453
86
-333
-272
259
577
227
-356
-391
182
635
336
-336
-552
-25
566
474
-169
-564
-290
234
467
145
-367
-516
-132
360
406
-52
-478
-374
91
387
169
-300
-412
-58
277
190
-157
-334
-149
113
189
31
-141
-174
-17
185
187
28
-129
-98
122
263
198
-24
-137
-53
147
255
170
-73
-234
-112
189
327
84
-286
-366
-46
329
260
-165
-472
-289
223
405
-11
-461
-453
33
378
163
-344
-483
-96
334
238
-210
-518
-245
309
457
-32
-534
-388
243
532
182
-327
-427
33
455
355
-102
-319
-114
215
312
78
-156
-167
48
260
189
-69
-205
-45
222
284
67
-191
-169
52
225
128
-121
-218
-72
94
99
-40
-179
-194
-87
27
104
-25
-219
-262
-65
174
181
-38
-240
-168
60
219
154
-18
-130
-63
110
260
174
-113
-220
14
342
373
-1
-313
-169
357
500
56
-393
-240
351
590
120
-451
-419
176
604
323
-327
-557
-152
382
466
-34
-533
-449
104
491
242
-342
-492
-70
313
235
-128
-340
-148
148
187
-30
-229
-213
-31
100
115
2
-130
-153
13
196
175
-48
-183
-19
237
275
58
-120
-91
94
232
195
41
-140
-167
-5
222
232
-40
-285
-214
74
245
99
-218
-367
-154
208
270
-54
-396
-401
-2
336
180
-337
-526
-86
415
311
-358
-666
-203
504
528
-166
-679
-351
400
587
91
-430
-417
98
512
361
-126
-416
-219
277
466
169
-265
-327
76
409
268
-178
-304
-13
299
280
18
-151
-118
30
115
102
-2
-135
-150
-23
116
79
-155
-268
-132
79
114
-55
-242
-217
-4
143
134
-8
-187
-206
-28
243
281
27
-272
-194
223
461
198
-272
-357
67
489
430
-72
-417
-150
411
536
34
-425
-250
344
609
165
-433
-440
140
596
319
-353
-537
-123
388
411
-109
-484
-300
150
340
87
-268
-309
-49
165
171
-60
-260
-227
62
231
92
-224
-347
-87
209
205
-51
-230
-144
102
235
105
-93
-129
16
210
221
63
-68
-97
43
211
237
69
-136
-203
-12
222
231
-7
-279
-262
22
256
181
-168
-442
-270
226
403
21
-484
-481
33
409
172
-391
-512
-29
389
194
-363
-540
-70
434
321
-213
-496
-194
327
416
46
-356
-296
138
433
272
-146
-334
-90
311
338
-12
-241
-117
151
275
110
-121
-143
39
210
211
24
-140
-96
49
159
101
-102
-208
-82
118
133
-80
-268
-193
31
97
-14
-134
-189
-131
-19
112
155
-6
-228
-246
62
357
226
-157
-328
-48
371
408
22
-353
-235
229
481
273
-213
-350
48
480
377
-122
-396
-48
471
487
-61
-516
-272
366
578
96
-490
-414
116
401
198
-229
-404
-161
199
268
-3
-296
-272
-16
193
150
-126
-272
-123
118
167
-32
-253
-198
72
142
6
-97
-115
-4
93
104
44
-14
-52
33
146
171
102
-55
-65
68
186
189
44
-110
-154
-3
172
203
-3
-266
-230
58
255
102
-261
-384
-91
291
255
-183
-471
-283
160
340
28
-456
-417
60
406
136
-412
-508
-47
455
358
-239
-595
-231
397
519
50
-465
-398
221
592
269
-301
-449
-51
423
394
-13
-293
-196
147
337
171
-126
-202
-1
230
247
12
-171
-110
60
172
92
-90
-162
-90
47
99
-36
-190
-206
-101
54
116
4
-229
-299
-74
213
233
-47
-307
-198
138
304
147
-109
-226
-70
221
374
137
-220
-293
55
455
411
-83
-411
-111
469
509
-64
-451
-160
450
570
-2
-524
-327
321
596
169
-431
-505
-12
460
380
-178
-561
-296
284
454
20
-462
-384
103
357
145
-295
-360
-5
239
108
-144
-222
-99
25
45
13
-29
-84
-46
54
118
85
-32
-64
41
165
165
66
-61
-48
64
209
190
47
-134
-194
10
248
224
-84
-341
-184
169
279
0
-339
-351
-21
306
215
-207
-469
-276
190
356
-13
-500
-432
142
475
87
-565
-588
97
645
337
-465
-708
-101
606
526
-124
-590
-324
351
621
217
-334
-467
-29
446
415
-29
-362
-256
218
486
173
-295
-345
88
441
293
-138
-288
-80
208
272
16
-272
-247
19
213
122
-167
-327
-189
86
192
-13
-257
-250
-34
114
88
-16
-95
-115
-78
84
212
147
-71
-200
-96
267
401
69
-322
-272
213
536
279
-241
-371
55
532
401
-155
-450
-92
477
544
-8
-516
-334
324
615
167
-465
-509
8
524
391
-275
-601
-248
293
423
19
-385
-335
12
263
160
-168
-311
-127
147
196
-36
-282
-250
38
236
106
-141
-223
-49
175
190
13
-131
-64
129
204
134
23
-58
-32
59
195
194
30
-152
-156
36
224
178
-83
-267
-193
60
239
83
-259
-405
-102
304
304
-162
-541
-345
235
453
-39
-594
-422
227
481
-9
-602
-478
203
576
185
-484
-569
47
531
352
-182
-453
-189
331
475
137
-312
-355
65
420
283
-113
-297
-88
272
335
17
-225
-153
141
289
155
-83
-169
-65
146
223
29
-231
-218
22
200
78
-206
-284
-102
96
81
-64
-158
-169
-90
5
93
116
-26
-204
-170
71
311
201
-118
-291
-44
337
377
9
-325
-182
247
473
227
-211
-332
50
503
375
-168
-416
-24
507
471
-127
-537
-203
443
561
-28
-552
-372
191
503
201
-366
-531
-135
334
377
-61
-425
-307
91
326
131
-264
-361
-54
255
170
-165
-311
-126
129
167
-31
-156
-113
46
134
79
12
-34
-9
81
164
142
14
-58
-5
123
194
133
-20
-141
-98
52
200
160
-78
-263
-179
89
224
49
-286
-384
-37
340
208
-258
-508
-215
251
318
-122
-496
-300
200
355
-25
-472
-421
111
484
206
-372
-530
-31
489
388
-169
-481
-199
385
532
94
-378
-336
136
414
229
-133
-266
-36
256
267
-4
-210
-101
159
274
134
-114
-176
-6
178
167
-80
-247
-104
119
144
-50
-229
-188
-34
41
27
-69
-128
-157
-91
55
118
40
-120
-159
-25
148
157
32
-82
-64
43
183
187
17
-166
-88
196
364
193
-190
-257
133
499
254
-269
-370
128
607
390
-294
-575
-92
551
535
-96
-575
-384
208
562
230
-415
-596
-142
426
456
-115
-529
-352
185
416
77
-355
-373
30
300
153
-186
-353
-159
142
200
54
-170
-231
-5
236
221
3
-185
-110
180
317
123
-96
-95
39
174
171
112
-5
-122
-132
32
232
182
-137
-311
-141
160
236
-22
-359
-328
56
354
154
-314
-502
-195
285
346
-147
-563
-305
291
412
-133
-613
-390
314
586
31
-614
-499
268
637
210
-424
-508
43
565
431
-150
-441
-205
267
442
134
-236
-281
37
351
286
-72
-297
-117
267
363
79
-247
-208
84
275
153
-109
-256
-144
102
179
6
-240
-284
-65
135
117
-90
-245
-189
-19
98
78
1
-72
-132
-81
102
243
156
-113
-256
-33
350
408
-37
-391
-215
342
567
158
-355
-319
230
571
247
-308
-391
131
576
357
-247
-496
-86
483
497
-102
-540
-308
261
479
94
-411
-440
-9
341
218
-161
-328
-126
126
169
-7
-226
-211
12
165
82
-141
-254
-121
91
153
10
-170
-155
90
241
93
-147
-166
83
270
185
-25
-117
2
159
187
111
3
-47
-75
-15
119
148
12
-186
-187
-7
152
120
-113
-308
-238
115
292
73
-337
-468
-109
356
302
-260
-620
-229
400
409
-219
-671
-322
381
543
-22
-569
-442
179
517
273
-240
-484
-133
423
484
41
-414
-310
187
460
213
-207
-302
7
339
278
-75
-274
-84
239
302
74
-166
-169
38
219
161
-96
-232
-101
94
142
-39
-220
-192
-37
77
6
-88
-124
-145
-103
11
141
101
-118
-253
-76
240
287
18
-277
-206
203
450
206
-222
-339
6
400
411
11
-313
-169
293
471
132
-301
-274
234
557
236
-346
-459
77
583
391
-304
-585
-152
424
453
-75
-549
-400
154
462
203
-313
-465
-125
287
304
-76
-414
-257
160
338
59
-353
-361
-2
292
156
-159
-264
-66
215
255
-3
-179
-96
118
222
162
23
-54
-40
79
181
184
38
-112
-149
-10
211
212
-12
-269
-226
57
245
122
-213
-377
-151
222
301
-68
-419
-369
38
340
137
-364
-485
-51
357
228
-276
-534
-177
348
397
-105
-536
-323
279
503
146
-327
-447
13
499
411
-121
-457
-179
327
432
48
-286
-228
127
339
183
-149
-227
-2
262
243
11
-154
-99
74
171
88
-115
-179
-38
116
84
-115
-227
-161
-4
70
6
-97
-148
-155
-68
76
122
21
-146
-159
2
182
165
-21
-135
-53
119
235
169
-56
-200
-58
268
378
98
-251
-184
245
455
145
-320
-276
260
591
199
-416
-448
132
565
335
-270
-490
-137
307
356
-1
-377
-341
36
309
159
-201
-329
-101
194
205
-79
-295
-164
110
162
-46
-203
-148
2
76
28
-27
-66
-82
11
122
133
-6
-91
-16
159
238
99
-94
-102
79
232
194
19
-126
-123
19
164
179
-14
-226
-212
39
204
83
-190
-324
-136
177
234
-49
-364
-352
11
324
153
-360
-532
-70
441
276
-338
-630
-181
487
499
-193
-685
-348
426
636
52
-530
-422
197
594
279
-259
-418
-75
368
383
17
-300
-232
134
384
207
-158
-306
-33
309
324
12
-230
-159
93
258
104
-176
-236
-58
144
162
-74
-285
-262
-9
178
94
-151
-290
-173
61
174
72
-102
-148
-89
47
161
151
17
-156
-135
138
375
194
-202
-295
25
438
414
-25
-367
-140
363
471
13
-380
-155
378
522
36
-439
-322
212
536
235
-345
-477
-83
400
405
-112
-522
-322
200
401
80
-341
-352
12
235
129
-145
-276
-82
119
133
-21
-209
-207
-15
140
106
-59
-195
-96
162
226
25
-175
-123
138
273
160
-12
-75
3
88
136
171
52
-113
-163
13
219
203
-73
-284
-153
116
202
24
-229
-324
-96
246
226
-125
-446
-350
106
389
81
-462
-499
29
459
190
-433
-555
-13
496
336
-302
-573
-164
400
441
-2
-344
-302
105
407
296
-117
-348
-152
259
394
115
-258
-279
95
375
206
-147
-237
6
266
229
-21
-179
-82
109
197
49
-175
-181
-14
161
104
-157
-287
-152
81
97
-18
-174
-197
-90
27
98
63
-65
-147
-133
77
254
139
-141
-231
15
318
296
-11
-267
-121
224
378
164
-171
-223
91
427
327
-160
-387
-48
492
521
-45
-536
-305
328
600
141
-447
-456
22
439
313
-221
-480
-218
201
334
49
-295
-301
-32
200
154
-98
-291
-153
115
189
-22
-253
-205
17
151
60
-65
-147
-51
100
156
60
-71
-71
43
181
201
95
-70
-111
47
241
248
12
-214
-168
101
260
148
-122
-280
-141
123
220
51
-281
-366
-49
305
229
-200
-488
-270
226
351
-65
-520
-372
181
412
22
-508
-456
96
498
233
-368
-540
-66
466
404
-109
-455
-253
293
519
145
-347
-341
105
419
240
-158
-285
-23
309
254
-49
-219
-76
181
252
110
-116
-134
23
177
107
-40
-137
-115
25
82
14
-137
-189
-96
-23
32
9
-82
-172
-161
-9
140
126
-62
-230
-150
114
267
137
-95
-186
-33
214
264
65
-188
-166
119
366
281
-71
-290
-39
403
400
-91
-374
-58
470
465
-101
-490
-229
379
580
38
-497
-394
131
467
262
-275
-508
-177
273
361
-5
-377
-303
59
275
109
-234
-301
-39
186
133
-144
-283
-89
127
93
-38
-133
-91
47
154
110
-31
-124
-66
153
274
160
-63
-132
10
171
212
88
-53
-106
-24
73
141
96
-95
-209
-117
81
161
29
-211
-318
-70
236
192
-152
-411
-257
124
291
-4
-393
-346
59
318
47
-392
-450
14
467
294
-314
-568
-113
434
431
-78
-468
-240
283
469
170
-255
-354
-30
349
337
-4
-231
-183
105
314
172
-127
-216
-6
267
253
-30
-197
-101
116
201
55
-144
-171
-51
104
84
-82
-219
-184
-22
110
60
-120
-238
-174
27
181
120
-90
-219
-124
122
246
112
-99
-198
-25
256
340
33
-302
-204
225
511
255
-263
-372
117
546
312
-258
-382
101
553
375
-218
-497
-95
465
474
-66
-505
-300
240
431
109
-383
-417
10
356
223
-195
-368
-143
168
222
-26
-289
-203
72
183
31
-170
-219
-70
99
102
-42
-162
-136
77
221
98
-126
-133
77
252
177
-38
-92
28
154
132
34
42
85
-13
-129
-50
164
198
-38
-268
-198
100
247
17
-297
-321
11
284
145
-240
-432
-188
230
298
-156
-540
-279
322
388
-167
-625
-346
351
563
0
-606
-481
244
594
210
-361
-468
-30
459
419
-36
-360
-244
194
394
143
-192
-230
17
303
258
-71
-274
-54
270
303
11
-232
-131
134
236
102
-140
-233
-74
134
159
-47
-256
-235
-18
150
70
-116
-220
-149
-17
54
49
36
-6
-133
-156
42
247
178
-86
-254
-57
316
369
2
-294
-173
254
445
164
-214
-256
123
435
274
-170
-311
31
454
368
-153
-457
-138
418
480
-59
-491
-294
209
417
123
-348
-419
-38
308
227
-131
-319
-184
87
202
32
-212
-225
-22
168
107
-140
-247
-112
79
136
0
-142
-114
54
150
91
-29
-71
10
135
182
94
4
-52
-8
110
187
134
-29
-159
-85
100
211
97
-139
-243
-85
138
176
-24
-289
-284
21
288
127
-282
-469
-161
287
292
-174
-543
-232
283
345
-126
-555
-345
265
511
43
-502
-473
121
568
303
-288
-513
-83
502
489
-77
-488
-268
332
506
119
-312
-295
91
370
225
-138
-254
-35
249
286
43
-169
-129
64
181
111
-100
-196
-77
94
137
-37
-230
-205
-32
63
26
-80
-141
-111
-74
6
98
82
-67
-178
-84
133
205
80
-101
-171
15
260
244
-28
-216
-101
252
417
153
-249
-279
147
493
296
-230
-377
94
532
346
-244
-491
-52
513
443
-164
-520
-224
287
416
19
-407
-361
52
326
161
-203
-322
-96
135
175
-17
-253
-198
68
174
34
-201
-244
-48
147
99
-75
-142
-59
88
141
43
-72
-76
26
194
207
45
-72
-50
84
186
147
28
-80
-68
-9
58
126
92
-108
-213
-68
124
162
-53
-315
-289
65
301
111
-307
-435
-113
283
238
-244
-520
-153
363
318
-265
-641
-234
443
517
-121
-653
-406
347
650
132
-485
-438
139
542
301
-242
-381
-20
348
266
-61
-186
-39
153
183
37
-74
-74
57
157
148
25
-89
-80
56
176
84
-132
-207
-38
171
129
-115
-282
-168
64
130
-31
-190
-195
-67
18
70
53
-21
-99
-136
-17
152
206
23
-160
-129
88
283
209
-86
-260
-34
319
411
56
-328
-213
303
537
138
-397
-312
294
629
228
-425
-504
106
607
393
-263
-539
-199
325
457
35
-455
-454
27
436
293
-207
-462
-201
199
287
-4
-303
-263
32
204
91
-146
-270
-143
109
190
22
-175
-174
25
215
163
-65
-164
4
197
215
69
-66
-44
67
114
150
111
-11
-140
-110
85
235
110
-163
-280
-85
144
198
-48
-314
-249
60
257
87
-274
-387
-135
212
239
-177
-452
-183
225
254
-180
-485
-211
299
392
-62
-465
-326
203
429
136
-270
-309
28
358
305
-56
-300
-151
183
347
132
-178
-240
49
329
202
-116
-244
2
286
237
-29
-185
-85
119
192
72
-150
-184
-12
102
96
-82
-222
-158
-3
78
25
-110
-193
-145
-29
90
129
30
-145
-212
-35
225
258
10
-258
-156
189
362
144
-207
-232
79
359
287
-44
-262
-74
328
415
23
-316
-159
307
479
125
-363
-361
143
542
291
-306
-497
-112
384
406
-102
-511
-320
197
403
100
-328
-369
-13
256
162
-141
-327
-148
187
234
-71
-351
-245
106
252
61
-215
-241
32
237
133
-115
-149
45
216
184
24
-69
-2
81
97
97
109
79
-20
-84
-71
70
152
53
-130
-175
-57
98
151
-40
-272
-270
52
290
83
-321
-429
-77
290
228
-265
-498
-140
339
279
-244
-556
-216
376
439
-109
-569
-349
258
524
187
-331
-453
-2
493
402
-78
-409
-238
266
430
106
-262
-234
135
344
153
-164
-209
62
276
218
-43
-183
-82
139
219
56
-178
-219
-23
160
117
-117
-266
-180
42
140
13
-174
-214
-104
21
76
98
2
-136
-178
-2
189
179
-5
-139
-88
113
265
160
-103
-220
-12
306
369
54
-296
-177
292
486
93
-367
-262
299
598
177
-433
-453
158
611
318
-368
-545
-48
467
366
-174
-476
-237
165
276
56
-234
-229
-35
131
100
-77
-201
-113
69
108
-49
-186
-157
16
81
18
-53
-84
-60
77
110
42
-52
-68
52
202
178
36
-89
-54
119
220
149
-25
-128
-81
65
155
91
-55
-187
-137
52
159
50
-171
-279
-107
179
209
-103
-391
-273
113
310
6
-444
-395
127
405
77
-461
-532
41
550
333
-361
-644
-132
517
493
-97
-536
-311
296
575
192
-332
-412
41
455
331
-144
-330
-97
249
324
58
-195
-172
74
255
210
-35
-173
-71
144
195
4
-208
-163
74
188
11
-229
-223
-26
98
14
-137
-158
-83
-43
-8
25
48
13
-107
-140
1
189
183
-28
-189
-107
149
345
203
-186
-311
33
420
398
-49
-393
-143
438
519
-27
-422
-150
402
507
11
-445
-280
272
500
139
-351
-381
12
315
261
-96
-388
-257
120
314
109
-256
-315
-49
194
158
-121
-271
-97
143
148
-100
-278
-178
79
171
57
-132
-200
-40
176
190
5
-157
-81
175
273
94
-122
-91
122
211
128
5
-1
-4
-33
-24
72
128
21
-171
-169
26
166
44
-202
-278
-51
183
146
-127
-319
-207
65
204
-31
-348
-280
92
281
-13
-418
-402
83
463
194
-376
-511
-25
453
372
-81
-418
-253
231
440
187
-188
-288
-57
270
303
19
-208
-175
132
299
110
-156
-167
88
275
161
-74
-161
1
151
137
-19
-151
-115
19
90
15
-132
-194
-81
31
54
-30
-129
-166
-105
9
79
84
-11
-142
-153
51
239
150
-92
-232
-70
269
381
74
-272
-266
148
462
293
-165
-312
14
430
353
-111
-362
-40
435
454
-23
-453
-265
287
520
120
-402
-395
67
395
226
-235
-433
-144
253
297
-65
-347
-220
81
203
46
-189
-214
-73
99
107
-55
-186
-142
16
67
18
-101
-112
10
150
106
-62
-125
31
212
207
35
-96
-37
93
168
145
44
-46
-52
-8
46
102
68
-57
-146
-90
31
102
18
-150
-230
-97
133
177
-57
-327
-309
27
321
95
-394
-438
31
379
106
-423
-481
33
458
258
-324
-535
-134
449
460
-76
-451
-268
253
491
184
-269
-346
30
374
272
-76
-252
-83
197
243
30
-119
-80
91
197
120
-24
-90
-44
70
147
62
-139
-203
-33
165
117
-143
-294
-142
86
127
-38
-204
-204
-50
98
88
4
-84
-104
-62
63
135
89
-53
-116
17
194
198
10
-147
-84
161
310
164
-121
-174
79
351
240
-141
-287
70
468
381
-161
-482
-142
433
514
-38
-482
-315
169
423
160
-312
-412
-76
258
226
-71
-298
-203
53
195
47
-182
-233
-29
158
95
-124
-236
-105
68
95
-19
-119
-111
17
145
131
-47
-127
6
206
228
53
-109
-74
113
214
135
-15
-72
-20
59
58
43
14
-53
-81
-55
5
49
15
-115
-212
-69
140
117
-164
-311
-174
136
204
-107
-414
-225
194
301
-90
-491
-340
191
466
112
-459
-491
62
505
312
-227
-426
-143
349
433
84
-299
-280
86
331
226
-64
-229
-82
216
250
45
-147
-138
82
270
172
-60
-177
-54
146
198
-4
-221
-166
49
179
44
-219
-251
-49
105
60
-79
-162
-146
-66
26
90
80
-69
-176
-98
108
227
80
-140
-146
53
257
218
-47
-218
-69
228
340
150
-162
-200
127
400
188
-221
-244
188
509
241
-300
-420
56
503
357
-197
-452
-158
239
320
51
-265
-304
-69
175
191
-36
-257
-199
34
175
79
-167
-210
-47
109
86
-90
-224
-139
62
127
40
-110
-156
-21
153
138
-12
-121
-8
195
212
25
-102
-29
126
180
110
6
-33
-38
-38
29
123
100
-63
-202
-120
104
168
-13
-240
-255
4
218
96
-201
-352
-169
132
208
-85
-343
-229
121
223
-107
-412
-272
204
381
20
-427
-378
134
435
181
-218
-326
-51
302
304
47
-216
-179
70
241
192
-36
-176
-55
157
216
45
-127
-86
116
205
91
-71
-64
47
112
43
-56
-86
-28
14
5
-23
-95
-140
-98
-14
29
-19
-94
-107
-84
-19
57
59
-43
-124
-80
91
173
68
-86
-91
71
227
198
-60
-195
-25
243
322
86
-198
-171
202
435
137
-263
-225
184
464
254
-230
-395
-14
435
371
-147
-480
-191
323
397
-51
-461
-353
160
403
111
-336
-392
3
293
162
-191
-347
-104
197
196
-66
-300
-227
38
198
77
-139
-197
-63
140
184
15
-110
-94
87
208
172
29
-59
-46
35
134
174
86
-50
-99
-41
102
142
40
-157
-171
17
125
66
-111
-202
-156
14
138
62
-183
-301
-159
139
167
-122
-337
-185
158
213
-148
-437
-226
250
377
-25
-425
-332
150
400
174
-205
-329
-38
326
322
-2
-258
-166
167
290
106
-145
-165
76
261
137
-110
-147
54
228
156
-40
-108
-25
80
111
51
-41
-102
-73
43
68
-58
-196
-162
-11
73
15
-106
-143
-93
-33
-2
54
79
-13
-172
-135
109
251
133
-145
-228
21
340
306
-53
-317
-127
288
468
157
-281
-333
139
542
308
-265
-408
102
580
363
-281
-528
-35
540
447
-172
-525
-199
288
351
16
-364
-306
36
236
144
-116
-264
-151
76
175
37
-173
-205
-51
124
85
-97
-206
-120
45
100
16
-126
-105
36
130
77
-31
-70
56
184
145
14
-68
2
97
129
122
38
-40
-81
-27
80
138
58
-130
-182
-45
106
139
-64
-289
-204
96
235
24
-292
-360
-64
260
158
-284
-442
-36
335
161
-341
-517
-95
421
375
-186
-559
-255
338
466
60
-365
-313
106
405
241
-112
-274
-89
242
275
37
-137
-110
56
197
114
-37
-91
-20
117
182
94
-55
-108
-24
122
138
-15
-174
-148
38
144
-4
-212
-195
-3
72
-1
-96
-106
-85
-84
-31
104
127
-77
-228
-92
179
256
55
-164
-166
76
315
233
-107
-277
-65
313
391
95
-271
-201
251
430
85
-295
-185
295
492
111
-401
-347
228
558
188
-410
-419
33
388
275
-185
-439
-191
219
299
-18
-298
-243
28
223
107
-171
-290
-90
194
200
-101
-318
-200
101
194
1
-183
-166
32
193
122
-56
-151
-47
179
250
107
-91
-82
66
170
143
52
12
-23
-68
-48
73
166
77
-156
-222
-47
177
156
-123
-331
-179
145
248
-14
-336
-343
-12
276
122
-295
-432
-44
296
173
-285
-493
-155
373
399
-145
-550
-323
307
548
99
-429
-385
138
476
312
-175
-378
-97
298
323
0
-209
-134
138
275
99
-158
-138
94
252
160
-59
-156
-27
151
171
-6
-141
-104
13
90
6
-113
-162
-132
-25
57
39
-63
-177
-188
-55
106
152
19
-174
-187
27
211
188
-22
-159
-93
139
305
141
-170
-221
70
332
264
-35
-230
-42
342
332
-53
-286
-58
338
404
52
-343
-247
186
434
156
-274
-333
-32
273
277
-100
-400
-249
151
278
46
-233
-239
-20
158
76
-145
-197
-39
112
55
-121
-170
-70
46
29
-68
-99
-20
55
66
28
-17
-14
49
74
67
94
81
43
-22
-33
96
217
142
-80
-213
-75
192
273
5
-297
-235
70
243
82
-210
-344
-104
229
241
-90
-400
-325
70
345
96
-427
-444
54
407
120
-430
-542
-13
522
363
-321
-637
-207
471
537
-55
-504
-303
216
487
236
-207
-331
-13
303
262
-29
-186
-73
167
234
31
-134
-67
113
179
68
-35
-51
36
84
67
-10
-89
-83
-35
63
56
-94
-193
-131
7
55
2
-115
-142
-94
-34
23
66
47
-64
-152
-65
143
207
51
-125
-134
82
252
171
-76
-180
7
257
311
30
-234
-99
295
383
9
-309
-116
358
475
-4
-452
-262
340
550
93
-469
-436
122
491
250
-306
-492
-124
283
311
-52
-352
-262
64
249
76
-223
-266
-32
180
117
-136
-254
-127
69
105
7
-88
-104
-19
93
113
6
-67
-29
100
167
132
29
-22
-21
52
137
155
77
-56
-146
-61
119
217
80
-208
-278
-69
223
228
-116
-404
-237
179
325
5
-419
-386
53
347
99
-410
-452
79
406
97
-426
-518
-7
504
318
-310
-555
-122
428
395
-71
-373
-226
202
398
152
-189
-249
37
273
208
-25
-179
-85
160
187
33
-105
-55
123
191
96
-64
-101
-8
124
132
-20
-147
-101
27
107
-22
-192
-181
-27
93
29
-108
-144
-115
-60
-8
29
59
33
-104
-161
-4
191
165
-33
-160
-69
173
281
108
-154
-173
85
334
257
-57
-248
-11
361
322
-91
-314
22
458
396
-168
-488
-123
433
506
-34
-484
-316
202
402
104
-315
-381
-59
264
232
-91
-343
-220
112
268
81
-252
-314
-36
230
172
-149
-310
-151
97
164
-3
-156
-127
39
172
95
-50
-91
-8
153
192
69
-44
-31
58
107
125
102
32
-45
-108
-35
135
206
20
-252
-254
28
267
131
-257
-390
-79
299
232
-179
-438
-238
160
275
-74
-408
-282
141
296
-39
-441
-358
144
429
118
-378
-440
50
420
256
-170
-346
-103
292
370
46
-281
-219
142
345
178
-153
-258
-9
288
268
-24
-241
-128
189
313
125
-150
-171
36
184
119
-59
-157
-87
35
87
-21
-118
-145
-96
-16
23
7
-57
-156
-162
-48
94
152
19
-167
-170
23
211
190
-8
-196
-111
170
347
138
-203
-240
96
398
291
-97
-293
-8
390
329
-120
-295
18
421
382
-117
-443
-145
357
465
25
-424
-333
137
387
167
-268
-421
-118
243
275
-56
-317
-195
94
179
9
-217
-189
55
150
13
-181
-207
-50
99
90
-42
-149
-118
70
184
92
-93
-150
27
224
205
27
-94
-50
108
166
124
27
-14
-43
-41
40
110
85
-71
-163
-88
61
104
-17
-155
-179
-47
92
86
-66
-264
-226
45
188
-20
-341
-285
131
302
-48
-476
-363
192
492
113
-476
-516
86
528
314
-215
-450
-155
347
466
60
-326
-245
121
330
192
-101
-232
-36
242
247
-24
-199
-58
181
242
82
-92
-129
10
134
149
-11
-156
-137
26
116
33
-177
-261
-86
129
139
-71
-245
-183
5
74
43
-16
-38
-66
-46
39
123
86
-12
-83
-46
138
255
90
-148
-165
75
309
263
-43
-238
-16
343
304
-68
-261
-19
387
376
-79
-433
-170
372
506
-15
-478
-319
168
404
147
-304
-378
-48
235
206
-80
-265
-169
49
157
30
-173
-189
0
137
44
-157
-220
-84
91
90
-15
-126
-102
44
139
63
-49
-68
50
167
147
24
-46
12
102
103
82
68
37
-35
-82
-8
94
104
-8
-132
-137
16
129
38
-176
-249
-52
170
135
-139
-331
-184
139
199
-165
-391
-158
221
219
-193
-450
-203
251
352
-29
-418
-310
141
399
173
-245
-333
14
343
289
-49
-267
-159
167
309
107
-143
-161
42
220
150
-55
-111
-2
145
167
53
-80
-54
69
122
63
-87
-155
-41
90
85
-96
-210
-122
54
60
-49
-169
-111
1
6
-68
-46
62
55
-85
-151
8
190
157
-13
-146
-70
199
276
48
-225
-152
194
376
189
-172
-269
115
451
260
-213
-311
116
487
284
-245
-417
-4
482
387
-175
-454
-159
236
327
39
-313
-329
-11
222
171
-96
-230
-162
55
171
36
-171
-214
-36
143
105
-118
-279
-138
122
177
0
-220
-190
81
252
149
-91
-193
-28
216
271
84
-114
-130
68
211
190
41
-76
-100
-17
91
128
48
-111
-188
-61
105
152
-10
-233
-262
-16
198
108
-171
-318
-166
128
171
-134
-355
-133
202
173
-202
-430
-182
274
358
-62
-448
-327
159
444
182
-276
-365
-5
345
329
0
-255
-177
88
266
148
-48
-138
-35
139
179
54
-88
-82
70
198
145
-25
-102
-51
76
147
27
-134
-151
-24
91
27
-114
-176
-115
36
89
-19
-167
-229
-101
90
197
52
-179
-203
6
210
202
-30
-173
-83
142
260
137
-101
-182
5
259
295
60
-184
-138
208
391
114
-259
-196
236
469
174
-322
-350
119
476
262
-261
-415
-63
302
289
-80
-388
-252
127
292
92
-239
-293
-40
179
137
-150
-253
-61
136
81
-92
-203
-120
44
86
-15
-111
-61
10
74
63
3
-60
-16
98
176
103
-19
-20
43
88
89
62
60
38
-30
-62
-12
102
75
-60
-137
-76
40
79
-15
-148
-170
-54
87
68
-80
-262
-214
70
195
-85
-356
-190
174
197
-162
-424
-185
285
372
-97
-491
-281
267
438
66
-303
-297
86
380
240
-107
-268
-84
191
244
80
-100
-100
62
175
83
-62
-35
81
114
73
-11
-3
48
59
41
-10
-63
-77
-36
26
27
-36
-135
-149
-42
59
25
-97
-149
-122
-32
10
51
48
-16
-106
-105
39
174
138
-34
-139
-55
182
270
68
-176
-125
163
316
141
-127
-150
133
329
144
-180
-168
197
410
137
-277
-293
115
430
229
-232
-395
-84
303
284
-107
-348
-218
111
256
32
-214
-216
-16
122
76
-103
-204
-84
96
106
-47
-230
-186
45
149
48
-130
-164
-33
134
167
8
-126
-67
114
229
143
-23
-114
5
145
160
98
-21
-45
-36
10
69
87
32
-103
-149
-55
120
135
-93
-285
-160
92
193
1
-278
-301
-26
230
107
-296
-389
-18
308
133
-345
-464
-33
430
292
-281
-527
-135
392
396
-57
-367
-250
185
397
170
-150
-254
-19
227
226
9
-146
-87
107
202
96
-89
-141
21
222
215
7
-146
-106
65
206
119
-146
-233
-53
173
155
-109
-306
-202
54
175
38
-181
-237
-120
32
108
59
-29
-117
-145
13
204
186
-29
-194
-92
165
305
151
-162
-268
14
354
354
-11
-276
-113
294
415
37
-298
-172
321
487
73
-419
-322
239
536
185
-386
-453
50
411
259
-198
-413
-178
194
276
4
-263
-211
17
133
61
-91
-180
-94
49
96
-18
-164
-149
-3
69
5
-38
-72
-27
34
78
37
-16
-12
47
136
132
53
-17
-26
44
125
173
84
-80
-145
-64
130
216
50
-209
-237
4
184
118
-133
-286
-149
120
190
-62
-290
-228
38
170
-18
-294
-239
65
219
-16
-337
-339
34
356
183
-265
-435
-75
343
315
-56
-340
-204
182
378
161
-173
-271
-3
285
246
-58
-199
-78
188
240
45
-152
-99
102
218
121
-55
-113
26
139
86
-60
-138
-64
55
72
-15
-117
-154
-72
0
13
-24
-76
-124
-134
-54
51
107
43
-116
-156
-6
159
159
16
-98
-46
85
185
106
-70
-117
46
230
228
46
-142
-56
222
248
-28
-191
38
364
313
-109
-385
-127
353
435
7
-417
-273
138
342
148
-237
-336
-95
196
198
-73
-267
-149
100
168
17
-212
-209
22
154
42
-160
-205
-55
70
51
-35
-109
-90
17
111
84
1
-66
-42
115
197
128
-10
-94
-12
134
175
97
-5
-50
-65
-15
95
135
6
-161
-149
23
111
38
-109
-204
-101
96
122
-50
-258
-263
-8
191
46
-255
-287
-4
207
38
-310
-334
23
335
157
-274
-413
-54
334
294
-83
-347
-131
237
337
82
-177
-196
55
222
151
-25
-130
-11
163
131
-17
-72
11
125
133
73
-42
-53
37
70
77
22
-78
-102
-37
58
60
-74
-202
-160
5
86
3
-130
-165
-80
17
46
33
25
-48
-112
-40
108
167
79
-124
-148
55
294
222
-115
-254
5
325
313
14
-252
-88
303
349
-9
-273
-52
376
398
-81
-436
-192
369
503
5
-455
-306
164
391
139
-299
-352
-40
216
153
-83
-209
-115
43
86
-32
-127
-75
-8
17
-31
-76
-72
-45
-18
-26
-27
-27
-35
-12
62
74
13
-42
-18
106
165
109
-26
-61
36
105
119
103
72
-46
-129
-69
113
199
45
-202
-216
-6
174
117
-108
-288
-188
107
213
7
-296
-304
13
248
37
-351
-326
86
306
1
-429
-403
111
484
177
-392
-525
-46
494
394
-171
-464
-177
327
445
78
-290
-253
101
326
191
-91
-202
-53
214
239
11
-182
-120
140
278
146
-108
-184
-16
193
203
-9
-233
-173
40
179
55
-170
-224
-122
45
86
-18
-134
-150
-106
-25
76
111
1
-161
-151
54
230
149
-70
-198
-39
231
274
38
-213
-136
174
357
187
-137
-247
70
399
279
-159
-288
64
443
322
-194
-426
-20
437
363
-157
-412
-140
243
289
-31
-315
-256
40
206
101
-133
-179
-57
68
86
-45
-172
-112
67
112
-57
-212
-147
55
145
14
-172
-178
41
187
95
-98
-115
15
167
177
45
-59
1
94
109
55
22
87
105
-19
-137
-61
127
198
11
-204
-194
19
179
86
-167
-273
-92
135
142
-97
-304
-214
91
209
-71
-381
-241
169
272
-104
-446
-299
181
399
90
-387
-443
22
440
309
-146
-390
-172
265
421
126
-239
-274
56
306
210
-54
-185
-52
142
190
42
-90
-49
106
173
59
-76
-49
85
139
55
-109
-159
-25
114
80
-100
-199
-110
33
47
-58
-119
-95
-39
-79
-99
20
130
59
-113
-174
18
224
154
-42
-149
-51
138
216
103
-90
-130
67
265
222
-22
-186
-1
303
267
-69
-243
54
411
295
-178
-409
-54
408
382
-78
-407
-232
209
328
33
-298
-299
-5
230
147
-133
-258
-119
101
163
-1
-200
-193
-4
150
57
-147
-208
-80
86
70
-45
-106
-73
32
115
93
-37
-100
10
185
192
54
-91
-58
83
173
119
28
-2
-49
-44
37
123
102
-74
-193
-123
54
172
34
-210
-269
-55
168
156
-133
-329
-180
136
185
-119
-361
-154
197
222
-202
-499
-221
322
438
-80
-549
-360
284
544
129
-413
-414
110
469
276
-171
-314
-17
290
219
-67
-221
-57
218
284
25
-230
-160
146
318
162
-124
-193
-6
191
190
13
-197
-153
48
154
45
-163
-221
-87
74
76
-57
-159
-139
-36
29
-25
-58
15
75
-18
-120
-48
115
168
54
-109
-132
78
256
168
-111
-149
45
271
238
-47
-193
69
322
189
-140
-178
142
387
199
-247
-344
61
417
307
-175
-409
-118
291
302
-75
-350
-242
85
259
94
-213
-276
-53
168
152
-83
-250
-143
104
164
-31
-203
-183
9
103
41
-103
-144
-36
141
125
-20
-117
-25
145
203
68
-64
-26
99
135
67
12
36
65
0
-87
-15
119
129
-34
-199
-146
68
185
29
-261
-256
-1
233
103
-206
-351
-137
198
199
-186
-428
-141
264
244
-222
-496
-186
318
386
-84
-503
-320
215
425
143
-245
-312
-6
297
259
-3
-205
-124
105
209
118
-60
-136
-3
171
168
-28
-119
-16
142
178
46
-70
-24
61
89
41
-66
-126
-47
78
48
-80
-156
-95
-1
3
-68
-106
-55
-15
-66
-108
-7
114
73
-94
-171
-19
201
181
-24
-150
-60
147
237
42
-137
-90
131
268
138
-102
-118
144
292
87
-181
-115
234
396
114
-311
-295
144
450
225
-226
-380
-29
297
219
-129
-338
-145
160
219
-25
-242
-189
63
177
33
-191
-243
-29
198
125
-129
-287
-155
132
190
-16
-214
-176
54
201
126
-90
-189
-13
226
248
30
-128
-41
116
172
89
-14
2
75
45
-56
-53
35
88
-12
-119
-76
35
68
-8
-154
-180
-28
136
54
-157
-251
-107
103
82
-186