#4
-146
-437
-489
-254
-6
-17
-235
-382
-304
-91
14
-101
-286
-305
-89
103
15
-241
-332
-123
119
145
-133
-362
-286
32
200
12
-300
-411
-201
89
117
-185
-535
-465
-57
181
-74
-531
-635
-339
24
50
-319
-619
-489
-157
-8
-149
-401
-477
-282
-103
-132
-240
-256
-248
-239
-164
-98
-97
-154
-211
-166
-46
-33
-157
-196
-113
20
91
-71
-301
-253
34
231
97
-254
-451
-206
190
274
-85
-472
-425
-52
202
23
-344
-418
-211
-1
-28
-261
-386
-271
-112
-90
-218
-364
-394
-206
-18
-80
-310
-414
-286
-18
39
-172
-401
-356
-30
177
49
-254
-362
-132
198
219
-22
-272
-200
80
228
118
-132
-237
-73
158
162
-69
-259
-183
89
114
-69
-211
-221
-83
-12
-56
-142
-234
-263
-163
-47
-26
-187
-395
-369
-112
114
-43
-392
-532
-263
121
141
-219
-508
-398
-7
226
49
-304
-405
-153
137
130
-123
-284
-187
54
173
8
-162
-153
-6
150
126
-65
-179
-106
40
156
70
-166
-279
-122
150
162
-146
-447
-333
61
186
-118
-457
-493
-175
100
12
-326
-501
-306
-34
28
-169
-378
-369
-160
-27
-71
-216
-220
-167
-113
-50
-45
-84
-113
-122
-62
48
0
-119
-124
-22
110
142
-58
-238
-127
160
299
40
-291
-312
29
315
168
-197
-370
-181
107
151
-75
-281
-228
-82
13
-78
-229
-277
-181
-38
-30
-173
-373
-361
-102
75
-37
-301
-408
-205
64
106
-115
-342
-285
51
249
85
-259
-345
-31
323
317
-11
-286
-179
147
321
175
-110
-216
4
196
172
-22
-122
-71
38
36
-11
-48
-86
-111
-69
-10
-28
-140
-261
-176
32
76
-163
-414
-348
6
238
0
-452
-540
-173
243
191
-212
-500
-362
58
284
72
-279
-372
-65
232
148
-141
-244
-59
169
176
-12
-154
-75
99
209
128
-92
-147
-6
163
195
19
-198
-185
47
180
74
-219
-346
-134
128
108
-195
-387
-294
-71
7
-77
-227
-319
-251
-75
-34
-166
-276
-203
-79
-60
-143
-173
-113
-61
-53
-84
-92
-56
6
-11
-41
-15
3
-33
-26
28
127
124
-31
-131
-71
160
268
60
-211
-198
69
280
148
-158
-305
-136
117
175
-45
-277
-227
-27
84
-17
-213
-290
-162
19
3
-198
-347
-226
-11
47
-92
-291
-287
-119
47
85
-113
-292
-206
120
280
57
-284
-284
98
427
301
-126
-314
-49
310
376
80
-190
-133
133
302
157
-86
-167
4
182
149
-43
-156
-104
17
75
-15
-157
-161
-110
-40
3
-46
-160
-256
-214
-29
85
-46
-311
-381
-99
180
117
-211
-399
-247
118
263
-3
-291
-255
45
229
107
-116
-188
-43
181
215
45
-149
-119
114
319
219
-93
-217
-49
217
308
65
-222
-226
45
285
146
-227
-395
-126
220
201
-149
-468
-390
-40
182
12
-330
-427
-223
58
66
-152
-342
-241
-56
27
-57
-139
-118
-91
-51
-31
-32
-5
-25
-78
5
119
58
-63
-63
65
189
116
-85
-128
37
238
251
19
-211
-137
156
286
91
-192
-241
-23
187
122
-127
-284
-128
80
72
-78
-230
-219
-88
11
-46
-179
-247
-196
-61
12
-42
-178
-264
-148
52
103
-67
-261
-169
152
270
-13
-281
-158
201
379
157
-122
-172
112
322
233
-4
-94
10
174
234
87
-86
-60
102
149
25
-50
-51
-16
8
21
-35
-80
-123
-134
-36
53
-1
-175
-323
-222
88
192
-71
-403
-389
-11
246
104
-270
-399
-166
211
249
-67
-276
-163
96
183
62
-87
-115
16
163
160
51
-61
-38
135
281
166
-89
-150
11
253
260
15
-201
-150
115
274
83
-262
-343
-71
253
186
-200
-504
-333
92
262
-68
-426
-400
-92
124
5
-244
-296
-100
32
-55
-174
-114
-9
-32
-74
-48
-9
9
-12
-18
51
78
-5
-63
5
139
206
70
-94
-100
116
294
206
-58
-209
-65
219
270
36
-226
-180
76
211
43
-192
-226
-17
113
2
-170
-235
-161
16
44
-71
-246
-299
-134
89
78
-132
-326
-259
25
180
66
-235
-332
-46
322
277
-108
-319
-103
268
397
144
-164
-160
140
370
286
-26
-174
-30
257
300
70
-119
-68
130
177
52
-40
-59
-53
-9
24
23
-39
-147
-149
-16
88
-36
-242
-281
-70
160
89
-219
-408
-225
130
234
-32
-373
-316
32
261
143
-151
-245
-73
154
188
24
-160
-111
103
264
177
-58
-124
9
244
291
117
-143
-128
117
322
220
-83
-217
-73
183
278
16
-312
-295
47
280
84
-308
-452
-159
134
110
-160
-333
-280
-72
40
-38
-182
-215
-131
-32
-26
-93
-99
-43
-42
-56
-31
-2
24
20
-3
46
63
-10
-7
59
107
179
97
-99
-111
119
345
238
-121
-289
-42
314
371
6
-341
-236
130
296
78
-263
-293
-10
202
111
-173
-359
-216
107
166
-82
-352
-372
-57
238
142
-249
-462
-238
181
297
-23
-354
-309
71
369
231
-158
-309
-68
315
426
161
-176
-196
114
391
310
27
-138
-2
195
240
113
-27
-35
63
86
70
49
-12
-76
-65
5
88
36
-151
-208
-44
102
10
-180
-288
-105
117
92
-159
-361
-245
64
237
51
-286
-349
-76
242
217
-77
-244
-138
124
228
60
-143
-116
131
251
105
-56
-64
88
235
229
48
-83
-46
116
244
165
-34
-155
-52
161
224
12
-286
-273
60
269
62
-318
-434
-175
163
169
-173
-447
-346
11
195
38
-300
-416
-132
169
140
-148
-287
-138
54
144
41
-106
-126
-21
119
180
57
-114
-89
85
269
253
-39
-230
-69
300
423
125
-248
-243
96
378
262
-123
-313
-132
201
271
2
-282
-243
42
196
71
-209
-344
-140
139
132
-141
-372
-333
6
218
71
-231
-370
-164
121
202
-11
-275
-260
76
336
204
-156
-313
-22
404
429
55
-239
-127
276
427
184
-150
-135
177
344
157
-99
-91
127
234
98
-71
-93
21
72
39
-25
-70
-84
-85
-21
40
0
-108
-232
-188
21
136
-11
-291
-370
-133
214
237
-125
-405
-256
111
300
102
-240
-258
10
266
187
-98
-180
6
216
217
76
-69
-60
119
298
217
-5
-143
-46
204
349
147
-173
-252
34
329
258
-157
-426
-186
230
293
-46
-395
-385
-78
171
74
-225
-372
-229
21
97
-84
-285
-220
5
58
-67
-174
-95
7
-12
-29
-31
-18
2
18
52
119
74
-55
-46
83
223
190
-23
-147
31
281
300
56
-172
-110
114
246
171
-55
-195
-94
102
179
39
-167
-178
-25
79
47
-122
-219
-122
4
32
-96
-256
-241
-37
111
12
-201
-282
-140
87
157
-22
-253
-206
131
344
112
-235
-247
106
423
329
-34
-221
-16
303
402
154
-113
-122
105
337
225
-18
-117
27
156
149
63
-59
-105
-13
83
84
-33
-179
-169
8
135
53
-180
-350
-195
112
230
-22
-396
-432
-23
347
190
-241
-466
-201
244
349
-1
-340
-259
116
331
162
-155
-206
9
275
287
39
-164
-108
179
400
248
-101
-213
23
334
328
15
-240
-132
175
311
91
-267
-326
12
291
160
-239
-445
-265
99
233
-39
-382
-398
-90
165
104
-237
-406
-204
125
166
-100
-254
-170
2
85
65
-36
-97
-50
67
153
119
-33
-122
17
197
248
102
-131
-123
125
342
267
-14
-219
-127
179
356
186
-175
-306
-56
276
265
-92
-359
-204
152
253
-7
-324
-322
-24
203
96
-256
-446
-224
165
266
-43
-416
-388
6
307
192
-212
-419
-149
317
412
10
-366
-228
242
510
288
-139
-266
45
371
381
90
-142
-56
194
327
142
-88
-85
117
223
104
-30
-99
-37
79
79
4
-96
-137
-90
59
76
-56
-201
-252
-90
123
129
-119
-382
-311
67
273
77
-264
-377
-117
246
252
-39
-270
-188
118
281
117
-154
-185
71
296
233
-11
-150
-12
254
333
122
-138
-101
119
288
225
-14
-159
-69
114
233
96
-208
-296
-45
221
174
-158
-401
-288
21
185
2
-305
-361
-141
60
30
-136
-210
-135
-57
-39
-46
-30
-61
-136
-68
50
77
23
-55
-55
89
160
65
-71
-37
118
252
147
-97
-146
113
347
278
-33
-254
-103
274
401
82
-310
-272
99
325
146
-221
-306
-46
195
146
-128
-301
-183
63
106
-46
-261
-318
-130
132
160
-118
-365
-278
65
249
71
-245
-327
-4
335
297
-91
-317
-117
322
477
160
-204
-191
158
416
322
13
-155
-7
247
309
107
-108
-72
144
214
80
-66
-54
18
36
32
3
-64
-123
-103
14
85
-13
-227
-293
-34
215
102
-240
-448
-224
190
304
-18
-380
-366
12
332
227
-159
-347
-112
220
289
40
-214
-155
134
348
216
-81
-177
32
309
341
70
-160
-83
143
300
216
-41
-201
-67
208
261
12
-271
-258
55
293
90
-332
-444
-147
178
172
-163
-428
-294
11
131
-19
-239
-271
-87
46
7
-101
-102
-79
-42
28
41
-1
-37
-32
15
137
137
-16
-110
-11
202
327
112
-176
-187
172
442
271
-140
-325
-36
348
369
17
-305
-228
138
275
83
-217
-228
6
150
54
-146
-219
-140
10
63
-59
-239
-273
-79
90
60
-132
-257
-193
21
136
42
-183
-248
7
301
262
-93
-296
-67
332
436
124
-202
-161
190
413
299
-53
-179
57
305
275
27
-100
6
180
147
8
-35
-16
4
19
36
1
-55
-134
-120
25
94
-20
-226
-269
-85
145
137
-157
-380
-246
95
232
16
-277
-322
-12
278
173
-142
-270
-40
226
218
-43
-194
-40
212
267
107
-104
-99
127
335
302
4
-190
-71
209
373
188
-180
-256
35
355
265
-164
-408
-184
253
323
-74
-451
-380
4
207
52
-266
-373
-226
24
121
-45
-276
-284
-58
108
40
-132
-187
-103
30
99
27
-66
-72
34
104
137
53
-59
-47
60
227
236
1
-156
-39
244
372
145
-193
-234
111
363
222
-112
-241
-74
168
183
-23
-214
-149
56
145
3
-194
-229
-104
37
62
-78
-290
-287
-39
142
42
-207
-306
-115
138
167
-54
-256
-213
87
315
184
-151
-263
26
374
384
78
-203
-106
214
404
252
-60
-155
82
316
266
12
-126
-11
161
188
60
-71
-80
8
94
72
-58
-157
-138
8
114
23
-163
-254
-151
46
138
-23
-265
-328
-114
170
195
-114
-353
-241
122
292
59
-212
-228
10
226
173
-41
-130
-12
172
216
82
-43
-49
124
311
265
-35
-174
-35
243
353
140
-192
-226
69
350
224
-173
-378
-177
210
294
-41
-416
-406
-46
225
70
-272
-403
-210
77
107
-113
-302
-221
27
85
-69
-203
-133
22
88
16
-93
-69
30
72
84
88
17
-52
-13
111
251
193
-49
-173
-7
303
364
97
-225
-203
133
371
249
-120
-283
-87
171
200
-43
-219
-113
74
106
-29
-174
-211
-80
50
7
-147
-248
-181
-19
88
-5
-199
-262
-113
94
166
-6
-262
-243
131
369
160
-224
-303
79
460
394
3
-249
-81
290
448
222
-136
-176
128
383
246
-69
-189
23
280
241
-4
-170
-123
80
169
58
-104
-182
-119
45
113
-10
-195
-267
-128
132
174
-102
-398
-343
58
317
114
-280
-427
-113
285
292
-82
-307
-158
153
262
83
-146
-140
67
241
218
20
-110
-22
222
350
182
-125
-189
73
351
314
-15
-246
-138
173
358
145
-259
-397
-94
282
283
-128
-457
-358
14
215
29
-290
-359
-174
41
71
-86
-206
-191
-76
-21
-39
-62
-46
-43
-54
-37
35
86
-1
-94
-8
180
174
-8
-107
-6
230
284
48
-178
-71
272
398
99
-256
-212
155
424
253
-199
-358
-51
257
212
-59
-220
-115
47
76
-45
-161
-165
-65
31
-18
-156
-253
-179
19
120
-33
-256
-285
-70
181
157
-118
-303
-118
232
328
5
-274
-153
212
418
254
-73
-185
24
293
356
135
-107
-78
162
300
162
-28
-45
64
131
81
32
7
-32
-10
20
23
11
-99
-162
-42
95
57
-145
-311
-187
101
191
-44
-349
-343
-7
275
144
-269
-376
-110
233
246
-33
-265
-146
131
237
104
-103
-149
45
258
223
28
-123
-39
210
360
219
-85
-193
14
307
324
58
-205
-175
107
338
164
-244
-366
-54
268
208
-168
-418
-298
30
191
-12
-282
-348
-158
69
98
-119
-315
-226
-11
113
24
-141
-197
-84
92
147
-3
-139
-99
81
215
141
-104
-168
41
299
311
48
-220
-157
196
454
252
-161
-296
-22
351
366
12
-334
-222
136
303
112
-210
-285
-46
184
145
-79
-263
-266
-50
107
50
-172
-326
-207
83
143
-43
-319
-299
2
209
122
-137
-237
-98
173
272
45
-189
-117
155
362
273
-21
-163
-3
278
370
142
-83
-70
117
254
194
14
-57
26
105
114
79
10
-66
-70
11
90
13
-148
-180
-13
139
64
-188
-334
-133
156
177
-125
-402
-299
84
310
118
-283
-421
-127
267
317
-25
-321
-201
125
273
116
-108
-116
53
207
197
48
-49
17
190
270
107
-77
-55
115
256
210
-17
-173
-67
205
278
14
-304
-290
62
279
101
-268
-412
-224
89
164
-58
-313
-376
-126
135
111
-163
-354
-228
50
166
-16
-225
-210
-43
133
144
-21
-145
-96
94
229
138
-91
-155
16
287
324
33
-243
-145
264
462
196
-218
-295
43
390
351
-66
-341
-165
191
273
20
-239
-207
64
189
29
-206
-288
-102
87
84
-97
-258
-258
-61
98
45
-142
-265
-180
60
155
27
-197
-246
-5
288
265
-51
-285
-118
278
463
211
-171
-211
142
435
353
4
-211
-55
278
361
120
-118
-113
89
222
143
5
-117
-93
36
124
65
-91
-192
-105
61
105
-43
-250
-269
-28
178
96
-211
-405
-215
169
264
-47
-374
-305
93
323
113
-229
-287
28
294
191
-108
-186
32
241
220
37
-78
-34
142
285
238
13
-130
-36
192
327
159
-128
-232
14
296
265
-87
-380
-229
171
335
28
-379
-458
-144
225
202
-193
-467
-341
36
218
12
-310
-359
-85
149
109
-128
-231
-138
19
131
89
-46
-135
-77
107
264
119
-129
-138
82
316
297
-15
-264
-109
303
472
181
-246
-303
48
424
360
-93
-377
-176
210
332
58
-289
-307
27
270
119
-195
-365
-188
94
177
-26
-325
-369
-71
197
149
-177
-412
-253
140
308
76
-336
-377
59
443
307
-186
-397
-55
454
506
77
-286
-172
265
452
236
-90
-164
75
306
255
52
-44
-13
63
106
70
33
25
-26
-53
4
51
-18
-139
-96
28
64
-57
-249
-233
36
190
-2
-322
-371
-77
247
195
-155
-365
-233
124
296
68
-221
-225
42
212
147
-54
-106
17
182
204
64
-72
-15
165
281
201
-24
-127
30
264
287
52
-183
-134
129
288
162
-187
-358
-112
234
265
-71
-406
-388
-77
217
123
-227
-433
-265
53
180
-31
-316
-299
-48
126
25
-144
-182
-85
32
127
43
-109
-143
30
232
208
-40
-213
-76
228
375
175
-179
-258
76
427
408
2
-325
-192
226
426
195
-212
-333
-48
275
284
-41
-329
-206
112
220
38
-259
-323
-88
151
113
-159
-381
-286
53
230
68
-286
-400
-135
231
246
-66
-353
-252
158
410
160
-244
-291
83
449
376
-13
-234
-54
275
406
228
-92
-145
105
335
249
-13
-165
-23
225
222
38
-94
-71
23
78
54
-41
-161
-118
13
91
30
-126
-286
-202
97
214
-43
-385
-387
-10
326
191
-242
-452
-192
238
318
-6
-268
-184
115
262
115
-136
-160
66
270
202
-22
-125
30
275
330
86
-165
-100
153
314
226
-22
-147
-80
132
242
95
-187
-297
-76
228
216
-126
-402
-331
-8
193
39
-249
-386
-218
55
138
-57
-286
-277
-71
95
39
-107
-152
-86
8
65
37
-16
-63
-22
98
164
54
-76
-55
121
273
164
-84
-139
58
322
297
20
-253
-171
226
420
157
-252
-309
22
309
191
-143
-284
-97
148
142
-75
-262
-228
-24
136
40
-226
-342
-173
81
119
-22
-244
-309
-92
184
185
-70
-307
-179
202
347
87
-245
-250
144
469
360
-43
-275
-49
328
465
176
-171
-173
134
367
265
-24
-157
-10
190
197
42
-84
-105
10
115
88
-66
-177
-163
27
163
44
-203
-336
-144
172
181
-112
-406
-331
85
331
89
-293
-419
-91
270
265
-59
-293
-160
159
294
58
-194
-136
156
312
161
-100
-126
90
316
319
58
-198
-130
170
373
254
-85
-261
-92
228
348
66
-332
-345
39
357
189
-311
-544
-237
211
265
-121
-447
-373
-14
182
36
-229
-299
-117
63
48
-108
-167
-95
-11
74
72
-42
-105
-56
83
188
111
-74
-129
30
259
306
78
-210
-164
213
454
244
-167
-340
-24
400
409
-37
-380
-219
169
372
112
-268
-320
-18
222
146
-137
-327
-201
67
151
-21
-293
-336
-102
141
136
-110
-328
-254
24
205
107
-176
-308
-78
297
341
-29
-314
-151
265
443
236
-137
-215
81
408
363
13
-175
-25
256
331
99
-93
-64
96
194
101
0
-70
-61
31
82
43
-87
-192
-100
106
114
-96
-261
-256
-7
208
93
-245
-420
-191
196
277
-46
-358
-346
-15
298
244
-83
-311
-160
184
274
53
-155
-90
104
231
167
2
-39
34
180
268
135
-73
-109
107
301
239
-54
-226
-56
249
303
-24
-338
-277
104
327
100
-324
-476
-186
184
174
-132
-364
-323
-50
136
34
-210
-301
-135
72
39
-118
-153
-61
5
36
13
-26
-35
2
58
113
87
-29
-91
46
261
266
-13
-213
-72
289
418
135
-206
-228
88
356
257
-88
-282
-70
194
229
-16
-246
-177
94
177
-7
-223
-260
-90
125
90
-129
-322
-284
-7
177
46
-235
-342
-147
152
207
-17
-256
-246
42
312
238
-120
-296
-38
352
416
146
-159
-162
133
365
319
23
-153
-18
241
307
143
-75
-96
85
188
116
0
-91
-66
64
119
26
-132
-193
-71
120
87
-102
-235
-244
-32
163
86
-196
-378
-218
134
263
24
-322
-382
-28
306
245
-103
-293
-131
188
276
42
-155
-150
115
289
192
-26
-125
18
284
331
102
-140
-130
124
348
265
-89
-249
-67
245
295
-19
-327
-236
115
277
42
-323
-414
-146
136
135
-146
-356
-266
-22
108
-28
-243
-267
-50
61
-6
-148
-142
-41
33
44
-22
-58
-20
48
86
112
47
-83
-45
106
252
216
-32
-171
-24
274
392
131
-208
-234
102
387
262
-117
-324
-92
247
233
-40
-258
-180
85
173
2
-206
-241
-90
73
48
-124
-270
-229
-25
120
47
-175
-326
-166
118
213
4
-277
-255
97
371
192
-192
-307
19
403
423
84
-253
-148
255
462
266
-93
-217
49
363
298
7
-161
1
220
186
18
-79
-43
49
75
19
-49
-83
-98
-16
48
-2
-125
-232
-170
54
164
-1
-304
-387
-98
254
228
-136
-412
-274
147
350
93
-248
-278
20
282
224
-60
-217
-48
241
302
71
-141
-87
192
368
224
-80
-214
-20
304
393
115
-232
-263
44
356
290
-111
-418
-243
215
360
17
-431
-472
-94
252
143
-241
-434
-251
90
152
-84
-316
-255
1
102
-2
-153
-162
-38
33
28
10
-37
-60
-5
86
174
79
-64
-67
79
236
234
7
-167
-26
255
354
101
-192
-165
100
337
212
-137
-246
-3
213
154
-79
-222
-85
87
86
-67
-180
-181
-47
41
4
-139
-271
-216
19
118
19
-210
-314
-138
149
221
-30
-311
-247
158
373
131
-203
-236
74
372
330
50
-170
-49
238
363
189
-57
-108
109
298
185
-1
-51
57
126
84
10
-2
15
8
-15
5
10
-54
-116
-38
62
14
-157
-278
-146
131
185
-82
-373
-299
53
254
74
-269
-353
-74
235
208
-104
-256
-68
184
196
-13
-147
-41
159
199
101
-27
-16
92
179
213
118
-21
-54
70
236
222
28
-123
-90
97
241
120
-170
-298
-43
247
188
-172
-430
-309
42
225
6
-322
-389
-125
99
88
-136
-303
-240
-1
142
19
-192
-200
-53
91
111
10
-125
-117
34
203
223
-9
-201
-78
213
377
177
-180
-270
84
467
406
-82
-392
-157
295
471
145
-293
-337
17
310
257
-84
-305
-171
93
178
1
-228
-261
-79
100
81
-144
-359
-269
77
215
18
-309
-366
-78
216
200
-97
-324
-166
212
353
86
-257
-223
142
441
334
-28
-242
-38
309
430
168
-146
-157
129
380
265
-23
-155
-17
156
205
93
-78
-145
-44
135
153
-34
-235
-196
50
168
52
-205
-362
-145
200
227
-101
-424
-355
48
356
138
-320
-444
-111
311
315
-69
-349
-204
167
337
114
-191
-188
82
303
249
-12
-146
-36
222
353
173
-129
-157
88
329
277
-4
-230
-127
189
311
73
-235
-305
-30
234
173
-180
-383
-278
15
199
5
-312
-395
-171
106
149
-89
-353
-286
0
144
39
-165
-208
-76
110
164
-25
-195
-126
113
261
181
-117
-214
14
289
348
121
-240
-240
171
498
324
-153
-353
-83
323
407
72
-301
-269
86
320
184
-169
-328
-126
170
192
-71
-301
-235
3
122
0
-221
-305
-133
100
122
-88
-295
-269
10
193
113
-136
-270
-101
234
304
18
-252
-171
215
466
276
-128
-226
81
384
370
57
-165
-68
216
354
149
-94
-110
82
220
148
-11
-89
-60
44
82
27
-86
-146
-74
65
56
-54
-218
-253
-39
187
104
-234
-419
-235
176
336
2
-403
-382
16
351
240
-187
-359
-88
259
272
7
-200
-109
156
296
158
-47
-115
30
282
316
73
-161
-94
171
343
228
-89
-255
-54
260
295
3
-325
-321
53
341
167
-272
-497
-276
136
281
-38
-431
-454
-62
218
130
-212
-396
-217
72
159
-40
-193
-164
-40
104
121
4
-157
-126
96
308
179
-158
-246
31
367
384
13
-307
-197
274
533
260
-251
-388
8
461
429
-53
-414
-226
206
348
87
-270
-286
13
230
105
-194
-294
-153
40
111
-23
-291
-325
-68
165
118
-143
-372
-253
78
280
104
-257
-348
-34
365
319
-101
-333
-110
338
466
169
-175
-176
148
386
307
9
-175
-1
281
301
72
-83
-36
100
163
82
-13
-30
-15
-13
16
38
-3
-114
-127
-34
52
18
-156
-262
-100
139
113
-181
-406
-233
163
304
-18
-375
-351
31
313
205
-137
-308
-110
206
273
56
-177
-150
123
314
213
-62
-158
31
308
353
54
-176
-95
176
344
202
-127
-243
-2
306
274
-83
-366
-246
151
324
47
-365
-449
-149
188
214
-127
-429
-368
-34
190
79
-212
-348
-186
70
147
-41
-195
-215
-48
175
159
-81
-218
-52
202
298
50
-230
-176
166
417
255
-152
-288
25
411
415
10
-314
-211
205
439
202
-181
-282
-44
239
209
-52
-260
-178
88
192
11
-231
-260
-67
93
57
-167
-311
-213
18
137
31
-232
-332
-148
140
224
17
-283
-284
52
368
257
-146
-314
-43
372
442
116
-200
-149
163
370
302
11
-157
-16
273
314
75
-112
-62
143
215
95
-52
-115
-42
78
127
-3
-167
-192
-44
172
128
-131
-365
-249
130
280
1
-397
-441
-32
346
220
-260
-457
-200
237
334
22
-274
-240
61
301
191
-118
-225
-5
284
324
53
-209
-100
234
393
213
-108
-205
37
325
335
39
-233
-186
138
345
159
-224
-370
-102
272
282
-90
-462
-384
24
256
77
-286
-463
-244
128
173
-89
-349
-292
-1
172
52
-218
-259
-72
119
178
20
-184
-172
51
240
211
-33
-191
-86
175
376
215
-147
-274
2
421
455
39
-363
-289
219
537
264
-275
-432
-39
381
324
-130
-434
-212
220
322
-14
-382
-348
-14
234
124
-249
-435
-249
156
255
-21
-368
-396
-28
280
215
-129
-381
-221
233
451
146
-292
-337
72
501
453
9
-337
-145
298
521
261
-181
-265
96
450
363
-46
-241
-75
239
312
66
-178
-204
16
224
188
-57
-278
-240
43
227
83
-239
-400
-164
246
279
-105
-504
-415
84
399
148
-304
-446
-146
300
328
-52
-337
-217
158
337
88
-195
-169
100
305
200
-54
-138
30
259
301
118
-104
-98
93
262
239
33
-147
-82
118
261
105
-207
-325
-68
270
208
-189
-447
-317
59
247
14
-325
-382
-144
97
72
-141
-269
-177
-11
39
-33
-96
-91
-53
-26
7
44
15
-30
-20
75
145
76
-45
-59
76
275
209
-82
-192
43
373
333
-9
-281
-165
239
419
155
-247
-301
29
291
174
-136
-263
-92
126
134
-76
-241
-193
-12
91
8
-197
-328
-163
93
156
-36
-291
-321
-64
226
161
-159
-326
-108
281
365
21
-335
-208
251
497
288
-150
-283
53
431
440
46
-252
-121
260
405
180
-126
-164
65
266
190
-48
-167
-81
97
174
100
-150
-279
-136
148
214
-19
-304
-380
-100
250
229
-153
-489
-330
146
369
71
-379
-435
-38
338
278
-117
-343
-162
205
326
72
-199
-182
79
320
265
-16
-186
-52
249
411
195
-169
-242
77
400
337
-37
-303
-164
228
414
125
-348
-428
-26
377
256
-235
-531
-322
134
295
-11
-411
-435
-102
187
123
-176
-380
-228
77
157
-20
-197
-206
-55
117
156
-1
-171
-127
88
259
183
-103
-223
2
317
370
46
-261
-185
226
509
285
-204
-368
-39
375
422
55
-336
-279
112
336
156
-203
-309
-64
195
176
-135
-333
-239
34
168
12
-236
-335
-151
124
137
-93
-323
-270
34
220
77
-188
-277
-46
277
274
-59
-285
-91
313
427
152
-172
-164
153
379
302
30
-134
-26
242
310
109
-71
-57
75
150
130
47
-62
-93
2
101
82
-72
-200
-118
67
121
-46
-232
-256
-62
164
120
-169
-394
-265
110
283
57
-287
-391
-84
273
290
-43
-284
-197
118
275
115
-116
-143
53
280
252
19
-156
-33
264
392
105
-202
-169
172
433
252
-143
-304
-46
330
349
-50
-411
-307
136
376
101
-365
-496
-162
207
195
-150
-412
-313
3
158
-6
-275
-284
-70
97
36
-131
-189
-93
20
45
17
-21
-56
-9
79
138
62
-56
-63
84
247
226
-15
-191
-76
266
425
165
-226
-291
47
412
374
-81
-377
-162
210
314
41
-281
-247
43
211
52
-189
-288
-109
101
66
-128
-287
-227
-16
93
21
-145
-283
-196
79
203
33
-228
-272
23
294
265
-54
-274
-100
273
441
213
-161
-206
135
440
336
-28
-223
-44
300
403
142
-165
-165
101
272
181
-46
-154
-70
81
133
27
-107
-204
-85
106
96
-69
-259
-263
-4
166
66
-234
-380
-159
178
240
-34
-344
-299
44
259
153
-131
-260
-71
191
228
34
-124
-106
117
275
148
-58
-80
68
261
303
90
-145
-129
144
347
226
-94
-245
-44
267
299
-27
-353
-278
116
316
54
-359
-418
-123
167
139
-153
-369
-295
-27
127
11
-207
-285
-139
57
67
-56
-133
-124
-72
38
114
43
-85
-121
4
209
214
-20
-198
-59
299
391
72
-266
-202
234
501
249
-211
-353
6
439
391
-86
-388
-196
223
334
58
-268
-263
0
181
111
-136
-273
-184
0
87
-4
-216
-303
-116
106
112
-118
-286
-226
38
182
75
-191
-261
12
297
237
-94
-269
-49
326
441
131
-216
-176
190
439
300
-62
-181
29
302
286
44
-101
-18
141
152
61
-30
-48
-21
40
56
22
-105
-184
-45
98
65
-110
-315
-218
126
239
-54
-400
-369
14
307
183
-256
-435
-163
227
297
5
-263
-204
104
242
73
-129
-107
101
248
163
3
-63
18
146
233
185
20
-61
-10
138
259
158
-67
-185
-14
243
256
-79
-356
-242
167
328
27
-381
-439
-132
204
185
-153
-432
-333
5
198
41
-258
-340
-142
118
126
-80
-208
-175
10
167
109
-96
-187
-27
213
251
13
-201
-117
173
378
233
-147
-293
21
451
457
-25
-393
-224
269
505
207
-256
-348
-26
299
254
-93
-330
-174
119
219
15
-230
-274
-90
105
69
-154
-311
-228
47
179
2
-307
-347
-47
228
191
-101
-347
-232
160
409
191
-242
-310
39
450
440
24
-282
-119
293
467
230
-134
-204
64
371
316
5
-172
-49
184
242
66
-95
-118
-13
120
117
-60
-211
-154
59
164
3
-233
-306
-96
199
156
-157
-399
-281
93
294
101
-309
-426
-99
306
296
-78
-354
-186
197
335
76
-212
-167
110
284
174
-23
-102
10
227
313
142
-80
-138
51
283
301
67
-180
-170
94
295
167
-177
-340
-136
207
273
-61
-439
-417
-51
260
147
-265
-505
-295
130
292
-35
-438
-421
8
307
147
-276
-378
-124
215
279
13
-250
-240
45
350
290
-113
-313
-70
298
443
165
-264
-293
135
496
364
-131
-370
-103
323
443
102
-286
-281
51
280
185
-126
-276
-135
138
189
-31
-283
-262
-28
122
58
-187
-335
-199
65
173
3
-292
-348
-84
218
208
-84
-323
-203
183
379
132
-210
-253
65
411
382
31
-217
-63
249
405
214
-86
-134
93
335
249
2
-126
-17
171
203
60
-93
-107
-6
97
86
-50
-189
-150
51
128
0
-203
-294
-108
164
153
-129
-384
-323
61
296
102
-274
-373
-94
247
249
-77
-316
-147
223
310
28
-237
-136
164
326
175
-111
-155
90
322
295
15
-161
-53
205
334
173
-133
-206
-4
284
269
-64
-303
-213
72
231
77
-219
-360
-209
50
142
-45
-287
-333
-135
66
87
-121
-281
-203
-3
69
-58
-145
-111
-24
43
64
2
-81
-60
8
176
201
-2
-156
-65
183
369
175
-187
-251
119
465
355
-114
-378
-101
362
471
90
-368
-338
101
378
197
-200
-344
-97
210
187
-83
-319
-248
0
162
32
-259
-344
-134
114
140
-84
-308
-280
6
212
119
-163
-296
-116
251
340
32
-267
-204
175
458
334
-36
-256
-56
309
433
177
-154
-151
168
361
229
-63
-149
30
216
184
20
-109
-116
12
130
122
-51
-242
-200
44
183
71
-229
-391
-122
248
221
-207
-493
-284
175
343
21
-384
-404
15
378
229
-186
-362
-108
263
294
0
-226
-102
183
305
142
-99
-105
86
291
306
56
-157
-64
156
275
175
-43
-142
-21
189
234
-14
-276
-247
68
280
94
-267
-426
-213
100
192
-59
-335
-349
-74
118
29
-203
-285
-126
62
83
-59
-172
-170
-59
125
164
-46
-212
-115
175
307
122
-203
-238
94
397
368
-64
-346
-118
339
511
148
-304
-292
139
444
289
-133
-346
-116
242
279
-20
-274
-188
83
185
24
-238
-261
-65
88
72
-110
-303
-273
-30
144
70
-164
-335
-206
92
230
39
-255
-286
21
361
261
-171
-335
-29
372
458
133
-208
-202
163
433
336
-8
-192
-12
255
312
108
-86
-62
109
162
112
0
-80
-61
65
114
16
-140
-201
-51
129
106
-117
-272
-243
7
225
94
-268
-447
-177
225
269
-60
-382
-335
63
329
191
-148
-303
-97
227
254
10
-181
-81
183
282
111
-95
-82
130
304
269
-3
-167
-31
228
320
129
-127
-181
16
255
255
-63
-337
-235
140
289
52
-343
-453
-153
184
178
-141
-407
-327
2
194
19
-290
-341
-100
129
120
-105
-248
-156
36
144
90
-71
-168
-52
164
216
57
-125
-101
86
302
262
-46
-227
-60
300
423
112
-256
-268
114
436
315
-130
-377
-144
249
319
-1
-311
-241
86
231
63
-226
-306
-128
89
138
-78
-332
-316
-26
215
102
-218
-388
-193
156
250
-6
-308
-244
118
354
175
-188
-286
31
380
440
89
-225
-172
219
447
264
-70
-181
68
317
270
5
-127
7
204
191
13
-90
-71
18
94
82
-55
-175
-171
36
180
40
-198
-305
-166
110
197
-17
-331
-366
-59
246
199
-144
-400
-246
153
330
106
-247
-294
-3
310
216
-84
-200
-22
246
279
42
-141
-65
193
371
244
-83
-227
-19
306
375
99
-220
-240
63
355
266
-150
-433
-214
198
333
0
-422
-434
-82
237
143
-229
-436
-268
52
156
-32
-273
-293
-83
106
75
-109
-201
-85
58
83
25
-87
-96
39
152
158
5
-112
-51
123
312
232
-92
-255
-17
360
430
75
-308
-251
202
468
233
-239
-365
-58
300
287
-60
-327
-212
99
235
52
-230
-315
-116
117
148
-125
-388
-297
46
221
65
-267
-386
-122
208
244
-62
-356
-254
173
413
170
-262
-318
92
486
437
-32
-332
-121
362
514
195
-203
-212
163
408
259
-75
-191
-10
220
280
61
-171
-162
25
202
134
-98
-279
-187
117
225
1
-271
-342
-108
212
211
-151
-439
-316
99
318
97
-306
-403
-91
291
254
-107
-298
-107
198
239
3
-165
-80
127
229
118
-24
-37
87
190
216
116
-37
-62
76
252
227
24
-138
-93
116
236
82
-181
-253
-55
191
158
-114
-370
-301
-7
172
39
-252
-359
-205
47
105
-91
-251
-197
-46
36
-16
-88
-103
-79
-10
56
55
-28
-74
-23
136
198
17
-143
-70
201
359
156
-185
-260
75
464
413
-68
-382
-164
305
473
145
-302
-333
47
320
209
-146
-295
-116
169
173
-57
-296
-270
-32
181
88
-200
-407
-260
101
232
16
-334
-379
-48
256
216
-153
-385
-172
268
409
94
-310
-270
152
480
397
-50
-322
-84
375
499
170
-213
-198
167
401
261
-62
-180
1
228
223
46
-152
-153
29
192
129
-116
-278
-152
149
204
-58
-311
-333
-32
260
150
-246
-448
-236
185
308
-11
-360
-345
9
300
183
-130
-255
-88
209
218
-30
-178
-54
182
278
119
-121
-106
109
342
327
14
-238
-107
246
378
194
-132
-217
-46
208
298
58
-267
-300
-14
247
182
-171
-436
-303
70
249
20
-356
-441
-158
172
152
-156
-360
-231
28
127
-5
-179
-169
-58
63
116
34
-109
-116
25
195
182
-30
-154
-22
224
317
79
-208
-160
186
461
290
-156
-332
-55
361
417
24
-351
-266
121
352
157
-212
-319
-51
211
154
-140
-337
-216
68
167
-11
-258
-348
-141
105
137
-78
-297
-258
0
187
122
-147
-305
-115
264
337
17
-281
-166
215
450
279
-92
-222
19
356
387
94
-147
-89
218
342
148
-88
-113
82
236
152
-52
-146
-35
101
114
4
-107
-177
-61
103
77
-89
-255
-219
27
166
24
-236
-341
-141
154
194
-59
-308
-261
57
255
132
-149
-255
-41
223
216
-22
-182
-60
187
260
115
-82
-90
100
322
286
7
-189
-74
217
363
185
-120
-240
-44
262
329
3
-348
-319
61
365
178
-311
-546
-272
187
314
-47
-467
-464
-39
280
135
-285
-432
-158
171
181
-120
-324
-191
91
205
88
-131
-202
-22
204
254
43
-208
-161
157
349
236
-67
-253
-33
324
426
101
-285
-240
162
425
304
-142
-367
-125
235
284
25
-249
-211
46
145
29
-143
-204
-125
4
43
-41
-213
-295
-138
114
137
-81
-326
-292
-1
238
142
-168
-323
-77
299
340
-30
-345
-172
301
522
248
-183
-277
68
443
413
40
-237
-102
264
377
149
-109
-145
71
245
168
-35
-149
-109
76
178
83
-135
-263
-105
159
166
-94
-389
-315
97
327
75
-371
-478
-117
318
307
-151
-502
-313
178
426
129
-304
-353
28
360
256
-109
-283
-50
256
312
87
-121
-103
114
311
304
55
-189
-114
185
369
226
-122
-294
-37
286
299
-50
-326
-242
104
283
58
-323
-413
-150
132
145
-111
-346
-333
-62
137
51
-201
-298
-131
44
47
-70
-139
-115
-22
85
95
-13
-117
-101
74
235
134
-107
-159
44
296
328
-18
-289
-87
324
455
136
-254
-265
79
386
323
-80
-343
-139
197
270
10
-227
-195
23
141
48
-144
-221
-137
36
90
-54
-265
-290
-79
106
97
-116
-293
-219
55
200
57
-213
-288
13
313
290
-61
-299
-114
302
470
185
-202
-226
160
443
336
-8
-195
-24
266
317
104
-89
-73
71
160
123
43
-68
-87
6
96
51
-88
-161
-85
47
72
-80
-246
-187
46
151
-6
-279
-332
-84
230
186
-171
-362
-171
133
239
40
-219
-183
80
251
119
-112
-154
22
225
234
69
-81
-63
144
317
240
-47
-176
-2
293
365
73
-241
-224
105
385
219
-190
-414
-158
250
312
-64
-449
-444
-39
279
165
-248
-503
-288
130
238
-38
-378
-360
-53
204
154
-159
-349
-175
159
266
56
-237
-269
36
346
315
-53
-338
-168
251
487
242
-221
-372
18
520
502
-35
-462
-249
310
546
230
-321
-427
-28
360
327
-84
-395
-225
185
295
-8
-353
-332
-29
205
129
-198
-431
-290
83
274
64
-296
-432
-162
215
296
-33
-372
-306
151
460
238
-238
-350
-2
457
494
60
-306
-195
262
533
305
-137
-279
35
413
378
17
-226
-130
195
348
135
-165
-238
-35
189
209
-15
-252
-250
19
220
80
-209
-383
-180
176
262
-71
-446
-385
71
362
141
-327
-450
-91
305
296
-80
-335
-194
191
317
61
-188
-130
137
280
165
-51
-110
69
241
235
92
-64
-47
118
253
206
-2
-138
-64
107
207
105
-134
-232
-99
127
169
-61
-345
-352
-77
182
136
-232
-451
-245
94
178
-60
-315
-306
-39
156
50
-183
-222
-76
94
156
41
-117
-146
24
191
185
-2
-138
-58
184
344
168
-192
-253
107
484
363
-110
-370
-107
345
461
80
-348
-285
121
359
141
-211
-303
-53
189
162
-119
-311
-213
48
165
30
-259
-386
-202
136
224
-1
-351
-427
-62
331
254
-162
-433
-198
304
469
62
-378
-303
181
546
394
-100
-336
-70
406
525
161
-264
-219
188
465
263
-118
-228
25
281
259
30
-171
-162
8
168
135
-59
-243
-201
46
197
56
-228
-362
-154
216
241
-146
-495
-331
149
387
83
-367
-471
-87
365
334
-88
-367
-198
197
318
72
-185
-136
118
253
190
-36
-124
32
262
324
110
-149
-138
119
323
261
-5
-191
-121
128
286
131
-170
-303
-119
193
204
-110
-395
-343
-14
218
85
-273
-430
-231
104
159
-72
-291
-270
-60
115
81
-118
-242
-142
82
203
73
-153
-213
20
285
262
-33
-243
-130
236
449
160
-261
-243
182
532
323
-185
-399
-83
392
446
26
-348
-285
145
360
112
-242
-291
-45
197
130
-138
-265
-156
8
100
8
-240
-378
-157
159
206
-86
-383
-295
47
264
86
-235
-325
-40
313
316
-31
-281
-155
209
443
275
-83
-242
-3
369
423
118
-186
-146
201
388
196
-67
-126
49
187
170
35
-83
-111
4
126
98
-79
-254
-149
125
188
-26
-280
-344
-78
236
181
-206
-463
-247
177
311
12
-362
-381
-3
336
255
-133
-353
-147
253
338
32
-235
-155
115
328
225
-53
-162
32
306
345
75
-211
-128
204
403
194
-138
-254
-30
279
301
-25
-353
-294
117
362
116
-352
-505
-196
211
243
-92
-440
-400
-39
219
87
-236
-365
-183
86
148
-20
-225
-246
-39
141
155
-2
-186
-113
123
270
157
-137
-225
24
319
335
7
-264
-126
278
483
211
-267
-350
74
466
341
-125
-379
-153
240
309
18
-266
-253
15
217
95
-206
-289
-114
88
128
-66
-339
-340
-38
214
128
-227
-405
-186
187
264
-27
-334
-256
99
352
223
-152
-294
-39
327
445
158
-192
-189
132
421
345
14
-188
-52
267
355
98
-129
-91
120
224
144
-37
-137
-63
86
144
42
-132
-253
-53
164
110
-112
-315
-252
63
243
59
-307
-445
-139
261
292
-83
-438
-345
115
391
169
-228
-342
-49
271
283
-4
-234
-130
192
341
159
-105
-143
65
319
317
35
-163
-84
184
325
182
-88
-214
-51
255
292
0
-341
-296
61
290
111
-295
-451
-199
169
223
-128
-440
-380
-22
230
87
-252
-384
-179
108
162
-42
-219
-193
-34
144
158
-37
-194
-103
156
301
143
-175
-223
50
387
339
-75
-340
-85
388
530
128
-379
-368
166
560
336
-233
-480
-105
370
374
-84
-399
-242
148
287
47
-298
-341
-73
160
163
-123
-391
-313
11
218
107
-232
-400
-212
159
285
27
-307
-288
85
364
248
-170
-332
-33
395
478
137
-261
-265
195
548
365
-102
-297
-11
379
401
65
-207
-137
138
276
176
-46
-193
-114
83
207
66
-213
-287
-67
190
169
-106
-352
-304
63
285
59
-333
-435
-99
285
248
-143
-465
-277
193
375
87
-298
-281
70
312
182
-116
-202
-13
239
273
82
-89
-84
121
285
272
34
-156
-73
210
371
173
-185
-285
-10
363
336
-94
-417
-279
168
373
52
-422
-493
-129
238
211
-172
-461
-341
35
231
31
-274
-367
-148
126
161
-59
-226
-220
-27
177
192
-55
-222
-111
196
317
64
-206
-200
151
431
282
-151
-341
5
463
500
-4
-421
-262
249
524
254
-265
-409
-45
360
278
-124
-342
-157
148
224
-6
-291
-295
-42
158
79
-182
-368
-245
72
217
14
-320
-348
-54
237
214
-121
-372
-229
205
419
154
-280
-307
88
472
438
17
-292
-162
281
482
260
-123
-207
68
376
318
-10
-183
-48
174
248
105
-124
-196
-15
202
212
-46
-327
-247
98
261
55
-260
-402
-139
237
248
-148
-495
-331
129
348
104
-306
-436
-124
281
294
-58
-324
-196
182
329
102
-189
-188
94
287
212
-23
-147
-3
268
371
158
-162
-205
90
391
333
-40
-281
-144
206
368
109
-272
-387
-50
325
254
-194
-514
-344
83
291
56
-359
-494
-176
232
207
-174
-453
-289
85
228
32
-267
-281
-59
157
193
-3
-217
-154
116
285
170
-126
-210
3
257
312
89
-164
-170
151
421
318
-94
-319
-124
266
409
134
-240
-291
5
284
223
-105
-297
-144
118
172
-43
-256
-251
-20
137
45
-213
-376
-187
104
195
-9
-320
-358
-51
236
197
-102
-341
-205
188
389
150
-233
-302
61
458
415
32
-251
-134
275
482
242
-137
-206
107
380
275
-42
-204
15
261
250
-13
-188
-106
84
181
90
-124
-266
-127
133
180
-54
-305
-292
-12
219
110
-227
-408
-231
173
288
19
-341
-381
-34
296
250
-80
-313
-161
188
283
35
-176
-131
139
293
168
-51
-110
36
239
308
116
-100
-107
103
276
242
-1
-183
-108
155
301
70
-260
-302
3
284
179
-206
-473
-306
109
247
-15
-385
-413
-108
185
124
-197
-350
-203
48
119
-27
-193
-167
-13
112
76
-69
-134
-48
115
218
106
-111
-159
42
280
294
53
-214
-140
237
450
200
-234
-287
37
418
391
-44
-389
-233
196
359
109
-248
-305
-27
209
153
-112
-303
-214
39
134
-14
-218
-307
-174
59
158
-3
-296
-339
-26
249
182
-150
-391
-155
311
425
64
-363
-296
201
559
371
-116
-353
-53
418
514
141
-237
-211
185
427
249
-74
-178
2
198
220
51
-115
-130
7
159
130
-109
-272
-161
106
190
6
-294
-357
-53
235
176
-195
-447
-275
161
338
7
-401
-376
38
355
214
-180
-340
-108
255
320
20
-245
-160
156
333
192
-71
-165
10
302
383
118
-204
-198
135
410
299
-81
-309
-110
271
365
26
-362
-321
70
331
133
-295
-482
-216
180
235
-69
-433
-392
-18
235
86
-267
-410
-183
151
211
-78
-302
-247
25
230
169
-124
-270
-65
235
325
58
-261
-209
140
414
327
-88
-352
-100
386
532
144
-328
-354
77
490
375
-131
-418
-168
273
361
22
-318
-289
34
259
131
-212
-346
-151
101
138
-46
-311
-347
-71
206
139
-153
-395
-260
101
274
87
-263
-329
-25
348
332
-67
-349
-138
292
487
223
-166
-213
121
399
339
3
-186
-28
285
343
101
-145
-111
118
242
134
-51
-135
-53
123
169
0
-214
-238
-28
201
131
-151
-337
-235
66
234
50
-310
-429
-112
257
267
-108
-401
-293
82
333
158
-181
-282
-56
230
227
17
-151
-115
127
289
173
-45
-126
35
301
348
74
-194
-155
204
416
215
-170
-290
-15
318
315
-56
-365
-262
108
289
72
-311
-426
-177
140
202
-88
-386
-377
-65
190
109
-226
-367
-197
103
138
-64
-237
-165
32
164
89
-73
-180
-59
166
281
62
-198
-157
136
375
273
-98
-312
-39
385
464
75
-341
-259
151
431
273
-158
-324
-86
212
254
2
-239
-204
46
201
55
-210
-299
-123
99
130
-80
-331
-312
-23
188
92
-201
-382
-191
146
238
5
-245
-261
24
318
260
-77
-310
-113
340
490
208
-202
-270
85
465
437
33
-280
-126
293
462
169
-194
-230
92
324
242
-36
-252
-158
125
242
60
-219
-298
-33
219
143
-187
-369
-225
138
273
-36
-427
-417
19
349
183
-233
-434
-196
231
330
2
-307
-237
82
300
184
-79
-198
-47
213
316
108
-142
-92
164
345
246
-50
-189
-9
257
329
112
-145
-185
28
280
221
-98
-364
-228
155
300
49
-374
-501
-141
288
258
-204
-556
-371
119
320
19
-418
-455
-51
288
185
-203
-393
-179
180
287
51
-256
-261
57
356
301
-93
-319
-139
262
493
228
-230
-327
45
473
458
-44
-406
-200
281
516
188
-313
-393
8
376
290
-107
-380
-215
156
262
29
-289
-315
-73
145
132
-131
-359
-285
-16
181
102
-195
-363
-205
124
249
36
-279
-271
74
349
208
-148
-271
-9
353
431
127
-219
-186
192
453
300
-60
-210
22
341
302
36
-140
-35
157
197
82
-80
-133
-12
154
114
-51
-206
-197
26
173
53
-198
-320
-153
151
212
-114
-418
-338
68
333
125
-268
-431
-156
269
286
-43
-291
-173
153
263
55
-154
-89
126
236
131
-27
-59
56
215
264
107
-67
-83
95
253
226
13
-141
-93
120
247
95
-158
-275
-82
183
208
-104
-400
-343
-7
229
49
-283
-412
-194
127
151
-139
-332
-238
-3
139
32
-157
-228
-95
90
138
43
-128
-162
27
241
214
-50
-229
-63
256
403
130
-230
-227
157
463
309
-134
-362
-63
380
416
35
-344
-286
133
360
145
-234
-293
-19
211
124
-122
-299
-183
12
104
11
-220
-334
-152
101
159
-63
-323
-314
-25
243
172
-172
-347
-126
260
360
45
-293
-211
196
476
310
-100
-290
-28
391
470
148
-237
-218
190
477
285
-106
-236
-46
254
327
99
-188
-249
-7
268
216
-117
-366
-236
145
309
31
-364
-437
-87
347
286
-228
-560
-328
211
422
65
-416
-477
-28
385
297
-119
-376
-183
217
347
76
-224
-186
96
306
246
-9
-136
-7
235
336
139
-128
-150
115
335
247
-39
-211
-87
191
287
43
-253
-272
-5
242
159
-182
-404
-274
29
169
16
-264
-362
-179
64
98
-86
-266
-212
-58
60
32
-95
-150
-124
-10
121
115
-65
-154
-16
193
213
-30
-183
-53
239
359
99
-214
-168
179
425
285
-133
-350
-72
343
385
51
-304
-245
93
285
143
-152
-265
-69
155
117
-138
-271
-164
33
130
12
-277
-356
-121
147
161
-116
-384
-288
77
299
103
-253
-332
-30
308
290
-60
-304
-129
289
466
243
-134
-259
27
420
432
85
-230
-169
233
447
225
-124
-244
12
313
289
13
-232
-198
74
278
136
-175
-354
-152
195
257
-29
-354
-386
-26
325
192
-263
-513
-251
220
367
42
-404
-461
-10
409
294
-166
-431
-182
286
406
61
-274
-225
127
400
248
-59
-197
-26
267
400
167
-152
-223
64
365
332
-8
-270
-151
204
349
81
-305
-340
9
276
178
-225
-473
-286
126
261
-10
-394
-463
-106
234
148
-197
-405
-242
65
183
17
-226
-238
-53
137
145
-29
-159
-70
118
210
77
-115
-105
80
273
257
-14
-193
-66
248
410
153
-202
-270
64
381
317
-75
-355
-172
214
324
36
-275
-231
66
200
31
-196
-259
-97
110
67
-155
-312
-223
29
147
14
-223
-317
-152
147
216
-2
-263
-264
37
337
268
-96
-318
-107
312
468
218
-172
-262
64
482
433
17
-258
-110
279
401
154
-168
-186
86
298
217
-20
-191
-149
78
214
111
-165
-328
-124
203
247
-56
-410
-389
29
362
156
-360
-545
-179
338
379
-63
-514
-437
130
500
215
-280
-431
-81
372
352
-46
-304
-164
215
394
200
-132
-231
38
392
404
42
-247
-184
205
471
259
-184
-354
-58
376
390
-71
-459
-322
171
416
99
-423
-550
-171
270
287
-159
-521
-397
51
298
38
-357
-388
-89
195
133
-168
-293
-139
112
195
54
-178
-184
28
234
222
-22
-178
-87
182
364
204
-148
-272
29
403
422
19
-328
-223
198
449
244
-186
-345
-63
266
251
-45
-253
-176
83
158
0
-181
-224
-96
36
48
-92
-242
-229
-70
92
98
-116
-329
-254
68
244
67
-227
-287
15
342
278
-111
-325
-96
333
483
197
-193
-264
105
490
433
-4
-312
-93
323
454
140
-225
-198
122
318
207
-60
-233
-138
122
229
55
-214
-273
-43
182
122
-132
-343
-224
117
243
-33
-411
-389
18
324
184
-233
-435
-181
234
331
5
-292
-245
72
293
174
-108
-179
-7
223
279
97
-105
-92
116
349
273
-44
-220
-45
291
388
107
-236
-222
98
360
211
-196
-386
-141
249
285
-77
-430
-390
-39
218
126
-246
-444
-259
67
183
-45
-315
-291
-51
105
52
-109
-172
-126
-20
117
108
-82
-162
-32
202
236
11
-186
-113
167
367
213
-145
-247
51
409
389
-19
-327
-161
233
430
211
-205
-367
-89
282
320
-22
-322
-269
84
269
87
-266
-350
-104
139
168
-113
-420
-328
56
260
71
-287
-422
-134
227
255
-51
-338
-262
142
419
227
-234
-377
1
487
496
40
-330
-185
319
567
265
-203
-273
97
464
356
-67
-294
-69
297
353
49
-226
-190
48
240
156
-122
-301
-180
118
238
18
-307
-377
-115
250
235
-159
-480
-360
98
391
171
-328
-491
-142
315
360
-39
-368
-244
159
339
157
-175
-236
35
304
283
23
-144
-65
195
356
213
-73
-190
9
277
335
102
-183
-190
70
277
193
-134
-333
-174
164
272
-17
-386
-417
-81
246
133
-257
-466
-248
130
212
-75
-382
-296
13
183
23
-225
-230
-50
138
145
-18
-161
-122
67
214
153
-38
-136
-12
189
277
138
-111
-182
81
363
335
-30
-285
-119
238
405
139
-241
-296
16
279
217
-117
-279
-148
93
190
17
-253
-281
-64
122
87
-161
-360
-220
83
206
-30
-348
-359
-16
292
216
-185
-420
-182
290
479
91
-379
-328
182
560
407
-78
-377
-105
410
559
187
-239
-237
121
439
326
-53
-241
-42
232
260
58
-156
-162
18
182
140
-78
-274
-168
104
215
5
-297
-370
-92
278
212
-198
-474
-292
147
346
51
-369
-383
7
322
194
-183
-295
-56
243
232
-35
-207
-43
205
244
99
-37
-53
68
227
250
98
-84
-108
75
287
275
19
-208
-140
140
316
105
-247
-338
-43
293
234
-201
-487
-329
97
294
54
-392
-496
-162
242
217
-164
-447
-315
87
262
44
-277
-303
-45
198
181
-39
-212
-158
103
331
193
-148
-249
2
331
386
48
-319
-227
253
541
298
-237
-392
-37
404
444
28
-378
-272
148
349
115
-210
-293
-72
180
153
-71
-269
-244
-29
137
90
-206
-408
-216
147
218
-21
-334
-364
-28
266
194
-164
-372
-142
276
405
55
-327
-254
187
510
360
-95
-324
-76
371
523
206
-210
-253
101
466
376
-54
-306
-114
264
371
112
-252
-312
39
346
219
-196
-425
-207
252
359
-32
-464
-452
24
422
214
-360
-602
-215
351
415
-93
-527
-398
148
470
193
-272
-391
-64
285
296
-9
-192
-97
135
255
158
-6
-81
22
220
303
151
-103
-182
68
361
317
-32
-280
-146
210
372
89
-330
-384
-4
346
225
-238
-530
-312
153
307
-7
-418
-480
-101
260
175
-235
-447
-223
132
229
-16
-314
-314
3
287
217
-121
-348
-142
254
388
102
-273
-224
135
429
327
-124
-352
-86
385
492
109
-311
-288
113
446
316
-114
-360
-166
189
299
96
-196
-281
-65
178
123
-112
-276
-189
-12
114
53
-218
-378
-177
131
201
-58
-354
-337
21
290
137
-209
-344
-72
320
325
-29
-295
-145
263
465
246
-120
-240
33
406
425
67
-228
-110
275
404
129
-145
-152
119
301
211
-83
-237
-101
159
259
27
-272
-302
-4
278
149
-217
-394
-235
105
291
43
-368
-481
-101
306
285
-132
-444
-313
159
368
120
-257
-307
7
265
204
-44
-142
-33
160
231
110
-47
-71
90
268
283
59
-156
-84
187
340
215
-105
-239
-60
249
324
8
-353
-308
63
319
142
-306
-513
-218
209
223
-119
-408
-356
-36
183
48
-272
-348
-100
141
112
-115
-261
-144
83
167
63
-109
-204
-7
246
240
-19
-213
-82
193
363
217
-128
-292
-4
401
476
53
-363
-271
197
503
281
-256
-404
-52
342
317
-95
-365
-181
185
225
-63
-303
-222
4
118
56
-175
-327
-240
22
169
48
-199
-337
-170
116
218
19
-256
-255
58
327
257
-107
-317
-84
354
495
189
-260
-290
174
564
403
-113
-340
-50
417
469
57
-281
-189
188
365
168
-121
-258
-89
204
255
-21
-300
-285
39
277
121
-246
-413
-232
168
327
-4
-455
-490
-20
398
290
-218
-526
-272
232
397
76
-312
-305
46
324
219
-92
-208
-38
241
288
81
-125
-97
121
327
293
-14
-204
-52
255
362
140
-171
-220
51
306
214
-137
-347
-160
172
240
-5
-348
-411
-107
216
155
-190
-431
-299
56
205
-15
-305
-314
-85
121
110
-127
-258
-133
70
152
80
-90
-174
-30
213
271
-6
-228
-107
231
412
184
-246
-293
93
483
439
-31
-414
-228
300
527
194
-330
-400
39
397
254
-193
-371
-131
194
217
-54
-302
-250
4
118
52
-176
-340
-225
68
197
-29
-298
-317
-65
196
181
-91
-320
-172
176
348
105
-226
-250
86
408
370
56
-219
-131
216
435
269
-74
-200
36
326
322
46
-183
-99
190
291
138
-139
-224
-43
215
205
-65
-317
-243
120
303
35
-328
-422
-111
320
288
-204
-583
-364
206
452
92
-412
-494
-57
388
328
-145
-410
-176
250
361
45
-244
-173
133
327
197
-52
-130
26
234
288
131
-70
-114
59
281
291
18
-198
-140
116
300
164
-196
-355
-102
239
252
-99
-431
-395
-11
266
83
-300
-431
-186
126
167
-99
-342
-289
-19
157
77
-159
-263
-134
75
209
82
-163
-206
12
260
249
-32
-229
-79
256
393
111
-260
-229
182
485
307
-150
-376
-97
364
461
74
-347
-310
95
370
199
-205
-344
-101
203
212
-79
-332
-299
8
218
114
-241
-446
-238
148
265
-13
-380
-394
-43
322
240
-190
-432
-183
308
461
91
-348
-350
135
568
455
-75
-409
-164
408
636
238
-279
-342
109
528
392
-60
-333
-113
280
377
141
-216
-308
-32
303
270
-99
-413
-269
185
359
34
-384
-484
-75
378
301
-230
-599
-355
223
478
144
-434
-590
-84
448
399
-110
-439
-250
212
399
118
-244
-233
119
349
267
-32
-198
-44
261
367
170
-118
-197
61
356
323
-14
-272
-154
189
361
108
-275
-355
-48
271
226
-138
-441
-374
-6
262
101
-291
-474
-205
169
182
-125
-371
-257
43
168
-22
-237
-183
2
129
117
-60
-190
-97
156
284
111
-162
-170
68
286
288
-13
-234
-79
270
430
160
-235
-290
78
404
330
-80
-363
-162
217
337
46
-297
-271
49
228
97
-205
-311
-138
117
129
-79
-293
-293
-55
129
65
-141
-297
-222
29
215
106
-180
-309
-86
247
327
47
-265
-177
174
448
303
-70
-274
-21
393
461
109
-232
-162
220
411
212
-115
-177
37
260
218
-9
-163
-122
57
180
103
-119
-272
-143
114
189
4
-305
-353
-44
261
170
-237
-489
-245
222
338
11
-406
-429
41
395
214
-190
-352
-97
280
287
-38
-234
-46
251
285
62
-135
-94
142
329
246
-5
-143
-43
217
335
155
-133
-242
-3
280
286
-29
-345
-293
100
345
132
-303
-506
-224
179
254
-73
-431
-419
-56
264
141
-274
-421
-178
123
182
-15
-246
-243
-54
159
185
1
-185
-179
91
328
222
-149
-288
-7
372
420
45
-322
-197
245
521
262
-201
-384
-31
426
448
-10
-392
-277
145
367
156
-221
-340
-94
222
193
-106
-299
-226
4
104
16
-225
-327
-132
128
138
-124
-357
-272
78
294
87
-273
-337
21
390
319
-127
-359
-81
376
481
125
-235
-194
195
447
283
-55
-171
6
274
311
86
-122
-75
122
207
119
-39
-100
-74
36
149
67
-124
-254
-120
126
168
-53
-323
-304
39
260
69
-332
-458
-112
314
268
-158
-468
-272
199
379
62
-286
-298
39
331
224
-106
-255
-46
271
305
88
-138
-126
131
373
310
-3
-232
-102
249
405
190
-177
-284
-26
314
316
-38
-358
-297
94
312
101
-320
-480
-188
210
231
-137
-441
-349
-22
191
59
-248
-334
-141
82
136
-50
-229
-199
20
155
96
-82
-194
-43
213
279
45
-204
-127
154
339
227
-129
-247
31
394
387
1
-316
-178
224
431
177
-237
-334
-3
317
237
-124
-312
-133
165
183
-78
-279
-203
34
110
-34
-214
-271
-154
32
98
-42
-245
-268
-75
147
165
-64
-270
-201
99
327
193
-143
-266
-14
347
413
132
-187
-190
140
444
343
-42
-225
-22
308
361
106
-164
-114
130
234
130
-55
-138
-59
105
157
0
-212
-240
-9
219
116
-183
-388
-225
152
270
-37
-409
-412
-15
334
222
-232
-472
-198
252
359
23
-318
-290
70
356
219
-107
-256
-50
278
317
71
-138
-103
156
357
258
-23
-197
-57
252
382
144
-202
-261
28
330
292
-102
-406
-262
150
337
77
-385
-517
-146
271
240
-177
-505
-374
71
287
28
-339
-412
-111
233
198
-121
-362
-230
112
269
113
-166
-256
-37
286
315
25
-240
-157
147
377
257
-95
-282
-30
393
460
40
-335
-263
187
496
284
-202
-406
-102
294
319
-20
-331
-242
74
233
55
-237
-305
-84
134
90
-150
-331
-236
19
171
49
-239
-357
-163
170
259
12
-293
-292
79
395
268
-171
-342
-31
409
483
110
-284
-229
239
528
304
-161
-277
56
419
365
-6
-241
-91
202
259
80
-110
-141
-3
150
99
-67
-206
-163
64
177
27
-233
-364
-128
213
225
-113
-438
-353
76
351
132
-305
-437
-101
323
282
-94
-349
-166
205
286
56
-158
-126
84
258
196
-3
-99
-18
183
296
187
-48
-131
13
252
315
86
-194
-224
52
338
241
-160
-422
-198
238
336
-40
-457
-456
-50
312
187
-281
-521
-257
175
226
-119
-389
-285
31
181
27
-215
-220
-34
127
80
-35
-107
-66
112
185
116
-72
-108
23
186
262
115
-146
-148
133
375
278
-69
-298
-119
277
423
122
-276
-307
24
321
223
-138
-295
-117
100
147
-32
-222
-207
-52
85
80
-165
-349
-236
51
206
33
-318
-395
-96
290
278
-104
-443
-264
253
507
152
-344
-353
107
554
453
-55
-379
-141
392
562
188
-250
-251
142
445
304
-67
-234
-54
233
274
82
-160
-211
-10
231
220
-90
-349
-235
148
313
18
-384
-404
-20
320
217
-255
-513
-258
225
335
3
-366
-360
18
327
182
-170
-288
-51
233
223
-23
-167
-49
155
219
130
-9
-84
14
206
298
163
-77
-156
41
319
342
32
-248
-204
123
363
200
-247
-436
-140
310
323
-125
-529
-433
82
371
80
-399
-524
-170
248
249
-183
-480
-270
143
241
-39
-293
-250
2
209
131
-88
-229
-80
197
322
102
-211
-236
71
387
336
-39
-301
-130
309
462
163
-228
-267
38
359
319
-42
-286
-158
144
265
44
-213
-209
14
150
71
-132
-248
-147
16
76
-8
-217
-345
-150
131
158
-99
-346
-281
38
254
136
-192
-338
-104
282
370
60
-303
-252
178
521
380
-84
-360
-99
410
548
165
-262
-262
148
489
346
-89
-310
-83
291
347
103
-241
-264
14
285
214
-157
-398
-192
237
303
-34
-407
-407
-1
377
216
-335
-575
-214
298
387
-31
-464
-434
81
429
223
-232
-360
-104
277
320
25
-237
-157
158
341
182
-87
-171
37
324
367
65
-208
-152
181
409
241
-126
-280
-85
241
335
43
-303
-323
-14
263
191
-181
-465
-328
88
291
18
-404
-474
-105
265
163
-263
-442
-167
163
201
-82
-332
-219
90
220
88
-138
-236
-46
262
312
24
-254
-165
180
393
251
-143
-282
0
363
427
85
-290
-267
149
454
269
-166
-354
-90
285
275
-65
-282
-128
105
141
-37
-220
-200
-11
61
-23
-146
-219
-147
-33
40
-12
-150
-227
-142
47
161
39
-196
-236
-1
261
259
-20
-238
-119
236
440
262
-122
-283
-5
436
484
98
-293
-188
247
472
213
-181
-242
77
338
246
-71
-263
-129
177
258
27
-268
-340
-22
300
200
-181
-439
-301
141
378
47
-461
-539
-54
409
324
-192
-560
-313
238
438
92
-325
-355
31
376
253
-133
-301
-50
296
339
59
-170
-98
165
355
268
-9
-181
-94
209
393
233
-138
-289
-93
258
359
39
-378
-402
33
408
257
-288
-609
-353
214
412
14
-516
-573
-86
368
239
-283
-515
-244
174
282
-6
-338
-330
6
280
253
-72
-339
-191
245
433
105
-289
-257
148
483
309
-188
-378
-18
482
523
17
-442
-308
285
566
241
-297
-401
-12
355
255
-123
-307
-128
124
165
-25
-234
-210
-48
47
21
-121
-254
-211
-12
121
25
-183
-303
-196
104
229
28
-240
-256
35
284
263
-55
-284
-119
277
485
242
-179
-295
85
512
440
-49
-354
-92
378
471
135
-247
-238
112
371
261
-104
-294
-132
168
286
48
-255
-327
-25
270
161
-220
-432
-214
212
302
-80
-470
-409
76
364
172
-271
-468
-184
277
356
-6
-310
-273
84
343
185
-175
-229
32
305
270
13
-141
-65
167
342
237
-30
-170
-22
252
344
131
-144
-222
-6
272
245
-87
-350
-189
162
281
-2
-405
-440
-76
273
160
-239
-503
-295
129
266
-32
-395
-371
-54
229
145
-177
-317
-167
116
249
111
-189
-262
21
336
299
-95
-322
-99
305
456
146
-290
-312
152
547
399
-153
-469
-131
422
520
66
-397
-344
119
403
184
-218
-342
-66
228
189
-121
-336
-213
54
164
13
-255
-361
-171
130
171
-58
-307
-309
-55
215
209
-95
-341
-206
169
386
197
-229
-325
19
442
466
93
-295
-242
243
539
313
-137
-295
11
397
394
16
-259
-136
231
359
125
-198
-241
-17
244
247
-62
-345
-259
89
275
91
-250
-427
-163
246
281
-119
-482
-386
98
394
142
-304
-462
-138
297
322
-48
-322
-239
155
350
138
-197
-232
75
338
233
-19
-150
-36
235
347
170
-103
-155
46
303
321
44
-220
-176
106
302
167
-142
-316
-177
110
212
29
-294
-394
-162
142
182
-120
-431
-350
31
235
23
-308
-345
-103
144
137
-100
-263
-193
62
226
99
-145
-202
30
269
224
-87
-261
-35
335
399
76
-299
-232
212
501
316
-188
-418
-66
431
468
20
-380
-299
134
395
164
-243
-340
-58
258
217
-129
-387
-243
84
190
-13
-279
-348
-96
151
133
-117
-314
-265
25
202
93
-134
-259
-97
196
311
74
-237
-212
182
453
315
-47
-269
-86
363
503
143
-269
-220
205
491
263
-156
-284
37
345
286
-63
-257
-162
109
287
124
-219
-335
-110
204
230
-37
-361
-381
-11
312
190
-254
-522
-259
234
342
-15
-373
-382
15
333
185
-172
-304
-56
250
242
-53
-222
-45
215
277
69
-111
-63
120
291
239
19
-85
-37
127
274
212
-21
-201
-114
150
301
141
-214
-319
-82
179
177
-104
-381
-331
-7
211
77
-289
-437
-200
160
210
-120
-409
-288
58
210
16
-233
-225
-21
145
97
-49
-132
-32
118
191
89
-94
-129
54
241
270
59
-176
-102
222
372
194
-175
-272
15
360
351
-4
-329
-216
153
316
108
-229
-274
-11
193
124
-144
-302
-180
73
146
-42
-295
-332
-114
139
160
-83
-327
-296
1
246
162
-165
-352
-121
285
394
38
-336
-227
228
519
310
-138
-325
-19
431
488
91
-255
-186
198
416
250
-98
-201
-3
261
260
35
-181
-175
45
214
132
-125
-286
-171
121
222
-12
-317
-361
-9
293
155
-286
-516
-182
288
331
-86
-475
-365
138
407
152
-236
-336
-49
282
282
-17
-222
-100
182