#4
-312
-265
-52
10
-173
-302
-217
-60
-70
-183
-181
-101
-128
-231
-226
-107
-52
-131
-222
-209
-156
-150
-104
-99
-159
-263
-245
-75
50
-70
-320
-289
48
182
-101
-426
-276
208
326
-127
-554
-376
182
411
18
-465
-418
-23
251
164
-173
-385
-222
86
214
-13
-333
-338
-7
238
45
-372
-439
-64
218
70
-286
-404
-196
3
-30
-174
-217
-179
-160
-114
-33
-55
-215
-272
-101
122
55
-238
-325
-69
182
80
-212
-276
-96
62
4
-127
-116
-37
-48
-97
-65
23
0
-123
-186
-93
71
56
-109
-164
-102
-26
-42
-114
-167
-123
-61
-13
-76
-247
-311
-124
158
146
-267
-552
-284
237
289
-185
-562
-349
175
258
-152
-436
-264
40
76
-80
-216
-171
-96
-24
9
-30
-152
-197
-21
139
64
-149
-226
0
214
66
-228
-271
-22
168
50
-167
-229
-87
0
-39
-71
-81
-168
-213
-99
51
52
-150
-289
-172
7
12
-125
-167
-75
-85
-173
-159
5
57
-172
-335
-171
114
127
-176
-331
-83
206
82
-222
-290
12
261
97
-205
-310
-133
170
267
37
-286
-330
-35
288
247
-196
-447
-116
345
298
-174
-446
-139
291
222
-239
-378
-94
175
109
-164
-275
-178
-77
-8
1
-70
-238
-302
-75
199
109
-284
-414
-70
280
173
-225
-346
-73
191
126
-104
-197
-60
30
13
-17
-22
-43
-85
-47
56
71
-52
-117
-50
38
-10
-62
-12
35
-28
-134
-49
108
0
-249
-247
49
207
-40
-416
-375
81
366
85
-432
-518
-23
348
136
-274
-396
-186
85
134
-32
-221
-293
-123
108
95
-121
-260
-140
114
170
-98
-302
-122
170
187
3
-145
-126
18
109
76
-39
-134
-134
-6
150
126
-131
-327
-168
164
204
-111
-373
-221
110
194
-66
-268
-186
-16
20
-55
-60
-56
-125
-184
-94
62
73
-134
-299
-142
97
87
-119
-240
-82
129
138
-58
-187
-178
38
236
191
-106
-381
-203
258
459
50
-473
-381
200
482
138
-359
-337
135
351
55
-255
-177
112
162
-47
-181
-91
-12
25
18
-44
-146
-191
-113
56
48
-174
-306
-103
144
119
-133
-267
-113
83
75
-49
-75
-21
-24
-39
34
58
-16
-132
-92
75
143
-20
-136
-50
91
78
-70
-99
33
96
-12
-76
19
76
-14
-125
-34
148
73
-256
-313
45
312
114
-355
-464
-60
326
254
-154
-477
-336
96
337
136
-295
-481
-168
293
311
-167
-529
-309
240
391
-83
-485
-282
217
391
16
-358
-282
78
273
146
-30
-147
-126
39
207
177
-82
-281
-122
204
282
-40
-329
-222
141
254
-34
-295
-212
56
123
-31
-131
-100
-59
-50
-15
1
-49
-138
-99
3
7
-94
-151
-58
15
-40
-119
-83
46
42
-126
-113
90
132
-68
-221
4
306
209
-198
-366
-27
352
290
-136
-317
-67
189
190
27
-97
-104
30
140
95
-53
-153
-61
140
120
-95
-240
-125
167
201
-89
-302
-224
30
133
-35
-193
-172
-69
15
49
-8
-92
-155
-64
79
120
-42
-189
-71
166
198
-36
-231
-90
148
138
-68
-135
48
144
-8
-123
-1
157
101
-99
-173
59
221
64
-137
-150
58
174
15
-205
-190
8
148
89
-165
-314
-168
149
306
12
-437
-452
71
479
220
-386
-543
-79
367
213
-261
-408
-71
241
144
-169
-247
-62
88
94
20
-71
-103
-36
79
190
93
-137
-168
91
285
101
-195
-226
93
273
94
-193
-223
-25
137
105
-50
-181
-176
-45
100
125
-28
-255
-179
85
184
-36
-265
-185
80
121
-100
-201
-26
64
-75
-209
-67
139
62
-205
-205
154
329
-5
-357
-227
273
423
48
-328
-300
109
408
268
-153
-368
-174
227
419
158
-301
-367
90
445
259
-241
-391
0
354
192
-220
-318
-32
224
109
-122
-166
-142
-82
31
77
-12
-212
-262
-8
238
121
-236
-345
-2
316
162
-183
-244
14
242
141
-74
-137
-26
51
64
46
16
-29
-37
26
119
74
-60
-71
50
102
55
-18
-17
34
10
-29
14
26
-58
-123
-63
97
104
-158
-348
-100
300
288
-205
-557
-254
356
427
-95
-484
-319
132
320
45
-317
-310
-44
209
174
-83
-286
-179
144
278
68
-274
-269
98
346
211
-140
-253
-12
260
211
-15
-169
-142
38
177
148
-7
-235
-209
75
262
72
-283
-297
11
266
114
-199
-282
-51
151
55
-119
-110
-17
-10
-83
-66
19
-13
-113
-147
-8
100
12
-122
-112
49
148
39
-109
-116
23
174
190
40
-181
-228
36
375
295
-162
-403
-107
337
394
-15
-346
-159
267
318
-12
-232
-85
168
144
-66
-150
-66
51
69
60
-52
-171
-177
-31
120
12
-215
-220
34
214
70
-259
-299
31
311
143
-171
-244
8
202
150
-7
-80
-85
-40
89
175
55
-111
-110
73
184
66
-92
-56
116
89
-75
-40
137
160
-57
-206
-29
222
140
-215
-285
25
275
78
-303
-344
26
298
176
-186
-375
-221
139
287
108
-223
-374
-148
214
242
-84
-348
-235
128
285
20
-278
-194
98
220
50
-152
-133
33
149
151
70
-61
-110
17
187
191
-62
-238
-72
235
261
-63
-329
-180
198
252
-59
-290
-159
103
132
-1
-98
-86
-81
-38
57
57
-63
-169
-105
55
84
-29
-143
-129
-38
21
3
13
-27
-87
-44
116
157
5
-196
-146
206
367
47
-368
-301
243
550
173
-414
-402
121
471
285
-189
-323
-20
268
247
1
-186
-139
72
220
112
-145
-269
-58
245
233
-137
-384
-172
171
202
-89
-320
-199
83
175
64
-134
-208
-102
100
227
84
-190
-261
-7
309
280
-111
-311
-94
244
251
-52
-193
-17
182
130
-41
-75
61
87
-32
-32
91
129
-6
-105
-5
117
104
-67
-218
-90
135
176
-29
-269
-240
-1
241
199
-169
-432
-248
259
397
-17
-425
-375
126
379
52
-370
-307
86
277
50
-252
-194
68
171
85
-73
-131
-53
90
190
162
-45
-173
-43
224
255
-18
-222
-98
192
233
-42
-211
-103
121
135
-18
-149
-125
-43
40
83
58
-88
-193
-85
113
76
-105
-162
-30
77
4
-134
-97
50
34
-147
-179
65
191
-37
-241
-95
262
234
-146
-330
-7
417
330
-176
-424
-113
362
426
15
-356
-254
149
396
260
-138
-338
-81
330
361
-37
-339
-151
234
325
-4
-321
-191
169
256
-51
-286
-157
72
85
-33
-155
-146
-73
40
125
43
-160
-258
-65
232
279
-31
-300
-190
182
338
72
-231
-183
78
186
131
-13
-65
-23
11
92
145
78
-58
-120
-17
145
174
40
-86
-38
44
77
49
-49
-166
-65
128
173
-64
-357
-289
144
438
141
-451
-533
15
501
283
-300
-491
-127
299
263
-138
-344
-180
115
185
27
-153
-190
-51
165
219
-5
-234
-167
153
319
103
-169
-141
109
254
120
-116
-151
25
159
114
-2
-113
-122
-23
116
114
-62
-223
-134
111
172
-40
-221
-117
132
99
-115
-178
-9
103
-7
-168
-120
69
76
-137
-177
20
121
-2
-183
-94
166
226
-29
-245
-130
224
333
75
-227
-266
2
339
393
0
-409
-288
220
499
200
-306
-367
113
469
240
-239
-353
37
357
201
-187
-271
-47
151
152
4
-133
-195
-122
66
148
-26
-250
-219
61
225
59
-221
-234
45
227
72
-130
-115
53
109
74
10
-27
-44
-27
84
140
48
-87
-48
82
123
45
-50
10
81
27
-8
59
106
52
-89
-82
102
190
-86
-303
-69
262
216
-190
-439
-165
299
347
-108
-461
-277
166
334
52
-252
-313
-71
187
172
-62
-276
-215
75
239
65
-213
-221
62
247
97
-178
-177
67
218
120
-49
-56
42
102
83
46
-19
-52
-38
88
192
63
-181
-229
25
239
109
-201
-273
5
211
102
-120
-176
-59
27
24
-4
-8
-53
-102
-81
18
64
5
-109
-151
-41
50
37
-2
-63
-99
41
153
85
-91
-170
46
308
235
-144
-370
-70
407
410
-72
-434
-173
336
432
6
-349
-182
250
335
55
-167
-136
48
167
81
-61
-146
-99
92
203
53
-223
-264
-42
200
92
-215
-296
-24
217
140
-137
-232
-96
115
142
43
-89
-134
-29
156
198
23
-205
-132
151
265
39
-193
-91
138
198
37
-111
-46
91
92
-15
14
120
82
-54
-101
40
179
33
-217
-165
109
221
24
-275
-283
-13
220
204
-59
-321
-295
63
334
164
-225
-429
-127
311
270
-182
-408
-130
244
208
-146
-273
-40
176
146
-63
-134
-37
79
133
96
50
-44
-104
66
250
182
-104
-253
-38
285
252
-94
-292
-138
161
227
-16
-231
-162
33
116
73
-31
-165
-155
22
149
62
-146
-212
-23
129
44
-142
-104
15
2
-91
-67
33
51
-80
-108
104
226
1
-253
-152
258
409
52
-371
-299
186
472
206
-248
-296
18
271
249
31
-173
-113
101
237
120
-105
-181
20
213
138
-124
-208
-19
205
97
-150
-188
-53
36
8
-52
-63
-75
-105
-23
93
73
-89
-200
-50
175
192
-59
-222
-77
182
216
4
-144
-64
89
114
9
-12
48
24
-15
49
122
78
-59
-70
45
130
96
-13
-32
32
73
28
-72
-119
-48
98
129
20
-235
-301
-28
324
304
-206
-574
-265
381
528
-60
-600
-419
220
501
111
-443
-429
23
355
191
-186
-307
-79
184
229
31
-204
-204
39
279
270
-39
-255
-92
258
305
26
-192
-160
76
211
134
-53
-175
-154
28
205
143
-149
-316
-97
218
239
-79
-319
-153
145
187
-72
-237
-98
98
70
-69
-92
-29
-13
-79
-68
7
26
-51
-83
31
172
85
-175
-210
88
336
226
-122
-292
-112
223
358
131
-223
-280
6
330
351
-39
-354
-158
303
386
12
-316
-172
244
306
-11
-265
-146
105
165
17
-114
-116
-84
-25
52
26
-100
-218
-106
157
206
-53
-290
-188
154
261
35
-192
-134
97
211
75
-84
-78
2
40
93
118
11
-95
-33
125
144
-16
-84
14
100
95
45
24
22
-4
-35
46
133
28
-202
-194
72
295
82
-357
-417
39
458
254
-335
-540
-115
389
364
-140
-488
-285
157
336
93
-299
-373
-57
289
250
-154
-390
-112
281
331
-21
-327
-211
168
338
173
-105
-195
-4
168
229
95
-125
-202
-20
253
266
-61
-340
-201
180
303
21
-305
-256
80
229
39
-140
-141
-25
40
4
-37
-18
-32
-101
-79
10
72
-16
-156
-129
15
93
33
-89
-123
18
169
137
-38
-194
-70
207
315
79
-286
-301
129
514
286
-296
-423
12
448
350
-128
-347
-31
287
241
-9
-154
-56
78
100
45
-36
-84
-78
28
106
33
-136
-191
-57
113
49
-150
-194
-35
120
65
-80
-134
-48
46
77
24
-37
-54
-6
114
143
-27
-148
-68
128
177
50
-96
-62
71
142
41
-64
26
112
37
-54
39
147
63
-94
-90
105
190
-30
-285
-137
223
284
-89
-440
-290
185
419
131
-358
-508
-103
397
375
-102
-501
-373
179
465
108
-403
-430
19
381
182
-262
-340
16
303
200
-117
-237
-65
152
221
141
-37
-173
-44
199
296
81
-244
-202
136
324
115
-202
-271
-28
219
171
-74
-228
-141
38
146
109
-61
-240
-165
69
203
65
-209
-243
-23
185
85
-158
-189
-48
65
27
-22
-44
-89
-84
89
237
84
-228
-257
91
444
297
-230
-474
-70
496
489
-107
-498
-217
296
469
149
-282
-291
81
344
226
-97
-264
-62
249
260
-49
-311
-202
159
310
48
-273
-258
-2
162
61
-142
-194
-83
34
79
27
-75
-120
-93
71
175
82
-174
-216
76
334
150
-208
-234
59
249
143
-95
-121
40
133
97
0
-2
28
9
9
76
131
33
-76
-39
61
109
35
-102
-145
-3
111
94
-65
-249
-187
96
302
90
-333
-418
12
422
226
-292
-498
-93
367
296
-211
-426
-137
215
226
-39
-229
-138
45
130
105
-22
-132
-100
77
258
191
-80
-203
13
271
231
-67
-228
-67
188
212
-1
-172
-129
22
102
79
-22
-155
-137
21
156
103
-140
-248
-59
150
95
-94
-165
-69
65
18
-66
-64
-8
-50
-91
-34
59
38
-103
-111
76
218
32
-208
-133
205
333
64
-259
-240
94
355
260
-114
-317
-120
232
367
123
-237
-278
102
393
209
-204
-296
53
331
178
-174
-263
-18
220
138
-108
-179
-84
-17
31
33
-54
-148
-157
-7
170
105
-161
-261
-17
235
170
-98
-221
-51
192
193
9
-93
-60
26
77
91
56
-7
-39
-3
86
101
33
-12
-17
27
63
49
65
48
3
-55
21
92
-14
-176
-100
168
218
-138
-454
-209
314
443
-39
-545
-412
221
503
93
-395
-400
-5
309
197
-206
-353
-143
176
230
-29
-263
-188
91
279
115
-194
-256
20
319
257
-59
-235
-50
233
279
43
-171
-155
39
203
189
-29
-206
-154
68
202
69
-183
-247
-5
216
126
-140
-229
-63
118
73
-73
-105
-53
-7
-24
-34
-9
-3
-86
-111
-28
66
35
-91
-110
25
152
98
-54
-140
-55
163
259
116
-146
-276
-58
348
407
-31
-414
-234
274
472
117
-314
-255
181
364
94
-176
-186
62
241
89
-112
-124
-21
82
97
-5
-118
-190
-100
104
130
-88
-261
-150
134
191
-23
-220
-146
67
161
73
-82
-139
-42
130
213
60
-156
-189
14
245
232
-60
-230
-66
198
217
11
-118
-40
80
73
55
63
63
-12
-68
10
161
58
-213
-226
103
337
90
-385
-439
31
429
273
-217
-494
-236
271
392
27
-369
-399
-29
344
264
-182
-438
-213
216
345
1
-348
-232
119
261
106
-175
-172
51
201
130
4
-55
-24
105
174
109
-93
-165
21
228
172
-96
-239
-66
171
165
-52
-206
-141
76
159
30
-135
-142
-19
69
30
-50
-102
-73
-13
53
6
-102
-97
-11
26
-15
-101
-75
33
38
-24
19
103
26
-110
-118
159
343
104
-316
-359
137
556
334
-289
-493
-41
435
385
-32
-324
-140
227
297
52
-144
-127
63
197
85
-122
-179
-16
157
127
-103
-225
-137
58
115
-10
-182
-158
-11
96
78
-50
-158
-122
43
171
94
-67
-157
-56
155
202
-9
-187
-94
133
174
25
-90
-3
103
63
-12
5
77
79
0
-34
57
136
52
-83
-62
114
169
-48
-238
-104
162
228
-16
-314
-297
33
327
225
-193
-481
-245
290
470
3
-491
-429
110
446
125
-376
-390
22
336
164
-215
-306
-25
221
191
-31
-179
-141
61
230
200
10
-163
-97
194
280
67
-196
-168
104
251
110
-122
-180
-37
101
114
19
-160
-184
-36
150
168
-40
-220
-165
47
144
28
-131
-153
-29
53
-1
-64
-44
-57
-83
-66
61
88
-56
-188
-45
223
183
-130
-292
-9
382
348
-108
-416
-150
324
450
58
-346
-281
137
402
229
-168
-328
-1
379
311
-92
-339
-95
288
300
-96
-347
-140
235
292
-34
-297
-207
41
145
51
-133
-193
-117
34
153
77
-126
-255
-115
180
274
26
-255
-191
125
285
119
-135
-167
6
145
116
30
-3
-15
-6
50
80
55
23
0
24
41
57
59
45
15
-17
15
68
-8
-129
-102
84
189
-5
-298
-306
76
403
234
-326
-589
-161
445
459
-154
-568
-319
226
413
28
-378
-307
36
252
136
-163
-251
-74
198
227
-7
-249
-194
135
309
170
-108
-192
15
261
224
-17
-205
-114
119
257
125
-131
-240
-112
171
235
-7
-282
-235
81
242
89
-172
-219
-18
117
26
-118
-85
22
22
-47
-75
-56
-9
-30
-55
-44
9
-8
-51
-42
74
123
-10
-116
-83
91
234
181
-46
-242
-144
159
397
188
-258
-328
28
418
343
-159
-363
-6
360
258
-100
-254
-14
251
163
-116
-224
-38
188
143
-47
-161
-158
-77
71
125
-48
-242
-173
75
217
42
-214
-239
14
224
120
-94
-150
-14
122
117
33
-36
-27
3
57
82
32
-43
-32
71
148
40
-72
-27
71
88
33
44
75
-1
-65
-30
128
159
-48
-302
-150
208
294
-37
-408
-322
132
413
160
-342
-479
-98
354
321
-94
-411
-294
117
313
83
-278
-316
-6
259
162
-201
-307
-1
272
193
-105
-241
-54
176
196
88
-62
-112
25
162
195
38
-175
-146
101
300
119
-214
-270
29
277
171
-185
-313
-82
205
194
-60
-211
-122
47
105
19
-134
-150
-34
58
61
-28
-124
-95
-7
36
-10
-64
-55
-28
29
71
91
-19
-135
-100
130
317
175
-181
-356
-65
420
456
-43
-460
-252
268
494
162
-279
-300
80
349
211
-107
-202
-13
153
136
14
-112
-128
0
138
90
-95
-238
-148
89
143
-47
-216
-172
38
158
55
-135
-179
-68
102
197
47
-168
-184
51
278
193
-121
-252
-24
223
205
-20
-154
-38
134
168
27
-61
-5
56
42
18
71
67
-2
-25
33
64
17
-79
-125
29
142
58
-146
-263
-101
153
230
32
-284
-351
-21
333
258
-166
-434
-220
208
323
-41
-369
-252
113
269
19
-234
-149
114
169
24
-134
-94
35
93
134
123
-23
-116
-18
178
264
38
-228
-179
146
304
85
-207
-227
26
173
101
-80
-161
-107
31
129
74
-75
-186
-113
72
97
-28
-150
-73
48
6
-82
-79
15
1
-87
-64
19
39
-84
-95
84
200
20
-230
-178
219
409
122
-322
-365
85
494
353
-184
-438
-142
341
427
39
-309
-219
190
371
142
-195
-264
35
316
211
-173
-320
-66
274
239
-85
-296
-181
39
129
32
-126
-189
-94
65
129
22
-179
-208
3
209
169
-86
-223
-56
196
211
-22
-159
-47
117
117
33
-13
-22
41
59
43
66
37
22
-10
16
98
89
11
-41
3
46
60
58
-28
-148
-79
109
166
-83
-320
-200
201
370
25
-446
-431
118
467
182
-317
-449
-59
306
202
-179
-320
-120
146
152
-43
-158
-104
37
122
75
-57
-126
-61
117
242
131
-127
-153
72
245
185
-68
-198
-57
161
248
51
-204
-234
5
221
153
-128
-283
-135
163
270
12
-280
-230
36
159
69
-100
-168
-86
33
45
5
-47
-108
-132
-45
81
81
-100
-170
-24
209
183
-96
-241
-63
268
313
38
-257
-263
92
408
298
-143
-385
-125
325
417
64
-333
-242
208
416
127
-231
-222
96
278
104
-169
-185
-2
139
115
-46
-142
-147
-61
69
86
-68
-235
-167
83
205
19
-218
-216
60
217
103
-87
-147
-10
134
128
23
-68
-53
8
92
111
12
-89
-40
114
170
20
-99
-34
115
127
38
-22
4
40
25
44
85
8
-185
-198
70
305
140
-309
-443
-51
386
317
-180
-513
-264
279
398
-18
-376
-328
58
303
118
-219
-328
-90
208
209
-87
-293
-132
146
248
46
-219
-179
78
229
182
4
-128
-60
124
224
129
-109
-208
-31
214
284
4
-287
-234
79
288
125
-190
-266
-38
178
106
-67
-159
-75
32
40
-29
-65
-74
-25
-3
-18
-24
-32
-58
-87
-40
18
10
-14
-27
-37
47
107
23
-77
-57
110
209
75
-151
-219
72
382
260
-166
-343
-28
326
307
-25
-246
-72
229
214
-14
-131
-36
136
131
-40
-144
-45
80
123
13
-114
-141
-94
3
46
0
-115
-150
-38
79
37
-81
-108
-56
30
73
76
19
-108
-87
81
200
87
-125
-177
26
177
160
-33
-108
-7
118
114
12
-29
8
52
41
78
88
8
-50
-14
106
123
-81
-232
-104
205
255
-76
-408
-279
158
406
136
-341
-494
-103
368
356
-81
-436
-326
116
377
67
-336
-305
42
289
106
-243
-249
55
241
109
-132
-183
-23
157
187
70
-61
-82
8
200
212
33
-185
-161
117
282
129
-156
-235
-42
164
163
-29
-197
-158
33
137
86
-62
-175
-147
38
134
49
-131
-167
-39
63
7
-45
-44
-64
-81
-31
10
14
-30
-85
-11
149
160
-73
-244
-58
308
358
-32
-393
-246
267
530
162
-362
-358
80
390
292
-78
-271
-71
228
257
46
-165
-137
103
222
36
-187
-154
66
208
60
-171
-210
-67
71
93
-50
-183
-175
-40
123
138
-45
-238
-192
76
284
122
-159
-222
-24
231
232
-26
-184
-93
92
158
81
-30
-67
-6
94
125
67
-28
-57
-4
95
152
75
-85
-97
55
151
85
-124
-217
-46
200
195
-79
-335
-232
118
356
143
-326
-490
-74
417
337
-192
-497
-214
255
348
-69
-383
-224
112
255
41
-204
-188
5
159
140
-39
-155
-105
77
226
164
-41
-173
-25
219
249
23
-202
-171
111
288
128
-138
-217
-99
101
203
45
-190
-241
-12
214
172
-108
-263
-128
94
142
-18
-160
-114
1
27
5
-14
-81
-110
-61
36
43
-44
-118
-69
108
194
35
-215
-193
139
405
198
-235
-399
-47
422
448
-13
-446
-281
219
497
238
-259
-391
39
417
320
-112
-354
-83
328
282
-110
-286
-103
195
201
-38
-193
-179
-18
93
46
-87
-201
-137
55
181
68
-204
-272
-34
248
216
-78
-229
-78
158
201
45
-106
-94
9
75
111
49
-28
-19
29
69
67
18
0
43
64
27
3
23
73
57
8
7
20
-51
-115
-14
137
137
-97
-342
-225
164
387
84
-382
-441
6
412
250
-244
-446
-151
247
273
-67
-340
-240
79
257
92
-216
-255
-16
235
172
-120
-242
-49
222
244
48
-140
-131
95
251
162
-58
-173
-86
125
255
118
-157
-272
-69
218
214
-68
-313
-181
153
258
43
-220
-232
9
169
75
-129
-185
-96
50
115
32
-126
-170
-83
75
112
-34
-181
-152
32
239
208
-74
-283
-150
205
370
160
-219
-324
-34
367
410
-25
-376
-231
245
432
140
-276
-266
127
373
195
-157
-222
3
225
163
-41
-159
-109
56
151
63
-86
-198
-140
48
145
-7
-228
-229
24
225
99
-197
-269
-46
211
218
-19
-202
-172
67
249
165
-65
-190
-79
142
217
35
-139
-80
106
177
51
-59
-30
44
55
47
84
79
-7
-78
-6
130
108
-109
-241
10
261
149
-219
-379
-108
287
323
-69
-449
-347
132
438
170
-331
-464
-114
319
300
-160
-441
-193
242
305
-64
-380
-213
230
323
-1
-277
-165
146
254
96
-52
-100
-13
149
218
105
-119
-190
12
254
232
-58
-280
-173
141
268
44
-226
-235
20
200
107
-113
-196
-78
81
108
-30
-142
-133
-6
72
19
-94
-96
-22
12
-38
-61
-23
11
-46
-69
84
168
18
-174
-155
160
349
164
-235
-361
8
449
391
-136
-409
-118
302
392
48
-309
-190
210
319
112
-154
-175
54
212
103
-113
-191
-11
183
135
-85
-227
-169
48
153
5
-192
-223
-40
133
130
-43
-198
-173
22
188
150
-54
-216
-96
160
272
47
-199
-187
70
242
126
-85
-110
37
122
82
10
-17
28
47
48
63
54
-6
-44
39
126
66
-52
-135
-94
93
189
32
-226
-296
-67
286
296
-99
-451
-322
191
429
76
-376
-432
4
382
200
-264
-404
-80
251
195
-128
-284
-61
188
174
-47
-186
-86
110
205
111
-24
-123
-30
204
252
38
-213
-154
120
263
147
-129
-233
-60
143
172
-3
-188
-199
4
175
137
-61
-241
-172
97
188
-13
-223
-164
62
156
-7
-187
-151
-18
61
15
-46
-71
-74
-61
43
183
119
-162
-234
-2
335
308
-34
-338
-232
195
471
218
-288
-385
20
431
366
-73
-355
-183
281
421
76
-297
-231
168
343
87
-259
-226
79
275
118
-186
-259
-68
117
87
-51
-180
-184
-37
113
132
-67
-216
-137
117
201
55
-148
-168
60
196
124
-74
-115
-9
82
81
49
2
15
6
32
56
54
31
23
45
28
19
37
61
63
14
-48
-24
24
-17
-59
28
107
32
-211
-270
-31
292
256
-178
-476
-212
297
376
-55
-425
-310
118
322
80
-257
-274
-39
162
119
-110
-210
-50
143
168
-10
-175
-124
57
219
196
-32
-181
-37
208
255
69
-186
-193
70
257
188
-105
-263
-131
146
260
37
-251
-248
24
223
83
-137
-165
-31
74
5
-99
-105
3
64
-26
-123
-70
40
30
-77
-104
-41
-5
-14
-28
34
110
39
-95
-128
29
238
250
-29
-273
-201
195
441
207
-276
-389
9
427
349
-97
-357
-82
341
338
-53
-299
-76
268
257
-60
-257
-141
134
227
37
-172
-226
-84
97
142
-21
-247
-237
5
219
124
-153
-269
-91
170
191
0
-157
-117
49
163
147
-11
-126
-70
82
152
65
-61
-24
74
83
20
-24
23
88
72
-36
-35
119
136
-12
-135
-33
156
108
-139
-230
9
259
132
-252
-376
-34
337
271
-183
-475
-234
277
387
3
-420
-359
51
350
149
-266
-353
-67
229
168
-116
-243
-57
168
162
-28
-175
-87
80
152
135
44
-59
-44
78
170
114
-42
-132
-26
173
180
-62
-221
-86
141
175
-4
-211
-179
48
201
72
-153
-193
-43
124
86
-86
-145
-99
33
91
-27
-144
-90
24
17
-48
-88
-47
18
-3
-22
74
108
-41
-153
-36
234
313
1
-342
-253
235
513
155
-335
-368
72
429
302
-123
-320
-49
265
281
54
-169
-146
62
192
114
-87
-162
-30
131
116
-64
-177
-145
1
97
12
-158
-171
-22
113
73
-96
-184
-94
81
174
85
-111
-161
-6
185
172
-43
-177
-67
114
174
56
-63
-35
56
105
55
-3
13
42
28
20
78
95
-9
-34
32
85
45
-80
-154
-34
155
169
-99
-331
-218
158
377
114
-364
-475
-68
387
345
-149
-514
-270
253
388
-19
-422
-301
116
316
52
-257
-222
47
205
127
-123
-184
-8
142
178
110
-57
-112
19
204
233
-16
-239
-129
173
304
85
-234
-241
26
211
125
-88
-220
-128
103
169
42
-149
-199
-46
109
93
-71
-166
-75
66
42
-57
-104
-54
-13
-48
-58
-16
25
-3
-93
-17
146
94
-118
-188
56
328
239
-126
-355
-139
327
463
82
-360
-307
119
406
260
-131
-275
-15
281
238
-32
-195
-65
185
180
-56
-199
-83
136
174
-10
-173
-171
-39
63
66
-53
-148
-148
-46
133
100
-87
-214
-120
137
212
22
-181
-116
110
184
49
-100
-84
37
118
77
14
-29
-10
60
95
59
-2
-39
50
85
69
46
-9
-10
37
77
67
-8
-113
-128
22
179
124
-154
-351
-177
237
373
-2
-457
-420
105
474
218
-336
-501
-96
331
262
-144
-371
-190
136
223
7
-205
-177
32
165
114
-64
-132
-35
100
147
98
-5
-59
36
130
88
11
-49
-23
66
119
50
-61
-113
-77
67
166
43
-195
-221
-5
214
139
-111
-220
-95
95
111
-32
-161
-115
23
76
19
-98
-127
-79
39
71
-36
-146
-104
39
189
169
-106
-270
-79
268
367
73
-299
-318
52
451
392
-118
-445
-197
324
453
90
-321
-251
187
395
145
-195
-217
64
264
111
-137
-198
-15
149
118
-32
-143
-139
-69
50
95
-31
-211
-182
39
184
64
-178
-242
-40
193
187
-23
-164
-119
54
194
122
-35
-140
-95
84
209
104
-89
-120
50
169
86
-52
-52
74
108
37
-19
20
60
52
27
0
-22
-71
-99
36
167
71
-180
-319
-114
232
293
-67
-425
-297
150
361
70
-301
-302
-27
219
143
-179
-304
-82
172
173
-87
-267
-103
151
212
13
-186
-162
75
257
165
-54
-144
-31
150
223
112
-87
-155
-36
185
221
7
-210
-202
50
256
145
-163
-286
-68
177
160
-56
-177
-127
28
107
35
-95
-156
-80
64
82
-23
-155
-143
-5
92
40
-95
-142
-63
71
164
106
-87
-213
-50
225
319
58
-279
-283
113
468
308
-251
-426
-15
398
350
-83
-323
-96
280
289
6
-189
-84
131
180
14
-147
-107
48
139
73
-73
-143
-128
-27
87
34
-137
-211
-76
127
144
-44
-205
-169
58
182
116
-72
-153
-65
121
211
53
-143
-151
42
204
141
-73
-133
27
166
86
-50
-42
76
104
1
-13
73
89
-12
-49
43
122
39
-147
-166
53
212
83
-246
-317
-31
289
267
-125
-463
-286
204
417
76
-374
-396
9
339
173
-246
-363
-70
229
175
-139
-247
-54
164
183
-35
-167
-94
95
177
123
15
-76
-68
121
233
132
-129
-212
-15
271
253
-60
-277
-149
134
216
15
-184
-202
5
161
121
-58
-187
-124
41
113
32
-128
-169
-32
78
39
-66
-115
-66
-11
-1
-15
-26
-48
-78
-11
159
137
-97
-244
-61
317
358
6
-366
-300
182
521
288
-285
-449
-30
400
404
-9
-339
-195
196
344
119
-160
-181
58
228
108
-114
-188
-36
164
156
-51
-197
-140
9
120
7
-173
-215
-62
128
162
-15
-222
-210
53
245
171
-116
-272
-80
228
296
22
-244
-193
89
279
151
-101
-187
-22
195
212
39
-135
-102
72
191
119
-33
-67
5
111
95
7
-81
-139
-53
154
170
-46
-297
-272
57
356
241
-253
-561
-210
400
458
-100
-530
-337
209
422
15
-411
-318
76
285
103
-243
-288
17
245
168
-105
-239
-82
175
243
113
-92
-164
-17
229
241
27
-182
-151
91
243
139
-97
-206
-60
125
170
6
-169
-216
-14
183
116
-80
-204
-109
88
118
-12
-152
-124
15
46
-4
-68
-82
-58
-36
5
16
-34
-108
-75
83
199
62
-193
-206
91
350
245
-119
-356
-161
299
476
113
-355
-354
111
483
302
-181
-363
-29
381
306
-108
-309
-75
307
278
-82
-265
-109
156
208
-3
-152
-159
-94
45
81
-15
-179
-193
-7
169
134
-99
-251
-126
134
213
50
-146
-162
17
207
152
-27
-141
-94
60
173
114
-46
-118
5
156
128
-27
-65
27
76
70
27
3
22
56
50
23
35
-22
-128
-83
101
179
-26
-278
-255
66
326
160
-291
-479
-98
377
322
-157
-444
-227
193
303
-14
-338
-275
49
257
68
-215
-226
26
222
128
-116
-221
-3
194
185
54
-104
-92
84
221
154
-24
-158
-106
111
263
143
-114
-286
-104
186
242
15
-254
-230
27
202
119
-83
-196
-132
58
129
19
-126
-129
-19
17
4
-21
-64
-95
-68
14
43
-40
-105
-66
69
172
84
-132
-198
23
300
283
-46
-343
-214
259
486
148
-355
-385
100
476
303
-176
-353
-14
360
273
-89
-247
-51
215
199
-40
-209
-112
81
175
53
-130
-205
-102
81
118
-39
-232
-211
24
196
104
-147
-273
-92
193
238
24
-209
-186
46
257
165
-79
-193
-55
149
201
54
-118
-121
56
179
100
-40
-54
57
73
53
55
41
-6
-2
31
72
72
-86
-199
-34
223
208
-132
-387
-208
209
366
44
-373
-417
4
371
254
-162
-416
-231
187
309
-20
-355
-247
116
262
5
-276
-188
116
234
75
-144
-183
0
151
186
105
-87
-142
5
229
275
20
-254
-202
134
362
175
-217
-333
-27
268
216
-85
-319
-199
118
236
82
-167
-257
-78
156
158
-47
-224
-150
64
142
10
-176
-162
-35
66
69
-57
-124
-55
27
96
129
5
-178
-140
134
303
159
-159
-322
-56
388
441
-61
-449
-221
289
429
113
-253
-227
101
306
148
-120
-169
38
223
109
-89
-175
-39
129
132
-21
-140
-152
-54
74
75
-99
-196
-102
60
147
9
-161
-178
-26
187
175
-39
-206
-86
133
182
25
-90
-42
64
54
13
-12
58
106
36
-60
-30
80
142
73
-57
-49
80
125
34
-42
-19
65
81
-35
-159
-50
152
162
-102
-345
-195
184
376
95
-404
-470
-5
456
333
-241
-551
-189
316
319
-116
-409
-214
187
261
-54
-307
-144
149
216
9
-189
-113
80
159
103
24
-79
-66
87
208
175
-48
-189
-55
181
202
-6
-180
-123
48
140
71
-111
-202
-58
157
133
-79
-201
-117
78
136
1
-172
-151
30
126
0
-162
-119
-5
54
-2
-81
-88
-21
29
35
55
79
-33
-154
-75
158
313
135
-198
-326
-19
404
420
-73
-435
-220
258
447
139
-287
-268
161
379
159
-193
-243
69
307
144
-176
-224
15
214
112
-120
-176
-97
6
55
17
-104
-162
-90
61
134
29
-154
-227
-34
193
204
-28
-229
-137
121
256
111
-125
-170
-24
140
170
51
-92
-76
56
152
77
-48
-62
62
110
55
3
2
48
85
26
-37
-48
-64
-40
75
147
15
-235
-286
-18
296
232
-136
-446
-272
238
424
23
-424
-365
74
345
135
-273
-368
-69
224
177
-110
-241
-94
138
173
-4
-184
-144
69
241
172
-25
-141
-67
152
240
88
-116
-145
12
208
193
-21
-199
-165
54
220
129
-150
-282
-90
179
219
-28
-236
-181
46
171
35
-117
-146
-57
56
51
-30
-100
-101
-44
46
27
-64
-84
-85
12
154
152
-58
-218
-95
200
348
120
-256
-361
13
474
421
-132
-468
-182
334
443
58
-323
-216
222
334
74
-188
-140
102
222
49
-122
-149
-8
150
120
-68
-186
-180
-9
165
105
-133
-295
-191
103
256
70
-236
-259
3
214
169
-65
-196
-80
124
189
86
-88
-148
-39
135
177
60
-84
-67
31
85
69
34
20
23
-11
40
100
82
0
-68
1
118
116
-110
-236
-54
225
213
-153
-393
-178
268
383
-24
-486
-383
153
428
165
-318
-427
-66
297
223
-185
-362
-140
193
204
-82
-266
-121
132
219
47
-150
-170
8
183
193
83
-67
-117
27
213
189
-28
-191
-82
194
256
18
-229
-175
90
195
51
-140
-176
-58
102
110
12
-129
-136
-2
65
21
-54
-107
-72
-7
33
-22
-75
-77
-67
-6
8
-8
-35
-54
-49
74
127
1
-159
-91
186
316
81
-290
-308
121
488
303
-223
-429
-64
393
394
-16
-332
-164
218
328
97
-162
-156
78
210
74
-122
-166
-7
143
126
-66
-182
-155
8
122
14
-154
-200
-67
97
142
4
-185
-194
8
210
163
-58
-212
-124
140
282
105
-177
-205
20
211
183
-28
-140
-45
131
164
31
-68
-36
71
113
70
-5
-6
41
73
69
9
-48
-128
-50
139
158
-42
-302
-282
54
385
259
-255
-561
-238
376
487
-27
-536
-447
130
483
173
-372
-452
-33
346
225
-226
-365
-55
255
243
-52
-256
-153
133
291
170
-92
-212
-37
247
278
32
-232
-184
130
304
151
-175
-255
-56
178
195
10
-220
-240
9
222
161
-71
-249
-174
91
189
18
-220
-187
40
142
29
-164
-159
-25
80
23
-80
-149
-70
46
137
126
-47
-181
-112
127
320
194
-176
-334
-94
335
458
72
-365
-323
124
435
295
-128
-344
-60
331
310
-21
-259
-117
210
251
-13
-226
-151
99
237
90
-146
-240
-133
92
163
-2
-231
-253
-46
214
205
-79
-311
-223
104
332
164
-194
-294
-41
269
282
-10
-260
-184
114
277
130
-104
-160
2
186
182
-21
-138
-60
108
157
86
-14
-71
-3
90
86
38
-54
-129
-68
114
170
-24
-299
-297
70
400
198
-317
-524
-111
422
356
-186
-480
-238
220
344
-38
-387
-266
92
256
63
-239
-245
42
214
117
-90
-183
-46
171
199
69
-95
-117
53
216
180
-26
-167
-85
129
243
93
-157
-224
-21
212
173
-65
-259
-153
101
211
50
-156
-195
-46
132
94
-66
-151
-105
37
61
-16
-91
-107
-48
14
11
-19
-50
-58
-36
60
113
49
-105
-138
71
263
206
-83
-287
-152
249
449
121
-341
-344
110
460
301
-189
-351
-12
356
286
-65
-266
-63
219
204
-45
-187
-94
89
140
13
-110
-163
-104
53
129
-17
-220
-235
16
227
129
-163
-297
-117
171
252
59
-198
-212
30
268
222
-78
-242
-108
140
260
87
-134
-166
51
197
136
-33
-96
-1
127
112
5
-43
-3
89
71
38
1
-95
-137
28
197
122
-187
-373
-152
254
376
31
-425
-444
51
439
237
-249
-468
-167
285
319
-109
-392
-228
135
270
42
-261
-241
62
281
140
-187
-257
-3
221
235
74
-126
-151
51
256
242
-4
-239
-181
137
348
180
-205
-333
-77
263
255
-49
-310
-223
112
277
95
-183
-264
-96
162
180
-53
-240
-168
68
169
34
-156
-212
-72
114
101
-80
-197
-91
87
168
117
-101
-204
-62
196
307
126
-212
-321
-24
391
391
-52
-409
-223
256
455
138
-258
-273
108
377
186
-166
-243
15
263
178
-93
-227
-93
155
209
-9
-212
-212
-14
139
91
-121
-258
-147
87
209
69
-181
-268
-69
189
217
-3
-227
-141
109
244
111
-137
-179
30
178
115
-34
-74
-2
101
94
0
-74
19
132
112
13
-46
-9
72
108
63
8
-27
-109
-110
96
195
32
-224
-284
-50
238
260
-48
-368
-304
104
350
139
-270
-393
-64
294
202
-197
-346
-109
189
206
-84
-307
-144
171
242
33
-215
-185
54
188
187
51
-116
-105
69
219
174
-33
-182
-79
165
234
48
-174
-187
0
175
142
-70
-218
-130
72
173
68
-119
-208
-83
115
123
-60
-177
-101
51
79
-45
-121
-108
-28
32
4
-63
-79
-38
17
102
116
-66
-198
-71
222
346
91
-310
-357
82
500
367
-212
-476
-73
451
409
-51
-344
-167
257
365
84
-232
-193
129
279
110
-171
-213
-3
201
147
-81
-199
-137
18
94
34
-117
-216
-120
70
185
60
-183
-238
-27
198
185
-19
-204
-127
100
228
96
-113
-157
-19
149
154
6
-81
-40
54
123
77
4
-16
11
43
59
78
21
3
61
37
23
2
-97
-108
63
197
43
-245
-329
-32
327
274
-137
-484
-330
228
471
109
-439
-474
35
408
198
-311
-420
-43
313
203
-222
-348
-36
250
206
-66
-257
-110
139
223
130
-46
-141
-46
146
241
134
-102
-192
-28
197
217
18
-194
-173
29
176
136
-103
-254
-113
134
210
14
-222
-213
13
197
111
-135
-209
-54
91
59
-80
-140
-73
21
58
16
-120
-146
-45
118
189
60
-197
-224
45
327
303
-40
-357
-240
212
483
225
-265
-391
-12
411
373
-51
-350
-136
270
336
69
-207
-182
121
249
92
-154
-183
12
156
116
-45
-158
-194
-45
138
93
-126
-257
-148
131
224
39
-248
-295
10
274
173
-122
-248
-69
211
268
23
-210
-162
73
225
162
-76
-199
-32
195
209
17
-141
-78
93
164
105
-17
-68
11
113
118
-6
-116
-126
-29
175
186
-53
-309
-300
45
343
233
-210
-489
-209
304
408
-9
-458
-388
77
379
165
-275
-378
-69
244
161
-144
-246
-62
167
179
-46
-189
-68
130
187
68
-67
-63
55
163
141
13
-113
-96
88
225
124
-120
-219
-45
160
176
-15
-202
-190
34
174
81
-108
-144
-69
53
65
-28
-117
-112
-15
74
22
-91
-121
-57
14
-4
-31
-70
-44
1
51
98
15
-103
-120
21
236
251
3
-272
-237
156
441
221
-230
-372
-9
374
347
-45
-294
-133
211
301
83
-175
-134
124
248
38
-195
-202
24
235
134
-116
-244
-130
74
153
5
-209
-251
-55
202
190
-77
-294
-217
119
295
100
-166
-242
-23
241
253
8
-233
-162
85
229
131
-86
-120
43
149
64
-48
-15
103
114
-2
-32
37
101
83
0
-22
-15
16
-35
-38
61
104
-46
-225
-201
60
274
143
-236
-430
-127
322
333
-84
-411
-288
111
293
42
-275
-252
47
215
45
-221
-204
57
201
83
-126
-168
-3
149
134
28
-27
-47
12
122
177
84
-103
-151
32
218
186
-67
-237
-123
136
195
7
-188
-176
3
129
123
-28
-165
-134
32
108
21
-123
-132
-50
45
45
-40
-114
-107
-39
8
17
-32
-67
-64
23
149
86
-129
-193
12
309
301
-80
-360
-210
274
528
154
-383
-390
102
486
309
-152
-356
-58
323
320
-22
-249
-108
192
221
0
-173
-105
79
161
19
-131
-155
-66
59
77
-46
-165
-148
-29
121
103
-81
-211
-128
105
223
78
-146
-203
-21
199
194
2
-167
-114
56
161
118
-1
-64
-19
55
99
66
14
-19
7
50
76
71
34
16
-2
2
42
-11
-118
-67
117
163
-32
-287
-272
50
363
210
-290
-517
-103
430
372
-184
-536
-269
237
393
-20
-405
-293
80
259
57
-218
-222
25
209
126
-121
-209
-53
161
235
107
-107
-167
-5
264
249
-16
-228
-132
178
309
103
-225
-282
7
228
188
-64
-249
-152
89
198
57
-154
-183
-37
133
117
-81
-206
-132
80
126
-26
-184
-132
18
69
-3
-72
-92
-64
14
114
135
-46
-215
-130
181
349
154
-227
-325
-4
366
357
-60
-333
-179
236
395
111
-240
-236
125
365
204
-155
-269
17
316
204
-116
-261
-97
168
219
19
-182
-199
-69
91
99
-53
-197
-192
7
170
113
-130
-252
-97
155
200
21
-146
-115
44
148
74
-48
-76
6
92
61
14
-14
12
77
68
-11
-57
38
134
128
11
-47
2
60
76
35
-12
10
-47
-105
-2
160
135
-136
-350
-202
198
399
83
-431
-484
41
467
247
-293
-472
-127
296
277
-131
-372
-185
135
219
-12
-264
-174
95
212
90
-147
-218
-13
187
234
71
-157
-151
116
291
195
-104
-257
-89
208
304
73
-224
-233
-2
204
181
-43
-243
-166
90
194
46
-133
-168
-63
67
74
-59
-120
-33
29
-4
-56
-71
-55
-60
-21
19
-40
-83
-46
32
50
64
-18
-164
-104
183
340
151
-238
-354
-21
409
448
-35
-445
-270
256
506
202
-288
-336
104
406
215
-145
-250
6
264
183
-80
-236
-97
161
215
11
-192
-211
-66
128
129
-64
-236
-206
23
212
122
-159
-290
-102
198
252
29
-229
-201
59
261
212
-85
-240
-103
140
242
80
-118
-130
70
205
108
-65
-104
29
174
139
-7
-80
-39
103
152
62
-56
-159
-125
103
237
91
-250
-377
-81
312
324
-73
-474
-344
175
449
123
-373
-445
-46
317
200
-198
-347
-106
200
211
-105
-324
-131
181
245
23
-241
-195
83
241
150
-30
-116
-28
121
166
96
-32
-106
-28
106
161
43
-129
-158
4
158
106
-83
-177
-111
72
145
47
-94
-172
-70
83
97
-43
-184
-127
42
97
-17
-162
-128
-3
79
1
-124
-144
-36
117
148
52
-115
-158
-16
206
250
47
-223
-247
83
412
294
-148
-350
-126
303
400
67
-265
-195
162
297
127
-107
-137
39
179
100
-74
-144
-16
136
126
-54
-174
-139
-6
113
63
-139
-233
-89
102
159
19
-182
-208
-16
197
182
-38
-220
-130
122
261
111
-153
-195
13
218
181
-64
-179
-24
197
186
2
-139
-40
146
196
73
-85
-87
40
150
121
-6
-115
-151
-50
163
210
-10
-305
-319
11
363
270
-202
-501
-246
287
405
-21
-437
-354
82
337
113
-276
-332
-31
222
124
-186
-252
-21
158
137
-42
-157
-79
55
118
143
79
-74
-115
51
217
165
-56
-201
-87
176
279
71
-240
-269
14
276
210
-112
-314
-181
148
281
81
-217
-284
-36
227
147
-134
-278
-93
125
127
-66
-198
-130
53
102
-13
-171
-152
4
128
185
25
-201
-195
71
341
286
-101
-380
-214
271
496
178
-316
-375
53
432
316
-106
-316
-72
316
291
5
-193
-108
167
209
-10
-172
-103
101
170
28
-126
-149
-50
24
52
-1
-114
-165
-108
63
123
29
-136
-193
-37
169
150
-37
-153
-99
90
192
95
-78
-145
-33
143
160
11
-104
-29
114
128
18
-54
2
92
107
37
-3
9
39
65
23
-8
18
-34
-99
4
141
73
-184
-303
-95
278
310
-94
-467
-310
214
425
101
-398
-405
23
315
144
-238
-333
-69
208
140
-117
-221
-66
125
170
-23
-179
-121
73
221
143
-42
-136
-11
187
220
73
-144
-190
20
257
237
-70
-297
-147
146
293
79
-250
-315
-43
266
252
-46
-315
-234
78
264
80
-248
-280
9
235
137
-173
-312
-136
146
201
-24
-250
-210
9
224
222
-23
-291
-211
155
430
247
-200
-400
-173
336
534
113
-454
-403
155
541
325
-195
-407
-64
386
382
-22
-310
-154
196
294
48
-206
-198
40
208
129
-98
-219
-146
24
161
55
-178
-270
-104
189
237
-35
-321
-265
98
313
187
-142
-287
-116
201
329
95
-217
-269
-5
286
254
-30
-205
-106
150
213
51
-90
-37
105
137
68
-44
-75
74
184
97
-85
-157
-103
41
197
164
-120
-341
-223
155
356
108
-310
-422
-57
341
292
-150
-429
-239
168
315
27
-312
-277
21
208
61
-185
-211
8
187
132
-98
-202
-55
166
200
63
-77
-90
18
158
194
65
-137
-183
27
233
194
-60
-256
-120
130
214
23
-194
-203
-5
156
101
-43
-146
-110
6
42
-8
-58
-63
-34
-10
-44
-73
-52
-17
2
-42
-80
-63
-21
10
24
88
73
-120
-172
20
284
271
-70
-387
-208
315
525
131
-374
-364
118
474
289
-192
-335
-2
358
300
-76
-254
-53
247
245
-45
-221
-130
109
198
56
-149
-190
-92
94
126
-7
-203
-230
-44
194
178
-80
-298
-207
134
289
124
-162
-265
-49
269
269
-20
-273
-149
146
280
127
-147
-200
10
227
201
-35
-140
-27
153
164
39
-71
-37
87
134
46
-50
-73
-89
11
134
90
-106
-256
-162
146
294
70
-317
-389
-25
317
252
-204
-444
-185
237
300
-81
-362
-227
116
222
-21
-252
-150
96
186
44
-160
-169
25
194
177
22
-127
-99
91
248
180
-49
-212
-95
151
263
106
-178
-242
-2
208
139
-103
-222
-101
108
170
35
-141
-184
-63
128
129
-42
-207
-158
47
131
-9
-175
-137
10
92
28
-123
-167
-39
88
153
81
-108
-220
-60
252
333
73
-301
-307
107
456
344
-177
-429
-113
344
406
45
-288
-215
188
403
144
-220
-239
97
333
145
-170
-241
-19
208
170
-51
-217
-168
11
142
85
-139
-263
-160
81
226
60
-210
-271
-58
207
223
-4
-201
-146
65
195
103
-97
-145
-27
123
168
49
-114
-92
84
160
79
-44
-69
43
156
138
12
-86
-38
106
153
36
-80
-150
-79
126
205
37
-236
-328
-88
267
333
-25
-444
-370
117
394
149
-309
-394
-53
261
175
-156
-306
-111
128
129
-86
-196
-62
82
127
35
-93
-129
-29
122
191
95
-68
-126
39
228
206
-17
-204
-119
143
256
101
-142
-220
-39
180
160
-40
-203
-164
82
201
81
-120
-210
-91
68
113
-8
-132
-106
7
42
-45
-131
-83
7
35
-29
-95
-70
-18
21
103
100
-68
-183
-60
193
285
86
-206
-265
41
354
315
-82
-346
-157
271
400
74
-262
-210
171
315
120
-135
-155
78
227
88
-124
-179
3
192
129
-95
-191
-121
2
100
66
-104
-221
-163
52
201
76
-176
-264
-64
197
250
-9
-229
-187
68
292
185
-111
-244
-103
173
285
91
-173
-173
75
249
148
-83
-148
6
195
196
18
-128
-78
99
181
103
-65
-220
-141
129
273
72
-267
-372
-69
320
325
-106
-464
-294
208
391
58
-340
-338
13
263
119
-194
-278
-80
148
139
-107
-232
-74
142
164
-22
-190
-114
104
188
111
-23
-80
-35
110
202
113
-79
-182
-29
192
229
31
-226
-192
49
219
146
-111
-264
-140
124
206
56
-175
-243
-44
167
127
-103
-222
-108
96
97
-46
-169
-108
21
51
-39
-126
-104
19
102
71
12
-93
-133
8
218
241
20
-235
-239
112
418
271
-171
-378
-85
374
401
-10
-339
-178
239
346
83
-199
-139
136
237
58
-158
-166
46
218
87
-138
-211
-104
88
154
17
-187
-259
-106
148
226
-10
-277
-245
52
293
211
-126
-291
-121
194
285
85
-178
-201
12
208
186
-19
-146
-61
121
194
57
-90
-61
84
183
87
-64
-83
33
170
118
-26
-118
-126
-5
141
162
-59
-278
-236
37
286
197
-179
-423
-180
246
323
-41
-368
-260
108
249
15
-285
-236
36
207
59
-203
-216
22
170
75
-107
-167
-4
145
100
36
-10
-23
35
82
125
64
-39
-98
-11
157
163
-30
-176
-114
90
174
45
-147
-188
-30
126
120
-4
-135
-156
-39
131
87
-87
-216
-114
106
129
-50
-192
-147
8
125
9
-138
-127
16
79
96
45
-110
-168
15
277
267
-42
-331
-212
218
498
219
-311
-413
48
464
338
-120
-326
-54
297
298
-25
-225
-82
193
228
12
-161
-126
47
155
77
-44
-146
-134
-43
79
65
-74
-206
-151
74
185
33
-205
-247
30
236
144
-122
-234
-50
215
217
-23
-199
-128
104
214
84
-102
-112
57
182
126
-54
-117
5
162
174
43
-107
-89
77
193
134
-62
-145
-142
26
193
182
-101
-354
-258
113
398
209
-308
-534
-173
348
391
-60
-470
-305
168
323
21
-338
-285
54
239
73
-205
-236
-8
183
150
-72
-193
-75
110
185
121
-21
-123
-51
143
239
123
-134
-218
6
241
207
-49
-210
-108
89
183
92
-146
-235
-50
162
177
-33
-205
-158
28
141
30
-124
-146
-6
72
-7
-130
-123
-21
58
22
-86
-158
-83
64
154
117
-48
-232
-133
159
334
182
-177
-358
-98
350
457
38
-393
-301
210
478
215
-242
-343
54
427
264
-137
-296
-38
309
287
-82
-302
-155
171
286
56
-244
-253
-43
170
157
-99
-289
-185
47
191
101
-141
-241
-117
126
195
52
-140
-154
-11
146
161
26
-138
-115
25
135
136
-1
-121
-61
145
186
34
-102
-39
96
150
76
-35
-38
31
115
97
-15
-88
-103
-27
131
162
-35
-257
-252
14
282
213
-187
-413
-163
258
300
-98
-395
-227
170
265
-30
-337
-235
93
256
53
-256
-254
35
248
179
-117
-278
-102
177
288
123
-106
-193
-3
257
241
4
-197
-127
110
248
137
-124
-243
-75
153
202
7
-196
-191
8
159
128
-70
-191
-130
58
125
26
-153
-167
-23
98
66
-95
-174
-94
35
81
-26
-174
-140
45
209
153
-106
-265
-123
219
377
161
-250
-374
-44
434
454
-51
-453
-285
268
493
205
-262
-319
80
373
220
-124
-226
15
264
158
-108
-181
-15
160
147
-50
-162
-88
2
30
11
-70
-133
-117
-2
81
39
-72
-142
-92
59
122
59
-44
-128
-44
121
181
55
-127
-132
27
174
123
-46
-107
7
151
131
-15
-69
9
109
99
36
3
-12
30
94
71
5
-111
-160
-5
248
180
-175
-402
-201
268
408
22
-470
-450
84
480
245
-333
-515
-117
332
311
-153
-434
-201
204
286
-62
-361
-192
166
275
36
-250
-221
53
241
201
14
-153
-120
91
277
214
-72
-248
-136
172
329
117
-216
-299
-17
259
221
-87
-288
-147
113
205
53
-150
-201
-64
138
133
-76
-252
-122
130
173
-70
-257
-157
65
168
31
-177
-185
-17
106
130
57
-88
-177
-50
204
294
94
-236
-298
39
423
357
-132
-409
-134
342
410
10
-308
-179
221
374
98
-204
-192
102
259
114
-118
-171
-13
168
130
-55
-185
-88
16
72
9
-114
-147
-86
22
86
48
-91
-182
-109
98
196
51
-139
-172
0
210
195
-43
-215
-112
124
210
74
-107
-142
33
203
163
-16
-127
-44
115
187
103
-41
-91
14
137
90
-46
-135
-123
66
199
47
-207
-283
-71
229
286
-43
-410
-349
127
392
156
-291
-403
-69
257
176
-186
-309
-60
169
111
-128
-207
-41
138
108
-31
-139
-75
58
167
101
3
-72
-42
108
169
108
-44
-127
-27
141
187
23
-147
-142
45
163
118
-70
-227
-159
72
187
80
-87
-194
-110
83
140
-28
-155
-117
40
74
-37
-136
-102
12
63
-23
-116
-112
-1
73
116
64
-105
-198
-40
235
311
60
-273
-301
72
447
320
-169
-416
-100
359
390
25
-286
-187
170
319
147
-127
-173
45
242
101
-138
-167
21
195
109
-78
-174
-131
-2
110
68
-122
-227
-144
70
205
46
-211
-268
-34
231
195
-48
-223
-125
106
212
109
-102
-166
-35
123
143
38
-56
-48
47
107
68
-9
-14
48
96
57
19
-1
36
69
51
13
-14
-56
-42
48
122
7
-199
-231
-26
210
210
-71
-341
-258
126
303
69
-272
-317
0
239
114
-202
-257
-55
114
51
-101
-132
-18
84
72
-38
-127
-55
111
132
56
-20
-41
25
118
136
49
-41
-59
-21
98
168
61
-122
-148
-17
132
114
-62
-158
-104
36
121
46
-102
-140
-25
72
22
-94
-106
-11
35
-10
-105
-101
-13
21
0
-63
-117
-73
29
61
54
50
-72
-157
-25
214
286
49
-275
-265
99
435
298
-160
-400
-128
353
402
34
-295
-180
208
351
79
-208
-144
145
238
39
-173
-133
104
202
38
-133
-161
-58
47
71
-11
-122
-175
-102
53
165
64
-182
-254
-33
216
196
-34
-225
-142
86
260
145
-134
-242
-64
207
243
12
-195
-104
147
240
74
-121
-90
71
184
107
-42
-74
26
156
146
6
-105
-168
-46
169
195
-34
-296
-273
41
324
237
-211
-482
-212
280
397
-2
-424
-368
51
328
129
-247
-337
-47
206
135
-137
-257
-82
135
149
-4
-128
-97
48
126
140
57
-59
-64
59
164
152
-7
-163
-103
148
264
64
-197
-198
17
188
149
-81
-241
-112
117
181
42
-149
-205
-47
144
96
-126
-179
-36
95
19
-126
-119
-26
69
16
-104
-124
-25
79
50
-4
-6
-51
-72
45
197
198
-24
-237
-182
136
393
196
-180
-292
-3
324
252
-56
-216
-27
241
227
-31
-171
-2
200
127
-66
-159
-50
130
161
-14
-132
-103
-46
12
30
-19
-107
-161
-92
50
154
48
-166
-238
-64
180
233
9
-215
-195
52
263
192
-96
-254
-110
163
259
69
-157
-142
98
225
64
-98
-63
99
164
87
-29
-75
1
136
124
-8
-120
-141
-19
178
184
-65
-319
-250
77
339
190
-269
-480
-132
346
340
-128
-449
-264
193
302
-44
-344
-212
117
230
-27
-280
-167
92
213
72
-155
-193
2
177
179
75
-81
-133
1
211
253
59
-169
-188
61
296
213
-102
-296
-120
180
262
38
-233
-246
12
222
161
-73
-213
-129
68
139
-24
-177
-124
51
102
-43
-159
-135
31
81
-8
-139
-149
6
87
70
60
-20
-171
-129
122
325
220
-148
-359
-146
325
475
75
-391
-316
199
480
203
-228
-291
52
340
224
-99
-203
-12
227
187
-62
-191
-89
138
179
-9
-152
-124
-41
44
41
-33
-142
-151
-52
86
114
-20
-194
-187
56
208
115
-119
-195
-59
176
211
20
-146
-126
6
154
134
-4
-94
-8
144
100
-35
-58
47
149
97
-42
-65
38
142
124
-14
-124
-78
1
55
113
58
-119
-234
-145
89
272
94
-288
-396
-46
339
285
-153
-412
-205
171
249
-30
-276
-201
61
161
-12
-195
-139
78
171
63
-135
-182
-3
185
220
61
-154
-150
74
262
207
-25
-228
-137
157
290
144
-157
-261
-71
188
227
6
-248
-253
4
234
168
-104
-242
-128
90
151
16
-200
-184
28
160
42
-177
-218
-36
135
75
-113
-211
-81
110
164
72
-98
-221
-59
193
311
139
-207
-324
-52
348
409
9
-351
-265
166
401
211
-178
-264
71
323
203
-112
-234
21
295
164
-123
-221
-53
192
221
-19
-219
-205
-19
140
98
-108
-239
-171
34
180
104
-120
-259
-141
148
257
74
-180
-229
-11
241
247
-14
-236
-180
65
259
198
-87
-213
-13
227
192
-58
-151
-7
196
185
-1
-133
-55
136
218
69
-148
-192
-80
126
255
103
-235
-389
-127
285
352
-24
-423
-387
85
423
221
-282
-489
-141
294
293
-132
-373
-183
140
195
-32
-241
-138
66
167
62
-125
-175
-3
181
194
44
-114
-104
71
204
190
-6
-170
-133
112
273
137
-159
-281
-37
234
187
-80
-236
-147
82
187
86
-101
-178
-86
86
98
-47
-165
-123
75
121
-46
-202
-137
60
139
-5
-229
-221
30
225
182
-7
-223
-234
27
347
340
-14
-365
-313
148
502
344
-244
-498
-82
447
444
-31
-398
-208
297
441
90
-285
-223
164
337
130
-185
-259
-3
258
182
-75
-239
-170
24
153
68
-143
-236
-128
89
176
29
-177
-236
-43
187
186
-29
-174
-123
57
178
101
-55
-133
-58
89
154
68
-57
-99
39
157
107
-50
-67
64
135
76
-34
-41
35
106
126
24
-68
-103
-71
67
178
63
-204
-305
-85
252
290
-68
-424
-331
148
407
117
-368
-426
17
336
173
-242
-385
-71
224
164
-146
-277
-74
159
191
15
-195
-162
51
200
164
36
-120
-115
105
258
189
-61
-232
-93
165
291
92
-222
-226
25
223
160
-104
-228
-113
100
165
34
-114
-147
-68
78
105
-54
-180
-110
77
128
-43
-186
-153
27
105
-11
-160
-149
15
144
146
13
-203
-198
85
327
244
-98
-344
-191
234
480
181
-323
-383
71
452
298
-128
-303
-37
289
252
-37
-161
-10
169
146
-26
-141
-83
89
170
41
-133
-164
-63
56
78
-10
-157
-186
-66
89
123
-5
-152
-182
-37
135
173
-15
-207
-166
96
276
160
-138
-267
-102
187
300
91
-165
-186
27
244
185
-51
-165
0
210
196
-8
-169
-66
181
213
28
-145
-196
-40
228
251
-42
-369
-336
79
402
252
-247
-515
-202
324
410
-59
-466
-321
144
334
47
-317
-290
24
227
67
-202
-210
12
176
115
-80
-164
-63
104
162
57
-17
-47
2
109
172
109
-59
-145
-38
154
217
59
-169
-185
2
173
173
-43
-230
-188
70
216
77
-136
-231
-66
145
130
-91
-211
-114
73
118
-64
-188
-103
46
91
-41
-180
-144
60
185
107
-75
-181
-137
125
302
204
-105
-318
-193
206
456
216
-267
-367
-4
388
331
-46
-293
-117
255
315
41
-184
-106
138
209
14
-149
-112
85
200
47
-148
-203
-89
81
107
-7
-163
-194
-77
92
140
10
-179
-217
-3
195
181
-18
-213
-164
93
244
138
-116
-184
-24
138
175
26
-73
-49
81
118
24
-39
31
94
73
4
-11
26
75
88
23
-37
-4
-42
-73
40
142
28
-196
-268
-35
270
245
-154
-476
-237
283
420
-4
-451
-362
90
341
93
-321
-331
-4
245
101
-184
-222
-31
173
146
-61
-211
-105
151
220
79
-74
-112
26
163
171
62
-86
-105
7
159
169
6
-193
-167
53
203
139
-123
-253
-129
144
232
33
-206
-210
-1
168
91
-129
-219
-47
130
66
-110
-186
-88
74
103
-16
-200
-150
47
180
128
-32
-200
-170
97
353
269
-112
-393
-202
291
509
157
-380
-411
77
531
350
-205
-382
-36
370
327
-45
-261
-84
233
221
-44
-197
-67
139
153
-9
-143
-141
-36
51
65
-50
-154
-168
-39
107
90
-39
-174
-150
23
150
72
-65
-102
-9
93
95
12
-50
-58
-8
65
91
38
-30
-12
91
78
1
-49
24
102
94
32
-30
-8
60
101
55
-18
-84
-109
23
179
148
-116
-343
-251
140
381
154
-324
-464
-78
363
305
-144
-469
-259
200
347
-2
-361
-274
69
223
13
-196
-179
13
152
128
-86
-161
-58
120
177
101
-33
-96
-1
147
212
86
-128
-157
14
216
214
-37
-228
-122
126
186
41
-153
-202
-32
135
121
2
-121
-132
-34
76
64
-69
-143
-40
61
18
-107
-110
-14
60
15
-108
-175
-47
121
135
58
-55
-193
-113
139
299
181
-120
-313
-120
275
398
69
-324
-268
157
426
189
-206
-246
77
308
168
-112
-165
45
238
135
-129
-181
-11
165
167
-34
-195
-158
3
97
57
-90
-204
-138
25
136
60
-108
-198
-103
87
164
48
-109
-145
-17
150
172
4
-139
-99
34
141
107
-19
-101
-23
125
138
32
-60
-36
85
124
65
-16
-16
58
111
59
-36
-90
-95
28
167
106
-149
-294
-147
193
322
43
-371
-384
54
389
187
-286
-410
-91
282
227
-181
-367
-129
207
199
-114
-306
-119
175
209
-5
-201
-168
67
219
151
-23
-119
-57
101
217
155
-42
-150
-61
109
194
97
-105
-171
-25
121
135
-16
-153
-153
26
152
94
-61
-168
-94
59
81
-18
-136
-111
44
78
-49
-169
-106
24
63
-23
-139
-130
8
116
67
7
-67
-154
-59
167
297
121
-190
-318
-75
380
460
3
-427
-302
198
478
227
-210
-315
32
338
243
-86
-220
3
221
161
-59
-157
-53
113
105
-21
-99
-119
-61
33
55
-17
-149
-191
-41
130
136
-56
-208
-155
70
211
101
-131
-185
-40
167
184
4
-153
-81
60
132
80
-42
-55
52
138
75
-60
-63
63
175
117
-44
-92
-12
141
188
64
-99
-168
-90
101
238
81
-198
-315
-168
181
377
74
-402
-439
21
393
237
-223
-450
-146
240
227
-111
-317
-153
120
138
-105
-237
-74
163
156
-5
-166
-170
47
161
168
53
-94
-76
72
201
150
-30
-149
-78
109
228
109
-131
-216
-44
165
196
-15
-224
-169
67
201
72
-132
-203
-38
130
78
-111
-207
-41
144
120
-104
-260
-131
104
134
-21
-190
-167
16
135
123
46
-97
-193
-67
202
337
139
-240
-373
-44
446
473
-50
-468
-261
295
494
148
-318
-299
156
415
179
-167
-231
48
245
130
-98
-171
-25
167
170
-56
-211
-158
-10
108
89
-108
-237
-143
55
155
62
-152
-228
-38
172
168
-37
-190
-114
53
180
142
-45
-166
-96
87
185
105
-84
-153
16
207
169
-74
-184
10
226
215
-4
-168
-59
159
218
36
-130
-175
-39
146
206
18
-270
-300
-50
291
292
-87
-430
-310
157
363
92
-320
-362
11
247
96
-222
-282
-23
178
59
-185
-203
53
186
72
-116
-160
-28
125
144
79
6
-79
-40
96
185
152
-39
-163
-66
142
270
99
-182
-225
-2
195
152
-61
-192
-118
64
152
54
-97
-176
-57
74
89
-51
-147
-89
61
99
-62
-190
-108
74
98
-50
-182
-158
35
166
126
-12
-194
-182
66
315
273
-60
-332
-240
187
480
235
-272
-398
-24
403
386
-58
-319
-128
255
294
26
-173
-71
152
189
17
-124
-102
76
142
-8
-137
-82
-8
-17
-12
-2
-82
-147
-123
11
134
65
-105
-204
-90
123
188
24
-174
-169
28
216
180
-57
-197
-99
113
185
71
-91
-112
71
180
75
-98
-88
104
207
89
-73
-109
26
183
174
-3
-141
-167
-31
183
216
-37
-297
-274
24
331
252
-161
-460
-231
238
349
2
-376
-297
78
290
66
-279
-315
-14
223
102
-164
-230
-17
164
124
-63
-186
-52
102
150
100
-10
-73
-35
120
217
139
-56
-195
-67
154
257
86
-198
-227
2
214
170
-56
-233
-175
76
212
105
-115
-224
-84
121
137
-62
-217
-120
79
137
-56
-218
-121
51
122
0
-167
-158
-17
134
153
16
-181
-195
55
284
256
-40
-306
-209
197
440
202
-269
-386
18
406
314
-87
-288
-79
262
275
5
-189
-65
183
204
-15
-159
-111
85
195
38
-163
-171
-35
80
89
-65
-183
-162
-43
119
133
-30
-202
-196
7
207
161
-60
-215
-138
84
229
149
-84
-217
-76
163
225
67
-130
-132
70
202
88
-98
-82
96
212
98
-87
-126
53
221
158
-54
-160
-145
17
220
200
-77
-342
-301
66
381
265
-220
-519
-251
290
429
14
-417
-343
60
289
87
-254
-277
-17
161
64
-157
-169
-1
131
94
-81
-159
-48
96
154
117
4
-111
-59
119
213
126
-52
-177
-55
171
239
59
-189
-222
-3
229
168
-88
-265
-137
136
226
31
-198
-213
-9
163
92
-106
-201
-60
120
83
-111
-224
-64
109
87
-87
-227
-122
113
216
80
-102
-215
-102
157
313
176
-136
-335
-136
286
450
106
-335
-325
99
454
280
-166
-315
-10
328
297
-39
-240
-71
199
219
31
-150
-147
33
164
97
-84
-176
-124
30
130
22
-164
-224
-78
114
169
-6
-214
-225
32
219
143
-96
-241
-89
166
221
39
-168
-157
46
191
142
-46
-138
-16
145
157
-1
-117
-36
145
198
48
-94
-88
75
218
124
-61
-172
-150
24
256
207
-169
-394
-209
182
377
111
-329
-462
-76
356
297
-153
-410
-216
167
238
-61
-287
-165
90
150
-39
-218
-141
53
151
71
-88
-142
-38
111
123
73
27
-51
-20
95
180
117
-89
-161
-11
198
210
-15
-213
-149
95
221
88
-163
-226
-35
165
171
-13
-164