#4
-31
29
-94
-256
-314
-191
-74
-100
-192
-244
-173
-115
-148
-209
-210
-131
-151
-244
-254
-140
-91
-181
-280
-269
-136
-62
-230
-438
-331
-11
71
-255
-576
-453
4
198
-162
-590
-541
-89
224
-28
-514
-580
-168
219
134
-338
-615
-333
133
172
-210
-449
-290
-2
95
-101
-278
-226
-65
-4
-119
-220
-167
-84
-51
-57
-101
-177
-212
-136
-25
4
-122
-293
-263
-101
-21
-127
-250
-241
-174
-152
-186
-178
-113
-91
-190
-271
-206
-56
-60
-190
-262
-170
-53
-24
-122
-251
-244
-69
2
-62
-178
-193
-93
6
-17
-173
-233
-62
89
24
-236
-321
-26
255
105
-309
-483
-117
298
183
-286
-485
-188
172
157
-199
-417
-226
64
70
-149
-315
-275
-88
3
-76
-208
-271
-167
-52
-62
-192
-267
-194
-99
-80
-118
-174
-173
-161
-151
-79
-50
-107
-150
-154
-98
-13
11
-74
-135
-132
-109
-79
-39
-9
-74
-207
-186
-23
73
-35
-247
-310
-116
106
49
-237
-332
-167
63
48
-229
-397
-227
61
81
-185
-410
-297
46
146
-144
-480
-396
7
256
-3
-444
-475
-22
304
86
-391
-494
-87
287
116
-304
-368
-84
182
87
-183
-255
-80
62
40
-105
-154
-133
-16
69
38
-100
-233
-161
69
159
-23
-247
-255
-34
103
-48
-247
-236
-56
0
-121
-213
-149
-37
-32
-156
-210
-115
15
-31
-147
-213
-139
23
62
-71
-218
-218
-32
138
49
-172
-250
-54
165
108
-183
-263
3
240
99
-253
-305
68
318
128
-281
-382
-57
318
227
-207
-409
-177
152
186
-61
-284
-226
-10
67
-36
-177
-193
-48
4
-73
-166
-169
-87
-28
-72
-165
-180
-104
-75
-26
-41
-157
-191
-134
-10
63
-44
-194
-178
-7
102
21
-103
-138
-27
37
-7
-82
-67
-28
-37
-85
-43
9
13
-99
-172
-111
19
47
-106
-184
-114
-2
11
-75
-198
-260
-89
104
44
-230
-387
-174
184
178
-221
-526
-309
206
324
-121
-540
-318
192
322
-13
-430
-363
80
286
-4
-287
-216
17
132
41
-108
-133
-47
26
37
-21
-92
-62
8
63
57
-60
-170
-82
98
117
-49
-187
-130
14
35
-45
-125
-136
-92
-88
-78
-64
-30
-37
-104
-163
-136
-16
57
-18
-169
-215
-42
132
57
-163
-259
-65
183
150
-108
-284
-100
225
264
-81
-364
-186
262
382
15
-408
-294
189
481
186
-380
-497
31
523
337
-279
-580
-211
373
431
-80
-517
-324
196
327
-23
-349
-283
4
155
23
-188
-210
-77
37
24
-72
-178
-219
-99
85
96
-112
-281
-190
92
166
-61
-229
-149
94
152
18
-110
-85
14
51
2
-81
-26
33
-19
-58
-35
-6
11
-25
-88
-114
-59
43
33
-89
-177
-104
31
30
-106
-231
-105
78
44
-200
-330
-109
201
130
-264
-465
-157
258
260
-179
-469
-223
197
286
-66
-358
-246
94
208
16
-179
-166
7
147
70
-81
-104
-45
49
82
-14
-79
-41
40
64
64
-24
-83
-40
3
63
53
-44
-125
-90
18
67
-65
-187
-116
7
20
-84
-132
-71
9
-31
-97
-57
13
-26
-122
-126
5
120
26
-161
-149
39
150
16
-140
-113
71
206
72
-165
-218
41
303
232
-128
-344
-104
318
411
8
-438
-313
243
487
109
-383
-392
68
407
197
-268
-408
-28
277
138
-175
-275
-83
77
66
-53
-160
-140
-26
40
-4
-94
-200
-157
30
115
-16
-204
-213
-8
157
70
-133
-186
-17
140
105
-44
-67
-1
31
19
0
-8
7
5
-52
-50
26
51
30
-52
-128
-109
29
96
-11
-147
-115
27
61
-93
-210
-118
67
81
-111
-263
-182
82
180
-81
-373
-287
77
304
42
-355
-353
5
279
171
-175
-324
-98
175
159
-78
-188
-67
112
130
-22
-123
-54
83
118
-3
-102
-37
90
125
19
-79
-56
10
56
76
40
-43
-100
-42
60
87
-55
-173
-123
-1
30
-58
-125
-41
36
-8
-109
-118
5
66
-38
-172
-109
82
139
-3
-151
-104
21
125
62
-82
-129
7
190
151
-81
-214
-33
254
260
-53
-282
-95
301
377
-29
-404
-216
324
443
5
-398
-291
157
375
102
-274
-236
63
171
13
-179
-158
8
55
7
-83
-139
-68
27
35
-46
-133
-144
-47
52
10
-87
-129
-87
12
68
21
-59
-86
-32
60
89
36
-3
1
13
-9
-34
2
79
85
-19
-90
-43
70
110
-6
-152
-133
60
122
-9
-150
-118
6
76
-37
-174
-131
62
109
-104
-292
-189
109
205
-59
-346
-319
72
340
70
-358
-378
37
345
174
-241
-385
-57
315
215
-176
-289
-29
233
185
-93
-212
-8
173
122
-59
-132
1
160
131
-35
-85
-34
56
101
69
-11
-81
-75
33
84
25
-107
-150
-50
22
-14
-76
-60
-27
-10
-55
-73
8
70
-45
-142
-100
22
98
43
-60
-132
-62
72
145
79
-102
-162
22
233
178
-103
-245
13
338
267
-122
-328
-29
382
355
-84
-376
-143
295
345
-15
-293
-187
141
235
39
-168
-142
35
91
14
-81
-95
-11
8
-41
-94
-56
24
26
-35
-132
-121
-40
27
10
-59
-100
-78
-12
23
35
12
-72
-90
14
123
103
-15
-96
-1
73
86
7
-31
-11
33
-27
-36
80
122
-8
-169
-115
77
168
11
-184
-168
37
143
5
-207
-209
2
189
78
-244
-351
-92
263
247
-187
-485
-266
229
411
5
-497
-415
157
469
162
-367
-426
47
401
160
-216
-274
-13
219
193
-46
-158
-75
102
169
55
-84
-103
38
146
141
2
-126
-54
101
152
52
-98
-99
1
82
34
-45
-101
-111
-55
6
17
-27
-62
-12
-37
-72
-47
22
37
-34
-134
-77
78
166
22
-200
-187
82
253
115
-143
-174
81
274
113
-193
-176
170
349
105
-275
-217
211
441
152
-288
-315
109
430
210
-216
-353
-61
312
306
-80
-335
-140
190
213
-47
-244
-134
94
114
-53
-150
-84
53
57
-49
-132
-118
-41
2
24
-21
-71
-108
-85
44
129
27
-124
-115
45
162
79
-53
-40
37
82
14
-37
26
82
25
-73
-44
86
110
-26
-158
-85
86
138
3
-136
-125
-10
85
26
-120
-208
-76
149
140
-149
-352
-160
222
251
-181
-470
-214
263
345
-77
-433
-259
184
339
34
-302
-259
80
267
62
-186
-125
88
165
23
-99
-50
65
121
54
-49
-71
20
144
130
23
-88
-69
52
130
90
-2
-84
-72
23
88
49
-62
-139
-104
0
37
-21
-78
-61
-10
10
-22
-38
-10
-17
-64
-68
-11
102
110
-65
-170
-55
149
119
-7
-92
-7
122
122
-36
-113
39
222
172
-48
-208
-35
237
317
67
-295
-264
194
481
191
-328
-420
22
447
319
-213
-422
-70
301
222
-133
-312
-100
189
152
-105
-220
-98
95
99
-38
-193
-173
-2
99
89
-83
-208
-126
46
150
64
-98
-128
10
119
101
-1
-44
27
68
43
-19
6
35
40
-11
-12
41
87
27
-59
-79
-38
26
85
19
-80
-99
-37
62
30
-119
-168
2
144
5
-248
-275
20
271
91
-296
-404
-67
335
240
-223
-445
-142
274
306
-33
-336
-258
123
344
102
-237
-235
38
234
157
-69
-165
-17
151
135
-13
-70
4
91
91
44
-6
-15
5
43
66
66
-2
-88
-64
59
88
-41
-135
-105
5
45
-46
-77
-19
7
-33
-67
-23
43
-15
-122
-86
73
157
39
-140
-166
48
195
91
-102
-107
43
190
119
-60
-144
22
250
210
-70
-249
-15
341
368
-43
-390
-187
349
483
-2
-448
-278
245
442
80
-339
-278
145
314
53
-262
-239
63
211
46
-168
-187
-32
117
85
-93
-196
-126
16
103
52
-99
-191
-95
85
126
9
-99
-100
22
122
93
-2
-29
33
92
63
-22
-41
27
82
31
-53
-32
82
127
-10
-163
-117
95
216
13
-246
-194
80
215
19
-284
-281
94
302
8
-365
-340
62
329
92
-329
-424
-64
319
250
-168
-423
-186
218
291
-14
-281
-164
130
174
-26
-138
-13
115
96
-67
-79
51
143
71
-92
-91
66
174
116
-12
-55
-32
55
103
72
-1
-35
-11
32
68
24
-108
-129
-9
76
21
-110
-165
-9
132
45
-137
-147
24
102
12
-114
-99
36
140
75
-98
-154
-20
138
122
-13
-89
14
156
122
-67
-157
33
317
269
-136
-353
-15
445
409
-92
-451
-162
408
475
-44
-446
-251
248
435
91
-330
-283
93
260
107
-145
-255
-60
145
151
-39
-240
-166
81
184
14
-234
-253
-24
182
134
-100
-242
-143
78
170
47
-117
-138
3
174
157
17
-115
-52
86
108
30
-33
-17
45
29
-12
23
64
41
-72
-108
10
132
59
-106
-166
-17
121
37
-142
-179
-39
129
89
-151
-299
-119
166
231
-95
-385
-307
127
359
94
-349
-405
22
384
223
-240
-404
-43
337
233
-152
-235
-28
184
162
-50
-114
-9
99
83
17
-6
24
36
33
75
67
14
-28
20
72
90
1
-82
-30
64
51
-39
-89
-35
-30
-58
-58
2
47
1
-113
-105
10
115
14
-135
-155
30
173
116
-70
-196
-85
150
225
17
-184
-121
156
286
81
-217
-187
164
404
172
-262
-305
121
477
321
-200
-412
-53
403
363
-76
-349
-154
204
294
-2
-251
-124
166
169
-61
-205
-111
87
121
-38
-176
-109
72
121
-16
-160
-185
-41
85
91
-55
-142
-137
-28
92
111
2
-109
-78
57
154
73
-50
-47
75
114
-4
-91
7
160
128
-78
-152
19
182
112
-98
-180
-47
132
160
-30
-202
-137
62
151
-2
-218
-172
51
147
-36
-231
-187
70
187
-46
-316
-246
147
305
-27
-376
-245
147
300
61
-289
-246
125
280
11
-229
-124
138
220
37
-151
-85
72
153
76
-61
-86
43
159
150
5
-97
-68
67
180
98
-55
-115
-22
72
101
6
-142
-126
-14
44
0
-76
-60
8
22
-42
-75
-49
7
26
-22
-81
-53
66
112
24
-122
-98
84
136
48
-88
-74
126
211
13
-180
-73
223
313
37
-268
-164
224
451
182
-311
-378
101
517
332
-247
-509
-121
429
448
-80
-482
-233
262
359
11
-342
-245
77
243
104
-173
-224
-41
121
101
-88
-207
-139
38
139
62
-132
-230
-79
158
194
-8
-212
-132
116
245
88
-90
-116
53
164
64
-51
-36
55
42
13
29
45
24
-43
-81
-35
71
111
2
-123
-135
-25
130
88
-124
-282
-123
207
201
-160
-409
-178
261
307
-135
-493
-285
247
399
-33
-442
-322
126
384
123
-279
-335
24
263
170
-68
-187
-78
135
172
8
-83
-45
46
91
46
25
11
8
32
88
81
10
-17
13
59
84
-4
-62
-57
41
71
-19
-116
-103
-22
26
-18
-46
3
13
-52
-92
-11
74
29
-108
-140
10
154
122
-77
-180
-38
149
143
13
-93
-34
109
170
39
-120
-58
181
257
25
-227
-98
265
372
76
-293
-257
194
446
128
-270
-284
78
339
164
-194
-252
37
218
43
-166
-135
57
100
-15
-102
-92
-16
39
6
-54
-67
-70
-65
3
34
-13
-114
-89
8
79
13
-80
-61
47
123
69
-24
-29
53
86
38
-28
2
29
42
19
-1
23
54
49
-20
-108
-82
48
128
31
-113
-119
0
101
10
-170
-173
40
178
0
-298
-273
76
306
55
-363
-398
33
388
177
-321
-463
-37
352
275
-157
-389
-156
243
303
-38
-245
-122
135
216
48
-144
-81
81
159
61
-79
-66
56
162
99
-11
-28
-21
62
96
62
10
-22
-26
14
20
-17
-48
-54
-44
-15
-37
-69
-1
60
1
-118
-125
44
125
13
-150
-142
56
177
60
-143
-170
45
205
118
-76
-139
20
198
159
-49
-171
-2
272
303
-44
-318
-107
345
453
27
-418
-289
283
540
128
-402
-394
115
467
233
-235
-361
-38
258
181
-65
-238
-163
62
155
61
-128
-194
-69
93
115
-44
-224
-173
45
159
37
-149
-209
-47
132
166
4
-156
-119
86
192
91
-50
-68
56
109
24
-46
-11
92
72
-13
-50
13
96
64
-88
-150
-10
150
110
-86
-168
-45
79
12
-108
-120
-1
87
-17
-177
-179
12
142
6
-223
-258
-19
227
112
-216
-301
-32
230
177
-121
-275
-57
213
174
-110
-222
3
228
150
-129
-167
81
204
79
-109
-103
65
177
123
-16
-54
-12
57
111
73
-6
-62
-44
35
54
10
-43
-63
-16
-19
-52
-62
-23
27
-11
-73
-78
-14
79
41
-110
-125
-25
124
110
-37
-122
-56
79
118
46
-56
-84
51
185
117
-93
-163
67
308
233
-113
-297
-4
369
340
-74
-311
-112
297
324
-35
-272
-150
187
287
21
-231
-139
115
175
-20
-157
-126
69
133
-7
-185
-163
43
144
29
-155
-210
-63
98
124
-17
-172
-173
-20
127
122
-14
-154
-117
85
201
104
-63
-90
48
146
63
-61
-62
42
117
49
-39
8
54
10
-67
-59
43
102
20
-134
-130
27
136
50
-172
-221
-43
184
121
-164
-343
-146
215
257
-106
-435
-322
156
417
86
-442
-416
95
437
200
-290
-399
-17
327
207
-135
-224
-32
162
130
-21
-46
21
43
14
-8
43
74
52
11
25
78
25
-25
-2
70
88
30
-68
-53
25
55
15
-111
-131
-38
42
43
-13
-79
-76
-23
21
-5
-43
-42
-22
-8
-1
16
34
8
-53
-60
65
113
28
-56
-62
74
214
82
-143
-113
152
300
95
-186
-180
145
359
198
-155
-260
11
318
253
-92
-243
-66
199
197
-58
-195
-7
154
23
-134
-100
53
122
-25
-163
-116
54
143
24
-176
-200
-37
81
58
-31
-113
-125
-52
38
71
24
-57
-62
-7
89
107
2
-52
35
123
83
-60
-94
26
137
88
-83
-74
74
157
46
-116
-141
-5
127
61
-82
-116
-26
66
44
-92
-176
-78
111
121
-125
-303
-150
201
234
-142
-449
-243
245
390
-55
-494
-298
197
386
94
-296
-308
62
293
124
-211
-204
74
244
111
-116
-155
25
193
170
-57
-173
-24
212
210
26
-138
-120
78
226
155
-86
-167
-47
117
137
-13
-162
-120
8
47
-12
-82
-59
7
61
-3
-112
-119
28
123
19
-142
-129
59
182
50
-139
-115
53
134
69
-35
-60
79
186
50
-118
-59
154
249
58
-178
-147
199
386
162
-266
-327
90
456
269
-205
-393
-73
334
318
-89
-334
-94
194
173
-62
-201
-83
99
61
-78
-104
-44
35
25
-52
-83
-76
-40
-16
35
-6
-102
-126
-26
102
98
-48
-135
-60
118
138
35
-27
12
64
43
-19
-8
47
58
13
-27
24
68
42
-13
-56
-31
25
76
38
-75
-126
-49
82
66
-82
-180
-51
126
59
-195
-273
-40
247
128
-223
-404
-131
250
303
-90
-440
-255
224
344
14
-332
-250
128
305
61
-243
-164
115
234
89
-139
-141
53
218
111
-84
-112
41
190
137
-19
-84
-11
69
108
60
-30
-48
8
37
46
-20
-92
-64
0
15
-46
-107
-49
83
67
-77
-176
-56
130
77
-101
-165
-19
167
122
-76
-194
-41
180
155
-40
-130
-7
161
151
-31
-169
2
257
282
-28
-298
-121
301
451
88
-380
-277
264
510
98
-393
-344
152
444
175
-283
-331
105
344
72
-254
-248
49
198
40
-152
-167
26
111
6
-130
-169
-59
58
57
-15
-116
-92
-19
30
19
-11
-32
-8
44
52
22
18
46
55
39
-2
-31
24
88
88
14
-92
-46
95
156
28
-172
-162
41
223
99
-143
-188
-55
125
86
-133
-216
-43
161
57
-217
-249
5
219
60
-254
-347
-41
290
199
-255
-454
-71
362
318
-134
-438
-180
266
326
-52
-307
-123
203
241
-14
-171
-54
127
132
5
-85
-4
92
110
70
13
-10
-4
10
58
103
48
-58
-82
5
78
29
-89
-89
-40
-27
-20
-1
-1
5
-56
-116
-43
90
107
-78
-177
-83
117
172
-2
-149
-128
80
167
60
-89
-100
62
206
142
-89
-178
56
285
228
-92
-279
-14
366
379
-35
-380
-157
326
440
13
-380
-280
192
431
133
-303
-311
85
306
99
-180
-242
-22
155
91
-84
-184
-68
99
113
-58
-218
-143
34
106
34
-111
-169
-46
94
103
-2
-106
-83
45
137
65
-40
-53
80
133
49
-80
-74
72
154
40
-96
-60
99
153
-6
-171
-135
61
185
61
-138
-161
-24
107
50
-133
-182
-20
133
44
-161
-245
-95
146
160
-141
-333
-147
187
203
-119
-319
-122
189
218
-69
-257
-96
168
124
-77
-127
30
152
63
-79
-68
55
137
62
-51
-85
21
123
138
75
-21
-85
-53
117
193
60
-104
-121
16
151
75
-118
-185
-28
82
24
-78
-95
-13
48
-12
-77
-53
3
6
-30
-53
-10
67
50
-32
-97
-46
90
136
19
-114
-44
137
222
63
-192
-145
162
360
166
-217
-285
90
463
331
-204
-452
-51
479
423
-110
-459
-225
273
439
58
-321
-244
101
254
79
-185
-209
-3
140
67
-89
-166
-44
85
46
-69
-115
-111
-34
56
64
-40
-141
-125
17
135
76
-63
-128
-27
146
151
25
-62
-9
82
52
-19
-3
54
68
-34
-57
48
110
66
-81
-133
-20
131
118
-64
-148
-90
57
112
-21
-205
-150
72
142
-29
-255
-202
72
223
-3
-325
-327
78
343
68
-357
-355
90
372
150
-256
-329
29
306
138
-192
-208
21
227
147
-76
-131
-18
134
114
-16
-79
19
129
120
38
-32
-49
17
93
99
23
-37
-34
-2
31
22
-25
-76
-62
-30
6
-5
-61
-57
-3
21
-39
-65
-19
23
-9
-55
-44
22
75
20
-82
-80
70
130
53
-67
-70
70
196
100
-116
-121
113
281
152
-170
-215
77
399
275
-149
-376
-38
385
325
-77
-340
-164
230
344
53
-272
-204
132
204
5
-180
-138
52
117
3
-134
-116
22
68
-14
-129
-112
-16
34
43
-52
-108
-86
-12
77
65
-51
-118
-18
122
120
19
-33
-14
65
92
-1
-42
24
85
62
-41
-42
43
106
58
-67
-129
-38
115
117
-44
-154
-93
42
77
-60
-162
-56
109
56
-173
-279
-50
262
170
-252
-470
-159
365
383
-169
-591
-251
343
460
7
-461
-358
140
397
132
-238
-266
14
263
207
-53
-212
-93
173
223
43
-123
-100
64
202
136
-28
-126
-26
139
180
45
-129
-125
32
146
81
-114
-193
-68
95
64
-91
-139
-18
81
17
-78
-81
0
41
-41
-96
-21
112
107
-46
-121
-46
99
92
0
-57
1
138
151
-16
-150
-43
246
308
29
-293
-175
262
475
159
-356
-383
142
543
271
-282
-445
-22
410
329
-124
-393
-127
254
243
-64
-254
-123
92
135
-12
-122
-119
-10
45
16
-34
-117
-132
-30
105
66
-89
-184
-97
113
150
-15
-125
-85
83
135
63
-15
-20
51
89
15
-31
6
69
57
-31
-49
16
130
96
-100
-194
-41
170
178
-54
-241
-137
126
165
-75
-247
-143
124
132
-92
-261
-111
162
93
-187
-300
-78
209
159
-195
-320
-56
225
185
-79
-250
-108
135
129
-56
-125
-13
123
130
-30
-102
30
116
61
-13
-53
32
107
78
25
0
-3
31
81
81
32
-32
-62
-16
70
98
-20
-140
-112
44
62
-30
-125
-90
43
89
-30
-136
-84
67
87
-42
-136
-41
108
106
-21
-104
-47
89
127
16
-78
-18
146
145
-62
-127
39
232
216
-39
-220
-74
287
370
43
-317
-222
236
446
77
-332
-278
137
381
135
-255
-234
85
215
25
-185
-143
58
136
5
-134
-154
14
121
17
-116
-169
-89
51
86
-10
-123
-145
-30
68
74
-7
-93
-36
71
112
45
-34
-24
45
111
75
-38
-88
-7
111
99
1
-42
4
55
16
-62
-85
43
130
8
-110
-87
20
59
-48
-158
-93
113
134
-110
-321
-191
192
328
-48
-456
-401
109
450
188
-385
-524
-24
431
338
-189
-472
-176
299
349
-18
-297
-188
117
278
109
-115
-146
-8
158
140
0
-75
-38
66
135
123
5
-93
-18
104
128
35
-83
-89
31
92
27
-77
-95
-54
-24
-17
-19
18
22
-39
-130
-83
64
97
-49
-141
-77
72
139
63
-92
-159
-26
124
139
31
-81
-37
106
129
-9
-81
38
199
174
-51
-173
2
282
280
-30
-293
-115
316
346
-48
-312
-150
185
299
64
-240
-182
104
210
26
-174
-164
12
127
77
-103
-190
-53
103
84
-74
-169
-117
9
92
16
-98
-126
-62
36
71
28
-37
-73
-19
86
138
60
-16
-36
39
56
14
3
48
75
0
-57
-13
121
104
-69
-169
-41
149
154
-54
-190
-90
83
105
-65
-201
-115
87
137
-66
-253
-188
60
200
5
-300
-299
49
297
72
-308
-303
60
294
141
-219
-284
32
263
91
-204
-162
101
206
59
-162
-77
138
179
23
-140
-107
110
225
132
-66
-130
-45
106
198
78
-81
-110
5
118
104
-35
-152
-108
17
70
3
-107
-116
-12
79
36
-87
-110
-30
55
46
-41
-108
-36
123
135
-61
-168
-29
108
136
21
-89
-22
132
145
-35
-96
48
205
172
-56
-199
27
300
262
-62
-272
-58
304
312
-58
-320
-153
209
330
24
-273
-191
128
225
37
-184
-171
20
125
49
-95
-138
-40
44
13
-33
-94
-121
-69
59
95
-25
-172
-150
18
166
92
-91
-152
-13
153
148
10
-74
-7
94
77
-26
-23
37
51
4
2
30
37
29
-29
-49
-7
48
43
-45
-99
-45
37
37
-56
-151
-91
85
109
-123
-279
-113
214
203
-176
-462
-241
272
429
-42
-547
-383
223
501
135
-392
-430
30
394
231
-184
-312
-47
238
235
-9
-177
-107
101
207
69
-90
-99
66
189
129
-13
-117
-22
116
150
43
-93
-90
7
87
71
-64
-128
-31
39
11
-80
-106
4
92
22
-106
-102
-2
74
37
-92
-107
21
153
72
-120
-147
52
181
104
-86
-111
38
146
113
-32
-67
70
200
112
-129
-138
134
343
169
-185
-267
77
381
207
-179
-283
-2
292
195
-131
-221
27
206
84
-158
-204
21
178
42
-146
-164
-8
116
66
-100
-183
-106
29
105
31
-130
-164
-84
57
127
35
-110
-117
8
158
135
-20
-88
-8
118
111
-22
-87
23
147
68
-79
-78
31
121
55
-100
-92
7
126
73
-91
-155
-46
113
105
-82
-231
-97
138
115
-156
-281
-74
222
158
-200
-395
-145
248
292
-101
-439
-223
228
345
-20
-352
-236
155
279
11
-241
-114
141
195
22
-151
-82
128
186
38
-128
-89
106
203
118
-24
-95
-9
104
114
39
-38
-52
-10
63
58
-10
-81
-77
-13
18
-28
-78
-62
25
50
-25
-105
-67
44
52
-32
-94
-60
55
105
14
-98
-52
73
93
19
-50
12
104
92
-22
-100
10
198
222
-1
-222
-99
239
395
104
-308
-262
209
474
149
-343
-359
96
463
243
-270
-384
14
342
195
-168
-292
-73
186
142
-71
-202
-151
74
147
13
-172
-200
-30
120
104
-71
-214
-126
67
167
53
-119
-154
-4
153
126
10
-31
7
59
50
1
-15
50
74
23
-77
-24
95
131
5
-128
-121
42
164
86
-110
-187
-62
117
121
-112
-244
-48
175
99
-167
-274
-78
198
121
-191
-350
-144
227
241
-123
-379
-170
205
270
-16
-303
-210
123
250
12
-184
-96
108
141
10
-95
-21
84
136
26
-109
-20
126
156
51
-31
-60
-3
82
124
69
-52
-90
-7
112
84
-61
-148
-75
51
34
-65
-123
-53
74
73
-67
-149
-66
68
68
-45
-82
-29
81
65
-53
-106
9
122
102
-7
-116
-38
163
198
-3
-179
-49
218
285
4
-245
-114
272
406
62
-322
-229
244
427
63
-305
-223
162
356
93
-263
-202
116
221
15
-199
-128
56
131
-8
-129
-117
24
99
1
-138
-168
-19
99
51
-86
-160
-73
76
77
-3
-93
-94
12
117
138
-12
-109
-12
157
188
2
-171
-109
129
237
61
-155
-151
71
184
72
-163
-156
72
180
9
-176
-130
39
141
9
-189
-177
74
183
-28
-277
-233
66
264
44
-333
-391
13
351
185
-290
-411
-10
309
171
-188
-314
-15
259
114
-191
-182
85
206
63
-136
-79
108
154
32
-96
-68
70
142
92
26
-14
-16
3
78
114
59
-47
-79
11
97
55
-69
-139
-26
60
-3
-105
-112
8
78
17
-97
-105
19
91
24
-129
-150
26
187
107
-112
-188
0
196
175
-46
-190
-38
222
218
-50
-219
-28
278
294
-72
-294
-29
381
367
-83
-391
-115
381
417
-40
-387
-216
242
395
67
-288
-257
115
272
62
-217
-191
48
128
30
-99
-124
-43
47
26
-51
-98
-76
-28
20
14
-38
-95
-106
-15
91
96
-41
-140
-23
141
130
30
-39
-24
62
71
-1
-55
27
110
42
-49
-39
42
94
13
-94
-85
52
115
18
-97
-94
-30
31
16
-66
-97
5
76
-27
-198
-197
42
193
8
-291
-275
57
254
55
-273
-285
41
268
135
-197
-276
20
218
63
-164
-133
97
193
34
-171
-88
134
215
64
-141
-122
46
199
170
31
-105
-103
55
195
139
-34
-121
-48
86
89
-7
-122
-83
42
70
-58
-145
-76
79
96
-42
-165
-100
95
138
-50
-185
-99
109
184
13
-165
-118
74
178
86
-111
-133
71
255
128
-157
-177
107
311
175
-143
-227
46
369
312
-106
-361
-77
366
369
-67
-388
-195
258
409
67
-321
-271
131
282
60
-222
-208
36
165
42
-144
-154
8
128
24
-146
-180
-64
78
95
-19
-151
-141
1
128
84
-63
-133
-38
133
138
12
-108
-32
135
179
-5
-161
-69
141
200
0
-163
-100
113
198
20
-199
-161
107
230
47
-195
-208
4
166
71
-162
-191
26
162
-33
-270
-214
129
260
-42
-401
-306
145
370
29
-391
-298
120
306
87
-263
-283
54
255
94
-149
-141
33
163
66
-56
-71
13
107
84
-7
-36
31
75
88
68
16
-32
-14
73
124
41
-55
-106
-30
97
116
-37
-170
-105
21
68
-16
-83
-41
25
20
-46
-59
-11
18
-39
-97
-30
81
103
-13
-106
-36
87
81
3
-49
-8
94
137
21
-143
-47
206
300
38
-281
-196
261
490
172
-335
-385
104
560
297
-284
-450
-44
423
384
-112
-409
-149
269
272
-48
-266
-165
71
133
42
-105
-137
-38
40
29
-54
-104
-121
-16
85
48
-79
-164
-102
80
149
35
-118
-105
59
155
83
-30
-60
60
121
21
-84
-26
96
141
-1
-110
-60
101
148
-5
-162
-83
87
118
-29
-139
-84
42
106
-22
-184
-138
86
134
-100
-267
-129
162
156
-171
-358
-142
236
266
-126
-420
-186
246
308
-23
-354
-254
164
312
25
-232
-146
121
188
30
-140
-47
118
148
44
-101
-80
94
164
107
-8
-71
-28
65
114
102
21
-109
-98
46
155
66
-145
-174
-19
90
28
-111
-105
39
69
-33
-101
-63
28
61
-22
-82
-73
57
117
20
-106
-76
51
134
76
-51
-94
9
181
138
-60
-96
49
196
152
-51
-134
40
261
207
-61
-178
19
241
139
-103
-141
13
195
97
-106
-121
34
110
8
-105
-72
20
43
-9
-44
-58
-62
-20
12
10
-55
-124
-108
7
80
15
-130
-151
-36
102
127
-9
-161
-89
102
175
82
-38
-62
9
85
55
0
-6
23
44
15
-6
32
51
-5
-74
-38
59
91
-25
-107
-51
51
64
-45
-154
-114
71
153
-44
-288
-240
79
278
71
-317
-392
-39
340
225
-234
-441
-119
291
289
-69
-350
-225
158
287
47
-199
-179
60
221
99
-79
-60
34
84
41
-2
5
26
75
83
61
3
-30
19
85
97
32
-64
-69
5
83
32
-85
-110
-25
21
-7
-57
-40
20
12
-62
-91
-11
50
18
-63
-77
-1
67
65
-34
-101
-48
97
137
27
-95
-50
103
152
4
-133
1
206
223
-4
-211
-70
256
356
47
-305
-209
246
430
78
-326
-269
138
377
154
-233
-257
34
219
121
-124
-210
-39
117
92
-47
-141
-98
10
64
8
-88
-168
-100
65
124
-11
-146
-174
-21
146
118
-43
-148
-72
124
169
59
-79
-58
90
143
17
-117
-31
133
113
-35
-82
17
99
63
-42
-106
-33
86
64
-49
-104
-65
37
69
-39
-124
-40
59
-6
-166
-156
34
151
-9
-253
-284
37
272
92
-279
-321
26
283
142
-190
-305
-56
230
172
-101
-207
-2
169
108
-53
-81
37
108
63
-22
-69
25
125
114
14
-48
20
75
49
3
8
29
16
9
9
9
-7
-68
-69
-49
-16
3
-27
-62
-16
-2
-35
-29
3
11
-38
-71
-59
31
94
27
-70
-84
22
124
57
-42
-56
40
130
110
-47
-126
30
240
188
-64
-188
17
301
267
-58
-283
-64
300
285
-27
-250
-121
188
276
-6
-247
-100
184
181
-58
-220
-112
111
140
-49
-170
-73
87
90
-83
-148
-84
-10
24
-15
-39
-50
-53
-39
5
42
-9
-62
-47
85
134
14
-76
-7
103
129
18
-118
-41
118
128
-3
-77
-12
79
60
-11
-76
-36
26
44
-6
-41
-40
6
22
-65
-121
-53
73
80
-86
-236
-138
122
196
-85
-357
-299
117
343
80
-345
-370
47
338
182
-207
-366
-68
273
213
-112
-227
6
181
108
-59
-80
2
96
81
11
-32
-10
64
115
105
10
-74
-32
79
122
64
-56
-89
5
99
87
-55
-158
-93
5
55
10
-75
-79
6
25
-28
-74
-30
17
6
-41
-30
11
49
-1
-56
-36
78
97
0
-79
-10
129
121
5
-102
-36
153
219
82
-148
-168
144
379
209
-202
-315
58
410
278
-145
-334
-89
263
297
-50
-273
-74
183
158
-96
-212
-57
139
86
-81
-154
-56
75
79
-72
-148
-123
-34
62
77
-39
-148
-150
3
129
87
-73
-145
-38
127
141
18
-69
-3
96
109
-13
-80
-24
89
122
3
-84
-55
74
136
41
-101
-109
4
118
50
-73
-136
-74
77
62
-61
-109
-13
32
-77
-164
-68
108
71
-142
-300
-140
220
242
-140
-453
-191
289
354
-48
-404
-268
188
365
76
-301
-220
115
252
83
-144
-116
95
195
75
-117
-127
85
207
112
-6
-46
-14
31
85
79
32
-31
-45
-17
26
53
12
-85
-116
-49
2
17
2
-47
-50
-35
-37
-11
27
6
-84
-103
18
119
65
-59
-126
-21
127
101
-7
-63
-9
69
103
60
-41
-21
100
169
73
-112
-92
147
312
130
-211
-223
124
381
164
-223
-301
40
343
204
-185
-272
35
252
105
-157
-208
-1
158
41
-142
-168
13
143
24
-149
-189
-31
85
44
-62
-129
-83
1
46
29
-16
-41
-30
16
51
68
35
3
19
61
75
-19
-42
36
67
14
-25
9
55
58
16
-56
-80
2
82
39
-50
-79
-25
49
29
-88
-148
-36
93
51
-146
-207
-56
126
92
-150
-318
-149
193
246
-101
-375
-189
189
288
1
-315
-235
140
280
17
-231
-129
138
213
18
-162
-83
123
196
24
-141
-64
145
204
51
-76
-74
32
103
109
39
-20
-51
-4
55
47
-27
-97
-67
5
6
-60
-95
-5
79
21
-132
-128
39
125
-7
-135
-128
26
135
100
-57
-137
-31
118
99
-32
-71
9
135
152
-13
-161
-33
219
248
5
-228
-88
260
369
75
-303
-221
244
429
88
-314
-274
128
384
185
-219
-286
11
254
124
-156
-199
1
153
29
-123
-126
8
88
30
-116
-162
-55
52
20
-38
-64
-65
-38
-26
-12
49
42
-4
-30
1
42
64
52
23
35
-3
-34
17
81
87
1
-87
-10
116
117
-16
-158
-124
74
207
67
-158
-193
-25
125
107
-84
-223
-90
122
87
-107
-230
-104
140
98
-170
-299
-86
187
165
-157
-329
-99
200
214
-83
-267
-116
149
163
-83
-140
-3
144
83
-72
-69
61
110
45
-40
-28
29
71
75
81
36
-19
-43
34
93
112
28
-79
-64
41
96
18
-120
-109
2
51
-19
-97
-75
17
37
-16
-78
-50
31
19
-35
-87
-29
81
84
-13
-106
-62
83
140
57
-101
-72
84
174
55
-102
-70
143
220
57
-143
-73
192
303
67
-213
-144
196
331
49
-245
-179
129
284
81
-199
-194
99
247
23
-223
-168
78
177
18
-173
-172
14
174
58
-164
-234
-70
90
130
-13
-188
-168
-16
108
125
-15
-152
-105
65
170
100
-55
-71
51
160
65
-64
-87
30
112
60
-53
-50
54
111
18
-110
-101
26
112
73
-80
-142
-52
77
83
-69
-176
-78
77
57
-126
-213
-14
178
58
-243
-322
-42
276
151
-224
-364
-66
252
227
-89
-296
-119
170
160
-69
-142
-22
105
97
-10
-31
31
67
56
-4
-41
18
88
120
99
-5
-119
-52
121
208
83
-95
-142
-2
135
100
-61
-157
-83
33
44
-30
-85
-47
22
24
-49
-83
7
60
-31
-132
-77
93
163
21
-149
-137
54
164
99
-49
-117
-4
153
154
-26
-145
0
266
229
-96
-251
0
348
333
-43
-343
-122
301
379
6
-337
-188
212
342
54
-268
-197
108
227
38
-156
-141
12
84
17
-85
-104
-7
56
-3
-79
-112
-69
-18
26
8
-48
-83
-69
11
66
24
-50
-74
7
91
83
18
-5
33
76
28
-45
-16
52
90
13
-58
-10
74
88
13
-116
-129
59
143
46
-110
-137
-37
86
68
-78
-140
-52
28
-27
-131
-112
65
112
-95
-293
-177
138
245
-46
-358
-231
163
283
26
-277
-234
100
255
29
-217
-113
124
205
33
-177
-96
150
185
16
-150
-73
145
206
57
-69
-79
23
108
115
36
-45
-50
15
83
44
-26
-99
-73
15
23
-29
-112
-98
23
107
58
-97
-172
-48
97
74
-63
-113
-6
110
71
-68
-132
-15
143
132
-35
-127
-12
195
170
-51
-154
27
252
204
-97
-229
46
373
313
-101
-348
-120
359
388
-68
-355
-143
248
348
-6
-294
-161
157
220
-15
-199
-133
79
113
-36
-147
-79
51
94
-20
-140
-162
-55
70
107
-40
-174
-154
14
143
78
-78
-136
-46
117
180
62
-81
-73
50
133
57
-60
-71
51
139
83
-69
-67
47
96
11
-86
-77
15
72
32
-58
-85
-1
49
-46
-115
-74
71
82
-115
-275
-153
172
208
-115
-381
-245
176
337
-14
-415
-328
144
378
125
-311
-354
24
304
165
-137
-211
8
194
130
-75
-103
23
116
115
2
-66
4
86
111
70
-8
-43
4
93
110
51
-56
-88
18
84
48
-71
-118
-13
40
-11
-126
-87
80
87
-60
-176
-97
111
158
-45
-218
-112
130
199
34
-196
-140
111
200
76
-125
-132
75
234
117
-103
-140
73
252
169
-95
-196
69
347
216
-184
-273
76
413
223
-194
-311
-27
295
244
-77
-246
-59
162
122
-51
-149
-61
44
28
-37
-94
-60
29
41
-41
-91
-109
-74
38
70
-32
-150
-152
12
128
75
-75
-140
-22
130
144
9
-83
-30
112
148
-11
-123
-24
140
129
-30
-138
-14
158
131
-78
-183
-56
153
159
-55
-193
-84
105
113
-82
-214
-103
115
117
-133
-254
-79
167
108
-177
-325
-121
195
200
-128
-345
-130
189
227
-45
-263
-148
116
189
-7
-136
-43
81
75
-21
-40
71
111
22
-48
-32
57
115
91
6
-34
24
52
44
66
40
-1
-19
15
38
6
-66
-65
26
48
-53
-135
-100
31
122
58
-96
-178
-81
75
109
-18
-130
-98
32
117
76
-56
-93
-1
89
86
-10
-60
38
117
54
-39
-7
121
138
35
-99
-21
164
252
49
-198
-120
219
335
15
-275
-176
172
323
77
-259
-205
118
241
45
-191
-168
34
151
27
-148
-150
-4
115
40
-98
-163
-108
3
80
45
-77
-153
-99
41
129
40
-83
-119
-7
122
138
6
-98
-26
118
116
-4
-60
-9
69
94
18
-49
-27
64
63
-37
-80
-5
95
50
-61
-109
-57
62
67
-55
-133
-59
72
43
-144
-217
-44
166
69
-187
-323
-85
241
206
-193
-409
-119
268
291
-71
-356
-208
181
278
-9
-218
-106
119
172
51
-78
-74
20
97
79
12
-11
9
55
94
60
-14
-41
30
110
86
7
-62
-39
45
47
-18
-68
-50
-18
-20
-36
-62
-32
38
6
-86
-94
16
99
-4
-117
-138
6
177
131
-85
-201
-80
177
225
-5
-209
-104
174
245
50
-186
-114
159
307
72
-192
-124
190
323
95
-197
-161
172
289
51
-182
-143
123
223
28
-193
-98
144
156
-44
-170
-87
89
128
-54
-147
-88
44
101
-17
-143
-137
-56
39
53
-8
-110
-128
-39
87
105
-10
-136
-121
90
214
85
-112
-96
63
190
83
-99
-124
62
215
96
-120
-146
48
199
91
-120
-181
-9
158
114
-64
-153
-86
44
89
-14
-137
-106
2
12
-77
-101
11
75
-69
-249
-193
88
207
-1
-295
-271
75
285
97
-232
-281
10
269
138
-189
-218
63
241
118
-127
-154
-4
189
175
-38
-156
-49
160
227
88
-80
-156
-34
165
200
51
-105
-129
-2
130
118
-19
-184
-142
21
92
0
-114
-66
32
26
-55
-88
-8
57
8
-79
-88
15
124
61
-99
-134
37
162
88
-62
-92
13
131
137
-44
-91
61
195
142
-84
-174
73
325
242
-139
-299
8
400
300
-145
-356
-112
290
332
-31
-302
-116
199
194
-67
-219
-89
106
86
-68
-90
-40
-8
2
-32
-32
-67
-107
-49
58
76
-59
-168
-121
62
146
44
-137
-156
47
193
128
-40
-103
3
123
101
-26
-72
11
92
91
-2
-48
7
89
21
-82
-95
58
128
1
-114
-85
16
79
-1
-151
-134
55
108
-40
-208
-209
22
170
59
-221
-288
-26
211
83
-240
-259
25
206
110
-147
-222
-22
162
87
-106
-106
71
128
37
-94
-36
82
131
28
-69
-36
75
112
68
3
-4
23
80
66
31
2
-25
17
52
16
-58
-52
-35
13
-15
-54
-67
-23
54
29
-82
-130
-18
100
53
-82
-149
-60
99
154
30
-141
-127
42
155
96
-60
-102
7
158
150
-15
-110
17
191
155
-53
-127
58
270
197
-102
-203
55
328
195
-177
-292
9
323
212
-147
-265
-13
229
141
-127
-236
-42
168
96
-107
-161
-60
79
71
-48
-145
-136
-42
69
68
-52
-150
-118
31
100
58
-82
-124
-8
129
108
-9
-33
16
76
88
-3
-80
0
95
81
18
-58
-14
75
83
1
-117
-64
92
128
-34
-130
-63
29
65
-18
-113
-74
21
27
-100
-154
-43
93
60
-139
-289
-163
153
232
-83
-349
-182
183
248
-42
-291
-167
170
253
-52
-300
-103
223
272
-20
-254
-131
176
248
38
-160
-97
117
209
112
-43
-114
-6
136
153
64
-73
-139
-24
134
155
3
-180
-153
6
91
29
-103
-133
-17
83
28
-76
-81
4
8
-55
-37
44
47
-19
-59
-20
63
75
-4
-78
-37
62
148
121
-48
-178
-10
279
295
-16
-304
-160
279
483
148
-352
-368
172
565
267
-297
-442
-6
417
301
-156
-342
-57
253
189
-101
-222
-73
135
98
-68
-152
-65
63
77
-50
-167
-119
5
60
41
-70
-126
-94
10
74
69
-31
-99
-41
79
114
34
-45
0
93
102
-8
-76
-8
103
113
-24
-93
8
128
103
-52
-152
-62
128
127
-48
-159
-89
63
117
-26
-184
-114
84
104
-111
-255
-115
164
183
-148
-416
-221
225
337
-65
-429
-265
168
339
67
-310
-275
67
245
68
-142
-93
64
88
10
-43
9
87
60
-20
-31
49
115
27
-2
40
59
42
29
34
29
-1
-9
5
30
25
-30
-39
-35
14
-32
-86
-94
-6
92
40
-94
-151
-58
116
92
-84
-171
-40
147
109
-59
-154
-29
130
126
-3
-88
-34
93
121
25
-50
18
140
144
-21
-115
22
230
267
3
-246
-133
258
366
33
-279
-224
153
373
120
-261
-300
77
330
131
-210
-286
-7
229
124
-146
-267
-60
176
143
-107
-264
-150
50
150
36
-141
-186
-57
108
119
-26
-142
-108
84
192
78
-86
-90
68
187
72
-108
-118
37
171
114
-20
-82
-6
88
54
-57
-75
-4
77
34
-50
-66
-20
50
-2
-109
-105
14
88
-31
-186
-158
26
162
2
-258
-272
26
245
71
-278
-302
44
273
98
-223
-275
26
270
122
-214
-223
71
234
74
-122
-123
49
177
123
-43
-113
-10
117
150
93
-25
-79
7
118
119
26
-63
-69
43
104
45
-93
-131
-32
79
16
-111
-139
17
129
46
-142
-188
-5
166
83
-158
-219
13
232
167
-124
-280
-67
242
253
-15
-247
-134
190
316
50
-220
-128
200
335
49
-240
-147
239
409
104
-309
-240
205
429
99
-316
-276
131
369
167
-217
-277
37
225
100
-104
-161
-24
74
23
-53
-68
-47
30
-3
-77
-126
-74
20
50
0
-87
-125
-59
42
80
8
-79
-70
33
102
57
17
13
50
36
-18
-33
17
111
106
-16
-85
-14
95
131
3
-149
-107
82
171
33
-146
-141
4
87
39
-91
-120
-34
62
-45
-171
-124
75
159
-57
-330
-277
113
327
40
-396
-349
118
389
130
-314
-363
45
340
152
-226
-257
46
247
156
-131
-187
54
219
120
-96
-126
33
182
147
15
-68
-37
73
120
69
-2
-54
-35
37
79
13
-75
-78
-11
18
-29
-72
-73
-6
58
14
-78
-98
-8
66
-2
-104
-86
39
125
69
-100
-156
-2
159
151
22
-148
-101
114
210
63
-113
-52
152
195
-2
-149
-1
275
272
-57
-286
-75
360
363
-99
-362
-131
275
339
-32
-329
-157
205
246
-22
-239
-145
108
183
-13
-193
-163
24
134
39
-128
-187
-107
48
122
9
-150
-151
14
101
38
-86
-98
2
113
102
9
-45
12
101
126
-14
-119
-27
158
156
-38
-153
-37
146
148
-32
-153
-91
104
166
-6
-150
-119
6
94
15
-132
-117
31
95
-62
-205
-151
79
148
-58
-309
-234
98
277
-1
-346
-292
105
303
96
-252
-276
37
252
85
-169
-124
58
134
43
-86
-30
132
128
-42
-105
-20
140
172
50
-56
-31
19
112
112
41
-64
-70
10
96
82
-29
-144
-85
49
81
-26
-129
-118
2
107
34
-109
-130
-16
86
34
-62
-108
-5
111
93
-48
-127
-13
104
119
-1
-88
-22
121
132
-4
-106
31
179
155
-38
-131
52
281
213
-103
-241
29
334
227
-121
-249
-45
241
220
-77
-216
-51
145
109
-55
-122
-46
41
21
-27
-59
-52
-3
-2
-49
-74
-60
-42
-11
37
-13
-107
-146
-11
104
68
-60
-147
-47
160
191
-2
-143
-70
113
204
30
-185
-98
176
241
3
-192
-112
142
215
-19
-212
-121
123
214
0
-194
-128
70
126
-27
-167
-113
74
78
-121
-209
-71
134
89
-150
-298
-130
147
188
-101
-364
-161
241
288
-41
-362
-236
162
320
53
-296
-230
138
313
121
-180
-187
43
203
157
-54
-112
3
143
185
62
-112
-97
38
165
160
-7
-147
-78
67
150
50
-127
-154
-22
71
10
-103
-102
12
95
3
-123
-99
43
69
-39
-115
-59
76
120
24
-106
-97
61
143
64
-68
-109
23
205
141
-92
-159
72
270
154
-110
-168
107
332
179
-183
-236
125
380
151
-212
-250
63
286
154
-148
-202
21
171
70
-139
-152
21
124
25
-109
-139
-28
96
60
-89
-156
-114
-6
78
48
-92
-179
-88
75
126
23
-116
-131
20
173
97
-33
-72
40
124
97
-41
-98
18
119
111
-25
-81
-9
82
84
-19
-80
-33
75
72
-44
-96
-46
47
27
-42
-97
-62
39
36
-83
-173
-106
84
97
-115
-284
-158
129
183
-82
-304
-119
207
210
-94
-292
-121
189
201
-71
-220
-52
162
172
-38
-152
-22
166
147
-19
-136
-59
137
236
100
-89
-142
-12
153
199
37
-156
-114
76
179
81
-119
-192
-45
96
36
-92
-153
-43
122
81
-77
-169
-71
82
95
-28
-134
-93
54
124
68
-63
-119
-11
93
97
21
-33
11
33
19
25
86
125
83
-61
-116
70
295
243
-88
-283
-66
342
365
-44
-353
-185
230
362
78
-273
-248
99
247
75
-165
-169
37
149
3
-141
-120
16
114
-13
-154
-116
-9
37
2
-60
-92
-43
15
15
4
-38
-55
-4
53
95
41
-55
-31
70
138
54
-77
-59
61
127
62
-55
-70
37
135
45
-88
-126
26
146
66
-104
-137
-27
108
53
-110
-173
-48
147
84
-182
-283
-58
181
109
-194
-337
-96
218
181
-167
-353
-69
230
176
-116
-280
-90
159
152
-47
-121
-5
97
55
-34
-25
57
90
18
-77
-36
118
167
52
-78
-48
74
119
64
-10
-42
5
38
38
14
6
-28
-54
-46
-40
-37
-35
-27
13
30
-8
-94
-93
-26
67
54
-64
-132
-52
119
150
-6
-153
-82
93
149
50
-73
-57
46
123
74
-14
-9
91
139
7
-109
24
241
234
-44
-222
-33
267
249
-63
-243
-81
198
248
-21
-203
-71
142
101
-83
-115
6
108
3
-164
-114
56
136
14
-188
-169
7
70
-2
-72
-98
-46
6
-8
-17
-13
-26
-20
-5
54
66
5
-27
23
102
88
-28
-73
-9
125
138
10
-95
-68
60
125
62
-77
-116
-7
92
39
-63
-75
-9
29
-3
-116
-106
8
73
-21
-167
-154
23
145
-3
-261
-251
37
238
45
-287
-281
63
281
123
-201
-307
-36
250
177
-114
-224
-30
193
168
-49
-144
-47
120
167
61
-101
-86
59
184
177
11
-177
-93
128
237
114
-124
-175
3
181
128
-78
-198
-107
35
65
-14
-93
-53
30
33
-48
-85
-28
32
-3
-71
-36
43
66
6
-70
-40
49
69
24
-29
-17
72
115
38
-104
-62
150
276
92
-187
-204
120
405
258
-185
-363
8
437
338
-127
-387
-158
281
363
31
-291
-225
126
266
46
-199
-196
18
142
67
-94
-148
-64
55
49
-39
-142
-130
-2
66
24
-102
-145
-47
83
104
-19
-125
-76
82
139
50
-29
-12
72
83
3
-57
-21
98
94
-14
-52
-2
81
74
-18
-114
-58
86
104
-8
-110
-80
4
67
-1
-116
-91
30
52
-51
-187
-121
47
117
-39
-259
-219
73
221
11
-313
-247
129
294
32
-274
-251
76
261
67
-200
-160
91
196
54
-104
-75
74
162
39
-117
-58
115
179
78
-23
-57
9
65
79
85
2
-51
-50
41
88
30
-76
-103
-34
19
5
-49
-80
-19
30
3
-62
-70
-9
19
2
-67
-34
27
69
4
-49
-51
29
78
52
-14
-47
1
111
101
-23
-69
51
167
118
-57
-101
77
271
186
-100
-198
50
280
159
-100
-174
4
205
127
-100
-164
41
189
47
-176
-166
63
207
26
-211
-199
31
195
85
-178
-239
-96
85
112
-6
-116
-135
-64
30
71
43
-36
-95
-24
90
109
36
-27
3
59
61
18
-26
-19
46
78
35
-13
14
22
22
-16
-30
10
40
18
-57
-42
19
31
-19
-92
-105
-7
88
18
-159
-212
-68
167
146
-155
-388
-217
189
322
-42
-407
-271
144
314
79
-302
-292
82
281
61
-174
-132
65
149
49
-63
-63
44
135
50
-55
-44
62
145
121
20
-81
-58
72
137
104
-18
-118
-59
81
157
24
-145
-168
-57
61
57
-40
-103
-35
47
13
-83
-106
1
75
25
-84
-82
18
98
47
-103
-104
55
151
96
-65
-120
5
201
157
-66
-123
64
229
126
-107
-136
110
313
171
-159
-226
96
332
146
-154
-211
21
243
153
-100
-168
13
127
32
-94
-64
51
53
-63
-111
-23
37
28
-49
-97
-76
-11
1
-44
-66
-41
-18
-34
-53
-4
60
22
-57
-54
29
70
59
29
22
44
33
-17
-20
45
94
39
-57
-49
60
134
58
-111
-137
17
149
69
-89
-103
-42
34
51
-52
-120
-57
43
27
-90
-152
-85
79
58
-149
-257
-77
179
141
-207
-326
-16
240
144
-161
-275
-46
206
154
-123
-210
14
221
111
-110
-127
49
170
89
-81
-88
54
161
133
21
-69
-49
30
128
139
53
-84
-112
-18
122
145
-38
-198
-105
81
84
-75
-165
-58
88
78
-53
-154
-72
84
98
-49
-152
-78
95
143
10
-153
-102
101
185
52
-112
-81
108
196
38
-151
-51
186
263
43
-225
-128
243
401
84
-297
-224
213
433
88
-312
-255
132
351
136
-226
-240
97
262
53
-204
-187
48
150
11
-161
-100
47
74
-22
-120
-146
-53
37
63
-2
-105
-146
-45
58
81
-6
-97
-71
55
100
76
18
-15
11
50
25
-4
5
43
75
21
-42
-28
83
103
7
-90
-67
40
91
9
-95
-93
0
80
37
-108
-148
-26
116
17
-192
-216
30
184
36
-270
-331
-16
290
156
-275
-376
-19
309
180
-178
-294
-64
187
152
-98
-150
11
144
95
-80
-99
82
138
23
-74
-49
92
168
93
-19
-97
-1
119
132
44
-53
-61
22
76
64
-8
-91
-60
7
6
-56
-92
-35
51
42
-45
-131
-100
45
134
9
-128
-150
-2
147
125
-48
-152
-96
60
167
97
-79
-98
32
149
101
-37
-27
68
140
60
-59
-34
168
252
27
-187
-97
236
299
-16
-265
-122
205
292
-19
-267
-120
185
214
-30
-202
-132
48
117
7
-131
-132
11
97
21
-103
-165
-89
18
89
21
-112
-137
-44
57
68
-7
-92
-64
81
103
30
-26
5
82
126
32
-93
-91
79
164
64
-89
-86
55
154
56
-109
-117
17
119
45
-79
-111
-36
61
56
-63
-149
-50
48
-24
-151
-127
60
120
-82
-270
-193
90
225
-20
-321
-236
105
272
49
-272
-225
114
255
17
-248
-148
153
242
34
-206
-126
147
235
69
-167
-143
98
249
162
-6
-143
-78
93
195
109
-41
-141
-51
127
166
3
-177
-157
3
116
31
-138
-151
-17
122
73
-113
-174
-37
121
86
-81
-143
-18
155
114
-91
-172
-18
173
155
-37
-162
-44
151
191
24
-135
-24
184
213
-23
-175
-14
278
299
-44
-273
-51
342
286
-104
-300
-79
250
262
-47
-224
-69
131
131
-52
-143
-67
47
50
-26
-69
-39
14
14
-48
-116
-110
-53
46
71
-22
-137
-146
-35
111
123
-18
-180
-133
114
226
88
-91
-117
55
175
72
-71
-88
50
140
55
-55
-44
87
106
-34
-133
-46
112
124
-81
-169
-58
105
121
-64
-205
-117
101
129
-89
-267
-164
132
208
-83
-375
-262
153
311
-14
-388
-266
157
331
47
-330
-287
114
293
69
-214
-166
99
196
36
-117
-51
101
130
20
-75
-8
122
108
47
-34
-42
51
114
75
7
-55
-11
58
59
12
-70
-82
-11
52
17
-92
-143
-53
90
95
-46
-163
-94
65
105
-16
-120
-95
28
119
66
-78
-126
2
108
101
2
-83
-27
113
122
-1
-70
46
171
122
-56
-100
71
274
180
-115
-204
61
323
157
-136
-204
-2
211
163
-73
-162
-22
114
56
-62
-73
-13
24
-10
-77
-67
7
71
1
-125
-122
-52
1
32
-19
-66
-85
-76
20
70
16
-79
-94
29
167
115
-74
-102
65
168
97
-99
-141
42
220
134
-107
-190
23
217
191
-94
-247
-103
175
234
-5
-232
-207
22
231
103
-172
-222
-56
92
49
-101
-154
-30
59
-34
-178
-125
38
92
-46
-218
-109
121
147
-67
-244
-110
167
204
-73
-247
-52
208
198
-65
-213
-58
194
210
4
-159
-79
122
222
106
-68
-115
-1
147
166
45
-103
-106
22
118
68
-44
-103
-57
-8
-2
-36
-58
-50
20
17
-74
-85
5
57
16
-87
-100
-10
94
114
-8
-146
-114
76
170
84
-88
-88
55
145
67
-56
-30
150
201
28
-183
-105
220
370
101
-306
-230
233
450
123
-309
-320
77
415
234
-216
-309
8
254
142
-105
-220
-63
121
68
-80
-77
-19
22
-43
-83
-26
-18
-47
-54
-32
13
-29
-81
-63
17
62
4
-70
-20
81
101
22
-29
15
77
66
-21
-73
34
133
82
-59
-59
46
142
63
-108
-159
-3
160
115
-68
-167
-88
84
122
-33
-180
-123
66
83
-97
-211
-89
126
107
-153
-327
-116
200
193
-176
-402
-78
313
245
-144
-361
-126
220
224
-91
-256
-39
199
169
-55
-163
-37
146
173
-4
-133
-32
147
159
41
-27
-31
34
87
74
15
-36
-37
18
85
55
-49
-136
-97
24
77
-2
-111
-108
3
72
23
-93
-117
0
54
-6
-91
-48
87
90
-9
-110
-50
115
103
-9
-70
-9
88
116
27
-77
19
177
179
-35
-170
-11
271
306
-16
-277
-107
289
355
-7
-330
-182
227
355
26
-298
-162
179
222
-38
-218
-122
123
174
-61
-221
-130
98
173
-5
-208
-215
-41
123
109
-47
-180
-159
-24
122
124
-40
-165
-103
104
202
68
-102
-92
66
171
73
-80
-109
25
144
85
-29
-59
22
112
31
-87
-86
44
102
2
-108
-84
22
82
28
-115
-152
-7
100
-9
-166
-180
-19
148
32
-222
-267
-4
224
89
-258
-313
33
274
137
-208
-301
-19
255
153
-166
-202
26
208
104
-95
-124
45
149
99
-37
-99
1
149
171
62
-65
-92
20
164
153
9
-134
-119
90
193
67
-130
-189
-58
118
97
-92
-185
-59
115
55
-96
-134
-4
97
8
-135
-119
63
160
49
-108
-146
7
148
138
-41
-119
-12
138
151
-25
-91
40
199
161
-81
-164
42
296
272
-68
-273
-63
314
303
-48
-281
-131
194
285
19
-204
-117
94
108
-60
-122
-28
110
61
-104
-172
-54
104
89
-70
-179
-110
-17
62
48
-57
-125
-119
-22
85
90
-48
-134
-44
109
137
23
-71
-39
88
143
28
-88
-77
89
155
49
-94
-64
76
153
44
-111
-160
-11
145
97
-34
-111
-103
18
74
-20
-118
-66
15
6
-98
-147
-25
103
-1
-218
-246
7
227
86
-258
-292
30
268
109
-222
-277
20
248
93
-176
-128
72
177
31
-139
-74
125
192
20
-140
-77
132
212
74
-62
-83
14
101
129
64
-33
-50
-30
60
114
10
-136
-117
15
72
-21
-124
-106
34
119
11
-156
-145
51
136
3
-147
-153
61
169
83
-127
-183
1
180
159
-10
-153
-78
141
213
22
-134
-35
170
206
5
-140
6
267
232
-88
-244
0
340
260
-151
-309
-34
305
255
-112
-271
-29
254
159
-147
-258
-50
209
139
-124
-235
-73
145
135
-89
-243
-163
48
166
53
-149
-226
-87
114
163
10
-156
-156
21
197
151
-32
-126
-31
143
172
16
-133
-84
132
200
30
-149
-102
108
182
34
-162
-146
57
197
83
-125
-194
-57
129
118
-72
-185
-105
39
68
-84
-167
-51
47
1
-176
-185
27
165
-20
-259
-174
111
216
-16
-248
-159
108
201
-9
-196
-84
127
133
-26
-104
13
132
99
-28
-86
14
125
102
20
13
23
29
36
49
56
7
-1
-28
9
50
20
-55
-78
-24
-11
-45
-66
-33
37
30
-28
-116
-54
66
55
-77
-140
-30
120
126
-38
-148
-90
97
145
36
-73
-48
82
144
40
-114
-53
181
251
21
-208
-110
227
386
112
-275
-248
172
421
148
-229
-269
43
311
184
-140
-210
43
198
32
-172
-125
82
136
-45
-181
-109
64
123
11
-150
-162
-45
46
5
-34
-74
-53
-25
-22
-10
30
20
-61
-33
63
102
17
-36
11
93
86
-36
-88
21
137
101
-50
-94
8
134
96
-51
-163
-58
130
145
-29
-159
-97
56
104
-21
-138
-110
22
53
-51
-141
-102
47
68
-124
-248
-114
171
156
-152
-321
-97
201
188
-90
-252
-116
159
174
-56
-186
-40
137
118
-11
-121
-15
139
101
-18
-61
20
97
76
41
42
21
18
16
64
74
12
-43
-31
31
76
28
-104
-92
6
17
-18
-91
-67
35
82
-12
-119
-102
42
73
-47
-132
-30
101
93
-31
-151
-51
116
143
13
-80
-55
69
170
87
-84
-87
95
218
112
-90
-130
120
307
129
-178
-163
142
332
116
-206
-233
52
302
163
-145
-223
19
216
87
-157
-163
16
119
33
-128
-126
6
109
0
-143
-144
-22
43
22
-49
-90
-85
-35
19
8
0
-9
-39
0
61
65
15
1
34
72
44
-40
-39
55
108
34
-36
-21
36
84
7
-66
-49
23
53
6
-34
-51
-21
16
-14
-63
-75
-14
44
-28
-141
-127
7
104
-4
-219
-251
1
219
81
-236
-298
-10
248
173
-150
-301
-86
212
184
-104
-215
-36
168
127
-50
-113
41
153
78
-53
-83
41
145
121
7
-47
-4
81
107
46
-27
-43
41
70
28
-43
-67
-28
7
19
-44
-111
-107
24
111
39
-133
-164
4
156
31
-153
-173
6
190
137
-88
-210
-42
172
190
17
-174
-133
110
272
109
-148
-137
110
247
95
-125
-80
173
296
70
-228
-152
224
346
-1
-282
-148
227
352
-7
-330
-182
210
292
-26
-289
-164
155
232
-24
-272
-203
97
230
28
-233
-249
-18
151
89
-82
-194
-132
48
133
41
-103
-140
-9
133
151
-1
-108
-38
130
162
40
-133
-122
105
195
84
-78
-103
34
132
72
-90
-140
11
162
66
-111
-138
-14
112
49
-127
-166
-1
120
15
-179
-191
-12
150
27
-231
-276
-10
229
83
-250
-308
17
254
124
-184
-238
-1
196
68
-155
-116
84
160
43
-124
-63
135
136
-7
-98
-25
133
132
31
-25
-3
56
85
27
9
19
36
8
-15
-11
31
-1
-31
-57
-53
-24
-43
-39
-9
15
1
-57
-91
-20
69
33
-79
-123
-24
119
105
-53
-156
-23
157
140
-21
-140
-54
122
185
45
-127
-36
170
211
9
-165
-17
248
292
1
-253
-98
275
312
-40
-272
-121
226
293
-14
-257
-108
180
189
-56
-218
-95
109
119
-58
-160
-89
72
94
-56
-174
-138
2
88
34
-86
-143
-77
-1
54
45
-38
-76
-45
67
108
37
-33
-10
73
116
26
-101
-56
142
169
-11
-130
-55
102
174
15
-163
-135
69
176
58
-125
-157
1
127
45
-137
-192
-21
128
26
-179
-204
0
150
16
-260
-258
44
249
58
-283
-294
32
237
110
-177
-235
-16
183
100
-122
-138
7
145
105
-23
-71
2
113
97
-24
-56
-3
90
130
103
-29
-79
2
132
127
19
-78
-66
20
104
63
-76
-123
-38
36
7
-79
-80
9
63
-10
-106
-97
16
51
1
-66
-79
-9
80
88
-28
-116
-44
79
90
13
-16
13
61
61
-4
-2
84
135
65
-60
-87
100
273
169
-99
-200
43
298
174
-116
-208
3
217
184
-67
-201
-20
163
98
-87
-150
-50
102
65
-86
-128
-45
83
50
-100
-141
-80
13
28
-16
-79
-110
-60
24
66
8
-64
-78
10
99
69
-2
-34
23
78
73
-5
-68
-5
111
112
-19
-82
17
126
83
-61
-135
-46
122
135
-31
-143
-98
47
115
-29
-159
-113
44
85
-55
-205
-154
64
147
-24
-283
-241
91
240
22
-340
-272
112
289
64
-250
-219
72
202
5
-180
-87
132
162
-8
-129
-15
135
140
-35
-125
7
152
133
50
-58
-58
64
149
100
-15
-92
-58
63
144
75
-75
-177
-97
64
126
-20
-174
-157
57
182
34
-188
-197
18
169
67
-142
-201
0
201
145
-100
-182
-36
127
146
25
-83
-53
60
98
49
20
72
97
21
-69
-29
163
271
91
-191
-163
159
339
80
-225
-179
123
301
94
-215
-187
103
211
36
-157
-149
49
155
-22
-162
-80
51
86
-45
-155
-97
-6
10
2
-36
-58
-91
-89
22
99
26
-76
-109
4
109
98
26
-44
-10
76
107
20
-88
-40
105
156
45
-88
-80
44
150
49
-116
-132
26
150
75
-79
-167
-58
104
71
-97
-146
-35
44
-23
-105
-92
14
6
-88
-193
-96
109
100
-141
-270
-44
207
166
-143
-284
-65
223
201
-164
-297
-20
259
206
-86
-227
-20
213
204
-18
-203
-111
178
304
106
-138
-195
-6
227
232
5
-158
-129
53
185
102
-105
-190
-77
97
87
-71
-170
-91
63
119
-1
-165
-122
57
114
-21
-168
-96
93
158
39
-122
-110
46
128
59
-32
-61
35
145
56
-81
-24
152
207
66
-172
-113
185
345
155
-226
-273
114
415
210
-205
-310
-2
319
211
-97
-199
-62
104
115
-8
-110
-59
23
-2
-19
-19
-42
-40
-55
-31
9
-66
-103
-37
33
18
-94
-140
-20
112
82
-49
-125
-25
121
129
-23
-47
54
128
36
-113
-89
89
208
74
-118
-114
52
174
74
-124
-164
5
180
128
-74
-180
-112
52
138
12
-167
-148
3
65
-35
-150
-94
34
38
-113
-194
-59
104
66
-148
-215
11
173
53
-168
-209
37
197
51
-179
-152
87
190
81
-123
-124
80
176
86
-75
-95
53
145
114
17
-40
-13
72
134
73
-21
-66
-26
23
99
48
-76
-110
-42
60
24
-99
-111
-12
80
44
-91
-163
-45
89
114
-40
-183
-93
116
151
-13
-146
-66
87
121
58
-33
-45
18
103
64
-22
3
116
122
-7
-80
32
210
210
-14
-195
-54
287
271
-92
-277
-55
272
266
-75
-279
-108
212
231
-63
-264
-119
139
173
-67
-214
-126
88
151
-28
-181
-168
-53
90
103
-51
-192
-149
16
133
80
-61
-159
-75
99
195
98
-73
-117
25
170
109
-73
-105
32
153
83
-73
-67
42
139
49
-111
-137
11
162
94
-113
-142
-45
74
79
-64
-150
-85
55
43
-89
-167
-88
93
38
-151
-236
-56
170
88
-187
-233
9
172
53
-177
-181
39
170
18
-161
-79
117
153
-2
-119
-38
104
156
31
-102
-55
118
152
44
-29
-4
48
69
51
39
36
-4
-41
19
47
14
-41
-79
-22
14
-48
-93
-52
47
68
-29
-131
-86
20
77
-16
-99
-83
35
104
38
-72
-82
7
97
68
-28
-67
2
105
126
15
-83
-8
151
204
18
-154
-45
238
303
10
-253
-120
238
310
22
-234
-143
150
243
31
-164
-78
98
103
-41
-126
-40
74
32
-59
-83
-27
33
2
-89
-80
-27
-20
-14
-37
-69
-63
-11
30
5
-45
-59
-15
62
76
22
-25
0
79
111
29
-64
-58
55
146
83
-61
-101
13
128
113
-9
-113
-115
22
151
84
-66
-129
-87
38
74
-39
-128
-69
35
-9
-133
-122
26
104
-43
-276
-224
94
230
-10
-315
-235
118
274
27
-270
-207
108
225
-11
-230
-90
180
189
-55
-168
-29
172
174
-12
-162
-71
144
205
81
-35
-84
-18
89
155
105
-35
-115
-63
66
156
44
-145
-155
12
93
12
-105
-141
-25
107
80
-70
-162
-70
62
58
-53
-108
-16
97
108
-39
-132
-60
101
137
27
-95
-59
76
145
47
-62
28
156
136
-56
-134
80
306
185
-130
-241
54
361
227
-152
-285
-42
262
271
-54
-247
-60
172
103
-94
-137
-29
81
58
-64
-119
-38
66
35
-88
-146
-81
9
44
8
-63
-108
-103
-5
97
73
-33
-142
-78
74
156
71
-59
-34
55
105
44
-51
-43
67
131
44
-66
-54
68
109
9
-111
-90
31
110
67
-55
-149
-60
57
66
-59
-116
-31
19
-42
-128
-101
40
77
-91
-260
-156
146
178
-131
-328
-117
220
227
-97
-329
-136
197
222
-90
-244
-23
200
165
-84
-169
20
199
119
-57
-127
19
196
140
-32
-92
-18
119
138
39
-44
-39
31
81
55
-29
-88
-51
35
51
-50
-139
-96
8
112
45
-94
-159
-71
84
112
-22
-144
-121
46
152
57
-114
-133
33
169
120
-56
-121
-1
157
140
-31
-104
61
213
128
-80
-112
76
263
170
-125
-205
95
347
149
-202
-242
82
312
131
-158
-197
22
192
70
-134
-140
35
133
9
-161
-135
16
109
52
-107
-182
-100
33
77
1
-122
-160
-55
108
117
-5
-135
-124
14
175
119
-33
-85
11
136
114
-53
-134
14
174
130
-44
-106
4
118