#4
-299
-308
-88
33
-110
-312
-300
-120
-118
-235
-185
-137
-263
-380
-248
32
1
-321
-500
-251
62
9
-317
-443
-210
32
-16
-226
-305
-211
-105
-43
-62
-135
-243
-240
-60
125
2
-298
-359
-84
158
53
-277
-345
-80
93
-18
-206
-243
-137
-82
-109
-117
-110
-173
-258
-168
-47
-79
-228
-327
-212
-42
-37
-222
-345
-265
-76
-42
-129
-213
-287
-231
-88
-16
-85
-298
-372
-117
156
24
-369
-479
-95
287
94
-358
-413
-95
212
119
-171
-291
-177
-32
34
50
-45
-230
-307
-105
184
163
-250
-504
-215
196
178
-245
-464
-245
57
80
-147
-306
-297
-177
-29
52
-108
-400
-410
-70
255
61
-447
-601
-146
337
179
-341
-515
-147
200
104
-203
-296
-118
10
-45
-42
25
-86
-217
-172
72
194
-36
-361
-274
116
249
-72
-349
-195
75
114
-71
-234
-188
-68
16
83
-52
-317
-365
-70
203
86
-336
-536
-211
212
146
-251
-429
-209
57
3
-153
-192
-153
-166
-127
32
85
-149
-366
-207
161
241
-88
-382
-264
129
276
2
-309
-265
37
182
61
-116
-211
-144
2
142
63
-219
-330
-94
178
142
-174
-377
-194
101
61
-167
-232
-131
-110
-148
-88
28
-75
-333
-343
11
260
-23
-489
-410
84
302
-47
-487
-347
155
268
-119
-426
-280
87
194
-10
-148
-128
-123
-26
123
142
-75
-286
-199
142
255
-24
-288
-196
110
207
-29
-282
-232
17
150
-9
-180
-221
-177
-59
80
35
-205
-376
-212
169
208
-189
-529
-276
203
263
-163
-479
-270
112
190
-69
-255
-192
-63
-8
24
63
-46
-188
-168
27
184
85
-182
-230
-8
198
140
-110
-232
-122
48
146
63
-119
-205
-84
168
201
-151
-373
-172
228
289
-118
-443
-243
139
164
-106
-345
-226
6
45
-66
-114
-119
-188
-191
-12
144
-41
-352
-341
72
326
56
-377
-342
91
302
61
-277
-242
27
200
110
-66
-169
-146
-18
164
177
-62
-312
-153
227
325
-65
-410
-246
168
281
-26
-282
-219
12
64
-51
-93
-73
-180
-221
-36
153
18
-314
-396
-37
320
99
-376
-426
34
303
7
-362
-346
19
245
96
-214
-334
-144
112
213
76
-173
-265
-85
246
295
-51
-326
-188
149
260
42
-180
-140
8
64
82
58
-77
-229
-154
104
232
-18
-394
-327
115
322
-17
-424
-347
54
285
3
-336
-303
-16
130
23
-157
-214
-148
-51
97
96
-112
-284
-156
92
219
8
-244
-156
116
165
-21
-107
4
32
-37
-32
115
127
-96
-240
-40
289
166
-230
-280
68
332
68
-324
-295
147
345
51
-336
-295
41
132
18
-93
-178
-214
-130
47
161
-1
-328
-356
2
294
96
-326
-375
-20
261
120
-183
-228
-48
89
92
16
-43
-123
-110
103
258
75
-243
-272
116
382
140
-298
-306
114
386
141
-258
-293
4
200
110
-68
-145
-126
-61
39
61
-32
-189
-259
-56
157
75
-173
-266
-153
31
88
-23
-133
-191
-110
23
77
-22
-213
-215
45
242
58
-324
-362
71
368
164
-256
-292
12
304
200
-109
-190
-43
89
98
75
31
-84
-143
27
204
141
-167
-305
-51
262
186
-214
-364
-82
206
142
-150
-289
-179
3
116
68
-116
-292
-266
64
298
67
-378
-423
42
397
148
-326
-372
30
291
136
-174
-195
45
110
-18
-3
125
43
-135
-105
154
245
-4
-257
-125
229
254
-89
-256
-53
216
182
-91
-213
-50
111
109
18
-101
-157
-111
19
149
44
-273
-352
-18
263
124
-230
-348
-95
133
76
-106
-162
-60
-11
17
32
24
-92
-167
1
211
140
-157
-252
43
325
187
-190
-303
5
337
254
-137
-295
-52
227
234
37
-168
-189
-58
142
227
24
-237
-244
10
214
70
-194
-231
-92
64
67
-39
-128
-177
-170
-17
165
101
-216
-404
-84
325
220
-264
-467
-67
411
243
-286
-444
-58
358
235
-170
-255
0
169
149
28
-27
-66
-79
34
240
213
-117
-276
-38
272
244
-92
-297
-128
154
188
-4
-161
-153
-73
46
122
4
-264
-293
-11
309
178
-340
-495
-54
384
239
-305
-464
-77
300
190
-135
-225
-64
56
14
21
74
15
-110
-123
98
269
98
-225
-170
153
286
126
-162
-210
37
248
172
-72
-190
-81
148
263
64
-273
-291
81
393
215
-273
-446
-93
303
271
-174
-440
-192
168
191
-42
-206
-159
-75
-23
63
52
-112
-232
-96
187
206
-105
-323
-94
286
251
-122
-307
-28
297
230
-71
-228
-87
114
208
138
-12
-191
-134
139
335
136
-258
-348
27
385
243
-202
-360
-92
190
145
-101
-140
-86
-111
-100
67
158
-48
-362
-275
171
352
-38
-463
-293
229
341
-70
-415
-251
192
314
-2
-295
-219
44
198
120
-34
-83
-102
9
253
222
-60
-258
-86
237
274
14
-189
-105
103
183
75
-32
-86
-124
-32
125
148
-73
-264
-140
181
240
-112
-402
-225
216
317
-71
-417
-277
136
270
25
-252
-244
-70
109
162
37
-191
-271
-45
272
266
-95
-322
-91
235
271
47
-174
-125
99
175
113
63
-58
-122
-58
170
251
14
-218
-150
210
333
-10
-350
-210
243
380
2
-377
-251
134
212
-2
-196
-213
-102
19
116
79
-120
-287
-179
142
236
-48
-360
-243
163
310
27
-265
-199
96
204
48
-71
-60
-13
62
135
135
-23
-186
-76
223
306
6
-304
-171
244
366
67
-273
-218
76
241
99
-76
-141
-100
-24
86
117
-28
-229
-246
1
233
83
-238
-326
-51
228
139
-138
-273
-111
88
87
-23
-136
-177
-17
165
149
-107
-306
-140
219
328
34
-272
-205
174
357
107
-179
-168
40
184
133
19
-20
-43
-35
76
175
69
-179
-208
89
276
62
-275
-249
75
239
42
-252
-237
1
155
80
-112
-237
-171
-16
160
137
-151
-374
-173
250
330
-57
-409
-250
213
353
60
-268
-196
126
196
97
49
-21
-100
-90
118
347
170
-265
-354
91
501
285
-298
-417
38
466
304
-213
-386
-73
281
277
-4
-270
-251
3
187
156
-86
-327
-231
120
249
1
-296
-259
42
206
43
-168
-171
-35
45
35
51
1
-97
-135
35
218
169
-114
-239
35
330
194
-171
-272
47
360
197
-144
-216
30
235
179
-34
-133
-58
28
106
116
5
-146
-165
12
138
35
-98
-150
-122
-5
60
19
-75
-163
-138
-13
154
69
-194
-261
-6
214
117
-241
-325
36
351
114
-339
-358
114
391
139
-185
-181
38
191
132
21
-22
-34
-21
55
182
140
-90
-188
34
273
187
-150
-284
-22
246
175
-115
-255
-84
114
126
-22
-176
-185
-79
103
192
-39
-354
-264
157
340
9
-402
-351
112
368
77
-285
-237
70
189
51
-73
-30
48
26
-29
79
178
22
-154
-63
205
270
18
-222
-105
185
267
34
-201
-98
132
221
98
-100
-191
-62
165
270
31
-293
-294
79
286
111
-268
-337
-34
214
114
-159
-209
-70
4
12
41
-22
-140
-163
10
222
141
-201
-301
20
353
203
-204
-297
20
355
243
-104
-239
-46
202
209
65
-86
-123
-2
195
231
22
-224
-202
95
317
134
-220
-266
2
204
87
-129
-135
-62
-65
-39
47
75
-76
-289
-178
180
250
-103
-400
-196
242
278
-118
-386
-128
253
229
-82
-269
-147
101
179
98
-6
-102
-120
47
279
240
-75
-291
-85
293
333
5
-260
-140
176
275
79
-160
-200
3
175
179
-43
-262
-205
93
270
76
-282
-339
-11
301
170
-264
-374
-49
251
150
-160
-278
-105
88
136
15
-61
-115
-105
28
148
125
-54
-156
-42
173
183
23
-104
-52
109
165
89
9
-66
-73
54
211
128
-92
-173
27
263
188
-162
-308
6
342
245
-175
-351
-70
221
143
-86
-224
-136
-17
28
52
14
-131
-232
-114
149
209
-78
-334
-188
215
288
-45
-311
-144
202
247
5
-162
-78
62
141
145
67
-82
-151
13
266
255
-77
-281
-78
327
332
-61
-334
-127
233
272
-17
-195
-125
2
56
24
35
-20
-191
-202
50
219
23
-283
-295
36
280
85
-252
-288
17
211
64
-159
-205
-52
124
150
4
-177
-243
11
308
248
-112
-341
-89
356
401
-25
-345
-147
228
347
68
-159
-111
50
141
157
70
-104
-209
-63
220
239
-82
-350
-169
199
293
-32
-361
-259
59
244
72
-190
-259
-97
112
170
9
-235
-306
-35
300
242
-182
-386
-89
276
268
-106
-282
-20
271
145
-66
-21
57
25
-34
64
221
128
-175
-211
130
381
116
-269
-235
160
373
98
-310
-249
171
347
79
-262
-261
4
176
134
-37
-222
-239
-41
182
173
-123
-327
-167
158
219
-57
-303
-176
120
212
37
-159
-159
8
142
151
53
-96
-137
-5
236
281
-20
-317
-164
291
439
23
-368
-212
258
402
74
-242
-192
88
217
106
-55
-103
-113
-49
75
91
16
-131
-173
-72
75
84
-47
-163
-176
-33
111
116
-70
-264
-195
112
260
17
-324
-262
165
338
34
-370
-280
190
380
80
-216
-176
69
222
164
19
-31
-69
-21
110
225
116
-156
-203
71
346
179
-229
-322
27
330
180
-211
-316
-56
179
165
-39
-233
-246
-34
217
186
-131
-363
-226
181
325
-20
-405
-312
152
367
73
-309
-232
78
182
74
-42
-55
6
-14
20
172
207
-34
-221
-41
287
318
-66
-314
-54
322
264
-132
-227
26
260
171
-92
-182
-40
139
176
50
-139
-222
-67
156
172
-52
-274
-207
56
166
25
-143
-185
-76
11
43
37
-41
-150
-136
72
216
76
-208
-233
80
335
140
-221
-272
97
387
189
-205
-254
60
278
198
-37
-149
-62
101
194
161
-22
-207
-126
147
258
35
-222
-197
61
190
-8
-142
-91
-56
-51
-38
24
30
-134
-227
-37
224
110
-239
-335
25
310
110
-302
-336
68
371
134
-284
-317
14
288
174
-72
-119
-17
58
145
164
62
-119
-150
62
305
215
-129
-272
-6
319
246
-88
-291
-120
161
236
87
-169
-259
-74
169
226
-37
-364
-302
133
373
78
-404
-406
67
392
156
-313
-402
-28
282
190
-113
-237
-107
68
137
110
3
-107
-60
66
165
159
-25
-120
-14
146
174
63
-65
-96
14
159
170
8
-145
-91
132
256
54
-231
-220
151
395
121
-337
-356
43
300
157
-189
-341
-144
140
149
2
-129
-190
-139
23
175
90
-214
-322
-27
303
244
-166
-362
-75
304
277
-52
-249
-103
149
267
158
-48
-204
-114
134
319
183
-187
-293
45
431
307
-220
-410
-47
369
309
-109
-334
-127
152
162
-13
-139
-138
-113
-19
135
110
-132
-326
-186
161
293
-18
-346
-257
119
248
21
-225
-218
11
191
113
-75
-203
-137
111
263
153
-130
-271
-17
335
325
-67
-323
-116
292
346
50
-198
-149
88
221
181
-29
-195
-156
67
242
122
-186
-305
-28
276
200
-201
-396
-162
229
275
-76
-346
-250
77
254
88
-211
-307
-101
217
280
-25
-343
-293
98
375
202
-227
-288
45
283
186
-16
-107
-26
72
85
112
142
-35
-215
-69
292
326
-78
-339
-97
332
376
-89
-408
-160
315
391
-41
-363
-239
89
226
121
-106
-286
-216
44
225
137
-196
-367
-147
211
254
-57
-329
-207
126
227
46
-175
-154
16
148
128
24
-82
-108
54
257
206
-104
-298
-41
359
356
-86
-394
-94
378
392
-45
-348
-184
176
286
88
-146
-179
-67
68
118
50
-86
-200
-188
38
218
63
-234
-309
-54
211
179
-117
-315
-186
143
241
3
-258
-250
76
321
122
-283
-368
2
402
279
-172
-338
-35
323
309
-6
-214
-89
134
187
119
18
-57
-111
7
193
227
-39
-265
-169
191
309
12
-316
-229
116
265
24
-265
-239
-16
146
120
-64
-229
-200
37
219
89
-268
-349
-21
306
213
-171
-331
-68
220
166
-80
-136
52
135
8
-9
130
125
-85
-151
89
357
193
-240
-314
82
429
242
-235
-299
65
380
202
-185
-301
-6
270
242
-41
-291
-210
78
224
126
-188
-375
-137
231
249
-77
-332
-213
83
191
19
-178
-171
-40
98
159
42
-148
-229
-41
263
291
-32
-329
-172
263
418
84
-311
-259
161
384
162
-160
-225
9
255
250
31
-203
-193
24
266
226
-65
-294
-197
148
268
2
-240
-213
-19
101
61
-46
-139
-163
-104
90
176
-37
-324
-202
182
295
-71
-404
-245
237
374
-1
-388
-265
180
340
77
-191
-147
53
150
165
107
-21
-119
-72
148
287
99
-214
-195
161
341
91
-230
-237
87
279
119
-174
-243
-56
153
149
-13
-192
-251
-93
177
226
-58
-347
-263
129
321
51
-358
-309
63
278
110
-159
-181
-52
52
124
112
7
-124
-94
100
229
158
-73
-184
1
236
228
-15
-172
-81
139
220
69
-110
-85
64
180
147
-88
-229
-65
236
284
-23
-347
-230
156
298
40
-327
-326
10
250
98
-169
-266
-124
70
160
40
-162
-255
-90
195
260
-15
-308
-217
175
352
68
-260
-218
114
333
202
-99
-203
-69
153
277
167
-84
-252
-87
260
372
73
-335
-314
101
412
180
-213
-273
-25
201
79
-116
-121
-81
-79
-9
79
42
-158
-280
-69
244
199
-176
-397
-94
310
223
-219
-405
-98
313
299
-84
-367
-223
146
367
187
-172
-287
-73
282
392
88
-272
-245
122
362
204
-131
-205
5
200
176
25
-109
-116
-11
125
149
6
-188
-219
32
249
117
-269
-370
-32
287
174
-169
-330
-134
147
197
-30
-249
-233
23
207
142
-92
-243
-155
125
264
88
-175
-180
63
223
125
-16
-53
-17
55
98
148
83
-86
-144
67
289
157
-187
-242
76
375
181
-277
-320
93
406
188
-296
-367
21
302
158
-157
-293
-160
37
130
47
-84
-210
-187
23
185
89
-190
-252
-42
218
193
-102
-275
-86
176
226
52
-125
-148
-5
191
251
79
-194
-208
124
396
176
-239
-297
104
436
242
-233
-339
-4
310
228
-98
-220
-87
64
92
16
-24
-76
-173
-145
85
172
-7
-260
-260
54
243
87
-224
-307
-64
221
188
-98
-302
-161
160
290
24
-309
-274
132
416
152
-270
-282
65
409
264
-133
-245
-23
210
174
53
-29
-19
-6
52
118
103
-57
-157
-41
189
173
-111
-290
-93
199
186
-116
-312
-183
104
194
57
-165
-231
-105
101
139
-36
-236
-207
40
235
103
-181
-253
-16
210
162
-46
-125
2
92
41
74
136
39
-127
-77
168
300
74
-273
-198
223
415
61
-326
-210
234
371
44
-298
-221
123
293
132
-135
-250
-90
97
138
56
-152
-275
-128
139
183
-40
-250
-204
31
137
18
-108
-125
-29
69
77
-14
-115
-112
72
214
112
-141
-194
47
303
229
-114
-252
-13
286
256
-33
-179
-52
144
190
54
-60
-78
-36
25
108
119
-29
-188
-136
89
164
15
-163
-226
-84
137
135
-70
-247
-208
23
214
109
-185
-316
-70
247
190
-157
-365
-116
299
274
-119
-380
-176
254
327
25
-179
-144
40
206
205
65
-97
-162
3
258
273
13
-278
-168
209
367
99
-301
-282
114
321
110
-218
-230
9
152
70
-86
-184
-153
-10
135
99
-148
-297
-100
209
212
-150
-363
-149
244
286
-67
-303
-162
103
207
102
-73
-124
-30
68
161
188
30
-161
-108
156
291
103
-162
-201
63
300
198
-122
-218
-4
216
220
-15
-214
-152
116
299
120
-234
-312
-6
273
190
-155
-367
-184
139
214
-12
-208
-182
-24
69
60
-18
-127
-165
-52
139
162
-43
-230
-137
166
283
40
-228
-161
153
287
127
-141
-167
51
210
172
28
-112
-94
80
229
188
-101
-282
-80
244
259
-44
-242
-115
118
87
-83
-103
34
11
-160
-149
58
136
-62
-292
-148
185
195
-121
-309
-103
201
163
-134
-267
-67
202
166
-101
-227
-95
128
212
86
-71
-153
-25
226
273
40
-192
-165
138
288
129
-98
-121
33
149
123
28
-82
-102
-6
98
130
-14
-198
-141
93
189
-25
-279
-243
69
285
85
-298
-337
-14
262
124
-211
-284
-59
164
160
-49
-194
-127
32
169
159
-39
-162
-40
115
144
102
23
-64
-62
44
177
199
13
-202
-153
142
353
133
-231
-258
83
390
194
-273
-338
59
378
225
-217
-391
-50
253
180
-129
-312
-179
58
154
77
-86
-207
-182
-13
155
84
-156
-239
-30
215
136
-136
-227
3
213
166
-40
-146
-73
92
232
179
-74
-244
-85
254
349
65
-260
-194
186
364
123
-233
-252
72
294
124
-153
-187
-15
100
43
-63
-60
-47
-88
-62
61
57
-104
-222
-122
111
191
-63
-273
-144
120
170
-45
-212
-143
64
189
79
-161
-233
-51
233
258
-15
-219
-150
144
321
158
-133
-179
29
186
159
69
-23
-78
-44
81
194
119
-133
-239
16
291
198
-208
-349
-43
269
155
-196
-316
-89
170
172
-82
-265
-172
47
162
47
-172
-259
-79
188
200
-45
-258
-169
92
226
99
-101
-122
60
104
57
79
70
-36
-111
-3
248
266
-62
-309
-73
327
323
-104
-335
-68
327
308
-100
-341
-100
264
285
-2
-259
-194
20
128
118
-45
-225
-220
-9
191
154
-156
-338
-184
159
272
18
-267
-262
12
234
167
-90
-243
-120
172
302
98
-209
-245
91
373
241
-196
-349
9
409
309
-102
-311
-61
283
280
19
-211
-155
71
204
117
-59
-176
-124
29
152
81
-89
-230
-159
88
177
8
-212
-263
-96
180
234
-69
-361
-253
157
346
63
-361
-408
54
433
255
-273
-461
-72
404
338
-87
-297
-123
164
284
155
-44
-155
-78
96
252
190
-60
-228
-56
277
314
-49
-322
-200
202
350
46
-295
-282
17
232
142
-115
-308
-216
99
265
79
-267
-362
-64
284
217
-162
-381
-162
228
263
-45
-249
-127
96
161
46
-54
-37
45
75
80
99
42
-91
-53
124
245
104
-137
-158
63
232
143
-92
-149
18
158
162
8
-168
-160
67
275
186
-172
-318
-135
182
262
-65
-399
-287
130
317
84
-287
-332
-54
185
178
-62
-263
-186
54
266
151
-168
-327
-57
323
297
-75
-324
-149
276
427
74
-310
-276
124
402
251
-126
-305
-79
284
370
65
-311
-298
80
405
235
-236
-392
-72
315
207
-176
-262
-67
68
38
-38
-45
-58
-129
-137
50
164
-22
-259
-172
144
238
-41
-332
-201
201
302
-9
-307
-256
96
330
192
-128
-234
-69
175
312
143
-134
-233
-13
299
313
-17
-259
-139
179
296
107
-152
-185
-35
155
190
48
-181
-224
-71
181
227
-93
-384
-229
199
333
-27
-421
-304
152
352
35
-361
-335
32
312
184
-137
-286
-126
138
231
90
-134
-142
23
165
157
62
-69
-91
43
155
146
46
-88
-75
80
194
111
-108
-168
30
245
180
-134
-275
-26
300
262
-129
-360
-121
192
210
-29
-261
-229
6
105
51
-56
-145
-147
-72
80
126
-24
-223
-176
72
229
61
-220
-212
93
276
136
-156
-202
31
237
216
15
-165
-124
90
279
189
-100
-219
-11
276
263
-46
-262
-111
168
234
11
-166
-104
33
64
-41
-44
27
-52
-201
-87
157
160
-156
-378
-138
280
281
-148
-427
-150
256
267
-100
-348
-176
194
273
22
-249
-240
39
276
185
-79
-185
-67
159
276
108
-118
-155
28
202
178
57
-71
-107
-1
144
204
47
-204
-212
99
321
113
-294
-343
42
358
183
-317
-454
-63
342
254
-192
-407
-167
184
245
-2
-277
-286
-24
259
192
-100
-271
-152
149
272
67
-212
-160
100
214
147
12
-98
-100
51
203
230
25
-230
-180
190
390
114
-298
-263
183
433
110
-354
-316
158
405
172
-267
-355
-17
244
144
-105
-232
-168
0
121
113
-46
-272
-225
43
225
83
-193
-273
-36
210
195
-60
-234
-132
107
213
104
-99
-166
-20
234
274
15
-248
-169
181
365
148
-188
-232
80
325
184
-117
-222
-59
147
170
53
-93
-140
-69
50
78
-8
-108
-148
-66
83
93
-61
-215
-173
14
161
57
-154
-215
-37
146
109
-102
-258
-122
179
275
1
-317
-280
112
373
183
-177
-261
-23
270
275
35
-140
-130
51
211
205
17
-170
-161
133
327
159
-211
-315
20
352
205
-209
-376
-85
256
215
-92
-289
-220
50
212
111
-156
-306
-166
152
255
5
-338
-306
77
361
153
-257
-337
-16
274
203
-74
-173
-14
109
133
131
52
-100
-145
69
287
224
-92
-285
-43
302
301
-81
-292
-53
266
287
-22
-285
-183
148
331
152
-195
-349
-130
211
267
-11
-318
-313
23
284
151
-187
-342
-145
133
189
0
-209
-215
-41
172
205
17
-251
-207
103
313
162
-186
-267
25
331
275
-66
-276
-101
234
311
92
-163
-199
41
267
251
-32
-276
-168
152
292
96
-203
-264
3
227
119
-148
-210
-82
30
47
-1
-50
-135
-177
-41
150
142
-125
-298
-108
178
183
-92
-285
-119
203
214
-65
-280
-117
170
212
42
-114
-91
33
179
175
37
-106
-97
90
236
159
-79
-175
-27
217
237
16
-186
-167
57
205
144
-97
-253
-152
112
236
46
-245
-294
-41
284
169
-228
-398
-104
297
260
-195
-443
-174
268
335
-10
-317
-239
65
246
176
-74
-166
-34
95
106
114
72
-66
-79
61
212
176
-52
-178
-39
180
238
18
-194
-115
154
290
88
-266
-275
123
382
178
-258
-403
-38
300
208
-160
-368
-175
154
179
-36
-188
-142
-59
0
35
44
-45
-183
-109
109
182
3
-186
-143
106
222
89
-102
-130
14
189
188
4
-137
-77
129
243
101
-155
-162
107
317
173
-190
-276
2
276
230
-109
-274
-93
140
139
-48
-124
-57
-66
-73
17
88
-17
-180
-220
-1
254
95
-288
-324
60
331
115
-266
-364
-17
327
212
-153
-313
-128
204
300
72
-199
-217
53
347
281
-60
-269
-108
223
299
100
-135
-184
13
229
239
20
-238
-251
66
347
229
-205
-432
-136
328
353
-133
-491
-279
228
378
20
-374
-342
35
299
133
-206
-334
-118
176
234
5
-216
-189
23
199
142
-59
-136
-14
105
123
88
7
-61
-22
94
197
143
-69
-186
-46
248
261
-59
-265
-58
282
283
-93
-322
-127
277
334
-18
-346
-219
131
226
14
-187
-201
-76
28
87
6
-97
-177
-111
34
147
27
-194
-226
29
243
124
-164
-270
-20
249
216
-8
-186
-129
91
279
204
-74
-259
-80
293
368
19
-298
-211
190
390
138
-207
-235
-5
193
177
-3
-137
-144
-45
88
119
16
-176
-246
-56
209
155
-139
-335
-178
153
253
-28
-311
-224
98
228
46
-213
-236
-11
213
153
-117
-266
-102
193
253
17
-186
-111
108
253
148
-43
-134
-43
108
206
154
-16
-164
-93
144
269
80
-213
-221
102
302
78
-267
-287
49
261
95
-209
-286
-84
148
145
-33
-227
-205
-29
155
131
-114
-300
-164
167
273
39
-276
-259
66
256
151
-82
-159
-24
106
117
123
74
-70
-109
54
256
219
-95
-264
-40
304
284
-109
-268
-23
269
243
-80
-263
-72
193
236
39
-208
-209
-19
135
165
-43
-291
-279
34
278
150
-208
-375
-135
181
223
-18
-267
-242
48
245
161
-101
-272
-113
195
303
52
-253
-196
171
375
166
-212
-289
33
354
276
-108
-272
-33
270
286
18
-242
-196
99
287
169
-153
-277
-98
200
197
-72
-261
-157
28
135
47
-114
-167
-145
-35
121
125
-68
-280
-199
155
298
24
-372
-344
123
428
150
-337
-391
43
387
252
-146
-280
-50
225
302
90
-152
-165
20
219
240
41
-172
-147
100
289
160
-130
-217
-43
180
180
-29
-205
-137
24
123
89
-88
-253
-194
101
270
43
-313
-341
25
326
126
-284
-355
-15
298
183
-149
-268
-83
135
155
50
-57
-69
16
55
101
137
54
-96
-88
89
251
164
-108
-213
-1
268
240
-62
-241
-63
223
269
-6
-268
-178
171
345
85
-321
-311
33
281
175
-209
-391
-132
198
208
-62
-254
-199
7
111
78
-63
-196
-171
32
205
145
-163
-280
-22
286
255
-96
-298
-90
264
345
85
-216
-212
59
261
251
7
-182
-133
130
298
151
-173
-266
19
268
161
-97
-197
-72
93
61
-61
-22
-68
-153
-99
108
180
-66
-376
-242
213
360
-30
-430
-299
200
370
7
-405
-300
184
359
54
-300
-283
54
318
185
-65
-183
-112
143
301
168
-88
-225
-50
245
287
38
-188
-147
132
269
118
-120
-203
-52
165
197
17
-191
-211
1
199
124
-163
-324
-111
210
219
-102
-329
-211
111
243
13
-240
-264
-38
185
169
-36
-214
-160
69
224
133
-103
-196
-32
180
229
96
-116
-153
36
226
225
51
-191
-189
119
333
170
-200
-269
54
357
225
-214
-338
2
374
252
-189
-377
-90
237
188
-83
-265
-187
12
109
67
-33
-159
-200
-79
112
137
-56
-256
-168
114
254
15
-244
-184
134
285
102
-180
-197
45
267
228
-24
-195
-86
155
271
140
-115
-192
8
265
242
-27
-211
-122
96
215
83
-98
-143
-76
50
82
10
-56
-178
-161
64
196
33
-261
-302
-17
270
171
-196
-362
-90
245
186
-108
-287
-141
159
240
0
-260
-213
79
296
135
-136
-209
-29
256
321
28
-227
-153
129
283
159
-50
-166
-98
140
288
168
-147
-297
-66
258
283
-72
-384
-210
184
313
38
-339
-345
22
283
194
-164
-367
-195
137
283
41
-306
-350
-43
303
283
-94
-359
-214
172
315
96
-182
-141
25
118
151
124
7
-146
-108
163
380
158
-280
-359
102
508
262
-270
-393
47
431
280
-185
-347
-54
286
287
-49
-310
-219
61
226
129
-163
-358
-192
184
294
0
-345
-300
52
263
107
-240
-303
-40
226
191
-51
-235
-138
100
248
141
-126
-241
-44
289
349
8
-303
-199
198
387
173
-220
-263
66
323
245
-63
-257
-146
125
273
118
-152
-251
-64
198
178
-102
-237
-133
19
87
48
-76
-162
-142
-34
97
94
-86
-236
-113
119
161
-45
-265
-177
153
262
17
-276
-214
122
298
125
-140
-184
-2
228
236
31
-129
-117
75
231
200
-4
-197
-119
164
288
94
-199
-233
44
272
177
-149
-305
-114
166
229
-1
-290
-299
-9
244
220
-139
-386
-208
180
293
-35
-365
-258
105
291
108
-207
-281
-11
211
161
-27
-130
-38
64
83
133
120
-46
-138
-11
221
299
12
-262
-154
209
346
47
-262
-193
163
359
131
-245
-280
22
322
255
-133
-373
-147
190
259
10
-297
-318
-10
216
135
-107
-255
-192
15
158
93
-117
-246
-119
142
215
23
-239
-224
94
326
165
-168
-273
-7
337
308
-52
-311
-137
232
367
125
-237
-253
68
363
302
-82
-359
-178
219
320
44
-246
-215
65
213
53
-148
-163
-98
-21
91
109
-73
-275
-255
47
337
166
-305
-456
-46
398
287
-251
-492
-112
399
342
-157
-432
-171
269
355
51
-195
-177
15
243
255
40
-175
-147
63
263
220
-32
-200
-88
198
287
73
-217
-255
0
257
246
-83
-346
-208
181
319
17
-368
-356
63
383
173
-312
-439
-87
301
246
-119
-372
-220
124
274
77
-171
-226
-36
147
192
57
-156
-133
38
192
184
25
-138
-86
113
244
162
-80
-231
-47
255
288
-21
-273
-137
214
359
69
-323
-270
129
396
179
-270
-387
-39
278
231
-108
-343
-245
69
243
98
-155
-280
-181
55
205
102
-190
-320
-104
243
269
-61
-305
-156
205
300
41
-214
-167
121
303
156
-108
-180
-29
206
269
59
-192
-159
116
327
187
-134
-270
-53
245
219
-72
-198
-74
89
95
-20
-91
-75
-89
-59
61
67
-91
-220
-123
112
190
-47
-303
-244
109
292
33
-283
-273
44
293
169
-157
-321
-134
202
307
77
-173
-191
12
265
264
-22
-179
-85
135
243
127
-67
-130
-18
178
213
32
-204
-202
70
280
155
-195
-320
-66
256
196
-146
-350
-183
161
257
-18
-272
-257
-16
210
152
-158
-329
-171
150
274
68
-256
-299
31
288
198
-114
-230
12
222
138
-14
-45
-9
56
86
97
96
1
-85
-20
143
180
-7
-164
-32
201
212
-55
-225
-80
199
231
-7
-237
-186
68
163
82
-85
-243
-218
-13
203
158
-113
-344
-193
129
227
-8
-273
-240
53
248
140
-134
-242
-69
198
250
36
-198
-200
114
336
198
-138
-282
-30
318
327
-3
-301
-149
241
383
98
-244
-259
31
286
205
-90
-232
-122
99
160
-15
-151
-129
-64
21
82
4
-147
-173
-75
67
110
-24
-202
-191
63
194
62
-202
-277
-17
280
208
-169
-355
-99
256
302
-3
-232
-109
118
247
159
-39
-114
-47
120
219
158
-57
-190
-51
221
294
23
-309
-257
157
361
147
-252
-369
-64
285
256
-104
-411
-286
127
373
146
-318
-467
-117
339
333
-165
-503
-247
281
418
0
-360
-286
84
284
174
-84
-166
-37
82
123
140
73
-111
-127
70
278
226
-102
-296
-21
352
287
-142
-331
-46
355
342
-70
-381
-199
231
390
70
-322
-311
40
280
163
-176
-356
-162
129
186
9
-191
-200
-61
44
63
0
-96
-146
-88
102
172
-21
-216
-146
153
285
88
-222
-228
105
360
218
-136
-270
-31
267
274
-3
-191
-99
135
279
112
-154
-210
20
236
165
-89
-210
-83
112
96
-63
-86
-62
-77
-48
42
70
-58
-233
-188
85
232
55
-301
-323
72
355
121
-325
-377
61
398
171
-271
-342
-25
292
243
-26
-165
-109
84
240
206
1
-165
-128
102
276
208
-65
-219
-42
222
276
18
-255
-200
86
281
125
-193
-276
-57
207
209
-95
-384
-245
166
366
45
-413
-413
49
403
187
-291
-431
-98
282
295
-46
-304
-242
52
259
200
-57
-227
-105
145
279
188
-134
-242
-3
273
270
11
-220
-111
188
276
72
-220
-194
134
337
148
-214
-295
21
344
266
-141
-396
-155
226
264
-34
-299
-263
8
176
94
-89
-187
-181
-32
88
97
-32
-225
-203
61
288
118
-216
-294
30
335
219
-116
-271
-67
233
298
85
-183
-182
67
290
228
-52
-223
-72
217
320
73
-264
-246
87
334
180
-167
-277
-74
157
150
-34
-139
-158
-89
73
141
-10
-212
-267
-33
227
153
-183
-334
-88
257
184
-164
-323
-87
197
208
-45
-238
-160
70
218
125
-38
-113
-89
66
253
205
-28
-201
-99
166
266
132
-101
-166
-11
201
222
4
-215
-171
102
242
90
-212
-279
-24
246
189
-190
-396
-162
227
294
-58
-393
-285
102
285
79
-258
-342
-83
251
289
-22
-331
-273
94
321
229
-142
-287
-80
198
311
158
-110
-223
-69
218
359
111
-269
-268
114
408
235
-226
-325
43
415
283
-191
-406
-93
340
343
-55
-370
-221
106
254
100
-184
-308
-144
88
173
53
-164
-261
-113
126
145
-51
-205
-168
53
191
98
-117
-181
-19
179
169
-12
-148
-83
142
275
119
-163
-242
46
360
282
-119
-312
-56
336
365
-12
-339
-204
161
312
98
-170
-227
-65
150
136
-46
-148
-131
-65
34
74
-31
-151
-158
-58
123
98
-102
-218
-119
108
152
-25
-226
-202
83
254
85
-225
-294
35
320
200
-112
-236
-42
239
281
34
-153
-132
65
220
189
18
-106
-97
69
205
132
-68
-208
-70
181
227
8
-277
-217
106
239
38
-244
-272
-33
207
163
-115
-334
-212
121
276
29
-316
-312
48
324
182
-197
-336
-69
228
232
-21
-187
-65
114
140
88
66
-16
-102
-37
177
272
69
-228
-198
171
381
116
-273
-238
143
385
159
-247
-329
23
348
271
-121
-346
-174
149
217
27
-235
-291
-43
181
146
-93
-247
-182
37
152
25
-127
-193
-89
89
174
64
-165
-224
7
249
220
-50
-259
-117
219
337
87
-219
-193
107
302
171
-101
-208
-11
253
256
17
-213
-184
60
253
158
-102
-210
-102
99
131
-6
-146
-163
-72
74
91
-23
-171
-236
-52
224
168
-186
-374
-74
300
224
-182
-403
-139
276
329
-94
-376
-178
226
305
23
-183
-86
85
171
137
24
-48
-52
32
153
172
33
-94
-55
101
177
68
-94
-149
3
171
145
-60
-242
-137
125
210
23
-272
-286
2
244
146
-176
-336
-142
164
232
-49
-297
-266
35
257
150
-118
-250
-114
101
193
123
-52
-147
-73
106
260
154
-127
-215
35
297
265
-53
-286
-131
239
355
55
-257
-175
157
305
126
-182
-248
-18
253
256
-67
-307
-181
98
204
42
-214
-256
-61
106
104
-31
-162
-190
-65
121
134
-91
-266
-151
138
283
33
-278
-259
120
349
158
-190
-272
22
322
279
-32
-246
-138
158
333
147
-158
-201
39
285
253
-46
-273
-154
173
307
72
-221
-239
11
220
104
-117
-179
-116
-15
90
82
-78
-234
-196
74
259
54
-310
-303
57
322
101
-287
-315
1
275
179
-163
-287
-72
183
220
49
-111
-122
-1
185
236
49
-157
-141
112
292
184
-86
-190
-44
192
245
76
-199
-247
17
280
225
-124
-354
-185
210
320
-10
-399
-350
102
361
126
-283
-392
-98
258
266
-114
-412
-258
140
337
130
-223
-334
-63
250
280
3
-250
-146
136
237
119
-35
-115
-21
106
145
126
31
-108
-86
122
233
99
-156
-170
88
295
149
-182
-271
12
321
249
-165
-356
-130
147
239
45
-250
-309
-80
186
211
-45
-302
-277
31
252
108
-183
-300
-85
205
227
-44
-262
-118
147
238
77
-149
-175
42
248
224
-5
-207
-152
160
339
147
-201
-248
92
374
213
-140
-311
-75
272
303
-16
-271
-213
62
221
94
-123
-233
-175
23
174
124
-129
-310
-196
129
275
39
-304
-330
18
308
172
-209
-366
-95
253
295
-59
-383
-250
205
434
140
-284
-316
28
402
334
-73
-293
-116
208
332
141
-129
-188
-28
206
259
53
-224
-240
43
327
202
-208
-372
-95
246
263
-72
-353
-278
90
296
108
-247
-344
-102
215
228
-70
-347
-263
81
311
161
-196
-309
-56
220
224
7
-165
-82
55
123
177
110
-91
-165
22
263
277
-45
-289
-104
286
344
-10
-298
-151
229
325
22
-280
-161
165
276
51
-224
-200
23
146
85
-73
-215
-164
10
90
40
-75
-183
-125
21
100
23
-123
-183
-96
114
203
18
-203
-200
76
293
169
-163
-281
29
358
289
-115
-303
-60
293
314
3
-253
-130
189
305
109
-154
-192
-5
190
151
-25
-155
-144
28
127
67
-54
-152
-190
-55
116
107
-49
-232
-220
57
250
48
-301
-329
65
364
135
-318
-411
20
408
259
-228
-438
-96
335
337
-45
-257
-152
121
307
212
-38
-194
-114
147
304
185
-104
-256
-33
272
310
-32
-320
-200
195
384
78
-330
-357
21
335
244
-177
-463
-254
212
383
73
-398
-439
-5
393
260
-249
-477
-189
274
369
17
-329
-297
54
303
219
-79
-236
-93
129
259
209
-63
-279
-129
267
411
136
-311
-329
104
466
301
-195
-378
-40
359
337
-67
-361
-216
221
384
99
-310
-334
-2
252
200
-110
-338
-222
96
202
46
-174
-266
-121
110
187
13
-240
-250
1
257
191
-157
-327
-85
289
320
-12
-290
-174
195
347
129
-153
-197
29
242
230
-2
-188
-93
186
297
113
-169
-227
2
245
185
-79
-207
-97
69
112
10
-58
-119
-143
-47
80
89
-67
-233
-180
81
229
13
-297
-249
110
269
8
-315
-236
113
283
50
-219
-222
8
236
164
-34
-138
-96
114
258
177
-56
-204
-88
184
309
131
-149
-192
35
244
190
-43
-225
-111
135
226
49
-217
-231
5
218
142
-172
-351
-159
183
267
-37
-339
-291
60
294
102
-252
-340
-85
207
226
26
-227
-230
-8
242
207
-52
-210
-71
135
231
135
-83
-186
2
223
271
60
-188
-167
81
278
186
-122
-243
-7
291
276
-79
-344
-130
268
350
9
-333
-271
81
237
91
-156
-284
-130
88
154
31
-163
-246
-113
121
196
-7
-290
-266
65
306
143
-191
-294
-22
285
236
-55
-213
-99
160
295
126
-143
-223
11
290
292
-33
-264
-90
260
327
27
-261
-194
112
283
132
-140
-212
-58
107
108
-28
-116
-105
-95
-21
105
42
-165
-247
-83
161
221
-72
-350
-219
158
279
-1
-302
-246
88
296
118
-218
-326
-55
285
310
-17
-263
-169
143
341
183
-113
-206
-31
217
254
81
-117
-176
3
200
232
38
-219
-216
94
317
107
-264
-323
10
299
196
-202
-399
-148
211
281
-50
-357
-257
84
257
56
-241
-289
-48
221
198
-81
-270
-149
116
216
77
-111
-101
19
88
129
129
30
-118
-104
137
336
135
-239
-276
124
484
255
-316
-437
64
512
324
-241
-473
-73
421
392
-100
-460
-262
207
348
65
-310
-389
-89
248
258
-70
-347
-260
63
252
106
-190
-316
-117
177
264
22
-249
-249
42
320
244
-103
-310
-126
272
422
99
-320
-301
121
454
267
-189
-347
-10
375
306
-54
-288
-146
152
256
38
-166
-141
1
115
48
-89
-112
-50
-17
-12
-16
-43
-61
-98
-95
56
96
-71
-202
-110
86
118
-21
-214
-171
91
254
56
-243
-252
43
281
184
-70
-175
-41
161
226
122
-32
-145
-93
130
281
192
-100
-255
-16
291
284
-74
-342
-169
252
350
8
-344
-292
91
320
137
-249
-406
-120
270
307
-91
-411
-292
116
314
80
-287
-338
-25
271
205
-99
-265
-118
98
180
73
-62
-89
-30
87
170
154
-34
-150
-41
198
257
35
-219
-118
200
307
38
-241
-148
166
313
76
-225
-208
71
285
175
-142
-293
-122
131
198
33
-235
-300
-85
183
199
-52
-278
-253
-8
195
148
-111
-286
-159
136
260
47
-246
-259
83
358
194
-175
-313
-30
332
347
-21
-285
-169
193
365
149
-211
-261
47
331
315
-13
-308
-232
126
348
153
-184
-273
-86
173
171
-32
-178
-195
-60
117
132
-30
-219
-266
-34
260
176
-194
-377
-88
284
233
-145
-383
-162
245
299
-52
-310
-204
132
303
124
-118
-184
-47
191
303
127
-124
-211
-18
266
291
9
-238
-176
176
358
142
-230
-313
5
338
219
-164
-348
-132
196
255
-25
-315
-322
17
297
179
-207
-394
-155
207
251
-61
-343
-238
107
289
104
-209
-270
-57
181
227
54
-161
-166
46
207
191
45
-115
-118
68
195
202
27
-157
-123
122
261
84
-154
-122
116
254
96
-196
-232
84
314
167
-206
-301
-45
182
151
-57
-259
-213
-2
136
107
-70
-210
-187
-24
146
115
-104
-245
-180
128
297
55
-256
-255
68
318
186
-137
-249
-11
273
263
20
-220
-158
132
343
204
-130
-281
-21
336
324
-66
-344
-166
230
330
16
-263
-208
64
170
56
-94
-112
-109
-74
23
98
-12
-180
-227
-16
220
119
-214
-327
-34
252
174
-192
-330
-88
230
268
-62
-311
-199
158
345
117
-204
-229
28
301
273
-3
-216
-121
141
262
135
-57
-117
-30
124
165
95
-51
-182
-88
144
239
6
-287
-240
80
298
117
-281
-414
-60
313
250
-176
-425
-216
200
318
-19
-363
-322
40
331
215
-157
-339
-110
205
241
28
-182
-111
97
198
121
29
-74
-88
37
215
240
16
-266
-143
257
409
29
-385
-245
265
453
98
-360
-311
151
414
169
-272
-343
-49
213
159
-53
-212
-202
-62
76
135
-2
-194
-232
-45
129
116
-93
-235
-92
141
191
-28
-255
-141
185
302
77
-213
-235
72
347
251
-93
-293
-76
301
358
19
-321
-201
222
398
149
-228
-303
13
286
223
-57
-232
-141
59
140
27
-91
-153
-121
7
103
38
-138
-218
-122
102
158
-37
-260
-211
113
256
10
-265
-269
23
284
165
-182
-304
-69
216
244
0
-156
-72
92
176
124
26
-40
-49
24
150
185
60
-138
-131
109
303
175
-174
-308
-38
269
265
-86
-333
-170
145
227
3
-278
-254
36
242
90
-225
-325
-72
209
198
-126
-376
-225
172
317
73
-250
-276
-27
241
219
-11
-189
-109
75
188
195
49
-170
-134
96
319
240
-146
-306
-20
363
318
-121
-360
-82
328
347
-32
-333
-186
192
337
88
-273
-295
-7
208
167
-94
-308
-205
43
200
69
-164
-260
-110
109
139
-6
-212
-215
-6
203
170
-83
-242
-112
171
264
63
-186
-167
87
297
227
-90
-251
-78
228
323
70
-187
-172
96
301
194
-109
-258
-79
191
266
22
-210
-207
29
198
73
-94
-188
-145
11
129
77
-115
-266
-161
107
224
-7
-277
-245
103
274
33
-305
-290
99
342
139
-268
-341
-20
317
261
-54
-221
-132
126
291
208
-17
-179
-118
117
272
157
-73
-174
-29
190
234
24
-192
-166
65
236
113
-146
-251
-115
143
213
-6
-319
-332
28
321
192
-245
-452
-152
301
293
-128
-429
-263
167
369
102
-288
-311
-17
273
257
-40
-243
-133
112
275
192
-63
-236
-88
211
347
118
-194
-235
57
337
246
-119
-296
-68
289
339
-26
-349
-217
194
389
127
-290
-366
-29
278
235
-150
-390
-224
146
256
57
-247
-293
-77
162
169
-54
-266
-199
50
240
145
-123
-260
-73
215
261
4
-188
-137
119
279
166
-105
-188
-19
226
273
31
-210
-151
158
332
153
-195
-265
2
284
233
-90
-270
-118
128
150
-34
-146
-89
-55
-19
41
39
-64
-184
-177
35
222
35
-267
-246
78
234
26
-254
-227
95
255
60
-232
-250
42
274
171
-78
-186
-73
149
269
157
-81
-178
-35
172
218
99
-80
-143
-6
198
224
35
-227
-227
77
331
203
-228
-408
-96
316
299
-150
-489
-278
230
400
21
-414
-371
64
365
126
-294
-379
-79
269
251
-59
-296
-202
128
281
122
-161
-188
17
169
156
81
-28
-118
-39
159
291
150
-202
-270
59
403
275
-181
-368
-38
374
361
-103
-419
-182
335
421
-37
-430
-282
140
298
84
-222
-313
-99
130
159
15
-179
-254
-119
134
202
-30
-278
-230
51
266
129
-147
-257
-62
232
245
15
-189
-167
123
333
197
-152
-275
-16
327
319
-30
-290
-115
238
327
83
-206
-220
7
214
193
-30
-191
-176
3
170
99
-80
-209
-198
5
214
121
-191
-382
-163
256
339
-75
-445
-280
199
372
18
-394
-338
128
382
140
-277
-360
-24
335
272
-57
-220
-96
141
266
162
-41
-139
-90
102
259
188
-46
-220
-66
221
283
37
-256
-217
133
313
86
-260
-292
6
244
171
-176
-335
-154
156
239
-5
-277
-298
-19
227
140
-177
-321
-135
186
253
6
-251
-182
78
214
108
-95
-135
-16
122
181
114
-50
-124
-7
187
237
67
-169
-199
113
354
148
-238
-245
108
385
175
-241
-320
33
338
229
-150
-332
-131
153
191
17
-192
-278
-96
128
174
2
-243
-266
-32
174
118
-92
-249
-165
96
208
58
-157
-190
1
223
197
-22
-195
-111
167
331
132
-189
-245
67
341
255
-84
-289
-94
269
365
80
-307
-303
79
375
241
-139
-361
-161
207
276
-11
-280
-264
-22
198
149
-127
-253
-184
39
215
110
-197
-327
-85
240
198
-108
-324
-147
200
265
-37
-290
-199
142
273
87
-122
-147
4
172
245
111
-90
-166
-38
213
283
63
-186
-172
111
299
155
-140
-259
-33
235
232
-36
-299
-212
96
257
83
-227
-353
-118
222
270
-65
-411
-306
122
357
78
-362
-411
11
371
262
-149
-399
-182
205
322
109
-202
-223
18
195
220
104
-77
-142
27
196
228
54
-184
-136
149
310
104
-213
-215
111
352
178
-202
-317
-13
323
299
-99
-402
-211
149
310
89
-297
-377
-57
233
208
-83
-318
-245
21
191
134
-109
-271
-161
110
259
81
-210
-233
41
270
198
-91
-239
-46
236
274
35
-174
-123
129
270
134
-104
-171
17
259
219
-14
-194
-118
110
207
52
-130
-151
-1
112
17
-67
-70
-70
-92
-12
92
34
-162
-266
-72
197
189
-146
-358
-112
257
228
-162
-391
-127
302
303
-90
-396
-215
203
388
115
-219
-235
36
271
265
6
-203
-104
120
229
137
-38
-116
-21
138
187
64
-110
-170
-23
173
187
-28
-240
-197
61
236
87
-243
-367
-104
285
265
-158
-427
-215
207
304
-33
-350
-269
76
246
101
-150
-217
-6
122
100
17
-64
-24
69
87
74
81
-11
-50
6
104
192
113
-138
-150
103
277
120
-164
-198
97
327
154
-224
-304
59
379
241
-216
-393
-98
221
220
-61
-285
-238
6
160
96
-85
-217
-193
-12
161
115
-139
-282
-136
177
277
31
-275
-249
96
345
179
-172
-271
11
335
300
-58
-278
-135
209
371
129
-221
-262
111
384
243
-136
-331
-109
217
293
50
-183
-216
-35
135
111
-39
-145
-165
-75
67
126
8
-218
-286
-21
236
133
-210
-348
-37
270
158
-188
-336
-70
257
246
-71
-318
-219
160
373
149
-191
-260
-42
287
357
58
-242
-225
64
327
280
-19
-258
-128
211
351
96
-257
-318
28
384
280
-192
-427
-149
283
314
-53
-405
-310
88
321
135
-227
-367
-137
179
233
-40
-304
-252
57
269
141
-185
-283
-57
212
232
8
-199
-112
100
189
152
32
-115
-86
113
227
165
-90
-204
-23
276
279
-89
-318
-74
308
341
-25
-341
-202
220
368
87
-258
-304
-48
178
179
-33
-269
-271
-36
187
186
-89
-352
-268
94
289
86
-257
-344
-54
275
248
-74
-304
-164
198
309
80
-193
-218
45
304
255
-53
-237
-106
200
330
106
-182
-184
87
297
194
-70
-232
-101
158
237
37
-159
-176
-14
130
79
-62
-116
-121
-60
42
49
-51
-132
-145
-43
132
96
-152
-249
-41
153
102
-115
-214
-52
160
151
-64
-235
-127
134
250
72
-85
-148
-31
190
273
110
-148
-226
7
304
325
11
-272
-195
186
373
160
-227
-342
7
354
234
-182
-342
-131
196
258
-49
-342
-300
67
302
150
-256
-415
-150
271
301
-85
-413
-286
148
354
103
-260
-308
-11
266
208
-51
-197
-98
108
211
160
24
-164
-137
109
321
213
-146
-306
-28
352
327
-85
-343
-128
287
389
21
-347
-250
181
412
149
-304
-378
-21
291
238
-124
-403
-268
109
294
116
-230
-348
-142
131
206
43
-196
-274
-88
206
261
-33
-295
-182
162
336
136
-213
-277
63
401
301
-127
-380
-103
375
453
14
-379
-260
225
484
229
-234
-404
-83
322
347
-23
-329
-231
108
250
47
-200
-166
-59
23
70
4
-110
-179
-153
32
201
57
-232
-299
9
260
117
-210
-321
-16
291
218
-174
-356
-110
249
319
59
-200
-179
32
241
256
46
-159
-150
59
260
183
-29
-159
-60
169
259
52
-212
-224
64
308
182
-222
-389
-106
308
289
-118
-442
-295
167
384
86
-360
-425
-24
349
233
-210
-414
-189
201
300
34
-252
-227
43
227
131
-48
-140
-28
101
153
90
-8
-68
2
126
196
74
-96
-107
48
226
159
-88
-186
-3
236
246
-69
-296
-123
242
339
9
-368
-263
130
285
60
-226
-314
-78
163
149
-54
-177
-194
-81
78
134
-16
-236
-206
36
259
159
-188
-330
-48
345
298
-87
-326
-138
227
355
155
-187
-241
9
310
309
-32
-308
-150
260
405
129
-252
-319
14
329
255
-90
-300
-166
110
212
34
-162
-205
-113
53
151
28
-198
-294
-104
223
234
-123
-394
-206
189
293
-4
-327
-246
99
297
82
-241
-263
-5
252
214
-27
-181
-94
136
263
171
-66
-160
-54
144
239
153
-54
-200
-55
216
308
35
-287
-236
167
389
93
-332
-381
29
373
208
-250
-436
-129
266
288
-75
-386
-293
93
309
95
-270
-343
-85
217
248
9
-265
-247
58
264
154
-81
-162
-30
110
166
140
1
-106
-53
130
214
134
-60
-198
-19
246
240
-68
-227
-50
286
274
-93
-312
-103
241
297
0
-298
-253
39
208
130
-135
-309
-190
60
201
106
-165
-310
-184
106
223
22
-236
-265
18
253
151
-167
-281
-16
283
244
-53
-278
-132
228
366
106
-219
-238
75
346
256
-101
-290
-77
307
382
28
-315
-269
86
341
218
-121
-310
-170
151
270
44
-221
-269
-98
130
192
-23
-245
-282
-35
251
200
-154
-390
-189
222
324
-26
-393
-295
138
401
146
-305
-391
-20
373
321
-59
-317
-182
212
418
194
-189
-291
-41
278
347
84
-206
-240
45
340
273
-86
-328
-154
218
346
50
-313
-313
43
298
150
-206
-365
-149
196
272
-40
-346
-307
48
317
145
-264
-415
-122
267
308
-48
-334
-216
125
267
121
-122
-191
-6
158
170
75
-33
-81
2
127
203
97
-112
-173
41
275
208
-86
-242
-52
246
269
-47
-262
-113
201
283
14
-268
-235
45
226
79
-208
-283
-87
136
115
-62
-200
-144
-26
74
49
-88
-168
-77
91
140
28
-132
-167
8
204
183
-50
-202
-47
215
280
39
-197
-141
131
302
181
-85
-215
-21
261
275
21
-231
-197
93
274
127
-131
-216
-68
136
121
-58
-153
-127
-46
29
39
-10
-115
-175
-67
125
130
-103
-289
-121
171
190
-93
-316
-155
195
270
-26
-303
-195
136
306
118
-124
-168
-31
172
256
96
-93
-130
-8
174
229
76
-117
-157
55
263
158
-96
-229
-62
187
236
-15
-274
-238
71
276
118
-220
-385
-127
263
284
-97
-445
-296
173
368
39
-383
-363
30
338
206
-163
-319
-105
169
221
55
-122
-132
36
144
164
73
-83
-102
61
222
218
-8
-236
-115
213
356
96
-245
-241
117
384
186
-254
-348
16
406
304
-166
-430
-187
206
285
17
-269
-297
-66
156
157
-52
-232
-225
-37
139
134
-55
-242
-189
83
275
87
-242
-256
73
329
196
-169
-289
1
326
292
-35
-259
-114
208
337
115
-192
-225
77
306
239
-45
-279
-143
183
283
48
-193
-198
1
136
59
-80
-112
-105
-65
15
104
7
-189
-263
-33
245
155
-196
-354
-87
241
211
-135
-329
-135
199
252
-31
-293
-202
123
296
114
-130
-183
-24
217
277
100
-146
-187
21
257
255
-4
-171
-102
136
262
106
-141
-212
-21
221
201
-55
-265
-175
104
236
38
-271
-308
-6
230
139
-175
-308
-124
153
183
-74
-282
-188
66
198
104
-134
-203
-80
153
205
37
-183
-139
93
205
168
34
-98
-94
32
199
248
19
-231
-154
172
369
118
-273
-247
129
389
171
-270
-320
74
391
237
-206
-387
-127
209
232
-25
-277
-279
-28
191
156
-80
-279
-226
25
177
83
-157
-250
-93
170
214
-21
-252
-167
114
274
123
-133
-194
13
241
271
17
-219
-167
140
348
189
-155
-256
8
330
302
-47
-314
-189
159
329
130
-188
-294
-101
198
198
-52
-196
-160
-46
87
91
-68
-203
-171
-15
164
110
-152
-259
-50
157
109
-101
-228
-104
128
182
18
-210
-203
61
273
173
-86
-202
-51
201
281
109
-122
-175
-21
246
292
36
-220
-162
128
335
165
-187
-306
-29
297
274
-119
-356
-192
176
296
34
-336
-381
-14
320
213
-185
-391
-213
159
296
20
-342
-346
33
337
201
-171
-346
-113
207
271
59
-186
-164
52
177
195
85
-115
-157
19
257
291
-18
-313
-158
283
420
51
-340
-238
208
405
115
-306
-291
92
373
209
-188
-361
-129
159
240
14
-300
-307
-6
213
158
-119
-306
-200
95
225
38
-225
-283
-49
215
233
-49
-287
-190
159
335
146
-191
-263
21
351
304
-56
-297
-127
265
379
59
-270
-200
158
384
202
-167
-304
-70
238
277
22
-226
-217
10
206
104
-126
-182
-130
4
125
48
-129
-221
-175
62
216
63
-263
-322
29
312
126
-280
-382
-42
360
307
-171
-432
-175
296
393
36
-278
-212
103
321
242
-43
-199
-88
126
232
173
-20
-150
-87
158
279
91
-189
-243
12
270
201
-130
-328
-137
180
250
-27
-342
-298
70
331
128
-310
-421
-50
333
251
-220
-450
-208
222
331
35
-269
-234
56
192
115
-27
-105
-49
53
139
175
52
-116
-114
90
288
207
-99
-264
-47
297
334
-35
-312
-148
246
353
42
-291
-249
147
361
151
-247
-354
-51
264
226
-109
-382
-250
104
240
89
-182
-294
-146
75
160
52
-186
-253
-63
205
217
-62
-290
-166
179
342
110
-231
-246
63
361
263
-79
-257
-119
216
346
109
-182
-205
67
302
239
-65
-300
-157
198
314
41
-220
-196
20
148
47
-91
-140
-130
-21
89
62
-81
-228
-179
83
228
3
-307
-273
94
318
67
-314
-365
23
388
230
-223
-421
-123
316
387
42
-276
-266
56
380
310
-19
-273
-182
146
355
215
-112
-254
-61
258
311
18
-289
-209
158
359
92
-314
-338
36
342
204
-227
-437
-174
256
339
-38
-416
-364
79
375
155
-285
-424
-115
241
293
11
-287
-236
55
253
184
-68
-203
-78
124
208
127
-55
-121
-2
165
187
99
-64
-163
0
257
215
-57
-198
-54
219
253
-28
-249
-134
174
274
53
-255
-233
36
169
104
-104
-278
-172
41
164
73
-154
-272
-141
111
173
-20
-268
-239
75
255
116
-176
-253
-5
261
193
-55
-205
-105
166
294
145
-124
-212
-7
268
281
10
-232
-135
171
338
183
-167
-316
-61
273
309
-15
-299
-236
87
264
101
-163
-288
-175
92
227
54
-239
-311
-74
238
219
-136
-383
-196
211
304
-36
-344
-274
126
344
104
-267
-323
-8
313
278
-44
-258
-149
152
354
187
-104
-217
-46
201
252
109
-121
-169
40
260
207
-58
-261
-130
172
277
26
-259
-218
44
219
108
-188
-334
-129
181
251
-26
-349
-332
48
343
185
-246
-449
-179
284
373
5
-375
-315
87
328
224
-106
-278
-82
183
237
141
-20
-165
-109
131
317
192
-149
-291
-6
358
312
-101
-338
-106
318
351
-47
-348
-195
214
353
77
-288
-308
4
239
163
-124
-341
-226
67
231
95
-158
-275
-143
69
152
6
-183
-184
12
185
124
-127
-229
-59
212
255
16
-197
-143
123
293
166
-120
-216
26
293
271
-53
-264
-38
267
291
26
-234
-193
83
273
150
-133
-247
-55
147
123
-50
-151
-127
-55
46
111
-4
-218
-233
-36
205
145
-114
-330
-164
199
262
-41
-352
-280
128
367
105
-294
-325
20
356
260
-122
-272
-83
242
332
76
-179
-146
66
207
182
36
-89
-112
44
227
202
-69
-259
-120
202
307
1
-306
-272
43
278
153
-194
-381
-151
206
272
-28
-369
-328
75
316
102
-281
-366
-50
283
241
-111
-317
-153
149
238
87
-115
-140
33
161
158
43
-79
-75
29
168
223
74
-178
-169
117
306
127
-172
-184
91
299
159
-198
-233
42
282
197
-128
-298
-118
159
178
-29
-245
-247
-36
175
143
-78
-238
-201
-3
148
109
-90
-253
-194
83
277
130
-217
-299
-28
337
287
-100
-312
-96
307
379
27
-299
-206
161
387
210
-154
-284
-28
296
313
26
-244
-235
56
289
200
-88
-264
-142
93
164
39
-128
-200
-147
50
158
49
-214
-318
-73
248
207
-172
-394
-136
277
283
-123
-399
-222
215
351
15
-345
-252
111
325
152
-109
-149
-67
115
253
193
-28
-193
-123
155
326
171
-145
-222
16
294
234
-60
-291
-132
196
297
8
-302
-262
56
286
142
-242
-406
-100
293
273
-129
-431
-260
149
314
44
-300
-334
-47
269
248
-74
-312
-209
119
300
156
-144
-219
-2
196
242
82
-148
-147
65
226
246
22
-209
-136
170
332
93
-236
-209
132
344
183
-207
-317
14
323
246
-115
-349
-174
160
219
19
-214
-274
-101
112
150
-8
-199
-224
-55
138
125
-120
-257
-125
130
236
32
-238
-221
95
294
150
-128
-200
-17
220
267
39
-197
-153
122
301
209
-106
-254
-30
291
329
17
-287
-241
124
328
153
-156
-276
-95
186
172
-67
-202
-161
-39
82
93
-36
-180
-208
-57
161
142
-128
-300
-118
186
199
-88
-291
-153
135
235
25
-216
-203
45
254
176
-57
-169
-62
166
271
107
-90
-133
6
178
197
52
-98
-83
64
179
121
-33
-126
-74
91
156
12
-177
-166
12
167
71
-176
-283
-95
178
205
-81
-333
-250
91
281
58
-297
-336
-28
269
208
-105
-281
-133
143
214
46
-117
-94
63
123
121
82
-19
-99
-27
176
276
98
-202
-235
108
363
180
-188
-254
50
319
211
-127
-303
-68
278
271
-60
-289
-218
27
216
151
-151
-347
-185
113
250
36
-273
-302
-63
199
179
-94
-296
-185
102
243
65
-190
-206
50
259
199
-82
-254
-82
268
359
58
-266
-243
174
427
220
-221
-330
17
406
341
-82
-364
-209
216
402
125
-270
-328
-15
232
148
-104
-219
-147
-2
131
99
-121
-258
-182
61
241
81
-242
-336
-27
279
189
-183
-368
-119
264
313
-72
-383
-212
206
373
109
-199
-231
-19
241
297
122
-142
-196
19
236
280
68
-193
-216
73
349
242
-164
-380
-112
334
356
-81
-445
-244
207
349
2
-400
-349
89
348
131
-276
-410
-128
257
283
-94
-402
-267
129
308
101
-235
-262
0
206
132
-43
-75
36
33
35
84
95
27
-59
-5
126
198
78
-114
-128
102
241
100
-138
-123
128
232
67
-148
-138
68
190
64
-136
-158
-10
93
44
-49
-153
-156
-39
46
56
-20
-141
-177
-60
89
104
-67
-228
-163
78
229
79
-217
-222
88
299
164
-141
-262
-14
322
323
-19
-293
-163
230
414
122
-249
-263
66
377
286
-86
-310
-184
176
350
123
-228
-326
-60
248
218
-54
-266
-265
-56
221
180
-102
-333
-295
58
328
133
-291
-395
-29
321
200
-225
-395
-61
321
251
-137
-341
-139
191
254
58
-91
-94
1
160
189
82
-65
-134
-25
214
274
60
-169
-160
98
291
155
-161
-261
-13
263
209
-123
-330
-152
181
256
-18
-353
-299
97
312
96
-283
-381
-47
299
196
-193
-393
-195
180
338
99
-263
-324
-45
273
283
-17
-238
-142
123
266
185
-45
-204
-86
188
293
137
-140
-235
-4
310
308
-47
-300
-142
241
354
72
-291
-283
85
390
236
-221
-401
-138
206
282
15
-320
-366
-61
258
235
-84
-354
-285
40
259
129
-184
-339
-130
233
278
-25
-309
-207
156
314
114
-157
-198
34
263
253
0
-211
-128
165
289
153
-121
-211
3
265
287
-15
-257
-166
133
270
81
-162
-229
-60
142
118
-30
-138
-186
-96
111
148
-29
-266
-241
65
236
34
-279
-256
66
257
71
-266
-309
14
314
219
-161
-374
-149
241
350
86
-203
-227
33
321
284
1
-231
-156
149
340
171
-120
-213
-5
243
245
-9
-235
-167
127
289
121
-223
-336
-72
241
260
-86
-405
-302
124
363
129
-318
-445
-107
300
308
-103
-444
-288
125
371
159
-241
-344
-57
248
262
-1
-211
-99
105
184
154
30
-126
-104
91
252
211
-54
-262
-82
270
311
-10
-268
-128
234
330
28
-299
-212
182
347
74
-298
-289
31
241
127
-139
-292
-184
43
162
66
-134
-247
-158
68
154
14
-180
-204
-38
171
148
-56
-202
-108
130
228
61
-154
-158
105
313
187
-136
-253
7
321
315
-29
-287
-128
246
356
108
-200
-254
7
260
202
-48
-217
-127
29
131
67
-68
-159
-174
-40
113
112
-89
-286
-207
129
294
2
-363
-305
140
350
64
-338
-363
62
392
188
-254
-394
-71
314
340
-27
-261
-161
138
344
208
-62
-187
-110
107
256
207
-18
-174
-89
153
262
91
-186
-229
37
277
174
-178
-323
-91
214
215
-94
-365
-221
150
287
43
-344
-385
13
358
180
-256
-425
-137
250
304
-16
-315
-217
118
256
105
-111
-157
13
145
168
92
-53
-129
-9
187
281
123
-205
-267
89
426
252
-236
-360
31
428
342
-193
-455
-131
342
431
25
-398
-336
62
298
173
-178
-371
-208
122
250
53
-208
-315
-137
150
238
-16
-294
-284
62
331
169
-210
-343
-79
323
334
-31
-323
-182
242
426
136
-273
-287
102
395
248
-108
-269
-70
265
329
51
-229
-208
65
244
159
-77
-232
-129
88
160
30
-117
-215
-136
80
178
-1
-246
-269
-88
171
221
-78
-348
-213
159
285
-7
-327
-264
116
320
117
-261
-332
-12
292
283
-22
-200
-137
101
303
204
-52
-200
-100
189
331
151
-175
-256
42
346
270
-105
-344
-123
268
322
-21
-347
-310
87
361
182
-260
-480
-167
311
355
-56
-441
-364
101
375
139
-295
-425
-100
280
332
-12
-346
-279
89
313
208
-105
-244
-69
174
242
117
-119
-166
39
255
266
22
-223
-151
168
332
105
-226
-210
109
340
199
-162
-320
-69
277
321
-27
-335
-240
64
253
116
-176
-347
-163
109
211
53
-207
-294
-128
136
199
-18
-251
-229
35
255
115
-189
-252
21
276
193
-107
-243
-20
268
278
25
-205
-143
112
318
192
-111
-248
-33
271
330
34
-257
-247
54
339
220
-165
-326
-114
198
222
-54
-225
-156
-19
81
58
-71
-181
-178
-27
162
120
-153
-294
-71
211
182
-120
-349
-161
221
317
5
-324
-299
64
370
254
-101
-285
-129
221
387
171
-176
-260
-35
278
337
79
-222
-199
100
326
220
-134
-325
-126
251
341
13
-353
-339
68
380
201
-283
-481
-181
312
357
-76
-472
-348
148
399
91
-348
-423
-35
363
293
-149
-401
-174
206
305
58
-212
-175
118
233
137
-30
-117
-55
99
221
196
-8
-217
-136
206
374
96
-298
-288
158
447
227
-280
-430
-15
458
363
-171
-485
-216
232
345
47
-344
-376
-76
252
246
-74
-362
-319
24
274
165
-185
-347
-155
214
323
28
-307
-285
70
388
246
-164
-333
-66
332
413
51
-317
-300
135
500
320
-211
-422
-52
427
437
-23
-423
-275
195
444
157
-249
-336
-73
226
212
-37
-204
-204
-89
85
169
12
-242
-298
-65
241
213
-134
-371
-171
193
247
-72
-315
-198
162
298
24
-302
-263
118
328
155
-150
-194
11
233
232
40
-98
-75
47
149
149
54
-50
-69
31
161
131
-53
-180
-43
199
198
-76
-285
-170
134
248
-7
-298
-299
4
273
150
-190
-349
-179
144
266
7
-292
-282
2
245
171
-120
-268
-120
134
240
79
-123
-128
27
150
178
58
-81
-123
36
243
247
-3
-251
-137
235
372
42
-310
-220
222
419
108
-322
-310
116
399
194
-231
-371
-72
243
207
-68
-290
-249
7
197
129
-103
-263
-224
27
192
98
-170
-297
-106
205
270
-44
-318
-200
165
340
126
-222
-265
53
362
323
-74
-337
-131
265
391
110
-249
-243
96
371
250
-87
-272
-141
156
281
95
-169
-254
-79
167
176
-50
-216
-202
-20
150
91
-103
-250
-207
62
234
56
-269
-299
21
271
119
-239
-344
-48
285
263
-109
-384
-206
223
358
116
-192
-247
-19
277
314
80
-166
-188
38
270
250
-4
-202
-101
176
283
100
-216
-255
61
335
176
-195
-356
-111
244
272
-76
-378
-301
100
309
119
-231
-388
-125
235
253
-106
-368
-253
98
318
150
-188
-292
-69
197
224
12
-148
-101
70
169
170
59
-116
-129
74
252
217
-24
-227
-107
230
334
31
-264
-179
181
320
105
-215
-257
39
320
223
-145
-356
-172
188
264
14
-307
-328
-41
215
184
-94
-298
-236
5
191
114
-124
-273
-146
170
272
-3
-285
-226
124
333
152
-168
-255
13
317
299
-38
-258
-143
177
353
168
-158
-244
10
299
293
-30
-297
-187
153
311
94
-189
-226
-16
169
66
-101
-129
-113
-50
34
68
-15
-172
-210
-30
181
115
-202
-307
-16
272
161
-230
-355
-59
306
270
-127
-376
-196
204
361
134
-176
-226
4
286
302
27
-204
-169
121
313
181
-70
-194
-19
224
234
3
-212
-176
84
276
156
-175
-314
-124
196
289
-32
-394
-323
125
357
121
-337
-448
-78
340
296
-174
-462
-263
178
362
104
-295
-329
11
311
230
-93
-257
-76
196
223
81
-60
-94
12
121
178
132
-30
-180
-41
219
270
-3
-261
-127
209
349
78
-285
-257
106
351
184
-219
-350
-100
213
216