#4
168
32
-277
-249
149
238
-132
-380
-136
271
187
-275
-393
8
309
55
-343
-321
118
305
-75
-456
-208
285
266
-239
-456
-96
298
178
-258
-409
-33
285
92
-324
-319
121
298
-75
-411
-164
275
207
-253
-366
8
282
92
-260
-297
14
242
45
-253
-246
72
226
-6
-307
-205
161
204
-107
-311
-114
224
168
-221
-343
-38
278
96
-292
-318
74
259
-26
-346
-205
141
198
-94
-340
-173
204
209
-160
-333
-98
220
144
-179
-310
-21
241
66
-242
-279
52
330
55
-379
-303
173
343
-51
-380
-179
218
236
-145
-361
-40
301
128
-294
-308
63
305
47
-355
-297
169
351
-69
-443
-202
258
258
-182
-403
-67
325
134
-323
-343
109
375
-7
-464
-263
296
339
-182
-466
-121
334
249
-234
-394
-20
315
140
-258
-311
54
326
73
-349
-264
191
317
-45
-341
-187
193
265
-109
-361
-88
283
150
-240
-308
8
293
103
-290
-275
52
244
25
-267
-181
106
179
-79
-269
-105
153
157
-124
-310
-91
252
193
-205
-370
-18
328
141
-278
-329
79
345
56
-337
-225
166
280
-63
-373
-164
319
288
-233
-422
-19
359
185
-289
-368
62
350
114
-322
-320
150
360
-65
-429
-155
282
255
-202
-413
-51
338
172
-286
-370
33
307
80
-287
-283
115
297
-21
-350
-176
216
272
-119
-371
-94
298
184
-221
-268
55
258
41
-281
-201
182
254
-88
-294
-101
184
209
-49
-258
-138
146
198
-92
-276
-69
216
140
-184
-272
17
261
71
-316
-243
183
273
-93
-329
-111
198
163
-129
-246
-24
153
84
-106
-198
-35
146
74
-144
-176
33
179
44
-210
-167
137
212
-42
-261
-90
199
168
-131
-242
28
252
61
-246
-192
107
252
-1
-296
-185
185
250
-105
-314
-75
247
190
-221
-363
21
349
143
-317
-373
104
405
71
-413
-280
210
318
-101
-389
-83
293
180
-219
-283
56
293
66
-293
-221
145
276
20
-279
-195
162
255
-39
-276
-95
159
174
-78
-247
-51
218
131
-182
-241
58
248
44
-257
-197
125
236
-32
-278
-159
173
203
-110
-273
-71
194
126
-155
-268
-31
251
149
-210
-276
16
281
106
-251
-251
112
266
9
-303
-191
239
331
-97
-405
-125
313
277
-179
-353
-21
316
176
-272
-286
165
343
-46
-358
-161
272
272
-151
-372
-62
310
210
-221
-345
16
318
90
-288
-260
142
290
-30
-332
-136
260
248
-172
-364
-31
330
160
-235
-319
12
319
165
-264
-306
102
338
36
-301
-179
209
282
-47
-332
-133
289
250
-142
-320
-41
318
142
-262
-245
136
274
-27
-271
-145
160
213
-51
-235
-124
126
162
-39
-199
-112
137
139
-108
-213
-31
201
111
-212
-262
86
293
43
-300
-217
171
284
-22
-286
-147
204
231
-97
-289
-35
264
144
-184
-265
51
312
103
-283
-253
143
329
30
-341
-228
236
330
-54
-380
-149
284
285
-166
-420
-30
387
208
-317
-393
110
412
48
-409
-248
231
324
-109
-349
-110
274
230
-183
-346
19
335
136
-241
-291
78
318
67
-281
-156
194
238
-103
-285
-39
270
166
-201
-261
35
251
117
-150
-184
2
184
108
-151
-190
33
180
75
-184
-162
70
195
7
-250
-144
179
221
-91
-309
-79
270
193
-224
-297
58
269
77
-253
-205
130
229
-21
-225
-111
145
206
-67
-275
-85
272
228
-151
-311
19
326
112
-266
-203
162
266
-22
-270
-144
193
250
-68
-290
-96
231
175
-122
-263
-24
254
115
-239
-254
118
324
8
-345
-220
210
330
-78
-392
-94
323
179
-252
-283
112
309
25
-311
-184
222
302
-89
-348
-78
280
229
-124
-314
-59
299
180
-184
-241
35
254
92
-204
-203
89
262
23
-252
-136
197
220
-76
-295
-96
229
196
-122
-286
-51
262
126
-210
-238
48
244
66
-237
-227
98
291
3
-282
-172
148
282
-17
-335
-126
296
231
-191
-320
20
340
163
-258
-301
71
334
151
-254
-294
77
364
82
-354
-197
270
332
-140
-404
-57
375
252
-275
-373
64
392
116
-351
-270
180
318
-19
-325
-134
227
213
-141
-270
-14
237
133
-192
-251
53
246
110
-230
-250
94
297
75
-277
-224
175
311
-11
-316
-126
259
261
-128
-326
-1
343
172
-220
-289
61
344
65
-288
-181
186
233
-73
-251
-90
213
196
-130
-262
-11
200
78
-90
-146
-58
117
106
-86
-177
-8
188
81
-204
-217
84
292
52
-303
-212
209
311
-83
-325
-103
250
250
-141
-324
19
327
148
-264
-288
138
381
40
-403
-210
295
374
-138
-435
-96
394
308
-248
-437
54
422
119
-331
-279
162
313
3
-351
-201
251
301
-122
-371
-84
282
169
-151
-271
-15
274
124
-228
-227
105
273
60
-267
-199
156
283
-28
-267
-94
228
180
-138
-235
29
269
99
-188
-202
89
249
109
-204
-213
94
265
45
-234
-156
131
194
-15
-202
-110
153
170
-110
-231
-26
212
153
-165
-248
9
278
107
-229
-234
70
285
48
-291
-166
174
222
-61
-233
-47
202
146
-127
-234
26
277
111
-216
-199
114
265
37
-258
-133
217
215
-113
-251
-18
236
143
-144
-252
-10
243
151
-190
-256
59
274
80
-304
-219
249
303
-130
-390
-73
344
235
-236
-368
62
349
47
-288
-143
142
169
-25
-178
-73
160
154
-111
-205
7
223
118
-126
-211
23
202
91
-112
-138
8
155
98
-153
-154
87
215
1
-234
-76
210
160
-140
-235
34
222
84
-183
-209
60
200
44
-158
-173
46
202
39
-255
-180
198
253
-77
-262
-110
224
233
-144
-301
15
300
128
-249
-259
128
344
44
-311
-236
190
356
19
-326
-205
213
322
-42
-358
-61
332
207
-246
-331
92
391
56
-354
-232
216
335
-49
-367
-141
235
270
-104
-326
-36
277
143
-207
-237
51
258
97
-250
-243
130
302
22
-291
-204
204
305
-49
-339
-91
275
218
-146
-268
12
282
159
-199
-241
85
297
82
-224
-214
138
274
-4
-256
-114
195
195
-108
-242
-30
247
134
-184
-207
26
162
86
-87
-140
-23
134
100
-133
-173
41
209
23
-239
-162
197
274
-87
-345
-65
332
225
-225
-299
52
314
111
-236
-225
129
283
25
-272
-179
233
298
-112
-348
-55
315
226
-214
-305
45
320
150
-233
-295
98
336
47
-334
-206
241
294
-104
-378
-78
322
218
-246
-326
45
306
79
-233
-210
105
265
15
-265
-139
183
237
-49
-284
-77
237
175
-118
-200
13
203
81
-140
-168
100
219
4
-220
-98
148
187
22
-164
-155
112
229
-7
-239
-121
176
189
-87
-210
-42
195
125
-167
-219
52
252
82
-232
-219
112
310
4
-312
-150
203
224
-81
-277
-28
221
104
-127
-174
27
182
98
-140
-185
61
257
62
-218
-160
154
271
-46
-279
-43
285
128
-195
-214
87
265
62
-235
-178
117
191
27
-188
-141
135
212
-80
-284
-33
268
142
-201
-256
40
268
85
-217
-203
101
201
-3
-200
-98
139
166
-56
-188
-28
188
104
-134
-167
65
209
53
-170
-144
83
188
14
-133
-88
76
137
-4
-148
-49
114
129
-46
-169
-19
185
112
-162
-214
75
234
59
-239
-166
132
189
-41
-196
-98
115
162
-43
-248
-82
215
173
-108
-260
-22
263
154
-230
-234
115
265
21
-257
-166
218
321
-80
-364
-84
299
245
-138
-298
-34
285
186
-170
-255
78
293
66
-247
-212
157
323
-28
-386
-140
348
293
-227
-372
20
325
135
-249
-235
110
251
-13
-246
-75
159
147
-50
-225
-81
185
207
-90
-308
-75
299
227
-205
-312
70
317
75
-261
-155
196
233
-67
-208
-42
188
155
-48
-188
-50
156
132
-53
-185
-51
195
156
-142
-253
43
277
79
-230
-211
86
221
48
-193
-152
93
183
-28
-168
-67
123
133
-101
-214
1
225
118
-173
-223
58
257
101
-231
-240
121
308
37
-261
-156
204
246
-78
-299
-37
298
184
-213
-278
71
346
95
-297
-214
175
307
-3
-309
-129
225
213
-113
-250
-37
214
168
-176
-298
22
317
96
-290
-236
121
266
24
-246
-180
190
237
-98
-257
-43
249
181
-170
-272
62
273
50
-181
-115
120
146
-28
-136
-53
105
144
-17
-186
-79
165
212
-41
-253
-105
227
204
-116
-270
-26
255
142
-173
-234
65
230
21
-208
-145
120
242
-12
-252
-163
186
255
-94
-292
-62
234
172
-154
-247
30
233
69
-163
-151
84
202
16
-207
-104
179
219
-63
-224
-43
218
169
-126
-208
70
213
37
-155
-146
91
213
35
-226
-162
151
245
-36
-257
-98
222
193
-181
-311
86
334
45
-311
-190
192
267
-55
-290
-100
189
162
-80
-161
-18
113
83
-60
-121
2
133
57
-94
-124
58
186
45
-164
-131
117
198
-29
-163
-63
99
143
-34
-144
-32
139
126
-121
-156
65
174
10
-184
-95
127
145
-35
-178
-76
104
100
-31
-151
-70
113
107
-82
-173
-11
182
98
-145
-200
49
222
67
-206
-143
121
207
-19
-252
-103
257
249
-133
-342
-27
337
213
-224
-292
59
333
109
-274
-187
201
260
-70
-271
-85
241
217
-168
-294
22
310
103
-272
-226
117
279
19
-269
-153
193
218
-117
-248
-26
216
141
-168
-222
64
233
51
-201
-177
89
244
66
-204
-162
95
223
40
-198
-128
161
221
-27
-230
-71
202
216
-73
-295
-60
303
177
-179
-233
32
239
76
-179
-156
91
194
5
-181
-133
83
189
26
-175
-146
90
171
-13
-198
-89
172
133
-130
-211
32
243
87
-251
-214
173
312
-34
-331
-133
249
261
-72
-272
-55
243
170
-169
-245
72
315
76
-288
-196
166
309
-27
-314
-127
240
270
-94
-317
-61
271
181
-178
-265
49
265
79
-251
-235
127
308
-11
-316
-190
237
251
-93
-263
-59
201
153
-140
-218
17
244
117
-188
-214
69
245
82
-184
-156
87
173
25
-135
-63
126
119
-72
-151
-14
168
164
-97
-225
-17
223
126
-167
-202
59
207
64
-174
-162
90
197
-26
-207
-86
156
199
-89
-286
-63
281
200
-201
-307
43
317
102
-273
-226
168
269
-28
-255
-85
198
194
-93
-247
-18
256
173
-152
-241
40
281
121
-209
-184
145
247
-30
-244
-87
216
208
-113
-287
-5
245
128
-152
-220
45
213
57
-211
-156
159
234
-74
-287
-80
236
203
-147
-251
-4
184
88
-110
-132
7
124
56
-91
-102
53
133
31
-109
-100
85
174
-12
-195
-46
145
133
-30
-137
-87
136
124
-68
-127
0
148
75
-112
-94
56
98
16
-91
-83
35
124
5
-147
-95
77
106
-24
-147
-68
116
102
-103
-180
47
198
28
-206
-136
137
204
-51
-191
-27
159
105
-78
-183
4
217
133
-171
-244
62
283
126
-205
-258
92
317
39
-280
-114
223
204
-111
-241
-9
228
120
-172
-210
64
257
29
-228
-163
121
227
-30
-228
-76
181
140
-121
-190
22
192
77
-175
-177
67
218
53
-204
-178
122
243
-9
-221
-90
143
180
-26
-185
-43
173
149
-106
-190
37
255
92
-193
-205
106
227
15
-171
-96
102
151
-10
-166
-81
109
165
-7
-207
-135
123
207
-9
-224
-136
153
216
-52
-261
-85
256
129
-256
-217
184
288
-70
-317
-77
271
212
-129
-275
-38
264
172
-126
-232
9
239
100
-192
-168
119
240
-10
-245
-114
215
245
-105
-294
-45
277
213
-188
-295
44
285
91
-228
-195
87
260
27
-288
-184
221
240
-119
-292
-34
223
130
-137
-222
33
222
68
-173
-144
80
206
31
-193
-110
125
163
-22
-157
-47
133
122
-63
-170
32
174
61
-148
-134
83
218
73
-198
-171
115
218
8
-178
-113
59
155
54
-143
-162
95
199
-50
-221
-46
194
170
-151
-291
35
332
76
-282
-210
145
273
-14
-271
-116
181
184
-81
-197
-18
172
139
-102
-195
43
217
88
-159
-155
100
247
16
-211
-85
157
182
-74
-224
-18
236
133
-169
-219
51
221
66
-187
-144
112
167
-48
-203
-62
220
155
-167
-262
35
253
79
-179
-170
40
142
49
-77
-111
6
129
42
-107
-95
76
123
-4
-126
-46
128
140
-65
-174
-23
171
104
-92
-127
18
114
42
-66
-46
30
57
4
-33
-32
2
72
31
-104
-84
77
120
-45
-164
-56
105
126
-69
-178
-11
163
44
-185
-101
120
146
-29
-193
-76
165
144
-90
-168
21
158
74
-128
-155
48
226
66
-227
-155
176
261
-44
-279
-86
255
201
-164
-220
90
235
-4
-192
-66
140
133
-70
-172
-35
178
126
-121
-178
-12
148
82
-95
-132
17
135
23
-108
-87
51
123
18
-158
-115
126
187
-52
-257
-51
227
172
-126
-232
15
225
101
-135
-151
91
215
-6
-170
-98
129
200
13
-199
-99
135
155
-17
-136
-70
85
133
-19
-162
-71
155
138
-90
-229
-35
209
168
-145
-238
19
219
50
-193
-117
114
152
-66
-198
-39
201
146
-162
-230
51
263
98
-218
-209
107
288
50
-234
-167
157
249
-19
-273
-96
253
212
-166
-276
31
311
130
-243
-230
115
277
35
-225
-175
136
229
-31
-238
-83
153
146
-67
-203
-75
179
144
-106
-249
-21
242
117
-193
-195
111
197
-40
-186
-41
159
112
-76
-159
-7
148
80
-62
-81
7
60
40
-5
-49
-6
71
70
-64
-121
33
208
73
-201
-167
153
232
-42
-245
-94
191
163
-103
-212
-1
185
70
-160
-119
75
139
-2
-152
-106
111
159
-17
-164
-120
82
196
-5
-196
-110
136
187
-34
-224
-39
201
140
-175
-196
114
278
17
-249
-116
208
223
-105
-216
8
176
95
-125
-149
74
192
32
-192
-136
118
185
-5
-182
-103
150
150
-102
-207
23
213
33
-181
-155
101
196
11
-182
-135
70
161
28
-106
-132
42
145
46
-116
-90
85
109
-26
-111
-5
126
82
-90
-132
32
161
69
-108
-130
31
145
50
-72
-111
23
141
36
-111
-77
82
92
-59
-127
8
131
39
-116
-117
28
130
32
-139
-98
70
138
-51
-187
-23
163
91
-95
-168
-27
184
124
-116
-172
24
181
90
-153
-163
129
225
-56
-242
-49
241
175
-141
-247
50
260
60
-171
-91
119
121
-30
-141
-54
111
130
-57
-172
-38
152
114
-97
-160
-35
152
100
-124
-149
59
131
-26
-114
-52
83
115
-54
-155
-24
165
90
-138
-177
52
221
58
-214
-128
147
192
-15
-183
-55
157
150
-76
-165
8
163
118
-54
-170
-47
142
148
-61
-171
-35
165
99
-128
-154
45
187
36
-147
-148
33
179
77
-141
-179
26
207
72
-211
-157
133
181
-87
-243
8
228
112
-190
-226
87
315
37
-287
-165
202
254
-40
-254
-58
193
148
-100
-168
15
170
93
-134
-165
51
217
59
-187
-144
96
243
38
-240
-154
141
220
-44
-240
-79
184
156
-139
-223
9
219
87
-202
-237
70
285
61
-270
-162
199
190
-125
-205
41
205
46
-156
-94
61
114
42
-51
-65
-9
55
73
-15
-66
-4
74
59
-80
-106
95
207
-3
-248
-88
199
195
-110
-238
-7
218
102
-161
-184
69
196
10
-188
-104
120
159
-25
-242
-85
233
181
-150
-235
0
205
122
-140
-188
5
174
106
-115
-168
51
212
38
-203
-117
185
218
-79
-230
-27
213
184
-118
-222
40
246
49
-234
-122
175
210
-61
-260
-64
209
157
-134
-218
42
208
13
-208
-102
170
159
-116
-226
-9
203
95
-110
-149
-16
83
76
-5
-106
-67
56
95
10
-75
-51
73
74
-42
-95
21
125
44
-97
-112
41
171
66
-139
-139
90
171
1
-143
-73
107
131
-39
-106
-26
96
66
-78
-96
14
92
46
-91
-119
21
142
42
-151
-151
90
167
-63
-163
-42
145
133
-129
-199
50
222
50
-178
-131
114
172
-5
-182
-64
183
162
-136
-218
64
228
83
-153
-199
67
254
58
-213
-86
150
119
-69
-129
-1
130
60
-106
-117
41
142
6
-112
-114
34
156
28
-173
-86
106
82
-53
-90
-19
100
61
-115
-97
55
107
0
-103
-77
50
127
14
-96
-89
44
162
24
-137
-80
126
139
-65
-150
49
190
51
-157
-116
94
145
25
-104
-118
40
146
28
-122
-85
61
120
21
-138
-130
64
188
19
-187
-118
98
180
3
-214
-92
170
131
-142
-186
61
226
27
-232
-135
199
219
-94
-229
-43
216
174
-106
-215
-18
210
138
-150
-213
88
270
24
-257
-126
220
221
-138
-245
13
253
119
-161
-196
42
188
82
-161
-157
50
182
30
-195
-148
123
191
-29
-216
-125
136
198
-77
-227
-2
178
61
-142
-107
94
161
6
-163
-95
96
94
49
-34
-92
-26
97
97
-75
-116
36
144
16
-127
-67
148
161
-113
-222
33
238
78
-180
-156
62
178
52
-156
-155
72
172
-2
-160
-106
108
178
-41
-241
-56
219
147
-146
-236
27
259
78
-220
-186
97
228
31
-210
-90
161
133
-46
-141
-31
143
138
-61
-183
-5
202
108
-124
-125
57
154
13
-152
-71
137
144
-82
-192
-18
209
116
-188
-184
107
183
-53
-195
-4
182
29
-122
-98
41
104
35
-85
-122
-22
122
88
-70
-138
-26
135
101
-84
-134
29
130
26
-93
-48
66
102
-8
-110
-76
92
140
2
-142
-79
118
133
-34
-154
-12
150
65
-97
-90
35
95
6
-86
-50
50
62
-16
-89
-60
22
78
43
-104
-143
73
146
-71
-172
18
181
52
-186
-132
149
165
-40
-167
-43
115
105
-71
-122
43
163
37
-168
-103
110
164
23
-151
-119
107
193
-1
-158
-44
103
115
-39
-137
-30
145
73
-140
-122
120
124
-60
-126
-27
70
81
-34
-87
-13
36
14
-3
-26
-16
24
7
-43
-36
15
54
8
-90
-49
96
95
-58
-103
13
79
57
-20
-50
10
69
39
-25
-70
7
121
100
-120
-175
64
215
42
-170
-107
97
141
-32
-157
-32
125
107
-77
-175
-41
136
137
-62
-179
-68
129
137
-70
-181
-15
153
58
-154
-114
127
173
-82
-208
-22
211
144
-155
-227
65
286
68
-238
-141
162
198
-52
-219
-16
227
106
-157
-175
58
206
47
-149
-136
76
201
39
-185
-145
97
187
-10
-176
-87
104
141
-42
-199
-51
174
91
-137
-165
11
152
86
-131
-141
61
115
15
-72
-68
36
112
16
-132
-89
106
141
14
-105
-93
47
133
22
-110
-52
93
90
-42
-103
9
147
71
-140
-140
58
179
48
-185
-152
115
203
-13
-241
-73
188
110
-135
-155
58
167
10
-177
-123
119
154
-8
-156
-123
91
207
-9
-247
-92
212
167
-117
-205
26
211
83
-162
-163
101
218
33
-184
-115
154
208
-46
-192
-24
155
135
-130
-164
96
166
-23
-145
-41
79
106
-20
-99
-39
47
64
-36
-86
-11
89
58
-87
-128
41
156
31
-156
-135
73
167
11
-169
-85
103
105
-16
-82
-15
34
33
35
-37
-68
43
115
15
-126
-77
107
173
-31
-223
-57
211
133
-131
-163
56
151
24
-84
-62
21
80
27
-80
-105
65
131
-27
-181
-84
146
130
-78
-211
-11
190
41
-178
-93
123
139
-83
-178
1
157
54
-74
-74
-14
89
69
-71
-116
82
188
-13
-216
-82
172
200
-57
-223
-65
205
166
-101
-165
8
154
74
-115
-114
60
132
-29
-127
-22
116
43
-41
-98
-51
95
90
-64
-96
-3
52
29
-15
-69
-30
86
22
-77
-37
42
58
-9
-88
-44
90
93
-47
-105
15
119
24
-63
-25
63
65
-39
-48
37
86
7
-46
-29
9
17
45
32
-39
-76
28
81
26
-84
-85
93
94
-75
-146
-38
160
153
-118
-225
-2
211
76
-184
-130
113
131
-88
-144
16
139
47
-125
-98
59
147
24
-140
-108
104
171
-5
-171
-66
140
114
-69
-138
24
162
43
-121
-131
73
196
12
-178
-92
120
174
-14
-194
-106
144
164
-72
-194
-36
157
106
-132
-172
41
174
22
-158
-128
30
167
53
-175
-101
122
127
-52
-124
-39
110
118
-76
-129
-12
117
106
-23
-104
-60
46
123
18
-102
-50
82
93
-25
-116
7
157
79
-130
-159
74
199
22
-195
-133
133
215
-44
-254
-58
196
111
-133
-164
38
178
50
-197
-142
133
198
-32
-224
-85
176
148
-93
-187
-16
166
104
-72
-154
-10
162
85
-106
-127
66
190
23
-176
-121
170
207
-33
-201
-59
203
96
-136
-122
83
162
-9
-162
-72
115
126
-37
-154
-47
119
83
-79
-117
57
116
-26
-153
-47
128
72
-57
-102
-68
38
121
25
-125
-88
88
104
-25
-88
-33
65
71
4
-59
-45
55
107
-20
-145
-28
162
121
-131
-184
97
193
35
-179
-106
119
140
-32
-128
-44
101
76
-57
-110
0
116
53
-101
-140
14
139
52
-127
-151
47
144
-10
-133
-66
92
125
-30
-159
-59
154
121
-104
-162
17
193
53
-181
-91
169
165
-111
-204
32
213
106
-147
-179
68
192
51
-126
-78
73
88
19
-95
-57
61
84
-43
-103
7
100
29
-98
-79
20
79
52
-77
-81
15
49
51
-22
-102
-33
94
77
-83
-124
60
130
-34
-155
-20
136
93
-67
-124
13
135
52
-73
-55
55
75
-14
-61
3
87
66
-65
-86
-1
75
79
-15
-92
-40
67
60
-34
-87
-20
98
55
-94
-143
28
188
75
-181
-170
87
190
10
-187
-89
121
83
-89
-99
56
94
6
-103
-62
85
121
-26
-161
-47
172
104
-79
-103
-1
121
40
-92
-67
81
89
-4
-87
-54
88
104
-28
-119
-52
111
140
-67
-151
-26
146
88
-106
-157
26
162
0
-149
-90
106
107
-46
-139
-79
77
150
-26
-180
-31
128
76
-76
-102
26
116
1
-82
-42
27
75
61
-21
-99
-39
90
109
-41
-101
11
79
72
-69
-96
67
138
-8
-151
-56
128
126
-56
-180
-43
184
138
-148
-206
56
204
24
-196
-128
148
196
-112
-250
14
243
79
-188
-160
70
183
30
-142
-120
42
140
41
-91
-103
42
126
31
-104
-88
131
163
-61
-193
-12
207
130
-104
-172
23
191
34
-132
-81
88
113
-15
-136
-62
109
102
-58
-121
-12
70
22
-34
-19
36
16
-46
-84
29
80
10
-69
-54
-3
16
30
22
-41
-62
14
103
51
-96
-110
62
140
18
-153
-34
142
79
-89
-124
46
173
32
-158
-84
96
143
8
-143
-72
84
95
13
-87
-66
54
92
-13
-132
-28
121
69
-137
-153
79
175
-18
-186
-70
93
87
-55
-78
-25
93
67
-101
-117
43
166
30
-141
-105
89
138
-33
-136
8
157
67
-126
-110
62
159
51
-138
-96
76
126
28
-84
-81
48
93
6
-75
-52
63
60
-46
-73
24
66
4
-65
-91
13
106
47
-92
-92
9
76
27
-34
-39
-12
9
29
14
-41
-39
25
18
-29
-12
18
42
5
-55
-14
64
64
-22
-55
24
81
17
-59
-21
83
83
-57
-99
-14
93
83
-35
-120
-23
118
56
-82
-72
28
97
12
-141
-85
105
132
-33
-164
-70
123
138
-68
-166
-29
125
47
-112
-87
76
132
-38
-162
-27
154
110
-110
-159
12
214
72
-160
-122
99
151
-31
-125
-3
106
38
-58
-74
8
101
55
-66
-85
11
111
68
-91
-131
37
148
23
-138
-91
79
126
-64
-160
-13
132
72
-110
-129
-3
123
66
-97
-100
34
82
8
-56
-39
32
80
17
-72
-68
42
109
37
-59
-95
-14
139
95
-101
-119
52
149
14
-149
-46
169
127
-130
-179
88
188
19
-160
-104
89
145
-19
-139
-70
72
104
-7
-148
-70
139
134
-122
-199
49
219
41
-201
-157
133
202
-40
-222
-73
156
130
-53
-143
-30
129
83
-56
-108
25
139
57
-108
-120
73
181
42
-139
-80
96
128
-59
-121
-8
125
81
-107
-126
24
169
30
-144
-59
79
19
-47
-34
36
40
-32
-60
-10
35
26
0
-55
-49
3
40
44
-8
-80
-66
78
133
-19
-146
-21
109
70
-43
-65
9
74
29
-33
-66
14
99
42
-104
-76
75
143
-15
-166
-34
136
103
-59
-129
5
123
44
-107
-101
89
110
-52
-133
-54
77
96
-21
-130
-60
68
75
-55
-108
27
125
7
-130
-68
103
105
-44
-104
-23
94
83
-74
-99
58
152
-12
-159
-52
146
145
-68
-167
-4
140
100
-39
-82
-35
42
86
-24
-88
8
49
-4
-41
-16
26
11
-2
-50
-33
46
49
-36
-40
-22
-13
33
49
-39
-60
-6
37
31
-43
-51
9
61
-9
-62
3
78
45
-64
-67
54
69
19
-24
-57
16
74
45
-41
-45
49
79
-7
-88
-32
104
87
-79
-115
62
86
-8
-77
-57
68
85
-33
-128
-47
136
105
-101
-173
-12
176
87
-144
-166
65
158
-18
-156
-40
134
105
-104
-152
51
174
16
-149
-81
105
136
-18
-110
-52
90
105
-60
-108
55
109
-15
-80
-31
64
78
-16
-78
-32
67
109
-35
-125
-43
89
87
-63
-86
-10
55
26
-61
-60
11
60
10
-89
-78
37
95
5
-86
-63
23
76
29
-74
-72
60
109
-35
-119
-11
105
64
-14
-60
-64
12
132
74
-76
-115
22
112
44
-90
-29
101
50
-111
-74
79
129
-9
-169
-80
133
184
-97
-225
20
171
48
-125
-134
56
177
-11
-198
-56
164
123
-111
-172
-15
145
91
-82
-135
-24
116
115
-53
-149
-29
172
104
-126
-142
86
202
5
-191
-80
179
171
-76
-146
-11
133
45
-59
-50
10
68
56
-59
-99
-5
101
50
-65
-89
-17
63
42
-10
-55
-12
30
-21
-30
1
15
30
-27
-84
-26
94
79
-70
-125
-2
115
81
-72
-102
10
105
67
-55
-93
33
121
27
-128
-74
141
159
-92
-205
21
197
92
-138
-132
54
148
48
-103
-118
54
145
7
-142
-78
111
103
-72
-144
-29
126
108
-109
-186
4
163
48
-130
-86
96
113
-51
-154
-10
132
83
-73
-111
23
113
21
-84
-28
76
61
-56
-82
8
118
93
-85
-147
39
169
54
-117
-72
55
67
-14
-40
-13
34
15
-24
-6
7
-36
12
45
-49
-86
34
100
10
-112
-98
70
133
-23
-125
-38
75
69
-58
-87
5
58
30
-55
-37
45
53
-20
-47
8
54
23
-1
0
-33
0
64
47
-24
-36
40
48
2
-83
-32
118
102
-112
-167
53
174
31
-154
-89
126
136
-103
-190
31
199
45
-189
-133
93
184
-14
-166
-69
87
73
-38
-83
-4
53
28
-31
-55
33
72
25
-86
-68
74
97
7
-86
-43
79
56
-34
-46
54
47
-30
-30
-16
61
28
-19
-47
-11
70
64
-48
-94
-10
92
37
-59
-69
-13
63
14
-69
-46
27
37
-25
-53
-55
16
79
19
-93
-54
50
62
-22
-56
-9
71
53
-76
-70
19
67
77
-10
-87
-51
51
122
15
-100
-50
75
73
-25
-83
28
108
18
-123
-65
103
131
-66
-157
-33
153
103
-105
-160
33
119
14
-103
-78
89
107
-82
-145
39
132
48
-107
-134
33
168
51
-129
-152
53
160
57
-124
-129
82
161
12
-132
-57
137
137
-70
-167
0
189
113
-105
-131
37
143
3
-104
-59
96
86
-52
-88
-14
73
52
-18
-59
-33
15
25
19
-14
-40
-28
29
21
-22
-35
6
34
-43
-80
9
112
39
-116
-95
47
131
21
-114
-73
62
128
-1
-93
-40
76
98
-28
-158
-13
184
102
-143
-157
75
174
36
-152
-121
105
155
-14
-125
-40
71
59
-23
-85
-30
78
44
-66
-108
-12
108
74
-126
-120
33
101
-13
-66
-23
41
26
-44
-60
25
86
16
-58
-64
14
93
24
-67
-23
77
35
-78
-47
71
94
-3
-89
-32
82
74
-30
-50
14
24
22
-7
-18
12
20
-45
-30
64
14
-58
-3
16
-34
-17
10
31
19
-60
-76
38
114
-25
-127
-44
73
90
-34
-95
0
64
6
-47
-7
52
21
-10
-52
-19
73
70
-33
-79
10
103
49
-69
-54
79
93
-26
-97
-37
83
81
-16
-108
-35
76
55
-5
-87
-35
84
62
-89
-111
62
161
-7
-191
-98
130
148
-59
-170
-46
126
60
-84
-68
34
71
-6
-85
-16
91
49
-48
-61
30
83
11
-56
-44
40
49
-15
11
7
-3
4
10
1
-5
32
17
-25
-45
14
104
18
-89
-80
66
85
-36
-81
-13
56
12
-92
-46
71
60
-66
-90
3
28
5
1
3
-31
-31
10
39
-5
-29
2
22
6
12
-25
-49
29
131
22
-157
-103
153
175
-87
-177
23
185
50
-154
-83
162
131
-146
-160
91
178
-1
-171
-99
120
148
-55
-175
-33
113
78
-71
-118
5
137
45
-140
-95
92
121
-23
-133
-66
91
101
-12
-119
-87
81
141
0
-145
-72
124
137
-52
-155
4
174
59
-118
-95
95
162
13
-131
-74
118
88
-60
-56
20
32
6
-5
-22
-9
9
36
7
-47
-38
-2
53
42
-49
-52
2
18
37
-8
-75
12
56
-52
-96
38
118
-9
-99
-59
43
113
46
-130
-122
100
184
-43
-159
-6
134
85
-119
-139
97
199
-14
-190
-61
156
140
-96
-171
34
142
39
-66
-60
16
40
6
-26
-35
9
4
9
-13
-80
-6
100
23
-142
-96
72
129
-31
-156
-15
131
62
-126
-105
92
128
-11
-123
-71
101
104
-34
-94
27
115
-21
-117
0
112
61
-54
-81
6
76
58
-29
-19
12
-14
17
32
-9
-46
-20
21
46
6
-56
-29
62
-4
-93
-10
91
34
-91
-58
16
71
43
-66
-76
11
66
19
-53
-18
20
4
-17
-2
21
20
14
-6
-38
-3
53
72
-7
-68
-10
80
74
-49
-53
35
75
-3
-80
-22
99
71
-74
-97
6
95
36
-95
-82
66
127
-57
-181
-13
177
100
-157
-179
56
190
28
-163
-98
66
85
-37
-66
11
45
37
-58
-65
52
81
-28
-81
-9
63
72
-1
-68
-24
50
52
-31
-26
38
20
-23
-6
8
8
18
22
-23
-54
36
98
5
-117
-64
70
87
-33
-74
-20
63
-11
-59
-16
29
-21
-26
7
-41
-31
41
46
-30
-37
-25
10
36
29
-41
-41
71
45
-49
-82
34
125
41
-99
-113
55
153
31
-89
-84
19
119
39
-76
-54
84
60
-68
-42
48
44
11
-54
-86
33
145
-2
-165
-67
113
94
-74
-134
33
160
-7
-183
-47
152
96
-107
-153
33
141
55
-121
-104
38
113
34
-80
-90
41
104
31
-72
-48
77
73
-30
-69
-14
76
102
-5
-108
-61
91
94
-37
-82
-21
73
60
-57
-83
21
89
11
-69
-39
0
9
26
9
-33
-43
5
48
-12
-70
1
85
-14
-139
-60
139
120
-97
-161
27
154
62
-108
-96
14
101
64
-26
-93
-15
121
53
-91
-99
77
171
-19
-206
-55
188
135
-117
-165
50
178
58
-137
-113
57
123
20
-103
-106
32
136
31
-172
-128
100
195
-78
-222
-14
162
43
-108
-98
51
129
-1
-141
-61
121
118
-62
-138
15
115
19
-75
-30
68
62
-59
-60
39
69
35
-59
-62
36
67
33
-31
-28
-15
22
52
-16
-49
-17
16
20
0
-11
-44
-4
39
-15
-42
-3
2
35
21
-84
-77
67
108
-25
-131
-37
101
89
-100
-113
55
93
-17
-69
-22
77
50
-73
-49
46
87
32
-71
-55
50
104
-6
-71
7
68
21
-21
-55
-2
101
59
-105
-114
48
135
12
-137
-43
114
68
-112
-119
58
132
20
-128
-129
50
157
18
-149
-102
77
96
-35
-98
-24
90
51
-56
-64
31
74
5
-61
-37
39
89
1
-76
-19
60
16
15
9
-19
-46
38
44
-22
-36
22
62
3
-86
6
92
24
-87
-43
59
44
-25
-50
-18
13
-6
-27
0
3
-11
-18
-7
-37
2
34
7
-7
-16
-49
20
78
15
-68
-53
62
88
-42
-125
19
158
61
-149
-125
130
161
-14
-139
-49
126
81
-59
-65
52
71
-34
-63
16
56
23
-56
-62
32
74
8
-81
-42
20
70
-17
-74
-39
77
73
-71
-132
50
128
18
-138
-96
71
134
-28
-140
-55
87
86
3
-71
-73
62
114
-12
-124
-8
142
61
-82
-90
30
137
78
-90
-122
47
131
7
-94
-28
68
37
-31
-60
3
45
9
-18
-8
-30
-47
20
63
-1
-83
-36
59
47
-61
-64
38
49
-42
-110
0
143
43
-114
-112
43
167
29
-147
-105
103
145
15
-115
-62
75
91
-18
-116
-13
150
73
-123
-132
60
171
48
-139
-113
90
150
-2
-136
-77
93
130
-37
-171
-28
137
71
-115
-143
30
140
33
-127
-116
33
99
27
-58
-78
10
83
11
-75
-48
85
109
-57
-130
-17
145
61
-92
-50
97
47
-99
-22
81
70
-48
-85
29
83
11
-47
9
56
-39
-32
48
47
-24
-72
-13
60
66
-52
-128
42
111
-70
-113
22
145
45
-161
-153
107
202
-42
-198
-24
150
35
-80
-40
10
5
3
23
-13
8
-3
1
21
16
-11
1
35
31
-29
-19
66
51
-9
-36
-8
39
-1
-48
34
87
-21
-103
-23
84
55
-51
-83
13
100
12
-128
-83
114
121
-79
-171
-17
158
82
-109
-122
13
92
-2
-46
-37
2
37
18
-63
-1
60
30
-57
-27
45
46
12
-35
-26
15
30
3
11
13
2
-37
-14
49
55
-46
-52
39
32
3
7
1
-12
-20
-3
1
5
13
-16
-34
-20
7
5
-6
-43
-6
0
-9
-22
-12
30
13
-35
-44
-5
70
45
-54
-68
40
60
-14
-58
12
80
68
-48
-115
-12
94
94
-15
-98
-61
76
113
-8
-88
11
76
9
-79
-19
80
58
-100
-118
72
162
-66
-165
8
107
30
-83
-53
57
60
-57
-108
39
107
-18
-82
-26
38
18
-4
3
-38
-59
19
90
33
-104
-71
108
109
-63
-115
58
133
5
-119
-58
126
118
-32
-109
-13
105
10
-89
21
98
-10
-89
-26
42
45
-17
-33
9
23
-26
-63
2
94
4
-91
-55
43
63
-35
-64
35
37
-63
-76
59
91
-28
-101
-14
58
71
-13
-91
-38
89
83
-39
-72
16
90
45
-107
-74
99
144
-41
-146
-40
120
132
-54
-123
-16
98
87
-38
-104
-21
81
80
-57
-98
12
69
17
-96
-83
51
109
-12
-149
-74
94
79
-43
-68
-16
54
15
-40
-7
4
1
39
15
-57
-39
59
57
-24
-24
29
-6
-41
31
77
6
-72
-11
43
39
4
-8
23
-4
-49
0
68
11
-74
-28
20
51
13
-84
-40
63
24
-54
-42
17
85
-4
-137
-61
118
94
-91
-120
13
115
29
-93
-56
22
59
25
-33
-30
0
50
46
-37
-54
49
107
-14
-109
-10
111
73
-38
-62
22
68
0
-67
8
102
17
-92
-35
31
38
28
-46
-55
19
61
-3
-105
-46
120
76
-95
-120
13
136
42
-88
-106
11
77
7
-48
-4
1
25
-27
-2
27
10
5
-10
-6
2
38
33
-36
-35
10
19
38
19
-27
-37
40
23
-13
-6
9
25
-14
-36
30
62
2
-60
-46
43
46
-26
-52
-4
17
-23
-27
35
23
-48
-42
3
-11
-39
24
34
-1
-44
-47
40
65
3
-70
-30
43
56
-2
-112
-16
144
107
-96
-164
30
196
63
-121
-129
76
132
-1
-118
-4
142
29
-125
-47
123
78
-74
-112
-12
107
70
-98
-91
26
64
26
-30
-63
1
50
1
-48
-26
24
54
-23
-91
-17
93
66
-84
-123
15
136
51
-99
-81
53
111
9
-83
-25
89
83
-39
-94
2
98
98
-33
-107
-17
100
43
-43
-43
20
42
-3
-40
-26
22
53
13
-51
-53
-12
7
54
57
-65
-91
26
78
7
-82
-50
66
37
-97
-56
91
60
-67
-87
11
107
66
-72
-101
16
125
35
-85
-56
81
88
-48
-124
16
154
71
-102
-117
24
146
59
-132
-99
83
122
13
-107
-59
55
76
-1
-86
-51
27
94
-1
-147
-65
117
119
-103
-175
13
128
51
-68
-110
15
123
10
-112
-28
51
80
3
-95
-20
58
28
-8
11
14
-30
-21
36
50
-6
-24
5
10
-27
22
65
29
-38
-67
4
86
50
-68
-94
24
77
26
-76
-65
40
61
-32
-55
-17
24
16
-13
-40
-19
51
43
-28
-82
-54
101
95
-88
-122
21
110
22
-92
-38
82
68
-67
-47
32
77
35
-53
-46
21
59
58
8
-73
-31
96
65
-83
-81
86
112
-62
-132
-10
121
64
-92
-72
55
76
-60
-99
49
119
-5
-137
-74
100
107
-53
-127
-7
63
-9
-4
25
-18
-43
8
39
28
-21
-27
19
31
4
-17
18
41
-8
-34
-9
9
45
31
-31
-52
12
65
58
-42
-87
20
104
-3
-66
-3
55
-16
-67
2
59
11
-58
-40
8
12
-6
-19
-7
-16
-23
-24
-24
25
25
-15
4
-3
-32
-10
47
24
-41
-37
20
53
-13
-49
22
71
46
-102
-99
106
146
-3
-171
-45
135
94
-41
-72
35
67
-33
-64
28
54
1
-31
-59
-1
73
0
-55
-18
6
9
11
12
-36
-33
30
14
-54
-26
44
64
-33
-100
29
92
-8
-104
-42
59
68
-18
-58
21
34
-4
7
14
4
13
27
17
-28
-29
63
112
-25
-136
-11
113
33
-52
-14
20
20
-24
-5
13
-4
-1
1
8
-24
-43
-13
70
49
-82
-86
17
101
10
-98
-37
58
14
-77
-21
54
17
-32
-50
-23
91
68
-63
-110
33
145
8
-103
-20
78
61
-57
-83
36
137
-3
-117
-46
91
98
-22
-91
-50
73
89
3
-85
-61
32
87
14
-102
-62
72
76
-65
-128
-14
140
62
-152
-123
57
138
2
-151
-59
129
84
-86
-108
25
115
48
-96
-95
58
83
6
-41
-17
44
14
-40
7
53
30
-36
-24
24
20
-2
47
38
-70
-68
75
109
-23
-138
-29
109
54
-63
-98
-11
74
40
-48
-49
-29
48
65
-32
-113
-25
113
95
-87
-153
5
176
70
-148
-142
68
131
13
-95
-59
76
76
-21
-80
-23
107
91
-45
-99
12
108
52
-26
-54
11
48
8
-42
-22
53
43
-52
-81
27
102
17
-106
-71
76
82
-79
-107
75
124
-39
-159
-37
121
93
-88
-112
10
49
3
-24
-3
12
18
-55
-1
74
15
-63
-40
64
54
-27
-43
35
52
-1
-40
-17
70
46
-61
-62
21
64
39
-31
-57
13
51
64
-24
-68
-10
27
37
-20
-45
8
21
-15
-48
-18
27
13
-28
-45
-22
5
10
14
-12
-6
15
-25
-48
29
62
5
-71
-50
63
80
-51
-86
55
126
-4
-156
-59
179
132
-104
-152
45
160
34
-103
-42
75
58
-62
-56
40
56
-26
-73
-1
54
39
-54
-63
20
32
-4
-14
-33
-10
31
-3
-34
7
11
-3
-14
-6
0
6
-6
-5
-6
-12
-12
41
36
-27
-53
13
76
15
-66
22
74
18
-61
-2
55
69
6
-51
-50
60
34
-18
3
7
-30
-8
6
2
-5
2
-3
24
-6
-61
-39
63
70
-34
-109
-34
81
81
-52
-111
20
83
-30
-87
15
76
10
-73
-54
46
105
-8
-117
-21
94
65
-32
-30
2
18
22
-22
-31
30
84
-21
-95
-17
100
91
-59
-123
5
107
101
-57
-124
-36
106
80
-73
-105
34
75
12
-112
-91
83
124
-62
-161
-22
96
50
-44
-64
9
45
-9
-44
-4
27
15
11
-22
-31
9
45
23
-32
21
25
-27
-24
30
62
1
-59
-33
28
103
10
-56
-6
2
20
20
16
-17
-19
-18
-16
53
22
-83
-45
95
45
-121
-68
79
104
-35
-141
-47
138
94
-99
-107
2
93
42
-48
-56
-20
31
52
6
-81
-46
107
92
-60
-105
51
151
2
-129
-59
117
120
-30
-101
-12
84
39
-53
-26
61
17
-53
-37
34
34
-3
-53
-5
52
-5
-60
-41
51
66
-28
-89
-36
37
69
-6
-71
-63
18
48
9
-34
-44
3
45
6
-20
12
2
-25
-24
42
49
-10
-33
23
26
-16
-38
8
90
30
-93
-43
64
83
-13
-77
-5
74
28
-33
-37
1
26
17
-20
-31
21
1
-47
-14
26
-4
-25
-14
12
-12
-46
-28
35
48
0
-44
-23
-2
-1
35
16
-25
-44
13
73
11
-56
-38
81
83
-51
-124
17
135
57
-109
-99
71
122
5
-79
-36
92
51
-85
-55
82
59
-51
-88
-16
101
59
-101
-72
30
47
-1
-43
-16
29
25
-56
-50
39
55
-12
-69
-30
46
23
-21
-14
-17
-16
45
57
-25
-92
5
120
39
-97
-56
91
105
-23
-101
-10
102
74
-31
-82
-16
62
24
-15
5
6
-41
-22
43
40
-42
-44
28
51
-21
-102
-4
99
42
-83
-88
16
112
8
-120
-30
68
20
-74
-49
52
69
-22
-99
-17
99
64
-64
-84
18
109
20
-71
-26
39
61
-13
-70
9
95
33
-73
-62
28
86
43
-57
-84
18
111
54
-78
-127
12
152
41
-154
-72
102
95
-74
-148
12
124
25
-124
-102
45
83
1
-41
-46
5
38
-10
-25
-10
14
33
-6
-19
-26
16
58
-2
-41
10
19
-22
14
25
29
-4
-24
-12
19
44
14
-1
-20
-39
-7
74
50
-62
-114
30
111
42
-124
-101
107
123
-82
-150
19
144
34
-117
-116
53
141
22
-134
-95
54
105
-4
-81
-37
9
69
48
-57
-78
17
129
24
-115
-34
100
93
-40
-125
-7
170
88
-92
-110
37
112
13
-97
-20
114
53
-103
-90
58
77
-7
-61
-20
33
35
-34
-75
21
81
19
-110
-94
76
118
-41
-93
-28
26
8
14
3
-35
-30
28
35
23
-8
-38
-27
54
37
-19
-23
33
30
-6
-49
-23
77
70
-73
-92
33
102
33
-73
-37
29
46
27
-37
-33
30
18
-31
-31
-5
64
2
-63
-36
23
28
-15
-57
-10
6
-7
-31
-7
38
5
-38
-22
5
10
13
16
-36
-30
52
48
-41
-53
56
94
-13
-108
-54
117
98
-39
-107
-14
92
73
-18
-69
24
41
3
-15
-29
20
27
-16
-75
21
102
-35
-82
-3
43
-8
-50
14
35
-1
-70
-39
60
55
-34
-62
-5
31
10
-6
20
-18
-74
1
89
40
-67
-65
51
86
-9
-78
23
80
1
-35
-10
36
73
5
-49
-19
43
-11
-23
56
31
-47
-63
20
53
5
-55
-13
43
14
-67
-77
58
124
-25
-134
-60
87
98
-46
-121
-2
91
-10
-87
-6
70
21
-60
-64
40
94
20
-86
-75
74
90
-32
-59
-1
56
42
-60
-45
70
82
-29
-75
-33
48
87
21
-89
-65
43
122
46
-101
-97
42
127
-12
-137
-43
111
78
-109
-111
34
105
-4
-116
-67
26
81
17
-68
-50
37
45
-14
-40
-7
23
21
7
-16
-27
9
29
48
19
-63
-60
45
109
2
-76
-16
52
43
-19
-20
27
26
-17
-39
20
46
5
-59
-35
24
69
-7
-111
12
91
-27
-81
-10
68
29
-55
-62
-38
81
85
-43
-120
-3
89
43
-43
-89
-49
87
97
-61
-80
14
75
50
-50
-79
40
133
12
-137
-25
119
94
-38
-50
-16
38
51
-37
-67
44
94
-14
-95
-45
69
77
-37
-82
-20
62
29
-70
-50
47
79
-20
-111
-27
81
46
-64
-75
-16
32
32
29
-35
-51
-23
43
56
22
-61
-51
12
82
22
-55
-21
53
44
-42
-51
35
84
8
-95
-42
56
94
24
-93
-61
54
76
0
-33
-30
22
37
-2
-63
-32
35
32
-32
-70
-24
74
55
-76
-102
-18
78
37
-26
-60
-2
46
9
-69
1
62
8
-36
-16
19
41
-26
-40
39
89
-24
-123
-5
133
56
-85
-58
38
81
16
-44
9
7
0
-1
12
3
-24
14
2
-37
-1
57
-1
-53
-26
-5
-11
30
11
-12
-31
-47
-20
59
47
-49
-69
-5
64
17
-13
-8
-47
-26
56
39
-21
-67
13
59
34
-38
-51
71
82
-38
-60
29
79
36
-28
-54
21
75
-27
-47
62
50
-66
-53
45
42
-24
-38
16
51
-14
-85
-42
93
75
-61
-108
-9
75
70
-70
-101
19
68
-26
-61
11
53
5
-54
-30
47
46
4
-69
-32
93
60
-40
-67
21
82
8
-100
-19
124
60
-106
-79
72
109
-2
-113
-29
103
48
-33
-24
-9
-20
21
15
-34
-34
17
46
-24
-95
-9
83
17
-77
-59
5
33
37
-22
-55
0
42
-8
-37
-26
38
49
-31
-47
37
35
-44
-22
63
53
-56
-72
61
106
-34
-88
10
75
-1
-32
10
46
9
-59
-20
63
28
-28
-43
-8
32
43
-40
-64
22
26
-17
-48
-1
39
27
-42
-70
-3
97
40
-80
-93
14
119
34
-120
-81
63
69
-13
-39
-14
23
35
13
-23
-27
30
96
22
-107
-31
102
93
-18
-97
-21
101
56
-90
-58
98
79
-63
-107
29
126
3
-115
-53
97
58
-107
-94
81
123
-52
-135
-26
78
64
-52
-56
3
-15
-20
22
45
-24
-60
-11
54
64
-12
-79
-33
101
61
-75
-49
59
59
-21
-72
-35
96
103
-59
-125
35
79
25
-22
-41
-5
36
36
18
-16
-72
-7
67
11
-80
-20
75
25
-99
-70
42
87
-6
-106
-43
32
28
-7
-16
6
17
-38
-57
40
45
-3
-50
-22
71
14
-44
-24
50
56
2
-56
-30
66
77
-18
-66
-24
46
47
9
-29
-7
54
11
-55
-10
21
41
-21
-55
-24
74
62
-57
-108
-3
70
26
-65
-36
44
40
-53
-65
42
72
-20
-71
-56
69
69
-44
-84
7
51
39
-20
-26
1
7
4
39
15
-22
21
37
10
-42
-19
72
74
-10
-86
-31
59
60
9
-34
-33
-5
30
7
-5
-20
-34
24
37
-25
-92
9
109
29
-100
-102
22
118
24
-118
-67
88
44
-94
-55
78
62
-56
-76
22
87
30
-77
-73
84
82
-46
-49
37
23
-3
-1
-14
13
37
26
-51
-47
24
100
23
-94
-48
70
95
-6
-109
-41
53
73
-11
-77
-5
31
12
-27
-61
-21
64
48
-79
-103
-7
104
34
-76
-56
30
35
-1
-32
0
20
23
-8
-44
-18
6
58
37
-17
-41
-16
20
34
22
-10
-16
4
24
3
-7
24
38
-24
-43
6
61
33
-53
-62
11
63
35
-67
-81
25
56
-11
-54
-23
46
51
-36
-95
-4
99
48
-86
-106
13
132
23
-113
-69
49
99
-9
-87
-15
76
55
-42
-45
1
96
61
-60
-71
27
99
68
-58
-93
16
105
30
-84
-27
65
45
-45
-77
25
109
15
-104
-51
60
72
-64
-93
36
109
-13
-139
-57
121
77
-73
-77
-5
34
-8
-17
0
19
10
-49
-4
96
7
-101
-33
103
63
-90
-43
109
43
-78
-71
51
102
5
-94
-48
83
74
-17
-64
-14
45
40
32
-38
-59
6
56
31
-70
-79
48
74
-13
-114
-63
84
112
-74
-154
-10
101
41
-75
-80
67
74
-47
-83
0
94
47
-87
-77
48
84
9
-83
-18
100
25
-96
-62
74
122
-3
-129
-28
92
81
-28
-72
21
64
-5
-50
-8
50
28
-57
-56
58
85
-54
-92
23
64
-6
-62
-7
54
22
-76
-67
44
88
-12
-96
-36
56
47
-21
-46
-18
21
37
-2
-30
9
37
-12
-11
35
17
29
8
-25
-11
37
30
32
23
-33
-43
34
37
1
-11
-7
8
-6
-20
4
22
-5
-20
8
18
-74
-55
67
102
-35
-133
-24
85
73
-63
-93
23
52
-26
-68
1
70
14
-67
-52
27
89
8
-91
-32
68
92
-8
-72
-15
42
31
-34
-30
56
61
-56
-67
17
70
52
-18
-56
-18
42
62
12
-76
-55
42
73
0
-87
-22
71
6
-85
-46
62
48
-48
-88
-32
26
61
41
-48
-91
2
60
20
-37
-26
62
27
-37
-23
-17
57
22
-16
30
-10
-68
-6
114
44
-72
-51
41
49
8
-9
7
33
-4
-47
-2
48
49
-62
-77
19
99
34
-133
-74
88
64
-52
-75
18
81
-8
-102
-50
94
80
-64
-120
14
107
0
-68
-9
13
-20
30
27
-21
-44
20
62
21
-73
-13
86
56
-48
-77
42
140
37
-99
-94
88
126
-74
-121
85
118
-61
-113
-3
84
43
-51
-56
13
63
-30
-91
38
97
0
-102
-43
40
38
-2
-23
-27
-39
-4
50
29
-45
-69
28
64
-12
-36
14
8
-13
43
20
-20
-30
18
48
2
-63
-22
109
77
-93
-122
46
130
36
-113
-53
91
60
-23
-27
-23
10
44
-10
-70
-5
66
-3
-72
-54
22
62
9
-73
-89
21
84
10
-45
-63
17
59
-20
-49
-12
52
52
-41
-83
-4
98
50
-87
-32
106
41
-101
-72
96
130
-54
-143
-4
135
77
-73
-70
38
69
-25
-45
27
48
-24
-52
-2
69
-4
-91
-5
62
-7
-75
3
74
31
-101
-70
84
79
-53
-78
1
40
14
-24
7
-11
-55
19
73
11
-55
-41
56
54
-11
-58
0
112
62
-100
-86
87
136
-8
-88
-39
76
46
-30
-45
31
44
-21
-47
-15
51
15
-14
-45
14
31
-40
-72
61
99
-45
-138
-31
120
92
-91
-128
33
90
-42
-67
30
52
-22
-57
-9
58
77
-73
-102
30
114
20
-63
-35
53
54
-34
-60
22
81
1
-78
-12
55
20
2
-14
-6
-35
28
103
5
-148
-56
146
99
-128
-131
68
129
-46
-165
2
110
54
-103
-110
38
79
-3
-57
-19
22
6
-37
0
56
13
-38
-32
19
59
-24
-54
40
85
6
-104
-53
121
94
-53
-94
11
82
31
-18
-15
23
6
-11
-10
-2
46
6
-65
-29
44
67
-56
-75
36
46
-23
-57
-8
74
34
-89
-71
53
74
-1
-79
-60
36
81
17
-79
-65
8
62
27
-9
-66
-9
94
45
-64
-57
66
110
-24
-133
2
157
85
-101
-98
83
100
-54
-96
59
99
-48
-90
6
54
14
-31
-36
-17
14
23
-11
-51
9
53
30
-82
-97
52
109
-14
-119
-46
75
44
-52
-59
5
62
11
-50
4
65
-1
-95
7
100
9
-55
13
45
14
-44
-30
64
71
-45
-78
15
84
58
-72
-62
43
89
2
-49
-26
4
41
14
-40
-42
26
54
-26
-104
-20
74
42
-54
-75
-25
27
53
-7
-43
12
17
-37
-37
32
48
4
-22
-40
20
51
-12
-33
13
61
-13
-57
-22
55
74
18
-74
-57
38
71
55
-52
-70
36
49
12
-36
-4
13
-6
-34
14
27
-33
-29
21
-16
-22
9
13
26
-15
-54
-56
47
101
-24
-117
-32
65
67
-49
-55
-8
21
16
11
7
-38
-13
50
33
-43
-29
82
83
-54
-87
26
109
59
-44
-74
9
86
-7
-58
18
54
-11
-54
5
43
-6
-35
2
24
-15
-14
-33
0
55
21
-66
-54
15
65
5
-56
-22
15
-9
-12
16
14
-23
-27
4
20
36
25
-38
-83
44
113
-5
-87
-6
64
49
-60
-60
81
98
-71
-78
36
84
10
-31
-57
27
50
4
-2
1
-47
-22
46
28
-43
-61
13
67
-11
-92
-32
69
48
-78
-113
-10
91
54
-69
-70
10
45
9
-24
-11
12
20
-9
-6
-16
-2
3
38
58
-26
-101
8
128
41
-77
-79
61
78
9
-58
-5
62
28
-56
-47
61
68
-38
-108
0
118
21
-113
-45
64
34
-36
-36
33
33
-37
-33
-20
20
39
-14
-43
-6
7
24
10
-36
-31
-7
26
51
-6
-67
23
63
12
-62
-10
96
45
-77
-45
67
91
33
-73
-64
51
111
-57
-109
60
120
-35
-119
1
84
43
-54
-68
34
51
-32
-81
-1
90
17
-61
-63
-5
66
36
-45
-79
-20
54
37
-15
-41
-35
22
27
23
-4
-26
-32
26
77
-25
-57
29
67
24
-78
-62
82
129
-33
-142
-24
112
73
-48
-69
18
59
13
-33
-11
17
-11
11
18
-12
-65
13
75
-35
-126
-24
123
66
-123
-99
17
96
16
-69
-55
48
61
-50
-72
28
82
34
-76
-60
61
62
-33
-30
38
45
-32
-68
29
82
23
-42
-53
2
56
54
16
-50
-36
6
63
15
-36
-20
23
16
-18
-6
-3
-13
-8
-8
-9
-6
-2
24
0
-29
-58
-23
82
51
-60
-74
-13
81
41
-55
-49
-4
20
32
24
-51
-9
40
25
-12
-44
26
104
-7
-101
-7
122
56
-42
-28
-8
33
14
-9
8
16
-13
-2
7
1
-26
3
15
-8
-4
-2
-48
-40
44
81
-18
-103
-54
57
99
-16
-108
-58
86
49
-49
-70
7
68
36
-113
-47
133
87
-118
-99
99
103
-49
-79
31
76
-18
-76
17
99
24
-90
-55
52
74
16
-63
-36
50
48
14
-40
-47
9
60
25
-63
-66
29
69
-14
-82
-44
52
55
-31
-115
-51
75
76
-26
-57
-17
37
-2
-18
-9
6
18
1
-14
-27
1
51
22
0
7
-15
-57
12
100
12
-78
-43
62
72
-28
-42
10
44
1
-29
-6
37
25
-45
-55
12
66
18
-73
-60
35
55
-19
-46
-12
45
12
-66
-45
66
51
-16
-95
-33
69
35
-30
-42
-28
5
83
29
-86
-65
61
100
12
-108
-13
132
50
-100
-64
73
119
16
-103
-54
78
65
-39
-28
34
11
-16
-21
-26
31
41
-30
-46
7
45
-39
-55
47
58
-33
-69
-24
52
51
-35
-76
-24
34
2
-17
22
1
-23
-19
12
23
26
-20
-39
14
56
6
-11
1
5
4
-14
-24
43
71
8
-93
-44
75
99
-21
-109
-7
104
57
-58
-56
14
28
10
-14
-31
-4
12
0
-30
-57
13
78
6
-117
-90
50
94
-7
-99
-21
82
38
-74
-61
77
84
-50
-119
-1
127
17
-89
-25
98
62
-109
-81
98
120
-32
-115
8
86
13
-42
6
69
-11
-80
8
77
47
-76
-72
29
92
13
-100
-58
78
55
-84
-63
48
98
-14
-110
-68
77
86
-24
-95
-35
52
59
-14
-42
-21
-2
29
28
-32
-31
39
63
-11
-45
-14
67
58
-55
-60
42
101
41
-54
-44
23
46
-19
-22
30
42
-21
-44
-21
29
41
6
-31
-37
13
8
-38
-3
49
8
-44
-39
-3
38
10
-22
-32
-21
17
-15
-4
24
-4
-28
-21
31
38
-9
-62
-13
80
15
-30
-4
31
-7
-18
25
12
10
-11
7
-4
-9
6
47
19
-53
-38
60
77
-26
-87
-23
68
48
-51
-69
22
61
-29
-94
-8
76
24
-61
-63
0
7
10
-17
3
17
-1
-34
-6
10
-7
8
30
-8
-30
-7
28
18
-14
22
22
-31
-51
38
79
17
-64
-49
51
78
-22
-54
58
46
-36
-74
29
101
0
-117
-62
94
101
-88
-99
35
89
-19
-105
-9
104
29
-105
-77
65
117
-25
-88
-55
35
78
7
-71
-52
8
49
42
-21
-53
31
48
0
-19
-8
43
43
-30
-50
31
65
67
-23
-64
6
42
-8
-15
39
38
-23
-57
-8
57
37
-46
-35
16
36
-38
-72
19
86
-3
-71
-75
30
84
23
-92
-55
26
23
-32
0
18
-14
-11
-11
20
29
17
-57
-28
55
44
-22
-18
15
27
16
-30
-34
49
64
-33
-76
4
72
51
-32
-70
-12
84
59
-70
-59
26
49
12
-57
-5
40
2
-55
-68
36
64
-17
-69
-30
-1
21
0
-4
-1
-10
-16
-17
13
32
-17
-1
17
-12
-23
25
43
-36
-32
70
46
-65
-62
50
111
11
-107
-60
76
91
-19
-46
-3
33
27
-7
-28
1
14
-8
-39
21
39
-34
-37
10
-1
-10
-19
19
44
-28
-67
-15
58
47
-32
-64
-25
53
40
-33
-30
-37
-1
52
48
-46
-59
42
77
-14
-66
11
95
49
-75
-66
69
124
1
-94
-40
80
58
-57
-48
61
64
-50
-88
20
82
40
-91
-72
62
97
-43
-147
9
154
13
-132
-66
89
83
-78
-77
9
57
-41
-62
29
77
-31
-82
6
74
51
-53
-78
35
88
8
-50
-10
54
32
-30
-47
30
61
15
-44
-46
36
40
19
-18
-28
-17
33
61
-2
-64
-32
56
44
-61
-61
24
38
-21
-68
-7
44
27
-37
-61
-46
24
60
-14
-58
-1
42
-12
-53
10
57
21
-46
-55
14
72
5
-76
28
100
-41
-128
24
158
53
-149
-81
133
101
-56
-91
51
81
-35
-82
33
93
-22
-96
-16
74
65
-47
-62
-24
9
33
17
-57
-37
74
27
-92
-58
58
102
-23
-122
-59
84
88
-37
-74
-40
32
72
41
-72
-85
46
105
23
-81
-52
99
100
-63
-95
29
125
58
-60
-99
30
101
7
-57
-9
50
-3
-50
-7
75
10
-73
-29
56
51
-82
-88
86
112
-59
-88
-28
53
49
-13
-63
-33
20
5
-15
25
5
-39
-28
12
43
30
-47
-60
57
81
-39
-55
35
63
-9
-73
-23
76
87
-34
-108
-28
113
74
-77
-71
40
53
-13
-12
7
-13
-14
38
27
-80
-38
70
43
-78
-90
39
79
-23
-74
-48
21
43
-16
-23
-4
14
-13
-41
-8
42
66
-23
-81
-7
77
11
-62
-6
96
51
-82
-83
64
105
10
-88
-51
53
73
9
-41
-10
23
35
-9
-29
1
36
-16
-41
26
32
-44
-24
52
-5
-71
-18
63
66
-56
-93
-8
62
41
-8
-45
-55
14
67
23
-60
-57
4
63
22
-18
-41
36
38
-20
-50
3
84
67
-69
-100
64
122
34
-58
-37
12
48
-3
-41
-4
81
14
-95
-65
75
81
-25
-89
-19
69
55
-87
-107
56
144
-30
-151
-63
114
97
-61
-104
-13
58
2
-48
-1
29
-15
-12
0
24
26
-20
-43
26
47
7
-20
-16
8
19
-6
-25
33
65
-24
-69
16
60
5
-31
-11
30
17
-10
30
28
-55
-52
62
41
-44
-40
11
28
-31
-54
-14
55
11
-84
-63
34
51
4
-27
-7
6
-7
-16
-7
23
27
-9
-39
24
28
-28
-21
52
71
-16
-96
-30
95
83
-52
-90
18
85
17
-39
-2
32
6
-10
4
10
14
-6
-45
-45
57
70
-60
-66
18
32
-6
-29
-25
38
50
-53
-104
6
132
36
-115
-90
42
96
15
-74
-79
-5
72
70
-15
-86
-24
73
61
-14
-79
14
104
23
-73
-54
82
117
-14
-90
-28
59
31
12
-5
1
-4
-25
-8
13
3
-7
0
1
4
-15
-31
-17
30
50
-9
-98
-25
97
41
-84
-84
42
56
-30
-30
11
11
7
-25
-18
33
39
-27
-47
37
64
-25
-45
37
51
-6
-68
-23
97
58
-56
-81
28
89
19
-53
-38
20
33
19
24
-24
-61
0
74
11
-80
-32
53
42
-78
-70
47
75
-27
-109
-65
57
79
-20
-84
-2
68
-9
-55
1
44
28
-47
-50
40
42
-20
-17
13
35
10
-34
-22
29
54
10
-51
-27
25
48
34
-27
-10
-4
1
29
27
-23
-19
-13
-7
34
16
-72
-9
33
17
-26
-28
11
52
-19
-90
-26
85
55
-63
-78
-5
72
55
-66
-70
34
41
-9
-34
9
11
25
9
-36
-4
45
47
-5
-33
-4
36
48
24
-10
-24
30
2
-45
15
67
17
-58
-56
29
64
-5
-45
-19
31
8
-19
-56
4
78
24
-74
-88
-6
93
48
-79
-82
21
44
-27
0
4
-19
-12
21
15
-32
15
19
-26
28
23
-19
-2
20
24
-34
-59
33
110
25
-107
-57
62
78
10
-61
-38
58
44
-13
-8
-4
-15
-9
38
15
-70
-24
60
14
-77
-56
60
57
-48
-83
-26
40
29
3
-28
-15
8
-6
-20
4
33
29
-28
-53
23
58
-19
-34
36
57
-4
-82
-22
90
69
-34
-89
25
89
9
-54
-7
65
28
-61
-51
63
58
-44
-76
9
95
1
-96
-15
58
-16
-39
-11
32
43
-37
-117
-10
121
62
-95
-100
7
88
29
-56
-49
0
-3
23
49
-17
-65
24
71
14
-40
-34
67
62
-53
-78
50
119
40
-80
-60
46
65
-42
-49
33
71
-23
-71
2
59
32
-65
-60
7
83
-11
-91
15
97
-4
-103
-30
57
59
-30
-87
-7
55
-10
-62
9
55
-12
-35
-14
33
38
1
-57
-20
72
44
-37
-22
16
12
9
-33
4
63
34
-54
-63
39
85
17
-72
-60
45
73
37
-51
-57
24
43
21
-63
-50
50
47
-72
-71
19
66
28
-42
-74
-67
26
90
22
-79
-40
25
26
-20
-11
38
2
-36
-15
36
20
-48
-7
69
62
-53
-114
24
121
46
-82
-82
45
96
12
-50
-22
43
18
-31
3
31
5
-42
-37
-2
57
25
-52
-49
7
40
-29
-29
20
38
-26
-73
-4
68
30
-54
-43
8
39
5
-22
-15
-43
-13
79
53
-69
-56
51
57
-25
-34
50
67
-21
-67
6
82
64
-26
-50
-5
51
4
-42
7
58
11
-40
-50
2
56
32
-36
-72
31
65
-53
-84
29
96
21
-101
-86
64
103
-29
-96
-31
52
13
-20
-10
-3
-7
6
1
9
31
-8
-56
2
71
27
-33
-1
26
16
-15
-38
20
86
11
-109
-31
78
69
-33
-59
1
49
38
-3
-52
-23
22
42
5
-73
-8
57
28
-85
-75
35
79
-22
-100
-41
18
35
33
-23
-34
6
13
-35
-19
34
22
3
-27
-24
22
43
-10
-36
32
58
-31
-88
8
107
64
-74
-78
33
76
19
-21
10
-9
-12
18
10
-10
-16
-15
-5
30
43
-55
-68
39
53
-26
-67
1
65
27
-71
-71
28
96
10
-79
-38
27
39
-15
-31
-29
-1
19
44
5
-53
-14
60
42
-48
-32
69
82
-24
-97
-11
115
75
-36
-76
-14
67
58
-46
-34
34
24
-32
-25
8
16
6
-3
-5
-17
-12
-48
5
90
15
-90
-62
37
61
16
-89
-30
51
3
-85
10
76
-17
-70
-5
59
49
-23
-78
-34
111
70
-69
-55
39
54
11
-45
-72
44
119
13
-120
-63
98
99
-31
-81
16
58
41
-8
-63
-39
30
75
-1
-103
-18
69
29
-80
-85
40
93
9
-88
-98
11
122
12
-112
-42
74
41
-61
-46
44
77
-26
-84
16
67
0
-45
17
64
-4
-76
-28
82
61
-4
-61
-18
31
35
25
9
10
-40
-26
43
36
0
-47
-33
13
13
26
-1
-31
-25
2
18
-3
-20
10
12
-35
-51
25
76
9
-100
-57
67
76
-46
-68
4
41
18
-11
-27
-19
34
29
0
-37
12
76
50
-57
-69
45
126
12
-75
-26
45
40
-22
-53
39
69
-40
-57
7
50
25
-24
-49
3
45
15
-86
-37
90
64
-78
-95
14
81
20
-44
-59
0
36
3
-10
-7
-3
-19
0
15
21
8
-47
-22
65
57
-53
-35
40
45
-31
-41
19
84
31
-86
-56
70
70
11
-61
-58
56
88
-19
-51
-1
17
-22
4
19
-30
-8
32
-15
-73
-40
74
60
-65
-106
-20
57
25
-19
-24
-3
11
-6
-15
-18
9
52
-1
-71
5
65
8
-41
-3
70
45
-105
-71
89
114
-39
-120
4
115
26
-58
2
45
-10
-47
12
47
10
-64
-30
43
57
-19
-62
-21
19
10
13
-42
-37
59
44
-83
-76
55
91
-8
-99
-57
64
63
-32
-23
-32
-17
46
36
-22
-32
-6
31
27
5
-22
35
52
-19
-58
15
115
74
-68
-97
55
80
-27
-66
29
66
6
-83
-41
76