#4
-7
-28
-205
-178
64
120
-125
-334
-139
165
130
-209
-301
-5
184
-24
-276
-224
129
173
-158
-313
-79
175
64
-229
-233
10
134
-45
-247
-144
31
83
-53
-249
-195
87
172
-95
-329
-160
173
163
-233
-385
-13
269
62
-333
-303
85
242
-85
-330
-154
142
126
-146
-222
-64
88
-7
-144
-102
-31
6
-37
-104
-126
-38
45
-14
-102
-130
-51
94
20
-205
-175
27
164
17
-248
-253
64
221
-21
-283
-186
88
161
-92
-289
-121
161
94
-205
-303
7
234
5
-284
-217
85
143
-61
-255
-151
134
178
-143
-317
-89
216
139
-216
-324
-16
251
83
-267
-278
40
253
32
-301
-212
115
193
-62
-322
-130
214
179
-207
-339
-1
252
19
-278
-199
126
160
-95
-256
-117
145
97
-124
-192
-64
98
41
-150
-146
-33
37
34
-72
-161
-126
32
114
-71
-196
-75
62
55
-104
-166
-19
125
30
-183
-134
45
116
-1
-181
-123
75
80
-50
-153
-79
89
81
-89
-220
-67
165
48
-184
-185
29
140
-5
-182
-140
36
117
-24
-162
-148
51
119
-74
-172
-61
62
64
-93
-183
-28
112
38
-171
-137
74
115
-72
-225
-71
164
84
-167
-197
4
170
26
-232
-152
127
162
-101
-218
-42
148
47
-169
-110
118
81
-136
-155
20
126
-5
-156
-150
33
101
-35
-141
-74
25
24
-80
-61
-31
-34
-8
-8
-62
-101
-21
54
5
-75
-60
-18
19
-39
-38
-10
-11
-41
-44
-50
20
38
-72
-101
18
73
-13
-81
-102
-11
68
-5
-93
-47
8
12
-29
-43
-41
-51
-8
38
-9
-109
-66
47
53
-52
-131
-23
79
13
-106
-141
5
109
-33
-160
-48
75
55
-108
-199
-16
192
69
-241
-231
113
243
-27
-272
-111
169
133
-105
-214
-19
185
78
-175
-182
55
170
8
-163
-128
99
147
-129
-221
16
160
55
-152
-184
6
171
87
-202
-232
56
208
28
-207
-202
49
221
56
-232
-233
124
238
-72
-306
-81
251
119
-181
-201
33
187
-11
-171
-87
70
89
-55
-126
-40
45
48
-3
-74
-88
6
128
25
-160
-127
95
193
-5
-280
-154
188
234
-99
-280
-49
198
112
-188
-225
65
193
22
-247
-191
142
227
-70
-272
-113
235
156
-211
-245
60
236
36
-242
-170
82
216
26
-232
-168
112
214
9
-238
-187
148
267
-55
-305
-95
225
189
-185
-261
38
270
84
-263
-234
122
263
-58
-304
-67
263
101
-196
-194
44
181
14
-139
-105
23
105
-22
-129
-72
14
82
43
-104
-151
-56
112
113
-102
-176
-6
147
34
-148
-109
72
157
-38
-204
-40
173
102
-116
-177
30
164
46
-153
-137
93
160
-15
-174
-146
85
181
-12
-192
-136
113
177
-18
-213
-95
138
126
-93
-159
-63
95
87
-85
-113
-9
97
50
-129
-122
65
114
-3
-177
-79
166
136
-145
-231
63
228
5
-228
-126
129
179
-68
-208
-51
177
89
-117
-142
15
125
23
-98
-32
58
-5
-41
-70
11
103
19
-127
-119
60
107
-12
-130
-111
83
107
-88
-139
-12
105
33
-125
-70
10
37
17
-31
-42
-6
18
-1
-51
-5
23
3
-34
-39
14
43
8
-88
-52
69
41
-2
-61
-70
4
62
12
-50
-56
10
60
-5
-69
-69
20
77
20
-73
-119
12
110
39
-97
-112
48
102
4
-112
-97
51
137
-61
-194
13
176
41
-222
-189
169
226
-68
-282
-101
220
183
-134
-221
22
187
78
-123
-150
59
183
-4
-169
-85
107
136
-34
-146
-41
115
80
-120
-139
36
130
49
-140
-152
57
193
20
-219
-150
119
205
-22
-257
-104
137
166
-46
-216
-71
180
96
-130
-189
36
203
34
-180
-107
118
124
-81
-130
-5
97
23
-66
-61
-16
36
53
9
-64
-71
38
119
-4
-152
-85
150
220
-79
-309
-67
278
225
-166
-296
-9
269
119
-242
-220
120
239
-18
-295
-116
238
192
-144
-284
-29
262
121
-223
-208
106
273
3
-269
-169
186
278
-49
-318
-98
211
226
-85
-268
-104
252
229
-169
-282
17
280
117
-234
-223
116
260
28
-250
-167
193
226
-81
-268
-63
260
137
-193
-206
83
233
-11
-210
-108
118
155
-44
-172
-73
73
123
-34
-140
-72
27
84
40
-56
-109
-39
99
92
-98
-139
82
169
-42
-214
-41
204
150
-123
-216
24
229
75
-201
-169
149
216
-33
-274
-114
242
197
-140
-265
-29
239
117
-142
-197
6
190
67
-126
-158
0
185
45
-170
-118
95
172
-27
-219
-86
176
161
-119
-193
28
195
69
-191
-182
137
241
-36
-274
-90
222
158
-146
-207
46
245
38
-187
-92
93
133
-44
-113
44
88
-29
-100
2
115
22
-83
-60
27
45
-36
-32
-5
8
-4
-48
13
17
-47
-16
17
18
-28
-61
-11
65
45
-43
-78
-18
60
56
-17
-72
-11
31
26
-25
-33
-5
17
32
-5
-29
39
-9
-72
0
43
33
-24
-52
-8
38
45
-37
-107
-2
120
65
-89
-154
36
153
34
-144
-121
102
162
-53
-193
-37
151
73
-121
-139
33
173
22
-245
-118
222
193
-164
-271
18
262
109
-181
-177
76
201
49
-165
-119
101
150
1
-129
-101
109
161
-46
-139
-33
112
46
-82
-70
5
96
35
-117
-80
61
152
-28
-195
-62
160
144
-119
-205
18
155
92
-96
-190
0
179
49
-151
-121
82
157
-25
-134
-31
86
50
-39
-88
-8
81
7
-34
-24
-35
15
49
29
-44
-99
71
142
-48
-171
-51
199
203
-153
-288
17
288
134
-200
-251
75
280
19
-284
-136
209
200
-140
-286
9
279
78
-222
-199
103
241
-32
-233
-70
217
156
-152
-202
27
187
96
-105
-168
-20
164
129
-74
-217
-66
257
181
-196
-223
53
263
82
-262
-186
203
288
-105
-325
-26
284
136
-210
-210
124
211
-45
-165
-50
119
89
-51
-97
-14
52
58
-31
-71
-52
47
106
-15
-117
-102
22
148
55
-133
-125
50
123
9
-107
-75
92
140
-68
-155
4
178
103
-152
-170
87
195
36
-203
-108
200
175
-139
-256
17
254
71
-158
-192
39
216
77
-180
-170
65
176
59
-152
-170
66
184
2
-156
-100
55
182
6
-226
-91
188
183
-155
-210
91
230
-12
-256
-59
216
144
-139
-215
43
212
57
-171
-143
125
201
-49
-158
-33
89
75
-11
-45
9
46
0
-42
-6
60
42
-56
-62
21
26
5
3
-32
-46
7
35
-10
-48
-39
42
47
-19
-61
-62
19
89
68
-54
-122
-11
94
89
-53
-99
-2
74
49
-46
-49
2
42
72
-40
-83
44
58
-22
-61
4
63
42
-59
-77
19
97
17
-99
-68
80
136
-52
-176
-9
159
86
-156
-128
121
155
-74
-184
-25
182
63
-187
-105
136
131
-137
-188
71
197
39
-221
-160
125
228
8
-215
-99
142
165
-28
-176
-38
192
83
-124
-128
54
141
39
-75
-83
26
98
5
-93
-45
67
86
-58
-116
3
124
74
-128
-132
58
151
13
-148
-73
69
85
34
-87
-104
67
104
-8
-113
-45
88
68
-11
-64
-32
61
17
-26
13
-19
-27
28
32
-35
-69
33
118
16
-136
-44
154
102
-114
-155
43
235
97
-240
-219
150
324
-12
-303
-109
186
177
-111
-224
19
179
72
-140
-176
64
170
21
-158
-151
97
182
3
-200
-79
184
158
-131
-218
11
260
119
-211
-214
97
272
37
-231
-192
134
307
-1
-271
-111
202
187
-102
-228
14
239
91
-179
-166
89
210
-23
-202
-38
173
79
-135
-110
80
132
-33
-95
-23
44
47
-21
-20
-34
-67
42
113
-12
-134
-102
100
155
-51
-170
-38
137
83
-81
-127
23
176
52
-169
-113
110
203
4
-207
-80
155
154
-62
-187
9
187
102
-146
-207
56
250
53
-216
-183
137
214
-12
-228
-109
150
183
-31
-230
-105
200
166
-143
-184
18
188
80
-171
-156
65
197
51
-202
-114
159
179
-98
-248
42
240
57
-186
-163
106
206
-24
-200
-45
168
107
-64
-118
-32
97
92
-42
-66
28
51
-16
-33
24
36
-10
-32
-27
13
16
-25
-6
-2
-10
-28
-8
26
-18
-38
6
24
18
-57
-39
25
71
46
-70
-104
43
105
46
-76
-72
31
81
17
-84
-20
26
54
51
-62
-53
67
43
-33
-48
25
69
23
-87
-57
88
86
-69
-132
32
154
46
-178
-102
135
138
-59
-154
-8
144
63
-118
-140
69
137
-44
-116
-36
100
65
-128
-138
79
169
1
-196
-102
122
191
-48
-182
-24
152
95
-86
-152
56
186
14
-151
-65
109
118
-35
-106
-29
101
42
-95
-52
32
88
24
-102
-59
51
104
-16
-129
-35
70
90
3
-115
-88
46
136
5
-160
-34
103
53
-62
-95
21
124
20
-77
-49
34
49
0
-26
-24
-2
26
20
-6
-45
-36
48
115
-7
-158
-34
196
115
-180
-204
135
291
9
-310
-132
252
271
-131
-283
-19
215
138
-169
-210
55
217
38
-232
-136
139
181
-15
-200
-116
166
156
-107
-205
42
230
37
-193
-117
124
198
-32
-215
-93
175
185
-66
-203
-55
180
160
-104
-159
-5
168
91
-143
-136
75
197
6
-193
-108
143
145
-57
-151
0
133
39
-83
-107
41
127
3
-80
-60
37
51
6
-57
-59
-16
79
91
-54
-176
-79
172
166
-121
-204
-3
201
100
-154
-154
104
202
-13
-206
-59
194
161
-120
-186
28
201
68
-142
-147
100
189
-11
-208
-105
166
181
-67
-213
-64
161
175
-60
-217
-66
182
153
-89
-223
-37
206
99
-153
-156
52
204
38
-197
-159
155
235
-66
-267
-21
250
119
-227
-194
148
233
-20
-245
-91
205
144
-156
-163
119
175
-62
-112
21
57
-8
5
46
43
-61
-89
24
121
37
-85
-54
33
61
-58
-97
54
112
-42
-127
-14
120
22
-127
-44
67
67
-4
-121
-46
84
116
-14
-137
-49
69
120
-4
-148
-31
117
87
-74
-97
7
104
73
-71
-92
70
81
-35
-104
-2
120
80
-84
-121
15
140
50
-155
-97
117
175
-43
-221
-39
167
100
-90
-137
21
138
42
-128
-116
78
109
-28
-123
-19
134
36
-170
-106
162
148
-102
-208
-8
189
101
-112
-114
57
98
3
-56
-57
49
104
6
-82
-32
44
67
-14
-43
-24
55
22
-38
-26
22
31
-20
-45
-2
21
33
1
-49
-46
35
60
-29
-88
-7
42
49
-2
-83
-40
67
66
-71
-88
64
78
-24
-44
6
10
-12
27
27
-31
-25
11
35
6
-67
-51
75
112
-58
-134
41
167
11
-165
-69
166
191
-85
-240
-57
254
172
-161
-231
24
270
70
-267
-145
156
210
-61
-271
-57
215
150
-109
-227
-11
205
78
-164
-149
114
207
-27
-211
-66
173
139
-77
-167
-52
175
139
-83
-224
-6
260
94
-198
-131
88
178
28
-182
-106
119
192
-25
-194
-78
131
119
-42
-147
8
115
23
-66
-63
27
94
13
-82
-39
31
40
-1
-29
-71
-6
74
30
-55
-106
-41
120
132
-80
-205
-31
206
128
-148
-201
80
231
-5
-175
-72
168
177
-107
-207
22
203
79
-153
-109
112
168
-59
-217
-41
199
119
-90
-192
-14
173
88
-104
-149
21
151
68
-113
-173
14
183
60
-127
-138
58
190
-14
-219
-58
203
147
-158
-177
71
209
10
-219
-53
158
136
-74
-193
-4
174
55
-92
-108
33
116
38
-44
-65
-11
27
47
83
5
-129
-46
100
118
-68
-127
27
112
-2
-118
-44
102
56
-77
-104
-1
99
24
-89
-75
54
119
-37
-157
-33
142
136
-83
-148
-22
142
100
-85
-119
7
94
59
-35
-82
-34
89
118
-65
-147
46
152
26
-155
-66
122
120
-56
-148
-6
143
56
-110
-106
68
168
-38
-181
-30
162
114
-123
-152
55
152
2
-128
-67
84
55
-63
-66
46
74
-50
-123
15
139
59
-140
-128
53
145
50
-127
-90
102
101
-47
-108
39
118
1
-71
-14
39
42
-19
1
21
-14
-28
-10
17
36
-6
-31
-40
7
29
27
-13
-45
-46
23
76
6
-126
-34
79
58
-36
-78
-2
67
-1
-66
-12
60
49
-53
-41
39
24
-20
-63
27
87
-21
-102
-21
112
56
-114
-80
94
146
-61
-155
42
163
11
-162
-41
192
129
-159
-211
78
275
59
-251
-155
149
199
-67
-225
-26
176
115
-134
-190
41
173
46
-152
-118
85
114
-30
-123
-31
125
93
-62
-130
-24
176
86
-123
-156
42
183
43
-136
-133
73
236
25
-199
-109
112
156
-27
-179
-21
144
115
-122
-146
62
124
-8
-83
-19
31
24
21
-14
-59
3
50
45
-23
-99
-5
76
41
-64
-103
27
102
16
-111
-126
60
163
33
-137
-158
52
191
34
-156
-106
127
166
-73
-165
-5
199
86
-150
-121
72
170
37
-178
-70
148
148
-122
-201
53
228
59
-208
-152
117
185
-11
-166
-97
88
160
19
-178
-129
110
169
-12
-175
-103
155
182
-136
-234
54
290
55
-261
-142
193
203
-125
-230
67
214
9
-172
-91
104
115
-34
-99
-12
64
46
15
-32
-55
0
61
62
23
-77
-85
38
115
32
-113
-23
73
2
-38
-32
5
38
-28
-39
-4
12
36
-11
-63
-43
41
83
-50
-121
15
139
73
-135
-134
43
165
66
-139
-151
70
162
36
-150
-93
83
141
13
-140
-46
115
73
-65
-117
19
125
50
-74
-102
30
119
16
-116
-61
116
115
-107
-156
45
193
26
-198
-81
172
129
-119
-165
60
129
-34
-82
-13
76
18
-140
-60
128
132
-78
-179
-12
146
98
-99
-113
66
109
7
-85
-37
92
60
-33
-50
9
32
17
3
9
-1
-33
-4
21
11
-39
17
24
-39
-29
3
61
19
-93
-58
92
79
-64
-109
-1
55
47
-23
-52
1
41
-15
-40
7
40
-4
-39
15
42
-7
-65
-7
109
39
-122
-69
83
107
-45
-163
4
187
47
-168
-78
163
105
-88
-142
44
222
50
-246
-137
191
245
-65
-264
-78
205
185
-139
-238
21
228
55
-209
-143
130
174
-23
-176
-73
120
115
-55
-153
20
156
48
-122
-126
88
165
-9
-164
-71
105
144
-17
-149
-66
112
147
-29
-122
-75
95
145
-33
-174
-9
182
72
-178
-129
97
148
-14
-117
-9
60
22
-1
-39
-43
6
66
41
-55
-56
14
53
-3
-73
-51
64
85
-3
-138
-117
93
182
-6
-201
-122
145
191
-43
-224
-25
222
112
-147
-172
61
227
69
-228
-156
189
224
-118
-236
29
240
64
-232
-166
176
230
-57
-269
-89
209
180
-69
-208
-86
178
176
-99
-255
-25
239
105
-173
-182
61
237
52
-247
-149
159
222
-33
-234
-60
187
142
-126
-182
71
193
10
-173
-95
133
137
-66
-131
19
131
18
-71
-9
27
11
-18
38
57
-55
-63
35
96
5
-84
-25
29
24
-7
-47
0
38
23
-72
-87
66
108
-62
-136
3
139
62
-145
-141
105
209
-8
-207
-84
113
171
-17
-184
-69
134
140
-73
-128
-5
94
101
-67
-126
48
135
11
-119
-89
92
163
-9
-181
-94
149
161
-99
-219
22
258
38
-235
-117
181
186
-109
-181
27
157
51
-142
-106
67
91
-12
-78
-41
88
18
-107
-31
75
90
-78
-135
6
133
69
-102
-65
61
60
10
-46
-22
50
41
-16
-26
23
2
-25
38
43
-12
-54
-41
30
72
-8
-67
-36
34
47
4
-47
-32
25
46
-15
-49
1
33
-28
-27
19
13
-13
5
-9
-30
1
46
21
-46
-46
49
47
-52
-60
59
81
-40
-106
-6
118
52
-120
-114
98
164
-36
-157
14
143
37
-114
-95
130
187
-69
-238
-34
241
160
-174
-224
50
235
35
-208
-133
117
183
-49
-210
-41
145
113
-83
-179
7
146
39
-94
-91
70
120
-18
-136
-41
143
85
-96
-108
34
105
36
-25
-81
-55
86
119
-8
-136
-57
139
88
-84
-111
55
148
-12
-145
-38
131
68
-75
-84
47
61
-44
-21
55
23
-83
-7
77
21
-92
-40
83
38
-110
-68
113
100
-71
-184
-41
168
133
-86
-215
-54
211
157
-145
-215
73
225
51
-194
-135
144
210
-27
-222
-50
189
129
-111
-159
73
181
-22
-196
-63
145
132
-61
-186
-41
158
151
-66
-219
-39
163
159
-91
-238
-36
216
111
-156
-163
78
178
-5
-185
-69
139
131
-88
-143
14
136
64
-118
-77
67
94
-3
-104
-45
85
55
-61
-43
57
43
-29
20
22
-64
-29
83
112
-17
-138
-75
120
136
-39
-150
-28
122
72
-91
-111
53
88
-15
-98
-37
83
53
-48
-92
-26
101
64
-108
-135
96
214
-39
-225
-57
173
165
-104
-185
16
152
71
-85
-115
0
148
76
-143
-111
107
150
-49
-178
-39
180
139
-115
-212
32
226
62
-200
-144
136
213
-61
-215
-34
171
117
-98
-171
36
184
26
-202
-108
115
112
-27
-88
-33
58
-19
-61
5
82
17
-114
-69
69
118
1
-116
-16
88
34
-40
-38
15
62
22
-30
-16
8
33
3
5
23
-3
-45
-44
61
75
-29
-81
-46
73
88
-37
-123
-1
114
21
-77
-42
3
54
-14
-23
31
-18
-26
41
33
-71
-79
102
104
-78
-125
59
142
-48
-158
55
166
-28
-172
-23
165
89
-143
-134
116
169
-59
-181
42
180
4
-163
-46
192
113
-166
-149
89
208
0
-171
-93
83
136
-23
-157
-54
104
115
-77
-152
-4
134
71
-122
-111
75
98
-45
-101
14
120
2
-88
-36
47
83
-16
-81
-29
37
67
24
-67
-76
42
108
-15
-50
-7
13
2
19
2
-12
35
34
-50
-53
43
27
-43
-37
66
53
-80
-54
70
58
-39
-65
30
56
-22
-60
9
46
-1
-91
-23
80
75
-78
-162
-9
197
95
-170
-210
101
229
12
-208
-91
185
136
-68
-150
2
174
86
-138
-129
64
170
31
-137
-78
91
151
-49
-196
-21
176
115
-131
-198
47
209
37
-162
-124
80
177
20
-191
-133
127
146
-61
-161
-12
150
69
-98
-144
27
177
45
-164
-80
118
122
-70
-158
28
151
32
-117
-113
55
147
10
-123
-35
77
41
-2
6
-31
-44
7
83
94
-53
-153
-15
195
110
-150
-162
76
156
6
-138
-86
91
115
-66
-155
-7
152
58
-132
-86
78
85
-33
-103
9
95
54
-79
-107
5
119
85
-87
-139
25
146
70
-106
-116
28
180
23
-142
-41
106
81
-61
-141
21
195
46
-159
-117
102
148
-37
-166
-45
168
110
-151
-144
71
192
24
-175
-93
123
117
-77
-144
27
103
-11
-69
-16
43
-2
-93
1
89
15
-91
-56
43
74
28
-77
-55
55
55
-16
-53
31
98
-8
-92
-1
96
37
-95
-40
106
56
-84
-107
47
112
-10
-64
-71
18
80
19
-73
-30
31
22
-29
2
-6
-33
20
-4
-28
12
16
33
-7
-66
-39
68
85
-59
-111
25
149
41
-162
-106
156
131
-111
-154
38
156
41
-126
-98
116
144
-71
-135
61
120
-12
-148
24
200
29
-186
-96
154
156
-67
-163
-42
125
101
-92
-113
14
92
32
-96
-94
37
103
19
-115
-83
74
97
-48
-121
48
142
-14
-135
-59
112
123
-52
-129
-10
88
55
-26
-62
-32
76
59
-38
-41
-17
44
69
-39
-64
9
82
16
-91
-49
77
64
-30
-63
11
53
-12
-33
-13
51
13
-45
-8
42
16
-56
-34
61
17
-107
-43
102
98
-130
-184
84
245
4
-261
-111
183
176
-72
-179
-7
166
89
-118
-130
66
186
33
-145
-120
123
154
-52
-148
21
135
47
-121
-108
93
132
-2
-134
-109
59
168
41
-169
-136
94
190
10
-221
-102
138
152
-55
-178
-27
168
90
-143
-147
86
185
-25
-185
-26
165
81
-141
-86
112
75
-58
-72
24
41
-9
-24
-10
21
3
13
57
4
-81
-43
53
112
49
-110
-114
40
191
39
-167
-96
89
139
-29
-170
-36
143
67
-118
-121
70
137
-55
-144
-15
145
42
-133
-108
96
193
-31
-210
-49
166
126
-87
-147
19
118
53
-51
-68
-34
57
112
-8
-107
-30
95
87
-61
-125
25
154
68
-159
-149
94
222
-38
-227
-54
238
117
-208
-160
137
206
-63
-199
3
163
54
-147
-107
78
108
-21
-98
-23
74
3
-96
-4
80
25
-81
-84
47
99
-12
-91
32
64
-2
-40
-8
49
15
-30
-5
46
2
-17
-8
12
41
-2
-46
-49
24
73
11
-63
-73
40
80
-3
-85
-23
47
38
-1
-59
-63
43
59
-35
-66
6
83
38
-88
-92
44
120
-1
-124
-42
120
100
-99
-163
78
193
-24
-179
-55
144
123
-90
-158
46
177
23
-140
-44
114
69
-82
-102
84
161
-54
-181
-1
200
92
-131
-156
22
145
54
-134
-103
56
116
-1
-119
-67
62
91
-14
-103
-38
70
70
-58
-57
56
64
-56
-84
28
129
-7
-121
-8
105
22
-60
-24
6
27
56
-7
-38
2
40
11
-22
-19
4
50
16
-50
-42
60
35
-72
-32
56
66
-64
-67
45
82
-18
-86
7
81
10
-81
-56
41
56
-29
-71
8
73
21
-138
-85
125
151
-60
-192
-64
165
178
-113
-230
52
242
24
-201
-80
170
151
-75
-157
15
139
48
-78
-93
65
106
-9
-137
-47
106
138
-67
-194
14
171
94
-146
-132
37
133
37
-74
-102
6
70
48
-37
-81
5
106
24
-123
-69
88
125
-32
-132
-12
137
38
-113
-39
66
52
-21
-69
-9
43
2
1
2
2
-26
4
75
19
-76
-63
56
177
34
-209
-119
163
193
-75
-184
-31
129
107
-87
-165
12
151
59
-153
-130
86
153
-24
-162
-60
145
86
-97
-152
49
219
4
-202
-110
143
189
-41
-181
-53
128
142
-66
-153
-25
166
115
-157
-125
119
162
-69
-158
-12
179
98
-129
-154
55
163
1
-153
-49
97
126
-53
-151
-5
145
60
-90
-106
58
122
-8
-128
-35
63
12
-7
-8
-8
15
-73
-34
84
44
-67
-83
33
62
12
-53
-21
57
24
-32
-13
35
37
12
-13
-17
19
28
-17
-24
24
47
19
-84
-70
59
113
-2
-133
-96
128
142
-59
-197
-21
162
78
-92
-133
0
108
31
-83
-44
56
52
10
-90
-73
47
92
31
-106
-49
77
80
-63
-107
60
108
-7
-128
-51
111
111
-109
-143
92
163
-18
-151
-3
140
39
-126
-52
153
96
-130
-127
88
176
-13
-154
-90
91
137
-37
-128
-56
95
108
-65
-141
6
113
28
-86
-54
46
44
-51
-46
48
81
-47
-82
19
85
30
-60
-43
14
76
16
-54
-25
2
44
51
-39
-34
27
22
-35
-41
42
72
22
-90
-54
74
74
-75
-74
64
84
-42
-116
-8
121
47
-96
-72
64
83
-56
-73
15
58
-29
-78
3
68
47
-52
-133
-10
134
110
-119
-170
18
173
99
-111
-168
43
183
37
-137
-76
101
116
-33
-105
-3
112
47
-74
-66
60
78
-54
-105
35
110
45
-126
-113
71
121
-8
-119
-44
68
65
20
-78
-98
45
101
12
-88
-60
69
102
-63
-135
2
161
49
-124
-92
89
123
-94
-102
90
94
-69
-99
31
121
-10
-133
-2
138
29
-117
-9
139
1
-122
-49
169
146
-139
-212
46
261
63
-212
-139
92
192
-7
-184
-77
115
101
-60
-118
-21
93
55
-80
-108
26
121
10
-154
-72
166
141
-122
-164
27
194
71
-152
-138
80
140
12
-105
-79
45
142
14
-110
-48
103
100
-72
-150
22
187
61
-165
-120
124
153
-64
-167
1
156
55
-149
-61
112
85
-41
-91
-17
54
48
-15
-77
-22
49
10
-22
-1
31
-33
-101
29
121
15
-134
-90
100
124
-14
-135
-43
104
70
-16
-75
-19
75
76
-47
-87
18
100
25
-76
-29
68
57
-98
-108
76
145
-9
-187
-42
166
75
-137
-107
79
122
-34
-105
-43
60
57
-74
-63
47
88
-5
-84
-83
52
113
7
-112
-61
96
89
-53
-126
22
159
20
-158
-68
105
106
-33
-139
-15
138
67
-84
-48
65
40
-51
-45
79
117
-40
-155
-24
145
111
-77
-126
-32
101
77
-60
-99
15
89
13
-91
-77
48
107
-10
-123
-37
79
17
-51
4
74
-14
-89
-16
100
61
-63
-64
25
43
3
2
7
-43
-2
67
11
-45
11
46
-11
-47
0
39
56
-2
-88
-39
99
53
-75
-56
47
96
-33
-127
18
115
14
-88
-22
56
30
-47
-36
8
13
-18
-42
28
59
-9
-106
-76
75
119
-15
-138
-59
97
99
-15
-123
-41
110
88
-40
-110
4
150
25
-117
-57
98
114
-58
-97
7
110
39
-106
-92
60
129
29
-165
-105
106
137
-20
-148
-60
90
131
-25
-186
-51
157
78
-86
-112
32
128
6
-129
-85
114
128
-49
-139
8
122
37
-119
-33
124
33
-101
-72
60
74
-31
-51
8
67
-3
-53
19
70
-11
-68
-30
119
114
-101
-169
43
214
44
-162
-111
71
136
-3
-148
-49
104
79
-68
-147
2
161
45
-148
-111
89
148
-49
-157
-19
159
72
-118
-133
47
173
34
-160
-98
108
123
-46
-125
-16
146
89
-104
-106
53
119
-4
-119
-42
90
128
-25
-168
-44
145
94
-128
-126
85
166
-35
-154
-24
105
97
-65
-136
56
117
-22
-105
-20
73
-13
-65
25
55
-11
-121
-68
134
115
-86
-150
19
112
44
-66
-92
57
135
-28
-99
-13
96
89
-65
-127
49
148
-4
-143
-13
137
51
-108
-88
70
94
4
-100
-75
63
96
-2
-83
-51
37
55
11
-56
-50
25
46
-8
-80
-26
100
77
-100
-161
58
212
30
-217
-91
185
175
-138
-239
91
276
-49
-265
-51
217
131
-151
-177
74
196
7
-151
-43
127
69
-83
-96
98
148
-79
-179
16
211
70
-160
-151
56
180
16
-151
-106
80
114
-37
-117
-8
83
25
-54
-51
7
30
-14
-24
44
62
-41
-86
-8
78
76
-55
-70
10
59
20
-17
-23
-15
33
56
-19
-31
17
13
4
-14
-15
48
38
-36
-64
28
86
-23
-105
-9
102
62
-96
-111
70
152
-26
-177
-4
176
52
-182
-99
142
115
-117
-138
50
166
3
-227
-95
198
159
-120
-202
-1
186
101
-115
-172
83
156
-8
-99
-50
94
78
-20
-68
-20
56
57
-36
-59
34
77
-41
-106
3
106
42
-57
-68
-7
64
40
-31
-79
-37
72
88
-71
-135
4
122
31
-100
-47
100
72
-107
-131
63
162
-5
-140
-37
125
57
-118
-71
118
66
-96
-44
43
50
-34
-51
17
76
-4
-55
15
80
14
-94
-43
80
151
0
-167
-99
152
203
-61
-215
-47
179
135
-135
-202
46
181
49
-170
-135
77
159
18
-152
-94
92
127
-50
-152
6
186
69
-165
-175
120
247
-48
-229
-43
186
112
-103
-139
-8
146
100
-86
-135
29
137
35
-112
-107
98
179
-42
-208
-34
161
85
-103
-109
59
132
-37
-140
17
102
34
-46
-64
-5
65
50
-67
-76
11
41
14
-17
3
-42
-87
11
127
50
-149
-127
117
125
-9
-129
-39
131
66
-96
-70
68
100
2
-79
-20
51
36
-2
-27
-10
53
28
-73
-97
72
127
-2
-157
-72
137
111
-49
-138
-26
104
87
-40
-131
-38
131
61
-126
-86
107
142
-54
-181
-35
163
117
-86
-172
15
167
53
-145
-94
126
136
-69
-151
-11
137
78
-129
-108
98
141
-29
-121
11
83
3
-63
4
106
40
-116
-102
114
139
-55
-115
-51
64
106
-49
-91
-3
49
35
-45
-75
1
63
4
-64
-17
40
8
-52
-14
90
26
-86
-50
31
60
31
-54
-58
45
22
4
1
-11
-32
36
57
-37
-15
39
-12
-53
17
38
41
7
-66
-49
71
68
-57
-80
38
122
6
-150
-66
146
126
-90
-153
31
144
34
-124
-90
77
98
-81
-94
48
115
-26
-195
-40
197
113
-151
-191
48
195
49
-147
-112
98
139
-2
-119
-64
122
132
-74
-126
33
119
27
-88
-46
64
74
-41
-98
-23
106
77
-109
-128
64
141
-14
-123
-22
59
33
-14
-30
-26
-23
23
40
-27
-66
24
91
-39
-127
3
141
23
-127
-17
114
33
-121
-38
135
28
-131
-52
114
84
-106
-114
104
119
-47
-121
52
126
-34
-120
-15
136
114
-83
-158
-9
175
104
-92
-149
-33
155
110
-147
-140
82
129
-22
-157
-40
115
93
-85
-126
13
103
10
-92
-56
106
119
-62
-160
-25
196
108
-131
-166
47
168
42
-110
-108
35
164
57
-142
-96
109
129
-72
-145
11
193
76
-178
-134
143
140
-76
-147
25
137
35
-139
-60
106
86
-44
-96
19
81
-6
-59
-19
13
-10
-26
30
31
-12
-101
-64
83
126
-28
-163
-60
140
111
-80
-138
30
164
28
-123
-48
55
94
-11
-63
-15
39
51
-12
-51
23
68
-4
-87
-66
79
118
-3
-185
-78
168
131
-109
-161
41
155
29
-132
-72
81
61
-68
-52
34
52
0
-54
-64
9
106
47
-83
-85
40
136
-27
-174
4
197
37
-172
-110
126
175
-72
-192
21
202
40
-150
-48
121
54
-95
-63
124
137
-96
-164
26
187
47
-139
-99
35
126
38
-121
-102
57
109
-23
-105
-47
79
62
-50
-84
17
66
-31
-68
30
65
29
-45
-81
7
111
36
-97
-75
61
78
14
-64
-47
43
95
-13
-100
12
106
-11
-105
-28
85
101
-36
-133
-6
136
29
-135
-37
95
93
-78
-127
50
132
3
-110
-53
88
93
-71
-124
19
96
2
-85
-23
60
45
-63
-115
31
142
13
-154
-69
83
108
65
-114
-117
88
142
-18
-128
-28
124
92
-80
-99
33
101
15
-68
-38
56
57
-69
-59
43
95
-12
-125
-48
110
116
-80
-128
15
106
20
-46
-65
-4
43
0
-17
-2
3
28
2
-69
-65
88
106
-71
-84
21
64
1
-53
10
49
-10
-71
-8
59
46
-53
-57
45
62
-38
-70
56
96
-28
-123
5
180
80
-175
-154
116
225
-24
-216
-65
132
123
-30
-163
-60
122
97
-73
-134
-6
131
60
-107
-105
50
111
-11
-134
9
158
17
-116
-101
81
160
-4
-168
-61
110
120
-30
-133
-34
139
106
-98
-119
89
131
-65
-122
2
119
68
-56
-96
2
82
34
-56
-59
28
78
-21
-64
8
51
26
-31
-44
-6
49
24
-44
-38
-8
5
12
6
-17
-5
-50
-46
51
82
-18
-119
-61
96
115
-27
-137
-7
149
45
-107
-87
105
125
-40
-122
6
113
30
-85
-53
104
57
-72
-112
27
128
41
-102
-110
36
129
31
-100
-95
37
109
36
-109
-107
72
102
-47
-94
9
106
34
-105
-106
54
152
-10
-135
-30
110
63
-101
-95
97
132
-96
-121
35
122
13
-104
-60
102
89
-43
-90
40
79
-12
-96
0
161
60
-166
-108
128
162
-36
-123
-37
47
87
0
-121
-42
66
43
-28
-58
3
49
-24
-38
3
1
11
-47
-16
70
46
-67
-70
18
92
33
-77
-62
44
63
-22
-37
17
29
2
0
-2
-11
43
41
-80
-62
59
95
15
-99
-95
77
126
-41
-136
-9
155
35
-171
-50
149
96
-93
-126
32
140
34
-135
-93
62
85
-34
-90
15
75
19
-125
-96
131
164
-69
-183
-47
144
139
-66
-183
3
197
74
-151
-100
139
117
-71
-98
27
83
8
-50
-17
52
41
-48
-95
24
90
66
-83
-127
42
129
30
-106
-81
43
93
29
-112
-76
73
65
-59
-81
47
96
-11
-127
-55
116
105
-72
-126
41
130
-11
-151
-36
161
73
-119
-112
54
136
-8
-146
-14
153
56
-126
-65
115
83
-87
-128
56
231
33
-251
-114
201
195
-102
-208
-6
159
108
-120
-170
28
179
35
-176
-118
109
141
-45
-149
-19
101
23
-90
-46
91
102
-55
-140
-13
147
95
-117
-137
52
119
1
-68
-45
31
81
38
-63
-44
61
56
-29
-71
-24
78
91
-59
-121
26
128
14
-130
-44
128
71
-111
-87
65
108
9
-100
-26
76
13
-72
-14
41
3
-77
-6
80
41
-88
-128
50
149
6
-144
-77
101
107
-18
-112
-40
126
80
-70
-109
39
152
19
-117
-75
93
124
-38
-144
4
149
31
-139
-82
92
100
-6
-132
-78
79
113
0
-97
-71
42
111
10
-146
-69
123
92
-101
-114
79
122
-28
-158
-41
155
111
-124
-124
68
137
-3
-135
-61
128
84
-88
-102
36
101
24
-90
-57
71
79
-15
-53
14
40
9
-53
9
100
8
-114
-45
119
105
-73
-109
-4
72
34
-49
-51
-3
28
23
-24
-77
4
83
7
-76
-32
49
20
-58
-30
83
66
-67
-113
20
151
32
-118
-80
94
92
-53
-78
9
79
50
-30
-103
37
127
-42
-121
35
89
32
-42
-49
5
43
5
-55
-22
59
49
-45
-104
-5
138
72
-89
-121
46
111
4
-107
-83
74
95
-56
-123
33
154
-30
-220
-5
212
73
-184
-168
126
210
-30
-215
-35
187
77
-96
-69
47
57
17
-30
-30
11
30
16
-16
2
18
-10
-55
-6
48
25
-12
-69
-18
59
42
-34
-38
2
25
34
-16
-75
-10
60
27
-83
-26
73
66
-46
-121
-4
128
52
-94
-62
67
56
-45
-58
33
78
-31
-46
-6
19
24
-10
-46
29
61
-7
-43
0
50
27
-22
-79
51
157
-25
-195
-45
208
135
-132
-200
21
205
72
-196
-153
100
155
-21
-159
-56
101
88
-41
-116
-38
96
26
-77
-28
106
62
-112
-86
66
102
-5
-77
-44
33
67
29
-47
-79
10
146
53
-142
-61
119
79
-83
-101
32
134
52
-137
-89
94
96
-45
-106
19
89
-2
-83
-10
90
41
-76
-63
53
98
-31
-103
-15
85
-7
-84
-3
93
36
-138
-103
101
126
-49
-146
-36
124
103
-55
-143
-7
151
96
-120
-115
84
134
-17
-135
-13
127
59
-68
-85
53
114
-6
-150
-68
137
130
-81
-186
-2
196
73
-171
-118
88
106
-7
-98
-48
52
52
-31
-67
5
70
14
-30
-88
-17
101
51
-53
-64
31
73
-15
-72
5
62
5
-53
-42
28
49
-5
-37
2
48
25
-23
-23
29
12
-32
-43
76
147
-57
-185
-4
207
88
-152
-155
62
186
12
-171
-81
101
132
-54
-170
2
136
7
-109
-43
76
52
-59
-73
42
106
-17
-99
-40
93
97
-45
-114
-3
100
27
-52
-15
13
30
11
-30
-9
57
23
-46
-50
11
67
56
-27
-89
-27
95
43
-113
-37
93
79
-76
-135
75
153
-36
-137
-15
119
43
-95
-42
41
34
-44
-50
5
72
47
-122
-112
87
142
-43
-142
-33
97
84
-32
-94
-31
76
75
-17
-73
-3
83
50
-59
-57
27
81
8
-53
-8
30
24
-45
-60
37
119
-28
-164
1
163
42
-150
-63
87
68
-32
-67
-18
40
3
-19
-5
16
31
0
-51
-36
22
72
10
-82
-27
77
54
-83
-77
77
95
-47
-89
-12
74
49
-71
-64
70
69
-3
-60
-3
44
14
-34
-31
117
72
-122
-100
84
152
-13
-139
-65
89
140
-42
-164
-46
128
79
-98
-135
40
120
-25
-111
-12
85
26
-93
-62
88
114
-42
-118
-40
88
112
-20
-139
-44
99
94
-41
-110
-4
120
80
-94
-102
69
124
-60
-128
17
126
69
-107
-98
44
98
-6
-88
-28
90
76
-92
-126
90
129
-20
-124
-27
86
79
-71
-89
17
49
-3
-38
8
40
-5
-108
-40
123
89
-114
-142
53
143
29
-99
-86
73
104
-2
-61
-42
53
80
5
-82
-23
85
54
-64
-59
72
69
-74
-122
59
140
9
-145
-80
123
105
-88
-104
21
86
27
-40
-70
-36
66
42
-52
-64
49
82
-5
-101
-75
72
141
-30
-165
-19
153
62
-127
-103
101
135
-50
-154
-11
141
71
-152
-90
131
116
-81
-116
96
116
-80
-142
63
189
4
-179
-67
153
128
-84
-156
1
120
38
-63
-74
-15
52
55
-45
-66
-13
66
27
-58
-53
42
56
-49
-75
55
115
-35
-127
-36
132
96
-112
-116
69
125
-20
-101
-6
51
68
-9
-73
-4
95
48
-105
-91
73
125
20
-133
-79
102
119
-72
-121
21
135
22
-160
-42
141
87
-89
-109
43
125
-20
-110
-26
63
48
-38
-63
-21
64
44
-112
-76
105
90
-60
-145
-7
136
107
-105
-169
48
196
7
-139
-41
112
87
-39
-103
-6
98
52
-60
-36
42
8
-45
-31
46
39
-11
-79
-33
67
68
-45
-76
18
57
-3
-44
-26
8
15
-11
-11
1
29
26
-22
-48
-44
52
77
-33
-80
35
81
-17
-87
-14
102
43
-89
-76
48
104
-18
-125
-1
142
54
-100
-67
83
75
-38
-100
37
185
16
-202
-68
185
150
-109
-199
1
173
97
-110
-161
17
130
30
-120
-74
58
90
-8
-96
-48
64
57
-59
-90
65
116
-44
-121
8
130
63
-112
-131
83
145
-30
-115
-32
97
109
-80
-100
57
112
-47
-126
24
98
30
-26
-64
-13
52
20
-55
-15
38
26
-24
-56
10
55
18
-28
-25
11
31
-16
-20
-5
-34
-24
40
16
-24
12
-4
-101
-16
125
71
-141
-122
70
153
26
-146
-73
139
99
-88
-103
43
153
8
-110
-46
80
62
-36
-57
34
75
-9
-88
-40
77
86
-7
-131
-50
110
89
-61
-110
-7
85
78
-48
-146
1
146
40
-144
-75
115
121
-77
-154
-4
161
83
-124
-114
68
132
-21
-149
-17
146
56
-136
-86
100
98
-61
-97
37
92
-12
-49
17
38
-18
-54
-7
82
104
-52
-144
11
155
57
-114
-111
21
121
41
-107
-96
54
84
-38
-83
-36
69
37
-73
-26
32
36
-25
-80
-4
134
52
-124
-124
69
162
9
-138
-72
91
112
-30
-101
-21
99
88
-76
-130
88
158
-51
-155
3
105
74
-24
-81
-24
53
40
-20
-45
-28
97
33
-107
-59
97
105
-61
-114
29
108
18
-90
-64
36
64
-8
-78
-4
97
-17
-170
-3
178
57
-159
-121
62
167
47
-194
-99
167
146
-78
-165
0
173
72
-111
-110
66
121
-6
-95
7
77
-3
-84
-37
69
80
-34
-94
-25
91
47
-66
-47
24
28
18
-25
-65
17
55
-32
-65
16
95
5
-82
-71
47
110
-8
-119
-25
107
55
-92
-70
75
113
-45
-134
-19
119
74
-107
-107
80
145
-16
-125
-41
126
58
-92
-101
99
200
-43
-240
-44
241
114
-165
-144
51
156
40
-146
-95
66
112
-13
-124
-45
101
60
-56
-81
-4
56
-3
-51
8
73
26
-52
-72
8
108
39
-110
-55
89
78
-40
-78
3
75
47
-45
-48
60
56
-61
-49
15
41
48
-20
-62
1
48
23
-55
-53
54
79
-42
-101
12
135
21
-98
-78
60
97
-38
-85
-27
40
32
-69
-30
103
55
-152
-142
131
182
-59
-217
-37
157
124
-74
-182
5
184
84
-122
-114
65
155
-7
-148
-33
130
82
-77
-93
60
135
-40
-164
-16
161
74
-133
-128
68
135
8
-107
-40
49
45
-4
-67
-26
50
37
-67
-65
77
67
-29
-62
-45
17
88
22
-68
-51
53
69
-39
-97
46
98
-23
-92
-11
82
40
-82
-57
75
82
-44
-59
45
87
-49
-97
8
170
89
-178
-149
139
191
-53
-187
-34
158
94
-116
-113
28
75
6
-50
-40
-8
24
7
-25
-23
8
11
-20
-18
15
41
4
-57
-59
39
126
-5
-123
-40
84
98
-58
-119
18
131
49
-123
-70
144
81
-134
-101
83
122
26
-106
-91
55
112
-18
-119
-1
132
38
-134
-80
107
120
-51
-110
-11
126
35
-124
-51
49
39
-18
-48
-24
65
41
-104
-88
85
113
-52
-119
-18
81
98
-40
-132
26
138
6
-88
-33
67
63
-22
-52
4
53
10
-28
-8
67
32
-88
-81
50
114
-2
-109
-48
58
90
2
-88
-36
36
41
3
-47
-43
8
50
-42
-58
53
70
-3
-89
-75
63
94
-36
-78
19
91
5
-112
-46
129
89
-134
-121
77
150
-34
-151
-49
147
93
-87
-83
77
75
-45
-94
1
149
87
-142
-141
100
188
-9
-170
-116
118
188
-48
-208
-35
158
81
-81
-124
7
78
49
-45
-93
9
78
-5
-67
16
82
-19
-91
-30
97
90
-69
-107
44
91
-1
-55
-13
15
48
41
-50
-35
76
14
-73
-8
37
44
18
-7
-70
-22
107
15
-121
-6
133
28
-147
-76
139
127
-101
-146
58
132
-8
-126
-34
73
15
-75
-40
80
65
-66
-131
-18
161
87
-150
-134
77
159
17
-134
-94
112
124
-69
-101
20
85
58
-69
-69
68
39
-6
-22
-31
43
57
-47
-118
33
131
34
-120
-105
81
115
-39
-104
-4
78
30
-68
-56
27
45
-3
-59
-40
90
67
-68
-108
-8
114
69
-90
-92
45
110
0
-125
-36
124
71
-89
-83
40
94
-9
-100
-6
67
54
-15
-53
14
47
12
-54
-25
118
69
-126
-104
111
141
-43
-129
-32
68
79
-45
-93
-3
74
27
-92
-47
47
33
-33
-44
13
22
9
-41
-31
74
53
-64
-85
9
109
47
-88
-101
53
122
-27
-115
15
84
39
-46
-72
31
119
12
-134
-51
96
90
-18
-101
-28
63
54
-19
-64
-5
81
10
-111
-41
120
85
-92
-105
54
114
-28
-122
-12
87
31
-93
-50
70
78
-57
-163
16
155
26
-120
-65
46
77
24
-61
-70
33
102
31
-82
-73
72
124
-20
-108
-16
84
63
-50
-50
20
51
-20
-80
19
121
21
-137
-77
121
98
-85
-94
28
95
-6
-80
-15
41
26
-31
-54
24
68
-23
-49
-28
26
22
6
11
-28
0
36
-15
-70
15
110
15
-144
-62
105
108
-73
-132
51
155
7
-138
-22
125
64
-107
-115
113
182
-46
-201
-45
200
141
-129
-180
17
148
66
-102
-128
22
94
45
-82
-80
10
74
22
-55
-61
40
32
-5
-55
1
66
13
-91
-28
97
86
-62
-118
29
106
10
-78
-34
61
91
-31
-97
34
106
-20
-103
-8
87
66
-17
-88
-31
77
48
-63
-77
51
103
-25
-138
-3
160
38
-139
-82
115
105
-88
-112
45
86
-29
-90
9
72
32
-89
-95
57
122
-17
-139
-47
96
102
-12
-114
-66
124
119
-65
-135
13
161
49
-134
-85
100
114
-42
-108
26
97
14
-97
-58
60
105
-20
-126
-53
116
92
-80
-102
32
99
-7
-67
-23
32
16
-57
-35
64
57
-12
-44
-79
-10
101
63
-73
-89
41
109
-11
-118
-24
108
55
-78
-88
44
108
-18
-120
-1
109
24
-50
-14
62
-2
-43
-22
62
88
-35
-139
1
177
62
-140
-114
58
128
-2
-126
-57
112
58
-84
-96
13
97
15
-87
-40
48
58
-58
-64
33
98
12
-90
-77
37
116
34
-108
-71
86
108
-50
-130
-13
165
80
-137
-114
126
168
-88
-197
33
179
89
-118
-142
19
137
21
-109
-46
74
96
-58
-108
21
114
37
-87
-84
45
103
-20
-103
-35
65
24
-55
-14
52
12
-91
-69
88
90
-56
-106
-2
71
55
-19
-96
3
79
40
-28
-73
0
106
61
-60
-91
45
99
-4
-112
21
109
15
-135
-21
113
51
-81
-82
44
93
-9
-88
-31
60
67
-33
-87
-30
76
54
-85
-85
66
107
-29
-98
-44
82
79
-67
-87
53
95
-5
-105
-53
105
98
-85
-122
35
90
18
-72
-60
75
88
-13
-80
-18
95
17
-94
-52
140
135
-126
-170
53
192
29
-140
-95
7
104
87
-81
-138
-2
146
20
-142
-74
92
85
-44
-105
-19
73
24
-53
-22
81
31
-78
-87
58
113
-8
-94
-16
82
27
-50
-24
8
50
11
-51
0
75
29
-97
-46
59
74
12
-60
-75
44
108
-14
-126
-14
122
63
-135
-99
124
128
-70
-139
21
143
23
-143
-47
83
35
-54
-47
30
43
-11
-79
-55
69
103
-42
-131
-27
101
99
-34
-144
-6
154
65
-110
-95
84
124
-13
-100
-38
95
69
-33
-82
10
87
20
-110
-59
96
115
-71
-164
27
169
7
-159
-52
101
56
-55
-56
26
51
-13
-98
-29
101
78
-50
-91
-79
86
147
-39
-164
1
151
38
-130
-91
118
137
-98
-152
44
130
7
-117
-12
99
21
-65
-16
62
45
-52
-56
21
134
68
-137
-125
91
180
-29
-160
-47
94
83
-23
-107
-33
64
59
-31
-92
-17
48
36
-11
-42
-33
32
6
-20
-2
49
14
-59
-55
48
93
-11
-108
-13
93
34
-54
-45
18
71
30
-58
-51
87
71
-97
-84
52
108
22
-86
-87
45
110
-19
-118
-12
123
45
-110
-90
93
121
-51
-110
8
104
16
-114
-40
36
39
-6
-44
3
46
7
-101
-63
81
87
-43
-122
-11
106
74
-72
-107
44
129
10
-89
-66
79
117
-33
-113
-1
104
49
-80
-61
90
81
-99
-110
61
132
7
-160
-78
143
117
-110
-118
38
100
7
-66
-61
28
62
-17
-92
-14
112
74
-89
-102
-17
112
103
-90
-146
58
160
19
-163
-74
157
117
-116
-142
35
148
42
-151
-55
111
74
-65
-60
69
86
-60
-117
35
195
18
-195
-86
180
168
-99
-196
-21
146
109
-82
-150
-5
118
60
-109
-103
53
76
-19
-62
-25
36
20
-44
-40
41
86
-16
-103
-53
109
123
-64
-118
5
99
33
-49
-53
22
63
7
-65
10
116
-9
-158
12
127
40
-56
-74
-11
53
31
-4
-29
-28
44
52
-45
-83
38
110
-6
-105
-53
119
74
-112
-76
48
54
-25
-64
-5
91
31
-160
-80
157
139
-105
-203
37
218
48
-188
-100
155
146
-67
-136
15
111
38
-56
-49
20
50
23
-26
-26
33
24
-49
-47
22
91
20
-99
-68
48
93
-6
-93
-20
74
23
-65
-44
44
29
-30
-87
17
110
10
-83
-65
4
109
57
-103
-96
80
119
-46
-145
23
148
1
-152
-50
104
116
-55
-153
9
162
36
-104
-45
73
62
-41
-85
26
150
12
-152
-63
169
91
-115
-113
30
110
36
-87
-77
27
68
8
-75
-45
30
46
-3
-50
-33
33
15
-34
-26
45
78
-37
-107
-16
136
74
-127
-111
87
135
-29
-135
5
140
38
-107
-72
94
144
-71
-178
15
160
85
-99
-145
49
140
13
-110
-63
71
101
-38
-121
0
122
55
-75
-77
19
78
16
-75
-62
22
64
0
-63
-13
60
-23
-129
3
148
36
-157
-93
105
113
-13
-114
-45
84
78
-30
-67
-25
88
76
-69
-71
58
56
-5
-52
13
63
-12
-77
-31
41
79
-1
-90
-45
71
71
-54
-61
12
44
17
-29
-47
-9
39
2
-53
6
84
10
-64
-71
-14
115
38
-78
-83
61
102
-38
-102
29
124
-7
-127
-40
91
87
-59
-130
35
161
11
-117
-34
117
50
-97
-101
116
178
-50
-206
-29
209
110
-156
-147
77
139
0
-139
-82
97
80
-48
-104
-27
71
54
-41
-73
-1
62
17
-54
-44
43
79
-8
-110
-39
110
99
-75
-128
45
116
-6
-78
-6
60
42
-63
-51
90
86
-76
-114
42
82
53
-37
-96
-31
95
62
-74
-87
58
110
-55
-106
47
111
-32
-109
25
88
1
-77
-20
38
-5
-33
-21
34
51
11
-97
-92
53
127
-1
-133
-77
89
137
0
-142
-94
143
146
-59
-139
-4
137
91
-100
-107
63
99
6
-91
-21
109
29
-110
-70
83
128
-37
-148
-14
128
54
-95
-80
32
86
-8
-79
-14
21
19
-21
-36
48
50
-31
-56
-45
20
78
19
-63
-29
44
47
-36
-60
2
85
7
-97
-19
67
47
-54
-73
44
84
-11
-67
-8
63
33
-55
-53
87
125
-74
-144
26
162
29
-143
-83
69
104
9
-114
-87
72
88
-36
-88
-30
50
41
-17
-34
-36
17
25
-5
-12
19
44
-27
-84
19
122
13
-131
-35
115
80
-67
-102
9
107
62
-87
-84
90
132
-73
-155
18
146
87
-96
-158
39
157
15
-136
-55
116
97
-77
-131
38
112
40
-85
-77
46
107
-20
-83
-38
35
37
-27
-33
20
21
-71
-56
56
84
-55
-114
17
87
45
-41
-82
6
117
36
-79
-71
50
114
-9
-101
-14
77
26
-34
-36
38
42
-40
-61
3
67
39
-49
-98
20
97
10
-75
-42
16
58
-10
-29
-26
34
35
-88
-66
93
100
-38
-134
-54
114
137
-74
-162
18
164
43
-169
-68
136
109
-111
-122
69
132
9
-140
-50
140
73
-83
-62
49
78
-9
-99
-7
143
80
-110
-142
78
178
-2
-159
-53
101
69
-38
-85
-23
39
44
11
-60
-73
30
79
1
-89
-57
76
59
-40
-49
39
49
-49
-78
60
118
-26
-113
-8
85
41
-41
-49
15
74
4
-80
1
104
52
-109
-120
87
136
-15
-131
-46
104
56
-70
-82
50
85
-22
-104
-24
114
74
-67
-105
19
115
11
-123
-55
79
69
-51
-89
26
89
1
-121
-68
108
106
-72
-125
-6
108
100
-76
-160
24
181
52
-114
-109
80
144
-18
-117
-23
94
62
-58
-53
53
50
-32
-82
7
86
24
-68
-68
43
90
-11
-95
-12
63
26
-28
-52
-15
35
38
-56
-44
57
44
-20
-62
-43
50
86
-9
-89
-10
78
30
-63
-41
52
78
-67
-86
39
72
3
-91
-19
96
60
-70
-71
66
88
-41
-121
27
196
36
-198
-85
161
127
-62
-163
-14
118
69
-66
-94
-3
54
28
-27
-69
-27
52
29
-29
-61
-9
54
-13
-32
20
46
-23
-56
-24
73
66
-49
-97
22
101
13
-82
-69
68
145
-42
-153
11
166
39
-142
-87
92
123
23
-140
-93
96
142
-64
-151
8
136
45
-102
-71
77
108
-45
-119
13
106
23
-100
-41
65
16
-57
-29
56
52
-52
-100
-10
82
56
-32
-109
-33
107
115
-70
-142
24
158
24
-109
-74
62
128
14
-102
-69
77
95
-15
-95
2
80
18
-88
-30
82
73
-81
-130
61
152
-39
-145
-21
111
76
-87
-112
43
106
-21
-138
-15
154
68
-115
-125
20
139
59
-126
-95
59
127
-5
-132
-41
128
79
-124
-102
65
130
-27
-148
19
134
36
-87
-54
89
69
-79
-86
69
157
-31
-185
-14
171
85
-89
-112
9
77
50
-39
-109
-3
52
32
-17
-50
-5
20
-10
6
-42
-3
46
-13
-61
38
95
-26
-107
-28
113
108
-82
-133
39
122
7
-68
-57
49
101
-22
-97
24
134
-5
-163
-14
103
112
-32
-145
-22
126
66
-101
-88
74
107
-30
-111
-43
110
91
-73
-100
23
96
5
-102
-36
69
33
-63
-60
25
91
-14
-153
-38
131
78
-110
-102
57
114
21
-94
-94
83
128
-39
-118
20
102
38
-52
-67
-2
74
51
-28
-58
15
44
-1
-52
-6
70
30
-89
-62
113
62
-114
-67
76
62
-35
-40
-30
12
45
-13
-57
-17
82
70
-42
-132
-33
154
88
-119
-126
88
144
-31
-146
-21
171
38
-169
-84
110
124
-44
-145
8
142
34
-113
-24
112
47
-102
-97
111
179
-64
-198
3
189
75
-130
-104
28
103
32
-78
-79
2
64
54
-44
-118
4
101
33
-95
-85
59
74
-46
-54
47
87
-58
-109
40
120
-9
-101
-12
77
27
-21
-46
-12
40
72
-24
-83
34
110
-28
-137
-3
109
75
-42
-110
-20
86
63
-60
-113
41
131
-3
-145
-25
151
67
-103
-105
56
130
-33
-147
-8
107
45
-107
-58
97
84
-127
-163
93
207
-35
-195
-44
132
116
-60
-128
-7
122
71
-55
-67
18
69
33
-31
-39
29
33
-4
-15
10
18
-9
-42
-2
52
42
-34
-85
0
101
38
-92
-45
39
58
-29
-50
-5
37
25
-55
-58
52
109
-15
-115
-97
73
162
-27
-151
-34
134
89
-117
-119
76
165
-35
-180
-41
139
102
-94
-116
68
102
-12
-84
6
69
23
-67
-49
91
110
-62
-128
36
137
20
-106
-75
28
83
45
-96
-104
28
108
20
-131
-61
99
71
-65
-65
3
70
-45
-75
40
73
14
-70
-59
50
111
-5
-90
-31
57
46
-18
-20
-11
-4
50
23
-44
34
74
-64
-87
26
95
66
-66
-124
4
142
44
-129
-77
107
91
-76
-120
71
149
-37
-134
-26
137
69
-125
-95
78
65
-32
-70
-19
75
76
-83
-164
45
165
-7
-143
-71
104
132
-43
-145
-19
143
55
-103
-37
68
45
-17
-35
-10
41
58
-17
-78
24
69
-3
-66
-35
66
84
-51
-129
-1
123
41
-85
-55
39
72
4
-78
-45
53
25
-53
-31
53
43
-16
-47
-66
30
126
29
-126
-71
101
108
-90
-109
67
112
-42
-111
7
102
24
-71
-57
65
80
-27
-52
7
58
1
-60
-28
115
102
-94
-138
60
152
27
-135
-98
88
124
-31
-145
-44
106
75
-70
-104
40
78
-34
-73
4
67
6
-88
-20
92
43
-54
-43
-5
24
50
33
-61
-71
61
83
-34
-70
-5
84
66
-81
-88
94
120
-90
-150
19
160
88
-109
-144
39
147
6
-133
-45
104
74
-53
-109
21
124
26
-108
-61
83
74
-83
-79
34
57
-5
-79
-15
93
37
-142
-133
137
198
-93
-219
19
169
69
-113
-113
51
141
5
-94
-13
40
46
12
-29
-6
4
4
28
-2
11
11
-31
-27
6
53
39
-64
-91
29
127
-7
-109
-24
65
48
-33
-86
18
74
-1
-116
-41
142
111
-94
-159
-22
147
114
-108
-145
54
166
-7
-157
-48
133
103
-102
-147
46
124
23
-106
-73
80
90
-19
-65
3
81
-4
-85
-22
127
78
-107
-94
52
120
13
-129
-65
88
79
-24
-91
-41
66
50
-59
-54
8
33
-6
-19
-2
5
-6
-38
-13
54
56
-60
-64
18
73
39
-61
-60
31
69
-21
-49
8
24
49
8
-96
-6
137
46
-153
-92
131
144
-33
-153
-46
109
99
-80
-126
42
136
22
-135
-82
125
109
-67
-116
39
89
25
-88
-60
54
67
-30
-88
-17
97
59
-145
-130
131
167
-82
-192
18
173
78
-119
-147
70
153
-1
-102
-47
72
93
-9
-84
-22
49
64
-21
-66
28
53
-10
-57
-25
62
54
-75
-84
57
93
-32
-74
-14
60
30
-59
-29
48
13
-66
-54
59
102
-29
-81
-45
13
73
41
-43
-84
37
100
-13
-104
-19
92
46
-75
-79
25
83
30
-89
-43
91
67
-42
-75
28
96
-16
-128
-12
215
77
-201
-129
160
197
-69
-227
-27
167
92
-97
-140
15
144
24
-109
-86
21
88
10
-59
-65
20
61
-21
-70
38
103
-17
-121
-36
109
116
-82
-143
45
135
3
-115
-40
88
86
-29
-101
29
136
-20
-145
-37
121
94
-47
-120
-6
79
63
-73
-71
29
104
-11
-128
-42
143
108
-113
-135
58
146
-1
-128
-27
79
12
-64
-36
66
69
-69
-157
14
173
40
-178
-97
99
154
-20
-144
-66
138
103
-87
-83
15
98
42
-70
-24
55
31
-7
-48
-5
58
15
-52
-54
38
79
24
-97
-80
82
98
-41
-85
8
54
9
-48
-12
12
21
-8
-64
26
77
16
-47
-96
-23
119
77
-87
-103
63
90
-19
-97
-16
91
50
-88
-73
55
113
-43
-135
16
134
20
-90
-37
75
79
-51
-109
48
146
4
-133
-52
107
118
-41
-146
-22
91
69
-42
-117
-9
96
20
-72
-65
39
58
-19
-49
-38
39
33
-40
-34
60
56
-48
-93
15
129
35
-127
-58
121
68
-92
-48
45
69
35
-83
-67
66
150
-36
-184
-25
165
110
-81
-157
-5
144
57
-127
-73
100
98
-58
-134
12
166
41
-139
-95
94
129
-34
-135
-18
57
38
-13
-50
-28
62
18
-97
-58
102
78
-64
-108
-1
106
58
-97
-100
96
132
-37
-139
-8
157
53
-120
-68
88
87
-47
-66
35
76
-32
-79
-24
57
80
-7
-106
-50
90
86
-60
-93
11
87
21
-94
-61
64
75
-77
-141
63
182
22
-175
-123
109
183
-46
-199
-8
178
69
-146
-113
100
158
-46
-181
-19
140
77
-119
-107
90
118
-28
-89
-17
92
46
-83
-70
93
133
-48
-136
-3
128
58
-74
-111
-12
111
93
-90
-154
17
120
39
-91
-101
25
113
10
-89
-67
85
29
-70
-17
78
39
-70
-87
56
128
-5
-106
-41
90
53
-52
-42
0
68
34
-74
-21
84
85
-80
-137
34
141
52
-79
-126
25
137
17
-135
-72
125
108
-100
-154
66
204
-13
-196
-41
156
73
-125
-110
73
101
-33
-118
-28
113
85
-114
-179
64
192
2
-167
-84
74
152
19
-149
-104
114
170
-31
-165
-35
130
101
-52
-122
18
118
19
-88
-18
81
12
-95
-37
94
70
-60
-99
19
109
9
-84
-28
37
40
-17
-38
-11
3
8
-10
-55
35
85
10
-71
-106
29
133
26
-112
-51
95
70
-96
-82
52
122
-36
-138
-12
126
83
-130
-99
130
100
-73
-86
32
104
7
-111
-39
159
112
-135
-156
89
172
-7
-128
-62
50
90
1
-72
-54
4
45
33
-46
-80
5
64
25
-59
-55
48
37
-35
-20
41
55
-55
-118
34
171
19
-175
-65
154
73
-93
-71
64
87
-32
-70
7
82
45
-90
-80
49
75
63
-64
-122
17
133
22
-119
-45
91
62
-60
-105
50
161
-12
-159
-54
138
100
-102
-102
50
68
-12
-88
-34
80
69
-103
-126
93
143
-61
-139
-30
99
118
-46
-140
-6
141
76
-86
-113
33
134
42
-83
-62
33
75
15
-52
-18
53
28
-79
-42
91
83
-93
-130
39
175
2
-177
-47
142
97
-111
-140
44
145
-23
-143
-40
122
97
-82
-139
-17
140
91
-108
-112
71
136
-31
-150
-26
142
91
-121
-124
58
131
-2
-138
-15
128
26
-83
-24
84
35
-64
-52
52
114
15
-121
-67
108
97
-28
-100
-40
42
91
-5
-94
-48
55
55
-27
-80
-22
48
44
-17
-52
-18
52
5
-52
-1
62
43
-70
-87
68
157
-29
-184
-13
169
58
-130
-79
80
111
-25
-88
-15
132
60
-160
-102
104
157
3
-148
-87
107
129
-50
-131
23
113
8
-105
-50
101
69
-72
-74
21
91
25
-96
-56
50
47
-23
-66
-12
95
28
-140
-103
117
144
-90
-159
13
139
65
-101
-97
50
103
13
-63
-44
50
83
-9
-98
-20
75
78
-26
-101
45
73
-53
-101
25
120
23
-113
-88
79
123
-46
-107
6
75
13
-55
-51
55
61
-59
-128
13
167
49
-134
-117
38
162
23
-147
-62
133
76
-102
-96
71
110
2
-138
-60
100
114
-68
-124
31
128
9
-87
-26
83
71
-41
-115
14
162
53
-139
-100
110
133
-29
-138
-43
82
79
-15
-109
-53
62
83
-31
-111
-11
84
22
-57
-55
33
57
-55
-18
52
35
-37
-84
1
83
53
-45
-74
21
60
-5
-32
-13
38
40
-44
-42
61
127
-45
-196
-26
200
91
-116
-142
41
149
15
-151
-74
122
104
-72
-140
14
170
37
-124
-79
85
114
-55
-114
7
52
28
-29
-88
-7
113
37
-159
-82
146
102
-130
-142
76
152
0
-133
-54
108
82
-51
-54
6
33
54
2
-39
-11
3
45
13
-28
6
-3
4
-5
0
25
7
-24
-31
18
52
-13
-28
7
-2
0
3
-30
-26
42
7
-77
-24
117
49
-71
-113
1
125
49
-123
-53
115
89
-95
-116
45
130
22
-137
-68
97
90
-42
-98
-7
111
42
-44
-58
18
81
-19
-93
8
124
40
-106
-65
75
104
-9
-145
-70
149
108
-115
-152
54
127
-5
-119
-13
70
-12
-49
-2
3
2
-7
-1
23
10
8
-21
-36
-16
59
80
-42
-98
-12
90
45
-37
-67
11
107
-1
-106
7
178
-8
-195
-43
145
119
-72
-136
-7
110
61
-84
-86
76
88
-42
-100
25
115
8
-102
-51
80
122
-71
-122
4
83
14
-88
-33
70
83
-84
-158
37
157
10
-146
-73
79
105
21
-104
-90
92
134
-34
-109
-20
86
69
-44
-79
41
60
-3
-51
1
93
-22
-91
-41
86
92
-42
-122
-31
112
62
-88
-77
74
63
-54
-65
11
47
2
-38
-52
21
98
9
-87
-92
45
141
7
-136
-41
134
41
-107
-59
57
101
-21
-133
-17
104
56
-87
-72
69
96
-39
-63
6
64
36
-46
-76
53
162
-12
-163
-10
139
64
-89
-107
40
109
27
-100
-72
53
51
-27
-48
1
11
11
25
-41
-60
16
37
-7
-26
26
59
-24
-105
12
127
21
-115
-52
114
74
-85
-54
46
53
18
-52
-54
91
88
-71
-129
0
129
96
-67
-165
26
163
-2
-175
-36
164
95
-136
-159
87
184
-18
-168
-33
132
69
-80
-81
2
39
29
-34
-67
32
84
-44
-137
6
140
22
-124
-83
66
118
2
-113
-45
103
60
-43
-32
-18
41
47
-32
-20
41
7
-27
-16
56
24
-69
-39
33
68
41
-71
-84
39
99
-9
-120
-12
101
40
-66
-57
32
39
-1
-59
-61
79
101
-30
-113
-68
80
122
-23
-138
-12
149
44
-147
-85
117
131
-72
-155
9
138
51
-104
-100
84
117
-18
-81
-23
89
47
-96
-78
126
150
-65
-166
-5
159
57
-106
-103
35
83
40
-84
-81
40
65
-6
-62
-37
25
37
-26
-26
-3
2
-42
-1
61
23
-43
-33
7
43
58
-39
-100
13
105
0
-83
-4
55
24
-7
-53
-28
105
76
-96
-119
29
140
69
-117
-149
85
179
-38
-190
-20
184
71
-149
-132
121
156
-36
-167
-27
144
87
-116
-102
53
83
-30
-77
-9
81
33
-111
-124
115
166
-70
-188
-2
168
81
-93
-116
30
143
16
-102
-45
70
80
-12
-50
-5
22
56
-6
-67
25
80
-1
-83
-32
40
79
-4
-117
-44
112
80
-64
-96
11
70
21
-49
-48
13
58
-54
-85
74
92
-43
-80
-41
60
82
-23
-93
14
87
-2
-92
-29
87
80
-93
-118
51
116
7
-131
-40
140
66
-100
-57
67
84
-20
-117
-24
148
87
-91
-131
63
131
1
-117
-66
64
104
2
-109
-82
38
87
33
-101
-95
64
106
-16
-127
-33
102
23
-63
-20
60
25
-53
-48
51
93
-12
-118
-4
115
27
-88
-48
71
89
-31
-91
19
131
19
-150
-85
135
122
-26
-138
-38
102
84
-70
-101
43
107
-23
-98
-43
95
77
-68
-66
22
76
17
-72
-45
31
11
-18
-41
26
23
-2
-63
-64
38
96
-26
-98
-67
77
146
-17
-162
-39
148
102
-84
-121
33
122
26
-86
-37
47
50
-17
-44
21
53
-10
-69
-19
97
43
-114
-76
82
102
-62
-88
37
53
-21
-48
4
26
-5
-27
-39
13
82
29
-74
-81
-18
99
73
-68
-85
47
106
-29
-108
24
101
22
-111
-42
52
74
-10
-115
1
120
46
-55
-65
30
91
-3
-104
-6
123
72
-106
-104
61
129
-8
-114
-57
84
82
-36
-112
4
62
12
-41
-44
1
21
10
-19
-31
-17
55
-1
-46
7
69
22
-95
-78
96
145
-59
-180
23
170
19
-132
-51
107
105
-69
-133
45
169
17
-188
-75
143
125
-34
-152
-46
120
72
-86
-87
39
98
25
-80
-87
62
124
-20
-116
-22
88
45
-71
-27
-2
5
4
-7
-11
41
14
-93
-53
90
69
-67
-104
9
93
89
-55
-142
23