#4
204
-165
-392
-172
187
194
-174
-448
-157
337
185
-338
-412
3
332
76
-364
-313
146
330
-86
-460
-197
292
252
-235
-444
-71
329
110
-303
-310
-10
193
69
-226
-315
-39
261
66
-369
-336
120
286
-56
-401
-255
201
277
-194
-456
-88
289
123
-298
-355
6
290
86
-364
-336
101
305
8
-406
-272
194
307
-88
-444
-168
317
261
-245
-452
-23
376
148
-372
-414
146
438
-15
-505
-285
268
362
-118
-513
-190
359
276
-343
-490
40
415
86
-467
-410
182
408
-22
-506
-336
230
375
-102
-504
-206
321
264
-250
-449
-15
393
105
-396
-353
163
367
-21
-415
-258
244
309
-164
-397
-75
256
159
-208
-306
-27
245
119
-232
-299
12
266
64
-289
-252
92
236
-18
-344
-210
153
222
-92
-366
-176
195
251
-142
-443
-134
344
210
-306
-448
20
395
117
-429
-351
203
322
-97
-392
-179
270
297
-189
-460
-74
368
263
-286
-429
17
406
155
-368
-342
154
335
-2
-396
-240
258
327
-157
-479
-114
378
228
-288
-431
18
379
126
-388
-386
157
411
-67
-465
-191
280
292
-156
-461
-132
331
241
-272
-398
33
352
105
-350
-318
136
334
24
-364
-252
224
337
-75
-394
-145
288
268
-190
-397
-36
326
180
-228
-303
20
276
89
-262
-269
98
290
-21
-308
-206
126
267
-44
-359
-197
181
220
-116
-339
-99
218
149
-210
-305
39
284
68
-314
-303
161
321
-14
-367
-229
218
283
-72
-353
-135
272
252
-183
-391
-36
385
180
-344
-370
137
414
25
-405
-255
239
384
-101
-482
-167
371
316
-251
-466
-29
404
183
-358
-402
117
402
-10
-469
-231
307
292
-180
-388
-60
269
143
-229
-303
-6
268
160
-244
-406
43
434
128
-401
-291
188
326
-29
-347
-121
265
217
-181
-306
24
287
133
-239
-304
74
303
72
-270
-246
80
261
41
-288
-212
179
265
-88
-352
-127
253
192
-157
-325
-77
266
190
-210
-337
-15
306
119
-279
-308
95
325
25
-340
-221
201
292
-71
-364
-130
293
258
-198
-362
37
371
150
-317
-331
150
378
21
-386
-221
316
371
-174
-474
-85
438
242
-295
-389
66
384
57
-363
-236
182
295
-56
-394
-185
243
286
-111
-398
-158
293
265
-176
-405
-30
382
137
-337
-288
179
331
-35
-346
-167
268
271
-148
-299
-43
253
148
-165
-226
-7
214
138
-171
-248
34
291
113
-291
-245
189
280
-75
-304
-103
220
197
-146
-305
-42
250
145
-197
-309
-14
277
132
-243
-315
60
339
81
-341
-332
162
388
-7
-402
-199
247
279
-122
-354
-81
317
243
-239
-349
30
364
209
-269
-381
101
441
82
-401
-243
254
341
-88
-407
-105
354
246
-286
-399
90
389
105
-337
-328
154
371
-17
-374
-226
272
327
-173
-377
-71
297
201
-229
-332
41
326
62
-293
-223
144
286
-8
-310
-169
213
282
-45
-333
-140
278
284
-110
-363
-50
320
215
-206
-327
34
336
146
-246
-266
80
313
45
-290
-189
211
293
-123
-363
-84
285
206
-199
-290
-15
233
108
-194
-223
11
191
79
-191
-227
75
271
47
-311
-246
211
357
-70
-434
-129
335
282
-207
-378
31
385
147
-336
-312
201
395
-8
-388
-203
273
342
-115
-375
-66
304
233
-181
-355
-18
336
206
-299
-389
106
433
76
-429
-300
264
355
-116
-421
-120
316
239
-216
-349
35
316
56
-305
-201
156
254
-25
-298
-167
196
254
-66
-249
-79
181
180
-106
-234
11
229
132
-165
-228
51
302
104
-279
-225
142
263
32
-248
-184
114
250
16
-305
-174
232
258
-139
-355
-65
322
185
-251
-345
80
348
43
-313
-208
157
260
-47
-292
-151
185
266
-69
-292
-128
224
265
-125
-358
-35
352
231
-273
-344
142
423
49
-395
-206
288
340
-135
-421
-43
412
230
-271
-336
44
348
181
-246
-342
54
391
76
-383
-250
244
356
-129
-461
-78
378
229
-286
-408
65
380
135
-339
-275
179
289
-20
-287
-120
188
211
-89
-266
-64
259
191
-152
-252
13
223
116
-123
-209
-2
260
122
-213
-218
87
304
50
-293
-174
203
241
-78
-278
-80
212
202
-145
-294
5
256
118
-227
-279
54
301
95
-290
-276
136
351
26
-405
-242
283
346
-133
-391
-82
338
198
-232
-329
99
385
56
-332
-215
204
349
26
-357
-210
270
374
-69
-407
-108
320
295
-189
-398
23
399
154
-365
-330
227
420
-34
-432
-211
291
335
-131
-403
-69
339
178
-218
-292
16
286
129
-246
-285
108
331
6
-293
-182
192
281
-85
-322
-74
270
224
-167
-290
20
296
149
-169
-239
40
257
137
-190
-241
61
275
147
-204
-270
103
340
21
-334
-144
274
246
-168
-329
-34
320
170
-251
-331
39
317
118
-274
-268
115
282
5
-305
-170
204
289
-77
-378
-102
330
291
-205
-408
8
406
166
-313
-302
170
388
50
-393
-232
320
372
-117
-414
-116
378
313
-209
-407
13
426
189
-347
-369
161
466
45
-444
-246
289
353
-98
-397
-138
266
265
-163
-368
-29
297
136
-220
-240
87
209
20
-170
-144
74
199
25
-247
-197
179
276
-6
-273
-175
221
301
-117
-301
18
318
90
-264
-175
215
256
-70
-263
-64
204
152
-68
-186
-61
118
154
-15
-208
-90
198
167
-149
-284
-1
289
142
-238
-289
90
328
33
-287
-180
153
261
-33
-329
-146
282
270
-156
-360
-50
362
235
-274
-346
133
414
46
-378
-160
311
289
-139
-363
-19
371
201
-271
-309
141
377
55
-317
-219
162
328
62
-341
-234
239
316
-103
-353
-87
279
209
-195
-330
8
318
131
-287
-291
102
313
90
-304
-237
161
285
3
-289
-142
201
251
-47
-307
-106
290
246
-168
-307
33
285
132
-171
-226
32
261
112
-196
-231
123
302
-4
-256
-135
178
222
-76
-251
-63
221
157
-146
-240
20
227
87
-237
-216
87
251
48
-265
-205
163
278
-50
-369
-144
311
271
-176
-357
-16
316
166
-236
-276
113
341
33
-306
-193
239
362
-59
-393
-145
361
334
-179
-393
-28
388
238
-296
-357
136
428
52
-448
-201
330
338
-143
-425
-78
346
229
-213
-363
37
356
102
-272
-248
112
295
26
-301
-173
185
250
-89
-243
-67
177
173
-100
-213
-25
207
166
-143
-231
29
264
162
-192
-237
64
301
98
-267
-218
170
325
23
-298
-174
218
289
-89
-326
-20
300
151
-209
-282
44
322
83
-264
-247
74
276
65
-248
-225
89
278
19
-299
-171
222
299
-121
-404
-20
389
189
-282
-315
115
363
72
-302
-207
212
305
-42
-333
-111
312
247
-165
-331
4
346
195
-234
-306
97
384
63
-363
-224
245
356
-82
-376
-119
277
257
-140
-348
-58
287
176
-217
-290
46
288
111
-259
-233
119
222
7
-227
-147
151
265
-60
-359
-93
341
226
-197
-294
25
302
134
-211
-168
116
203
0
-172
-76
139
183
-41
-189
-68
124
199
-7
-243
-136
185
245
-85
-312
-37
281
141
-233
-265
107
279
68
-268
-231
173
294
-51
-316
-100
225
221
-125
-309
-43
307
182
-206
-310
51
355
123
-295
-259
187
367
-27
-350
-90
302
270
-169
-331
32
314
149
-218
-245
138
293
24
-247
-169
161
278
10
-304
-166
253
238
-142
-293
-30
275
130
-255
-238
130
282
-13
-300
-181
189
294
-52
-325
-103
207
207
-61
-256
-80
214
198
-126
-266
30
299
95
-223
-194
129
232
26
-192
-125
128
199
-31
-190
-57
149
152
-57
-169
-55
133
135
-47
-161
-48
130
110
-74
-183
-39
176
103
-185
-233
102
278
-9
-317
-136
267
237
-188
-362
9
368
145
-293
-280
130
296
41
-276
-164
220
244
-77
-280
-59
290
242
-162
-298
4
330
189
-230
-280
103
328
62
-300
-181
197
275
-63
-307
-85
260
212
-142
-290
-32
257
150
-186
-231
62
230
48
-192
-173
95
237
-5
-250
-145
179
208
-79
-255
-60
252
152
-178
-216
63
255
57
-211
-132
133
216
20
-195
-114
142
216
-8
-242
-102
184
259
-35
-310
-92
299
217
-191
-282
59
310
80
-283
-232
163
304
-20
-273
-193
122
270
4
-292
-165
177
240
-90
-303
-47
292
184
-253
-298
132
362
36
-358
-202
254
316
-63
-338
-91
290
255
-173
-327
33
363
131
-259
-260
149
327
32
-319
-183
248
320
-103
-354
-69
322
246
-221
-325
24
323
115
-257
-253
78
277
55
-257
-199
115
267
-10
-277
-121
166
185
-86
-219
-51
193
155
-145
-251
47
263
107
-170
-234
31
297
136
-221
-218
146
277
-28
-231
-57
219
171
-121
-215
-15
206
167
-118
-262
-48
284
196
-217
-307
84
336
45
-315
-208
172
296
-28
-344
-137
268
257
-144
-348
-47
303
184
-218
-292
57
321
117
-264
-296
141
398
34
-384
-186
299
333
-144
-351
1
360
195
-278
-282
132
343
49
-283
-164
219
265
-57
-270
-96
228
244
-109
-294
-51
246
162
-131
-253
-5
254
80
-250
-204
130
255
-26
-295
-142
225
242
-125
-273
-36
200
167
-118
-190
10
176
69
-162
-129
130
196
-18
-164
-74
87
126
74
-126
-176
102
241
10
-248
-90
216
186
-104
-246
-21
231
128
-145
-208
38
220
85
-210
-219
111
263
-47
-303
-115
232
218
-152
-301
-11
290
154
-245
-326
104
335
64
-285
-208
140
262
19
-249
-154
211
254
-89
-292
-39
341
194
-257
-311
136
400
56
-312
-203
196
313
-57
-329
-66
277
179
-193
-262
60
274
89
-227
-219
114
252
14
-265
-122
171
161
-51
-199
-93
157
161
-67
-213
-66
188
139
-129
-191
15
206
86
-149
-175
64
237
51
-193
-149
140
261
2
-235
-116
198
215
-66
-243
-59
219
232
-100
-296
-15
282
142
-195
-212
114
231
12
-244
-166
180
254
-68
-315
-128
217
231
-116
-319
-60
263
170
-188
-258
31
291
109
-307
-221
216
329
-76
-366
-84
313
242
-159
-307
1
316
166
-240
-281
153
329
9
-280
-157
208
274
-40
-298
-102
261
246
-170
-318
8
333
124
-249
-247
110
293
0
-291
-154
176
227
-80
-271
-76
196
178
-110
-237
-32
178
111
-100
-197
-10
198
113
-186
-203
104
240
53
-182
-173
72
234
72
-167
-151
100
224
38
-191
-112
188
196
-111
-266
-3
297
165
-239
-285
92
356
66
-329
-211
232
281
-118
-311
-63
244
215
-153
-327
5
283
151
-218
-287
78
313
59
-297
-243
197
317
-27
-342
-163
310
297
-160
-351
-3
324
163
-206
-218
99
288
82
-244
-206
150
328
-18
-318
-90
284
227
-142
-292
-6
278
161
-172
-265
27
274
109
-218
-217
105
219
-50
-226
-90
159
148
-87
-193
-74
162
176
-107
-219
-17
200
113
-140
-161
50
176
35
-141
-119
106
177
25
-170
-110
118
208
15
-242
-128
208
239
-97
-279
-17
288
138
-184
-224
62
235
90
-170
-218
78
238
21
-216
-155
135
219
-77
-289
-91
248
206
-180
-305
42
294
73
-269
-201
143
269
-17
-290
-120
177
207
-21
-235
-65
211
145
-149
-200
71
280
82
-244
-187
169
312
-7
-288
-119
213
220
-104
-220
-38
200
136
-149
-188
58
208
50
-205
-176
121
217
-42
-249
-41
172
100
-78
-155
-34
158
98
-126
-180
20
184
67
-154
-144
77
181
12
-151
-99
112
151
-24
-136
-68
128
197
-20
-185
-82
162
184
-68
-216
-14
216
170
-142
-236
40
256
96
-190
-171
99
216
-12
-248
-97
208
170
-118
-249
-62
215
153
-126
-268
-38
247
127
-183
-231
70
291
8
-295
-120
243
229
-132
-302
-20
314
166
-215
-238
92
282
65
-246
-149
166
204
-31
-217
-86
206
197
-104
-236
7
248
90
-166
-199
97
253
-8
-217
-111
118
162
-23
-187
-111
80
181
-22
-193
-105
132
189
-69
-227
-70
148
161
-78
-216
-29
196
120
-174
-199
77
256
90
-254
-240
196
332
-30
-293
-94
264
192
-149
-197
70
218
43
-161
-140
51
230
68
-207
-206
132
294
-17
-291
-105
187
192
-90
-254
-76
238
194
-172
-290
45
287
93
-245
-229
97
279
49
-303
-174
222
269
-91
-316
-61
308
195
-200
-292
79
315
87
-217
-173
151
276
-23
-269
-90
234
197
-134
-215
44
232
72
-163
-171
76
239
61
-213
-168
116
187
2
-169
-116
105
113
-69
-129
-46
98
83
-60
-174
-36
194
94
-136
-174
17
165
118
-107
-184
12
204
72
-174
-126
119
206
-6
-202
-95
151
211
-40
-209
-64
178
195
-74
-249
-15
265
150
-197
-242
89
258
61
-227
-172
146
230
-56
-249
-87
185
149
-143
-225
8
215
86
-166
-198
52
237
47
-260
-198
172
289
-39
-325
-119
256
223
-151
-264
63
234
54
-167
-143
137
261
-45
-233
-78
232
203
-115
-231
-30
245
140
-156
-188
51
198
16
-169
-62
103
129
-48
-162
-51
111
84
-59
-105
-29
71
76
-16
-117
-64
85
91
-55
-139
-15
125
91
-111
-171
63
186
19
-177
-81
144
157
-61
-158
-19
184
121
-96
-144
9
178
102
-103
-167
32
232
104
-196
-181
127
213
9
-181
-83
103
135
-31
-168
-43
150
103
-107
-238
-14
247
120
-210
-238
74
223
46
-205
-149
124
203
-56
-238
-39
238
143
-167
-207
66
209
58
-145
-138
73
222
28
-215
-106
167
190
-53
-214
-37
203
141
-110
-189
25
206
41
-178
-130
142
197
-60
-207
-62
164
109
-103
-148
-36
90
103
-45
-149
-81
134
144
-82
-209
-60
151
172
-128
-207
32
208
14
-201
-85
137
179
-31
-214
-54
179
143
-30
-151
-27
114
131
-30
-134
-10
153
62
-125
-120
104
189
-14
-209
-111
179
203
-56
-254
-64
217
162
-153
-251
5
274
123
-271
-224
180
274
-44
-309
-127
243
235
-155
-290
0
281
131
-176
-242
51
291
90
-242
-187
174
258
-34
-211
-44
195
140
-112
-155
34
178
70
-122
-95
63
144
37
-128
-123
94
205
9
-218
-106
134
149
-27
-167
-92
97
106
-52
-138
-39
81
88
-48
-167
-28
170
86
-132
-197
19
257
88
-234
-188
151
237
-70
-230
-4
213
106
-108
-152
8
149
118
-102
-164
24
189
102
-126
-172
53
210
77
-185
-194
108
273
43
-272
-179
201
240
-88
-283
-52
230
133
-193
-209
64
209
11
-187
-115
126
161
-85
-219
-16
202
116
-154
-203
16
218
108
-167
-160
107
187
0
-181
-72
172
169
-62
-175
-8
188
135
-92
-178
1
192
85
-107
-145
48
164
8
-159
-85
124
152
-58
-208
-46
185
117
-162
-144
57
120
26
-91
-100
32
100
-9
-115
-37
40
45
34
-67
-91
52
107
19
-120
-85
97
157
-26
-162
-37
205
147
-114
-178
24
200
78
-154
-149
106
246
13
-238
-110
179
195
-72
-201
-18
177
104
-160
-189
69
208
46
-215
-196
73
264
81
-292
-258
165
301
-33
-333
-106
329
176
-254
-262
148
321
-33
-299
-90
208
189
-86
-179
-9
160
125
-98
-158
43
133
55
-71
-109
31
146
70
-117
-125
83
148
2
-159
-53
149
104
-94
-165
-13
171
97
-131
-205
-15
203
85
-165
-183
52
200
41
-171
-163
35
194
42
-184
-131
124
163
-56
-184
-43
153
176
-87
-235
7
217
129
-88
-143
-22
135
143
-42
-168
-1
196
73
-162
-164
131
234
-36
-269
-91
252
197
-163
-262
25
252
73
-227
-196
131
273
-26
-300
-106
214
213
-103
-262
-61
217
178
-151
-274
48
292
100
-253
-225
150
286
0
-263
-107
195
214
-41
-206
-38
194
144
-124
-165
32
189
73
-113
-103
49
144
57
-146
-132
139
191
-47
-217
-68
143
147
-40
-167
-72
95
90
-51
-128
-29
95
37
-105
-97
51
115
19
-119
-110
73
144
34
-135
-141
81
189
-3
-168
-57
147
141
-52
-168
-51
213
146
-175
-210
71
261
74
-234
-178
163
260
0
-292
-140
223
266
-93
-308
-63
254
179
-180
-268
50
237
27
-223
-162
155
203
-76
-247
-56
229
140
-213
-236
94
268
28
-239
-178
111
258
17
-217
-81
144
135
-55
-109
19
122
68
-67
-98
23
158
76
-119
-144
59
188
32
-135
-112
72
158
2
-141
-81
100
123
-54
-162
-46
133
104
-84
-111
-32
99
95
-102
-129
25
94
36
-91
-96
36
124
36
-130
-74
51
125
3
-134
-62
119
119
-34
-133
7
180
89
-103
-181
35
256
59
-219
-138
198
251
-105
-255
-13
210
119
-101
-139
0
134
52
-135
-93
60
121
4
-166
-117
94
169
-19
-223
-121
170
198
-89
-266
-6
250
60
-223
-120
183
172
-95
-191
-28
161
152
-52
-182
-38
169
127
-100
-141
16
125
100
-56
-149
23
166
63
-124
-97
69
130
-15
-146
-18
118
72
-73
-128
-2
105
78
-84
-168
-27
157
81
-130
-162
42
189
26
-166
-146
60
191
7
-172
-110
91
155
-43
-157
-53
158
170
-113
-224
35
260
124
-190
-190
84
236
76
-169
-136
103
166
-3
-162
-67
160
139
-106
-216
8
238
120
-194
-212
52
242
37
-233
-155
145
246
-69
-278
-58
212
167
-128
-247
-20
208
141
-174
-225
97
259
36
-268
-162
209
262
-91
-269
-25
236
159
-111
-186
30
213
53
-108
-89
19
117
64
-41
-92
-9
121
74
-104
-108
97
167
-27
-196
-77
165
162
-131
-203
33
132
19
-107
-73
39
48
-18
-63
-54
17
82
72
-107
-178
54
230
85
-247
-188
167
247
-40
-227
-59
197
164
-108
-211
12
270
85
-213
-172
118
247
33
-250
-121
204
231
-117
-271
-15
256
173
-180
-291
60
298
53
-257
-187
177
196
-94
-240
-41
211
110
-138
-192
22
210
34
-198
-136
93
181
12
-172
-149
101
217
-18
-186
-39
117
112
-34
-105
10
112
79
-76
-113
61
158
53
-147
-128
95
169
12
-135
-81
96
97
-27
-102
-45
99
84
-80
-123
-14
97
46
-54
-74
-30
85
66
-61
-101
-23
75
43
-64
-96
-15
146
70
-125
-125
55
149
40
-142
-115
130
157
-49
-149
20
150
89
-91
-124
40
153
60
-163
-108
181
200
-129
-216
31
211
95
-121
-154
51
159
-7
-151
-57
98
100
-42
-190
-62
146
129
-99
-217
-9
187
80
-148
-148
78
163
-29
-157
-42
131
118
-71
-159
-17
155
147
-112
-159
60
163
18
-139
-32
84
86
-3
-93
-23
83
67
-22
-77
3
68
43
-39
-64
17
40
22
-27
-56
9
37
3
-43
-101
-16
102
65
-99
-142
48
147
6
-154
-131
81
171
-2
-176
-93
122
121
-63
-146
-19
204
104
-185
-179
113
257
60
-234
-145
156
224
-6
-206
-62
173
126
-83
-150
24
176
74
-159
-158
82
210
17
-212
-139
133
197
-45
-217
-85
199
123
-148
-139
30
133
59
-114
-148
20
162
49
-163
-119
110
179
-52
-221
-17
220
112
-147
-187
71
221
62
-132
-109
76
142
14
-103
-77
91
100
-1
-44
-22
39
64
-22
-77
5
114
55
-105
-113
17
133
56
-129
-118
62
91
-26
-88
-15
7
-4
8
-19
-44
7
50
60
-79
-139
57
191
30
-215
-119
176
188
-96
-215
53
240
53
-182
-171
135
249
-23
-245
-86
220
172
-129
-191
33
187
90
-127
-166
16
227
70
-216
-155
139
201
-48
-205
-77
144
123
-103
-200
3
175
48
-119
-123
35
89
-5
-71
-58
14
81
31
-82
-131
46
176
12
-133
-104
100
161
-21
-138
24
138
37
-109
-47
99
111
-21
-112
-26
88
78
-15
-77
-32
48
37
-7
-42
-32
26
51
-17
-89
-22
70
61
-22
-106
-53
114
95
-90
-141
15
116
54
-131
-124
78
183
-41
-176
-39
147
108
-92
-135
40
148
50
-108
-91
95
158
-8
-144
-33
125
93
-66
-115
30
173
44
-146
-105
81
149
59
-98
-175
42
198
4
-192
-81
163
121
-163
-197
72
197
24
-189
-144
100
158
-6
-174
-85
148
120
-108
-140
73
122
-24
-100
-24
55
68
29
-67
-63
73
104
-18
-93
-46
72
91
-24
-81
14
67
48
-22
-61
-6
66
57
-68
-79
51
77
-5
-85
-50
44
66
-11
-99
-68
58
70
-3
-98
-93
77
148
-49
-204
-81
189
181
-141
-234
22
212
54
-161
-126
112
196
-41
-195
-44
169
188
-56
-197
-25
156
137
-52
-145
-16
143
112
-72
-161
42
175
41
-202
-142
182
213
-70
-258
-66
222
134
-156
-203
40
221
41
-213
-122
138
156
-61
-202
-53
153
133
-120
-164
45
165
59
-158
-120
86
130
12
-111
-63
60
97
67
-50
-104
19
115
56
-86
-85
73
125
7
-96
-47
85
91
-60
-89
36
117
4
-107
-86
37
132
42
-138
-122
47
106
0
-104
-66
25
84
2
-112
-58
85
111
-39
-208
-31
212
129
-165
-193
61
225
33
-169
-95
120
169
-19
-187
-62
175
140
-113
-156
19
185
120
-130
-190
47
230
89
-210
-177
122
278
-14
-291
-98
213
177
-139
-226
44
187
12
-188
-131
132
169
-68
-172
-30
97
62
-63
-90
-9
63
72
-28
-148
-49
149
126
-67
-174
-4
179
95
-112
-108
71
145
3
-130
-44
137
125
-61
-133
-4
117
68
-43
-79
-20
36
68
10
-108
-54
93
83
-81
-148
21
166
28
-134
-153
96
173
-42
-181
-50
132
97
-64
-146
-34
150
114
-87
-162
-33
155
118
-100
-157
37
203
66
-190
-107
182
192
-93
-202
41
206
47
-147
-77
148
114
-46
-92
-47
55
134
57
-158
-146
137
176
-97
-175
7
162
40
-159
-126
72
152
-10
-171
-80
81
118
-6
-129
-63
66
57
-12
-32
-21
15
60
-1
-121
-12
155
79
-117
-131
100
151
-14
-116
-61
106
112
-59
-111
13
113
40
-65
-45
18
30
6
-3
-6
-24
5
36
-12
-76
-8
72
8
-120
-80
93
97
-71
-131
-21
100
87
-69
-199
-48
219
129
-159
-207
55
190
42
-189
-130
178
192
-110
-189
33
190
107
-93
-149
10
169
95
-110
-100
66
134
17
-143
-64
114
107
-38
-148
-13
126
103
-73
-180
-23
166
84
-122
-174
45
199
-2
-165
-84
103
139
-61
-168
-34
151
70
-111
-96
27
112
48
-98
-110
54
147
18
-133
-61
103
102
28
-71
-54
50
86
25
-61
-64
38
113
78
-107
-127
109
170
-84
-159
61
140
-13
-122
-77
77
157
-28
-191
-84
98
113
-42
-100
-47
24
49
11
-77
-60
51
108
-49
-149
-21
170
108
-140
-161
55
182
58
-141
-139
104
208
-18
-229
-55
239
130
-161
-182
73
217
55
-180
-143
115
224
-38
-226
-58
194
173
-127
-226
18
218
55
-166
-131
56
111
-4
-116
-59
70
54
-12
-73
-53
50
32
-30
-55
-37
60
91
-51
-170
8
175
67
-124
-108
56
141
8
-72
-10
47
58
-24
-46
20
67
57
-31
-79
-26
86
106
-20
-138
-48
116
129
-87
-193
9
186
61
-159
-158
52
168
39
-168
-136
139
140
-83
-154
-23
103
78
-75
-141
1
168
41
-137
-114
66
155
15
-125
-78
89
156
-17
-138
-5
125
77
-55
-108
20
112
54
-69
-78
67
115
23
-114
-95
70
195
19
-208
-100
177
141
-123
-161
47
134
-28
-170
-35
124
81
-99
-152
-2
123
69
-77
-103
29
69
19
-56
-28
47
15
-6
3
-23
-2
54
40
-32
-48
1
48
64
1
-94
-9
100
50
-73
-63
75
76
-3
-82
-55
48
99
14
-77
-81
56
87
-24
-107
-38
63
43
-87
-77
15
100
10
-138
-54
112
88
-107
-176
57
145
3
-123
-74
56
81
-2
-79
-21
83
60
-85
-84
60
130
50
-95
-108
44
171
65
-134
-117
98
177
-25
-181
-35
165
107
-125
-161
37
189
36
-157
-111
83
131
-10
-159
-65
132
77
-85
-83
10
85
33
-69
-80
17
71
2
-69
-32
37
65
-24
-83
13
64
33
-7
-36
-19
41
84
21
-77
-28
75
65
-16
-74
-7
78
61
3
-78
-25
69
54
-14
-48
10
27
5
-29
-76
16
117
11
-154
-119
103
151
-69
-176
-24
105
60
-69
-95
7
89
30
-92
-78
51
130
32
-145
-108
96
145
1
-137
-69
142
156
-113
-203
83
236
5
-211
-94
192
182
-89
-205
-20
207
112
-138
-162
44
194
34
-167
-91
95
115
-33
-107
-44
36
42
16
-88
-82
43
97
-11
-112
-56
50
55
-26
-58
-11
71
40
-86
-116
83
146
-16
-114
-37
75
75
5
-32
6
15
21
10
25
16
4
19
-16
-17
-24
58
108
-40
-177
-4
177
85
-141
-124
77
145
-29
-157
-55
86
110
-7
-170
-82
145
121
-70
-171
-42
143
109
-112
-176
47
176
30
-157
-129
114
200
-26
-202
-45
164
127
-87
-112
56
148
26
-108
-60
68
114
1
-119
-23
144
72
-101
-110
48
118
63
-73
-116
-21
134
67
-106
-109
41
118
-66
-120
7
93
12
-78
-96
4
85
37
-70
-42
-7
12
28
14
-10
-36
-8
44
10
-49
22
48
14
-27
-22
11
61
47
-46
-83
11
129
27
-127
-36
101
71
-19
-96
-23
76
45
-22
-56
-28
66
27
-78
-57
51
51
-55
-78
-26
33
78
-42
-118
-17
112
55
-135
-119
68
132
13
-145
-75
73
98
-5
-109
-22
129
32
-110
-49
106
130
-36
-125
-1
85
111
-1
-101
-60
98
121
-68
-123
35
104
16
-99
-52
89
81
-38
-97
-41
56
76
-39
-135
-9
153
26
-121
-78
42
108
0
-150
-63
114
110
-69
-126
12
96
50
-88
-82
70
94
-23
-58
3
36
20
58
8
-68
-13
70
77
-35
-70
15
64
71
-13
-69
-4
38
53
-12
-37
2
48
5
-81
-38
80
57
-64
-82
-51
60
87
-23
-130
-78
70
108
-48
-119
-30
116
77
-121
-145
84
226
-33
-251
-22
211
87
-132
-104
75
155
7
-162
-83
175
143
-111
-165
45
182
63
-124
-120
72
154
-20
-128
-31
94
92
-56
-124
2
86
35
-67
-77
-9
18
30
-21
-78
-2
60
28
-32
-64
-9
18
0
-19
-38
15
46
-6
-76
-33
77
61
2
-77
-76
69
117
-5
-55
-12
44
64
3
-34
11
63
14
-37
-30
15
68
43
-47
-75
-24
107
67
-115
-115
68
131
-20
-162
-63
109
152
-62
-237
-12
211
86
-166
-169
78
182
2
-181
-117
159
182
-75
-224
-44
236
127
-143
-181
36
206
80
-157
-96
112
182
-17
-186
-47
148
136
-73
-149
52
164
28
-103
-103
43
142
77
-139
-165
91
179
-37
-163
-40
129
65
-115
-120
36
119
-25
-128
-49
57
57
-8
-86
-43
64
43
-42
-13
41
-28
-34
63
28
-66
-19
93
67
-76
-100
40
144
19
-139
-60
128
115
-64
-112
50
115
14
-70
-64
15
81
42
-28
-103
-12
106
41
-105
-98
52
105
-56
-142
-30
113
61
-86
-109
58
128
-20
-178
-50
143
94
-91
-148
0
108
74
-48
-106
23
101
32
-92
-46
101
130
-45
-154
3
167
104
-89
-129
39
136
17
-103
-41
80
60
-32
-91
-12
90
62
-71
-103
12
78
24
-77
-70
58
51
-61
-30
3
6
17
5
-60
-41
50
59
-63
-42
17
43
-2
-60
7
43
15
-5
-18
5
9
45
52
-24
-61
15
85
55
-60
-63
20
104
66
-67
-94
37
85
17
-38
-6
12
1
5
-50
-32
46
50
-38
-113
-61
95
125
-58
-177
-36
148
60
-120
-125
96
161
-65
-174
0
167
76
-126
-119
53
119
48
-60
-95
23
152
65
-180
-92
157
133
-87
-142
12
173
56
-124
-85
69
136
-26
-115
-53
104
121
-68
-149
-36
120
85
-79
-122
-30
79
51
-58
-92
1
83
26
-77
-53
1
11
26
1
-44
-23
37
17
-67
-47
68
86
1
-99
-44
91
86
-21
-48
-1
53
21
4
-2
11
44
4
-45
-27
41
100
0
-127
-71
92
118
-23
-124
-58
96
77
-51
-111
-35
100
108
-86
-169
28
167
20
-148
-122
82
157
-38
-179
-46
210
108
-156
-187
68
228
20
-179
-92
107
144
8
-100
-38
82
106
-37
-94
-12
99
68
-46
-58
50
87
4
-84
-54
58
125
-4
-132
-33
90
39
-32
-59
-29
23
26
-42
-62
4
64
7
-94
-55
45
80
-29
-88
-14
23
41
12
-13
-24
-24
23
32
11
-21
-1
30
23
0
-35
-15
82
38
-87
-50
61
101
0
-113
-33
117
91
-77
-134
41
129
38
-103
-122
82
119
-45
-134
-22
126
24
-137
-78
69
97
-41
-107
-19
62
53
-63
-125
-14
119
80
-81
-137
-5
103
81
-56
-98
33
82
10
-46
-43
68
120
-19
-125
-30
149
115
-65
-151
14
154
30
-74
-35
21
26
-17
-29
29
12
-9
-1
-26
-25
3
48
3
-73
-27
32
17
-11
-32
-31
26
23
-24
-47
14
25
6
-33
-15
37
-6
-22
26
6
8
4
-7
-2
-4
36
64
8
-24
-16
29
58
-14
-43
-20
98
90
-61
-118
16
136
30
-83
-55
45
92
-38
-137
8
142
23
-134
-105
37
123
13
-123
-94
52
80
-23
-82
-26
61
57
-52
-69
17
91
12
-87
-50
56
101
-10
-110
-45
110
127
-63
-156
38
168
39
-134
-119
109
179
-25
-160
-44
149
78
-72
-110
-7
136
48
-113
-81
48
76
-12
-77
-45
-19
27
48
-14
-88
-35
46
56
-22
-85
-61
50
89
-30
-90
1
49
-19
-50
21
38
36
-9
-57
-29
79
85
-16
-46
-22
45
69
10
-62
-3
69
23
-51
-70
85
117
-36
-137
-55
121
127
-80
-155
-10
131
65
-107
-108
36
115
33
-136
-99
100
117
-54
-149
-21
121
57
-96
-110
68
102
-5
-69
-79
25
110
48
-73
-103
58
156
18
-117
-56
126
120
-69
-135
31
170
12
-123
11
117
23
-88
-42
60
71
5
-39
-46
-3
5
25
31
-50
-66
19
36
-47
-55
27
58
-40
-75
-29
39
55
-38
-43
-18
22
30
1
-20
-6
2
15
-4
21
0
-10
18
30
-1
-48
19
91
-6
-111
-9
90
90
-26
-114
2
143
33
-122
-54
65
91
5
-110
-70
95
101
-42
-151
-28
129
44
-136
-111
72
125
-28
-150
-28
123
46
-116
-100
60
93
-13
-85
-46
15
63
41
-33
-27
-5
37
29
-30
-7
84
43
-36
-58
27
101
39
-60
-74
32
105
11
-77
-14
49
11
-38
-14
18
16
-13
-8
-14
-19
-17
30
-26
-4
5
-23
8
-22
-32
55
13
-83
-25
49
27
-51
-34
43
39
-58
-64
99
83
-88
-93
83
96
-52
-58
75
81
-16
-86
-7
96
60
-73
-79
65
133
-20
-107
-10
107
51
-76
-45
43
50
-9
-80
-39
91
82
-84
-143
-26
114
72
-60
-114
-54
86
74
-49
-113
-11
129
43
-126
-114
98
159
-52
-177
-7
158
70
-85
-96
52
154
1
-151
-25
132
62
-51
-115
11
162
82
-127
-130
82
165
1
-154
-81
114
155
-70
-155
-8
129
48
-103
-97
17
60
10
-74
-25
22
-1
-6
7
-14
-73
-22
84
29
-77
-46
20
31
-37
-27
40
38
27
-46
-56
46
81
39
-38
-69
30
102
17
-69
-30
76
63
-12
-94
-42
117
105
-87
-158
27
193
45
-177
-117
106
141
-61
-146
-32
95
111
-78
-163
-1
138
66
-81
-124
-4
102
80
-117
-127
66
150
18
-184
-83
168
132
-96
-156
49
169
35
-100
-48
71
92
-6
-71
-18
44
72
-21
-32
27
37
36
-34
-70
15
102
46
-73
-81
19
55
28
-22
-79
-24
43
3
-61
0
64
-21
-92
-45
42
55
-44
-37
27
-11
-31
28
68
-10
-109
-2
103
10
-78
6
83
37
-48
-66
4
89
64
-71
-86
45
96
18
-72
-56
37
116
15
-133
-64
100
123
-36
-164
-31
150
90
-143
-139
78
105
-64
-96
-13
44
35
-46
-62
7
68
-13
-107
-17
54
50
-6
-84
-55
28
118
26
-120
-38
84
75
-30
-77
28
115
36
-104
-73
99
144
-13
-139
-27
146
58
-80
-49
50
49
-42
-54
41
50
-27
-52
2
26
-28
-10
8
9
-4
-26
-24
34
5
-17
-21
-36
-4
30
7
-54
-6
43
7
-26
-45
17
66
18
-53
-29
47
49
-35
-30
64
100
-36
-111
29
117
25
-100
-56
132
129
-89
-152
38
152
47
-108
-67
42
64
2
-83
-46
78
61
-66
-121
-31
119
78
-94
-164
4
134
39
-110
-119
80
131
-45
-136
-12
140
59
-128
-97
56
143
42
-120
-84
84
145
-33
-149
-7
154
35
-94
-56
73
89
-19
-68
-8
72
36
-44
-26
-11
47
30
-55
-19
13
1
24
-2
-41
-67
5
65
-2
-64
-56
8
63
9
-59
-82
8
82
34
-64
-94
12
105
-1
-101
-44
115
125
-100
-176
58
239
53
-200
-112
163
164
-49
-132
0
141
41
-70
-93
52
120
2
-107
-80
78
128
-8
-154
-69
119
84
-66
-113
-18
104
65
-104
-121
45
113
26
-82
-128
3
149
85
-160
-167
113
189
-20
-214
-56
194
117
-101
-139
19
176
69
-97
-91
63
114
0
-56
-31
35
64
18
-5
-11
2
24
0
-7
-31
58
70
-47
-92
-19
95
62
-94
-98
43
63
-33
-59
-17
41
-7
-56
-35
9
19
18
8
-41
-65
48
94
18
-126
-71
83
119
-10
-127
-10
139
60
-104
-119
75
173
-11
-152
-49
116
103
-23
-121
-7
113
92
-79
-136
-1
140
102
-113
-158
56
167
-6
-152
-88
83
98
-49
-165
-34
164
76
-147
-143
89
176
-67
-209
-29
152
119
-109
-168
23
132
35
-79
-34
45
23
5
-9
27
21
2
19
11
-19
24
74
10
-63
-27
58
37
2
-25
-30
17
25
-12
-12
1
25
-18
-29
10
13
-30
-21
42
-11
-77
2
92
-5
-80
-39
45
35
-42
-41
-2
53
11
-29
-15
-16
14
58
-4
-65
13
67
30
-29
-8
66
57
-52
-79
56
103
-32
-83
11
128
46
-80
-77
33
70
27
-2
-27
-54
15
59
-12
-56
3
47
-7
-124
-51
120
72
-101
-145
15
108
38
-95
-95
65
89
-57
-88
27
103
18
-108
-31
79
46
-16
-48
-7
73
30
-66
-9
50
26
-34
-12
26
43
-24
-27
32
6
-2
-5
-13
-5
14
38
-6
-29
-26
0
21
-4
-10
-48
-60
26
75
-47
-74
-7
60
39
-38
-81
-48
47
52
-10
-42
-24
24
3
-27
-1
32
43
10
-68
-21
50
90
31
-68
-66
53
121
19
-80
-15
73
42
-34
-82
32
119
13
-134
-85
128
105
-68
-115
-20
80
84
-48
-160
-31
199
81
-218
-135
161
152
-91
-181
8
161
37
-140
-103
102
105
-23
-117
-70
86
125
-20
-100
-37
85
74
-20
-25
4
38
39
-13
-35
-11
46
30
7
0
-1
-8
20
30
-19
-9
53
17
-62
-40
11
46
44
-52
-84
-7
30
26
-5
-42
-51
-6
34
-30
-32
30
12
2
-43
-35
26
77
25
-108
-52
103
79
-76
-89
54
122
7
-110
-63
113
125
-82
-118
40
112
53
-75
-63
40
70
31
-49
-71
11
117
55
-114
-110
68
130
-33
-150
-26
100
11
-88
-46
50
39
-43
-48
6
26
-21
-28
-15
-24
22
49
-20
-96
-34
86
72
-55
-54
38
31
-7
-1
13
45
44
-30
-58
32
101
39
-63
-58
33
59
29
-4
-47
-21
-6
19
49
-43
-49
49
42
-48
-61
17
10
5
16
-26
-56
17
69
-17
-59
-38
29
59
-18
-107
-11
114
39
-96
-77
42
111
-2
-71
-39
52
63
-10
-27
29
45
20
-17
-19
44
28
-8
-42
48
85
-23
-48
0
24
25
36
13
-72
-18
68
4
-61
-18
53
18
-72
-79
13
102
33
-142
-117
80
121
-34
-134
-14
119
21
-98
-55
95
87
-71
-99
30
81
24
-57
6
25
24
1
-25
18
24
-18
15
8
-11
3
19
31
-12
2
19
-11
-20
-3
48
16
-39
-50
13
38
10
-21
-44
-23
-25
20
19
-19
-49
2
31
5
-36
-73
-20
73
34
-68
-50
36
29
-43
-26
35
36
33
-42
-59
17
107
72
-70
-67
35
98
37
-50
-37
47
57
-10
-70
5
83
28
-71
-64
23
97
33
-114
-97
54
109
2
-121
-85
86
148
-51
-182
-20
163
88
-141
-159
58
174
21
-195
-103
152
163
-80
-206
15
199
48
-126
-84
55
111
28
-58
-21
36
57
11
-9
-31
-26
39
51
31
-1
-34
-14
33
23
-24
19
44
-31
-47
5
6
44
0
-88
-31
54
40
-58
-62
-8
28
-5
-42
-32
13
18
30
-11
-54
-14
38
39
-20
-60
-11
70
63
-33
-81
28
95
27
-96
-71
110
128
-78
-133
38
149
35
-122
-65
97
125
-51
-135
-11
123
87
-79
-126
18
126
17
-94
-91
52
72
-48
-108
6
82
-16
-64
15
24
-21
-54
-43
27
46
13
-34
-45
-29
16
58
4
-29
4
3
2
6
32
45
-8
-8
15
11
-2
41
33
-20
-37
2
40
57
-15
-66
-17
32
10
-7
-18
8
-7
-22
-18
7
-2
-16
6
22
-27
-44
35
40
-48
-72
14
62
-24
-77
-12
87
45
-66
-82
-5
93
67
-76
-77
43
84
12
-38
-17
34
76
9
-91
-29
112
76
-79
-72
85
115
-33
-122
-17
109
75
-42
-61
-23
41
42
-48
-50
24
37
-23
-81
-36
61
62
-38
-109
-29
64
66
-52
-98
17
82
-1
-55
-23
61
45
-43
-72
-20
98
76
-43
-84
9
111
5
-100
-3
101
38
-71
-65
41
76
14
-42
-25
44
34
-13
-21
-15
40
6
-67
-7
50
0
-46
1
2
-57
-14
30
-5
-26
-29
-8
29
28
-51
-113
3
95
35
-63
-92
11
74
-5
-50
-11
69
24
-72
-27
70
68
5
-45
-26
43
65
25
-34
-43
29
66
22
-83
-24
88
72
-88
-129
47
168
2
-154
-66
96
91
-66
-128
-13
132
67
-123
-105
61
111
3
-119
-89
102
116
-78
-135
13
105
35
-74
-78
33
103
14
-63
-54
36
98
37
-30
-52
18
93
9
-61
-36
74
40
-6
28
-15
-32
11
39
37
-28
-22
19
2
3
-51
-33
72
42
-67
-85
-21
67
43
-50
-93
-18
58
33
-32
-84
-14
83
35
-90
-66
69
105
-55
-126
34
118
26
-76
-67
51
105
2
-117
-24
163
66
-128
-105
57
182
22
-151
-106
130
188
-92
-168
20
142
66
-115
-128
57
111
19
-111
-61
33
31
-7
-56
-51
45
54
-27
-81
5
48
-53
-43
29
38
8
-33
-50
-36
38
92
8
-61
-38
-13
82
79
-29
-47
13
51
21
-28
17
73
36
-73
-50
62
56
-15
-25
-25
-30
28
77
0
-96
-47
72
63
-54
-93
-3
61
41
-37
-104
18
103
-11
-69
-49
2
70
35
-82
-80
65
88
-25
-129
-31
143
93
-107
-122
57
179
9
-147
-9
157
80
-88
-113
72
104
-17
-72
44
78
2
-50
1
19
13
22
43
-46
-72
27
68
13
-70
-52
57
53
-82
-68
48
90
-72
-139
-7
93
75
-67
-122
30
102
-8
-88
14
81
-8
-60
-14
34
59
8
-61
-22
88
42
-91
-14
119
-5
-115
15
117
41
-75
-38
47
80
1
-105
-21
77
56
-16
-80
-42
71
56
-74
-78
33
46
-41
-58
7
35
-16
-40
6
-16
10
-18
-72
13
59
3
-46
-25
22
17
-7
-16
-6
57
14
-65
-18
71
92
-3
-63
-24
26
69
64
-41
-57
32
74
-10
-83
30
92
-28
-82
-24
85
80
-51
-107
-11
73
27
-70
-52
32
82
-8
-120
-28
86
46
-57
-99
-8
91
41
-91
-73
57
87
-11
-95
-32
81
44
-39
-20
19
26
7
27
34
-13
-27
-3
50
14
-26
-18
30
88
41
-91
-65
78
117
-55
-94
49
81
-47
-84
7
62
33
-37
-61
-37
-19
51
43
-63
-99
-11
100
27
-85
-75
33
82
-36
-71
3
88
30
-89
-66
69
89
-24
-96
5
109
48
-95
-88
87
140
-46
-151
-15
154
101
-93
-121
58
151
-3
-132
-44
79
95
-8
-119
-36
92
43
-36
-59
-21
1
-3
-9
-42
-1
24
-1
-11
-15
-17
-56
-3
41
-17
-38
5
31
-30
-82
34
110
-10
-69
-28
44
53
8
9
8
-3
-9
9
59
17
-19
-5
14
26
-17
-17
51
20
-67
-48
42
92
-8
-120
-32
94
58
-75
-110
16
122
53
-130
-110
87
113
-61
-145
-17
122
51
-82
-100
19
107
24
-82
-73
23
102
-6
-89
7
72
30
-32
3
46
35
-15
-34
9
37
19
-21
-28
65
73
-22
-87
-8
82
52
-32
-38
-24
12
44
0
-58
-18
40
-19
-74
-18
64
16
-66
-74
8
42
12
-34
-49
37
44
-43
-71
38
86
-32
-94
3
87
25
-61
-32
61
48
-41
-56
47
119
-20
-119
11
99
30
-41
-29
28
38
33
-35
-43
29
20
9
24
-57
-55
38
60
-18
-86
-35
33
38
-36
-70
17
19
-30
-11
30
-21
-97
-24
77
33
-40
-60
12
7
-38
-2
43
45
-16
-71
8
65
44
-11
-41
20
27
36
-5
-7
35
10
-40
24
29
-5
-11
19
-1
-71
0
90
35
-98
-94
72
111
-45
-123
-16
100
52
-111
-68
58
61
-22
-71
-23
25
37
19
-61
-67
36
101
9
-156
-59
151
113
-89
-135
33
126
55
-41
-76
34
124
0
-89
13
46
9
11
57
6
-64
-8
62
22
-26
12
40
-29
-46
-5
14
39
15
-34
-55
-65
46
66
-34
-66
-48
29
41
-32
-53
-8
76
29
-103
-79
83
145
-53
-174
11
158
51
-111
-95
92
149
-42
-154
-17
150
74
-84
-108
22
125
42
-72
-84
31
130
16
-128
-53
91
138
-73
-181
12
165
29
-142
-84
71
27
-52
-30
-11
20
-12
-12
4
-6
-60
-33
42
20
-56
-15
70
19
-86
-51
98
53
-57
-50
22
66
28
-31
12
38
-13
-29
43
71
2
-61
-14
95
37
-77
-20
69
31
-65
-79
68
107
-52
-98
-7
80
26
-72
-56
33
99
-18
-132
-15
136
26
-93
-88
17
95
44
-116
-99
104
132
-66
-164
1
164
61
-124
-76
74
111
-10
-76
5
77
51
-42
-35
31
64
-4
-54
11
95
33
-59
-53
19
71
28
-3
-54
-42
57
49
-50
-59
0
41
-4
-83
-48
44
72
-25
-125
-50
83
73
-63
-94
35
67
-12
-53
3
51
-7
-52
28
45
-3
-34
24
56
3
-30
-3
36
35
-27
-57
26
101
37
-65
-53
63
85
-28
-88
17
76
2
-30
-41
-6
48
44
-48
-71
26
53
-48
-57
24
40
-9
-68
-16
59
38
-83
-94
54
87
-16
-82
-19
36
20
-25
-2
7
22
14
1
-23
-7
77
90
-55
-113
40
143
52
-115
-66
100
94
-57
-106
38
119
3
-120
-56
99
76
-71
-80
3
63
18
-70
-58
43
71
-40
-86
-7
55
49
-42
-93
-53
84
102
-64
-132
19
120
10
-108
-60
92
91
-57
-82
29
77
13
-23
19
34
-6
-28
19
57
-4
-62
3
134
57
-118
-81
80
114
-31
-101
28
88
-10
-87
-57
104
97
-63
-146
-38
112
60
-84
-90
18
37
-6
-41
-14
19
27
6
-66
-41
59
70
-6
-113
-43
104
97
-40
-126
-10
155
81
-119
-118
70
156
0
-125
-48
95
102
-14
-108
-40
98
93
-55
-102
3
123
52
-114
-88
64
77
-17
-77
-38
0
8
-17
-5
-5
-21
-14
25
14
-61
-70
10
70
4
-53
-21
30
10
-58
-21
65
58
-23
-98
1
107
66
-42
-68
33
45
36
-4
-4
27
8
5
10
-14
-25
56
73
-63
-132
21
176
41
-180
-84
127
96
-86
-127
30
126
28
-140
-108
117
147
-77
-153
-31
114
75
-67
-117
10
120
34
-79
-88
13
134
54
-126
-79
78
129
-14
-91
12
88
68
-71
-70
45
88
0
-77
18
100
16
-71
-36
45
55
19
-11
-64
-22
45
16
1
-28
-39
3
-7
-26
-32
22
31
-52
-63
13
30
5
-38
-21
27
-11
-18
7
27
-5
-45
16
33
-21
-13
29
44
-22
-49
11
64
53
-45
-115
28
131
36
-72
-66
47
79
1
-49
-26
13
39
26
11
-74
-27
74
43
-76
-96
18
84
-11
-109
-28
95
19
-104
-75
69
114
-82
-160
35
142
19
-103
-76
13
71
42
-47
-25
36
20
-19
-6
32
64
27
-46
-46
18
114
48
-73
-58
44
73
-4
-46
1
33
3
-67
-8
100
30
-90
-66
21
52
-12
-53
-18
40
18
-60
-30
48
37
-22
-80
-36
39
65
-36
-104
22
85
-10
-63
-35
57
70
-47
-59
35
72
-5
-59
50
74
-26
-42
33
48
-16
-25
23
41
52
-42
-58
41
57
-18
-18
22
19
-17
-16
8
-23
-1
24
0
-44
-67
-19
53
63
-43
-129
-16
96
37
-87
-63
65
47
-50
-40
20
51
18
-57
-28
42
28
21
-2
-28
-14
76
11
-85
21
101
-4
-75
-30
89
84
-49
-92
19
125
16
-120
-54
96
101
-39
-124
2
75
18
-65
-51
24
-5
-23
-5
-31
-5
0
4
-16
-12
-4
-55
-5
84
-14
-100
-6
65
-12
-69
20
51
17
-16
-38
6
46
24
11
7
4
4
5
25
42
-1
-33
2
21
-19
25
29
-12
-42
-41
41
86
-3
-113
-45
85
40
-54
-57
-16
56
36
-65
-55
54
50
-4
-61
-78
34
99
-12
-124
-29
115
83
-94
-168
71
217
-4
-200
-28
168
96
-97
-62
75
65
-31
-55
44
75
-23
-72
40
122
-2
-112
-6
87
30
-81
12
88
-43
-92
20
82
27
-71
-68
17
44
-37
-70
42
52
-86
-89
58
84
-44
-95
40
56
-46
-69
32
110
-29
-144
5
117
39
-66
-28
39
29
-27
-36
25
88
-1
-88
-8
73
52
-33
-44
-4
60
59
-44
-79
10
65
51
-43
-76
10
80
-1
-86
-53
20
61
-21
-79
-16
66
19
-50
-52
14
38
-57
-75
22
106
32
-116
-103
62
106
-10
-75
-15
76
8
-55
-12
75
91
-35
-103
3
119
82
-63
-81
25
130
-7
-121
-1
113
24
-107
-62
98
85
-65
-92
5
48
0
-45
-7
3
24
17
-54
-48
41
32
-6
-64
-7
23
3
-47
-33
61
75
-43
-113
-25
109
88
-67
-99
42
106
13
-61
1
46
36
-13
-36
41
36
-36
-29
72
80
-30
-68
7
37
16
-9
34
3
-47
-9
9
8
16
-10
-52
-26
-6
16
6
-21
-30
-28
-6
-2
21
1
-14
-14
-39
9
57
27
-26
-52
-34
39
62
16
-60
-49
76
89
-18
-87
-6
92
36
-69
-46
41
92
14
-79
-59
101
116
-90
-149
43
167
34
-157
-105
107
104
-46
-87
-18
27
-1
-6
-25
-26
-15
9
32
-2
-47
-67
0
70
-2
-58
-8
36
5
-55
-41
59
63
-21
-82
-27
73
86
5
-40
-17
23
20
8
32
32
-3
-47
13
35
-20
14
50
-14
-92
-27
77
85
-29
-126
-45
118
66
-112
-109
58
134
-33
-146
-1
109
36
-84
-107
38
107
-11
-124
-41
104
71
-55
-91
-8
97
66
-40
-77
14
100
39
-74
-25
56
107
-8
-79
11
60
4
-26
27
54
7
-18
-13
3
30
55
1
-67
-44
62
38
-50
-30
38
8
-61
-59
39
55
-33
-92
-10
55
5
-35
-36
9
33
-19
-40
18
68
0
-87
-34
89
41
-43
-40
21
77
6
-76
-38
91
61
-66
-63
62
78
-10
-74
-18
59
74
-20
-84
10
47
25
11
-68
-53
56
60
-29
-77
-42
41
9
-30
-60
10
52
-21
-58
-19
39
-21
-65
-13
34
47
-34
-53
-7
19
35
-5
-18
15
2
-20
6
46
49
10
-39
-57
36
119
36
-80
-47
24
80
19
-68
-8
52
7
-42
-31
53
46
-41
-58
-4
34
25
-26
-67
-2
83
3
-86
-12
59
39
-42
-92
-14
74
45
-69
-40
32
50
-1
-81
-40
79
79
-58
-75
41
94
1
-53
22
46
35
-26
-27
49
33
-41
-18
84
75
-71
-88
35
103
-7
-42
7
19
13
-49
-34
45
54
-51
-102
-18
61
40
2
-73
-82
7
76
19
-88
-69
60
79
-66
-92
45
139
-18
-159
-23
141
62
-90
-94
57
125
17
-120
-67
117
120
-85
-119
47
125
29
-90
-42
48
90
-23
-76
5
40
42
-9
-81
-14
68
29
-60
-45
18
-5
-29
3
-15
-38
-4
50
-5
-60
-8
-10
-20
17
-3
-18
-6
15
-32
-43
35
48
12
-11
-37
-12
45
83
4
-63
7
53
30
6
-27
5
48
24
-23
-51
17
75
17
-61
-68
35
113
16
-115
-74
71
66
-37
-110
-13
108
67
-128
-107
68
127
-31
-146
-43
91
92
-31
-130
-20
98
56
-58
-83
-4
88
52
-47
-80
10
103
47
-11
-57
1
75
16
-32
-29
13
44
25
-2
7
7
8
-8
-22
40
66
-14
-101
-21
81
22
-50
-5
-1
-52
-45
44
47
-46
-69
-27
44
-6
-43
-4
23
-1
-52
-7
64
12
-34
-24
-14
17
25
16
1
11
11
-14
-4
-8
16
66
11
-82
-31
95
74
-24
-79
-22
68
101
-47
-140
-8
154
100
-125
-180
68
174
-8
-183
-60
123
69
-90
-107
0
75
3
-59
-13
28
7
-70
-15
26
11
4
-26
-24
-26
1
68
20
-69
-20
33
26
4
25
30
12
-21
-37
33
89
46
-62
-78
46
98
-24
-55
15
23
-3
-37
23
60
-29
-63
3
56
7
-64
-46
38
69
-15
-101
-15
99
39
-80
-96
26
87
-5
-65
-48
66
89
-48
-120
-25
130
75
-118
-64
74
88
-18
-70
11
70
52
-20
-67
11
70
16
-57
6
97
34
-75
-94
67
149
2
-110
-50
54
82
-42
-71
7
48
-22
-69
-36
34
46
-4
-44
-68
-19
35
45
-22
-99
18
88
-18
-78
3
95
18
-101
-64
74
89
-5
-72
19
58
7
-39
-4
60
15
-41
-13
28
40
25
-12
-32
5
58
8
-46
-26
41
69
-38
-75
-14
61
31
-41
-65
-18
0
45
-2
-71
-9
15
10
-15
-23
-7
-31
-8
34
0
-20
-21
-12
-7
32
22
-40
6
35
-7
-13
7
72
39
-59
-67
78
108
-17
-67
16
81
10
-61
-25
70
47
-52
-81
7
74
59
-52
-82
-19
65
43
-53
-92
-10
119
47
-141
-64
108
77
-70
-146
12
145
19
-144
-70
108
89
-36
-89
-44
85
81
-55
-81
43
76
15
-36
11
34
19
-28
14
62
-26
-62
47
104
3
-103
-15
107
18
-69
-24
95
19
-80
-30
45
50
-24
-74
-15
21
-17
-21
30
2
-72
-53
56
68
-45
-95
29
116
-42
-135
18
167
39
-156
-96
124
140
-60
-121
-12
144
74
-119
-112
97
154
-43
-129
-7
116
73
-60
-78
0
97
57
-54
-75
4
88
48
-94
-105
65
134
-48
-141
-9
74
-10
-64
-28
24
1
-35
21
11
-37
-52
-16
29
27
-26
-18
0
-24
-32
31
25
5
2
-4
-14
1
40
36
-2
-31
-9
52
59
9
-32
15
20
8
-20
2
49
30
-60
-72
26
124
-4
-113
-39
80
39
-56
-57
-4
50
43
-35
-88
9
79
11
-62
-84
15
102
22
-133
-46
121
57
-97
-92
31
130
19
-124
-52
126
76
-66
-44
57
66
-2
-41
-10
39
9
-27
14
54
25
-39
-14
29
17
-12
28
42
-53
-55
22
45
-27
-42
0
31
-23
-49
-22
50
22
-95
-71
58
56
-28
-61
8
52
-37
-56
42
62
-18
-89
3
96
32
-56
-33
15
51
48
-49
-69
58
112
-38
-94
0
91
45
-56
-49
14
90
42
-96
-60
60
109
-4
-142
-57
83
97
-40
-130
-14
73
-7
-52
-25
5
11
-20
-15
24
2
-65
-56
57
61
-37
-60
-6
22
-2
7
5
-2
13
15
-24
6
57
19
-16
14
13
2
49
31
-30
-9
24
13
-4
-10
38
16
-41
-57
12
122
19
-129
-66
78
78
-52
-100
-14
62
49
-56
-50
27
48
-6
-59
-53
23
78
-9
-146
1
142
37
-127
-101
90
144
-46
-136
15
129
37
-76
-11
44
14
28
14
-31
-14
26
25
-11
33
43
-37
-42
31
61
11
-11
-2
-51
-8
58
10
-42
-30
24
9
-71
-46
36
59
-25
-108
-24
77
-6
-51
6
29
-34
-65
21
68
34
-48
-76
41
76
2
-37
-7
18
28
37
-11
-67
44
84
-31
-86
3
124
76
-81
-103
35
143
4
-158
-45
139
102
-70
-118
10
106
16
-84
-59
26
33
-20
-76
-37
50
55
-35
-79
7
72
-44
-86
0
73
14
-74
-48
44
24
1
-13
-8
27
-14
-11
26
51
-4
-39
19
44
2
1
32
35
-39
-37
29
61
6
-34
-28
8
6
-2
11
10
-7
-45
-25
52
32
-80
-84
64
113
-50
-115
30
94
-6
-94
-51
49
29
-28
-36
26
38
-22
-37
-15
46
37
-49
-31
51
57
-14
-33
13
47
33
-9
-50
22
76
3
-49
-9
90
55
-56
-87
12
115
20
-73
-12
28
33
-18
-60
22
68
-43
-113
-9
69
34
-66
-52
-10
15
14
-18
-47
-1
60
-23
-75
11
66
12
-42
-65
7
76
56
-51
-65
29
68
8
-52
-28
89
53
-102
-67
90
93
-27
-60
-21
39
70
-16
-65
14
26
29
3
-63
-51
23
77
-9
-105
-26
59
10
-83
-46
59
30
-63
-34
35
3
-97
-24
60
34
-33
-50
14
6
-31
15
52
-1
-37
-45
41
53
29
-1
-27
3
18
32
29
9
-18
-5
51
29
-71
-20
74
54
-87
-77
66
123
-27
-152
-29
120
56
-90
-75
2
62
63
-78
-93
37
92
4
-107
-76
63
117
-52
-154
39
144
20
-144
-93
134
146
-85
-124
9
106
53
-32
-43
12
76
42
-67
-23
48
42
-23
-4
40
26
-46
-27
22
60
19
-19
-4
-13
-26
-7
26
27
-14
-74
-38
23
34
-8
-27
-26
-35
-31
31
29
-24
-23
-7
-30
1
31
37
5
-60
-40
53
66
-17
-64
-29
77
79
-30
-124
4
165
60
-150
-87
110
130
-19
-104
-45
101
115
-72
-146
37
144
41
-124
-105
67
124
-10
-150
-58
90
47
-60
-79
12
37
-12
-27
-15
20
-11
-56
-8
24
25
-27
-18
8
-21
-22
63
31
-45
-20
11
37
15
-2
36
-2
-40
21
65
30
-50
4
17
8
21
-5
14
4
-33
-25
12
46
15
-43
-27
-15
18
30
-28
-43
-14
61
-6
-103
-3
102
29
-95
-82
40
88
2
-121
-50
122
66
-95
-109
36
144
25
-138
-70
123
105
-71
-98
75
131
-8
-117
-25
109
55
-100
-71
121
121
-73
-98
38
92
-10
-38
49
27
-104
-44
98
65
-75
-92
18
82
-40
-112
14
110
-30
-135
-20
91
46
-81
-71
47
38
-40
-39
61
72
-83
-96
75
120
-13
-108
-19
122
61
-87
-88
70
122
-46
-131
16
141
55
-84
-45
33
83
8
-85
-41
86
72
-50
-102
0
88
26
-80
-70
29
36
-56
-39
-8
13
17
-38
-22
35
18
-76
-91
51
92
-25
-84
-25
41
12
-23
12
15
28
-16
-49
19
53
29
11
-36
-15
20
43
47
-11
-29
-4
31
23
-26
-17
26
18
-22
-56
14
84
22
-95
-77
67
95
-41
-154
-21
169
59
-154
-98
109
125
-54
-175
-48
163
88
-130
-118
84
111
-49
-110
14
102
11
-65
-11
45
11
-3
27
37
-4
-20
28
7
0
-3
2
27
50
7
-29
-33
26
47
-9
-21
24
19
-21
-16
-26
1
55
9
-88
-62
33
66
-21
-76
-38
-1
28
-3
-44
-7
46
21
-82
-38
60
78
-53
-113
24
135
31
-112
-65
84
99
-12
-93
-33
102
82
-89
-98
67
121
16
-91
-49
49
108
-35
-102
9
69
51
-27
-88
-21
61
45
-19
-71
-55
32
57
-28
-94
-24
75
40
-53
-58
-14
1
20
-4
-20
3
8
-23
-24
12
20
5
-8
40
-10
-57
18
95
26
-58
-16
27
34
33
22
-12
-5
11
43
-9
-43
32
60
-22
-104
3
130
22
-115
-64
63
53
-27
-79
-45
78
82
-91
-120
52
141
-6
-160
-87
130
97
-85
-128
22
114
12
-83
-47
23
76
9
-76
-31
38
69
11
-7
-25
38
61
-5
-56
-4
51
37
-21
18
38
-18
-24
22
30
21
-22
-5
1
6
-17
-25
15
30
-31
-50
-31
19
35
-21
-37
-38
-33
29
50
-34
-59
5
16
8
-18
-10
46
13
-75
-18
67
60
-27
-73
24
102
10
-99
-31
132
82
-137
-78
97
115
-6
-115
-33
106
89
-84
-80
60
81
-3
-76
-37
71
18
-41
-30
13
-2
-50
-44
49
18
-56
-20
15
-2
-8
-7
-49
-37
33
24
-17
-31
-4
-5
-14
43
8
-22
-2
4
-13
14
68
37
-6
-53
-3
54
53
-13
-41
1
58
47
-53
-52
40
71
-17
-99
-5
97
25
-56
-55
19
52
-15
-54
-12
41
36
-39
-84
17
80
18
-92
-46
61
61
-50
-84
33
86
-20
-93
-30
96
81
-82
-71
55
80
12
-54
6
77
37
-31
-37
18
47
-4
-28
25
78
17
-49
-23
34
43
2
14
-24
-30
1
38
23
-19
-27
-18
-30
-13
18
18
-25
-45
-23
2
-3
15
-11
-35
10
-2
-26
-2
44
26
-56
-84
61
108
-25
-93
-16
102
65
-57
-94
18
121
7
-105
-12
96
67
-51
-55
-4
48
47
-18
-51
-23
49
70
-31
-101
3
78
13
-65
-62
22
16
-19
-19
-26
-3
13
-8
-8
-4
-37
-65
24
80
-6
-65
-36
34
10
-31
12
21
20
9
-73
-9
97
77
-38
-65
14
69
43
-12
-9
33
-10
-8
27
17
-12
4
23
-23
-53
21
77
-3
-79
-45
59
57
-34
-66
-44
56
84
-54
-110
31
118
-15
-133
-41
81
69
-56
-98
10
104
8
-66
-61
43
89
-31
-73
7
68
44
-29
-15
43
51
9
-63
8
65
-13
-20
13
81
-5
-88
-8
75
57
-34
-29
9
-5
9
-17
-7
4
16
5
-55
-65
11
81
-6
-97
-71
40
73
-21
-84
-21
59
33
-55
-52
42
84
-16
-125
-27
126
78
-86
-96
77
119
-70
-104
34
156
2
-157
-22
124
88
-38
-106
3
121
57
-93
-75
49
61
10
-39
-60
15
46
4
-46
-53
9
17
-16
-30
-21
22
13
-42
-23
21
5
-70
-17
46
39
-26
-45
-19
12
11
-5
3
45
3
-52
-22
77
67
-13
-51
1
44
71
-4
-48
0
48
41
-33
-50
35
56
8
-77
-39
85
68
-86
-99
46
70
-14
-75
-21
32
36
-27
-70
18
74
8
-73
-64
9
69
20
-94
-44
66
52
-41
-89
-23
121
73
-110
-71
59
124
1
-81
-13
70
54
-21
-49
-2
63
22
-38
17
61
11
-38
-46
41
54
-18
10
22
-24
-37
-23
49
56
-54
-106
-23
55
46
-26
-67
-31
13
26
-12
-48
7
42
-7
-77
-2
76
42
-33
-81
-12
81
52
-30
-49
21
72
15
-64
-52
62
111
-14
-140
-37
144
112
-84
-128
28
142
60
-126
-120
80
164
-5
-166
-62
113
74
-67
-111
5
70
-7
-76
-42
59
31
-73
-29
25
16
-55
-64
49
45
-33
-55
21
38
-51
-32
66
52
-29
-32
-10
18
73
34
-29
-44
3
67
48
-27
-18
10
24
16
-13
9
39
-12
-60
-37
58
97
-3
-111
-67
78
100
-59
-107
-1
71
49
-44
-78
-12
71
35
-80
-86
40
91
-29
-111
14
108
18
-77
-87
33
133
13
-129
-30
108
75
-64
-57
61
94
9
-77
-49
76
55
-31
-52
70
62
-27
-38
-24
39
70
-4
-41
-20
-2
21
7
11
5
-56
-56
5
45
-1
-61
-28
2
-11
12
2
-22
-48
24
13
-35
-9
43
35
-30
-52
14
51
-2
-16
10
5
11
16
5
-21
23
36
-23
-35
27
57
22
-38
-39
24
95
-15
-71
-30
54
76
-7
-88
-39
84
25
-74
-41
39
3
-54
-32
0
38
7
-60
-24
41
26
-67
-84
48
76
-11
-69
-42
42
16
-11
15
18
-19
4
-6
13
26
31
21
-15
-37
21
76
40
-53
-49
42
75
-16
-47
10
32
-15
-44
16
74
-12
-70
-21
28
32
3
-46
-46
-9
56
16
-36
-56
16
61
-17
-107
18
94
-22
-120
-4
111
21
-86
-69
63
104
-62
-99
60
109
-5
-86
30
74
17
-15
-17
-12
27
35
-5
-23
63
50
-22
-41
-19
55
55
-23
-16
-26
-9
29
2
6
11
-14
-60
-40
33
42
-22
-76
-22
33
-1
-19
-22
4
41
-25
-71
10
72
37
-45
-77
-1
78
44
-34
-45
23
60
37
-84
-71
114
117
-97
-131
69
150
14
-116
-55
85
128
-47
-143
11
115
43
-64
-72
24
56
9
-50
-44
-4
-5
10
-17
-51
-5
42
2
-50
-24
16
-28
-30
28
28
-1
-47
-32
23
1
-27
17
53
13
-80
-31
90
83
-24
-61
-14
77
56
-22
-37
23
43
-8
-7
-8
16
27
16
-18
-58
6
95
1
-89
-57
36
85
-13
-116
-56
86
100
-67
-121
29
117
9
-132
-72
116
110
-135
-138
101
154
-59
-160
-32
122
113
-82
-131
50
121
13
-69
41
43
-13
-1
21
27
-19
-53
39
82
37
-65
-27
27
31
-6
-11
45
35
-71
-66
59
80
-50
-72
3
30
-42
-63
51
45
-60
-75
14
44
-28
-48
16
45
-35
-50
27
42
22
-46
-67
26
82
12
-63
-2
62
17
-35
-36
44
75
-17
-74
4
58
44
2
-48
-43
57
99
-47
-106
20
97
29
-74
-61
64
59
-40
-90
4
54
-32
-54
-13
25
13
-46
-24
38
23
-59
-79
30
73
-18
-39
-29
4
17
-11
7
31
20
-27
-47
7
74
55
-10
-36
1
27
20
24
27
-14
-29
22
47
-16
-18
12
15
-9
-50
2
94
-9
-92
-32
65
64
-60
-82
-16
88
41
-88
-57
51
59
-38
-95
-21
71
50
-57
-87
35
91
-21
-97
-13
90
60
-61
-61
23
80
32
-55
-6
83
16
-48
0
51
22
-54
6
95
22
-70
-18
52
36
-43
-10
67
20
-98
-31
77
38
-62
-15
3
-32
-20
9
17
-8
-37
-54
3
60
-13
-89
21
70
-34
-45
18
56
19
-73
-59
69
83
-18
-78
9
76
37
-26
-48
1
82
0
-60
-16
58
60
-26
-37
1
53
34
-51
-42
9
59
38
-61
-60
41
44
-21
-49
-31
23
-1
-33
-32
-8
34
-7
-36
13
-5
-59
-53
53
67
-34
-87
15
75
-39
-72
40
83
18
-73
-60
41