#4
151
-10
-270
-227
59
192
-73
-348
-139
211
136
-278
-334
76
278
-8
-348
-260
89
224
-13
-305
-224
111
206
-108
-312
-111
152
90
-160
-263
-70
138
85
-180
-265
-43
153
28
-259
-223
62
207
-95
-354
-165
179
177
-210
-357
-41
229
46
-265
-212
76
132
-84
-222
-104
93
91
-122
-213
-32
143
10
-190
-184
30
150
0
-227
-196
84
136
-33
-190
-174
41
168
-30
-271
-170
141
155
-134
-310
-108
205
180
-203
-404
-35
273
84
-301
-249
97
162
-86
-249
-94
116
85
-148
-260
3
189
-9
-248
-135
92
124
-73
-235
-127
132
163
-78
-246
-131
134
165
-87
-263
-106
185
159
-171
-304
-27
261
127
-288
-350
110
349
-18
-423
-244
244
279
-158
-400
-122
276
174
-243
-332
-7
240
82
-237
-258
50
209
-15
-257
-153
74
166
-46
-261
-127
146
175
-76
-282
-145
178
206
-135
-318
2
266
26
-307
-178
195
223
-108
-323
-114
236
198
-171
-326
-30
271
115
-252
-322
40
341
70
-383
-306
177
319
-40
-378
-202
207
220
-130
-337
-84
203
125
-153
-280
-96
225
222
-180
-385
-60
331
175
-279
-360
59
371
72
-355
-280
205
330
-93
-374
-121
265
213
-171
-360
-10
335
117
-295
-281
91
287
29
-306
-233
123
241
-56
-278
-110
150
151
-148
-315
-31
283
133
-267
-313
26
282
106
-276
-312
95
296
19
-302
-246
139
289
-23
-316
-190
189
274
-102
-356
-96
283
186
-214
-286
55
296
59
-270
-223
145
278
-49
-294
-127
154
167
-80
-234
-82
141
109
-99
-214
-48
158
63
-154
-204
29
179
-3
-211
-162
95
184
-2
-250
-191
131
208
-80
-240
-93
176
150
-156
-230
30
234
14
-249
-140
175
206
-73
-264
-96
162
163
-70
-205
-62
142
124
-86
-210
-37
163
124
-120
-260
-31
230
81
-192
-203
77
189
-36
-241
-90
171
106
-178
-225
14
207
39
-221
-178
106
151
-47
-199
-94
134
146
-113
-213
12
211
37
-207
-151
139
201
-89
-214
-51
142
122
-69
-175
-58
103
122
-59
-168
-77
147
149
-114
-244
-1
220
58
-221
-188
95
222
-15
-281
-149
155
161
-75
-190
-56
99
79
-88
-148
-14
105
54
-136
-169
47
184
-6
-203
-98
128
146
-92
-231
-13
210
113
-168
-181
48
159
61
-119
-128
4
156
102
-151
-202
82
260
-6
-321
-170
270
283
-167
-408
-59
372
189
-282
-384
86
399
26
-377
-212
212
254
-80
-290
-98
183
161
-122
-210
-39
180
114
-142
-225
5
246
104
-192
-210
24
206
104
-186
-206
116
236
-17
-281
-102
246
187
-166
-292
43
282
106
-246
-255
120
276
-16
-272
-152
157
250
-50
-330
-142
249
219
-151
-310
-41
213
141
-161
-269
4
243
89
-226
-245
78
271
57
-276
-244
155
301
42
-299
-247
182
337
-6
-370
-157
315
281
-210
-371
40
380
112
-322
-253
181
336
-53
-346
-100
234
220
-135
-293
-25
237
116
-155
-196
7
144
76
-136
-216
39
246
79
-246
-245
93
311
44
-339
-217
226
286
-91
-359
-109
303
220
-177
-307
-11
294
168
-209
-294
70
309
81
-264
-189
181
266
-38
-285
-89
203
199
-85
-223
-53
150
136
-76
-210
-46
171
97
-140
-210
48
175
7
-188
-145
144
196
-101
-246
-27
196
107
-169
-194
41
191
28
-162
-142
59
153
29
-145
-105
76
192
-27
-267
-43
246
168
-162
-260
14
254
102
-168
-185
48
187
60
-153
-117
51
136
56
-129
-152
57
150
13
-150
-87
82
127
-64
-192
-28
178
81
-205
-192
110
208
-21
-257
-114
198
169
-152
-227
66
217
-5
-209
-62
188
113
-116
-165
-4
180
113
-125
-131
1
133
97
-77
-156
-11
158
95
-88
-167
-18
209
80
-197
-165
119
192
-49
-212
-82
154
150
-60
-237
-48
153
109
-83
-169
-28
152
51
-134
-158
65
176
-5
-196
-112
160
141
-112
-161
4
175
81
-178
-141
98
205
-22
-214
-66
155
141
-35
-132
-41
89
118
-15
-157
-54
165
134
-94
-248
-35
263
135
-205
-291
58
350
68
-325
-239
197
307
-98
-308
-76
218
158
-133
-226
-14
216
104
-188
-186
71
210
46
-222
-159
118
245
-6
-247
-109
158
181
-30
-208
-27
196
86
-160
-162
104
222
37
-215
-158
129
236
21
-257
-161
221
218
-98
-274
-71
237
236
-151
-361
-13
325
138
-277
-253
127
275
-15
-285
-122
148
189
-33
-234
-130
121
258
-6
-325
-155
248
301
-119
-352
-50
307
210
-197
-282
52
313
75
-243
-188
145
250
-19
-258
-103
233
197
-131
-257
-20
242
167
-157
-273
-14
299
144
-257
-252
122
280
5
-330
-177
274
278
-151
-371
-50
332
206
-217
-337
45
304
128
-232
-283
88
347
69
-301
-222
165
313
6
-298
-142
215
251
-96
-266
-6
246
151
-172
-212
57
237
86
-184
-178
108
201
4
-189
-111
100
157
-27
-189
-94
139
126
-57
-168
-63
124
124
-106
-193
10
188
59
-159
-156
38
210
69
-216
-175
124
224
-21
-221
-67
203
116
-174
-161
106
206
50
-186
-160
70
206
67
-167
-164
93
211
1
-158
-79
59
130
15
-163
-84
124
135
-62
-150
-33
97
75
-99
-133
58
155
-30
-198
-84
160
151
-142
-212
27
204
36
-176
-104
113
143
-59
-141
-10
122
75
-67
-150
19
180
79
-109
-159
21
189
102
-139
-175
58
204
49
-157
-144
102
189
-19
-170
-55
110
111
-63
-172
-31
171
138
-130
-244
21
207
78
-154
-143
70
145
-16
-161
-44
121
82
-82
-165
14
175
42
-137
-117
91
174
-10
-215
-77
171
162
-76
-187
-22
164
142
-68
-211
-13
216
144
-141
-205
51
212
82
-187
-204
117
263
-7
-275
-151
180
237
-39
-306
-157
256
249
-155
-333
-1
303
120
-238
-234
96
252
7
-244
-113
163
176
-60
-220
-45
173
143
-59
-192
-49
157
155
-65
-186
13
197
75
-177
-154
143
224
-17
-244
-120
187
249
-44
-307
-88
271
209
-175
-305
28
332
132
-280
-274
141
327
-10
-329
-164
218
273
-115
-329
-59
245
166
-137
-253
-28
244
181
-149
-275
-27
278
199
-186
-304
58
317
110
-215
-237
133
282
-9
-261
-85
202
196
-91
-274
-20
308
130
-230
-223
85
286
79
-258
-220
158
248
-57
-243
-39
179
97
-122
-211
16
229
113
-177
-254
31
263
94
-233
-214
121
255
-2
-234
-170
170
249
-22
-228
-150
147
255
8
-288
-140
235
256
-125
-271
8
284
132
-211
-218
94
276
30
-231
-116
132
171
-19
-157
-109
82
170
-6
-224
-79
169
133
-93
-193
-36
198
100
-169
-184
104
191
-20
-202
-105
155
153
-80
-154
-26
128
84
-51
-119
-6
156
61
-155
-116
125
186
10
-192
-120
141
199
-38
-182
-48
140
118
-54
-130
-33
101
126
-45
-173
-34
175
75
-108
-126
29
113
17
-124
-89
72
120
-45
-169
-50
152
106
-145
-163
77
141
-35
-138
-27
134
81
-121
-98
82
120
-21
-95
-27
64
94
-12
-74
-26
3
92
78
-73
-121
25
143
47
-140
-105
139
161
-120
-173
46
173
29
-176
-122
109
183
-14
-197
-114
107
142
-27
-136
-33
100
54
-96
-84
40
93
19
-115
-84
85
105
-34
-124
-26
112
82
-43
-127
-15
132
77
-77
-118
7
140
104
-82
-152
46
167
54
-147
-105
102
204
-13
-234
-101
202
214
-116
-300
-16
268
137
-185
-275
35
303
69
-261
-195
127
240
-19
-230
-81
172
121
-114
-151
1
127
99
-99
-171
21
196
84
-130
-153
-13
167
142
-99
-176
53
190
20
-202
-90
182
208
-111
-257
7
253
123
-172
-212
96
246
0
-234
-124
150
209
-37
-238
-95
161
188
-74
-229
-80
169
152
-103
-231
-10
221
118
-186
-229
60
249
84
-193
-197
75
233
69
-173
-173
84
231
88
-220
-163
166
252
-62
-256
-22
214
143
-149
-217
67
256
33
-220
-102
131
187
-32
-214
-75
148
136
-97
-158
38
122
37
-139
-131
71
187
34
-218
-162
133
209
-13
-222
-115
141
180
-36
-227
-79
170
171
-40
-213
-92
172
237
-85
-271
-17
278
151
-226
-196
141
248
-11
-250
-57
188
160
-92
-156
4
116
82
-58
-129
-28
110
81
-84
-143
42
123
-11
-106
-94
56
135
-23
-168
-45
134
127
-74
-214
-38
220
106
-168
-157
44
174
58
-126
-128
81
168
-23
-186
-21
164
131
-54
-196
-47
182
154
-80
-171
-9
149
119
-92
-142
41
129
58
-99
-138
48
145
11
-118
-73
79
106
-57
-136
-24
125
45
-89
-124
19
126
28
-139
-105
106
117
-61
-111
-8
104
31
-73
-43
66
62
-41
-65
11
91
40
-32
-50
-24
66
90
-38
-104
-20
121
77
-65
-85
8
108
21
-111
-58
94
97
-48
-130
-36
115
111
-68
-186
-12
132
42
-82
-48
31
28
-24
-40
-25
22
31
7
-53
-58
49
85
-36
-80
-34
109
85
-111
-109
57
171
23
-156
-93
130
153
-23
-128
-37
98
111
-43
-127
-15
154
105
-104
-186
11
211
104
-189
-211
75
280
31
-287
-194
226
255
-145
-266
12
204
69
-139
-138
36
150
15
-132
-78
27
131
52
-116
-122
44
181
66
-168
-163
84
224
64
-221
-129
205
158
-112
-200
28
228
106
-167
-179
91
213
29
-201
-122
152
161
-58
-196
-51
186
152
-98
-219
-44
203
131
-153
-211
33
229
46
-211
-141
108
168
-31
-149
-97
50
169
57
-186
-163
128
235
13
-247
-128
206
208
-85
-236
-10
258
104
-176
-171
94
232
22
-218
-118
178
210
-97
-235
-28
217
153
-135
-235
-4
218
124
-142
-168
56
159
-11
-181
-80
140
166
-50
-231
-100
181
213
-90
-252
-32
178
150
-77
-252
-33
265
154
-184
-255
56
300
113
-253
-197
145
268
-11
-244
-73
215
174
-92
-213
9
229
97
-165
-142
70
160
17
-119
-76
37
82
30
-82
-82
19
81
28
-84
-112
50
144
-28
-186
-48
174
107
-115
-187
39
211
31
-185
-102
113
142
-26
-139
-57
142
138
-125
-179
71
222
69
-181
-146
80
194
42
-146
-101
63
159
11
-139
-25
55
86
21
-105
-61
64
97
-9
-109
-67
75
102
-68
-116
5
105
53
-117
-140
60
191
-33
-218
-61
162
109
-109
-119
72
93
-16
-101
-14
130
19
-97
-37
79
102
-26
-75
-13
35
45
28
-21
-32
-4
51
48
-21
-84
13
116
-17
-103
-8
77
59
-60
-120
4
129
76
-120
-157
32
136
33
-101
-71
43
56
-24
-76
-11
66
34
-41
-94
4
108
2
-88
-21
72
61
-28
-98
-22
100
90
-32
-120
-20
126
98
-32
-133
-12
144
108
-79
-151
35
172
68
-177
-150
139
214
-76
-249
-45
177
142
-89
-202
-63
173
141
-113
-162
-6
113
95
-78
-174
5
183
37
-178
-95
107
169
-20
-205
-65
156
166
-33
-194
-70
130
173
-33
-205
-9
211
82
-158
-146
120
202
-13
-217
-69
148
156
-33
-192
-70
187
168
-102
-252
-23
255
139
-191
-257
72
257
76
-243
-196
116
224
-9
-247
-120
169
188
-69
-229
-51
167
155
-51
-229
-68
210
210
-108
-282
10
278
126
-196
-190
109
253
11
-225
-108
164
182
-69
-202
5
212
53
-113
-148
6
195
110
-141
-200
34
211
54
-160
-110
34
122
23
-163
-81
147
142
-86
-218
-20
195
137
-153
-217
22
248
89
-235
-221
164
299
-28
-255
-107
163
194
-28
-204
-70
161
157
-69
-158
11
160
62
-108
-103
66
151
28
-118
-80
41
96
69
-90
-179
30
192
38
-174
-108
110
98
-31
-143
-64
147
98
-122
-153
58
139
16
-116
-128
62
182
-15
-164
-78
116
149
-65
-146
7
151
37
-121
-83
81
159
39
-156
-138
86
210
36
-141
-118
68
154
19
-112
-76
61
124
-1
-138
-46
69
86
2
-96
-72
54
105
-24
-130
-52
138
96
-151
-171
86
195
-35
-200
-63
143
109
-81
-130
29
105
28
-102
-34
106
62
-67
-72
59
108
-14
-72
-28
45
72
16
-59
-43
33
70
31
-49
-57
28
90
-16
-80
-19
49
35
-22
-75
-27
106
57
-124
-116
28
86
47
-26
-62
-29
40
-7
-40
1
39
-6
-56
-35
48
61
-30
-85
0
86
62
-78
-100
44
138
19
-102
-48
58
58
25
-8
-32
-14
51
73
-54
-107
54
164
16
-185
-91
173
161
-110
-208
-1
181
95
-109
-204
-6
221
66
-193
-119
92
123
-22
-120
-38
74
62
-46
-73
-21
66
81
-64
-128
11
132
110
-82
-159
-13
146
132
-98
-150
85
145
-20
-140
-30
149
96
-107
-138
50
141
49
-83
-122
27
143
46
-111
-114
43
142
35
-133
-117
36
175
55
-213
-163
142
198
-72
-243
-38
184
113
-108
-199
8
216
88
-163
-169
60
225
67
-175
-146
76
178
44
-147
-111
125
155
-31
-144
-54
127
134
-76
-160
13
179
72
-123
-131
34
162
42
-131
-144
44
167
29
-149
-67
96
77
-81
-124
37
158
28
-164
-133
94
181
-2
-187
-114
107
159
0
-173
-99
129
165
-21
-178
-78
121
169
-20
-165
-71
152
178
-106
-180
50
209
53
-160
-116
97
178
14
-159
-90
79
139
6
-130
-72
51
87
1
-108
-60
45
89
-10
-134
-46
124
88
-109
-149
63
161
0
-196
-84
170
121
-107
-149
12
156
50
-108
-73
56
101
-16
-105
-13
92
81
-6
-88
-63
55
118
24
-98
-76
44
112
20
-88
-70
58
140
10
-154
-75
114
108
-47
-142
-29
121
45
-107
-74
46
101
-17
-125
-49
89
62
-67
-97
26
56
11
-39
-30
8
24
-5
-3
30
25
-26
-30
24
66
18
-36
-2
10
11
35
16
-32
-26
14
63
27
-29
-63
28
73
-13
-47
-11
21
11
-17
-46
6
80
16
-105
-80
71
60
-10
-58
-12
21
-20
-38
31
38
-17
-39
-17
8
43
-3
-44
-9
26
62
-3
-90
-26
96
63
-52
-66
29
79
30
-26
-29
-24
32
70
22
-63
-32
60
83
-25
-138
-44
167
105
-154
-186
68
219
15
-222
-123
129
180
-77
-182
-21
137
59
-71
-129
-2
151
26
-135
-80
78
117
-15
-126
-40
88
88
12
-83
-69
2
105
89
-66
-101
61
105
-19
-127
-6
158
94
-112
-163
44
212
59
-208
-148
185
185
-89
-201
-43
189
139
-119
-236
17
205
93
-139
-186
9
187
78
-190
-146
106
156
-14
-171
-82
102
147
-14
-170
-96
141
176
-31
-171
-75
148
151
-52
-172
-10
182
91
-133
-117
68
140
-12
-118
-28
91
107
-44
-101
-44
85
127
-43
-161
-58
123
124
-53
-144
-21
94
78
-119
-138
74
198
10
-224
-131
154
202
-64
-226
-65
159
149
-38
-193
-76
185
141
-87
-196
-27
213
131
-152
-158
83
187
39
-160
-83
124
139
-34
-121
-11
94
76
-26
-104
-31
100
79
-32
-126
-50
92
86
-71
-108
4
94
48
-94
-122
37
142
-11
-147
-48
105
100
-72
-154
13
148
48
-108
-93
21
127
41
-101
-51
74
89
-47
-114
35
120
63
-76
-124
12
132
95
-72
-143
9
119
62
-36
-78
-56
111
134
-82
-158
15
147
22
-102
-99
45
124
-22
-141
-48
123
84
-97
-134
18
128
15
-119
-72
48
63
-8
-55
0
30
3
-7
6
29
6
-17
-7
20
71
3
-51
1
17
16
25
37
-49
-46
60
95
-7
-112
-32
115
38
-93
-40
72
64
-53
-83
-19
95
82
-79
-129
-2
65
56
-24
-57
-24
31
20
-28
-17
5
5
4
-52
-10
70
-16
-42
-5
45
44
-34
-76
7
85
39
-36
-69
16
62
48
-6
-53
-10
45
57
-3
-74
-24
100
67
-75
-133
21
163
45
-162
-143
89
186
-9
-195
-103
133
128
-63
-152
-29
123
54
-93
-112
53
109
-7
-129
-49
80
127
-17
-180
-68
175
146
-57
-168
-47
115
130
-32
-123
10
109
33
-96
-51
100
128
-33
-148
-53
134
144
-46
-194
-19
201
98
-149
-157
52
172
70
-138
-164
50
174
35
-156
-119
63
119
-1
-127
-54
82
81
-32
-123
-38
69
111
9
-135
-109
135
201
-41
-244
-58
229
178
-117
-222
32
226
92
-170
-151
110
167
-3
-140
-56
137
101
-82
-103
-12
135
70
-110
-107
27
70
23
-26
-46
-35
23
23
-78
-44
90
95
-76
-163
-27
141
114
-103
-185
1
148
106
-87
-230
16
233
79
-162
-183
69
219
65
-191
-129
117
184
-27
-156
-41
167
110
-97
-126
40
117
58
-62
-95
-19
89
81
-56
-119
-21
100
64
-91
-104
28
73
47
-98
-122
68
113
-26
-123
-15
116
40
-94
-100
43
89
18
-65
-92
26
149
38
-120
-86
101
111
-65
-118
54
143
55
-120
-134
45
168
78
-99
-132
39
146
37
-100
-66
43
92
31
-83
-76
29
101
31
-87
-90
39
121
-8
-122
-50
81
65
-67
-107
19
111
1
-123
-40
66
71
-49
-59
16
23
17
15
-1
-16
-3
22
14
-5
25
4
-8
11
2
0
34
9
-43
-18
61
54
-24
-68
1
68
16
-15
-47
-12
32
17
-52
-28
58
47
-81
-87
8
66
38
-40
-62
-2
25
-9
-29
-2
13
-4
-24
-8
15
3
-42
28
57
-42
-41
12
21
34
-2
-3
0
1
6
12
22
26
-7
-16
20
51
-12
-47
22
88
-4
-136
-32
149
77
-120
-151
38
187
16
-160
-138
95
163
-28
-164
-30
83
56
-42
-66
-15
44
39
-43
-54
12
33
31
-40
-61
8
76
68
-45
-101
-40
102
141
-54
-124
44
115
-9
-111
-9
119
86
-93
-123
64
156
18
-119
-93
70
135
3
-125
-53
54
127
24
-153
-96
93
130
-21
-159
-74
101
131
-54
-171
-18
122
69
-86
-157
-2
174
90
-123
-169
40
194
82
-134
-153
72
188
38
-150
-80
92
144
-21
-134
-44
125
111
-76
-133
37
143
36
-125
-61
47
97
28
-89
-78
26
84
25
-53
-62
2
52
-12
-80
5
79
42
-93
-100
16
147
47
-172
-118
91
135
11
-108
-109
44
168
23
-130
-94
48
159
30
-137
-87
106
146
-42
-130
-16
126
91
-90
-115
43
155
33
-133
-67
62
83
6
-69
-101
-15
122
86
-88
-143
-12
138
40
-144
-99
116
105
-87
-146
17
152
30
-131
-107
79
136
-15
-116
-67
72
114
-9
-93
-26
77
61
-56
-47
45
96
24
-95
-73
56
124
53
-80
-100
31
105
52
-54
-74
22
105
5
-107
-20
70
54
-17
-58
-51
11
78
14
-95
-46
61
66
-46
-113
14
111
-3
-110
-38
57
28
-9
-2
-22
-21
22
44
35
-44
-51
38
45
24
-14
-6
15
-9
-15
20
38
8
-59
-15
75
62
-25
-92
2
67
14
-25
-29
-12
15
18
-22
-11
19
24
-38
-79
-40
51
84
3
-100
-61
37
76
-26
-81
1
62
-12
-85
20
64
-23
-31
9
35
22
-71
-21
87
49
-67
-42
43
63
-5
-36
22
30
4
-3
-2
-6
-6
27
44
-18
-88
-20
124
53
-111
-120
21
143
43
-150
-136
98
179
-57
-194
4
136
32
-98
-87
42
74
-35
-85
15
61
18
-28
-35
-18
31
84
18
-81
-71
42
95
36
-58
-27
40
45
-30
-53
28
108
12
-84
-72
63
120
18
-135
-72
131
135
-91
-148
-17
135
108
-80
-174
-12
151
76
-108
-132
16
130
14
-148
-62
89
64
-47
-80
-34
49
101
0
-130
-58
101
127
-28
-135
-52
128
136
-18
-177
-26
201
72
-146
-88
71
110
3
-72
-61
53
127
35
-126
-109
63
186
-2
-188
-77
130
106
-50
-105
-22
73
9
-73
-56
49
99
17
-148
-114
90
156
-26
-170
-71
96
125
-26
-153
-70
150
126
-69
-136
-49
124
144
-53
-165
-32
182
99
-123
-136
93
165
20
-143
-70
115
125
-29
-131
-57
69
115
14
-145
-100
98
133
-31
-148
-61
85
89
-38
-126
-11
86
43
-63
-71
31
48
18
-66
-53
52
57
3
-61
-83
44
127
-1
-109
-24
95
23
-83
-1
84
72
-38
-91
-25
86
98
-19
-74
-45
63
102
0
-101
-60
97
119
-55
-131
-1
115
57
-58
-95
-34
104
68
-77
-113
22
86
19
-87
-81
66
74
-58
-85
-8
43
41
5
-26
-25
-18
45
39
-1
-27
3
12
4
52
20
-48
-7
12
23
32
1
-7
-32
4
54
24
-24
-36
14
22
12
15
-48
-52
27
40
-36
-17
53
11
-74
-58
20
85
-9
-53
-38
-6
20
10
-1
-15
-23
-9
-8
14
30
-26
-53
12
57
25
-46
-51
26
92
6
-72
-42
75
61
-22
-32
20
24
-4
3
27
-12
-38
58
78
-58
-98
19
110
2
-130
-53
83
72
-32
-103
-49
77
69
-60
-87
-14
66
32
-53
-42
14
35
-10
-27
-27
-23
64
72
-96
-112
89
140
-16
-159
-36
115
93
-50
-81
59
58
-61
-40
32
83
31
-30
-52
-2
47
35
11
-64
-35
73
72
-34
-129
-33
140
109
-109
-191
41
189
40
-174
-127
87
162
-12
-189
-77
133
118
-73
-162
-3
164
81
-104
-162
15
187
100
-119
-151
56
166
21
-87
-46
40
57
5
-3
-39
-5
72
59
-74
-73
78
105
-25
-119
-42
124
97
-88
-123
-8
96
66
-32
-97
-24
61
17
-81
-26
55
76
-24
-150
-79
114
145
-51
-190
-68
150
151
-82
-221
-22
211
118
-111
-193
8
190
128
-128
-179
52
198
36
-155
-97
109
169
-31
-167
-24
130
113
-55
-157
-21
117
98
-40
-138
-65
87
146
-47
-188
-48
147
113
-158
-145
88
138
-32
-131
-47
106
88
-84
-154
10
147
69
-103
-127
30
150
34
-115
-76
83
94
-51
-59
18
72
66
-47
-90
-1
109
75
-45
-89
9
79
36
-25
-54
-23
85
70
-66
-99
15
100
37
-77
-74
32
76
-10
-74
-34
52
44
-51
-73
5
52
-6
-21
-21
-17
6
42
23
-29
-57
-5
80
49
-34
-75
17
76
26
-25
-23
49
14
-55
25
86
9
-85
-34
55
71
14
-91
-20
66
25
-5
-29
-37
27
26
-40
-49
41
81
-66
-129
-8
85
54
-34
-49
-25
2
2
5
12
-34
-31
5
10
24
-19
-62
23
76
-13
-58
-16
34
67
10
-70
1
48
13
-33
15
57
0
-37
3
49
20
-43
-7
59
22
-70
-46
59
60
-61
-69
12
54
19
-42
-79
-19
79
32
-51
-48
-8
14
22
-6
-28
-38
25
27
-22
-27
3
48
-7
-58
7
37
42
2
-46
-44
37
97
8
-69
-3
65
16
-59
-10
91
49
-69
-59
44
67
33
-47
-76
34
89
20
-87
-69
27
114
48
-134
-115
68
134
-8
-166
-25
117
60
-101
-102
47
54
-12
-30
-40
-13
43
79
-19
-118
-44
118
127
-57
-159
-9
176
122
-119
-182
88
194
-22
-163
-25
148
76
-97
-111
76
139
-35
-118
-3
72
34
-7
-51
-38
17
24
15
-11
-36
-35
18
12
-55
-2
59
42
-74
-114
-8
132
85
-103
-152
8
147
87
-115
-163
40
189
54
-138
-136
47
187
38
-149
-98
114
142
-25
-110
-25
91
81
-44
-73
20
86
49
-65
-109
-18
125
82
-90
-108
-16
102
56
-68
-93
-34
81
77
-100
-130
62
124
-46
-116
-15
77
64
-78
-96
4
121
43
-103
-93
29
133
41
-97
-69
54
62
-2
-28
0
40
57
-26
-81
-18
95
106
-32
-128
-15
114
79
-51
-97
-4
125
63
-83
-117
-2
123
83
-91
-150
31
159
2
-147
-72
99
96
-43
-118
-40
95
64
-69
-62
-9
39
64
-12
-64
-40
49
98
7
-101
-22
78
48
-16
-32
22
55
-11
-56
23
83
-16
-51
17
23
35
10
-41
-20
34
19
19
-2
-46
-18
34
-15
-14
25
13
-37
-45
-16
-1
57
19
-48
-69
-23
55
55
-32
-86
0
82
3
-61
-31
24
26
12
9
-8
-44
5
65
31
-57
-64
39
108
7
-73
-21
56
53
-15
-27
4
19
24
15
-30
-82
18
102
4
-98
-57
44
69
-10
-64
-62
7
74
-5
-39
-38
-14
35
39
-37
-48
31
5
-25
-4
-15
3
52
-13
-67
5
75
46
-42
-87
-3
82
87
-14
-68
1
51
20
-42
-9
71
40
-59
-59
40
113
4
-99
-52
110
78
-76
-105
29
74
32
-32
-63
-13
38
33
-19
-53
-7
13
16
-37
-57
18
50
30
-78
-115
44
158
6
-162
-63
140
133
-64
-128
-8
120
60
-23
-59
-50
63
93
-4
-105
-30
121
85
-70
-116
32
129
8
-96
-40
69
84
-50
-90
-6
62
37
-37
-48
-12
27
15
-48
-44
28
70
0
-108
-75
67
118
-15
-147
-66
88
101
-12
-117
-82
110
125
-39
-125
-50
98
125
-11
-137
-47
134
128
-84
-137
30
177
38
-144
-74
84
111
6
-93
-52
28
80
47
-71
-123
1
114
50
-91
-96
14
113
8
-105
-57
84
47
-75
-91
43
84
3
-82
-44
71
37
-27
-51
-54
51
92
1
-87
-13
65
26
-27
-5
41
41
-25
-58
-19
51
86
1
-70
-36
55
78
20
-46
-85
4
116
33
-113
-57
66
86
1
-98
-74
61
92
-31
-107
-26
71
47
-73
-107
22
111
30
-103
-114
46
128
19
-88
-80
56
86
1
-47
-33
31
52
16
4
-10
-18
16
31
1
-12
6
28
-7
-25
19
50
5
-30
-17
8
16
47
-13
-74
-20
26
36
23
-50
-54
5
15
-29
-8
46
35
-41
-105
-8
94
36
-83
-60
48
19
-15
6
-28
-18
41
42
-13
-53
-23
63
67
-31
-54
-16
73
41
-20
-37
23
64
1
-42
11
25
9
12
4
-33
-34
27
53
-7
-74
-45
40
71
-12
-94
-68
62
68
-50
-66
-6
11
11
4
-34
-29
20
26
-17
-52
1
76
14
-81
-43
63
93
7
-109
-41
54
74
44
-53
-32
25
41
-21
-38
62
60
-48
-60
36
61
15
-30
-44
15
40
18
-8
-26
-64
28
102
-6
-140
-39
99
86
-70
-120
11
104
0
-110
-30
55
49
-16
-82
-39
93
97
-44
-139
-22
136
99
-60
-130
-1
113
75
-23
-79
-5
88
25
-21
-56
16
69
20
-48
-41
53
77
-12
-88
-51
98
100
-68
-131
4
97
55
-73
-105
11
59
19
-83
-40
59
82
-12
-123
-89
98
144
-37
-180
-51
117
124
-57
-169
-4
168
73
-105
-119
26
133
49
-70
-81
-6
140
76
-99
-116
79
153
-19
-131
-35
105
102
-18
-114
-52
85
95
-48
-137
-20
104
69
-56
-100
-26
63
81
-89
-120
56
113
-19
-124
-44
114
57
-78
-104
1
94
47
-47
-45
-35
54
100
-15
-99
-44
72
76
-9
-43
8
81
20
-93
-56
81
95
-7
-80
-51
51
105
17
-87
-109
84
164
-46
-170
-35
130
138
-103
-187
18
165
52
-137
-123
67
120
-7
-159
-53
133
52
-91
-65
17
35
17
9
-22
-54
-19
80
78
-31
-108
9
105
36
-61
-66
75
101
-47
-90
15
125
19
-104
-68
79
145
-48
-138
27
90
44
-62
-81
21
72
-13
-81
24
86
-44
-102
-19
57
47
-6
-20
-31
-30
3
18
10
-14
-27
-31
16
79
-14
-111
11
88
60
-51
-95
-6
129
55
-89
-66
42
96
25
-46
-29
35
57
-10
-23
8
21
17
14
-26
-41
11
58
20
-57
-67
5
76
11
-54
-79
-4
75
26
-76
-51
27
46
-4
-74
-22
63
4
-50
-33
47
18
-2
-28
-38
17
51
30
3
-51
-58
45
108
9
-62
-13
32
15
-19
13
32
16
-37
-11
11
25
39
8
-79
-25
97
39
-73
-76
16
106
46
-109
-111
45
114
7
-131
-55
72
63
-47
-98
-9
58
53
-32
-103
-15
82
72
-53
-120
12
132
63
-86
-88
47
105
29
-55
-61
41
69
-13
-22
13
21
6
8
-8
7
19
2
4
-6
-31
19
88
6
-119
-79
107
108
-36
-120
-30
93
8
-106
-6
93
25
-85
-67
15
69
28
-45
-48
-31
55
89
-39
-148
6
149
58
-110
-109
75
137
-32
-122
-5
120
61
-71
-61
44
71
42
-50
-51
-4
76
87
-54
-116
-26
115
101
-75
-157
-14
142
57
-99
-98
10
66
45
-74
-66
26
59
-11
-76
-35
64
87
-41
-142
-25
127
67
-66
-120
-3
146
53
-93
-57
29
36
19
5
-1
5
40
2
-70
-48
78
146
-7
-147
-63
119
114
-39
-127
-25
115
74
-88
-98
26
88
65
-80
-139
25
136
9
-119
-65
78
64
-48
-86
-22
53
41
-5
-76
-73
40
120
24
-106
-79
75
140
-22
-148
-3
124
52
-66
-59
33
104
15
-115
-36
112
95
-74
-110
37
150
12
-142
-32
100
51
-30
-56
-21
34
1
-26
11
44
-26
-95
-10
48
6
-1
5
-10
-61
-25
45
60
-12
-77
-53
33
84
18
-92
-65
71
85
-23
-59
-29
20
97
29
-106
-50
106
112
-69
-106
37
136
23
-115
-48
86
112
-26
-106
-10
46
30
12
-3
-62
-57
46
106
-22
-116
-69
74
106
-70
-134
31
102
0
-87
-15
35
19
-47
-38
39
50
-25
-49
-14
39
26
-10
9
24
-23
-55
15
123
20
-83
-15
46
-5
-27
34
62
-7
-47
-17
26
61
16
-66
-69
52
83
2
-80
-62
54
110
-21
-153
-43
123
92
-83
-137
14
112
9
-101
-54
42
42
-9
-37
-35
12
53
0
-39
-45
-9
98
71
-73
-93
62
108
1
-58
-33
41
56
7
-13
-10
14
2
-11
18
39
8
-28
15
6
-40
25
46
-34
-63
9
38
47
-5
-78
-47
21
36
-31
-40
40
67
-55
-110
0
123
38
-90
-103
12
118
50
-111
-97
79
130
-7
-103
-85
62
160
22
-146
-83
133
131
-56
-124
-6
143
96
-100
-104
57
109
23
-61
-74
-12
90
55
-66
-121
24
125
0
-108
-65
33
61
-12
-71
-26
45
24
-39
-51
-16
57
38
-60
-86
34
85
45
-79
-113
46
143
14
-108
-50
51
70
9
-35
-30
71
60
-84
-75
56
114
15
-75
-50
49
68
3
-43
-78
7
147
47
-162
-116
94
148
-25
-162
-60
122
97
-55
-132
-30
107
65
-106
-126
66
110
-26
-97
-46
39
61
19
-44
-58
-14
70
94
-15
-116
-28
110
95
-78
-79
53
114
-37
-88
24
76
-5
-40
4
23
19
-4
-24
10
2
-10
38
10
-48
-33
3
58
4
-35
-27
-11
2
-21
-1
34
15
-22
-69
-32
63
81
-47
-90
0
54
23
-11
-37
-25
40
45
15
-46
-67
39
131
-5
-103
-34
112
67
-59
-61
28
87
25
-66
-49
68
88
-30
-91
-4
47
31
-15
-50
-50
10
58
36
-50
-101
-43
91
58
-88
-59
37
52
-14
-63
-27
50
36
-71
-45
58
34
-21
-36
-32
24
54
25
-6
-79
-28
71
51
14
-19
-15
11
14
7
-21
18
66
12
-94
-72
102
138
-21
-196
-29
201
72
-135
-137
56
160
22
-156
-84
126
60
-73
-62
16
25
-10
-3
-40
-24
16
26
-7
-62
-36
65
76
-18
-128
-38
142
126
-45
-169
-9
159
82
-69
-106
26
125
21
-65
-49
36
55
18
-28
-26
24
39
-1
-49
-51
57
92
-39
-93
-20
30
63
31
-75
-83
13
78
-13
-69
-14
74
26
-82
-69
34
86
-11
-90
-35
40
83
2
-127
-34
111
82
-43
-109
-44
129
138
-95
-156
31
190
45
-133
-78
84
140
-14
-120
-26
77
69
-8
-83
-34
54
51
-3
-61
-54
3
64
26
-33
-97
-13
89
38
-110
-56
85
56
-87
-86
70
105
-59
-128
-1
135
24
-90
-53
13
58
44
-5
-55
-23
18
53
25
-23
-14
54
35
-80
-66
71
125
2
-110
-57
78
116
16
-130
-93
120
171
-77
-193
-10
153
86
-102
-140
15
148
12
-113
-73
50
72
1
-84
-72
22
90
24
-112
-115
89
159
-39
-160
-24
130
106
-60
-140
9
124
39
-72
-24
62
43
-8
-53
-1
52
38
-22
-45
7
25
40
2
-42
-27
13
112
11
-149
-33
111
31
-85
-3
57
-9
-77
-51
27
71
27
-74
-63
4
43
36
-21
-45
-25
1
32
57
-31
-100
26
107
4
-74
-43
25
86
61
-102
-83
78
130
-21
-124
-5
139
54
-115
-50
79
59
0
-33
-41
9
40
45
-24
-86
-40
73
54
-71
-59
40
37
-17
-58
-24
32
5
-12
-10
-28
2
22
0
-38
-32
36
25
-9
-29
-37
24
59
26
-11
-58
-34
36
72
22
-29
0
25
-3
-20
20
35
21
-43
-41
31
63
27
-61
-74
39
94
4
-86
-66
55
118
-13
-152
-10
107
27
-94
-78
47
67
0
-83
-42
33
9
23
-19
-82
-11
68
83
-29
-128
-43
139
138
-76
-178
-1
181
115
-108
-150
49
169
2
-119
-26
76
66
-22
-57
11
58
30
-32
-67
-16
91
40
-58
-44
-9
2
76
38
-91
-95
33
104
-44
-109
10
108
16
-115
-80
82
123
-45
-154
-54
144
137
-114
-188
67
175
21
-136
-104
70
144
22
-111
-52
76
94
-19
-72
-3
63
56
-27
-35
-5
57
47
-16
-49
-60
44
94
6
-113
-78
66
118
-35
-113
-50
48
91
-35
-118
6
86
11
-80
-50
51
56
-42
-97
6
73
55
-18
-128
-52
133
128
-82
-143
15
133
39
-50
-51
30
69
16
-65
-65
70
105
-13
-98
-25
81
60
-17
-71
-44
86
99
-61
-127
-28
119
111
-97
-160
31
156
28
-150
-111
96
120
-46
-143
-29
117
50
-73
-108
-1
103
41
-50
-63
-4
67
62
-9
-75
-20
71
56
-7
-48
-9
55
65
-52
-74
58
101
3
-97
-56
137
95
-103
-108
66
86
-7
-59
-25
20
16
-16
-3
7
3
-35
-47
-12
23
21
2
11
-43
-73
16
85
26
-97
-80
47
105
23
-107
-85
73
120
-5
-96
-70
51
122
-1
-121
-21
118
63
-61
-65
42
79
24
-59
-47
36
82
11
-67
-42
20
66
10
-56
-58
0
64
32
-74
-46
5
24
19
-13
-53
-23
34
19
-34
-49
7
69
-21
-78
-9
65
28
-20
-64
4
70
18
-22
-22
3
-2
28
49
-5
-26
34
6
-59
-25
78
96
-28
-97
-14
94
53
-31
-79
-24
82
80
-53
-95
-25
87
96
-63
-142
-13
123
63
-95
-118
32
108
-2
-122
-53
68
66
-23
-97
-42
79
69
-20
-75
-49
62
110
13
-117
-62
100
97
-28
-70
-1
73
22
-27
-37
31
54
4
-52
-17
46
57
-38
-53
13
19
18
16
-36
-31
13
8
56
-16
-79
-29
42
6
-48
-7
49
23
-71
-83
25
101
25
-102
-82
61
66
6
-46
-69
25
92
55
-81
-137
49
190
6
-156
-46
155
85
-93
-96
50
109
38
-49
-58
-1
92
57
-65
-87
-11
107
71
-85
-130
24
122
32
-101
-80
25
68
8
-77
-49
40
41
-21
-48
-28
49
61
-51
-123
30
111
47
-96
-123
64
133
22
-84
-72
8
82
54
-33
-64
39
76
-10
-93
2
127
49
-88
-73
38
92
51
-60
-100
-20
122
62
-84
-108
1
119
88
-104
-167
49
163
-15
-186
-45
138
86
-96
-125
46
91
-19
-83
-31
37
45
11
-26
-40
-16
43
77
-8
-84
2
83
20
-40
-14
26
50
-23
-45
40
59
-1
-43
-29
41
65
-7
-64
-22
22
48
36
-55
-64
45
39
-12
-32
2
30
-19
-53
-42
26
60
6
-49
-64
-5
61
35
-25
-57
-19
31
27
42
-39
-87
41
116
16
-131
-83
124
150
-84
-130
26
143
28
-120
-22
104
54
-61
-58
22
68
66
-26
-77
-12
30
23
5
-20
-54
-18
49
45
-45
-90
4
69
2
-84
-9
58
-12
-50
14
16
-15
-28
-16
2
25
-4
8
-19
-27
12
44
11
-18
-34
-5
15
36
40
-30
2
52
-22
-55
7
89
54
-66
-65
24
84
53
-51
-90
5
116
27
-82
-101
36
132
34
-132
-96
94
95
-42
-122
-25
108
35
-93
-70
47
43
2
-30
-63
-38
56
104
-13
-123
-44
123
104
-56
-136
16
124
28
-38
-59
22
74
7
-48
-9
28
25
22
-33
-43
53
77
-23
-70
-36
59
93
-30
-105
-58
72
112
-25
-113
-33
44
48
-65
-52
55
45
-4
-95
-60
56
75
-6
-79
-56
22
81
46
-102
-96
79
138
6
-146
-80
127
144
-61
-132
8
130
57
-96
-75
68
102
-6
-60
-16
46
35
10
-27
-74
-8
99
76
-98
-150
40
169
10
-148
-65
75
94
-53
-141
22
130
24
-133
-94
88
123
-36
-165
-53
141
109
-49
-130
-34
107
90
-32
-79
-16
43
46
12
13
-13
-4
17
3
-52
-5
101
57
-84
-87
50
112
35
-103
-90
85
157
-35
-170
-57
137
122
-75
-165
-15
143
48
-110
-97
29
101
22
-109
-79
37
79
7
-84
-105
50
146
-12
-130
-50
75
112
-18
-103
-31
80
75
-33
-39
-1
62
32
-38
-32
28
65
4
-59
-37
68
95
-43
-77
20
27
28
-18
-27
-3
0
12
-7
3
4
-38
-37
14
6
-2
4
-7
-16
-41
-5
46
31
-41
-69
0
62
64
-30
-108
1
99
39
-37
-65
-24
108
62
-69
-66
64
92
-39
-60
14
88
17
-46
-25
50
39
-7
-16
-18
-25
16
48
12
-70
-56
44
53
-36
-56
-14
30
19
-38
-48
42
46
-32
-58
-5
34
10
-33
-57
23
77
-24
-85
6
44
52
-12
-44
12
16
-32
2
56
43
-21
-25
22
-12
-23
30
72
10
-73
-36
47
70
12
-55
-66
41
96
-18
-103
-22
59
48
-16
-81
-6
40
18
-35
-56
24
67
-9
-107
-44
54
49
-8
-73
-53
48
73
6
-61
-58
7
97
71
-52
-97
22
81
57
-10
-69
-34
86
78
-50
-71
31
71
32
-55
-30
69
27
-43
-36
-17
57
61
-16
-94
-72
85
132
-30
-134
-53
85
53
-74
-69
43
73
-25
-124
-38
115
74
-81
-101
-7
92
70
-74
-107
31
116
29
-61
-63
-25
113
68
-81
-92
69
131
-17
-112
-39
113
111
-37
-112
-31
116
102
-61
-126
-32
99
100
-61
-137
-16
116
66
-95
-94
19
51
13
-55
-43
41
17
-28
-35
10
29
1
-32
-27
-23
18
47
19
-78
-88
87
127
-10
-121
-55
97
94
-31
-75
21
87
-5
-59
-24
49
77
-4
-64
-21
46
65
6
-62
-69
56
110
-16
-121
-70
84
136
-28
-179
-51
147
84
-127
-140
64
141
-5
-144
-64
98
89
-60
-130
-12
138
39
-68
-62
-11
42
74
35
-74
-70
45
113
13
-63
-34
69
55
-77
-47
89
65
-51
-64
33
76
24
-64
-52
28
46
30
-10
-72
-15
68
5
-38
-5
8
-17
-35
-3
10
24
5
-10
-49
-54
7
70
41
-60
-90
22
85
55
-100
-109
67
151
-17
-121
-21
64
75
-11
-61
-7
65
38
-43
-28
39
37
18
-13
-20
-3
51
40
-54
-38
3
50
55
-46
-117
8
112
17
-101
-56
37
52
-25
-89
4
91
-11
-116
-4
101
3
-94
-43
37
63
0
-64
-23
37
41
-15
-18
33
-3
-64
0
60
55
-8
-29
19
2
-42
9
79
27
-69
-24
46
22
-28
15
37
-43
-26
68
37
-77
-75
43
111
-33
-140
-4
129
40
-136
-90
84
88
-51
-113
4
94
1
-56
-54
-4
46
46
-17
-45
-46
42
87
17
-75
-65
44
108
52
-64
-108
46
124
5
-97
-21
107
30
-49
-60
50
85
-33
-60
18
29
-5
1
-1
-19
-35
8
83
-10
-110
-14
70
2
-82
-3
74
27
-77
-85
30
100
19
-86
-94
27
97
38
-70
-98
49
109
34
-76
-96
24
125
42
-90
-76
105
109
-82
-105
49
119
18
-94
-31
73
65
-13
-65
-33
33
50
35
-47
-96
-10
96
44
-75
-96
-12
87
56
-102
-94
95
99
-83
-137
19
115
38
-129
-99
86
105
-21
-90
-57
63
92
1
-56
-48
3
65
41
-2
-38
10
70
-1
-74
-35
89
101
-46
-129
-7
131
84
-71
-117
14
115
63
-77
-126
-2
135
90
-119
-155
79
131
-39
-141
-23
121
50
-110
-107
60
88
-32
-50
-54
22
72
29
-50
-78
4
101
90
-59
-109
3
129
56
-100
-64
61
121
-2
-92
-32
83
75
-36
-76
35
69
5
-64
-2
37
0
21
-7
-52
-13
37
24
-16
-33
-5
3
-17
-23
2
18
12
9
-63
-56
55
70
-19
-88
-46
67
61
-14
-62
-66
53
79
7
-43
-85
37
144
-28
-97
-6
104
33
-61
-36
46
78
-12
-64
10
68
40
-43
-43
-6
10
44
24
-48
-74
17
81
-3
-80
-38
27
34
-12
-56
-16
21
16
-33
-21
-1
24
14
-52
-33
52
37
-25
-27
-9
18
40
-3
-18
-3
4
8
5
25
20
17
-13
-28
4
16
56
21
-31
-63
13
87
46
-53
-102
36
104
5
-80
-55
19
88
41
-80
-95
37
76
-5
-79
-50
50
65
-56
-109
33
78
-5
-60
-49
16
65
10
-37
-44
1
67
73
-37
-88
12
90
39
-54
-32
44
77
-32
-74
36
78
-11
-40
-4
48
12
-21
15
23
-58
-18
101
22
-104
-76
56
114
-5
-104
-56
46
65
-52
-76
38
86
-31
-123
-16
107
32
-50
-40
-18
9
29
29
-53
-56
38
93
29
-112
-112
126
173
-87
-152
20
157
45
-115
-70
77
117
-12
-126
-25
114
75
-47
-86
-8
42
41
-8
-34
-57
-4
90
16
-106
-63
44
81
-29
-118
3
94
-4
-80
-34
43
50
-12
-70
-37
57
53
-12
-49
-30
29
50
35
-38
-67
-2
80
50
-27
-47
51
58
-53
-61
38
105
22
-97
-68
71
114
14
-127
-90
120
137
-61
-141
-20
88
81
-31
-127
-42
124
52
-95
-116
40
118
-7
-120
-67
83
63
-46
-47
-31
24
46
20
-40
-70
2
112
90
-95
-132
78
146
-31
-93
28
64
24
-43
-29
33
60
4
-46
-19
43
69
3
-85
-44
71
78
-33
-97
3
61
13
-22
-26
-14
12
-13
-17
-49
4
79
38
-83
-98
18
99
38
-75
-72
10
80
42
-57
-102
25
112
0
-53
-44
10
75
21
-21
-39
13
64
39
-68
-63
93
90
-37
-87
3
105
48
-67
-84
15
69
32
-31
-73
-10
63
31
-57
-18
-7
-22
-3
3
11
32
-44
-56
24
44
-5
-54
-12
-8
1
41
3
-29
-38
-13
78
40
-47
-23
17
-1
0
40
38
-25
-11
20
-13
-17
24
63
5
-45
-27
19
59
33
-64
-76
39
101
-18
-89
-1
45
15
-14
-53
5
53
-15
-52
-29
17
30
-7
-47
-33
16
21
13
-27
-57
11
78
4
-74
-51
53
93
1
-81
-14
60
38
-9
-3
10
-3
5
8
20
19
-14
4
16
-1
-3
25
33
-23
-51
-17
102
56
-103
-99
30
100
23
-78
-53
7
9
12
-24
10
2
-32
-10
27
-19
-26
28
40
-41
-106
23
152
6
-165
-46
159
92
-114
-150
58
203
23
-172
-84
127
161
-53
-165
-17
185
102
-130
-108
78
107
3
-71
-29
23
10
44
5
-91
-46
73
47
-38
-77
-27
48
71
-54
-111
40
84
-42
-73
-5
56
8
-21
-37
-32
39
56
9
-85
-70
105
105
-44
-115
-11
107
42
-34
-46
28
67
15
-66
-58
76
117
-30
-102
-38
79
107
8
-143
-75
144
133
-87
-140
-16
90
83
-8
-125
-62
75
94
-35
-153
-22
148
38
-130
-104
93
98
-47
-105
-37
111
64
-51
-66
-13
45
61
8
-71
-24
61
46
10
-37
-26
48
55
-38
-43
36
68
-11
-78
1
78
66
-48
-61
-26
50
77
-28
-80
-25
23
55
38
-58
-70
12
42
-7
-69
-18
77
44
-69
-117
50
115
-38
-108
10
44
15
33
-55
-85
34
114
26
-102
-68
42
121
18
-79
-44
51
105
-30
-102
9
138
46
-108
-64
77
90
-4
-73
-43
26
42
63
-37
-132
-30
147
68
-110
-105
47
67
-27
-92
-12
84
22
-90
-34
48
33
-21
-50
-17
45
8
-43
9
17
-21
12
51
-12
-45
-14
53
37
-6
-11
0
49
-6
-31
-17
29
60
-2
-54
-14
37
60
-4
-41
-55
42
99
-23
-123
-51
99
110
-39
-162
-15
128
40
-96
-78
61
66
-56
-88
-11
57
33
-15
-79
-45
57
63
-19
-51
-32
46
48
17
-21
-44
18
19
48
32
-44
-15
21
15
14
6
-1
-4
-14
1
50
54
-59
-73
24
86
30
-70
-70
26
47
9
11
-17
-37
-35
4
23
5
-32
-9
20
-16
-62
17
59
2
-37
-63
1
55
42
-30
-74
10
84
47
-51
-110
28
144
30
-109
-56
91
73
-49
-60
35
93
36
-88
-63
68
115
-16
-128
-7
77
49
-19
-81
-51
68
72
-31
-91
-10
35
-10
-6
-14
-34
18
30
-20
-64
-2
37
47
-44
-115
25
115
36
-79
-90
47
101
12
-51
-62
-3
77
47
-32
-36
36
56
-24
-82
17
100
28
-45
-22
-4
16
81
3
-89
-65
110
112
-75
-155
-25
141
125
-100
-206
25
197
42
-199
-127
135
139
-64
-159
-13
108
56
-79
-107
24
90
48
-69
-100
27
120
71
-85
-91
37
98
9
-32
0
5
50
15
-34
-4
27
32
0
-44
-11
72
33
-62
-28
35
42
24
-51
-58
1
30
30
7
-35
-39
4
25
-9
-47
3
51
12
-96
-39
73
53
-49
-77
-18
66
42
-10
-37
-53
13
84
26
-41
-87
20
130
11
-94
-58
97
95
-53
-103
43
124
1
-80
-41
44
110
7
-110
-49
53
69
4
-86
-65
52
65
-26
-60
-20
3
-13
0
-11
31
0
-57
-8
30
5
-18
-28
-17
-7
40
18
-5
-12
-47
17
65
43
-55
-57
21
57
8
-11
22
25
-3
-52
1
47
36
0
-13
-3
-13
1
56
45
-90
-56
108
58
-77
-107
-2
126
64
-117
-114
69
107
-38
-124
-14
109
16
-83
-68
55
41
-28
-15
-36
-7
30
37
8
-80
-51
90
124
-44
-157
22
156
29
-90
-50
82
96
-68
-84
64
82
-43
-49
44
46
-3
-18
-10
4
-19
0
42
-3
-58
-45
34
76
19
-81
-70
-10
72
7
-62
-29
65
49
-82
-95
51
114
-2
-119
-67
75
87
-14
-107
-44
113
77
-54
-69
-52
76
97
-47
-81
28
91
36
-58
-73
53
108
8
-88
-45
66
120
-28
-122
-14
75
71
-47
-85
-11
69
35
-53
-47
18
-1
12
-4
-39
-15
34
11
-33
-34
2
30
25
-61
-61
50
76
2
-94
-59
89
99
-32
-87
-20
60
52
-16
-9
14
32
-8
-54
-6
50
47
19
-40
-43
-2
72
60
-62
-120
37
155
31
-163
-130
90
188
-4
-229
-87
214
123
-166
-191
60
203
8
-213
-104
161
127
-100
-154
-7
122
69
-57
-97
-10
60
78
16
-71
-63
72
99
-19
-73
-30
64
101
-65
-82
55
95
-24
-69
25
49
24
-10
-20
-13
9
34
25
-59
-65
23
63
23
-37
-43
-6
-3
19
-16
-51
24
52
-13
-83
-25
79
48
-52
-76
-9
65
83
-35
-148
-21
164
73
-89
-104
5
135
60
-102
-83
89
110
-33
-113
5
129
61
-66
-61
20
85
43
-58
-89
8
86
63
-69
-117
11
110
31
-103
-46
50
-6
-27
10
-8
10
-11
-50
0
44
8
-42
-27
15
10
-23
-15
24
3
-55
17
76
12
-56
-36
13
36
30
3
-36
7
32
1
-19
20
42
-10
-14
5
-11
7
28
13
-25
-19
30
12
-41
-19
22
58
18
-92
-55
76
50
-70
-81
29
61
13
-73
-73
22
64
13
-63
-78
26
96
31
-72
-81
52
106
18
-92
-55
85
89
-44
-56
46
55
3
-50
7
45
4
-50
10
61
1
3
-7
-14
-5
-9
60
25
-60
-34
-12
15
55
20
-50
-68
-9
60
7
-50
6
35
-8
-64
-25
65
47
-46
-79
-4
55
34
-19
-82
-13
113
77
-78
-132
-15
168
91
-119
-118
74
158
-26
-121
-36
121
86
-44
-92
-14
106
105
-82
-123
12
94
73
-47
-135
-37
124
92
-111
-135
36
95
17
-103
-53
96
48
-84
-73
29
64
-1
-40
-38
-15
63
44
-38
-52
-33
72
68
-34
-68
-17
62
49
4
-14
-24
52
19
-44
-48
49
112
11
-89
-58
41
89
39
-87
-100
88
158
-47
-177
-35
146
106
-89
-147
18
118
18
-107
-68
78
84
-57
-116
-8
82
64
-60
-99
-36
102
73
-50
-88
-30
96
88
-11
-139
-38
143
84
-74
-82
33
117
25
-100
-28
75
61
-33
-63
15
57
55
-27
-89
-19
82
90
-40
-118
-24
76
67
-21
-86
-25
26
4
-13
-31
0
60
15
-64
-58
8
50
41
-41
-96
1
86
58
-65
-102
26
126
62
-91
-141
26
188
24
-158
-43
147
107
-115
-112
85
120
3
-106
-25
94
52
-25
-51
-17
7
26
53
-26
-110
14
84
12
-84
-24
8
3
12
-24
-39
7
43
-6
-62
-6
47
5
-63
-38
41
55
-9
-31
-50
17
75
30
-30
-65
-25
50
60
12
-33
-37
68
30
-43
-19
43
53
-9
-50
-34
41
95
-19
-103
-21
91
61
-86
-75
6
69
43
-38
-85
29
64
-18
-61
-51
43
61
-36
-93
-10
53
19
-27
-48
-30
48
50
-5
-79
-16
79
54
-36
-52
18
50
14
-5
-10
7
51
10
-31
1
25
19
-7
-39
1
64
25
-22
-11
-22
-15
62
28
-52
-72
31
79
12
-80
-36
2
16
18
-31
-15
38
-6
-46
-41
27
54
14
-49
-80
14
95
22
-84
-65
57
76
16
-49
-72
6
129
56
-109
-88
84
118
-45
-114
16
121
35
-86
-53
58
85
3
-70
-43
29
55
6
-60
-58
20
62
8
-77
-41
13
29
-6
-40
-5
10
5
-7
-28
-16
12
28
-17
-61
-8
58
36
-30
-86
37
104
-20
-67
-8
38
9
-5
59
24
-51
17
30
-10
-27
32
65
-23
-79
-20
93
90
-28
-129
-48
125
122
-92
-148
1
139
68
-105
-121
40
113
-12
-108
-33
80
45
-72
-79
25
70
20
-78
-77
34
98
11
-72
-66
57
87
10
-47
-30
25
43
8
-4
-8
7
48
-1
-57
-9
47
76
-23
-84
3
112
52
-115
-80
92
112
-30
-105
-23
60
0
-19
21
7
-60
-38
44
24
-56
-21
46
19
-91
-77
53
117
12
-124
-96
66
130
-6
-134
-57
104
108
-33
-106
-45
93
117
-83
-120
75
139
-8
-144
-17
123
87
-63
-96
31
99
42
-55
-43
27
6
-2
39
-30
-88
14
96
3
-103
-67
40
75
-14
-85
3
67
11
-86
-43
53
48
-32
-81
-11
81
59
-28
-78
-37
65
84
-4
-73
-45
39
75
14
-31
-22
53
48
-28
-66
31
81
-9
-46
5
22
9
29
19
-49
-63
72
111
-47
-164
-29
172
127
-152
-184
92
155
-28
-165
-37
128
48
-108
-98
43
93
-22
-84
-51
69
70
-40
-35
-12
17
45
6
-16
-25
-2
34
19
22
17
-28
14
37
-33
-18
43
47
5
-67
-17
80
40
-40
-45
7
32
41
-36
-74
2
55
37
-33
-60
20
12
-33
-29
36
18
-16
-27
-18
-22
9
48
29
-78
-80
63
92
3
-106
-82
77
131
-7
-99
-83
78
117
-18
-85
-23
75
81
-55
-72
44
88
16
-56
-63
45
119
-14
-114
-33
81
96
-42
-131
-27
102
56
-81
-93
34
55
-17
-21
-34
8
33
-24
-37
-4
13
16
0
-55
-22
46
19
-9
-26
-28
32
54
1
-48
-52
27
85
3
-46
-28
73
71
-61
-105
31
143
48
-116
-94
60
159
11
-157
-75
93
152
-35
-148
-19
68
71
17
-105
-76
78
80
-51
-121
-3
119
30
-117
-88
72
85
-15
-117
-63
91
95
-54
-84
-1
65
43
-20
-19
-21
28
46
7
0
-22
5
51
-11
-19
6
59
12
-56
-38
51
76
-12
-81
5
27
40
22
-64
-74
40
79
15
-78
-34
37
2
-29
-31
0
55
36
-61
-100
20
102
5
-52
-71
3
66
61
-33
-99
-41
104
75
-53
-83
2
110
51
-78
-70
59
93
-32
-82
6
127
60
-99
-65
47
91
32
-79
-50
21
45
42
-19
-84
-50
45
79
-31
-83
-8
41
6
-50
-42
64
42
-74
-74
46
71
-23
-71
-64
41
99
-27
-89
-6
36
47
9
-32
-32
-9
43
44
-2
-16
-19
33
41
-29
-52
34
75
1
-66
-5
40
30
20
-11
-63
-3
89
30
-88
-90
29
145
42
-163
-115
110
135
-52
-171
-8
126
23
-108
-75
63
43
-13
-55
-35
25
48
40
-44
-81
6
113
41
-77
-61
34
64
18
-10
-21
12
44
-11
-37
26
54
-4
-24
4
-8
28
50
-23
-58
-2
63
58
-89
-71
19
68
36
-50
-40
-32
13
42
-25
-44
1
42
21
-80
-61
63
86
-40
-128
-6
110
76
-55
-133
-19
122
87
-60
-135
-27
195
84
-149
-113
104
161
-44
-151
2
154
52
-79
-50
20
86
40
-67
-56
1
51
66
-26
-123
-30
101
51
-78
-35
6
-11
1
-11
-12
5
-12
-1
13
-33
-19
31
32
-63
-40
49
40
-12
-68
-21
68
57
-10
-64
-38
52
50
32
-14
-20
14
10
3
-1
1
44
16
-34
-48
20
58
42
-59
-79
52
101
0
-114
-59
64
113
-22
-163
-23
142
57
-133
-144
61
161
-9
-169
-64
119
89
-71
-113
2
95
32
-71
-50
27
80
27
-36
-50
6
82
19
-60
22
57
0
-48
-7
47
40
-23
-19
8
19
0
21
30
-35
-31
15
63
3
-85
-28
60
34
-11
-60
-22
22
-1
-16
-28
25
32
-7
-49
-65
13
74
25
-50
-76
3
72
51
-71
-93
33
118
44
-68
-102
2
155
72
-141
-98
118
159
-72
-169
50
196
20
-178
-47
145
114
-67
-137
7
85
37
-23
-69
-53
45
83
-22
-124
2
111
-2
-108
-41
69
60
-56
-86
11
78
6
-65
-45
3
23
31
1
0
-41
-33
70
62
-43
-55
1
64
25
-18
-3
24
26
-5
-12
-22
16
64
22
-53
-53
34
85
-17
-91
-28
98
81
-81
-100
9
95
32
-112
-64
77
55
-60
-70
-2
59
41
-69
-88
7
65
36
-43
-83
-6
76
31
-22
-77
-37
94
119
-43
-128
-6
162
47
-117
-61
92
90
-46
-92
16
98
55
-86
-65
64
85
-5
-60
0
18
-6
34
17
-50
-66
12
86
17
-75
-49
-3
18
32
-12
-23
3
15
-13
-40
-18
53
45
-44
-82
11
86
35
-107
-80
103
91
-24
-54
-58
21
100
28
-72
-52
75
72
-50
-69
30
81
13
-40
-23
40
66
13
-75
-26
25
39
20
-58
-64
13
69
13
-71
-54
-8
50
43
-49
-84
36
67
-25
-80
-9
56
25
-56
-73
38
69
-8
-43
-56
8
77
65
-37
-88
-33
90
69
-14
-62
-9
91
24
-97
-32
97
88
-42
-79
-29
53
111
-9
-108
-50
83
107
-46
-133
-22
119
59
-74
-85
33
55
-12
-76
-17
68
17
-80
-57
38
37
-13
-6
-50
-28
85
55
-67
-89
16
93
70
-40
-92
4
104
16
-47
7
44
19
-36
-15
40
33
-13
-19
-22
17
56
26
-43
-35
36
55
1
-52
-27
8
3
15
16
-30
-25
-19
-5
20
-8
-29
2
26
-8
-70
-25
73
48
-86
-85
41
92
-20
-71
-15
37
59
28
-67
-106
95
147
-69
-138
47
175
-4
-168
-32
158
105
-91
-110
73
111
8
-71
-45
22
34
8
-6
-25
-52
12
51
8
-56
-24
7
11
-10
-50
19
52
-22
-65
-9
44
29
-35
-76
-21
79
49
-51
-69
-14
90
56
-58
-45
21
37
0
-29
43
29
-23
-8
15
6
-4
41
25
-32
-22
-9
54
42
-38
-53
4
81
54
-87
-103
30
102
45
-92
-97
39
90
-1
-108
-46
72
39
-53
-75
21
51
-6
-52
-68
33
93
-1
-68
-50
43
95
22
-84
-85
67
102
1
-74
-11
68
51
-54
-45
51
56
-29
-27
11
29
20
2
-28
-19
10
13
50
-16
-88
-13
69
36
-42
-49
2
-23
-1
6
16
-4
-32
4
-22
-34
28
63
-7
-85
-45
75
71
-16
-109
-61
116
111
-36
-113
-64
120
116
-66
-102
22
108
12
-78
-12
99
53
-52
-62
15
62
50
-22
-74
-8
45
58
6
-97
-52
60
78
-27
-112
-22
68
48
-39
-74
-13
64
2
-44
-14
14
15
-4
-40
-42
47
39
-6
-53
-36
41
75
7
-85
-75
69
99
-4
-29
-8
19
37
-20
-66
18
110
54
-85
-89
16
126
51
-94
-130
28
179
28
-158
-88
62
121
24
-137
-84
89
87
-40
-120
-7
124
23
-138
-85
77
114
-18
-149
-64
123
116
-65
-116
-22
77
83
-18
-60
0
59
30
-28
-12
24
41
18
-56
-17
64
63
-31
-70
18
69
41
-29
-58
6
36
21
-12
-46
-8
8
17
45
-26
-63
-1
-7
21
2
-32
-18
38
16
-63
-50
66
40
-16
-70
-21
64
39
1
-91
-55
96
107
-42
-129
-32
126
103
-64
-112
50
107
-8
-78
-12
103
60
-92
-65
53
107
17
-111
-41
91
40
-45
-32
-14
28
-12
-14
-10
-7
10
-40
-11
17
-26
8
28
-48
-58
14
49
24
-56
-95
13
125
43
-108
-97
54
128
24
-97
-67
55
75
-9
-36
42
45
-22
-42
-1
32
38
-4
-37
10
42
29
0
-23
-25
-22
24
91
-10
-112
-37
60
105
-8
-124
-44
75
80
-70
-129
34
126
2
-159
-64
133
91
-91
-141
34
136
-6
-96
-17
56
47
-14
-17
15
10
8
29
19
11
-20
-1
28
-14
-8
26
19
7
-12
-13
11
48
14
-61
-12
20
60
-10
-80
-15
25
35
26
-57
-49
25
20
-16
-31
0
-6
18
19
-59
-45
37
37
6
-46
-78
22
111
30
-123
-80
107
118
-38
-129
-62
141
126
-65
-141
10
163
17
-112
-21
94
54
-63
-35
32
55
26
-54
-30
6
27
60
-25
-105
-52
94
94
-89
-109
19
67
6
-52
-51
15
33
-6
-19
-29
-6
27
25
-19
-60
5
71
17
-86
-61
87
101
-40
-111
-4
104
53
-21
-56
-13
68
32
-43
-39
42
57
6
-46
-39
35
82
9
-75
-62
64
89
-10
-101
-76
65
116
12
-145
-64
110
75
-79
-122
24
117
-29
-124
-30
94
32
-55
-62
-36
70
62
-23
-72
-31
105
78
-67
-84
31
90
18
-53
-5
61
27
-38
-35
21
46
18
-13
-12
-3
20
56
-4
-57
-19
32
46
3
-68
-28
16
29
42
-33
-48
-24
3
42
-6
-46
-22
41
22
-87
-53
62
104
-32
-153
-10
117
67
-101
-124
57
149
21
-81
-84
13
103
12
-53
-18
55
63
-39
-74
28
94
32
-76
-49
54
97
4
-109
-30
51
62
-12
-73
-33
45
26
-14
-68
-4
31
-14
-33
-24
27
44
-32
-77
-4
60
12
-22
-54
-24
31
45
-25
-49
-16
32
63
19
-27
-75
-34
84
81
-30
-51
21
75
-27
-61
7
68
50
-35
-22
-26
5
80
37
-89
-82
64
100
-17
-80
-65
49
127
-18
-158
-39
119
44
-110
-75
84
76
-81
-107
27
97
-4
-73
-71
48
95
-31
-69
14
38
5
11
5
-16
-12
32
31
5
1
-15
5
32
-9
3
2
14
14
3
-12
39
42
-35
-70
-3
71
56
-48
-95
10
82
47
-41
-42
-9
-1
-12
6
-10
0
4
-8
-36
-26
41
32
-23
-43
-42
24
51
30
-58
-81
81
76
-22
-51
-54
36
96
19
-82
-26
92
56
-81
-74
84
121
-36
-118
-21
129
81
-72
-91
21
69
10
-17
-46
-44
23
39
2
-42
-36
0
24
9
-48
-32
63
14
-59
-37
37
18
0
-29
-53
15
70
15
-53
-74
34
113
13
-77
-60
48
71
6
-41
-18
49
68
-30
-78
11
90
63
-73
-64
20
58
57
7
-84
-47
51
107
-7
-139
-84
110
164
-86
-184
18
166
9
-141
-84
116
80
-84
-124
-1
109
65
-81
-126
27
112
23
-70
-57
41
70
1
-31
-7
3
46
23
-9
-1
-14
7
22
-12
-9
35
34
-6
-42
-5
57
38
-53
-38
20
32
20
-27
-48
-21
23
75
20
-88
-54
17
36
-3
-50
-19
43
22
-38
-57
13
39
27
-27
-55
2
40
15
-21
-53
9
53
47
-25
-99
4
123
15
-86
-21
77
59
-37
-72
17
115
23
-94
-27
93
69
-52
-87
7
71
26
-43
-28
-9
24
-2
-34
-10
16
-20
-20
3
-7
1
9
-15
-36
-4
22
19
-16
-44
-35
57
68
-33
-59
-36
51
67
5
-51
-34
29
61
-6
-15
-6
26
24
-18
-21
10
66
11
-54
-41
38
78
1
-50
-41
-4
91
54
-98
-113
29
143
48
-155
-110
106
93
-66
-112
7
93
3
-71
-51
27
50
3
-48
-64
25
74
-7
-44
-29
26
59
13
-42
-36
50
59
-34
-28
32
45
-3
-47
-4
58
31
-41
-20
6
48
40
-34
-53
19
44
4
-17
-28
-27
4
63
23
-53
-58
28
22
-28
-49
0
44
16
-32
-70
1
57
40
-31
-67
-18
44
44
8
-85
-70
76
115
-3
-113
-65
101
121
-53
-104
41
110
-8
-87
-6
85
64
-44
-69
8
63
67
-37
-90
-10
72
70
-48
-119
-8
90
41
-89
-62
67
13
-57
-33
35
26
-33
-29
6
7
-21
27
26
-63
-74
66
97
-32
-112
-42
122
123
-61
-129
-22
106
89
-46
-62
24
84
13
-82
-21
68
60
-25
-30
-20
-13
44
79
-26
-123
-9
162
51
-141
-111
51
173
20
-192
-100
144
128
-91
-181
34
162
-22
-141
-38
73
53
-32
-70
-49
48
78
-8
-74
-36
54
81
1
-56
-47
54
84
-30
-36
13
16
24
12
-11
-10
42
40
-37
-46
15
93
18
-95
-17
62
27
-21
-44
-16
7
35
38
-38
-72
27
28
-22
-58
-16
61
44
-55
-70
1
48
27
-28
-54
-39
77
64
-20
-114
-37
147
64
-88
-88
30
99
18
-58
-19
67
52
-37
-66
29
90
9
-54
-9
46
24
-11
-19
-2
-5
6
20
-1
-62
-8
45
37
-66
-68
34
21
-16
-36
-5
38
-6
-51
-10
23
18
-17
-17
-39
-17
78
35
-71
-70
42
98
6
-71
-19
46
-5
-23