#4
-4
-41
-4
-7
-38
9
123
97
-100
-171
-5
169
80
-92
-98
4
23
-74
-72
50
97
-69
-208
-54
174
149
-108
-237
-78
133
95
-81
-137
-41
17
10
4
-20
-92
-96
16
97
-2
-172
-126
151
215
-67
-331
-167
268
317
-97
-392
-150
288
343
-77
-330
-131
177
224
26
-134
-86
-2
39
72
53
7
-61
-50
85
98
-62
-110
31
109
37
-91
-137
-33
71
11
-74
-54
-64
-108
-69
106
158
-35
-260
-217
86
234
92
-140
-186
-4
111
65
-19
-35
-60
-85
-7
141
112
-88
-209
-48
198
175
-61
-206
-45
188
126
-92
-140
17
125
82
-104
-169
-37
122
142
0
-153
-169
-4
188
154
-150
-355
-104
272
295
-95
-392
-205
219
280
-57
-276
-134
142
106
-129
-184
-2
117
36
-123
-97
5
39
37
26
3
-44
-38
77
162
70
-116
-124
36
133
20
-63
39
111
-32
-212
-103
167
212
-63
-248
-103
150
175
-16
-120
-85
-50
-9
69
97
-20
-194
-164
90
230
23
-263
-198
119
201
-45
-191
-5
175
43
-199
-149
111
201
9
-209
-121
108
174
65
-47
-99
-76
-5
138
153
-32
-194
-53
184
179
-86
-204
18
218
113
-168
-163
140
242
-15
-202
-96
76
63
-70
-73
17
-19
-149
-116
97
178
-30
-224
-143
78
125
4
-62
-5
34
-43
-60
69
113
-48
-180
-44
192
158
-98
-188
11
179
61
-104
-63
50
55
-6
-3
54
42
-35
-39
43
41
-119
-119
101
237
19
-290
-218
200
345
-21
-384
-269
190
321
17
-237
-207
49
154
24
-105
-103
-13
33
4
-50
-76
-29
74
68
-82
-194
-81
115
155
34
-101
-58
102
109
-14
-36
64
84
-62
-134
42
215
125
-137
-210
-9
157
87
-85
-107
-6
41
20
8
13
-12
-118
-98
69
148
7
-176
-135
54
123
13
-136
-86
48
29
-70
-56
55
80
-11
-93
-61
11
54
97
31
-115
-147
1
203
229
-79
-300
-129
237
337
-5
-314
-141
195
213
-37
-159
13
202
57
-170
-116
139
227
-16
-190
-63
98
41
-79
-55
13
-23
-97
-82
41
64
-32
-49
-31
-24
-63
-44
68
117
-1
-128
-63
100
124
-45
-142
-49
85
57
-32
6
67
-10
-119
-25
173
162
-70
-196
-40
192
139
-80
-121
46
86
-50
-130
74
185
30
-219
-207
74
280
111
-187
-266
-75
169
211
4
-208
-200
1
206
119
-158
-258
-40
221
118
-201
-281
41
312
106
-297
-314
104
320
79
-176
-125
86
133
17
-29
67
64
-52
-77
43
132
52
-66
-48
17
-7
-51
-19
91
63
-115
-152
72
240
39
-242
-172
103
175
-22
-176
-75
95
74
-75
-95
-8
52
-14
-68
-22
4
-29
25
105
31
-149
-150
76
263
94
-229
-232
98
326
119
-248
-203
102
223
98
-107
-111
35
103
6
-52
32
90
63
-35
-56
-39
45
130
83
-68
-149
-49
107
98
-61
-197
-116
78
101
-44
-155
-20
107
20
-138
-125
63
156
41
-115
-91
42
65
14
-11
-6
-28
-57
19
133
92
-82
-146
-5
176
126
-79
-141
6
124
62
-34
-15
50
23
-66
-77
21
113
51
-74
-93
-53
6
124
128
-66
-255
-185
131
326
66
-314
-325
84
343
98
-286
-256
82
268
23
-283
-181
129
203
-29
-193
-97
66
83
27
19
35
-24
-60
55
157
71
-92
-95
56
102
12
-25
24
64
-35
-124
-18
119
89
-97
-147
-7
146
82
-64
-87
-32
6
18
28
8
-72
-99
-39
93
97
-56
-156
-54
101
43
-102
-60
117
114
-115
-188
35
229
114
-175
-218
18
221
171
-36
-141
-64
1
61
163
102
-83
-138
17
143
56
-80
-40
95
131
-36
-169
7
224
137
-114
-198
-29
79
12
-72
-47
64
-32
-183
-111
122
176
-59
-239
-84
133
115
-50
-78
48
52
-42
-48
30
56
-24
-97
-6
120
75
-55
-72
11
53
38
13
18
31
-24
-61
52
128
39
-97
-64
89
59
-95
-74
95
136
-59
-230
-42
250
185
-185
-339
-75
287
211
-146
-258
-74
146
110
-65
-124
-15
33
-13
-82
-73
2
69
72
-52
-148
-94
84
159
73
-81
-112
31
154
80
-84
-51
96
123
-36
-134
8
173
121
-110
-168
-25
110
61
-24
-32
-37
-31
22
75
67
-50
-163
-85
113
168
-25
-199
-99
104
97
-31
-116
-25
50
-23
-86
-11
86
76
-49
-130
-42
55
84
74
22
-145
-170
65
317
215
-201
-373
-50
375
332
-143
-389
-71
331
248
-131
-243
57
272
76
-190
-150
107
239
46
-165
-101
28
18
24
1
-53
-129
-86
35
111
10
-134
-95
53
52
-75
-61
76
113
-11
-108
-39
98
81
-58
-123
-17
117
109
-15
-70
-37
-7
34
102
97
-46
-151
-33
184
155
-76
-159
11
175
36
-196
-143
166
271
-19
-299
-204
181
338
29
-305
-271
47
271
144
-107
-230
-136
114
207
33
-220
-236
45
238
41
-274
-190
147
248
-35
-265
-126
137
140
-12
-69
35
77
-20
-71
75
185
62
-166
-163
111
236
61
-124
-116
5
36
4
38
45
-59
-136
-14
191
154
-115
-247
-79
162
178
-63
-203
-64
87
68
-40
-45
-22
-30
3
22
7
-66
-66
72
126
-14
-185
-118
164
288
-11
-359
-192
279
383
13
-369
-231
224
349
42
-241
-149
157
211
-11
-120
-34
98
103
19
-77
-67
50
165
96
-75
-173
-92
100
143
-4
-190
-149
29
84
-9
-73
-35
33
-29
-65
-21
56
35
-41
-20
60
42
-61
-56
22
49
-25
-51
59
128
9
-145
-89
125
168
9
-124
-52
128
107
-42
-113
26
164
46
-147
-167
43
181
96
-83
-139
-54
69
170
74
-165
-256
-55
243
233
-90
-345
-162
222
250
-92
-299
-96
220
174
-176
-277
20
232
85
-200
-212
29
163
79
-55
-43
20
9
32
87
90
9
-53
-17
34
13
-27
52
113
14
-140
-116
81
171
29
-161
-136
70
190
31
-125
-110
-13
46
66
43
-55
-165
-113
104
201
36
-227
-217
114
243
8
-248
-127
189
195
-80
-246
-76
198
201
-77
-224
-55
149
179
9
-135
-76
35
118
119
-11
-110
-37
106
136
-17
-154
2
185
123
-130
-189
85
297
86
-243
-196
46
162
31
-129
-96
13
-14
-79
-18
100
70
-127
-182
-28
115
85
-30
-46
12
22
-5
-1
46
-13
-132
-76
123
170
8
-142
-64
113
97
-19
-73
40
84
-51
-61
67
125
21
-92
-53
40
49
-9
-20
49
51
-76
-153
31
226
69
-258
-253
106
318
65
-257
-248
45
255
103
-186
-189
13
136
43
-123
-127
19
124
73
-103
-219
-111
165
248
38
-185
-163
87
239
101
-89
-80
59
77
-16
-42
50
118
25
-119
-85
36
80
5
-55
-12
14
20
32
32
-4
-100
-117
55
153
28
-162
-141
61
135
-4
-140
-95
94
132
-71
-212
-71
183
224
-42
-258
-164
87
253
171
-139
-318
-117
258
409
47
-398
-313
184
451
160
-320
-334
121
379
150
-223
-228
93
231
52
-117
-49
78
53
-45
27
63
-71
-164
-28
144
77
-163
-232
-11
190
111
-116
-161
-42
31
35
35
75
15
-108
-86
72
150
14
-169
-135
79
176
62
-63
-71
-7
14
46
80
59
-61
-103
17
175
119
-111
-154
64
184
6
-202
-68
168
185
-77
-238
-91
204
218
-102
-268
-124
91
212
65
-147
-214
-93
139
202
-27
-216
-145
96
174
-61
-228
-52
182
155
-151
-294
-23
251
139
-79
-130
27
100
38
-19
82
95
-51
-146
3
184
134
-74
-120
-5
64
-12
-57
18
59
-6
-118
-33
144
112
-53
-152
-74
77
64
-31
-41
4
-47
-74
-3
100
74
-80
-156
-41
104
65
-10
-16
-40
-82
-35
84
199
50
-255
-248
121
402
195
-280
-347
30
318
227
-107
-246
-49
206
153
-49
-121
-25
118
140
27
-109
-118
41
193
149
-78
-240
-129
118
202
26
-195
-182
-33
92
75
-2
-77
-105
-63
32
105
82
-54
-117
-27
129
118
-95
-132
-2
74
31
-40
-3
67
55
-22
-58
12
61
-7
-22
69
71
-22
-79
24
146
98
-106
-179
-19
165
138
-43
-140
-97
11
117
129
-33
-195
-210
36
276
139
-208
-339
-58
286
204
-158
-292
-34
220
98
-195
-206
60
212
28
-221
-165
62
142
74
-12
-25
-21
-6
68
137
71
-69
-97
36
106
27
-36
-7
44
-2
-86
-58
72
86
-40
-121
-11
130
76
-91
-105
34
80
-9
-89
-33
52
22
-70
-63
25
45
-44
-52
-7
16
-41
-30
85
120
-74
-196
-36
183
164
-74
-248
-104
204
283
34
-200
-180
34
169
163
27
-156
-132
71
200
91
-100
-115
67
194
40
-170
-71
183
180
-44
-206
-96
125
100
-67
-147
-18
45
-41
-90
2
68
10
-94
-68
41
60
-34
-37
61
95
-31
-139
-54
119
100
-73
-123
46
140
31
-81
-66
30
79
23
11
17
-46
-60
60
130
51
-46
-80
-4
56
8
-34
16
87
-3
-169
-104
204
222
-93
-331
-160
237
302
-53
-316
-190
140
239
-20
-225
-101
91
118
-36
-149
-96
58
141
-7
-174
-154
14
143
145
29
-135
-127
85
194
95
-39
-76
2
61
32
22
56
26
-62
-86
17
73
9
-62
-19
55
10
-65
-34
96
98
-62
-179
-62
137
138
-53
-185
-90
97
127
6
-98
-87
-63
-11
94
94
8
-101
-130
18
128
76
-57
-73
-66
-25
100
161
80
-155
-223
33
276
214
-110
-304
-63
285
226
-129
-252
23
289
153
-191
-226
74
299
139
-148
-183
-16
70
21
-30
-26
-45
-87
-58
61
90
-25
-117
-79
13
30
7
5
36
8
-60
-34
60
80
-34
-101
-32
91
57
-45
-2
62
39
-88
-66
102
166
-32
-192
-48
209
184
-67
-184
-16
165
49
-127
-64
115
125
-60
-169
-28
151
119
-109
-209
-69
143
159
-7
-166
-163
16
176
111
-125
-213
-81
177
167
-128
-273
-55
238
165
-182
-290
-31
204
179
-18
-127
-69
38
89
123
102
-37
-178
-88
176
261
28
-213
-164
75
175
29
-135
-101
40
71
13
36
36
-57
-138
-43
133
121
-60
-166
-57
94
60
-56
-57
3
3
-28
-43
2
17
-23
14
66
11
-109
-108
44
206
90
-227
-231
137
364
132
-266
-298
91
320
132
-175
-201
37
206
98
-87
-71
81
103
-3
-79
-48
71
183
76
-116
-154
-43
102
125
-36
-173
-129
25
108
11
-122
-80
55
57
-50
-82
9
64
9
-44
13
71
-15
-82
-35
73
47
-66
-65
78
137
10
-123
-97
65
133
75
-32
-69
-21
25
63
91
55
-55
-138
-68
124
178
11
-160
-108
30
128
96
-51
-172
-136
16
156
107
-87
-200
-100
158
166
-99
-255
-42
210
129
-158
-246
-14
231
123
-185
-281
-44
211
177
-27
-111
-46
18
91
115
64
-32
-107
-40
127
139
-11
-94
-7
67
2
-68
-37
73
70
-53
-121
12
130
68
-62
-81
-31
12
16
28
-5
-64
-76
-19
66
88
-39
-144
-33
70
36
-52
-43
79
83
-75
-162
-14
185
149
-112
-265
-52
259
272
-13
-238
-151
93
204
102
-69
-135
-13
113
144
-9
-120
-7
142
107
-102
-162
53
251
105
-171
-172
19
146
42
-121
-121
-7
20
-39
-71
26
74
-14
-131
-46
64
62
-38
-59
22
73
5
-77
-37
43
23
-27
-32
29
38
0
-10
19
15
-25
-13
75
99
-13
-125
-34
145
122
-39
-139
-37
85
97
3
-58
-31
-18
-52
38
192
40
-234
-255
36
291
172
-203
-318
-32
272
152
-197
-232
12
169
56
-182
-159
57
163
57
-139
-173
-39
108
155
37
-90
-90
20
131
113
5
-47
-7
22
33
9
54
68
-1
-112
-65
87
130
-41
-151
-47
126
120
-38
-123
-31
70
34
-61
-48
13
29
-1
-54
-44
-15
-13
42
63
-36
-149
-89
92
183
91
-142
-239
-24
201
159
-30
-158
-136
33
196
204
-3
-252
-189
141
324
138
-248
-274
102
314
103
-173
-135
133
191
-42
-217
-54
243
210
-79
-212
-52
106
54
-55
-59
-35
-53
-80
-15
83
66
-73
-136
-49
38
31
5
-5
24
8
-28
-30
51
34
-60
-83
34
119
43
-103
-52
95
92
-10
-72
0
57
31
1
29
27
-26
-19
88
86
-41
-174
-58
187
205
-50
-277
-176
196
333
1
-337
-258
113
302
93
-218
-244
-30
181
158
-65
-192
-122
80
154
-24
-200
-105
112
159
-38
-218
-86
120
125
24
-55
-28
52
43
18
49
83
-16
-113
-39
142
182
-18
-147
-65
75
69
-58
-74
39
79
-23
-74
18
74
19
-82
-93
23
58
-29
-58
6
40
-46
-102
-3
113
39
-123
-166
0
158
139
-6
-149
-159
-9
129
147
30
-176
-224
69
377
227
-225
-420
-46
396
359
-120
-410
-113
300
288
-32
-231
-83
167
165
-35
-154
-49
149
171
47
-126
-163
-27
125
123
-50
-201
-129
58
106
-4
-108
-65
42
15
-57
-44
29
78
-1
-47
-11
42
1
-46
-3
40
22
-37
-19
16
50
26
1
10
36
-5
-40
27
101
57
-57
-42
71
66
-49
-113
-33
137
143
-36
-140
-73
43
114
110
-88
-226
-130
153
270
76
-253
-332
-33
312
240
-148
-328
-80
197
146
-116
-214
-34
158
109
-143
-193
19
115
46
3
9
2
-50
-8
125
151
26
-136
-106
53
156
109
-53
-105
-44
39
51
32
-25
-69
-50
34
98
38
-81
-74
22
54
-26
-86
-16
70
11
-69
-68
15
68
2
-84
-47
-4
-8
-22
46
112
-10
-172
-105
140
214
46
-235
-245
91
316
186
-154
-286
-50
235
250
5
-233
-165
93
257
135
-115
-195
9
229
134
-134
-164
62
230
108
-133
-183
-15
108
39
-60
-68
-34
-58
-62
19
97
36
-105
-146
-24
112
65
-24
-31
-15
-15
-2
34
52
10
-92
-99
40
122
72
-33
-48
5
40
29
-14
23
34
-21
-34
43
110
64
-83
-100
8
63
50
-5
-32
-24
-32
3
80
115
-58
-255
-135
197
267
-28
-297
-197
143
277
-5
-264
-183
118
193
-10
-227
-150
106
197
51
-197
-225
-37
162
190
42
-153
-157
47
205
167
-20
-137
-41
74
75
31
4
-1
-9
-14
-4
22
17
-28
-6
34
33
-5
-58
3
55
6
-85
-56
43
72
-21
-111
-50
71
33
-65
-74
15
35
-43
-73
32
109
39
-119
-140
28
148
80
-26
-132
-133
54
230
202
-89
-308
-134
242
372
31
-364
-246
213
378
76
-271
-213
138
269
45
-171
-138
98
209
76
-71
-116
-126
-26
106
128
3
-210
-221
48
251
94
-183
-235
-27
156
104
-25
-77
-49
-9
7
57
46
-7
-85
-47
83
67
-47
-32
34
65
-3
-83
-8
116
76
-34
-73
43
129
26
-55
-62
11
18
-13
62
106
-9
-165
-157
58
246
126
-206
-279
-27
230
202
-95
-259
-122
113
176
52
-146
-175
-16
122
62
-107
-144
31
154
6
-181
-144
83
159
28
-123
-67
95
132
19
-54
0
90
37
-52
-29
50
86
10
-59
-16
51
-6
-65
-3
72
40
-58
-53
39
63
-2
-71
-43
8
17
-35
-16
35
3
-97
-82
51
122
-2
-168
-136
61
165
74
-84
-130
-74
44
115
114
-1
-217
-181
161
358
133
-293
-343
105
426
229
-246
-367
3
343
221
-105
-233
-30
205
185
-35
-185
-94
118
215
85
-112
-205
-87
133
177
-42
-191
-156
23
125
47
-77
-95
-41
17
18
-3
6
-6
-23
26
56
-10
-96
-44
74
79
-27
-110
-24
122
103
-38
-92
-24
84
92
6
-35
-46
0
94
110
54
-95
-162
-23
165
177
-64
-218
-94
137
160
38
-120
-166
-54
61
114
92
-73
-250
-123
172
259
-16
-323
-203
163
278
1
-299
-215
145
273
-9
-274
-167
76
160
71
-31
-51
-53
6
144
157
0
-123
-105
70
169
67
-91
-67
76
58
-67
-63
5
71
-6
-52
9
69
4
-67
-34
52
38
-60
-82
22
81
9
-115
-88
53
96
-20
-139
-65
58
86
16
-66
-23
1
-12
1
36
39
-20
-115
-61
146
218
20
-177
-152
38
193
157
-49
-160
-49
104
141
37
-95
-72
85
138
10
-121
-43
176
167
-55
-175
-98
75
128
-13
-116
-114
-52
8
37
50
-5
-94
-126
8
111
56
-96
-102
60
135
29
-97
-95
36
70
5
-54
-26
19
38
24
9
20
-10
-24
35
71
36
-79
-60
88
153
46
-124
-104
23
90
65
2
-47
-63
-75
-3
157
127
-130
-265
-100
218
259
-78
-332
-150
212
242
-63
-252
-111
122
137
-94
-179
-15
143
98
-103
-203
-81
88
135
47
-27
-42
-42
39
111
79
15
-17
-34
-8
29
71
93
3
-116
-89
58
98
-8
-99
-34
87
77
-25
-60
-5
50
2
-90
-65
53
79
7
-94
-79
-18
20
56
3
-52
-81
-51
31
109
95
-70
-175
-80
108
168
59
-131
-207
-53
231
276
8
-273
-222
134
363
175
-248
-351
32
371
230
-161
-279
30
278
153
-171
-225
75
274
101
-142
-132
-4
37
21
-21
-21
-47
-92
-58
60
93
-33
-132
-96
67
127
-16
-108
-38
67
81
-14
-81
-65
30
74
50
-28
-70
-44
76
135
21
-131
-102
97
181
50
-138
-134
77
231
91
-147
-169
1
122
103
27
-55
-115
-80
68
162
89
-105
-228
-99
141
231
8
-263
-195
89
236
102
-168
-238
-45
171
131
-116
-225
-70
183
202
-80
-292
-175
148
263
62
-160
-154
27
162
151
28
-50
-87
-39
70
153
94
-90
-174
-6
189
113
-118
-202
-16
175
130
-58
-108
-11
41
18
-26
-5
-12
-72
-44
52
98
-43
-180
-86
120
132
-71
-202
-69
156
177
-24
-161
-130
19
126
98
28
-93
-190
-57
245
295
-29
-344
-219
200
375
97
-247
-225
82
234
86
-106
-94
72
119
6
-63
-21
91
89
13
-5
-53
-73
-13
65
48
-48
-132
-91
23
73
12
-53
-35
-31
-18
-10
9
43
-6
-37
2
30
4
-1
13
-12
-61
-65
15
131
127
-24
-155
-73
126
162
-5
-135
-74
99
168
55
-84
-105
-11
70
85
26
-45
-89
-7
80
44
-71
-42
42
48
-86
-114
43
158
44
-149
-173
16
150
63
-102
-108
-11
10
-36
-38
49
68
-36
-167
-127
99
142
-7
-83
-3
62
-1
-35
23
125
87
-70
-122
17
151
85
-47
-80
13
41
2
-21
-27
-13
4
41
52
23
-33
-64
-18
53
23
-92
-70
55
78
-25
-93
-46
61
70
-78
-147
-28
94
89
-17
-49
-61
-46
25
87
63
-17
-123
-127
84
261
127
-146
-270
-54
271
241
-54
-257
-103
172
225
37
-160
-117
100
195
49
-159
-141
146
265
59
-188
-181
50
154
34
-116
-105
0
-25
-50
-6
58
58
-70
-135
-27
127
88
-93
-142
0
146
97
-71
-129
-33
35
60
31
5
-59
-28
53
77
33
-72
-75
91
167
-4
-159
-81
134
182
8
-159
-116
26
177
110
-79
-162
-89
18
163
208
-47
-340
-247
170
392
92
-357
-330
80
356
161
-260
-318
4
228
98
-169
-204
22
189
93
-160
-230
-36
160
159
21
-102
-130
-3
162
164
23
-67
-98
-8
92
122
90
-47
-109
-71
61
107
1
-123
-64
87
125
8
-92
-72
46
61
-17
-67
-36
35
40
-37
-56
-8
10
8
19
-20
-40
-68
-49
40
118
25
-130
-107
72
140
42
-104
-105
-27
87
167
81
-109
-174
-23
202
198
-32
-210
-97
168
203
-13
-173
-43
179
147
-87
-195
6
230
167
-82
-164
-18
59
9
-37
-17
6
-73
-123
-20
112
93
-79
-194
-62
134
111
-62
-118
-2
63
36
22
-19
-56
-65
-3
94
77
-49
-106
6
138
83
-97
-125
40
190
80
-132
-156
61
211
122
-101
-180
-67
97
185
77
-118
-197
-62
145
252
79
-249
-328
-32
310
273
-106
-335
-167
169
255
7
-214
-176
7
132
71
-68
-135
-48
90
97
-63
-168
-80
46
147
97
-38
-94
-46
78
134
101
-22
-106
-78
56
152
100
-57
-140
-32
126
83
-66
-135
-10
94
67
-26
-57
7
20
-28
-23
11
19
-40
-30
17
34
-10
-59
-33
33
15
-72
-67
52
104
9
-101
-127
13
120
68
-19
-65
-81
-87
87
258
113
-203
-299
10
343
258
-131
-337
-85
275
243
-70
-193
-3
200
103
-123
-168
36
225
164
-82
-190
-89
51
150
63
-125
-206
-114
76
170
53
-110
-154
-58
25
69
47
-23
-71
-41
60
116
44
-102
-142
-4
115
123
-38
-116
-26
98
109
-17
-76
-50
44
81
62
-13
-71
-30
70
123
50
-122
-131
22
188
112
-142
-218
20
209
149
-41
-213
-170
17
185
181
-48
-258
-173
128
261
37
-255
-221
79
253
49
-246
-216
130
263
-8
-293
-200
119
214
78
-92
-102
-13
46
100
100
47
-48
-89
-1
102
92
17
-78
-37
36
71
3
-61
-55
6
69
55
8
-64
-87
4
106
63
-103
-181
-21
181
146
-101
-259
-108
177
216
-35
-249
-144
63
173
130
-19
-194
-163
52
220
147
-97
-282
-161
234
411
70
-366
-319
111
403
218
-183
-349
-79
274
293
-15
-243
-148
153
248
60
-195
-157
131
255
51
-160
-182
0
143
84
-67
-136
-87
-32
31
51
25
-18
-119
-101
73
133
7
-137
-74
97
135
-18
-135
-82
36
102
73
-7
-90
-67
16
110
102
-19
-127
-38
139
155
-44
-166
-34
172
165
-52
-194
-67
118
147
25
-136
-96
17
97
89
40
-143
-233
-48
221
233
-83
-322
-169
178
262
17
-246
-178
83
147
-26
-170
-56
107
104
-66
-181
-115
53
133
90
-30
-96
-43
90
141
67
-54
-96
-14
97
76
-1
-31
6
45
15
-6
-5
-45
-54
9
85
77
-39
-93
-19
63
32
-46
-75
-7
37
1
-26
8
-15
-40
-9
41
4
-61
-96
-26
114
118
-53
-188
-83
104
177
68
-125
-217
-73
222
306
46
-281
-286
80
378
256
-184
-369
-75
302
300
-48
-277
-98
227
245
-45
-223
-48
171
164
16
-93
-96
-50
15
87
70
-69
-216
-156
105
234
55
-210
-241
5
203
104
-92
-158
-35
149
108
-47
-139
-72
66
89
36
-55
-103
5
140
114
-62
-145
-34
113
163
45
-124
-119
73
176
62
-89
-136
-40
103
168
58
-142
-174
-25
162
189
-21
-251
-219
77
256
125
-166
-244
-30
198
141
-116
-233
-63
143
130
-71
-189
-47
138
123
-94
-225
-113
133
168
7
-115
-73
54
134
81
-8
-52
4
28
-2
35
70
49
-47
-71
24
99
42
-89
-112
10
123
80
-37
-73
-37
-4
23
38
-6
-71
-68
12
92
22
-94
-142
17
141
20
-147
-138
49
174
75
-126
-202
-24
169
162
-14
-166
-192
12
274
255
-73
-338
-214
212
439
103
-343
-310
124
355
151
-187
-219
49
253
129
-141
-181
33
192
148
-18
-155
-146
-5
152
135
-65
-240
-177
88
216
84
-151
-205
-72
102
154
15
-146
-130
34
175
127
-105
-207
-71
154
163
-11
-183
-129
123
226
48
-170
-134
72
170
87
-63
-126
-26
125
173
35
-141
-178
0
220
188
-85
-253
-119
138
220
92
-126
-243
-97
126
225
62
-198
-273
-36
253
214
-113
-311
-115
200
199
-102
-266
-94
203
208
-126
-341
-86
226
210
-2
-152
-124
44
158
115
2
-38
-52
-26
45
111
50
-55
-56
12
71
6
-55
-51
6
6
39
48
7
-33
-56
0
63
33
-83
-102
6
105
52
-96
-132
-19
117
69
-102
-179
-46
147
127
7
-128
-133
2
131
116
-29
-161
-137
58
251
179
-94
-299
-126
223
314
38
-261
-210
111
266
117
-123
-170
21
185
120
-84
-156
6
198
188
-47
-213
-118
92
143
16
-116
-136
-68
10
60
72
4
-104
-145
-18
122
102
-70
-139
24
154
63
-131
-153
35
160
39
-120
-82
75
111
31
-18
-25
-47
-3
81
116
2
-121
-47
123
160
-6
-174
-108
93
184
62
-123
-137
-32
64
114
123
-20
-232
-229
85
307
145
-248
-357
-10
333
206
-181
-321
-39
234
129
-180
-214
23
203
84
-177
-227
4
141
88
24
-34
-63
-33
58
123
89
-7
-103
-71
67
132
94
-40
-106
-72
54
123
33
-130
-134
40
180
110
-96
-179
-38
140
138
-33
-158
-103
59
108
10
-97
-94
5
87
49
-70
-137
-46
95
151
27
-174
-166
36
176
129
-50
-192
-139
71
288
185
-160
-314
-98
260
345
26
-317
-255
160
357
102
-221
-174
95
222
40
-157
-94
119
197
24
-134
-85
38
60
12
-39
-64
-66
-68
-14
77
93
-45
-183
-114
83
136
12
-91
-79
38
107
64
-39
-130
-85
43
123
75
-69
-134
-5
146
115
-51
-149
-27
149
120
-33
-139
-20
152
140
-51
-157
-58
59
130
73
-77
-133
-56
86
146
60
-100
-226
-93
152
228
30
-225
-230
39
216
110
-147
-192
-20
138
62
-149
-163
43
167
69
-163
-219
-26
178
169
-17
-174
-84
98
162
88
-14
-58
-57
-6
62
123
76
-38
-107
-31
98
96
-43
-133
-28
88
89
-1
-77
-26
40
23
-29
-32
-17
-13
18
31
-20
-78
-71
29
120
25
-164
-176
39
219
143
-122
-237
-88
131
187
54
-107
-186
-92
131
292
144
-203
-328
-34
334
312
-86
-339
-166
211
295
44
-197
-146
103
190
40
-109
-74
84
129
25
-44
-61
-62
-12
53
42
-47
-144
-88
41
116
50
-96
-152
-53
106
104
-29
-124
-61
78
138
26
-126
-142
23
123
81
-45
-135
-42
114
140
-4
-119
-47
82
114
36
-67
-78
10
142
101
-58
-163
-81
120
211
52
-175
-196
-3
192
160
-39
-195
-158
5
164
181
-32
-231
-196
69
216
74
-169
-186
3
149
71
-139
-165
25
173
54
-189
-156
50
147
50
-55
-67
-11
36
74
85
66
-16
-91
-72
93
179
55
-122
-95
31
123
66
-81
-136
-34
80
99
43
-49
-87
-56
24
91
37
-82
-115
-19
89
57
-74
-114
6
86
22
-122
-110
11
113
96
-32
-127
-96
12
162
161
-48
-248
-194
168
399
139
-281
-364
20
394
293
-141
-357
-104
241
262
-6
-192
-81
142
158
-33
-166
-21
188
155
-37
-132
-72
44
90
-18
-95
-73
8
34
-21
-33
-6
-9
-60
-68
30
80
22
-92
-82
62
131
10
-140
-101
80
117
-1
-79
-43
38
60
48
6
-36
-30
19
71
60
-36
-75
9
134
128
-65
-157
-59
101
140
22
-81
-77
-20
52
76
71
-68
-217
-112
167
256
14
-299
-250
113
272
47
-213
-183
49
152
10
-144
-94
81
113
-36
-158
-100
14
74
88
31
-59
-74
-13
110
150
25
-106
-91
29
140
88
-45
-81
-21
54
79
19
-91
-106
-15
122
141
-7
-157
-94
88
143
-2
-145
-120
23
111
58
-54
-127
-85
55
125
30
-155
-177
10
210
176
-83
-297
-132
194
294
55
-249
-288
16
294
269
-33
-298
-198
134
309
178
-139
-272
-57
206
196
-10
-161
-41
121
105
-53
-118
40
183
76
-60
-53
-18
1
-15
-12
27
-36
-120
-82
42
117
33
-119
-155
-9
150
82
-86
-129
-14
134
123
-38
-164
-113
67
138
48
-73
-114
-31
99
167
33
-157
-124
75
183
96
-96
-141
17
176
155
-60
-204
-109
101
233
110
-138
-241
-74
186
262
41
-303
-330
49
385
252
-203
-419
-168
238
339
35
-287
-235
57
198
40
-138
-134
7
117
66
-60
-170
-88
58
113
68
-30
-95
-26
127
150
40
-84
-104
-39
100
196
69
-129
-161
24
156
75
-113
-130
11
134
54
-42
-43
20
20
-20
-28
11
-18
-28
-32
16
49
-8
-108
-58
65
48
-113
-123
53
165
65
-124
-176
-34
129
150
21
-114
-144
-46
130
220
52
-197
-207
34
288
181
-133
-239
-2
200
123
-67
-85
43
114
2
-113
-35
128
117
-18
-72
-9
9
-7
6
27
-5
-96
-118
-32
84
68
-32
-118
-87
22
92
63
-51
-96
-25
85
95
-7
-115
-100
36
121
62
-59
-103
-6
114
113
-7
-139
-89
108
187
54
-134
-144
55
211
120
-105
-212
-91
185
278
34
-245
-249
34
300
223
-93
-339
-231
145
364
163
-261
-394
-86
284
317
-34
-336
-235
136
282
30
-250
-198
80
235
50
-230
-222
33
175
125
-23
-108
-55
34
98
143
62
-90
-154
-30
168
170
6
-129
-108
68
147
26
-120
-131
8
140
114
-31
-103
-67
17
89
54
-94
-139
-7
102
87
-39
-127
-84
57
100
-36
-147
-74
74
129
27
-86
-119
-15
96
127
8
-132
-181
-22
242
268
-9
-306
-247
110
360
188
-157
-275
-55
206
181
-30
-123
-15
117
77
-48
-65
23
112
84
-14
-83
-85
25
89
32
-80
-134
-79
50
106
22
-97
-128
-62
67
140
40
-125
-176
8
211
133
-89
-217
-77
149
159
-30
-148
-88
86
168
69
-94
-145
-14
137
153
10
-152
-143
82
269
111
-196
-255
9
280
199
-103
-270
-121
134
229
96
-108
-209
-153
79
259
114
-189
-296
-61
261
212
-119
-293
-94
167
133
-79
-183
-46
126
60
-102
-147
0
74
31
19
4
-31
-57
-5
127
157
5
-126
-102
69
175
109
-34
-117
-64
55
101
30
-89
-122
-13
144
145
-38
-149
-60
102
118
-20
-150
-109
43
126
54
-76
-148
-9
119
57
-117
-171
-31
173
192
-40
-226
-190
107
280
123
-173
-274
-82
203
305
80
-217
-263
9
297
235
-75
-279
-137
184
290
52
-206
-164
116
241
58
-177
-151
97
221
97
-102
-125
-33
35
21
19
-2
-77
-141
-83
87
183
35
-224
-220
50
238
107
-147
-203
-2
180
124
-56
-150
-85
51
103
65
-24
-79
-64
46
129
49
-79
-100
26
131
83
-70
-86
36
132
49
-114
-129
44
172
112
-110
-200
-57
134
179
55
-109
-215
-107
133
248
59
-251
-280
19
274
177
-143
-271
-68
153
103
-77
-147
-43
92
99
-61
-154
-88
55
120
76
-39
-114
-43
114
160
57
-81
-103
-27
105
165
49
-103
-133
15
151
103
-69
-183
-47
133
161
-13
-162
-91
85
128
18
-101
-109
-24
86
97
0
-143
-145
43
191
93
-209
-274
19
309
221
-184
-351
-78
257
268
-36
-234
-180
28
178
205
18
-189
-212
31
290
221
-108
-294
-90
237
251
-42
-229
-89
204
226
-30
-219
-104
140
239
25
-174
-135
22
100
95
-14
-140
-163
-26
98
103
-17
-129
-107
-10
76
60
9
-66
-68
-13
97
119
-14
-161
-128
52
136
65
-77
-104
2
138
109
-52
-134
-37
111
152
23
-117
-95
92
193
68
-168
-196
39
254
167
-134
-270
-83
190
244
35
-181
-254
-65
189
223
5
-258
-239
60
280
116
-183
-253
-13
232
109
-181
-238
14
257
131
-197
-302
-50
202
202
-9
-185
-115
84
189
131
-6
-112
-103
25
142
101
-12
-75
-35
28
69
28
-43
-60
-25
29
53
26
2
-26
-61
-30
76
60
-68
-128
4
121
63
-96
-157
-24
112
66
-119
-161
5
163
121
-62
-175
-95
84
136
79
-53
-171
-114
100
274
136
-200
-308
-19
303
286
-67
-313
-146
171
245
54
-130
-69
72
107
-14
-105
-21
148
140
-28
-93
-52
4
51
30
-29
-88
-89
-28
49
62
15
-64
-94
-58
58
97
0
-122
-89
80
152
32
-130
-145
31
150
73
-97
-101
19
89
70
-8
-38
10
26
10
3
4
15
42
74
19
-56
-82
2
121
121
-40
-171
-87
102
144
30
-64
-67
-60
-35
70
105
-24
-168
-116
107
160
-27
-180
-78
88
69
-103
-163
14
217
95
-198
-263
3
208
98
-112
-103
27
105
25
-37
18
87
40
-53
-56
22
101
71
-30
-80
-28
63
90
-4
-123
-86
68
154
78
-94
-150
-15
116
105
-47
-157
-69
72
98
-16
-82
-72
-2
68
48
-76
-123
-24
107
111
-37
-177
-111
95
194
85
-125
-250
-100
184
349
113
-254
-365
-39
388
377
-93
-402
-211
227
374
95
-262
-218
125
267
53
-194
-117
150
214
21
-138
-147
-10
103
104
8
-117
-156
-93
74
190
70
-187
-251
-13
228
154
-120
-229
-52
187
201
7
-207
-148
58
138
73
-48
-109
-47
56
133
69
-77
-125
-15
85
103
24
-76
-45
106
100
-17
-115
-66
56
132
66
-92
-154
-53
125
200
35
-195
-205
-18
224
201
-110
-287
-128
162
213
-16
-203
-120
76
119
-36
-161
-66
83
105
-20
-137
-120
-4
79
84
20
-64
-66
11
92
110
70
-11
-108
-88
76
189
106
-80
-167
-45
138
124
-41
-153
-81
99
169
30
-95
-80
5
37
51
-6
-72
-65
36
69
10
-73
-78
1
79
16
-126
-104
84
169
38
-145
-195
-16
163
148
-3
-139
-144
-31
132
233
71
-198
-265
11
338
250
-147
-323
-68
246
246
-25
-204
-79
159
163
-31
-130
-16
127
124
22
-72
-107
-61
69
99
-10
-147
-160
-3
159
128
-86
-200
-93
83
123
8
-105
-99
4
110
117
-4
-142
-135
1
129
106
-17
-104
-79
48
127
91
-56
-139
-39
119
149
-8
-151
-66
164
182
-34
-208
-123
121
256
94
-203
-264
-32
274
269
-65
-315
-231
73
300
191
-155
-343
-134
205
263
-9
-248
-183
82
175
18
-169
-137
77
151
-21
-212
-121
101
141
22
-59
-85
-13
47
92
99
51
-40
-114
-29
107
152
47
-100
-97
34
121
49
-93
-125
8
117
101
-25
-61
-33
7
35
-11
-28
-35
-8
27
12
-36
-44
-27
46
47
-74
-152
-9
150
131
-60
-187
-121
82
189
87
-94
-182
-97
46
182
182
-19
-237
-177
126
296
114
-170
-223
3
221
133
-91
-129
48
155
62
-110
-118
66
192
102
-51
-108
-89
21
108
46
-74
-142
-67
42
49
27
-36
-75
-73
-12
59
85
1
-101
-84
37
131
61
-108
-134
0
111
62
-24
-74
-55
31
119
63
-59
-81
-2
76
104
-4
-94
-22
147
124
-88
-185
-39
155
175
-14
-180
-135
40
197
136
-69
-215
-169
54
242
170
-128
-348
-160
226
312
13
-301
-248
93
250
49
-207
-186
74
182
20
-166
-121
-13
66
81
38
-49
-73
-14
137
165
11
-151
-117
63
187
123
-35
-127
-71
48
120
44
-100
-120
-22
106
140
23
-111
-109
17
118
73
-59
-107
-66
31
64
5
-33
-65
-32
16
-8
-64
-25
54
67
11
-90
-119
8
136
118
-20
-170
-140
51
205
164
-31
-206
-161
120
254
123
-131
-204
-15
172
133
-31
-82
19
73
30
-69
-26
95
127
20
-98
-83
24
56
15
-37
-48
-47
-51
-18
24
45
5
-69
-109
-4
71
54
-27
-97
-4
74
51
-4
-39
-61
-39
14
51
58
-24
-82
-22
96
107
-28
-84
-26
78
113
-4
-97
2
113
77
-84
-148
1
167
174
-55
-215
-124
75
220
124
-104
-258
-162
124
281
95
-233
-309
4
263
179
-122
-245
-81
140
109
-62
-152
-69
94
113
-20
-141
-110
24
104
97
-17
-121
-69
90
160
102
-47
-120
-55
71
128
83
-31
-88
-19
89
68
-57
-129
-41
87
129
36
-76
-87
8
42
59
35
-33
-113
-102
58
127
24
-137
-167
18
170
50
-168
-151
76
202
50
-211
-214
51
260
138
-111
-243
-128
139
249
148
-81
-282
-168
197
386
90
-304
-275
109
310
130
-152
-156
82
192
21
-153
-104
123
192
14
-97
-53
12
37
18
-36
-80
-97
-24
44
80
11
-79
-107
-37
40
50
11
-34
-73
-46
69
105
35
-118
-145
-11
127
114
-9
-128
-96
56
171
81
-88
-116
-10
98
125
24
-87
-44
75
98
-9
-122
-55
114
153
-9
-141
-131
53
191
100
-82
-195
-159
44
253
160
-148
-337
-109
220
261
0
-248
-197
49
161
45
-98
-100
3
34
-18
-57
-23
-19
2
45
53
-2
-42
-36
81
138
54
-102
-148
34
212
156
-83
-187
-80
132
172
18
-165
-155
21
174
145
-31
-142
-68
59
103
41
-82
-133
-16
114
75
-66
-145
-32
119
77
-123
-189
15
200
142
-90
-241
-139
117
240
105
-122
-243
-102
152
263
140
-167
-325
-71
288
326
-5
-286
-181
103
228
93
-96
-91
71
102
-14
-94
-20
116
132
-14
-88
-51
28
65
37
-36
-99
-99
-38
47
50
12
-32
-105
-106
20
116
91
-65
-158
-37
158
164
-6
-182
-165
31
148
88
-13
-104
-65
55
99
46
-48
-60
6
81
72
-28
-74
35
136
47
-138
-146
62
216
108
-122
-217
-79
171
244
46
-200
-258
-62
202
288
22
-311
-270
69
317
132
-223
-267
-14
209
108
-174
-191
36
182
53
-158
-164
-19
78
86
42
-55
-97
-22
102
154
42
-81
-97
3
94
108
35
-66
-92
15
102
81
-35
-117
-91
59
165
90
-66
-151
-67
81
112
38
-75
-134
-65
60
101
25
-73
-103
-15
66
8
-83
-35
73
90
-21
-141
-87
101
159
52
-129
-199
-55
154
255
89
-164
-252
-35
236
237
-25
-205
-97
102
137
35
-61
6
64
38
-55
-61
67
163
50
-108
-87
32
81
35
-58
-72
-43
-36
-27
-12
53
56
-20
-131
-105
33
151
65
-134
-155
32
168
114
-86
-191
-77
93
128
42
-36
-85
-76
50
160
76
-93
-146
31
166
101
-101
-121
84
187
23
-182
-159
76
221
111
-134
-213
-38
164
211
35
-197
-251
-34
232
239
-73
-321
-187
148
255
34
-210
-168
52
140
-35
-169
-56
113
82
-47
-138
-74
26
29
32
30
-23
-53
5
94
94
15
-46
-66
-13
85
119
79
-31
-131
-93
75
179
54
-145
-166
2
195
155
-53
-169
-77
67
125
49
-98
-128
-27
85
89
-23
-130
-53
71
71
-111
-168
16
211
149
-130
-298
-94
227
261
14
-244
-254
2
261
275
16
-264
-285
30
376
312
-141
-390
-155
282
352
-19
-294
-130
204
258
-24
-226
-111
136
214
89
-80
-177
-95
90
168
64
-166
-258
-82
182
224
-21
-223
-169
24
156
83
-79
-144
-59
86
145
39
-92
-145
-64
103
133
18
-92
-96
4
119
135
-33
-147
-59
101
141
38
-72
-61
38
94
27
-84
-71
45
139
72
-104
-145
-9
123
132
-11
-126
-146
-39
123
153
-5
-197
-181
69
225
69
-148
-161
24
109
16
-146
-80
101
123
-62
-204
-80
123
131
-29
-114
-54
80
107
6
-25
19
29
7
-12
14
64
74
-6
-79
-22
61
63
-3
-102
-94
38
151
108
-45
-156
-76
78
155
50
-158
-184
32
188
94
-129
-185
-31
150
98
-124
-196
-6
182
145
-90
-242
-117
161
242
34
-195
-241
-16
244
258
32
-258
-270
66
342
211
-147
-289
-52
220
197
-22
-166
-60
109
115
-25
-83
-12
104
117
28
-43
-111
-80
66
127
19
-126
-160
-55
105
135
-6
-162
-153
-6
144
125
-44
-180
-115
99
186
59
-128
-162
-29
127
102
-19
-77
-33
25
58
35
9
-10
-22
-3
64
57
-18
-42
41
110
12
-110
-75
58
175
79
-126
-176
-40
171
203
-5
-236
-241
-20
268
268
-74
-387
-237
194
352
77
-269
-257
42
203
72
-150
-152
41
131
-11
-159
-69
74
64
9
-1
-3
-30
-31
34
131
112
-56
-164
-49
133
185
29
-156
-144
51
173
116
-88
-197
-79
129
214
55
-150
-144
26
113
58
-52
-109
-65
44
87
10
-87
-96
-14
94
20
-119
-105
34
171
75
-101
-189
-86
151
235
59
-234
-287
-2
299
279
-22
-301
-242
142
367
145
-239
-260
55
261
138
-106
-162
39
211
82
-151
-171
54
220
137
-77
-132
-66
47
99
36
-69
-121
-84
14
73
74
-36
-135
-120
24
142
82
-83
-167
-47
144
161
-22
-145
-106
15
94
57
-18
-26
-24
1
49
48
-10
-46
5
64
50
-21
-37
42
146
52
-174
-188
59
261
171
-121
-293
-103
171
260
90
-170
-259
-114
134
246
96
-193
-277
-62
211
197
-65
-203
-67
86
56
-91
-107
8
124
55
-158
-176
16
95
33
-1
-23
-28
4
25
83
96
15
-78
-92
7
119
117
18
-71
-96
5
113
124
-24
-171
-126
86
223
94
-121
-190
-30
140
145
3
-173
-176
35
185
102
-137
-216
-39
177
138
-106
-207
-31
213
151
-113
-265
-99
185
255
53
-235
-277
-13
272
315
23
-338
-311
117
440
234
-217
-369
-70
297
275
-38
-223
-89
141
151
6
-103
-28
102
64
22
-25
-54
-22
33
37
-20
-90
-101
-14
73
60
-19
-101
-100
-1
71
61
-28
-86
-70
35
113
79
-47
-170
-98
89
150
46
-88
-117
-14
129
117
-22
-102
-72
44
119
80
-43
-55
47
94
-25
-113
-52
123
168
-11
-194
-137
86
205
79
-138
-169
-38
87
120
17
-97
-110
-14
51
36
-32
-33
28
7
-90
-131
-23
125
117
-46
-202
-122
71
122
33
-66
-81
-11
63
72
23
43
46
-32
-81
-15
126
148
10
-134
-122
51
184
87
-139
-171
11
153
119
-51
-122
-34
72
78
-28
-95
-68
5
89
63
-39
-94
-42
48
50
-80
-124
4
140
87
-61
-170
-99
102
159
79
-76
-189
-119
95
252
143
-131
-285
-116
225
347
23
-281
-232
98
268
138
-124
-163
31
162
70
-102
-101
81
160
75
-47
-83
-66
30
85
28
-57
-106
-93
17
89
60
-65
-149
-97
73
155
35
-133
-161
1
176
162
-47
-209
-122
105
154
20
-116
-119
-7
104
153
56
-105
-129
10
136
114
-29
-116
0
169
87
-131
-195
32
255
176
-138
-288
-67
204
256
26
-226
-228
-29
185
243
6
-258
-238
38
223
107
-125
-164
-15
129
38
-141
-148
57
181
32
-183
-167
13
106
62
-10
-50
-54
5
72
91
70
-15
-104
-61
69
143
100
-33
-137
-69
88
140
24
-107
-132
-14
103
127
9
-86
-60
17
38
28
-15
-75
-42
17
49
17
-50
-50
-14
2
-36
-83
-4
112
104
-74
-168
-76
110
155
38
-133
-182
-40
129
183
62
-94
-155
-67
137
208
40
-129
-121
19
104
89
1
-17
13
19
-30
-26
52
102
24
-35
6
32
-16
-50
-24
35
29
-65
-114
-37
85
72
-27
-118
-93
14
105
54
-49
-109
-21
96
78
-31
-115
-78
26
89
40
-30
-51
-32
20
91
58
-81
-94
38
146
87
-68
-113
42
196
56
-192
-166
85
280
140
-172
-266
-19
207
193
-17
-192
-184
-14
147
170
-25
-215
-144
84
159
20
-133
-91
46
67
-49
-108
-9
91
49
-91
-135
-39
75
28
-20
-39
-14
17
44
43
58
19
-37
-28
20
45
41
26
14
-25
-18
32
49
4
-77
-49
37
117
60
-44
-92
-26
40
57
26
-61
-115
-25
93
86
-17
-99
-66
16
66
-24
-141
-24
143
124
-70
-220
-114
153
237
34
-195
-220
-13
221
188
-10
-155
-158
20
240
196
-56
-230
-102
113
182
56
-94
-65
76
81
-30
-81
33
148
57
-78
-43
19
23
2
-3
-28
-58
-78
-46
49
75
9
-85
-123
-30
77
73
-30
-79
-62
19
113
63
-50
-109
-59
13
69
52
-22
-44
-33
10
76
53
-15
-50
-22
23
66
67
2
1
29
-33
-79
-14
78
113
32
-83
-120
-40
89
156
50
-116
-157
-68
92
146
54
-141
-216
-11
194
122
-81
-172
-53
71
54
-76
-93
31
119
13
-172
-143
79
149
12
-90
-96
28
111
61
1
21
29
-16
-51
-3
101
127
9
-126
-83
61
130
24
-125
-119
37
164
99
-74
-126
-37
90
90
20
-71
-122
-36
86
79
-45
-117
-35
65
77
-84
-170
-1
184
157
-90
-235
-124
160
220
25
-201
-226
23
255
194
-26
-218
-195
108
302
152
-174
-249
15
236
118
-115
-153
83
197
77
-154
-181
50
216
120
-60
-117
-52
47
73
24
-50
-75
-76
-29
9
42
18
-27
-80
-72
19
93
46
-77
-127
-33
141
161
-48
-197
-120
63
158
71
-50
-127
-81
79
176
98
-100
-161
-29
134
158
10
-146
-55
113
101
-29
-115
-32
93
129
0
-122
-120
34
195
117
-126
-238
-96
152
270
39
-292
-279
74
265
119
-169
-207
-13
134
41
-107
-93
78
81
-62
-155
-56
81
68
-9
-22
-1
6
3
20
80
89
-21
-119
-47
90
155
30
-94
-106
30
138
91
-52
-158
-98
67
157
87
-52
-122
-14
77
59
-28
-77
-64
9
75
22
-54
-80
-16
52
34
-100
-140
41
214
116
-164
-282
-67
260
287
-23
-332
-284
96
361
213
-119
-297
-161
199
314
64
-232
-189
98
235
47
-165
-90
136
219
8
-222
-127
178
264
46
-170
-153
9
132
107
-36
-128
-126
-34
75
72
5
-59
-85
-45
13
53
25
-56
-86
-1
103
91
-39
-129
-60
59
73
8
-46
-17
18
2
4
25
33
-4
-30
28
49
9
-31
18
90
65
-50
-145
-38
149
183
35
-169
-201
-29
204
258
2
-291
-274
29
302
272
-120
-380
-187
200
287
38
-223
-200
35
137
5
-105
-70
46
68
-36
-98
-58
-11
8
48
80
-25
-102
-49
94
155
56
-78
-108
-15
128
123
30
-76
-107
4
121
102
-51
-148
-88
93
178
68
-95
-157
-44
113
113
9
-109
-102
2
82
56
-20
-94
-61
1
36
-30
-57
26
95
8
-146
-139
69
194
91
-99
-174
-95
107
180
66
-85
-158
-85
128
236
66
-174
-162
29
163
109
-36
-88
28
112
13
-121
-60
124
192
5
-151
-69
87
100
-1
-95
-48
-20
-17
-25
3
21
-4
-62
-78
-29
40
65
16
-72
-91
14
122
98
-43
-147
-122
37
159
99
-64
-153
-62
111
157
26
-97
-72
8
71
95
24
-27
-17
2
-13
-12
36
64
37
-18
-86
-77
34
148
128
-99
-174
-70
64
128
58
-109
-149
-5
87
47
-49
-44
26
20
-63
-108
-32
99
124
-51
-230
-141
119
173
25
-120
-116
19
132
96
-9
-42
-23
28
30
5
16
54
53
-21
-67
-19
86
76
-19
-117
-102
55
148
99
-18
-122
-98
10
107
90
-42
-152
-66
63
85
10
-70
-68
-7
18
-35
-67
25
102
33
-108
-141
-6
152
152
9
-192
-234
32
286
213
-84
-307
-206
210
398
92
-276
-266
60
281
138
-143
-170
58
201
82
-129
-149
51
184
103
-24
-106
-110
-4
141
119
-60
-189
-166
35
185
92
-109
-183
-71
74
136
41
-106
-152
-30
124
146
-18
-135
-103
35
96
18
-67
-41
47
30
-5
10
41
50
-11
-69
-27
64
76
52
18
-14
-52
-67
43
107
94
-61
-169
-54
135
172
18
-149
-139
-9
87
114
23
-124
-154
10
127
44
-100
-99
44
107
-55
-194
-78
173
185
-64
-277
-137
153
176
-35
-175
-86
82
144
49
-51
-28
36
43
8
2
29
13
22
1
-19
-30
14
61
23
-49
-60
10
97
77
-30
-82
-66
8
86
69
-41
-146
-72
61
92
34
-87
-118
-5
82
-1
-86
-3
94
66
-114
-201
-33
196
231
-36
-298
-220
136
362
166
-192
-315
-80
283
309
-27
-289
-165
150
250
62
-172
-108
126
190
10
-173
-112
120
188
49
-76
-81
-24
25
57
43
-36
-142
-83
30
121
56
-91
-150
-62
61
118
13
-98
-103
2
108
93
8
-100
-106
-21
54
79
37
-51
-92
-41
86
139
35
-97
-90
26
97
66
11
-18
21
9
-73
-52
68
153
70
-109
-197
-31
155
175
24
-161
-181
-27
124
162
27
-174
-214
4
184
91
-85
-113
-4
54
-49
-128
-29
141
131
-105
-218
-44
146
62
-71
-84
15
73
23
-3
46
53
13
-54
-53
38
114
73
-17
-83
-63
21
90
66
-19
-107
-75
53
141
101
-43
-154
-100
68
165
73
-153
-187
-6
140
116
-38
-130
-66
45
47
-82
-90
54
166
47
-156
-182
-2
172
166
-34
-235
-191
114
293
160
-123
-297
-115
226
318
63
-230
-224
46
224
104
-86
-92
72
113
8
-116
-43
121
140
18
-69
-65
-29
54
71
33
-78
-164
-96
75
157
58
-134
-185
-36
121
111
-21
-135
-112
41
140
86
-54
-120
-71
28
82
61
-18
-73
-37
40
97
40
-73
-64
24
82
47
-31
-58
41
146
47
-162
-160
42
216
173
-92
-239
-109
141
254
89
-199
-289
-48
226
223
-18
-280
-224
104
249
75
-193
-173
50
154
-2
-192
-116
128
164
-27
-219
-163
97
165
25
-82
-89
14
67
68
33
22
15
-35
-35
23
88
96
2
-101
-80
74
146
40
-112
-130
-15
127
123
-11
-95
-61
27
52
11
2
-52
-78
-8
46
21
-24
-34
-18
-14
-58
-62
63
131
30
-121
-150
-56
91
162
94
-69
-189
-159
63
241
205
-66
-298
-164
200
324
56
-207
-196
44
169
113
-32
-72
19
53
2
-22
11
51
25
13
33
14
-32
-48
-1
38
-3
-70
-81
-22
65
59
-42
-111
-79
38
126
43
-103
-160
-45
145
183
-3
-172
-161
7
138
110
-7
-116
-90
32
134
92
-16
-93
-78
4
98
110
10
-35
29
32
-71
-105
57
199
112
-139
-260
-72
244
333
2
-363
-275
101
313
192
-155
-348
-121
250
240
-85
-271
-122
195
219
-84
-317
-125
210
269
-62
-335
-194
134
237
62
-128
-154
-6
105
111
70
-10
-56
-58
6
95
100
14
-80
-59
29
89
49
-16
-67
-71
-13
70
98
48
-54
-88
-50
57
105
35
-132
-132
5
88
86
-11
-104
-99
5
47
-33
-40
45
80
-28
-142
-72
98
160
43
-152
-189
3
187
148
-4
-138
-152
37
198
85
-87
-91
42
96
-12
-77
14
139
108
-59
-160
-44
156
168
5
-84
-48
10
48
23
-3
-21
-53
-77
-38
49
72
-18
-117
-93
-7
110
68
-54
-129
-50
113
138
-32
-143
-60
55
63
-4
-49
10
60
-33
-84
31
121
56
-31
-81
-28
54
80
31
39
45
-42
-141
-40
141
182
4
-168
-178
11
197
208
-33
-237
-163
53
179
146
-79
-247
-116
125
161
15
-118
-91
27
26
-72
-93
21
118
49
-112
-163
-15
63
27
-14
3
-10
-22
-18
35
122
78
-29
-98
-57
72
136
82
-66
-122
-37
97
123
18
-97
-109
8
107
113
19
-96
-105
-8
92
96
-23
-145
-95
58
100
29
-75
-91
-12
58
-6
-104
-35
96
93
-63
-176
-69
135
186
43
-175
-239
-34
258
232
-25
-220
-196
81
311
154
-145
-233
-16
171
117
-51
-75
53
134
4
-137
-90
88
188
57
-64
-63
-19
27
52
1
-43
-75
-70
1
68
54
-13
-105
-128
-17
96
93
-12
-101
-64
17
63
55
-5
-74
-75
-5
49
47
11
-26
-31
-8
42
39
8
-19
-21
-24
15
65
103
73
-27
-145
-112
84
198
87
-101
-170
-45
92
132
71
-69
-160
-97
57
142
102
-115
-235
-33
180
143
-97
-185
-29
142
77
-151
-189
5
191
113
-119
-219
-63
104
121
27
-122
-122
43
150
110
-13
-77
-35
53
70
38
-9
-8
-20
-30
25
79
66
-17
-77
-51
20
70
61
-14
-60
-28
38
20
24
7
-69
-71
-3
59
60
-16
-96
-62
-10
1
-9
50
40
-37
-126
-56
88
118
13
-92
-97
-29
80
139
22
-71
-87
-38
89
146
4
-122
-30
115
107
-74
-144
21
229
148
-135
-253
-51
274
284
-65
-276
-115
160
233
23
-187
-170
-29
74
44
0
-36
-53
-48
-14
16
16
36
6
-54
-62
9
70
56
-33
-88
-57
18
52
27
1
-24
-59
-15
100
109
-12
-90
-80
26
111
103
-9
-39
1
-21
-36
2
74
122
30
-133
-155
17
157
168
-22
-226
-170
78
203
116
-112
-259
-89
180
179
-70
-190
-63
122
95
-94
-165
-28
149
100
-112
-193
-15
93
51
-12
-45
-34
12
16
54
73
33
-49
-62
0
108
103
6
-89
-67
17
95
60
-9
-98
-70
30
117
72
-40
-80
-43
27
64
48
-40
-115
-59
47
64
25
-34
-68
-21
-19
-67
-21
103
125
-33
-182
-167
63
232
157
-116
-292
-144
198
318
56
-225
-245
15
292
217
-123
-260
-37
213
178
-85
-204
-25
245
199
-104
-250
-71
225
224
-31
-168
-78
77
109
9
-73
-67
-39
-24
9
33
26
-24
-64
-80
-32
68
86
-11
-88
-77
20
91
70
-17
-84
-90
3
74
66
17
-55
-103
13
163
98
-85
-137
-33
107
149
30
-80
-38
57
16
-49
-9
69
88
-20
-109
-60
21
99
101
-16
-134
-132
6
140
138
-70
-200
-64
129
100
-48
-114
-44
62
34
-124
-126
70
202
30
-221
-190
34
132
92
-27
-106
-63
28
135
119
-18
-99
-51
35
89
55
17
-28
-41
-2
36
75
20
-55
-78
-26
66
89
51
-42
-82
-28
40
47
20
-42
-94
-48
34
78
10
-73
-56
19
12
-40
-66
36
109
6
-140
-137
54
191
127
-77
-241
-149
144
278
105
-164
-237
-55
227
247
1
-203
-143
59
174
63
-79
-55
89
124
-50
-144
-27
162
129
-35
-76
-1
30
19
-11
-22
-23
-48
-71
1
48
34
-39
-81
-56
2
59
29
-27
-68
-25
34
75
45
-57
-116
-76
30
114
73
-14
-85
-100
22
153
98
-45
-115
-76
46
137
86
-3
-46
-37
-41
-1
56
69
18
-54
-72
-28
38
90
82
-21
-116
-116
-23
131
162
-65
-224
-94
108
138
1
-95
-63
13
0
-64
-38
60
81
-40
-157
-82
41
65
21
-8
-51
-21
8
46
96
76
-19
-96
-51
85
130
49
-52
-92
-23
80
111
23
-64
-89
-23
69
88
38
-44
-66
-38
17
77
71
-43
-132
-79
41
108
51
-75
-143
-53
58
45
-22
-12
21
-7
-60
-66
6
93
102
-19
-170
-110
85
179
113
-74
-217
-105
170
244
34
-152
-118
53
133
26
-73
-11
122
80
-80
-122
-1
149
105
-31
-44
-11
11
9
-5
22
-19
-103
-86
23
97
56
-72
-141
-76
62
117
51
-85
-145
-26
133
124
-14
-115
-125
-15
74
61
27
-7
-47
-68
7
128
112
-18
-130
-105
58
191
121
-71
-119
-15
35
58
26
15
-8
-12
-29
-61
4
125
113
-65
-178
-86
54
167
86
-144
-179
13
138
33
-98
-70
66
63
-95
-167
-9
186
135
-143
-283
-70
206
167
-108
-219
-43
166
149
-12
-114
-35
99
91
-6
-51
-6
67
40
-25
-43
5
51
56
-9
-59
-53
6
74
98
30
-81
-115
-28
106
104
-63
-136
-53
52
82
27
-53
-83
-45
3
7
-2
38
31
-52
-117
-44
82
135
39
-118
-177
-46
184
224
-18
-217
-156
69
265
137
-151
-195
11
180
121
-110
-116
71
174
41
-127
-109
62
176
76
-42
-77
-60
17
79
56
-29
-90
-82
-20
56
95
7
-100
-133
-42
74
120
26
-108
-113
-8
110
100
0
-106
-107
7
68
44
7
-5
-31
-46
31
104
61
-53
-75
-2
49
66
29
17
45
1
-117
-77
98
174
66
-126
-179
-35
143
184
40
-176
-195
12
130
136
-2
-177
-141
43
109
18
-65
-6
42
-19
-125
-109
53
169
55
-150
-195
2
141
43
-88
-62
35
63
3
-23
52
69
7
-54
-35
38
77
61
-14
-82
-69
50
123
54
-61
-131
-45
82
153
72
-81
-147
-66
71
151
85
-99
-203
-65
122
142
9
-118
-120
-28
54
28
17
34
1
-100
-123
-12
155
122
-29
-161
-133
45
204
117
-78
-129
-79
63
188
87
-132
-132
43
146
88
-76
-87
64
166
28
-140
-122
84
209
69
-92
-93
3
68
64
-23
-79
-81
-32
7
58
49
-24
-97
-100
-13
77
82
-7
-102
-82
53
105
20
-64
-87
-36
49
64
16
-38
-43
-12
40
72
15
-43
-46
2
34
43
15
22
54
59
-51
-136
-36
144
180
9
-165
-174
-2
200
212
-23
-275
-214
124
266
109
-163
-290
-64
222
180
-71
-215
-73
152
132
-123
-246
-38
216
180
-129
-280
-79
149
177
42
-156
-167
17
138
159
49
-107
-105
-17
113
120
6
-54
-42
16
66
48
-14
-49
-23
-17
-18
26
77
76
-11
-91
-74
30
79
60
-51
-120
-40
64
73
23
-80
-102
-32
20
5
16
70
26
-92
-123
-36
89
127
43
-77
-175
-72
141
193
64
-108
-200
-53
197
181
-20
-135
-49
88
67
-66
-47
105
164
-6
-163
-121
110
230
67
-135
-122
18
97
50
-37
-64
-41
-30
-24
4
39
19
-29
-79
-68
18
83
42
-68
-101
-23
87
98
-8
-79
-86
-5
53
48
29
-4
-63
-61
47
98
31
-26
-51
-21
31
78
57
30
-18
-76
-83
23
140
109
-40
-151
-92
71
156
106
-71
-200
-100
118
177
24
-150
-185
13
187
74
-134
-151
39
174
24
-208
-210
75
281
132
-216
-311
-60
192
181
4
-169
-130
47
154
118
-2
-90
-74
36
99
95
18
-57
-63
-7
69
82
17
-30
-58
-91
-1
95
82
41
-48
-106
-42
45
103
29
-108
-129
8
120
76
-62
-129
-45
39
19
-38
22
57
-3
-89
-91
-2
85
109
23
-128
-172
-14
205
162
-38
-182
-137
121
239
57
-160
-133
71
166
23
-111
-45
110
125
-47
-131
-21
138
145
-16
-92
-42
14
45
40
-23
-61
-65
-27
41
34
-12
-32
-54
-19
-13
-20
14
30
8
-26
-44
10
55
53
-19
-89
-77
0
82
82
18
-92
-94
22
113
86
18
-57
-68
-20
76
122
94
-24
-176
-151
74
276
177
-127
-303
-130
216
300
51
-250
-274
19
234
148
-63
-193
-144
89
171
7
-152
-112
77
152
-41
-221
-129
128
251
8
-267
-212
78
198
83
-98
-153
-63
104
159
70
-40
-74
-42
39
103
59
-10
-32
-16
-1
33
30
8
-1
-16
-56
-15
64
87
32
-41
-87
-67
25
100
76
-60
-127
-54
49
90
40
-67
-130
-42
46
59
49
12
-84
-107
-36
39
107
96
-23
-142
-120
66
177
86
-100
-150
-37
157
180
-24
-180
-46
119
114
-64
-144
42
205
119
-115
-228
-30
250
234
-36
-172
-98
61
131
48
-83
-118
-73
16
58
10
-22
-19
-31
-60
-53
17
85
44
-49
-92
-36
44
102
55
-101
-138
-38
95
112
-8
-93
-71
48
99
23
-26
-18
-7
4
27
53
49
36
-13
-104
-82
54
163
107
-71
-160
-81
64
140
99
-58
-150
-99
48
125
108
-114
-199
-48
136
114
-51
-141
-23
69
21
-88
-95
41
112
15
-145
-140
51
119
38
-65
-134
-47
93
144
84
-29
-77
-25
39
40
22
19
31
7
-20
-4
36
39
16
-43
-67
13
52
52
31
7
-53
-98
-39
103
135
-23
-172
-107
61
147
69
-104
-184
-80
41
117
107
-2
-153
-146
13
141
123
8
-126
-159
-35
167
213
-8
-199
-178
54
283
166
-146
-225
2
215
134
-127
-207
35
286
143
-182
-240
37
288
133
-128
-166
-13
122
126
4
-96
-117
-55
16
46
58
13
-78
-104
-46
43
82
26
-70
-92
-23
73
80
19
-55
-77
-62
-14
51
83
38
-52
-123
-40
123
138
16
-95
-99
16
150
110
-42
-82
-3
28
-1
5
44
63
18
-70
-96
-7
148
169
-47
-253
-152
111
249
99
-202
-240
27
185
55
-100
-99
39
85
-64
-165
-46
132
148
-28
-193
-132
50
71
22
3
-24
-45
-21
37
104
70
-14
-83
-67
54
140
84
-25
-113
-70
65
131
45
-88
-104
12
100
65
-21
-35
-11
-3
-33
-5
64
46
-90
-145
-16
98
123
33
-135
-187
-48
92
120
51
-73
-163
-97
76
156
85
-70
-131
-74
28
102
77
-56
-73
-7
62
99
16
-117
-47
120
131
-45
-184
-50
238
248
-79
-300
-174
231
334
40
-230
-155
60
166
76
-78
-114
-56
30
52
6
-46
-25
-9
-21
-53
-19
42
64
-17
-65
-70
5
93
77
-30
-98
-74
5
90
69
-5
-67
-81
0
126
136
1
-120
-112
23
145
101
-19
-64
-18
-3
-9
45
96
30
-47
-112
-85
60
202
135
-119
-291
-91
194
260
63
-273
-280
45
272
127
-160
-231
4
166
59
-127
-155
30
138
43
-120
-125
-30
36
68
44
-47
-80
-39
65
151
74
-72
-136
-44
133
169
38
-114
-131
7
126
144
9
-128
-136
-4
136
129
14
-84
-75
-22
34
38
26
-13
-65
-79
-32
47
108
29
-123
-157
-42
80
106
61
-29
-130
-126
-1
138
129
-12
-164
-122
25
173
117
-55
-122
-78
29
167
118
-77
-120
-6
82
62
-55
-72
58
167
75
-121
-151
37
212
96
-76
-100
-12
89
75
-42
-94
-63
7
29
-11
-49
-19
7
0
-46
-30
27
56
0
-73
-103
-2
116
137
-20
-162
-151
14
156
123
-22
-143
-100
59
165
81
-58
-116
-50
75
152
94
-44
-106
-56
13
59
69
17
-25
-18
-13
-26
-1
91
98
-72
-175
-64
105
141
9
-180
-141
92
148
-19
-133
-53
91
72
-111
-168
-10
172
131
-115
-234
-56
120
106
-5
-96
-55
25
60
45
39
10
-20
-14
18
41
53
35
-42
-49
9
54
50
-2
-44
2
8
5
11
25
75
-26
-91
-51
44
91
7
-83
-88
-10
44
63
18
-76
-119
-38
54
78
81
-13
-154
-153
12
165
153
-12
-198
-212
20
276
243
-79
-280
-195
123
360
141
-242
-246
76
257
72
-196
-152
123
265
48
-208
-187
103
266
113
-131
-127
-22
94
95
-6
-95
-123
-50
59
69
31
-55
-116
-51
25
56
37
-26
-64
-56
-21
48
70
52
-32
-98
-66
6
66
77
20
-70
-112
19
147
120
-12
-141
-136
28
210
162
-19
-142
-108
-6
99
142
47
-66
-114
-66
39
102
108
-6
-151
-129
37
119
79
-42
-139
-82
76
84
-12
-79
-51
59
36
-76
-128
23
151
73
-156
-194
15
139
63
-48
-98
-36
49
71
61
40
-7
-55
-57
10
109
100
-2
-89
-74
41
124
60
-68
-88
-10
55
42
21
28
18
-36
-91
-49
73
117
24
-140
-167
-5
167
133
-42
-184
-151
-16
111
119
36
-94
-158
-55
103
125
25
-54
-93
-72
-15
110
136
-5
-131
-113
49
188
58
-119
-71
87
126
-12
-143
-32
179
168
-47
-197
-72
161
197
4
-130
-54
57
70
23
-37
-51
-46
-61
-9
59
62
-21
-109
-67
20
71
30
-56
-73
-25
51
58
-28
-50
-22
8
11
-49
-30
34
74
31
-57
-74
24
100
85
-11
-120
-90
95
200
106
-81
-195
-107
122
212
96
-116
-213
-50
159
161
-6
-124
-120
13
114
40
-38
-73
-96
38
111
-3
-130
-69
80
110
-48
-197
-117
119
211
26
-225
-201
35
155
61
-59
-113
-43
60
83
76
14
-78
-96
13
144