#4
30
191
240
96
-46
-30
105
187
90
-52
-39
51
59
14
-22
-11
-21
-66
-63
-5
-1
-55
-99
-50
8
-77
-101
-27
40
26
-91
-150
-1
146
102
-99
-169
5
132
120
65
37
-25
-50
-6
81
173
164
23
-86
31
183
115
5
57
116
68
-36
-8
125
125
44
-39
-15
46
-11
-116
-16
107
67
-128
-237
-123
41
41
-65
-144
-176
-181
-111
38
88
-100
-298
-253
22
187
26
-238
-218
36
180
63
-87
-76
15
74
58
72
71
25
-35
-6
123
169
73
-56
-39
69
118
64
-6
-7
-7
-27
12
52
15
-63
-107
-59
22
39
-58
-57
12
-41
-160
-156
12
81
-40
-144
-140
-66
-26
5
-13
-47
-91
-107
-86
30
111
17
-80
-35
61
95
21
-3
113
171
40
-23
36
169
225
113
1
31
129
153
122
88
48
18
46
92
100
12
-75
-8
98
56
-97
-133
11
112
-23
-205
-120
96
123
-103
-268
-131
158
169
-92
-237
-88
127
180
-8
-148
-87
67
117
90
61
0
-67
-25
93
167
104
22
-14
29
132
119
50
50
93
81
19
26
59
70
59
82
45
-32
-71
-40
47
65
-25
-114
-75
-38
-70
-96
-50
24
-71
-258
-254
-22
156
24
-265
-322
-64
142
39
-160
-188
-54
74
53
-8
-20
-30
-18
39
119
91
18
-8
18
45
57
55
118
100
0
-82
24
135
109
-54
-151
-24
143
82
-76
-96
-18
-34
-82
-52
49
85
-66
-239
-203
50
140
-68
-193
-97
-24
-63
-121
-35
59
8
-126
-187
-43
133
98
-81
-98
42
96
28
-9
66
147
118
-10
-26
90
195
206
121
5
-42
42
228
287
94
-141
-90
182
283
71
-164
-158
89
185
57
-124
-126
-9
22
-42
-46
-5
-5
-83
-121
-60
32
28
-70
-101
-28
-9
-8
79
71
-46
-121
-60
145
214
25
-148
-93
134
211
58
-72
3
145
166
84
-44
-30
100
197
158
-14
-125
-30
182
279
82
-205
-209
72
230
51
-164
-152
32
82
-114
-226
-73
82
-10
-200
-238
-99
-10
-24
-103
-109
-87
-118
-126
-34
5
-38
-95
-73
27
63
-5
-53
2
78
58
13
26
91
43
-38
22
129
164
55
-103
-62
86
133
50
-32
-29
6
10
-7
11
22
-80
-151
-71
97
100
-72
-190
-126
-16
-2
-54
-74
-40
-47
-138
-149
-21
49
-2
-96
-105
-57
-36
-15
18
50
70
-13
-62
-9
105
159
110
19
1
33
96
177
216
112
-53
-40
142
259
188
-6
-90
60
169
107
3
-41
-5
19
37
22
-11
-49
-86
-46
7
-33
-71
-48
-9
-25
-119
-119
0
94
17
-167
-187
45
258
116
-176
-231
22
232
158
3
-86
-70
48
130
88
56
39
32
99
152
-2
-73
69
260
191
-77
-166
23
225
207
-21
-156
-47
100
51
-74
-37
37
-13
-147
-171
-46
59
-2
-138
-200
-149
-103
-60
-9
-24
-159
-226
-111
95
87
-148
-238
-59
160
101
-126
-173
30
184
137
-36
-98
30
130
88
14
27
77
90
45
-7
1
23
53
110
25
-106
-107
41
148
62
-109
-203
-96
90
104
-36
-137
-101
-61
-52
-25
5
-92
-168
-68
40
4
-149
-199
-34
128
62
-180
-261
-14
219
147
-81
-157
-46
99
118
113
120
89
-46
-52
106
258
220
19
-76
45
172
220
148
17
-67
-3
144
208
49
-146
-135
84
210
45
-183
-184
14
146
-12
-217
-143
98
100
-110
-247
-80
135
95
-105
-180
-48
114
97
-26
-72
-11
21
15
65
112
49
-58
-42
58
138
130
66
21
32
55
24
73
169
154
7
-53
26
107
105
69
27
-35
-78
-11
82
59
-57
-127
-52
36
-39
-153
-161
-26
47
-86
-274
-227
24
127
-69
-287
-259
-8
133
4
-188
-136
3
59
25
-36
-31
-21
-8
51
111
79
3
-20
33
90
84
53
46
16
-1
27
67
66
1
-80
-61
79
122
-21
-127
-45
19
-35
-107
-37
73
49
-116
-231
-131
69
69
-131
-179
-68
-21
-64
-107
-21
27
-37
-125
-96
3
47
-27
-54
57
96
-31
-108
9
233
229
13
-131
-12
210
283
156
-4
-43
30
165
226
154
-10
-73
61
209
139
-64
-142
34
176
44
-149
-116
41
61
-91
-147
-26
95
3
-173
-163
-12
54
29
-81
-83
-52
-27
0
91
84
-22
-113
-69
101
195
97
-70
-107
12
138
140
103
48
-38
-4
121
127
80
35
62
114
42
-31
14
103
174
58
-142
-141
69
131
-1
-121
-58
27
-31
-187
-153
20
61
-91
-244
-209
-56
33
-32
-112
-168
-158
-91
-8
40
-3
-154
-190
-27
159
114
-79
-155
-24
130
130
30
-16
11
28
40
100
138
59
-61
-64
93
150
50
-78
-88
8
68
15
-48
-9
35
-45
-155
-83
79
101
-50
-176
-155
-35
22
-36
-101
-73
-91
-92
-66
-3
-18
-87
-72
4
2
-95
-126
-17
147
153
-51
-177
-46
164
275
127
-79
-82
56
206
249
166
2
-77
40
232
241
68
-63
-20
143
169
52
-29
-1
30
1
-26
-3
11
-20
-69
-57
-6
-46
-66
-63
-35
-26
-90
-89
-14
66
0
-111
-108
61
130
-17
-143
-44
102
123
42
4
29
28
-31
-9
121
195
119
-66
-87
71
171
147
63
31
31
-2
25
122
120
14
-67
-34
100
67
-91
-108
21
97
-14
-207
-202
-42
50
20
-92
-213
-208
-143
-7
85
-3
-239
-340
-115
184
155
-144
-318
-130
186
205
-48
-216
-85
126
168
80
-7
-46
-10
56
129
133
14
-31
13
71
92
7
-27
12
66
-12
-61
7
53
17
-93
-127
-39
30
20
-16
-36
-84
-148
-106
20
12
-80
-116
-83
-24
-42
-111
-123
-12
96
-10
-190
-194
48
198
94
-108
-127
-5
107
150
130
55
-11
-35
43
172
253
153
-24
-52
88
210
178
59
8
5
75
138
94
-1
-81
-43
90
111
-18
-133
-96
19
41
-65
-142
-48
68
1
-165
-180
12
96
10
-110
-99
8
71
29
-32
-29
-24
-11
51
137
131
-26
-137
-30
149
198
88
-37
-25
109
141
25
32
109
146
50
-44
-10
76
123
108
16
-82
-57
-2
39
59
4
-85
-109
-63
-59
-89
-73
8
-33
-206
-267
-101
120
100
-176
-323
-169
82
112
-99
-220
-111
61
86
-4
-60
-31
-9
18
58
101
66
-5
-32
40
126
102
33
13
4
15
47
71
67
-1
-74
-47
69
75
-47
-110
-50
17
-28
-75
-31
42
1
-150
-200
-54
89
5
-163
-165
-35
11
-79
-132
-60
24
-5
-99
-120
-9
55
13
-30
43
38
-46
-49
93
217
141
-51
-75
81
216
237
96
-16
-32
79
209
220
88
-61
-56
103
200
91
-70
-90
59
120
-4
-130
-49
91
16
-152
-154
8
113
-6
-183
-165
1
99
-6
-102
-57
-27
-42
18
77
43
-64
-77
0
106
151
65
-50
-82
23
102
122
123
48
-26
41
124
108
76
33
47
86
88
8
-35
87
178
61
-113
-95
22
50
-5
-21
-27
-54
-155
-170
-10
119
-31
-268
-279
-48
112
6
-216
-266
-89
44
-2
-104
-146
-76
-22
-25
9
18
-1
-66
-23
71
106
29
-12
26
59
37
20
73
121
55
-69
-19
106
87
-20
-42
14
42
-7
-69
-34
66
31
-118
-164
-33
97
49
-70
-128
-141
-84
-14
24
-1
-86
-189
-169
-35
98
56
-148
-198
-66
45
53
1
-41
-9
28
19
9
38
68
85
89
94
51
25
34
146
259
150
-57
-70
132
288
199
-20
-92
1
150
152
64
-38
-80
-56
47
100
27
-105
-140
-43
24
5
-76
-97
-27
-24
-104
-65
36
65
-69
-168
-51
123
145
-55
-174
-39
103
115
74
41
-2
-45
-39
78
192
172
-8
-104
33
184
151
47
20
69
57
2
12
77
123
74
-32
-54
-18
13
7
0
1
-55
-108
-101
-69
-3
-58
-149
-139
-43
-61
-158
-131
-19
-5
-133
-210
-89
79
20
-179
-168
11
112
37
-69
-38
39
48
14
24
82
74
-14
-15
82
153
83
-28
-47
74
94
14
4
47
-5
-87
-22
80
81
-43
-155
-141
30
107
15
-108
-79
-61
-89
-90
-31
-10
-56
-96
-93
-64
-66
-57
-24
11
0
-127
-169
-15
134
79
-69
-63
22
94
41
2
86
151
73
-53
-23
165
296
177
-23
-63
76
219
207
65
-43
-26
105
173
101
-45
-129
-29
103
112
-22
-142
-111
14
27
-84
-82
11
20
-98
-186
-90
70
90
-64
-129
-52
57
52
-31
-62
10
38
-10
20
108
118
-43
-113
6
155
176
94
-33
-45
117
147
46
40
93
98
40
14
34
24
53
105
73
-39
-80
-37
24
49
-2
-83
-107
-76
-74
-78
-32
-2
-76
-225
-243
-69
108
35
-216
-309
-97
124
80
-153
-221
-53
91
76
-27
-82
-10
23
43
70
71
15
0
50
55
61
43
74
68
17
-31
3
83
108
33
-118
-109
59
117
26
-93
-105
-74
-55
8
74
17
-108
-206
-139
56
82
-96
-167
-73
-16
-92
-144
-29
62
1
-143
-160
-24
111
63
-99
-90
68
95
5
-38
63
168
128
8
-19
51
158
188
144
74
-7
-19
110
242
199
-18
-94
43
200
122
-42
-73
27
51
-13
-58
14
38
-81
-180
-64
99
79
-113
-239
-124
65
97
-8
-87
-103
-87
3
113
134
-40
-179
-99
109
251
129
-107
-167
9
191
154
19
0
39
57
98
108
72
58
54
89
66
-3
-8
60
107
112
8
-88
-42
21
14
7
20
-11
-121
-226
-142
99
136
-101
-343
-290
-4
161
-3
-230
-264
-124
3
20
-28
-90
-120
-91
-19
81
60
-67
-95
23
130
71
-25
-13
83
83
31
20
56
133
91
-52
-74
37
120
86
-37
-102
-55
63
59
2
-43
-94
-134
-42
101
74
-65
-176
-134
-46
20
-17
-111
-88
-37
-75
-121
-84
22
-8
-87
-43
-11
-60
-96
-7
97
83
19
-96
-89
94
210
149
11
-42
18
104
201
221
102
-48
-54
121
271
209
-6
-106
19
212
185
5
-108
-74
66
100
3
-54
-47
-30
-20
-48
-62
-42
-48
-29
-25
-105
-125
1
81
33
-120
-163
-1
177
113
-105
-161
4
157
117
14
-23
-16
18
14
54
147
134
-4
-27
89
104
60
55
120
133
-5
-88
-16
136
211
83
-144
-139
52
115
28
-57
-68
-57
-72
-97
-80
-38
-34
-71
-99
-181
-208
-91
57
38
-148
-324
-215
108
212
-43
-297
-212
99
211
22
-160
-96
75
132
41
-13
45
71
20
14
77
120
62
-45
-29
76
97
24
-15
-24
-9
21
39
-3
-30
-38
-63
-61
-12
-1
-10
-25
-49
-108
-133
-56
37
-9
-137
-138
-88
-27
-21
-68
-74
-7
3
-99
-153
-11
142
93
-54
-90
2
78
72
75
133
97
-11
-54
69
257
278
62
-141
-45
204
291
154
-30
-70
29
177
165
41
-109
-123
43
163
66
-110
-150
-45
59
6
-100
-86
12
-12
-147
-150
9
111
4
-171
-122
51
101
28
-83
-87
6
77
56
41
62
24
-51
-34
67
172
126
5
-47
79
182
80
-24
43
132
125
9
-57
-6
111
178
79
-66
-108
-32
56
86
18
-106
-140
-66
-22
-33
-82
-73
-46
-118
-198
-139
-3
19
-123
-211
-140
11
36
-105
-170
-70
61
57
-27
-74
-36
11
36
71
68
24
-3
38
83
81
23
12
67
85
61
21
6
9
54
24
-58
-43
39
51
4
-64
-107
-96
-18
47
50
-24
-129
-192
-94
55
45
-118
-170
-80
-30
-66
-89
-34
30
-66
-144
-97
45
91
-34
-97
33
119
23
-120
-50
196
296
80
-170
-108
179
329
238
6
-109
-18
176
269
175
-10
-120
-10
210
237
9
-174
-104
108
173
9
-152
-104
25
45
-55
-115
-72
-26
-28
-57
-59
-47
-22
-38
-19
-9
-26
-57
1
95
53
-60
-104
3
165
166
-1
-88
-39
24
102
173
178
-3
-104
-12
144
234
142
-1
-50
-19
72
114
97
77
7
-91
-41
103
88
-87
-139
-5
109
-13
-227
-248
-23
123
9
-229
-306
-105
73
41
-128
-217
-180
-65
56
19
-105
-172
-102
81
132
1
-127
-114
48
165
83
-39
-10
72
65
29
42
93
108
5
-64
13
108
86
2
-69
-60
29
69
13
-37
-59
-79
-65
21
54
-22
-136
-152
-47
20
-16
-106
-121
-25
-31
-122
-132
-45
31
-35
-99
-80
-38
-8
-19
-40
40
98
31
-76
-47
82
178
143
42
-11
15
90
184
230
112
-35
-47
112
263
215
4
-80
14
146
144
10
-70
-20
56
50
-8
-59
-72
-46
0
-21
-68
-55
-32
-20
-78
-142
-61
76
70
-78
-150
-50
100
107
-20
-115
-36
80
91
47
40
28
-20
-52
1
151
217
104
-83
-52
115
164
73
3
52
118
64
-24
-6
92
140
42
-78
-67
2
37
14
10
-23
-106
-148
-79
31
-1
-124
-170
-135
-110
-74
-49
-25
-88
-193
-190
-45
84
15
-176
-203
-22
146
94
-97
-141
14
126
83
-24
2
106
75
-1
9
68
103
71
-3
10
67
35
-7
19
59
-17
-76
-27
68
75
-30
-165
-128
8
70
29
-36
-118
-159
-98
18
2
-57
-92
-104
-81
-70
-66
-30
1
-15
-76
-141
-56
75
92
-14
-63
14
53
28
-9
68
187
144
9
-79
62
261
269
57
-110
-32
178
276
158
-14
-91
-10
183
231
46
-166
-141
73
179
39
-150
-156
-19
64
-15
-116
-70
-14
-42
-90
-92
-10
17
-27
-38
-37
-21
-27
-4
45
63
11
-102
-51
142
245
43
-211
-154
120
287
180
-15
-120
7
188
154
35
9
68
86
27
10
57
61
90
49
-33
-43
-29
-19
24
40
-10
-98
-139
-123
-56
2
9
-75
-227
-259
-83
102
52
-188
-299
-132
62
61
-94
-156
-86
26
21
-10
19
26
-40
-54
31
162
156
0
-113
-12
132
149
67
26
-22
-10
57
85
62
-25
-87
-21
66
65
-13
-78
-60
-43
-28
-11
-5
-16
-45
-110
-147
-42
42
-51
-130
-51
-40
-120
-159
-32
91
49
-131
-216
-89
86
116
-27
-99
-20
100
42
-30
3
141
181
52
-53
-4
131
234
192
30
-43
10
145
234
172
-6
-79
43
176
147
-20
-114
-17
100
70
-41
-103
-47
12
-31
-92
-54
-9
-10
-90
-127
-69
34
44
-9
-48
-105
-101
33
164
84
-98
-181
-58
184
251
60
-164
-154
79
243
171
5
-71
-21
154
207
83
-58
-37
108
187
90
-20
-76
31
163
146
-39
-127
-74
32
121
59
-99
-194
-160
-41
73
58
-93
-242
-238
-84
54
19
-155
-221
-121
-29
-13
-40
-98
-115
-68
-1
39
34
-41
-58
2
107
92
16
-47
-2
78
95
55
26
75
86
-4
-28
2
76
103
-3
-82
-56
28
28
-20
5
1
-91
-142
-41
92
77
-93
-209
-155
15
75
-50
-130
-103
-90
-96
-35
7
-30
-96
-97
-37
-4
-16
-19
-15
20
62
10
-41
10
108
136
103
38
8
27
105
218
214
60
-104
-43
200
320
159
-112
-127
106
251
155
-66
-166
-44
110
131
7
-111
-130
-49
62
37
-101
-136
-51
15
-13
-99
-104
-13
37
9
-94
-76
68
106
-31
-109
-13
103
79
24
27
44
21
-17
6
132
186
68
-55
19
115
98
52
84
121
29
-34
3
75
134
81
-21
-69
-10
14
5
-4
8
-12
-118
-158
-75
19
-21
-117
-171
-144
-89
-63
-35
-72
-122
-175
-133
-13
59
-46
-187
-131
49
128
15
-128
-100
60
116
37
-16
53
120
24
-64
0
141
163
26
-62
5
108
72
-30
-32
8
19
4
2
18
5
-69
-129
-76
36
70
-23
-110
-136
-108
-24
47
-34
-143
-113
-51
-8
-73
-126
-52
29
24
-100
-172
-53
93
73
3
3
-4
-14
-3
87
211
172
1
-136
-22
243
349
157
-111
-129
101
284
242
52
-89
-43
107
195
122
-56
-123
-27
95
108
-6
-119
-129
-17
48
-23
-112
-74
-16
-22
-81
-87
-10
24
-47
-81
-36
31
18
-16
-13
31
1
-46
7
135
134
-6
-102
-32
101
199
136
-4
-40
54
89
68
84
93
68
0
-19
74
105
101
54
-11
-59
-40
13
31
12
-33
-68
-76
-105
-102
-48
4
-15
-104
-224
-202
-42
69
-28
-206
-241
-97
70
54
-117
-180
-55
62
36
-27
-42
18
40
0
-7
49
99
87
7
-14
22
88
141
69
-31
-30
15
87
112
6
-116
-68
82
92
4
-81
-84
-58
-43
-2
31
5
-75
-161
-118
17
75
-78
-192
-117
2
-17
-112
-115
-16
30
-30
-115
-99
-4
27
9
56
72
-22
-102
-29
184
265
76
-130
-86
136
272
213
40
-62
-6
155
231
178
54
-86
-53
153
251
73
-154
-147
62
190
58
-138
-169
-62
52
47
-33
-92
-99
-79
-26
-5
-6
-53
-100
-52
25
39
-32
-51
15
55
23
-57
-48
75
173
80
-70
-88
12
94
160
173
51
-91
-38
111
199
136
11
-25
33
98
106
21
1
50
62
-3
-41
-47
-21
31
45
-14
-103
-182
-147
16
70
-56
-221
-227
-78
36
-15
-121
-145
-143
-111
-30
31
-45
-119
-121
-16
77
46
-33
-67
-2
98
100
18
2
16
42
64
50
82
87
38
-26
5
60
70
12
-30
-17
34
36
-41
-83
-1
35
-60
-123
-49
57
49
-65
-183
-153
-16
38
-33
-92
-110
-119
-101
2
36
-46
-128
-106
-26
-2
-22
-36
0
74
63
-50
-51
29
150
166
86
-13
-23
33
168
268
182
-35
-111
59
279
279
56
-130
-39
163
196
39
-91
-65
48
100
15
-81
-77
-39
5
-37
-71
-49
-39
-32
-61
-97
-58
22
22
-40
-98
-68
65
145
15
-157
-108
68
154
116
32
-35
-34
22
49
108
133
69
-42
-54
119
215
92
-60
-13
159
173
12
-109
-40
143
217
45
-132
-122
-9
80
79
-27
-123
-154
-102
-15
27
-54
-143
-161
-126
-55
-51
-59
-80
-136
-174
-139
5
52
-82
-172
-60
93
67
-91
-133
29
143
76
-61
-54
83
162
60
-76
-14
128
141
32
-37
2
43
36
39
32
-2
-42
-40
-22
47
32
-86
-169
-70
97
129
-20
-191
-253
-105
129
109
-124
-236
-149
29
82
-78
-162
-118
23
68
-71
-156
-57
106
108
-29
-82
-10
61
69
80
150
134
-13
-72
63
229
244
105
-46
-51
109
245
210
64
-60
-40
104
152
108
5
-90
-50
29
52
29
-38
-97
-87
-53
-11
44
-20
-140
-177
-57
94
94
-99
-191
-44
113
110
-48
-136
-34
105
96
-23
-55
53
130
70
-46
-82
45
188
178
22
-55
33
64
91
150
135
12
-99
-16
155
164
65
-63
-95
28
98
30
-106
-92
27
66
-60
-212
-185
-24
77
25
-175
-275
-189
13
113
-35
-269
-268
-24
130
10
-184
-169
-22
66
48
-24
-44
-13
18
44
66
61
47
10
-6
46
84
83
64
44
8
0
31
86
64
-35
-101
-27
72
59
-3
-62
-103
-90
-13
59
23
-33
-143
-157
-70
34
-1
-105
-115
-56
-38
-139
-119
15
70
-12
-159
-164
-27
96
83
-19
-58
-10
35
32
36
104
161
76
-20
-14
108
204
172
63
5
38
110
179
156
26
-50
28
151
144
35
-70
-64
24
77
28
-55
-76
-47
-20
-28
-86
-37
13
-66
-121
-83
13
33
-41
-64
-51
-47
-8
86
60
-57
-120
-32
148
186
69
-104
-121
59
186
154
50
-20
-8
78
147
93
26
18
70
100
93
63
-32
-46
102
180
64
-100
-130
-49
47
114
38
-102
-228
-201
-2
139
34
-195
-322
-177
58
85
-68
-224
-212
-69
31
16
-61
-175
-132
2
90
65
-63
-122
-29
105
136
31
-49
-13
79
90
22
18
89
131
22
-80
-31
103
148
21
-138
-100
66
138
13
-108
-104
-23
-12
-4
4
-29
-73
-86
-84
-73
-19
-47
-102
-72
-43
-67
-107
-73
0
-26
-83
-74
-48
-22
8
-15
8
61
13
-44
-17
64
131
172
91
-45
-49
97
247
262
82
-117
-69
154
322
227
-34
-170
-14
269
243
-19
-220
-94
153
166
-6
-165
-129
-1
81
-15
-127
-108
-10
47
-24
-158
-131
35
78
9
-111
-118
16
133
55
-61
-83
-1
95
118
73
-16
-47
-18
72
166
162
36
-93
25
177
134
6
-15
114
155
56
-60
-47
118
224
64
-141
-156
20
132
64
-76
-127
-84
-33
-47
-65
-69
-89
-75
-98
-134
-144
-80
-11
-24
-156
-232
-117
84
47
-131
-194
-39
108
65
-80
-96
42
126
30
-63
-1
110
101
-6
-21
77
145
53
-54
-27
98
93
15
-16
-20
-5
28
34
9
-37
-60
-69
-82
-7
59
32
-57
-168
-171
-22
81
8
-170
-194
-78
47
6
-139
-141
-30
37
0
-101
-117
14
78
51
2
-33
-35
-6
78
177
183
45
-80
-40
172
309
180
-30
-102
72
245
211
58
-5
31
84
107
62
-10
-13
16
38
0
-59
-52
-9
15
-54
-112
-71
39
20
-70
-150
-110
29
60
-33
-95
-77
-6
36
41
4
-30
-7
-12
14
122
155
5
-152
-83
143
245
125
-77
-101
108
215
89
-36
-2
127
176
52
-65
-56
77
168
118
-37
-131
-78
28
82
47
-59
-156
-140
-78
2
14
-66
-165
-196
-139
-24
26
-71
-222
-200
-31
65
-7
-194
-203
19
142
54
-106
-136
6
128
81
-3
-23
25
96
63
40
15
44
99
80
14
-17
26
54
63
41
-38
-72
-2
89
57
-42
-100
-102
-47
8
32
14
-56
-130
-123
-50
8
-38
-96
-56
-33
-93
-173
-94
86
96
-90
-221
-118
79
146
-7
-128
-30
96
100
-27
-39
79
184
110
3
-1
86
169
182
98
1
-4
101
216
185
43
-84
-23
138
201
62
-109
-106
5
92
54
-56
-109
-66
-26
-40
-33
-24
-49
-64
-78
-47
-12
-39
-40
-12
-19
-65
-20
62
69
-6
-66
-35
33
132
118
37
-32
-27
11
67
148
160
15
-56
-7
109
192
145
4
-60
-4
103
123
72
17
-34
-16
55
36
-52
-66
0
19
-18
-157
-176
-61
61
33
-130
-258
-196
-42
72
-7
-173
-246
-158
17
104
-21
-185
-179
-22
114
92
-46
-101
-29
92
139
30
-40
32
95
23
-25
49
166
139
-35
-114
2
148
125
-23
-137
-76
68
117
35
-92
-127
-98
-15
65
75
-43
-164
-182
-57
55
54
-115
-186
-73
0
-52
-122
-87
-12
25
-9
-109
-171
-78
112
167
32
-115
-118
10
180
169
42
-69
-2
165
182
48
12
118
197
131
-7
-1
134
191
113
-14
-17
63
99
76
-1
-43
-15
38
7
-42
-58
-35
-30
-42
-35
-11
-46
-79
-106
-75
16
56
-2
-104
-122
-26
112
100
-27
-107
-72
73
140
92
1
-40
-22
32
98
128
110
33
-56
56
158
111
22
-2
98
141
33
-53
6
139
160
-6
-126
-60
51
56
-14
-33
-32
-68
-134
-127
-45
40
-16
-177
-245
-150
12
51
-60
-196
-228
-102
44
83
-81
-231
-125
72
139
-5
-133
-69
84
111
22
-38
27
118
110
-15
-40
55
136
58
-29
-14
63
54
1
-7
-2
-14
-13
-18
32
52
-47
-151
-136
27
127
41
-103
-200
-156
18
76
-38
-136
-116
-70
-46
-88
-64
-2
11
-24
-146
-166
-4
156
96
-78
-109
14
112
90
7
47
140
114
-2
-46
98
294
229
-6
-133
20
237
266
126
-43
-90
42
166
160
37
-93
-76
33
82
2
-91
-85
-12
33
-37
-110
-45
16
-39
-110
-107
11
35
-9
-60
-63
-28
27
30
18
-7
-37
-8
50
107
111
-5
-76
-21
102
158
109
-2
-30
73
118
71
74
107
84
-4
-42
61
130
102
-2
-50
-5
34
17
-35
-32
-10
-48
-82
-117
-99
-40
-7
-51
-141
-206
-151
-27
24
-34
-176
-213
-106
23
39
-64
-138
-97
-16
43
28
9
1
-20
6
51
79
57
30
-1
22
64
74
83
51
34
7
7
18
85
56
-70
-94
-1
66
84
1
-132
-162
-52
88
104
-14
-164
-205
-69
83
73
-118
-222
-111
32
27
-101
-140
-67
-2
19
-56
-107
-47
6
9
60
101
-4
-98
-48
108
241
148
-42
-91
45
232
276
127
-61
-75
81
225
242
109
-77
-105
62
245
184
-81
-185
-17
145
91
-81
-136
-48
34
-21
-114
-99
14
33
-25
-130
-136
-9
61
9
-77
-103
-30
79
88
15
-97
-93
25
141
144
28
-64
-51
32
90
135
121
45
-8
59
65
70
106
95
69
15
24
48
68
85
56
30
-31
-61
-12
7
5
-15
-35
-78
-117
-102
-24
-4
-63
-155
-188
-102
-11
-22
-104
-134
-132
-73
-27
-31
-106
-105
-23
44
59
-34
-118
-28
96
132
39
-74
-17
105
113
47
-7
10
100
91
5
-17
33
69
24
1
3
-6
-19
-27
6
42
-20
-120
-140
-5
127
67
-148
-263
-149
79
131
-85
-227
-150
-7
31
-61
-121
-107
-22
38
-28
-130
-88
34
101
62
-24
-90
-36
99
167
108
47
12
25
50
117
212
198
44
-93
9
223
267
100
-80
-69
109
199
111
-51
-111
-9
68
60
-53
-71
-46
-30
-54
-33
10
-22
-77
-106
-102
-1
35
9
-64
-66
-43
-12
32
30
-20
-1
15
15
38
93
104
-22
-90
-21
131
221
134
-69
-99
112
189
99
15
35
127
73
-18
-7
69
121
79
-58
-92
26
74
-1
-43
-43
-30
-44
-134
-111
-41
-3
-57
-155
-171
-131
-18
17
-62
-184
-219
-77
65
34
-146
-206
-66
115
118
-36
-138
-66
76
128
54
7
18
26
-11
31
125
170
30
-97
-65
137
171
39
-111
-117
33
114
40
-54
-71
-25
0
-50
-65
-15
-4
-25
-60
-110
-88
-37
-23
-83
-55
-37
-71
-119
-105
-38
28
39
-75
-195
-139
54
163
63
-60
-77
-21
69
92
107
87
30
6
45
115
184
186
70
-44
12
174
205
107
-6
10
115
151
48
-36
-13
41
54
-7
-52
-76
-8
51
-1
-102
-140
-33
49
7
-102
-155
-58
38
39
-32
-85
-76
-9
69
62
10
-56
-86
-11
153
212
58
-144
-145
80
237
144
-13
-70
40
181
126
-6
-1
112
133
48
-26
15
84
81
54
-17
-21
-4
-44
-43
35
51
-40
-189
-194
-36
76
35
-131
-247
-218
-47
65
12
-149
-263
-195
13
113
-15
-195
-160
-14
58
40
-18
-38
-19
-8
51
110
108
16
-44
-24
69
151
96
-8
-44
14
108
81
18
-17
-32
-11
36
43
-3
-59
-50
-30
-44
-41
-17
-4
2
-67
-134
-97
-17
-13
-59
-49
-72
-117
-135
-57
17
41
-39
-141
-125
-5
59
21
-24
6
55
34
-27
-13
112
198
109
-47
-75
96
245
222
76
-37
-18
121
228
174
25
-58
18
138
135
28
-62
-35
42
51
-4
-67
-58
-5
0
-59
-94
-44
-7
-39
-77
-77
-32
-17
-34
-34
-19
-30
4
37
28
-35
-46
-14
48
109
111
3
-99
-37
82
161
117
48
-23
19
120
114
81
41
43
61
64
64
47
5
32
78
39
0
-53
-67
-15
47
48
-56
-170
-160
-26
59
-25
-160
-221
-145
-37
-11
-53
-92
-149
-147
-65
-15
-14
-70
-100
-75
-12
63
54
-31
-57
-8
74
91
15
5
48
29
50
53
95
118
6
-70
-20
68
109
41
-58
-68
22
84
20
-69
-75
-61
-30
-23
25
4
-58
-116
-117
-55
15
-35
-116
-79
-36
-49
-109
-113
-15
23
-12
-86
-145
-82
57
112
13
-48
-49
0
61
74
98
112
56
-5
27
120
193
173
74
-29
-26
129
259
165
-8
-63
49
181
127
-37
-87
15
76
-4
-64
-32
24
-5
-68
-107
-65
47
47
-120
-204
-110
86
132
-11
-163
-159
-4
117
93
-9
-93
-39
42
75
75
67
36
-21
-45
-21
135
238
110
-93
-71
119
196
113
-25
2
112
116
46
-39
4
104
113
20
-51
-63
-41
12
56
53
-62
-237
-225
-11
157
62
-186
-339
-214
32
139
-10
-239
-312
-140
91
136
-57
-268
-193
54
201
61
-154
-164
47
158
77
-37
-37
65
93
35
43
72
75
-1
-31
34
117
80
-16
-62
-36
36
60
14
-37
-46
-16
-60
-89
-8
48
-16
-102
-95
-76
-59
-33
-43
-73
-50
-61
-119
-143
-50
60
27
-110
-157
-83
56
121
-27
-122
-4
111
74
-34
-60
93
236
147
-62
-123
83
345
296
1
-165
-29
218
287
161
-38
-92
34
178
155
25
-73
-60
11
72
57
-36
-120
-107
10
40
-22
-65
-102
-99
-29
2
-7
-56
-83
-40
-2
41
10
-36
-27
33
46
-19
-23
93
149
47
-92
-80
64
206
171
13
-78
36
137
63
45
93
129
74
-33
-27
77
142
79
-31
-66
14
9
-35
-2
39
12
-104
-198
-125
43
51
-81
-200
-219
-105
21
24
-130
-215
-155
-30
22
-48
-148
-125
-22
48
4
-60
-55
37
61
20
-19
36
93
85
-2
-28
42
133
107
19
-36
9
63
83
41
-29
-52
-30
25
69
17
-49
-70
-56
-44
-15
26
4
-63
-122
-132
-55
34
-15
-95
-93
-95
-90
-64
-35
-13
-28
-70
-77
-75
-34
14
18
41
73
-11
-111
-48
144
284
145
-105
-146
80
291
296
88
-79
-37
98
208
193
72
-3
-7
71
151
110
-32
-99
-17
95
78
-55
-101
-55
25
24
-78
-146
-55
51
44
-75
-164
-115
3
61
21
-55
-93
-37
61
60
-4
-53
-34
44
131
104
-15
-71
4
95
131
117
28
-42
26
96
120
130
56
9
3
50
96
96
43
6
15
-14
0
23
-14
-39
-3
13
-33
-143
-187
-76
62
61
-139
-297
-195
21
80
-44
-217
-238
-93
45
45
-106
-175
-99
40
92
29
-73
-81
21
94
65
12
-5
65
84
45
12
47
73
54
30
29
56
49
1
-38
-20
50
62
-45
-89
-17
63
6
-134
-121
14
83
6
-119
-169
-99
10
-39
-51
-31
-91
-148
-110
-2
57
-31
-126
-145
-69
65
117
4
-108
-60
42
100
77
11
21
79
106
100
38
27
113
205
157
25
-56
67
218
215
54
-91
-26
145
142
6
-87
-32
82
65
-8
-88
-97
-17
-1
-23
-43
-67
-74
-58
-57
-33
-13
-24
-31
-43
-43
-14
19
19
2
0
15
4
3
63
121
68
-40
-75
40
179
184
46
-71
-23
126
142
79
45
77
54
-17
8
80
124
107
-4
-83
-33
42
19
-25
-21
11
-49
-167
-159
-29
55
-9
-179
-227
-140
-3
41
-56
-193
-255
-111
71
88
-74
-218
-135
46
103
22
-86
-66
62
73
5
-19
49
119
76
-31
-30
99
134
61
-15
-17
38
70
25
2
-5
-28
-28
11
55
39
-79
-187
-108
100
166
-21
-224
-240
-45
124
65
-170
-218
-55
58
-6
-186
-159
6
106
14
-161
-219
-45
171
154
-32
-120
-32
49
72
57
118
144
47
-49
-8
201
286
134
-59
-52
112
237
181
36
-16
34
102
113
17
-26
13
55
32
-39
-59
-40
2
6
-50
-96
-55
23
-3
-96
-133
-42
55
16
-77
-97
-48
30
89
43
-50
-41
-8
5
46
99
104
11
-102
-47
103
201
149
-3
-83
45
156
112
49
49
67
58
23
31
56
79
57
4
-13
20
-29
-68
-28
51
53
-82
-220
-145
-11
43
-9
-146
-246
-168
-17
55
-23
-206
-257
-103
56
72
-93
-215
-110
35
98
28
-94
-57
38
89
88
22
-26
-4
69
119
70
6
16
82
62
21
-9
-8
49
72
-5
-89
-54
49
81
13
-115
-153
-56
71
87
-15
-141
-182
-96
47
46
-81
-167
-89
-19
-48
-97
-55
-7
-23
-72
-102
-57
38
66
12
-54
-16
47
33
-6
66
156
152
29
-57
2
162
254
207
14
-87
-3
165
280
175
-57
-122
49
218
186
-10
-161
-106
66
121
26
-84
-91
-20
-9
-62
-72
-7
-1
-73
-137
-93
30
63
-29
-94
-107
-17
113
121
-24
-134
-94
60
174
150
-6
-146
-82
107
202
130
25
-46
-9
126
85
29
66
128
147
32
-76
-50
115
221
124
-104
-173
-61
81
152
45
-111
-169
-94
-37
-22
-46
-79
-95
-94
-136
-154
-73
11
-31
-159
-197
-113
-4
26
-41
-135
-97
10
66
12
-67
-44
67
103
36
-49
-9
102
117
39
-15
21
102
99
9
-39
-10
83
119
21
-90
-92
28
78
64
-28
-108
-141
-64
84
84
-42
-173
-156
-52
53
2
-149
-153
-16
17
-73
-174
-116
38
74
-29
-149
-167
16
124
59
-35
-44
-12
38
61
80
117
101
24
-11
46
145
215
175
3
-73
45
221
251
72
-92
-47
140
196
63
-91
-90
46
126
36
-126
-145
-5
72
18
-101
-133
-45
34
-7
-117
-131
-17
60
2
-57
-71
-27
50
67
5
-29
-55
-21
74
176
119
-69
-142
-22
195
252
88
-101
-97
118
218
119
13
-5
57
79
58
32
62
89
50
-56
-36
31
46
-56
-73
-1
44
-47
-168
-160
-8
75
-53
-211
-235
-103
47
32
-121
-248
-184
7
85
-19
-184
-189
-16
140
76
-103
-142
11
116
83
7
-35
29
100
57
2
31
107
125
-5
-73
2
92
96
35
-41
-69
-13
54
57
29
-53
-136
-150
-26
121
94
-71
-185
-158
-56
43
12
-131
-126
-60
-33
-84
-129
-72
8
26
-43
-131
-92
25
59
9
4
8
-12
1
23
109
174
124
-38
-62
61
248
263
90
-67
-44
121
256
207
33
-85
-33
151
195
81
-68
-126
-10
108
84
-37
-118
-84
2
22
-54
-91
-58
-5
-12
-112
-130
-13
67
32
-52
-101
-63
52
116
43
-59
-113
-15
153
210
38
-171
-128
125
268
157
-53
-134
76
259
145
-59
-58
87
209
96
-52
-50
53
130
96
-17
-87
-4
17
-22
-3
22
-39
-133
-144
-81
-1
0
-87
-183
-179
-86
1
-23
-97
-194
-195
-62
68
29
-150
-192
-47
113
79
-51
-96
-31
60
104
80
0
-52
3
107
135
70
-3
-27
23
94
95
7
-44
33
87
-5
-94
-25
56
62
-47
-113
-71
-10
33
24
-49
-123
-153
-73
30
1
-74
-80
-90
-101
-108
-53
25
20
-74
-138
-109
24
112
13
-98
-30
70
59
-12
-1
119
175
65
-19
-1
93
206
215
78
-26
-20
114
234
199
54
-82
-52
122
215
102
-106
-129
25
130
49
-74
-112
-32
12
-37
-72
-37
-19
-45
-71
-91
-48
-6
-5
-17
-54
-55
-6
62
52
-12
-63
-51
-2
111
164
73
-94
-128
13
212
240
72
-120
-67
116
168
115
41
9
72
66
12
7
53
127
93
-42
-101
-31
32
63
17
-62
-93
-105
-101
-45
-9
-41
-97
-168
-173
-96
-1
7
-109
-214
-180
-45
47
-1
-112
-138
-42
56
47
-25
-58
-21
51
88
50
1
20
83
44
-4
43
103
108
8
-63
11
100
93
-7
-67
-43
47
72
-31
-49
-14
-56
-103
-66
46
81
-12
-142
-190
-74
59
-6
-115
-100
-47
-64
-113
-86
14
27
-44
-143
-119
5
98
44
-68
-86
4
96
76
-19
11
121
157
64
-16
15
152
244
151
-25
-73
54
256
240
51
-102
-45
135
189
73
-67
-95
-9
72
58
-26
-120
-104
-8
35
3
-54
-117
-116
-41
12
14
-59
-99
-20
27
9
-37
-22
9
26
55
5
-34
14
119
116
-23
-119
-1
194
225
66
-102
-40
153
166
46
-25
60
143
89
-15
-19
66
134
77
-53
-75
-19
36
36
2
-37
-65
-110
-129
-58
18
-20
-126
-208
-154
-34
4
-41
-114
-155
-167
-98
38
37
-106
-150
-76
58
72
-17
-82
-17
74
84
33
-15
23
64
64
32
40
55
67
52
25
9
-11
38
80
22
-73
-77
-8
71
78
-39
-158
-150
12
133
31
-122
-173
-103
-9
-3
-64
-82
-26
-35
-129
-162
-67
67
50
-91
-193
-107
52
93
32
-71
-59
28
76
37
16
82
156
92
-1
-35
71
236
234
67
-93
-13
174
252
156
-1
-82
20
146
159
61
-59
-98
-10
103
86
-51
-154
-91
40
57
-56
-109
-70
-22
-35
-81
-61
-12
21
31
-39
-103
-58
66
120
40
-85
-111
10
162
168
19
-136
-87
108
238
165
-29
-123
66
215
106
-11
-11
99
132
45
18
21
33
67
58
12
-2
-47
-68
-5
59
40
-88
-200
-153
-13
70
-18
-167
-233
-172
-27
44
-30
-149
-226
-146
-16
34
-17
-127
-164
-41
100
84
-66
-105
-25
95
138
45
-50
-50
43
139
125
35
-23
11
76
104
40
-65
-56
69
92
6
-87
-72
18
84
38
-107
-196
-80
104
150
12
-200
-275
-117
108
137
-78
-230
-181
-24
57
1
-74
-113
-85
-20
-11
-34
-27
-35
17
101
81
-48
-90
25
198
225
52
-104
-65
127
310
266
34
-125
-51
148
295
230
-11
-157
-43
189
256
74
-172
-157
53
200
89
-145
-195
-64
79
53
-75
-106
-76
-44
-28
-65
-23
13
-40
-78
-44
28
52
5
-56
-45
5
47
82
66
3
-14
7
59
59
91
115
62
-32
20
105
112
95
67
27
27
55
71
37
54
77
14
-27
4
-1
-20
-30
-26
12
-20
-128
-178
-75
43
2
-122
-233
-183
-9
48
-37
-185
-213
-104
2
46
-56
-162
-105
18
74
13
-87
-64
47
118
59
-47
-25
101
151
17
-64
-1
141
146
31
-81
-41
74
142
49
-82
-98
-9
75
72
15
-72
-172
-143
49
178
68
-168
-286
-155
106
157
-64
-255
-177
14
42
-76
-157
-67
36
35
-90
-164
-70
94
83
-4
-40
-34
-7
56
113
139
87
12
-16
48
152
216
152
11
-59
40
222
242
75
-90
-61
138
223
78
-103
-101
51
138
37
-102
-125
-16
64
-9
-134
-115
7
45
-46
-124
-118
-14
58
11
-70
-63
-32
4
71
20
-25
-28
-19
23
108
138
33
-101
-82
64
232
180
-17
-132
23
200
177
38
-38
52
141
64
5
29
69
83
3
-42
25
30
-50
-72
29
97
-49
-257
-237
19
179
21
-247
-315
-134
73
60
-109
-253
-202
-31
74
0
-159
-167
-25
77
38
-71
-65
6
87
66
-5
-12
47
120
56
-34
-17
86
131
65
-24
3
80
57
-12
-35
-2
15
6
-23
-14
2
-9
-74
-98
-38
50
30
-67
-160
-139
-28
46
-41
-133
-100
-73
-65
-92
-14
29
-43
-118
-132
-27
87
50
-80
-80
48
114
49
-56
-25
139
221
82
-84
-50
157
303
202
-17
-103
43
244
241
80
-48
-35
95
147
94
-10
-49
8
41
13
-36
-50
-15
-21
-59
-81
-41
5
-18
-86
-117
-61
25
41
-29
-102
-88
5
83
78
-35
-94
-33
70
111
102
33
-53
-56
35
139
145
85
-6
8
77
85
39
53
122
131
18
-81
25
149
139
42
-53
-63
15
32
-3
-21
-10
-11
-83
-156
-122
-7
30
-52
-172
-237
-141
13
63
-61
-241
-267
-78
103
53
-143
-208
-84
92
103
-47
-133
-43
92
109
47
-20
-11
43
99
52
16
42
90
76
9
-32
9
70
81
11
-66
-68
36
98
32
-84
-139
-75
23
43
10
-46
-96
-137
-85
18
18
-118
-142
-58
-20
-33
-77
-98
-49
-16
-28
-67
-56
-12
27
3
-12
33
37
-22
-2
76
163
130
-2
-39
63
199
236
122
-31
-37
99
199
191
51
-37
6
128
171
33
-77
-58
76
116
-19
-142
-63
63
59
-61
-200
-126
59
119
-37
-211
-170
-1
112
66
-70
-141
-68
56
112
65
-82
-133
-20
141
208
67
-136
-154
38
236
224
45
-124
-96
116
237
140
-17
-43
78
133
83
7
-33
45
129
70
-50
-91
-33
25
45
-4
-65
-103
-143
-100
13
63
-36
-206
-286
-152
64
104
-69
-253
-248
-75
110
74
-130
-261
-116
103
151
18
-131
-95
53
128
83
-9
-22
32
65
44
80
86
56
20
-22
3
96
104
1
-105
-60
58
87
-1
-44
-24
-32
-77
-63
20
48
-18
-116
-155
-75
14
-14
-119
-88
0
-41
-133
-151
-44
63
47
-92
-204
-107
87
130
28
-102
-65
24
97
77
51
71
106
51
14
29
139
218
157
18
-57
37
190
236
100
-54
-71
94
194
96
-40
-86
0
74
7
-51
-36
-31
-49
-66
-57
-13
29
-34
-132
-124
-24
38
15
-67
-77
-55
24
90
55
-54
-100
-42
84
143
97
-17
-72
-8
86
148
132
9
-65
33
179
145
6
-24
80
155
94
-29
-43
57
162
133
-31
-125
-66
20
49
60
-8
-83
-178
-189
-20
127
34
-178
-291
-201
21
100
-35
-210
-247
-116
16
29
-68
-144
-102
-4
69
44
-42
-90
-21
69
75
37
10
36
45
34
40
57
63
59
49
45
8
-26
-13
72
95
26
-105
-118
34
140
55
-134
-242
-114
144
211
-13
-257
-282
-56
149
83
-139
-200
-136
-32
-1
-28
-19
-52
-119
-122
-30
45
37
-52
-97
29
112
48
-37
-43
66
229
170
-37
-121
30
252
309
118
-103
-93
133
299
230
-6
-145
-26
194
231
71
-114
-126
-10
120
110
-30
-176
-125
53
104
-41
-164
-121
-29
41
-9
-87
-96
-19
56
13
-99
-79
31
82
35
-42
-56
23
103
139
61
-88
-116
41
222
222
14
-140
0
196
141
-10
-11
134
173
37
-48
-23
93
130
66
-30
-59
-13
-31
1
46
18
-59
-156
-154
-37
68
-14
-162
-224
-147
-33
5
-33
-131
-203
-147
-27
47
-27
-161
-142
-21
98
59
-64
-94
-33
74
86
66
12
14
26
29
39
60
94
82
-4
-28
37
81
48
19
-24
-53
-10
42
35
-3
-39
-75
-98
-47
46
52
-42
-126
-159
-80
20
26
-77
-121
-100
-74
-67
-59
-17
9
-36
-111
-125
-50
67
70
-15
-43
-21
14
71
85
101
62
5
37
89
129
136
111
117
69
16
45
160
207
117
-32
-75
70
198
136
-37
-147
-80
105
141
8
-154
-161
-27
94
13
-112
-131
-61
25
-7
-74
-69
-30
14
0
-36
-66
-13
65
61
-34
-91
-20
124
183
62
-106
-109
45
217
217
30
-114
-34
137
161
52
6
52
123
61
-10
-5
65
124
118
-34
-135
-64
45
102
34
-81
-126
-90
-75
-44
-27
-26
-90
-179
-193
-107
35
5
-116
-222
-160
-30
13
-32
-116
-116
-29
37
29
-12
-43
-10
53
80
31
-16
37
102
54
39
26
35
58
55
52
50
-4
-33
4
70
65
1
-75
-70
16
54
2
-116
-155
-7
119
44
-121
-233
-145
59
79
-56
-137
-112
-79
-69
-37
-19
-16
-66
-91
-86
-15
40
-5
-37
30
79
34
-41
-56
88
243
160
-28
-127
21
274
332
133
-123
-133
119
324
250
-11
-152
-6
217
208
11
-142
-98
61
148
58
-120
-169
-47
55
42
-41
-125
-140
-33
24
4
-55
-106
-93
16
71
-4
-88
-41
41
77
37
-62
-58
63
174
97
-81
-127
8
219
219
35
-123
-27
167
186
73
-19
28
109
79
9
13
65
112
75
-74
-84
20
30
10
7
-15
-76
-135
-148
-35
49
-23
-144
-198
-150
-59
-4
-16
-107
-169
-173
-81
19
27
-73
-141
-101
21
91
54
-43
-92
-19
96
146
78
-44
-60
1
130
167
74
-50
-65
27
144
109
-53
-86
-16
77
68
-10
-85
-51
18
-8
-76
-90
-14
28
-5
-60
-122
-115
-44
-31
-27
2
-96
-177
-168
-13
118
44
-133
-218
-123
66
126
22
-66
-39
10
37
29
61
132
139
20
-63
20
162
239
141
6
-17
59
168
159
96
32
35
65
66
81
73
8
-49
-50
17
49
11
-59
-98
-65
2
9
-26
-88
-72
-46
-36
-23
-42
-38
-2
-25
-50
-28
28
68
34
-42
-71
7
119
163
63
-93
-103
44
220
210
-3
-143
-22
209
211
51
-57
10
104
147
99
-4
-45
43
112
79
-29
-108
-120
8
144
81
-147
-268
-163
66
126
-36
-242
-287
-133
59
78
-87
-243
-244
-81
78
73
-109
-202
-120
29
111
23
-85
-99
17
138
98
-21
-60
10
126
101
28
-44
23
140
134
-4
-84
-51
68
135
68
-104
-146
-31
129
162
-27
-246
-239
34
247
120
-161
-328
-168
85
168
-18
-222
-201
-54
44
-1
-102
-115
-65
5
-23
-104
-61
49
58
6
-21
-3
43
63
34
30
110
123
50
27
67
142
164
126
15
-5
57
205
209
44
-71
15
149
160
26
-106
-87
61
109
17
-79
-109
-53
12
-5
-34
-38
-46
-90
-103
-66
24
68
-21
-125
-91
20
69
41
-27
-45
-19
33
59
69
89
22
-74
-42
96
192
150
-11
-100
41
164
115
36
-3
67
132
78
7
-29
40
134
103
-29
-101
-87
3
103
62
-66
-170
-163
-72
27
22
-57
-167
-242
-159
5
80
-19
-234
-260
-92
73
66
-97
-215
-117
57
133
14
-102
-64
38
81
52
36
15
52
51
-4
29
88
115
60
-35
-5
70
73
24
-30
-22
15
27
-12
-35
5
22
-90
-162
-42
106
96
-70
-234
-163
23
121
-40
-220
-159
15
32
-99
-151
-38
23
-29
-108
-103
-6
67
20
-14
13
27
-7
-13
43
148
173
68
-47
-51
103
274
250
37
-119
-32
175
299
171
-47
-109
51
214
152
-49
-123
-31
101
107
-22
-136
-139
-31
77
35
-72
-131
-94
-18
0
0
-41
-110
-66
-5
23
35
-13
-63
-40
53
83
12
-50
4
110
98
-5
-60
7
139
173
65
-30
37
73
49
64
145
159
-7
-119
-3
160
194
78
-120
-133
55
138
10
-134
-96
42
41
-103
-206
-121
62
77
-120
-279
-210
-8
75
-53
-194
-212
-59
48
2
-141
-170
-42
64
53
-21
-61
-29
31
65
52
40
36
35
25
12
56
95
87
21
5
41
49
18
-9
17
47
7
-55
-67
32
72
-24
-164
-150
58
156
4
-158
-217
-127
41
93
-48
-172
-153
-56
3
-20
-67
-94
-102
-30
-1
-31
-56
-30
-11
59
78
-14
-70
-10
123
189
103
-25
-49
85
206
213
87
-34
-4
114
179
153
70
4
33
69
93
71
19
-19
-17
7
49
0
-56
-65
-44
-14
-21
-80
-66
-27
-24
-85
-85
-19
17
29
-24
-111
-88
24
129
82
-39
-136
-95
111
250
150
-95
-205
-73
192
339
170
-143
-196
54
260
225
51
-71
-31
81
119
105
48
-13
23
52
34
3
-52
-84
-9
86
58
-126
-243
-143
57
96
-59
-242
-258
-105
32
39
-79
-200
-220
-92
49
40
-103
-195
-81
76
101
-19
-111
-46
56
99
55
-7
9
64
53
15
33
77
103
58
-29
-12
63
72
28
-11
-27
-27
17
36
32
-47
-103
-73
-11
50
-2
-63
-76
-112
-103
-25
22
-77
-110
-59
-38
-104
-148
-56
63
37
-85
-168
-84
67
86
1
-63
-30
29
67
62
73
102
85
20
3
52
146
201
136
24
3
64
188
199
75
-47
1
128
154
35
-53
-45
44
86
-7
-113
-77
43
55
-71
-173
-79
54
58
-74
-177
-108
47
65
-4
-86
-100
-35
62
88
21
-46
-68
-34
73
193
139
-64
-179
-48
190
275
99
-122
-105
125
234
119
-17
-12
111
103
6
-4
51
90
70
-8
-54
0
37
-17
-39
-25
-10
-43
-130
-171
-67
41
31
-133
-277
-195
15
110
-37
-261
-283
-74
107
40
-130
-189
-86
76
132
3
-122
-61
44
87
56
24
3
56
77
24
21
68
87
69
-7
-2
44
52
10
-15
11
25
9
-24
-21
17
-19
-107
-117
7
105
34
-136
-204
-122
50
59
-77
-123
-79
-54
-86
-99
-37
6
-36
-74
-83
-59
4
38
1
17
49
-13
-64
-10
148
232
131
-62
-122
69
272
277
73
-121
-72
141
302
220
-13
-128
-9
204
216
22
-131
-86
73
118
-4
-102
-61
12
-6
-67
-76
-29
-11
-48
-96
-74
-29
7
-16
-37
-18
-56
-39
17
58
45
-17
-78
-45
94
204
109
-128
-178
23
247
265
33
-157
-82
176
243
65
-58
5
139
131
17
-42
26
122
104
-4
-49
-21
-25
-18
36
31
-11
-141
-221
-102
68
97
-74
-280
-271
-83
108
68
-146
-286
-182
3
72
-10
-151
-174
-38
99
82
-45
-125
-48
105
143
36
-58
-23
98
129
32
-36
3
119
129
20
-45
-39
52
109
49
-86
-113
10
108
77
-68
-173
-117
51
120
13
-154
-170
-40
44
-13
-132
-141
1
43
-98
-199
-151
25
84
28
-132
-194
-90
60
120
23
-44
-37
3
45
55
88
110
81
27
8
65
153
180
109
9
42
100
153
116
72
23
25
85
101
48
-17
-29
-19
26
70
6
-93
-86
-9
6
-54
-58
-48
-41
-27
-44
-72
-45
-14
-12
-34
-43
-25
49
67
-15
-70
-57
49
142
137
32
-115
-89
78
187
171
41
-73
-2
150
140
32
35
78
98
46
7
26
53
97
65
-23
-39
-17
-19
-9
38
24
-69
-170
-142
-22
39
-40
-146
-192
-137
-63
-32
-23
-81
-174
-167
-77
16
12
-93
-149
-86
45
74
20
-60
-64
26
98
75
-4
1
64
84
45
-10
30
98
88
5
-27
-4
50
60
25
-35
-68
-32
34
48
28
-78
-173
-107
71
126
3
-171
-212
-89
59
64
-66
-137
-112
-54
-62
-82
-41
16
-24
-80
-114
-62
57
52
-30
-36
25
59
13
12
96
147
121
-9
-66
48
236
278
101
-90
-98
105
330
295
19
-211
-98
221
310
100
-177
-189
51
202
99
-123
-206
-72
108
87
-91
-171
-66
18
-9
-83
-89
-17
15
-7
-48
-65
-5
39
40
-7
-39
-29
51
108
69
15
-35
-42
40
140
154
54
-57
9
136
121
34
9
82
113
55
3
9
58
82
76
-7
-53
-54
-37
22
63
19
-67
-176
-184
-50
81
58
-132
-279
-222
-48
80
23
-139
-226
-174
-39
42
8
-127
-146
-30
35
53
-23
-59
-29
54
95
50
-11
10
57
49
43
63
78
76
19
20
43
15
11
30
29
9
-24
-39
-9
47
35
-66
-191
-96
120
154
-31
-240
-266
-33
184
83
-183
-243
-80
29
-15
-95
-84
-21
1
-55
-118
-62
58
62
-27
-40
21
62
27
-10
78
167
122
-4
-63
34
201
265
138
-47
-93
82
288
254
8
-169
-27
212
252
24
-169
-123
88
143
17
-105
-95
-36
24
-17
-84
-57
-28
-45
-82
-103
-37
32
25
-45
-97
-55
7
63
34
-19
-63
-49
40
163
158
-13
-148
-54
132
221
119
-34
-78
73
174
100
-13
10
152
175
-5
-102
11
148
139
54
-62
-87
3
52
-5
-37
-16
-23
-129
-151
-62
38
17
-130
-261
-183
1
46
-51
-175
-193
-107
-4
29
-75
-146
-90
18
70
9
-92
-66
37
118
76
-4
-39
56
110
70
12
-20
39
109
100
19
-14
-18
32
78
62
-34
-105
-55
34
123
39
-147
-228
-43
162
122
-70
-248
-235
-16
155
73
-162
-221
-127
-5
7
-34
-90
-98
-57
18
-11
-74
-60
-1
53
85
20
-79
-57
95
215
160
-28
-95
30
179
226
161
10
-40
56
182
189
110
17
-30
37
138
140
17
-82
-47
47
78
6
-89
-99
-9
57
-7
-100
-85
-46
-9
-32
-86
-89
-36
21
39
-51
-69
-6
47
21
-23
-23
16
24
66
110
67
-38
-77
15
130
189
88
-31
-4
68
96
101
94
94
47
-47
-10
119
148
74
-44
-68
15
58
-3
-56
-58
-14
-22
-72
-126
-109
-44
-14
-24
-142
-232
-182
-6
79
-29
-198
-271
-121
89
89
-112
-225
-103
101
132
-4
-103
-56
49
107
65
16
6
51
25
40
91
101
63
-47
-58
54
116
81
-21
-92
-45
46
72
25
-42
-75
-103
-106
10
106
57
-105
-230
-185
51
144
-30
-194
-174
-40
22
-61
-137
-71
12
37
-52
-174
-122
71
148
57
-71
-101
3
121
137
85
15
2
69
108
112
98
117
107
62
43
87
159
153
73
-24
18
105
111
48
-21
-43
20
39
7
-28
-59
-62
-54
-77
-9
43
-10
-134
-144
-14
94
3
-129
-124
20
106
34
-90
-76
50
101
2
-67
10
167
125
-81
-147
20
217
229
49
-119
-50
142
193
115
9
-15
57
98
71
15
19
86
78
-41
-60
-28
2
21
18
-4
-80
-184
-152
7
68
-18
-200
-277
-159
33
88
-58
-243
-234
-63
74
31
-128
-201
-98
75
94
-11
-109
-72
64
104
42
-18
6
81
102
36
-10
30
75
87
31
12
20
34
33
17
-15
-13
-9
-6
16
34
-2
-104
-150
-38
96
83
-80
-231
-184
50
129
-49
-181
-135
-39
-5
-84
-94
-41
-8
-26
-81
-92
-7
34
25
-9
4
16
5
-2
42
157
169
45
-65
-30
156
270
208
22
-106
22
192
271
139
-80
-101
77
203
158
-7
-143
-77
86
127
15
-92
-133
-54
25
16
-33
-59
-115
-82
-34
13
-3
-75
-86
-23
33
8
-30
6
27
-4
-49
-21
66
112
111
-3
-95
-32
104
166
132
15
-49
51
114
59
67
111
126
30
-54
-18
104
169
93
-73
-131
21
107
35
-54
-83
-56
-33
-66
-98
-68
-20
-29
-121
-186
-138
-41
-3
-65
-130
-143
-134
-71
-1
29
-50
-121
-132
-13
109
83
-55
-115
-25
153
161
37
-63
-34
96
144
53
-9
5
61
86
30
-25
-6
47
48
-45
-80
-22
77
90
-47
-203
-171
67
179
37
-162
-238
-124
71
81
-93
-181
-78
-32
-44
-108
-64
18
-13
-93
-128
-81
22
48
14
10
28
17
-31
-39
78
188
168
19
-103
-27
184
308
172
-49
-87
65
221
239
94
-50
-46
95
184
78
-54
-57
24
71
29
-36
-92
-70
12
41
-44
-103
-73
0
-31
-79
-67
-7
-8
-36
-66
-64
16
66
33
-22
-46
-2
49
62
62
59
-9
-50
26
114
153
96
-12
-23
73
104
92
89
81
65
18
1
48
85
108
55
-35
-53
21
16
-38
-21
10
13
-74
-176
-134
-7
45
-43
-173
-241
-145
15
53
-58
-213
-245
-82
74
66
-102
-234
-125
76
133
4
-121
-73
56
116
75
-6
-29
37
90
86
22
1
43
74
59
22
-9
11
66
39
-13
-61
-32
25
75
26
-85
-179
-94
71
125
2
-162
-218
-121
66
113
-72
-210
-176
-16
33
-42
-101
-98
-55
36
8
-112
-96
-19
48
91
54
-42
-74
-4
146
228
121
-55
-85
63
261
260
84
-66
-36
126
254
186
24
-87
6
175
188
31
-118
-94
70
149
31
-108
-111
-15
39
3
-104
-99
-7
23
-54
-133
-103
21
56
-37
-109
-55
52
60
7
-34
-29
-21
15
68
108
95
-34
-95
-12
139
195
82
-65
-41
123
167
83
16
36
94
86
-9
-5
66
127
96
-10
-90
-30
23
16
5
-12
-35
-93
-162
-134
13
83
-52
-240
-268
-86
69
39
-136
-244
-163
-25
36
-29
-118
-154
-36
48
45
-31
-62
-25
31
90
77
15
-15
28
47
69
89
61
62
18
-13
9
71
79
2
-51
-24
44
58
-17
-76
-39
13
-36
-76
-26
27
-7
-86
-134
-104
1
-2
-90
-76
-36
-63
-89
-105
-45
5
-47
-78
-74
-22
31
0
-46
29
74
2
-74
-36
148
268
123
-99
-128
73
315
288
38
-120
-34
184
292
159
-32
-100
35
201
162
-7
-97
-12
81
52
-49
-93
-33
33
9
-62
-102
-81
-7
6
-35
-96
-95
-43
7
13
-15
-60
-76
9
87
74
-35
-125
-52
156
230
79
-173
-156
71
256
179
-12
-109
29
224
157
-40
-76
101
233
101
-84
-80
75
209
108
-79
-112
9
68
6
-51
-38
-12
-81
-149
-94
28
35
-107
-229
-205
-77
45
42
-121
-250
-211
-32
97
29
-169
-211
-41
131
136
-66
-175
-61
134
177
49
-99
-66
86
167
96
-10
-34
52
111
79
13
-39
-8
53
89
13
-70
-74
-7
73
54
-80
-184
-98
74
125
5
-148
-196
-138
-12
43
0
-60
-126
-161
-89
6
66
-30
-163
-148
-34
78
85
-69
-145
-10
161
120
-77
-115
69
238
177
29
-94
-49
154
305
238
-14
-145
-10
245
335
144
-116
-154
68
260
192
-52
-223
-90
153
199
-17
-204
-169
17
140
34
-139
-186
-70
54
28
-93
-118
-41
32
27
-63
-66
-1
61
48
8
-38
-27
41
124
114
-22
-100
-1
133
200
113
-68
-75
56
186
158
61
10
24
34
82
85
20
10
66
43
14
-27
-49
-39
8
33
-9
-128
-179
-79
26
-1
-81
-193
-196
-106
3
8
-68
-181
-212
-100
54
75
-104
-217
-115
70
122
-7
-108
-72
50
143
62
-29
-13
64
86
41
27
37
81
77
3
-30
13
80
81
-1
-80
-72
35
106
41
-64
-158
-136
27
140
33
-145
-151
-78
16
29
-107
-191
-53
39
-26
-155
-188
-24
116
32
-161
-205
-48
133
123
-38
-139
-35
125
119
16
-2
72
138
96
-22
5
134
247
164
-6
-71
60
247
230
65
-94
-35
147
171
46
-62
-66
48
96
8
-97
-99
4
70
-23
-114
-100
-10
32
-63
-149
-92
19
52
2
-40
-76
-64
29
90
58
-38
-106
-36
126
205
87
-123
-145
42
215
205
22
-113
-23
180
183
38
-17
71
131
67
-17
-19
49
130
105
-14
-79
-72
-28
38
57
9
-59
-184
-191
-36
91
33
-153
-297
-221
9
142
5
-229
-310
-150
75
113
-67
-223
-148
18
105
42
-66
-71
-6
66
75
46
3
15
53
46
39
38
29
91
104
53
-34
-69
10
108
124
-13
-143
-104
62
169
57
-171
-267
-85
204
204
-86
-332
-263
52
227
23
-261
-228
-24
76
-3
-148
-118
-17
-3
-58
-89
-29
34
15
-59
15
96
56
-57
-50
86
222
174
-13
-99
2
221
315
125
-93
-109
102
315
251
1
-145
-54
177
239
104
-124
-173
-8
143
126
-37
-155
-127
11
78
-38
-109
-72
-28
-46
-97
-63
11
46
-15
-93
-92
-7
99
75
-37
-108
-41
109
158
67
-48
-107
10
100
147
126
24
-31
39
125
85
42
73
121
93
-9
-24
49
125
123
24
-93
-37
44
13
-26
-29
-19
-24
-101
-161
-74
25
6
-119
-220
-189
-31
67
-19
-174
-248
-124
9
42
-33
-148
-116
-14
89
47
-92
-131
26
167
137
-43
-100
32
154
132
5
-72
11
151
133
13
-70
-17
78
85
12
-80
-85
13
90
80
-40
-174
-161
16
184
78
-183
-285
-121
107
138
-93
-298
-178
77
123
-77
-233
-143
15
99
3
-162
-180
-8
131
130
10
-106
-117
22
182
214
73
-92
-51
128
226
197
62
-31
7
113
189
162
59
-10
12
119
158
54
-30
-52
-8
77
82
-25
-121
-76
28
54
-53
-154
-92
8
43
-29
-137
-114
16
73
-7
-105
-81
24
74
31
-48
-61
8
89
103
88
0
-68
-40
61
151
182
64
-40
15
66
73
105
119
102
32
-74
-23
146
192
78
-89
-122
47
99
14
-72
-64
-9
4
-90
-163
-83
-13
-2
-72
-199
-209
-86
24
26
-101
-232
-223
-43
111
40
-166
-225
-43
136
99
-73
-139
-27
100
141
59
-32
-21
40
90
86
55
32
21
14
22
68
65
24
0
-5
-29
-34
-9
25
86
-5
-166
-197
-25
176
125
-119
-262
-184
45
134
-35
-220
-177
-10
63
-41
-181
-135
4
71
-21
-150
-116
33
83
66
16
-39
-35
11
82
143
141
43
-50
-46
138
308
222
-4
-128
0
230
313
127
-82
-96
67
213
158
-19
-125
-48
96
103
-39
-110
-52
18
16
-79
-92
-45
-18
-30
-66
-117
-40
48
55
-17
-126
-108
-5
132
98
-24
-109
-72
50
193
179
-62
-213
-51
225
290
85
-163
-96
168
250
64
-93
5
192
174
-33
-109
35
173
190
-30
-205
-52
156
126
-60
-158
-74
38
-25
-160
-157
-4
74
-51
-255
-269
-97
99
46
-161
-289
-176
28
111
-30
-189
-159
-5
105
70
-64
-114
-33
92
151
72
-52
-57
67
118
85
33
15
59
74
42
-7
-4
44
60
28
-32
-61
-28
31
33
-27
-89
-99
-9
78
30
-117
-179
-103
47
51
-109
-168
-67
-6
-52
-135
-107
51
52
-85
-183
-124
55
152
29
-87
-55
40
51
14
39
143
142
51
-44
-18
155
260
165
-17
-74
29
215
257
109
-30
-69
39
173
165
15
-120
-78
55
115
48
-95
-157
-81
58
47
-56
-122
-98
-5
16
-49
-109
-82
4
59
-18
-104
-69
75
116
20
-118
-102
80
239
155
-94
-235
-21
244
265
66
-128
-79
141
190
105
8
22
91
95
2
29
88
90
48
-24
-39
37
46
-47
-81
-21
31
-19
-152
-167
-57
27
-18
-118
-213
-191
-45
59
-7
-155
-216
-159
-21
70
0
-144
-160
-48
101
88
-36
-117
-28
90
132
73
-33
-43
64
120
75
15
4
25
61
77
32
-4
14
37
5
-30
-9
-2
5
4
-3
-81
-130
-22
50
36
-55
-142
-134
-23
24
-82
-110
-57
-54
-89
-100
-38
6
-36
-71
-89
-64
-13
24
42
2
-3
1
-19
18
117
161
84
-10
-27
70
184
198
91
-8
13
98
169
181
109
-16
-33
70
155
89
-28
-74
-4
74
52
-35
-84
-49
-15
-20
-60
-34
-37
-37
-48
-78
-69
13
1
-57
-55
-20
11
19
7
-4
13
-9
-31
16
119
154
16
-156
-100
149
283
139
-81
-136
77
234
139
-2
-7
80
102
33
20
36
102
106
6
-88
-41
36
54
-7
-58
-34
-50
-120
-105
-37
-6
-46
-132
-210
-173
-19
71
-35
-221
-238
-88
77
57
-135
-213
-104
105
131
-40
-180
-77
128
181
37
-99
-28
107
125
25
-18
30
132
91
-56
-53
43
108
94
-12
-93
-70
17
82
60
-31
-118
-147
-52
97
100
-52
-198
-192
-45
108
37
-170
-195
-59
29
16
-129
-173
-31
62
35
-85
-162
-80
59
97
25
-20
-42
-13
50
129
147
74
-30
-25
102
229
217
62
-50
6
139
211
155
33
-12
39
126
97
4
-30
19
76
51
-35
-71
-47
6
-11
-53
-92
-57
21
-9
-101
-126
-33
48
26
-66
-106
-50
43
59
24
-18
-45
-12
3
43
86
99
9
-83
-38
113
203
136
-30
-70
87
139
93
47
63
77
17
14
70
102
81
9
-40
-9
50
1
-64
-59
27
40
-78
-206
-169
5
94
-13
-213
-297
-142
81
105
-105
-306
-234
7
132
-12
-199
-177
-22
90
65
-40
-99
-47
63
93
50
-3
9
67
81
50
14
29
84
85
26
7
-17
5
77
75
-1
-82
-68
6
74
49
-64
-154
-100
67
103
-22
-132
-169
-108
23
30
-74
-97
-71
-80
-106
-104
18
55
-64
-167
-111
40
89
8
-110
-31
90
61
-30
-62
96
256
147
-69
-129
68
289
297
77
-124
-59
150
287
193
26
-70
-26
118