#4
-63
236
179
-223
-478
-280
158
361
98
-319
-356
14
311
184
-103
-160
7
185
200
75
-55
-50
91
171
92
-43
-87
-5
159
140
-58
-207
-133
75
173
19
-215
-265
-93
109
87
-94
-237
-283
-160
71
112
-136
-393
-338
-35
169
51
-233
-316
-129
84
110
-20
-154
-207
-61
133
136
-68
-214
-101
149
234
-15
-257
-141
178
337
96
-198
-177
81
280
191
-73
-227
-94
180
279
68
-214
-314
-88
208
220
-122
-402
-268
64
163
-56
-332
-338
-89
80
-9
-211
-296
-164
-9
56
-2
-204
-295
-113
144
189
-51
-291
-194
123
325
134
-253
-309
45
332
295
-7
-236
-99
196
320
189
-99
-218
-39
225
245
44
-174
-155
22
133
71
-81
-165
-68
80
80
-88
-219
-153
13
97
-2
-194
-278
-141
35
91
-42
-246
-286
-103
131
127
-124
-319
-217
80
267
131
-180
-252
-9
262
225
-15
-171
-51
220
296
86
-122
-73
183
311
140
-117
-171
-1
223
224
11
-185
-176
2
176
127
-104
-303
-193
107
213
-14
-315
-388
-102
211
136
-225
-412
-269
58
202
18
-263
-318
-103
162
199
-23
-273
-266
66
308
141
-193
-292
-6
301
251
-78
-263
-111
219
331
104
-129
-172
17
248
267
35
-205
-191
109
358
186
-172
-344
-159
166
253
-16
-318
-296
-35
126
20
-201
-308
-192
-5
52
-95
-236
-219
-96
95
96
-174
-326
-138
181
219
-23
-286
-207
131
302
148
-149
-230
-25
229
340
112
-191
-160
134
342
249
-62
-229
-39
236
284
38
-186
-154
56
148
72
-66
-173
-106
70
164
-24
-253
-249
25
227
69
-281
-367
-118
142
141
-83
-320
-300
-28
221
146
-183
-386
-194
171
342
130
-228
-331
-2
370
303
-57
-248
-14
293
314
64
-123
-62
163
282
178
-14
-165
-95
208
324
79
-252
-283
51
309
178
-192
-381
-157
204
243
-21
-337
-370
-99
198
151
-179
-416
-293
62
239
33
-266
-330
-82
162
172
-61
-224
-127
62
174
76
-103
-142
-4
154
177
11
-127
-57
129
234
163
-52
-141
7
203
237
53
-160
-122
114
258
136
-139
-262
-107
141
205
-28
-265
-258
-90
105
81
-195
-382
-190
105
130
-144
-343
-233
-19
132
56
-168
-270
-108
119
192
3
-214
-162
73
258
174
-90
-229
-48
276
373
90
-236
-158
179
349
240
-40
-187
-49
186
229
101
-81
-163
-41
132
166
-18
-199
-151
60
177
6
-234
-220
14
185
59
-251
-351
-126
126
152
-38
-266
-317
-78
181
158
-129
-351
-197
174
313
70
-229
-208
97
292
145
-65
-64
112
219
152
1
-23
93
219
188
40
-62
-58
71
236
174
-67
-207
-96
154
238
9
-263
-290
-5
246
155
-175
-371
-285
36
253
57
-323
-421
-150
197
190
-128
-340
-193
92
159
5
-152
-148
-14
98
124
-2
-122
-91
78
213
149
-111
-182
16
267
255
46
-125
-99
95
242
216
16
-158
-129
119
293
188
-148
-345
-133
247
308
-77
-412
-315
78
255
-6
-369
-373
-33
129
9
-210
-277
-139
26
120
9
-235
-275
-64
203
216
-42
-286
-192
181
369
132
-235
-242
68
355
341
29
-234
-123
203
388
262
-96
-273
-53
282
345
43
-234
-193
67
247
134
-126
-261
-63
187
148
-99
-249
-157
55
130
-22
-220
-242
-75
80
78
-106
-255
-175
16
120
43
-176
-270
-103
164
264
56
-213
-211
82
310
225
-31
-170
-34
237
367
161
-116
-122
129
349
223
-72
-177
-9
236
228
-26
-193
-111
131
216
27
-258
-283
-3
267
159
-197
-421
-252
133
252
-57
-388
-308
-21
152
55
-156
-248
-106
44
78
15
-57
-104
-57
82
111
-4
-97
-37
106
157
19
-100
-39
102
188
134
27
-20
-14
76
171
155
18
-99
-54
136
256
93
-197
-254
-27
216
166
-150
-309
-150
75
111
-82
-263
-252
-73
60
-2
-183
-271
-145
59
144
-44
-291
-244
37
237
129
-152
-242
-39
249
269
-13
-250
-159
195
391
238
-127
-300
7
401
410
47
-277
-188
208
370
167
-148
-232
23
235
147
-95
-179
-84
60
161
49
-166
-260
-93
152
187
-89
-345
-273
28
181
56
-185
-312
-159
92
188
-6
-270
-300
-31
282
301
-48
-358
-225
233
446
159
-186
-200
102
374
316
14
-190
-59
277
357
140
-108
-192
18
306
272
-54
-306
-164
194
332
48
-334
-350
34
337
168
-243
-436
-246
130
263
-33
-365
-382
-74
212
180
-110
-337
-246
55
223
92
-153
-202
-43
178
153
-30
-151
-83
122
214
98
-116
-154
74
310
262
-14
-189
-77
179
299
135
-108
-159
20
272
230
-22
-220
-204
35
214
128
-155
-298
-173
35
111
-36
-246
-259
-73
59
-9
-176
-236
-121
8
42
-48
-161
-116
3
104
28
-97
-123
11
171
192
-8
-188
-103
163
300
200
-55
-148
64
263
230
26
-73
3
121
134
61
-15
-33
12
63
72
25
-70
-99
4
86
6
-133
-145
-16
94
46
-146
-247
-113
23
54
3
-110
-223
-188
5
164
71
-208
-316
-88
256
309
3
-313
-224
181
395
192
-118
-170
76
305
285
44
-123
-20
224
295
125
-120
-141
102
304
146
-150
-193
25
197
136
-97
-220
-124
75
144
-31
-201
-248
-134
104
154
-109
-330
-291
-26
154
76
-154
-248
-109
80
113
-22
-103
-71
-1
54
73
8
-54
-50
82
196
79
-100
-114
63
276
230
-10
-146
-58
144
241
160
-40
-162
-39
203
259
80
-193
-262
-45
220
192
-149
-326
-185
67
152
-38
-302
-332
-46
110
24
-205
-278
-124
55
111
-30
-219
-226
3
198
125
-112
-238
-40
266
252
-39
-263
-81
228
359
158
-139
-156
94
320
273
23
-148
-80
129
265
149
-69
-144
-2
147
112
-33
-188
-105
109
168
5
-175
-211
-54
136
122
-122
-310
-221
50
209
58
-245
-349
-122
189
207
-70
-357
-249
94
303
161
-118
-256
-59
232
300
78
-142
-83
171
342
186
-69
-115
100
321
251
-20
-172
-48
218
299
59
-203
-198
32
254
186
-112
-309
-190
122
272
48
-300
-373
-136
197
198
-167
-376
-247
8
162
52
-169
-226
-126
41
117
44
-101
-140
-34
119
142
-10
-133
-57
114
192
65
-100
-108
89
273
198
0
-118
-60
117
271
218
-52
-262
-55
301
349
12
-341
-284
119
349
116
-293
-378
-90
185
113
-180
-335
-212
40
105
-67
-267
-261
-53
149
97
-182
-322
-119
179
238
-21
-253
-198
109
321
212
-111
-266
-83
225
384
195
-139
-200
71
336
333
37
-244
-135
221
362
143
-169
-223
12
196
160
-14
-188
-149
86
194
36
-216
-254
-42
195
144
-158
-356
-200
94
155
1
-221
-265
-95
87
134
-11
-209
-249
-48
240
267
-51
-304
-137
253
347
110
-124
-100
130
300
211
-6
-86
49
233
237
101
-82
-128
71
266
172
-78
-207
-73
188
231
-31
-298
-246
76
244
46
-234
-327
-163
128
165
-124
-329
-267
-13
143
60
-155
-229
-87
87
109
-59
-135
-72
71
131
35
-95
-85
52
171
133
-18
-108
-22
158
239
124
-41
-102
7
192
249
94
-112
-144
73
260
207
-56
-241
-174
81
233
60
-216
-269
-63
101
20
-199
-267
-99
74
-10
-224
-264
-80
96
67
-115
-268
-154
95
165
32
-134
-179
-18
168
194
61
-133
-130
70
226
229
73
-119
-59
162
257
171
-1
-65
45
144
138
36
-28
-22
29
63
55
-21
-109
-67
42
93
3
-158
-152
27
133
16
-208
-275
-94
74
88
-13
-177
-256
-109
109
167
-46
-303
-277
47
326
250
-108
-321
-106
272
356
87
-146
-122
125
334
265
26
-126
-23
232
348
137
-151
-209
86
363
228
-148
-293
-88
223
275
-23
-311
-250
50
222
84
-191
-371
-253
144
275
-43
-394
-377
-40
245
147
-169
-317
-181
80
182
87
-88
-210
-113
146
250
51
-187
-160
136
305
131
-159
-199
67
331
295
-12
-229
-90
200
322
160
-134
-225
37
318
279
-73
-345
-231
160
352
64
-361
-355
-4
222
39
-283
-343
-87
119
43
-216
-281
-125
32
70
-21
-185
-208
-42
141
140
-46
-203
-128
132
280
146
-144
-224
35
295
280
61
-148
-91
176
315
229
-14
-162
-47
179
271
100
-132
-152
35
168
104
-50
-133
-79
77
105
-28
-175
-153
3
132
49
-160
-266
-150
55
155
7
-259
-304
-54
206
171
-143
-357
-203
186
333
87
-255
-258
68
381
263
-83
-236
22
330
347
47
-166
-43
275
357
87
-162
-100
153
294
150
-126
-210
-3
193
201
-26
-242
-217
-9
192
137
-118
-313
-288
-20
220
94
-242
-394
-199
91
171
-2
-219
-254
-74
138
161
-17
-223
-215
82
284
153
-136
-245
-25
280
274
-23
-241
-124
210
375
157
-138
-183
39
272
300
59
-192
-183
125
355
234
-157
-370
-135
259
291
-98
-406
-222
101
194
-27
-276
-309
-97
99
20
-187
-289
-151
49
144
12
-263
-273
4
220
157
-112
-271
-93
215
275
63
-183
-168
100
308
267
29
-186
-64
237
353
167
-106
-138
28
199
208
48
-81
-72
27
86
81
-5
-99
-99
28
124
30
-134
-193
-40
142
82
-180
-307
-116
104
123
-79
-256
-234
-33
152
112
-121
-277
-185
120
305
138
-211
-267
31
347
283
-46
-225
-7
330
352
38
-174
-34
248
336
120
-88
-130
15
238
240
12
-199
-152
105
262
91
-233
-319
-54
242
210
-126
-359
-306
9
232
106
-230
-425
-276
109
312
80
-322
-390
-87
261
262
-80
-332
-222
155
358
133
-234
-270
19
341
272
-86
-295
-112
298
449
147
-247
-278
84
432
361
-52
-348
-158
279
422
136
-282
-358
-61
294
297
-95
-398
-259
78
212
-7
-313
-338
-74
139
59
-213
-331
-168
74
179
-12
-267
-279
-7
251
190
-115
-305
-134
228
354
112
-260
-277
95
417
366
-27
-338
-128
323
466
189
-185
-222
58
297
246
9
-166
-98
76
153
88
-78
-156
-58
113
132
-31
-226
-195
29
192
72
-221
-326
-152
119
192
-4
-256
-330
-111
203
226
-106
-397
-262
187
404
171
-246
-328
26
347
276
3
-147
-20
208
275
144
-31
-33
121
215
199
51
-116
-93
163
282
82
-185
-181
65
245
130
-165
-279
-127
117
183
-38
-281
-283
-60
168
79
-185
-334
-209
46
179
10
-208
-230
-65
73
112
1
-112
-98
2
98
92
-33
-81
8
140
168
20
-129
-67
184
278
118
-83
-130
64
250
226
13
-160
-106
177
312
124
-181
-297
-80
244
238
-99
-360
-200
100
168
-105
-339
-240
38
116
-75
-285
-268
-19
134
59
-157
-267
-111
136
167
-4
-202
-162
57
256
182
-66
-232
-57
220
299
153
-66
-149
44
281
287
92
-94
-108
84
235
177
-23
-131
-54
87
128
55
-103
-120
10
131
77
-112
-238
-112
116
166
-29
-290
-299
-25
194
108
-146
-308
-196
58
179
57
-200
-313
-100
204
304
68
-244
-253
83
354
238
-35
-166
-12
271
333
121
-89
-79
154
301
174
-69
-154
32
281
243
-62
-234
-126
156
270
56
-245
-309
-26
262
173
-190
-391
-233
113
231
-29
-345
-350
-59
185
122
-149
-299
-155
58
159
40
-149
-156
-22
145
151
-11
-142
-69
114
202
77
-135
-110
89
237
194
44
-73
-90
73
269
242
14
-202
-102
184
344
121
-234
-315
-20
290
209
-170
-372
-158
112
139
-63
-294
-254
-78
78
18
-189
-260
-125
42
96
-26
-232
-183
45
157
76
-135
-181
9
208
200
0
-149
-78
83
224
245
69
-119
-48
163
283
173
-14
-106
8
157
171
60
-53
-51
7
47
87
10
-107
-83
46
93
-15
-194
-160
59
163
-20
-284
-263
5
166
69
-188
-321
-139
130
164
-48
-273
-225
21
215
202
-53
-254
-105
196
304
74
-116
-63
157
283
172
-13
-50
95
225
193
67
-37
-37
73
222
125
-88
-164
-22
187
206
-38
-287
-232
67
259
79
-238
-326
-160
100
179
-64
-301
-308
-73
167
110
-142
-284
-167
62
180
31
-152
-151
-7
154
130
-61
-147
-31
142
191
48
-107
-83
86
252
209
17
-102
-68
116
241
197
-13
-196
-71
243
293
61
-203
-233
-15
204
176
-139
-295
-163
56
115
-51
-255
-281
-104
89
53
-183
-306
-177
60
184
-18
-269
-236
31
208
113
-124
-225
-37
214
243
27
-215
-129
199
360
186
-119
-198
103
346
266
23
-154
-64
166
247
104
-95
-114
22
158
124
-57
-166
-85
68
149
32
-172
-219
-37
166
118
-137
-289
-186
12
119
64
-140
-265
-180
27
179
45
-217
-287
-53
249
265
-29
-281
-165
217
346
113
-134
-104
131
297
210
1
-92
49
244
241
71
-68
-49
106
213
106
-82
-116
22
143
93
-74
-205
-129
67
129
-6
-154
-225
-187
22
122
-13
-227
-288
-148
67
138
-40
-218
-192
-34
88
92
-6
-135
-121
61
175
66
-126
-106
93
231
101
-131
-159
67
301
258
2
-144
-68
154
279
139
-67
-139
-11
199
256
82
-197
-309
-44
278
231
-138
-345
-217
41
164
4
-274
-348
-112
144
97
-164
-332
-226
43
202
18
-271
-262
3
250
173
-175
-311
-64
324
342
-22
-317
-146
225
384
221
-105
-229
30
345
357
91
-184
-149
97
287
225
-44
-186
-72
124
180
34
-141
-147
13
118
49
-95
-162
-94
44
107
-16
-212
-241
-105
99
160
-66
-291
-276
-1
242
127
-222
-368
-88
281
305
-6
-313
-227
193
418
181
-146
-181
88
322
298
38
-145
-23
230
306
144
-84
-163
32
272
229
-25
-202
-113
121
193
4
-223
-224
11
204
99
-171
-356
-223
116
208
-64
-352
-308
-5
210
78
-215
-304
-105
133
151
0
-179
-163
45
189
103
-99
-142
36
211
151
-77
-157
17
213
238
69
-96
-55
81
179
189
71
-77
-94
64
227
213
-29
-245
-179
97
229
66
-220
-286
-77
122
59
-141
-253
-186
-25
27
-69
-215
-212
-39
101
42
-127
-253
-132
125
217
11
-226
-169
100
268
163
-84
-230
-57
239
355
179
-147
-215
98
372
299
15
-222
-127
203
338
120
-170
-190
71
231
119
-115
-191
-59
140
156
-45
-244
-192
40
198
101
-195
-352
-178
111
189
17
-254
-316
-106
161
195
-42
-312
-307
22
333
279
-89
-345
-155
276
398
89
-216
-137
196
389
224
-89
-152
87
334
256
18
-137
-94
147
285
148
-141
-217
-17
229
204
-81
-301
-203
110
261
44
-267
-343
-138
123
138
-105
-290
-266
-50
144
94
-141
-286
-147
120
181
13
-183
-169
46
187
110
-101
-147
27
192
128
-1
-71
-20
109
196
146
26
-46
-47
87
231
178
-24
-156
-33
220
247
34
-230
-270
18
271
178
-189
-372
-181
150
218
-104
-399
-324
18
229
31
-323
-396
-112
218
240
-117
-388
-242
147
333
90
-270
-300
49
354
294
-87
-324
-130
258
417
218
-154
-253
49
380
373
41
-247
-169
150
351
220
-87
-253
-99
193
263
23
-266
-232
96
279
108
-227
-345
-82
263
216
-178
-432
-248
139
250
29
-276
-356
-105
184
224
-73
-361
-277
107
388
211
-190
-322
-57
309
311
31
-160
-67
216
322
168
-75
-88
131
283
199
-7
-105
-14
194
225
19
-166
-144
107
250
80
-180
-276
-97
185
206
-82
-322
-265
-26
187
98
-201
-361
-219
51
173
33
-218
-242
-82
108
135
-20
-149
-132
6
150
124
-30
-132
-49
136
210
31
-134
-88
142
278
158
-8
-129
-49
169
278
167
-119
-218
10
314
323
-15
-352
-312
107
386
142
-309
-392
-96
186
154
-169
-369
-216
30
105
-72
-265
-215
-40
92
65
-139
-242
-108
132
190
2
-220
-170
123
313
160
-149
-248
-1
320
332
50
-172
-113
180
352
235
-41
-183
-40
182
249
97
-73
-98
-6
91
126
9
-139
-112
49
128
12
-131
-187
-57
112
76
-106
-243
-169
-5
102
33
-158
-257
-122
100
171
-55
-299
-223
77
284
188
-115
-281
-42
277
268
33
-124
-26
205
284
127
-61
-62
154
289
170
-20
-81
3
151
197
64
-111
-128
4
136
135
-71
-244
-180
87
243
24
-258
-360
-150
193
194
-115
-366
-338
-12
197
96
-164
-268
-144
74
176
38
-147
-169
-11
147
134
-40
-134
-15
160
158
-24
-94
7
182
213
64
-54
-46
77
195
168
31
-76
-66
84
244
168
-79
-254
-134
152
249
-20
-307
-241
13
127
10
-204
-268
-121
37
34
-127
-253
-186
-16
119
59
-186
-298
-108
200
247
-17
-268
-215
115
353
225
-127
-285
-65
275
392
162
-164
-188
101
345
307
40
-198
-134
144
306
202
-60
-210
-89
123
203
55
-161
-184
27
160
63
-158
-263
-67
178
157
-145
-347
-210
56
194
37
-227
-318
-154
152
238
-49
-363
-278
118
366
205
-172
-345
-46
326
341
5
-208
-34
275
321
106
-109
-47
192
308
158
-46
-130
-15
228
275
24
-222
-185
104
310
131
-265
-383
-85
287
259
-126
-410
-303
37
236
59
-252
-348
-143
69
126
-36
-226
-207
-8
131
65
-97
-124
-39
94
161
16
-168
-132
93
242
153
-82
-157
9
226
254
63
-109
-99
103
272
205
-26
-154
-56
197
272
96
-157
-251
-87
187
251
-25
-311
-300
-32
176
54
-193
-314
-162
37
57
-113
-289
-209
0
141
73
-184
-277
-107
152
213
16
-232
-177
142
320
132
-172
-219
53
305
300
48
-188
-80
230
344
159
-98
-130
72
237
169
-3
-101
-49
74
122
54
-76
-152
-54
123
127
-68
-236
-149
83
168
13
-221
-291
-124
77
153
-20
-277
-302
-41
231
211
-176
-439
-222
238
442
141
-334
-380
72
474
333
-107
-285
-16
339
384
100
-170
-125
189
383
239
-34
-227
-58
271
340
17
-261
-202
101
295
133
-225
-336
-82
228
216
-90
-333
-304
-24
210
90
-230
-366
-203
88
178
-31
-226
-183
-11
60
26
-42
-56
-28
34
79
3
-53
-55
52
148
99
-15
-92
-9
171
236
104
-50
-77
25
178
214
98
-84
-147
70
284
235
-120
-352
-168
225
326
-35
-399
-318
88
263
2
-346
-375
-56
178
66
-236
-365
-155
154
146
-64
-293
-232
67
244
114
-158
-263
-73
249
315
45
-249
-183
136
353
300
-11
-254
-75
262
373
189
-89
-175
-9
215
233
48
-116
-90
41
134
103
-55
-159
-43
100
93
-43
-193
-142
70
166
-20
-256
-281
-56
116
96
-81
-227
-231
-35
149
94
-143
-288
-150
135
288
115
-160
-253
10
297
260
17
-135
-28
216
317
128
-88
-67
172
301
165
-49
-166
35
288
233
-65
-236
-110
173
263
17
-279
-290
15
269
156
-188
-361
-206
65
186
-7
-269
-302
-128
89
127
-57
-211
-186
-30
99
73
-30
-116
-89
48
123
64
-83
-100
59
189
111
-44
-108
21
192
202
75
-51
-76
48
205
232
39
-157
-99
169
308
121
-203
-298
-56
224
241
-94
-334
-204
76
156
-45
-301
-300
-41
126
20
-233
-323
-113
110
124
-66
-275
-228
47
235
113
-148
-224
-28
223
236
2
-223
-116
184
345
198
-101
-182
51
298
295
78
-123
-96
87
214
186
15
-124
-100
55
156
128
-62
-181
-82
90
128
-30
-196
-150
44
163
6
-236
-261
-55
108
78
-70
-229
-218
-62
123
141
-88
-290
-211
109
319
170
-168
-290
-12
326
292
13
-164
-71
201
358
190
-82
-117
109
284
255
29
-213
-121
237
356
85
-242
-277
50
331
185
-244
-401
-97
312
257
-159
-429
-289
107
270
13
-324
-368
-144
145
174
-68
-252
-189
23
146
75
-100
-167
-64
98
150
20
-110
-72
76
172
125
-40
-131
-2
219
257
91
-122
-153
71
310
280
-22
-231
-106
215
334
99
-217
-297
-38
250
221
-123
-347
-219
59
172
-17
-278
-317
-72
123
36
-208
-275
-135
42
130
-29
-244
-201
19
176
130
-92
-212
-69
189
270
81
-200
-210
117
370
261
-41
-203
-30
272
344
145
-112
-171
19
249
227
58
-121
-129
16
171
166
-87
-238
-111
143
194
-18
-237
-178
41
145
-1
-228
-253
-63
90
102
-67
-254
-251
-37
179
175
-145
-360
-181
180
337
99
-203
-226
81
303
199
-42
-119
71
258
212
28
-50
57
205
213
84
-65
-54
102
245
136
-121
-190
3
209
171
-96
-278
-149
101
218
31
-224
-292
-151
88
158
-62
-317
-288
-41
151
95
-134
-256
-131
38
112
20
-91
-114
-35
111
155
-8
-151
-85
123
229
86
-128
-147
62
302
273
3
-169
-95
168
289
150
-71
-149
-29
188
264
86
-194
-268
-10
258
191
-178
-378
-159
171
162
-145
-360
-228
45
129
-87
-283
-243
-63
91
114
-70
-252
-193
39
190
111
-112
-231
-61
232
295
24
-257
-152
187
382
206
-118
-211
48
330
344
77
-181
-154
109
285
228
-41
-205
-108
138
239
95
-170
-227
-43
194
164
-118
-315
-147
177
234
-55
-356
-323
-34
219
180
-127
-386
-288
93
307
92
-317
-410
-61
331
381
8
-351
-287
169
469
264
-164
-278
46
391
364
-5
-230
-34
318
392
118
-198
-212
95
367
226
-122
-268
-88
237
291
-50
-354
-264
105
296
78
-280
-374
-157
173
199
-93
-342
-300
-43
144
77
-124
-203
-132
-5
89
63
-55
-120
-64
80
145
30
-128
-83
95
191
96
-71
-118
32
233
263
64
-107
-131
68
272
273
19
-233
-143
214
383
131
-273
-354
-25
306
221
-179
-377
-182
128
179
-85
-338
-273
-20
112
-13
-253
-282
-95
125
147
-107
-331
-215
119
290
101
-211
-266
-8
305
292
-46
-267
-125
189
357
256
-84
-250
0
341
369
56
-197
-116
155
294
149
-91
-138
-4
128
118
-18
-113
-83
40
91
0
-117
-150
-55
109
84
-105
-260
-192
-4
94
51
-143
-262
-187
63
213
37
-268
-321
-44
298
291
-51
-327
-166
241
403
138
-191
-177
148
370
266
-48
-144
74
289
264
49
-136
-94
159
293
112
-157
-230
-12
238
223
-76
-310
-233
80
265
94
-237
-352
-165
121
163
-76
-311
-315
-78
173
166
-96
-324
-246
56
248
107
-150
-248
-69
208
218
-41
-216
-98
157
298
100
-162
-190
93
342
247
-32
-187
-65
202
321
155
-132
-214
28
314
299
-30
-333
-265
116
349
147
-282
-411
-95
227
133
-216
-365
-179
118
119
-166
-362
-208
86
137
-44
-222
-227
21
176
90
-131
-214
-42
204
252
27
-201
-160
132
323
199
-11
-142
-30
236
300
115
-72
-79
59
190
150
14
-56
-23
60
87
48
-25
-114
-63
83
117
-29
-210
-172
75
190
12
-266
-300
-76
116
103
-69
-205
-201
-94
64
145
13
-237
-282
-60
252
281
0
-273
-207
163
384
216
-98
-191
20
319
359
89
-182
-117
210
389
225
-102
-244
-7
327
285
-77
-300
-144
195
319
42
-321
-355
14
342
221
-198
-448
-295
109
277
13
-344
-412
-103
240
229
-130
-383
-244
94
259
100
-158
-233
-73
161
224
24
-191
-145
126
282
125
-135
-167
66
297
230
17
-140
-92
142
292
179
-73
-196
-9
246
293
21
-263
-248
56
260
131
-237
-362
-80
211
107
-257
-374
-134
124
104
-169
-324
-208
12
107
47
-138
-229
-115
83
176
60
-139
-189
-1
242
236
-46
-231
-58
239
323
123
-139
-124
154
302
227
-4
-148
-36
181
227
92
-65
-97
-8
78
93
36
-110
-102
31
89
-12
-137
-96
38
59
-61
-190
-151
-3
57
-41
-152
-151
-65
23
12
-44
-122
-123
-37
41
90
50
-42
-62
28
137
134
37
-25
33
156
203
125
6
21
140
204
131
26
-35
-7
133
196
83
-109
-142
-11
187
172
-87
-313
-202
142
294
37
-327
-399
-106
230
207
-163
-427
-311
69
250
76
-226
-314
-112
147
170
-34
-160
-136
21
155
118
-62
-123
1
150
163
27
-122
-77
128
264
169
-18
-130
-42
177
303
159
-135
-216
35
335
280
-91
-325
-200
116
252
74
-226
-307
-94
127
83
-173
-291
-193
18
67
-98
-236
-168
-21
71
24
-143
-231
-69
137
136
-37
-156
-106
97
230
127
-95
-183
7
258
272
92
-125
-95
165
309
173
-49
-106
35
159
153
48
-26
-17
3
22
49
27
-52
-53
9
46
-26
-152
-109
52
105
-3
-204
-217
-57
46
41
-44
-150
-168
-92
26
92
-8
-192
-219
-14
218
207
-33
-220
-111
198
325
118
-124
-112
132
332
249
-9
-143
26
301
288
36
-160
-97
151
286
129
-132
-226
-20
249
207
-104
-337
-219
131
308
68
-301
-415
-169
199
223
-82
-379
-339
-24
234
146
-190
-345
-168
140
225
23
-203
-182
40
226
125
-117
-175
-12
216
234
9
-190
-126
179
357
193
-86
-186
4
245
272
84
-150
-159
85
304
218
-100
-281
-160
133
265
34
-286
-298
-22
151
37
-240
-333
-120
96
73
-157
-303
-184
30
114
10
-177
-228
-64
128
149
-9
-169
-166
59
270
204
-53
-240
-83
243
371
150
-176
-186
147
374
264
-26
-187
-65
163
236
101
-69
-97
-18
75
97
6
-103
-104
31
80
21
-98
-131
-54
40
31
-112
-214
-139
2
103
30
-161
-280
-149
118
215
-24
-318
-269
76
322
203
-150
-299
-48
302
324
50
-166
-73
185
314
152
-42
-44
119
278
196
-9
-129
-16
222
240
25
-184
-148
106
270
92
-236
-310
-54
233
211
-103
-340
-319
4
243
81
-290
-407
-158
162
213
-38
-312
-265
28
195
80
-136
-161
-24
133
142
-2
-149
-91
113
244
125
-111
-171
23
274
280
47
-155
-111
131
307
207
-58
-193
-78
210
331
125
-199
-321
-87
243
284
-78
-394
-285
79
225
2
-297
-359
-100
122
93
-178
-325
-188
29
142
31
-228
-269
-56
201
210
-52
-251
-178
123
320
178
-159
-275
1
338
386
70
-258
-160
229
426
236
-105
-246
-2
264
245
14
-134
-63
83
118
29
-69
-98
-11
86
29
-73
-154
-95
45
98
-26
-203
-222
-105
63
145
-14
-234
-300
-73
194
195
-98
-357
-246
108
351
232
-152
-347
-63
310
359
56
-200
-114
218
375
192
-97
-113
145
312
225
-10
-170
-55
223
291
62
-189
-203
43
254
158
-156
-299
-104
180
195
-70
-296
-271
-24
155
37
-184
-257
-169
-2
73
25
-108
-177
-125
-1
90
70
-31
-154
-46
114
132
-34
-133
-1
167
167
4
-119
-39
162
259
124
-49
-126
-22
194
274
119
-127
-184
56
309
254
-85
-348
-201
178
303
2
-311
-296
-12
164
33
-239
-331
-140
82
93
-128
-306
-230
0
156
60
-218
-307
-60
221
210
-60
-278
-177
182
348
148
-192
-250
33
339
335
53
-204
-120
208
368
213
-85
-206
-4
258
249
43
-152
-121
74
164
97
-72
-186
-106
109
199
15
-266
-270
21
226
106
-221
-364
-161
159
217
-64
-347
-283
18
211
108
-183
-333
-131
194
307
60
-236
-222
100
371
212
-102
-153
74
297
238
39
-65
31
225
268
92
-73
-105
66
248
207
-39
-225
-127
154
286
64
-284
-321
4
307
191
-211
-411
-232
94
235
-5
-297
-321
-138
116
159
-35
-237
-226
-16
146
89
-78
-149
-63
93
157
13
-114
-70
89
192
101
-70
-148
30
267
251
54
-114
-107
81
248
259
20
-202
-135
167
340
176
-174
-342
-119
242
288
-63
-370
-276
45
192
10
-290
-334
-81
135
48
-205
-330
-145
87
157
-33
-279
-262
47
236
118
-161
-258
-3
242
249
15
-186
-164
108
333
229
-48
-173
54
291
245
27
-97
-38
140
200
74
-42
-28
34
47
3
2
-43
-53
25
72
18
-108
-159
-72
68
100
-34
-225
-256
-73
86
88
-48
-219
-234
-44
151
117
-165
-321
-146
221
344
73
-264
-286
112
405
243
-94
-185
46
312
282
25
-102
40
264
250
53
-91
-83
110
290
161
-112
-228
-62
191
246
31
-280
-291
11
292
186
-198
-407
-266
102
287
28
-361
-422
-106
234
219
-108
-346
-237
47
216
77
-132
-196
-48
156
187
9
-164
-106
113
230
128
-96
-160
37
259
230
44
-122
-93
101
236
222
14
-158
-109
160
334
148
-196
-341
-95
246
281
-71
-382
-277
77
223
-14
-340
-379
-58
203
60
-272
-344
-134
110
163
-44
-301
-233
73
230
84
-176
-238
7
255
241
-22
-232
-113
191
319
186
-87
-157
47
249
264
108
-83
-106
66
220
167
-9
-106
-41
69
121
26
-120
-105
34
108
28
-137
-191
-45
119
120
-75
-293
-239
-23
127
97
-112
-286
-213
59
214
53
-284
-319
-14
306
274
-24
-298
-189
178
358
203
-111
-170
84
349
276
-14
-141
47
275
276
56
-123
-69
128
256
137
-115
-200
-35
185
206
-19
-273
-237
69
280
98
-250
-361
-153
141
181
-99
-325
-239
-21
98
13
-143
-159
-77
20
64
12
-50
-73
-41
60
103
-16
-90
-15
130
159
26
-108
-78
125
239
160
-12
-75
-12
126
209
128
-22
-102
-20
178
268
77
-228
-284
-30
252
206
-148
-352
-187
97
158
-72
-305
-272
-28
91
-15
-216
-267
-103
58
132
-43
-266
-217
61
227
108
-175
-253
-18
280
292
-17
-300
-155
204
410
228
-130
-271
30
367
385
75
-247
-210
163
383
210
-121
-251
-53
233
226
-19
-216
-189
52
218
84
-176
-268
-97
145
177
-73
-291
-269
-40
155
130
-107
-293
-245
36
219
87
-217
-336
-86
256
332
31
-320
-257
168
423
212
-118
-199
72
339
311
18
-148
4
259
290
78
-107
-104
72
260
203
-55
-214
-110
149
250
22
-269
-261
22
241
98
-189
-314
-190
71
155
-47
-262
-306
-106
124
127
-77
-233
-183
29
136
30
-108
-125
-3
157
90
-72
-126
9
175
172
-12
-142
-40
176
259
108
-50
-67
2
145
202
133
-1
-137
-64
191
300
89
-247
-305
-28
283
228
-166
-381
-201
123
163
-89
-325
-258
-6
120
-45
-276
-270
-51
131
87
-128
-252
-132
109
189
21
-190
-207
37
286
254
-53
-291
-119
233
383
198
-120
-204
70
339
296
31
-166
-73
170
216
75
-69
-69
17
92
53
-19
-91
-68
61
103
-29
-147
-137
-35
84
57
-125
-225
-138
5
69
15
-120
-213
-178
15
176
53
-221
-310
-64
250
310
11
-295
-232
162
401
238
-79
-199
18
319
327
56
-132
-10
222
279
134
-96
-158
61
304
218
-45
-252
-121
181
283
24
-285
-292
-13
257
174
-173
-378
-264
76
258
2
-326
-354
-94
170
155
-108
-292
-172
59
169
55
-108
-157
-38
149
139
-41
-130
-2
149
173
24
-119
-88
121
272
178
-24
-110
-15
151
239
130
-72
-141
10
234
253
7
-253
-230
57
283
120
-255
-337
-99
175
106
-186
-350
-216
52
128
-65
-296
-275
-42
147
111
-152
-320
-145
164
226
0
-236
-186
110
288
159
-123
-229
19
273
299
87
-155
-110
165
336
197
-35
-150
-19
202
230
52
-77
-81
19
91
77
4
-107
-98
12
99
55
-114
-184
-43
85
77
-102
-244
-198
-19
136
70
-169
-287
-166
105
190
-30
-275
-236
52
273
198
-100
-245
-84
218
296
95
-131
-100
165
340
230
-17
-114
39
254
256
89
-94
-111
91
270
176
-83
-206
-89
173
220
10
-230
-250
0
234
110
-215
-356
-191
113
165
-78
-308
-293
-31
153
94
-120
-255
-158
43
132
49
-83
-135
-31
96
123
18
-82
-47
75
127
72
-36
-44
84
181
137
31
-57
-22
115
206
142
-45
-141
12
243
255
-12
-277
-240
73
293
124
-269
-347
-68
164
81
-159
-307
-214
16
91
-52
-241
-249
-84
73
118
-73
-275
-182
83
225
72
-166
-200
11
240
216
-22
-208
-75
216
315
154
-96
-131
89
271
275
72
-138
-100
125
261
128
-77
-131
-5
136
142
8
-171
-151
41
165
57
-186
-236
-31
144
109
-122
-294
-184
39
140
5
-190
-262
-96
116
142
-51
-263
-238
42
281
186
-114
-252
-49
262
291
31
-151
-6
269
289
69
-83
-29
200
298
142
-49
-127
4
223
261
29
-197
-148
74
255
108
-183
-308
-122
198
245
-40
-336
-324
-53
201
129
-183
-376
-248
53
205
37
-220
-241
-90
91
139
-8
-117
-117
18
124
96
-52
-114
-3
146
156
29
-86
-37
90
155
135
68
-21
-32
75
187
166
-5
-131
-15
177
233
21
-223
-232
23
263
150
-175
-334
-173
81
122
-91
-288
-227
-1
89
-77
-249
-196
-61
81
71
-133
-260
-111
139
186
-6
-231
-155
145
287
130
-147
-223
39
302
300
55
-170
-122
166
342
258
-4
-187
-94
167
293
164
-80
-206
-96
133
271
48
-232
-228
58
226
91
-211
-270
-27
185
102
-180
-311
-144
110
159
-33
-250
-297
-91
188
199
-61
-361
-300
94
392
252
-189
-390
-76
349
396
58
-236
-140
222
407
225
-107
-151
90
322
285
11
-195
-113
198
356
113
-197
-254
14
281
215
-135
-371
-198
170
296
31
-316
-389
-112
222
186
-158
-368
-253
12
141
45
-121
-197
-116
23
78
37
-14
-108
-70
75
131
19
-78
-61
69
158
85
-61
-76
91
226
178
14
-120
-46
170
269
116
-135
-165
101
322
207
-140
-329
-140
196
253
-16
-309
-253
30
148
-16
-243
-260
-97
46
2
-156
-210
-124
-18
17
-27
-122
-146
-35
90
94
-27
-151
-113
95
239
135
-128
-200
34
275
295
98
-164
-139
159
347
262
-28
-214
-66
228
308
85
-168
-194
51
243
133
-109
-202
-74
125
138
-50
-206
-140
60
139
-32
-231
-203
-30
54
30
-57
-164
-200
-93
93
114
-65
-243
-195
88
251
153
-132
-247
-2
283
269
25
-129
-19
222
293
128
-70
-74
138
301
206
-23
-153
-44
228
303
36
-242
-197
116
296
117
-232
-355
-80
276
280
-136
-469
-331
105
329
68
-386
-439
-107
232
186
-120
-343
-221
72
224
70
-168
-209
-65
185
242
-1
-228
-160
127
314
171
-179
-268
17
359
343
14
-208
-134
149
303
197
-36
-163
-77
139
256
177
-96
-289
-161
131
260
50
-259
-299
-69
129
58
-169
-292
-186
21
66
-89
-215
-189
-41
93
53
-172
-270
-47
188
159
-51
-242
-123
163
292
96
-179
-199
80
304
286
61
-176
-91
198
327
189
-45
-152
-21
210
244
62
-126
-104
52
148
94
-68
-162
-66
119
115
-41
-191
-173
25
155
33
-195
-272
-122
75
112
-36
-213
-254
-67
179
150
-130
-324
-200
149
337
128
-237
-276
67
354
273
-42
-185
5
272
312
85
-105
-54
185
267
167
-12
-124
-22
211
266
27
-211
-171
93
248
139
-191
-319
-106
185
201
-94
-334
-252
-15
152
57
-187
-294
-194
47
158
-8
-209
-247
-55
144
152
-37
-190
-143
89
230
84
-150
-168
54
259
213
-61
-232
-73
261
357
120
-167
-190
54
338
296
-19
-231
-139
177
363
172
-209
-369
-93
275
313
-94
-417
-291
82
230
-5
-310
-324
-61
114
3
-207
-250
-69
76
24
-99
-189
-139
53
143
52
-114
-209
-39
229
293
45
-236
-200
122
355
277
-29
-255
-46
302
389
166
-155
-239
42
320
269
-45
-212
-102
162
208
35
-173
-177
20
185
109
-152
-269
-107
145
174
-53
-297
-261
-37
156
117
-122
-306
-231
36
223
107
-220
-327
-116
232
303
26
-275
-238
119
367
252
-44
-178
8
253
296
105
-43
-31
151
236
145
-16
-72
25
196
181
-2
-145
-107
97
204
44
-204
-246
-31
195
132
-153
-328
-213
65
196
-34
-284
-316
-123
130
165
-83
-281
-212
54
175
61
-151
-179
-5
165
149
-43
-177
-62
152
229
71
-162
-135
123
292
200
-15
-125
-45
159
272
169
-76
-184
-34
218
312
109
-240
-333
-51
279
251
-123
-358
-208
96
162
-76
-300
-261
-40
91
-16
-207
-242
-96
26
52
-49
-206
-162
45
171
82
-119
-205
-52
203
279
59
-212
-167
149
343
209
-63
-171
-10
232
308
155
-58
-133
22
201
211
32
-141
-82
67
178
82
-151
-197
3
201
130
-145
-272
-117
139
182
-76
-328
-263
9
165
89
-122
-255
-195
3
133
69
-131
-273
-122
156
248
71
-192
-173
98
270
174
-27
-85
85
269
230
54
-64
8
183
244
148
-44
-139
-2
266
262
-34
-262
-142
199
320
22
-342
-329
49
325
139
-258
-419
-200
177
253
-69
-370
-336
-59
187
116
-124
-278
-176
48
160
63
-95
-158
-68
98
173
22
-133
-95
90
229
122
-96
-158
40
264
236
52
-103
-102
58
258
230
1
-196
-120
194
350
152
-209
-334
-63
246
245
-110
-360
-215
64
145
-38
-272
-270
-79
58
-10
-161
-202
-116
3
71
-30
-220
-168
49
179
57
-142
-180
8
219
196
-26
-167
-49
177
244
132
-62
-75
115
241
187
44
-59
-41
124
198
94
-59
-87
25
112
87
-20
-136
-91
89
149
-7
-198
-193
-3
147
89
-117
-285
-167
36
107
17
-150
-231
-121
51
141
9
-224
-278
-41
236
266
-7
-275
-179
188
367
167
-129
-154
108
324
260
-25
-136
46
270
257
67
-94
-83
93
261
144
-101
-172
-15
187
179
-69
-314
-241
107
324
78
-300
-402
-144
207
222
-123
-379
-314
4
213
88
-204
-308
-110
142
169
-53
-213
-126
97
231
89
-171
-176
35
229
192
-9
-172
-105
138
296
215
18
-174
-142
145
364
237
-96
-260
-67
267
372
75
-285
-351
-38
310
279
-122
-387
-284
33
222
67
-275
-393
-149
151
141
-188
-363
-215
91
241
16
-303
-309
-3
282
200
-133
-314
-108
275
374
56
-302
-244
154
418
301
-67
-260
-46
267
377
182
-128
-213
0
255
267
53
-164
-154
47
186
131
-69
-194
-75
111
122
-47
-180
-125
49
89
-48
-191
-168
-55
32
38
-44
-178
-224
-81
137
121
-115
-279
-141
138
279
76
-182
-184
64
290
232
5
-129
-15
224
313
119
-79
-54
135
273
183
-22
-138
-4
231
208
-27
-208
-97
175
211
-45
-270
-198
87
236
39
-279
-303
-82
124
89
-145
-288
-199
-2
93
8
-139
-170
-71
37
48
-18
-67
-60
-10
94
108
-20
-106
-40
103
209
84
-138
-158
115
345
212
-81
-215
-14
260
325
83
-174
-169
96
302
219
-59
-278
-180
82
241
100
-231
-318
-79
142
102
-156
-331
-194
17
89
-50
-232
-227
-97
61
101
-96
-252
-131
105
222
45
-240
-254
59
353
233
-143
-302
-26
331
378
86
-233
-188
196
419
237
-89
-203
-7
239
254
50
-137
-114
78
173
56
-88
-130
-43
95
103
-39
-167
-139
52
140
19
-184
-283
-136
86
104
-30
-195
-224
-96
72
140
-12
-250
-248
-3
247
248
-19
-269
-168
160
340
184
-88
-142
82
305
285
47
-143
-12
229
294
116
-72
-127
40
252
192
-41
-214
-118
153
251
23
-277
-288
19
283
136
-232
-375
-181
127
191
-96
-334
-289
-38
170
111
-134
-279
-145
74
172
37
-164
-189
10
213
146
-89
-171
-24
211
209
-17
-199
-82
212
333
132
-106
-147
26
248
248
69
-134
-176
47
303
284
-36
-339
-277
124
327
119
-282
-394
-96
230
179
-173
-412
-290
51
183
-2
-290
-336
-55
181
130
-140
-353
-192
174
310
74
-266
-293
47
364
276
-114
-312
-74
286
382
141
-173
-188
110
342
270
4
-152
-43
185
212
79
-90
-99
51
125
60
-60
-100
-24
70
54
-45
-117
-96
-13
32
-5
-99
-131
-86
-38
10
3
-122
-215
-140
44
146
39
-197
-246
-74
197
266
5
-278
-168
220
367
155
-116
-159
97
342
262
-7
-144
33
276
283
71
-149
-157
116
333
197
-126
-286
-116
222
322
8
-357
-342
77
369
128
-295
-449
-184
202
235
-104
-398
-352
6
261
142
-200
-377
-174
171
262
25
-221
-243
1
229
187
-70
-203
-52
203
232
23
-160
-99
141
276
177
-17
-135
-30
210
291
98
-142
-185
44
300
260
-33
-300
-229
80
290
144
-213
-373
-157
158
185
-130
-379
-302
-3
189
19
-280
-331
-99
138
167
-103
-314
-161
136
230
33
-203
-184
75
277
200
-91
-252
-53
282
336
108
-157
-130
183
322
174
-47
-112
42
215
167
-11
-95
-11
64
72
31
-39
-84
-24
69
47
-55
-155
-120
63
134
-23
-227
-259
-36
117
52
-106
-223
-204
-7
138
85
-131
-280
-183
101
293
155
-171
-299
-15
367
337
-23
-252
-81
303
405
113
-178
-103
224
360
197
-89
-210
-7
308
322
-5
-297
-226
107
350
192
-237
-392
-138
249
277
-62
-367
-336
4
223
68
-248
-358
-172
114
176
-44
-265
-223
-17
127
82
-51
-124
-85
22
131
103
-49
-114
-13
168
189
34
-160
-106
147
320
195
-46
-170
-72
208
338
137
-160
-217
47
335
277
-68
-349
-231
161
348
75
-334
-376
-63
229
145
-218
-439
-229
123
188
-92
-343
-312
-26
223
169
-174
-402
-174
231
341
10
-344
-269
147
409
207
-196
-309
-14
335
365
75
-193
-133
178
344
232
1
-148
-73
141
223
121
-54
-155
-40
128
179
28
-176
-157
57
172
31
-203
-219
-5
182
84
-174
-324
-137
82
114
-19
-206
-256
-73
143
145
-73
-290
-251
70
355
226
-159
-377
-111
359
446
81
-269
-171
224
434
215
-127
-167
102
359
248
-29
-147
-40
188
300
64
-203
-232
38
283
204
-151
-372
-178
185
298
-17
-347
-360
-59
228
161
-211
-401
-254
93
231
41
-234
-312
-100
155
192
-23
-183
-175
49
222
114
-106
-154
-4
192
191
-18
-144
-32
205
224
81
-55
-98
43
226
214
37
-118
-109
102
268
181
-85
-280
-151
153
248
5
-306
-283
3
181
55
-260
-349
-148
129
116
-170
-345
-217
41
194
61
-260
-341
-27
290
219
-151
-350
-93
303
365
31
-311
-246
159
421
290
-60
-261
-56
288
390
150
-129
-180
46
252
225
18
-127
-99
59
163
84
-56
-148
-94
79
166
24
-209
-218
-10
180
86
-188
-334
-173
106
201
3
-265
-326
-94
206
218
-88
-375
-272
102
382
248
-165
-349
-83
311
390
68
-235
-134
232
418
195
-108
-173
97
365
274
-21
-212
-90
245
350
65
-263
-258
87
323
138
-229
-349
-92
252
262
-115
-382
-277
24
189
35
-254
-331
-149
88
147
-26
-211
-213
-40
120
114
-52
-154
-124
24
161
114
-74
-150
-4
192
191
2
-165
-68
184
302
152
-88
-146
7
247
279
64
-205
-172
163
349
189
-186
-363
-117
256
323
-37
-406
-316
38
246
55
-297
-394
-125
189
139
-214
-381
-174
120
194
-40
-302
-270
63
285
170
-148
-312
-116
254
363
80
-277
-254
112
399
311
-25
-247
-63
281
368
138
-132
-134
85
228
173
9
-111
-61
62
104
55
-38
-104
-58
68
97
-31
-156
-149
-19
87
59
-128
-250
-176
35
166
29
-224
-311
-115
171
195
-84
-358
-246
144
394
186
-251
-357
6
393
360
-13
-269
-112
319
436
151
-210
-173
202
427
227
-121
-265
-44
333
359
9
-292
-247
97
332
187
-231
-399
-130
253
322
-58
-438
-380
-6
288
144
-264
-426
-219
136
235
-30
-309
-260
20
199
81
-120
-177
-58
114
156
18
-123
-88
67
176
120
-39
-119
-2
220
246
81
-78
-89
51
199
220
53
-125
-125
108
291
194
-114
-317
-160
159
278
37
-293
-319
-40
175
61
-198
-327
-165
68
71
-134
-248
-168
19
115
-11
-225
-201
37
184
83
-146
-206
-4
246
237
-39
-232
-87
208
299
153
-69
-138
59
263
243
93
-57
-65
42
173
165
30
-95
-61
67
139
66
-118
-157
1
169
100
-160
-275
-79
151
196
-61
-339
-293
-19
190
126
-163
-336
-184
105
192
34
-241
-328
-68
258
298
18
-269
-211
109
342
233
-53
-171
22
267
308
97
-122
-35
212
288
116
-81
-121
51
275
225
-75
-274
-120
193
291
46
-306
-316
32
287
158
-225
-386
-192
118
214
-61
-342
-319
-43
168
109
-126
-254
-185
35
162
82
-118
-181
-61
103
168
71
-116
-160
33
217
170
-29
-157
-26
214
282
131
-113
-162
55
279
268
28
-216
-150
160
351
171
-184
-338
-105
240
306
-62
-381
-311
15
236
80
-259
-398
-204
106
158
-82
-326
-271
-6
216
106
-241
-330
-42
258
221
-114
-303
-113
226
323
76
-225
-201
107
331
245
-24
-152
3
231
283
129
-78
-104
39
174
175
63
-93
-85
42
104
78
-48
-122
-37
59
72
-35
-156
-130
26
110
1
-207
-236
-87
67
94
-46
-219
-200
-41
98
84
-109
-245
-119
122
242
84
-151
-193
37
288
269
-12
-189
-24
288
324
93
-108
-24
216
272
88
-101
-63
92
214
132
-53
-133
-58
112
174
28
-218
-243
-22
190
147
-128
-317
-242
22
158
6
-241
-311
-135
116
145
-63
-267
-232
20
185
95
-117
-203
-75
150
192
12
-168
-115
99
258
159
-128
-214
46
325
292
35
-212
-164
165
392
241
-98
-275
-70
293
366
64
-303
-331
29
359
232
-216
-451
-180
198
233
-112
-395
-335
15
206
9
-305
-311
-64
158
139
-113
-348
-203
158
315
57
-274
-288
54
346
242
-102
-295
-76
281
383
139
-149
-174
100
333
276
25
-180
-84
204
286
109
-120
-147
25
170
145
-40
-195
-132
90
201
41
-210
-262
-27
205
157
-157
-377
-213
104
170
27
-214
-310
-146
116
185
1
-240
-299
-61
248
312
44
-288
-258
105
391
284
-81
-233
5
339
361
73
-194
-98
256
398
149
-152
-192
22
289
259
-23
-232
-145
119
273
58
-252
-290
-27
230
168
-145
-327
-246
26
168
-4
-265
-299
-106
126
123
-96
-258
-185
39
169
66
-110
-203
-60
180
200
-18
-184
-83
128
228
86
-104
-111
82
264
210
-14
-144
-45
178
285
145
-108
-182
28
269
249
9
-235
-221
38
246
128
-174
-322
-136
92
107
-78
-306
-263
-33
96
5
-195
-264
-149
56
152
-12
-253
-234
14
207
138
-119
-253
-60
261
292
11
-249
-150
187
360
221
-77
-201
25
296
326
105
-145
-156
73
286
210
-44
-163
-83
97
160
89
-109
-200
-42
160
135
-96
-275
-151
117
210
-10
-315
-318
-42
197
176
-121
-397
-274
109
314
96
-311
-400
-93
320
377
18
-354
-291
141
444
311
-92
-294
-58
370
471
135
-227
-177
181
414
245
-87
-248
-35
267
290
14
-254
-182
124
258
63
-210
-290
-36
221
159
-171
-368
-210
118
188
-98
-298
-251
-41
102
51
-90
-198
-120
10
93
29
-52
-119
-47
104
106
-29
-88
-10
121
141
-7
-96
-26
139
225
116
-30
-78
22
159
199
109
-27
-112
-25
182
255
71
-216
-287
-31
270
223
-154
-392
-187
123
165
-107
-330
-266
12
141
-28
-286
-294
-79
126
139
-98
-313
-173
160
278
58
-285
-292
101
401
240
-154
-325
-40
332
389
107
-193
-216
133
388
308
-19
-230
-76
237
293
77
-150
-153
44
191
107
-64
-174
-95
115
169
2
-193
-209
-15
156
90
-152
-295
-187
31
156
68
-176
-310
-173
106
252
20
-320
-360
29
389
296
-118
-393
-183
286
442
149
-229
-217
158
450
329
-76
-247
0
358
375
49
-233
-161
188
370
163
-210
-302
-44
306
286
-93
-399
-259
139
354
90
-342
-439
-130
231
210
-141
-369
-280
-13
151
85
-159
-257
-90
104
112
-32
-118
-91
56
130
20
-98
-92
48
182
142
-41
-123
-11
175
232
91
-49
-73
17
162
232
108
-63
-152
-8
242
266
12
-258
-249
39
299
162
-219
-382
-169
152
178
-99
-369
-305
2
180
3
-261
-313
-85
145
161
-83
-313
-182
109
241
73
-196
-263
19
322
301
-65
-314
-116
267
384
180
-153
-211
94
349
310
16
-184
-116
158
309
154
-105
-179
-11
151
163
6
-181
-127
73
170
33
-198
-265
-34
224
151
-180
-383
-224
94
250
71
-263
-380
-165
170
262
-2
-339
-316
15
320
268
-86
-286
-136
211
342
139
-130
-104
134
310
233
-1
-108
50
229
224
74
-79
-111
81
256
171
-100
-232
-59
210
238
-61
-331
-236
105
265
36
-272
-321
-110
140
121
-139
-312
-239
7
165
53
-177
-251
-107
102
144
-16
-145
-121
39
140
75
-90
-110
39
170
138
-17
-95
-2
137
181
135
8
-51
-16
113
205
141
-22
-120
5
205
213
-12
-212
-184
59
230
95
-223
-311
-94
157
83
-189
-364
-201
95
139
-101
-320
-266
-15
182
129
-172
-343
-150
166
272
31
-259
-232
102
343
212
-123
-293
-51
319
376
75
-187
-134
183
338
212
-19
-141
-5
167
182
73
-75
-59
35
84
62
-25
-90
-50
43
62
-33
-150
-113
32
94
-4
-165
-235
-119
44
69
-4
-148
-233
-142
94
174
-47
-288
-223
47
303
215
-128
-309
-103
292
370
66
-206
-114
239
425
234
-108
-223
49
391
368
-10
-280
-160
235
417
154
-237
-319
-19
321
284
-105
-401
-257
156
342
44
-358
-421
-101
248
187
-197
-424
-256
94
233
39
-252
-305
-65
174
166
-22
-202
-161
62
210
94
-109
-151
6
201
207
-7
-172
-63
185
292
167
-65
-179
-44
213
327
127
-166
-221
61
366
288
-104
-371
-219
173
361
66
-355
-375
-37
227
99
-225
-398
-210
119
157
-117
-330
-221
-11
124
61
-170
-281
-99
188
223
-13
-222
-194
117
321
170
-176
-258
49
320
303
71
-180
-91
207
317
178
-51
-132
25
194
185
40
-89
-76
39
114
101
-28
-139
-81
70
88
-31
-159
-123
26
101
7
-172
-220
-118
37
92
-5
-208
-252
-62
154
159
-108
-322
-215
90
314
188
-149
-291
-72
318
342
21
-204
-80
236
384
202
-81
-169
73
350
276
3
-191
-107
180
331
121
-184
-262
10
281
196
-165
-351
-130
203
228
-76
-338
-294
-21
177
46
-225
-286
-127
32
57
-47
-141
-125
-59
9
29
0
-23
-50
-11
51
37
2
-14
8
78
93
46
-27
-6
107
157
136
24
-75
-5
169
227
95
-111
-151
77
289
230
-93
-318
-194
161
306
43
-308
-324
-34
168
67
-207
-355
-193
71
146
-88
-324
-267
-3
202
116
-218
-355
-91
225
287
6
-321
-259
148
425
229
-212
-342
-10
388
420
47
-307
-148
273
459
214
-181
-262
39
341
286
-24
-219
-106
125
200
57
-131
-171
-6
160
109
-95
-226
-140
69
144
23
-218
-279
-91
87
123
-55
-268
-258
-30
200
159
-139
-341
-188
151
335
119
-216
-291
37
368
289
-46
-216
-20
283
366
136
-139
-116
163
337
212
-67
-180
-4
265
285
-11
-265
-171
134
292
111
-238
-371
-77
270
233
-135
-374
-251
27
169
5
-251
-298
-105
83
92
-84
-200
-139
13
99
45
-90
-126
-40
94
133
18
-109
-82
64
197
138
-28
-145
-34
209
287
105
-135
-147
80
291
248
-18
-224
-126
184
353
188
-172
-339
-120
232
286
-33
-350
-310
13
215
48
-276
-366
-111
117
72
-161
-286
-174
46
139
2
-233
-249
-1
212
165
-78
-241
-120
184
319
93
-238
-219
115
359
290
-23
-216
-48
266
354
136
-113
-164
33
233
223
39
-135
-99
51
145
86
-79
-149
-37
107
88
-77
-207
-94
71
105
-50
-251
-209
-28
111
98
-106
-284
-224
29
210
111
-162
-355
-172
181
343
134
-240
-315
42
375
288
-37
-175
2
267
331
101
-126
-74
202
327
158
-86
-151
31
234
235
-8
-233
-163
124
290
102
-239
-335
-57
268
227
-174
-405
-261
89
259
-3
-337
-360
-110
162
166
-74
-282
-218
19
185
102
-133
-204
-36
132
172
34
-137
-98
75
205
139
-67
-152
9
243
279
73
-136
-151
73
276
251
21
-201
-154
176
371
172
-194
-359
-110
261
291
-74
-383
-259
75
191
-28
-316
-328
-91
118
61
-155
-288
-173
38
158
8
-256
-260
25
244
165
-138
-296
-90
267
349
40
-295
-202
178
411
227
-113
-194
51
312
292
49
-127
-57
134
207
81
-68
-88
39
115
45
-38
-68
-9
63
33
-41
-130
-128
-6
88
69
-98
-241
-196
-22
86
67
-77
-218
-216
-16
178
111
-179
-314
-132
206
310
57
-246
-237
102
367
217
-111
-148
106
326
242
-13
-116
44
269
260
62
-107
-96
72
241
202
-66
-208
-110
152
257
44
-275
-291
11
274
146
-200
-378
-259
91
250
-19
-329
-351
-76
186
167
-142
-332
-188
101
207
49
-199
-211
24
176
116
-66
-142
-20
145
208
79
-113
-135
40
249
259
62
-109
-138
73
257
262
29
-214
-152
146
351
205
-164
-348
-129
211
291
-53
-348
-279
32
204
1
-318
-369
-66
181
121
-199
-366
-217
76
230
39
-279
-310
-1
268
214
-130
-308
-76
252
308
34
-268
-184
188
394
205
-101
-186
49
289
271
76
-79
-61
83
158
119
11
-48
-23
6
80
87
-19
-102
-57
55
48
-77
-155
-89
59
98
-38
-220
-226
-31
91
36
-95
-216
-174
-12
152
109
-135
-301
-158
145
282
114
-162
-236
29
276
253
23
-120
14
197
243
117
-27
1
149
215
103
-44
-55
68
208
158
-74
-188
-45
175
194
-67
-303
-183
149
252
-4
-303
-312
-68
157
110
-166
-321
-192
14
105
10
-165
-173
-54
52
52
-43
-99
-49
42
88
57
-38
-96
-8
147
202
26
-162
-103
123
299
262
6
-222
-146
186
373
212
-127
-286
-59
351
422
17
-386
-328
116
390
195
-268
-462
-162
214
207
-134
-392
-315
25
206
14
-328
-337
-40
185
128
-152
-314
-160
154
252
37
-250
-248
81
333
233
-118
-286
-57
299
357
89
-171
-136
157
338
202
-28
-127
4
157
172
70
-57
-79
30
128
102
-38
-158
-86
106
146
-6
-193
-202
-36
133
107
-106
-283
-191
7
121
68
-146
-299
-202
90
233
30
-276
-328
-34
289
262
-43
-288
-191
184
384
193
-117
-167
92
313
277
12
-123
21
238
259
103
-76
-109
43
228
198
-44
-192
-85
160
229
16
-279
-267
51
250
90
-215
-326
-197
96
180
-61
-282
-276
-88
105
100
-75
-197
-149
-5
95
61
-42
-165
-118
120
234
33
-181
-144
95
291
177
-125
-220
14
267
305
91
-161
-167
107
340
245
-76
-253
-65
289
347
44
-297
-300
40
327
189
-234
-384
-158
137
182
-108
-373
-291
31
145
-38
-248
-245
-87
69
86
-78
-256
-146
95
195
60
-181
-223
22
287
230
-68
-263
-57
265
339
160
-142
-196
105
351
279
-6
-183
-58
187
269
90
-120
-125
45
149
74
-54
-106
-24
79
55
-36
-127
-127
6
74
16
-108
-197
-157
-37
70
60
-92
-222
-198
-9
172
101
-190
-338
-113
236
321
26
-295
-235
171
407
228
-123
-211
40
355
368
85
-196
-113
217
367
174
-105
-215
7
309
282
-69
-292
-108
236
276
-50
-333
-263
111
294
46
-293
-342
-75
160
99
-185
-301
-172
25
104
12
-175
-214
-67
60
103
-8
-135
-125
44
167
87
-100
-137
7
191
177
-24
-141
-50
162
264
149
-53
-106
-9
157
233
121
-49
-115
-28
205
250
63
-177
-221
-25
184
147
-122
-295
-179
52
115
-78
-289
-241
-44
74
-6
-202
-255
-95
78
79
-61
-233
-171
32
183
100
-108
-187
-21
212
216
-17
-176
-55
165
267
156
-30
-80
78
211
208
86
-51
-38
63
119
137
51
-40
-72
-2
90
92
-4
-86
-66
13
38
-41
-123
-97
22
69
-53
-193
-186
-53
88
86
-105
-268
-220
70
234
57
-309
-370
-29
346
316
-77
-365
-169
272
429
138
-199
-182
143
396
298
-45
-202
23
345
336
23
-231
-178
190
437
181
-291
-368
28
400
288
-186
-463
-232
240
395
5
-447
-441
-9
326
180
-277
-453
-209
132
235
-22
-277
-256
-17
144
86
-68
-150
-58
91
137
26
-107
-106
43
157
148
9
-100
-67
104
267
192
5
-131
-79
152
300
189
-100
-238
-35
284
357
58
-319
-337
18
335
231
-186
-418
-214
123
203
-49
-331
-326
-74
130
46
-188
-265
-125
68
118
-73
-247
-145
106
203
19
-209
-186
67
295
223
-101
-288
-63
323
368
50
-215
-108
246
366
142
-114
-121
68
214
147
-19
-91
-22
105
89
-8
-34
-48
-9
23
-3
-38
-61
-63
-43
5
-15
-88
-121
-97
-89
-20
35
-13
-166
-215
-49
152
111
-145
-309
-137
208
309
48
-257
-201
139
341
196
-74
-143
77
321
288
30
-150
4
249
265
92
-94
-116
80
266
161
-113
-235
-47
223
237
-59
-324
-236
96
268
49
-266
-332
-136
137
123
-120
-293
-243
-12
117
47
-142
-223
-92
98
114
-52
-135
-57
44
88
43
-29
-23
20
83
84
15
-34
21
133
152
80
16
-33
4
118
189
130
-51
-139
11
231
231
2
-259
-213
88
261
94
-237
-323
-101
127
102
-173
-347
-209
40
109
-59
-258
-249
-62
126
114
-118
-291
-139
134
232
27
-212
-216
72
294
224
-73
-278
-84
295
390
105
-175
-151
157
338
239
-7
-151
-27
179
198
68
-71
-84
24
93
84
-3
-117
-72
65
89
-10
-167
-146
7
107
31
-184
-237
-132
35
113
27
-169
-253
-140
98
186
13
-283
-316
14
322
238
-104
-302
-115
266
372
103
-164
-93
173
329
179
-36
-82
94
257
178
5
-80
-20
158
226
54
-145
-169
25
232
188
-138
-316
-164
171
247
-36
-346
-318
-40
205
92
-237
-348
-180
111
167
-56
-265
-208
-13
127
85
-61
-124
-74
31
119
83
-48
-117
-23
145
198
65
-96
-96
89
246
193
10
-169
-51
210
302
103
-160
-183
82
314
229
-82
-285
-176
107
242
49
-226
-263
-85
92
40
-142
-252
-196
-29
48
-47
-169
-172
-85
33
57
-85
-206
-123
85
188
41
-180
-192
67
304
187
-112
-244
-5
301
356
104
-184
-152
177
377
215
-70
-187
5
235
235
43
-143
-121
60
171
115
-91
-212
-92
155
184
-35
-245
-202
27
190
83
-208
-325
-138
113
170
-42
-247
-276
-59
184
180
-95
-350
-240
113
327
192
-147
-295
-49
289
309
34
-153
-41
189
295
165
-21
-72
59
231
233
47
-122
-85
136
272
133
-119
-221
-53
218
224
-71
-322
-221
109
251
39
-267
-375
-149
188
173
-160
-354
-252
28
202
66
-212
-295
-111
118
183
27
-150
-176
-3
197
167
-69
-200
-49
192
258
42
-155
-106
166
302
175
-74
-177
9
236
263
68
-143
-133
83
282
220
-78
-299
-182
153
324
57
-334
-354
-59
185
81
-193
-340
-178
56
103
-99
-254
-217
-38
112
93
-163
-278
-76
163
193
-19
-236
-164
159
326
130
-224
-259
108
390
311
-16
-243
-96
260
418
208
-147
-225
5
259
274
56
-159
-150
50
198
112
-72
-188
-80
132
142
-84
-250
-127
107
141
-53
-267
-247
-39
134
117
-105
-289
-228
20
206
100
-178
-341
-154
175
304
115
-202
-263
34
326
259
2
-160
-27
235
343
134
-104
-92
155
297
156
-44
-129
4
220
238
30
-212
-162
123
250
109
-188
-316
-120
176
220
-59
-348
-281
4
197
45
-250
-316
-148
80
127
-29
-198
-193
-63
81
93
-8
-124
-99
70
158
58
-95
-104
40
178
156
-19
-124
-47
187
271
114
-79
-130
9
215
278
101
-149
-178
72
312
240
-102
-322
-191
133
294
46
-292
-283
-30
113
-7
-222
-234
-59
19
-48
-146
-171
-95
-11
7
-37
-127
-170
-43
132
141
-43
-221
-135
173
324
120
-212
-219
94
327
281
1
-196
-33
246
322
142
-102
-131
57
219
174
14
-92
-44
58
85
30
-44
-70
-13
49
16
-63
-122
-88
19
56
-16
-163
-193
-116
33
114
-5
-197
-201
-75
69
83
-46
-189
-191
-2
242
193
-76
-225
-52
226
293
98
-104
-85
128
304
220
7
-90
48
198
208
82
-55
-85
96
222
124
-100
-187
-7
213
162
-138
-329
-122
208
226
-116
-369
-280
34
228
39
-306
-360
-113
137
160
-73
-261
-213
-1
170
101
-82
-171
-78
64
156
65
-93
-94
58
166
107
-39
-86
28
163
200
87
-50
-119
38
256
250
15
-221
-142
207
379
153
-247
-366
-49
319
272
-147
-421
-258
124
237
-60
-356
-300
-13
142
2
-250
-306
-93
124
105
-82
-257
-187
82
237
104
-196
-278
-18
319
316
-29
-317
-181
222
430
215
-141
-232
62
358
305
40
-150
-109
117
245
149
-23
-104
-41
75
114
48
-70
-122
-8
74
56
-74
-167
-110
46
109
-15
-184
-235
-122
71
137
-14
-234
-259
-48
187
163
-128
-359
-224
171
381
145
-275
-338
48
431
357
-45
-265
-85
320
448
139
-222
-177
194
405
225
-120
-227
-18
311
308
-27
-300
-187
166
348
78
-332
-377
-8
339
223
-184
-426
-285
78
252
1
-298
-330
-109
127
135
-69
-235
-189
-20
124
116
-58
-165
-97
81
178
56
-115
-102
59
175
124
-34
-114
17
222
217
67
-76
-70
87
188
165
12
-118
-63
165
273
103
-167
-272
-48
191
210
-75
-308
-241
9
156
27
-240
-337
-152
103
91
-155
-287
-170
47
152
15
-210
-215
8
174
82
-118
-160
9
211
184
-34
-183
-86
172
305
169
-43
-126
35
265
275
78
-107
-95
92
221
157
-26
-152
-83
93
160
80
-111
-164
-26
153
108
-122
-267
-100
150
150
-103
-301
-223
38
184
60
-230
-315
-99
161
215
-55
-318
-296
9
293
245
-44
-276
-179
181
380
186
-123
-165
96
332
273
6
-145
7
261
292
73
-130
-119
97
306
199
-128
-269
-109
238
291
-29
-347
-293
80
337
142
-267
-414
-185
163
219
-98
-337
-291
-23
161
69
-165
-251
-96
89
128
-27
-145
-104
52
132
72
-63
-124
7
159
155
14
-95
-67
125
218
154
33
-92
-64
115
249
178
-33
-154
-43
180
260
90
-177
-259
-51
227
191
-122
-313
-193
41
122
-51
-290
-273
-56
104
25
-195
-267
-125
53
104
-15
-219
-201
33
210
107
-135
-259
-48
295
300
-31
-281
-116
228
358
165
-122
-185
82
326
300
38
-175
-112
164
294
128
-106
-163
-6
165
159
-24
-145
-90
54
113
-5
-151
-165
-13
92
59
-101
-232
-180
3
102
45
-119
-251
-155
42
142
32
-206
-277
-66
253
287
-4
-285
-217
194
388
192
-134
-193
98
361
308
5
-178
-28
265
337
104
-143
-160
62
307
245
-94
-275
-139
186
294
25
-304
-298
29
292
115
-213
-360
-190
109
195
-75
-309
-272
-50
129
71
-116
-216
-145
15
127
61
-72
-130
-38
95
102
-26
-101
-12
129
153
33
-83
-58
108
204
156
16
-87
-13
131
183
128
-3
-105
-29
165
235
73
-161
-241
-44
205
183
-92
-297
-225
37
142
-43
-278
-292
-73
114
51
-191
-310
-151
111
189
-49
-319
-237
96
259
91
-187
-257
21
329
263
-96
-319
-83
313
408
141
-201
-175
147
359
236
-25
-180
-18
210
215
64
-94
-96
22
140
89
-32
-118
-93
45
129
41
-138
-197
-78
99
125
-89
-284
-214
9
158
78
-171
-300
-163
98
213
29
-276
-341
-38
308