#4
-173
190
517
286
-298
-435
106
569
302
-338
-438
83
465
194
-287
-323
30
175
-16
-170
-102
-69
-177
-172
48
86
-184
-387
-215
155
147
-166
-368
-216
43
56
-76
-122
-114
-178
-160
52
175
16
-244
-184
161
300
12
-259
-68
296
281
-56
-210
38
259
207
8
-78
-14
33
43
157
136
-149
-325
-70
346
303
-238
-550
-196
348
345
-246
-627
-313
184
280
-103
-448
-425
-158
89
129
-92
-396
-397
-26
301
115
-357
-424
21
324
93
-292
-266
105
298
82
-127
-57
64
36
-34
92
245
108
-236
-226
207
441
116
-322
-281
166
384
102
-232
-199
25
124
30
-81
-141
-165
-116
-22
19
-136
-301
-220
62
133
-153
-448
-274
141
232
-102
-397
-306
58
250
98
-177
-290
-145
97
253
205
-91
-327
-130
360
499
66
-404
-268
368
646
188
-363
-285
224
460
178
-175
-180
34
158
137
19
-102
-153
-55
105
115
-107
-299
-237
23
191
10
-248
-273
-113
8
27
-33
-119
-224
-259
-42
223
110
-285
-430
-51
345
210
-244
-348
47
335
151
-146
-111
131
223
77
5
38
73
40
71
196
130
-111
-180
111
377
138
-353
-372
156
494
148
-407
-432
26
303
81
-250
-316
-181
-39
62
29
-207
-446
-311
118
268
-129
-521
-346
154
311
-80
-412
-215
220
214
-159
-258
29
197
48
-87
73
187
-8
-194
15
345
273
-150
-329
47
414
282
-124
-272
-20
213
187
45
-58
-89
-89
34
137
17
-250
-282
-10
206
21
-364
-365
21
226
-24
-383
-361
2
179
-10
-187
-201
-147
-30
141
164
-79
-382
-250
200
464
160
-334
-383
137
550
332
-204
-355
73
456
379
-10
-229
-51
220
292
146
-71
-153
-25
208
258
-25
-284
-135
192
223
-116
-355
-162
100
96
-78
-164
-106
-67
-137
-120
55
68
-161
-348
-160
176
185
-149
-403
-163
211
193
-108
-220
-44
159
160
48
6
-11
17
98
203
189
-46
-165
62
375
299
-109
-339
-72
410
410
-92
-434
-179
289
369
25
-299
-298
-52
139
169
-25
-338
-393
-79
264
168
-348
-604
-190
325
249
-339
-560
-142
291
174
-228
-341
-66
167
99
-75
-97
-4
5
26
158
146
-29
-172
-14
266
259
-16
-152
-26
166
159
78
47
-3
-80
-36
174
284
15
-310
-230
187
340
-7
-426
-314
123
217
-116
-367
-207
58
73
-106
-208
-215
-135
-21
87
61
-178
-369
-144
303
326
-170
-544
-210
398
487
-34
-420
-195
271
383
149
-72
-112
13
212
353
216
-80
-223
45
402
330
-119
-314
20
395
220
-233
-297
79
286
17
-256
-142
65
-19
-184
-93
104
48
-281
-371
12
333
74
-413
-438
24
324
110
-246
-293
-98
80
115
50
-59
-157
-55
179
274
89
-173
-95
238
348
69
-219
-66
298
373
48
-173
-78
125
212
136
-34
-119
-122
48
209
205
-97
-366
-246
178
355
-22
-506
-437
79
349
10
-473
-435
-28
206
20
-289
-315
-90
99
62
-62
-174
-172
9
171
80
-137
-187
34
276
181
-68
-139
2
165
139
24
55
106
11
-48
49
243
187
-146
-249
74
385
211
-215
-297
54
279
62
-260
-228
17
86
-75
-185
-148
-76
-60
-77
-47
-72
-243
-229
27
194
12
-356
-341
82
380
105
-337
-353
69
332
180
-81
-159
-23
143
211
204
70
-142
-79
267
476
163
-282
-181
323
490
62
-333
-133
318
352
-62
-341
-76
251
172
-136
-194
-20
-12
-127
-75
89
31
-196
-282
-76
160
66
-234
-284
-55
105
31
-88
-121
-122
-107
-3
123
83
-119
-222
41
347
219
-169
-229
163
426
209
-161
-190
124
351
228
-19
-89
-8
65
168
243
38
-271
-275
168
488
172
-430
-516
13
444
221
-361
-542
-144
251
163
-194
-396
-297
-66
106
72
-153
-311
-246
43
196
24
-283
-243
122
226
-42
-220
-42
194
131
-40
23
161
79
-99
-75
224
341
25
-262
-127
302
415
25
-296
-125
252
309
32
-180
-91
68
103
-1
-77
-139
-138
-50
48
16
-186
-318
-121
171
98
-257
-406
-107
217
156
-178
-376
-172
175
249
11
-216
-235
-63
148
298
184
-141
-312
-22
454
457
-55
-374
-93
466
569
45
-364
-122
353
401
50
-163
-75
110
152
76
14
-65
-81
-9
91
44
-134
-259
-104
82
106
-70
-228
-205
-54
69
65
-64
-209
-254
-116
156
223
-95
-409
-279
192
375
10
-361
-219
243
396
64
-212
-85
210
287
116
-4
-16
19
129
247
216
-34
-211
-62
305
399
-26
-428
-234
324
470
-3
-441
-309
117
298
42
-262
-318
-168
31
132
8
-308
-451
-161
238
187
-277
-500
-135
329
209
-286
-431
-13
348
122
-273
-226
148
256
53
-59
84
127
-31
-84
115
315
151
-184
-163
184
363
131
-162
-116
128
222
83
-24
-35
-38
-34
77
133
-61
-279
-194
116
159
-169
-417
-207
190
209
-191
-463
-228
145
181
-63
-261
-221
-71
88
187
101
-198
-378
-86
363
419
-30
-436
-220
351
558
131
-305
-200
227
461
254
-77
-154
66
278
274
82
-127
-130
106
284
154
-191
-279
34
318
144
-258
-364
-65
180
100
-115
-190
-110
-92
-97
23
91
-63
-319
-269
82
290
42
-356
-332
78
281
88
-215
-206
68
237
140
10
-10
47
64
136
180
117
-51
-70
175
373
157
-191
-219
147
424
209
-232
-297
-1
285
230
-19
-252
-239
-50
188
211
-121
-460
-369
129
387
-2
-576
-550
54
439
97
-511
-532
16
390
127
-279
-315
-44
154
133
-39
-117
-65
-2
177
272
77
-163
-175
90
332
231
-39
-166
-23
171
241
167
5
-151
-129
126
339
217
-159
-337
-59
305
231
-202
-374
-99
185
65
-239
-272
-71
70
-46
-152
-114
-111
-158
-103
110
95
-207
-344
-16
348
216
-281
-460
-3
459
331
-156
-376
-52
349
375
118
-127
-153
73
356
412
95
-248
-179
264
529
208
-298
-297
179
450
131
-300
-237
174
266
-50
-255
-111
59
-20
-124
-24
91
-76
-329
-234
155
267
-101
-422
-258
102
245
0
-255
-225
-38
67
98
58
-61
-146
-10
216
261
47
-144
-32
257
312
22
-196
8
323
327
6
-192
-66
168
291
131
-102
-197
-98
153
295
97
-271
-396
-76
354
278
-239
-584
-276
276
329
-185
-576
-358
130
231
-66
-315
-271
-63
87
77
-55
-210
-176
59
219
58
-199
-165
98
317
155
-129
-147
84
255
143
-1
-4
34
38
47
155
218
38
-175
-108
196
323
74
-227
-162
151
206
-54
-240
-154
31
53
-61
-150
-158
-144
-78
21
33
-136
-324
-172
146
194
-125
-406
-198
249
330
-44
-408
-253
223
361
112
-165
-163
8
215
306
204
-79
-223
23
428
470
24
-342
-100
389
462
12
-286
-60
273
236
-81
-192
11
156
34
-97
-34
-4
-149
-183
19
170
-24
-312
-288
42
230
25
-290
-295
-21
144
29
-121
-159
-99
-45
43
125
0
-195
-105
190
292
36
-201
-35
320
342
15
-207
-13
288
269
61
-55
24
62
49
136
175
6
-233
-151
242
406
13
-449
-375
131
425
106
-377
-468
-105
212
153
-173
-426
-329
-15
219
109
-259
-458
-195
266
316
-130
-472
-243
295
369
-77
-373
-137
278
295
67
-75
-49
9
70
154
247
128
-177
-195
166
439
242
-201
-300
37
341
254
-55
-192
-58
103
111
6
-104
-155
-130
-30
43
-37
-207
-239
-40
124
-5
-299
-314
-9
186
42
-215
-278
-66
182
169
-59
-234
-175
39
229
256
28
-249
-192
224
489
233
-251
-262
192
569
354
-180
-322
85
454
314
-70
-226
-38
194
242
78
-142
-215
-16
211
148
-109
-331
-224
107
231
24
-291
-318
-72
100
108
-58
-196
-216
-149
47
188
63
-244
-348
-83
269
233
-133
-288
-29
291
254
-23
-123
52
212
153
60
62
82
54
67
200
210
-10
-154
-24
291
290
-120
-352
-55
392
343
-156
-438
-196
190
260
-11
-282
-312
-150
56
146
-47
-401
-445
-56
308
129
-356
-485
-42
323
119
-299
-325
69
287
58
-218
-157
122
209
72
7
31
19
-24
65
248
230
-56
-232
2
329
299
-6
-155
-64
158
181
75
-16
-17
-66
-39
84
89
-93
-214
-114
57
26
-193
-258
-38
126
-20
-272
-284
-58
92
15
-78
-134
-149
-115
46
197
64
-245
-300
35
382
309
-140
-348
-44
380
409
44
-215
-84
228
392
234
-14
-111
21
177
270
148
-73
-150
49
253
154
-158
-194
66
205
49
-193
-239
-43
64
32
-42
-113
-134
-157
-85
92
104
-134
-356
-210
163
267
-89
-377
-215
164
273
-34
-262
-127
176
237
49
-48
-11
103
180
175
87
-33
-33
114
306
274
-50
-227
-36
303
355
6
-323
-208
180
360
137
-200
-296
-140
109
239
58
-325
-476
-175
309
289
-243
-654
-386
235
377
-116
-522
-316
153
259
-52
-282
-166
47
123
45
-94
-70
39
94
171
140
-33
-113
-30
202
258
63
-110
-52
120
201
125
28
15
-37
-24
117
232
113
-174
-213
66
262
67
-258
-253
10
152
-69
-282
-192
22
50
-104
-154
-106
-108
-129
-59
105
37
-249
-288
78
349
90
-348
-326
135
426
210
-198
-263
25
289
304
130
-43
-115
7
329
424
123
-233
-158
268
464
132
-281
-175
229
328
-8
-266
-70
205
134
-144
-206
-22
47
-90
-118
19
48
-144
-293
-108
169
114
-207
-332
-95
172
122
-141
-231
-94
42
57
35
5
-74
-66
96
217
129
-78
-88
156
335
167
-119
-124
162
362
190
-84
-123
29
145
175
102
-34
-176
-100
185
290
8
-333
-335
89
388
107
-441
-515
-23
333
153
-352
-529
-192
208
187
-149
-360
-248
33
164
42
-170
-241
-76
136
156
-44
-148
-56
163
257
60
-106
-40
87
134
93
96
150
55
-70
-30
189
277
53
-216
-90
220
302
31
-218
-108
141
184
-73
-250
-131
31
68
-80
-198
-184
-104
-7
50
-34
-248
-340
-61
245
169
-217
-441
-141
305
316
-104
-423
-214
230
374
128
-183
-232
29
300
350
115
-192
-194
210
545
335
-215
-346
149
547
325
-217
-350
71
415
232
-179
-275
8
226
105
-101
-145
-123
-103
-21
108
51
-204
-302
-110
165
146
-156
-328
-181
43
123
49
-84
-159
-194
-52
159
195
-63
-273
-66
293
308
-40
-213
29
336
288
-28
-171
47
292
254
52
-41
-14
24
134
222
128
-151
-273
20
406
284
-209
-468
-157
301
303
-124
-430
-333
62
249
21
-303
-394
-216
73
185
-29
-355
-362
4
288
119
-279
-350
0
329
154
-231
-238
78
289
189
-45
-69
6
46
95
178
192
11
-184
-35
279
348
52
-261
-153
210
326
92
-160
-129
38
156
83
-112
-194
-140
-1
64
-6
-199
-283
-131
100
95
-182
-362
-201
114
178
-78
-319
-259
65
270
147
-159
-327
-175
171
372
212
-154
-331
-22
436
433
-10
-354
-114
404
542
125
-264
-152
261
420
128
-143
-112
96
187
99
-5
-67
-43
34
42
-1
-66
-138
-69
-12
-30
-60
-92
-86
-76
-85
-34
17
-46
-161
-212
-63
160
91
-185
-263
-64
189
151
-133
-206
57
263
139
-58
-36
139
191
113
30
66
86
61
132
198
142
-75
-153
124
372
164
-245
-319
92
430
182
-279
-379
-73
220
161
-123
-292
-225
-76
65
36
-171
-381
-273
83
203
-111
-421
-283
147
252
-82
-360
-174
200
219
-105
-233
27
210
101
-39
31
147
41
-96
34
266
229
-79
-208
52
329
241
-19
-159
-55
140
195
127
-9
-100
-98
41
168
50
-220
-275
-29
194
26
-312
-342
-12
205
12
-299
-331
-55
105
27
-74
-169
-206
-67
167
233
-22
-350
-268
176
459
217
-271
-335
108
495
341
-121
-261
64
400
375
78
-143
-59
209
322
169
-83
-142
34
219
180
-69
-221
-24
236
136
-132
-271
-123
113
64
-95
-130
-99
-83
-119
-58
68
37
-189
-315
-101
206
186
-176
-362
-129
189
188
-44
-216
-103
126
223
109
-19
-30
48
165
214
107
-44
-35
136
307
205
-103
-158
75
314
240
-93
-271
-105
211
288
42
-212
-274
-89
159
203
-68
-398
-356
35
271
44
-435
-525
-62
354
125
-380
-463
-82
268
135
-223
-311
-43
172
144
-47
-183
-97
105
211
178
23
-92
-97
97
289
222
-30
-160
14
227
206
65
-18
-28
0
89
185
141
-50
-181
-27
194
170
-146
-318
-107
148
96
-184
-290
-104
59
-6
-122
-178
-152
-109
-62
23
70
-125
-297
-134
213
288
-107
-397
-149
289
383
30
-257
-143
156
298
202
15
-48
10
165
321
238
0
-121
34
277
264
-22
-140
4
187
162
-51
-103
40
67
-85
-109
-2
47
-111
-253
-44
171
45
-270
-337
5
251
40
-312
-343
-10
220
90
-169
-229
-116
23
105
76
-31
-137
-21
174
234
59
-129
-33
248
311
52
-166
-30
281
354
101
-118
-84
80
193
184
13
-125
-130
47
253
170
-132
-326
-181
185
275
-98
-436
-313
88
243
-59
-386
-355
-26
145
-2
-226
-265
-101
71
70
-77
-168
-119
43
174
34
-186
-126
109
275
143
-105
-84
88
171
108
38
74
67
-4
18
148
211
99
-133
-142
151
325
127
-198
-218
68
254
98
-205
-267
-55
105
12
-173
-199
-89
-30
-29
-69
-145
-229
-163
45
140
-52
-330
-254
145
325
57
-335
-339
57
384
268
-86
-285
-69
249
362
190
-89
-220
28
424
486
48
-339
-153
358
532
134
-345
-237
246
410
91
-267
-205
105
227
20
-135
-146
-113
-77
29
111
-8
-235
-255
-41
159
55
-193
-257
-100
58
78
-34
-116
-147
-108
26
117
82
-122
-159
76
296
180
-117
-152
157
350
187
-107
-112
123
273
197
67
6
-22
0
149
233
88
-188
-254
93
425
192
-331
-476
-70
377
270
-226
-479
-267
94
210
-24
-340
-408
-140
154
175
-164
-441
-272
172
301
-51
-406
-273
167
334
6
-287
-137
139
237
107
-32
-12
-7
16
133
236
148
-100
-172
91
368
256
-119
-280
-31
301
292
16
-164
-103
52
120
47
-80
-168
-166
-33
81
1
-220
-282
-65
141
47
-262
-365
-98
162
94
-152
-250
-133
105
167
28
-176
-195
-36
208
285
62
-226
-196
172
442
269
-152
-237
111
462
380
-25
-224
6
310
302
43
-141
-29
142
163
59
-39
-68
8
78
37
-49
-126
-146
-30
31
-2
-76
-131
-123
-99
-60
46
41
-145
-256
-149
119
178
-51
-296
-230
85
262
40
-231
-155
164
266
83
-102
-32
164
215
119
51
22
36
108
216
199
35
-143
-52
244
302
-2
-290
-192
209
383
47
-357
-317
62
260
92
-224
-373
-212
66
177
-39
-364
-411
-98
232
130
-286
-454
-129
265
189
-233
-372
-69
241
185
-118
-192
-10
104
127
105
103
26
-96
-28
227
283
33
-201
-92
247
352
91
-167
-142
110
281
170
-27
-127
-92
56
171
93
-146
-269
-121
154
135
-189
-383
-170
137
122
-162
-336
-202
44
88
-44
-118
-155
-134
-12
144
135
-103
-313
-125
274
360
57
-285
-188
238
435
178
-168
-146
154
389
311
49
-116
-46
160
301
184
-87
-142
47
234
169
-88
-209
18
227
58
-197
-241
-36
99
-26
-136
-73
-42
-97
-164
-48
86
26
-223
-301
-60
196
127
-185
-305
-98
166
151
-60
-177
-41
138
178
76
-18
-15
103
208
182
24
-96
17
278
322
89
-146
-138
129
332
186
-148
-251
-34
242
257
-13
-268
-256
-8
210
157
-170
-400
-271
90
264
-20
-448
-468
-31
286
83
-349
-420
-54
230
100
-166
-219
-79
93
98
14
-62
-54
-16
109
241
155
-70
-170
36
278
252
32
-123
-71
122
245
228
22
-186
-144
151
367
190
-158
-286
-36
275
182
-193
-329
-84
147
60
-234
-278
-70
62
-3
-134
-211
-185
-105
-4
83
13
-220
-268
7
281
155
-263
-376
9
381
291
-72
-260
-79
232
322
169
-38
-107
60
296
354
138
-162
-122
204
400
192
-200
-217
129
347
126
-204
-195
107
178
-6
-150
-143
-52
-35
-45
28
-5
-184
-260
-58
164
109
-211
-330
-116
138
133
-88
-224
-116
24
49
27
-25
-64
-31
64
163
145
5
-52
74
242
197
-3
-74
91
268
226
-7
-68
60
137
132
84
-13
-95
-106
92
259
136
-192
-354
-101
236
178
-223
-425
-169
141
146
-149
-362
-274
-38
73
-38
-189
-191
-105
-2
24
-32
-110
-100
15
117
30
-102
-54
97
184
105
-54
-23
73
112
112
69
53
36
9
57
177
182
15
-141
-34
192
241
32
-184
-123
115
204
-13
-231
-178
-11
71
-48
-194
-176
-70
-12
-16
-86
-200
-220
-87
76
86
-127
-298
-123
186
229
-44
-295
-226
108
325
196
-79
-219
-65
259
387
166
-154
-190
144
491
385
-81
-314
-6
426
411
-34
-284
-54
270
267
-44
-204
-64
152
99
-30
-93
-143
-108
-24
63
52
-127
-277
-168
73
146
-43
-239
-233
-70
80
107
-18
-189
-215
-77
112
188
-12
-227
-116
202
315
86
-172
-78
209
281
101
-81
-1
181
231
135
35
-1
-5
29
154
206
21
-200
-149
165
319
39
-317
-300
44
273
85
-272
-367
-154
110
133
-87
-363
-355
-85
145
104
-173
-408
-239
138
252
-50
-319
-213
135
252
-1
-160
-92
68
196
132
43
3
-81
-11
216
310
91
-208
-174
187
422
232
-188
-294
39
372
281
-78
-227
-81
145
167
-4
-196
-208
-68
60
72
-118
-273
-181
41
104
-100
-313
-246
9
146
54
-179
-299
-108
152
186
18
-237
-248
26
299
289
-26
-278
-135
265
452
173
-204
-195
220
475
284
-101
-212
79
351
267
-15
-159
-2
188
182
42
-143
-142
37
171
119
-111
-322
-191
111
210
-1
-290
-263
-30
107
62
-108
-192
-188
-110
55
148
-10
-242
-248
-1
218
139
-157
-274
35
313
183
-115
-137
117
285
191
-21
-86
59
213
217
120
30
-3
-17
83
221
151
-120
-233
-8
292
256
-113
-347
-171
135
193
-18
-262
-280
-113
93
108
-136
-395
-350
27
240
-10
-352
-354
1
246
53
-249
-200
43
134
-30
-137
22
121
55
14
64
149
52
-106
20
227
226
2
-152
-24
231
265
76
-97
-76
71
156
142
71
-63
-117
6
140
72
-182
-244
-61
132
30
-230
-293
-74
130
46
-216
-303
-158
31
41
-14
-111
-190
-140
51
221
102
-231
-340
-22
399
372
-107
-379
-79
379
415
71
-203
-92
224
373
243
-23
-127
16
232
307
110
-141
-149
113
302
141
-204
-248
67
263
74
-194
-262
-67
79
44
-35
-125
-199
-161
-13
132
46
-219
-325
-115
171
193
-88
-325
-208
114
211
7
-203
-146
133
263
107
-56
-52
99
227
173
62
-27
-3
185
272
134
-36
-74
55
218
195
3
-150
-93
82
211
132
-93
-245
-167
64
190
37
-264
-371
-152
171
182
-198
-499
-324
113
278
-36
-386
-378
-13
243
81
-187
-271
-97
139
193
38
-109
-155
7
253
269
42
-204
-146
196
382
181
-106
-195
9
247
287
103
-124
-183
27
293
302
-21
-273
-194
163
316
27
-313
-282
34
150
-50
-296
-228
19
96
-62
-236
-249
-101
29
47
-19
-170
-258
-78
200
209
-100
-332
-170
235
335
88
-203
-169
127
301
242
38
-81
-4
147
310
268
34
-141
-24
255
349
81
-184
-86
195
241
-3
-184
-62
146
60
-89
-106
-65
-56
-98
-61
69
3
-227
-258
-25
192
79
-266
-349
-84
183
142
-101
-263
-163
23
136
111
-43
-167
-84
153
266
123
-115
-86
183
330
133
-111
-57
184
301
161
-2
-64
-4
135
199
91
-87
-158
-36
205
242
-33
-310
-273
74
288
35
-347
-394
-75
208
102
-244
-435
-237
70
108
-81
-263
-265
-30
141
72
-140
-222
-99
134
181
-27
-169
-56
142
237
110
-54
-46
31
124
156
138
69
-41
-48
118
232
184
-69
-188
0
265
270
-6
-222
-108
115
180
-15
-208
-165
-20
32
-49
-159
-169
-105
-29
10
-88
-224
-233
-66
110
83
-155
-278
-90
191
204
-105
-321
-126
220
318
96
-206
-184
131
383
292
-49
-220
-30
331
460
178
-198
-187
219
443
218
-165
-212
83
296
140
-107
-152
48
144
-12
-102
-90
-101
-66
-49
2
4
-125
-208
-129
29
67
-67
-171
-161
-73
50
74
-29
-172
-192
-59
143
146
-68
-217
-57
262
290
32
-180
-12
258
266
39
-84
18
192
237
136
13
-27
-20
109
254
129
-148
-262
0
339
272
-175
-437
-187
214
277
-90
-389
-300
8
181
28
-249
-404
-220
79
167
-54
-345
-348
-1
270
113
-260
-336
-41
267
200
-154
-229
27
219
229
63
-43
-66
-29
138
298
198
-64
-237
-3
347
350
2
-261
-132
212
338
116
-158
-201
5
185
141
-69
-246
-200
-19
117
17
-207
-294
-129
100
84
-143
-324
-209
17
119
0
-181
-206
-62
105
152
7
-208
-210
29
283
275
-39
-260
-83
263
379
139
-145
-104
192
380
239
-52
-108
63
247
235
51
-103
-32
97
132
86
-40
-79
-33
22
58
-56
-183
-123
-14
48
4
-139
-192
-118
19
66
-28
-169
-215
-134
75
177
-19
-263
-249
46
244
107
-191
-193
81
259
164
-16
-51
93
206
148
70
17
35
125
212
164
43
-46
-23
133
235
54
-175
-155
126
297
70
-216
-228
-38
123
46
-132
-211
-148
-46
46
-10
-223
-355
-195
89
132
-141
-368
-207
130
182
-107
-303
-127
127
180
-38
-196
-35
126
169
88
4
7
-38
2
176
274
108
-93
-128
96
285
215
-34
-150
-46
121
206
120
-39
-123
-61
107
150
-53
-236
-203
18
124
-51
-280
-265
-9
142
-22
-271
-277
-100
47
49
-28
-144
-190
-95
115
207
3
-311
-247
158
415
199
-233
-305
101
446
331
-45
-225
-17
312
405
197
-98
-155
80
312
295
16
-193
-97
195
292
87
-216
-197
106
194
35
-170
-228
-87
41
47
7
-127
-228
-186
20
167
45
-247
-348
-94
225
209
-113
-369
-221
128
257
41
-208
-176
116
268
175
-20
-79
36
195
235
97
-59
-53
159
311
190
-23
-102
19
208
170
-4
-133
-85
86
183
93
-107
-239
-164
84
177
-27
-274
-282
-52
111
15
-270
-366
-131
144
42
-234
-312
-118
113
69
-138
-199
-41
103
66
-84
-89
39
87
99
77
38
13
1
69
181
162
12
-76
1
130
186
152
48
-80
-101
74
247
200
-56
-213
-76
184
216
-83
-321
-199
89
151
-91
-298
-218
-8
84
-39
-200
-260
-130
42
107
-10
-236
-289
-16
274
231
-157
-404
-137
301
400
55
-282
-200
198
394
240
-47
-161
24
293
377
164
-137
-130
161
386
232
-131
-228
76
327
190
-146
-241
22
216
54
-130
-178
-113
9
9
-17
-56
-159
-196
-89
72
85
-122
-264
-169
29
104
4
-148
-147
-78
6
38
52
-1
-76
-39
119
211
94
-27
19
143
185
86
16
50
114
170
121
83
35
0
57
155
98
-45
-144
-18
187
184
-80
-308
-204
122
205
-55
-324
-277
10
132
-37
-299
-318
-109
58
22
-130
-245
-163
-20
72
3
-111
-149
-30
124
92
-75
-113
26
202
203
1
-76
15
125
170
117
32
-24
-10
108
202
174
10
-138
-60
181
254
63
-129
-112
63
151
24
-169
-197
-54
59
11
-122
-189
-154
-75
-14
-36
-134
-182
-149
-60
70
25
-156
-220
-38
153
107
-114
-232
-71
199
278
78
-160
-147
108
330
267
-12
-176
-28
324
446
124
-204
-115
226
395
179
-152
-175
86
238
129
-75
-145
-6
104
33
-39
-142
-193
-86
39
120
-3
-270
-295
-68
158
132
-152
-294
-202
10
135
65
-115
-210
-131
43
172
46
-158
-152
98
284
161
-64
-97
104
248
191
17
-28
85
199
200
86
4
20
30
120
194
60
-140
-165
79
258
130
-156
-272
-119
107
119
-83
-254
-207
-42
56
-36
-232
-300
-168
41
81
-103
-293
-248
36
170
5
-214
-178
47
164
26
-143
-67
107
157
117
33
6
9
7
131
219
142
-69
-138
66
281
247
6
-172
-105
164
267
127
-91
-180
-59
110
141
-28
-216
-227
-31
126
-4
-235
-289
-89
108
37
-209
-304
-148
43
104
-19
-201
-202
-32
126
141
-51
-217
-146
121
302
169
-141
-218
60
370
308
-6
-177
8
324
362
84
-136
-26
224
279
120
-80
-64
75
140
93
16
-50
-22
2
-9
-4
-85
-102
-46
-42
-31
-47
-105
-142
-99
-8
58
-32
-191
-232
-78
143
130
-116
-281
-170
115
225
2
-202
-91
160
213
59
-42
22
139
187
133
33
3
82
179
194
99
-19
-42
53
207
199
-22
-198
-107
171
239
7
-209
-215
-23
139
69
-150
-269
-186
0
66
-61
-276
-334
-123
120
84
-176
-332
-184
90
124
-94
-182
-79
64
58
-59
-39
67
40
29
99
130
75
-77
-36
164
255
86
-107
-73
162
269
117
-61
-113
28
173
186
58
-88
-111
34
162
60
-185
-244
-48
127
35
-214
-285
-95
76
38
-195
-263
-101
8
-18
-63
-82
-112
-74
5
58
52
-61
-174
-90
138
261
121
-101
-97
102
230
161
31
-2
88
206
223
127
10
8
98
192
156
-11
-76
50
218
142
-97
-217
-22
213
163
-115
-332
-187
95
134
-25
-162
-215
-140
-5
90
27
-159
-272
-148
93
194
-45
-275
-241
10
180
108
-92
-184
-31
163
212
82
-54
-24
125
210
171
12
-63
53
236
253
84
-66
-73
96
241
158
-51
-164
-75
117
185
76
-129
-248
-120
122
167
-80
-324
-297
-30
174
33
-294
-405
-163
118
129
-99
-299
-252
-7
111
46
-116
-176
-68
91
114
43
-68
-95
104
240
139
-36
-128
52
244
212
17
-112
-4
183
203
103
-17
-73
8
159
214
64
-127
-160
42
215
75
-222
-262
-40
111
22
-180
-233
-100
6
0
-91
-202
-173
-98
-26
23
-20
-173
-170
-5
162
97
-150
-219
-25
181
217
76
-76
-90
53
201
233
125
-23
-58
114
325
287
17
-146
6
250
278
41
-114
-26
129
130
2
-90
-1
42
-34
-48
-71
-87
-107
-66
40
24
-154
-270
-117
127
130
-107
-311
-246
45
204
59
-172
-253
-132
67
165
77
-120
-160
50
248
215
11
-109
47
242
219
28
-66
71
236
188
62
16
16
55
116
126
21
-94
-77
87
188
75
-136
-238
-76
123
77
-131
-258
-172
-14
34
-78
-253
-262
-114
25
12
-89
-218
-181
-18
65
-26
-111
-93
-12
70
24
-60
-33
88
206
109
-60
-67
70
164
158
99
-2
-26
29
134
186
123
-28
-112
-6
211
230
11
-177
-107
137
181
-46
-261
-164
38
62
-79
-196
-176
-76
-18
-15
-132
-222
-160
-20
29
-40
-142
-165
-55
65
53
-41
-104
-66
35
111
111
59
-28
-28
97
214
163
19
-29
107
302
281
31
-143
16
273
297
61
-153
-65
163
219
56
-128
-119
42
93
45
-43
-194
-212
-44
143
120
-143
-340
-234
71
225
39
-272
-329
-110
158
169
-33
-248
-248
-41
197
187
-90
-244
-57
250
279
24
-142
-21
235
273
74
-79
-6
170
255
144
50
-15
-17
97
175
145
-31
-145
-84
134
218
29
-202
-215
-16
90
17
-111
-190
-149
-73
-28
-74
-181
-257
-145
32
37
-125
-286
-197
65
148
-15
-197
-169
28
142
39
-86
-50
69
152
119
56
11
-48
37
223
223
4
-168
-36
233
329
114
-180
-190
104
296
197
-59
-175
-91
97
176
39
-167
-229
-116
54
66
-96
-274
-215
10
109
-40
-264
-260
-76
36
31
-71
-152
-109
-11
75
82
-62
-174
-96
146
280
148
-118
-138
93
296
274
10
-131
36
284
309
129
-36
-14
114
221
164
-3
-86
-4
137
154
11
-119
-73
50
88
-37
-216
-170
35
86
7
-191
-232
-105
39
68
-36
-183
-216
-99
76
117
-42
-228
-218
5
182
104
-124
-211
27
261
203
-23
-93
79
224
170
59
-3
51
140
180
139
26
10
36
81
152
87
-64
-111
10
127
112
-16
-111
-142
-111
19
85
-18
-217
-282
-103
81
32
-224
-352
-178
40
83
-81
-250
-201
-4
60
0
-98
-101
-15
31
18
15
41
17
70
128
99
23
-66
34
217
207
17
-132
-19
215
263
89
-74
-93
42
188
176
27
-112
-114
48
166
28
-187
-221
-66
96
18
-224
-251
-45
81
-33
-217
-206
-58
-12
-98
-115
-48
-1
-33
-76
-24
52
-4
-91
-71
68
181
130
-6
-56
47
174
190
83
6
47
167
261
192
26
-71
19
236
257
40
-149
-54
139
209
25
-158
-124
81
108
-52
-194
-156
-20
37
16
-120
-214
-156
19
131
16
-244
-308
-91
180
164
-118
-314
-182
86
188
54
-145
-156
36
217
185
41
-70
-13
175
241
121
-18
-14
125
236
160
12
-4
57
136
129
29
-55
-58
-1
86
133
63
-91
-234
-137
96
133
-84
-299
-270
-7
143
-61
-310
-325
-74
112
46
-172
-295
-146
58
85
-54
-152
-115
37
128
44
-65
-79
36
227
178
-5
-110
-27
188
260
97
-80
-90
61
224
205
66
-86
-77
52
188
158
5
-142
-75
116
165
-47
-245
-178
18
98
-66
-265
-199
-27
51
-48
-173
-191
-125
-79
-34
4
-53
-150
-119
9
117
35
-113
-144
2
138
156
81
-11
-57
35
166
245
135
-61
-45
172
361
236
-57
-121
96
304
217
-78
-131
40
178
128
-15
-69
-28
-1
26
-16
-122
-154
-106
-6
74
-47
-205
-177
-8
107
-3
-216
-229
-61
83
75
-56
-160
-155
-58
99
128
-31
-133
-32
162
213
81
-81
-26
190
272
101
-65
-15
167
261
150
13
1
26
71
138
101
16
-89
-92
98
184
38
-191
-242
-14
164
37
-220
-264
-126
28
27
-141
-289
-250
-72
76
20
-167
-275
-174
70
151
-11
-221
-200
32
183
86
-100
-103
53
221
167
-39
-66
51
149
172
84
-29
-40
60
170
189
73
-94
-101
103
244
132
-90
-138
32
137
48
-124
-167
-70
29
-25
-127
-153
-113
-50
-47
-97
-153
-164
-86
-3
-30
-87
-127
-133
-12
103
71
-70
-168
-83
69
197
148
-19
-90
28
180
227
113
-36
-32
179
317
219
-15
-91
80
268
244
57
-120
-74
100
176
130
-32
-147
-59
59
84
-25
-205
-196
-27
120
91
-162
-342
-186
123
205
-41
-300
-302
-60
187
183
-117
-319
-232
60
249
96
-187
-210
78
288
183
-47
-122
61
253
217
42
-48
64
184
174
101
77
37
15
53
109
121
-12
-126
-96
129
228
52
-224
-279
-38
157
40
-162
-258
-195
-33
42
-49
-231
-297
-147
78
78
-166
-322
-168
111
140
-60
-227
-146
83
173
31
-98
-61
85
188
132
-5
-31
19
135
196
122
-15
-76
36
214
212
63
-92
-86
80
222
146
-26
-97
-56
59
93
-6
-146
-158
-97
-4
-21
-129
-168
-97
-4
-18
-155
-244
-129
13
27
-80
-156
-102
-24
46
78
18
-128
-162
-31
202
267
46
-173
-79
193
302
147
-52
-43
163
299
220
13
-73
38
210
255
93
-99
-118
50
200
166
-21
-168
-93
29
88
-40
-192
-153
-2
70
-9
-185
-202
-77
53
62
-75
-247
-230
-51
137
118
-114
-263
-157
92
169
28
-173
-137
150
252
91
-85
-29
154
248
138
-7
1
89
162
167
120
56
24
28
109
153
51
-79
-106
11
145
130
-17
-173
-192
-40
108
56
-139
-260
-203
3
100
-96
-333
-320
-43
150
57
-216
-334
-125
118
137
-35
-148
-158
-34
99
109
40
-67
-3
146
193
77
-94
-92
169
302
161
-118
-157
75
286
237
7
-151
-82
148
270
143
-110
-243
-35
225
206
-115
-327
-169
109
134
-112
-351
-227
51
133
-82
-306
-244
-35
51
-11
-97
-160
-124
6
87
82
-49
-192
-115
126
260
109
-125
-129
97
249
216
40
-50
23
178
272
185
25
-27
58
187
192
75
-79
-47
129
184
34
-142
-101
78
127
-6
-190
-229
-17
117
42
-104
-217
-205
-52
106
67
-100
-251
-206
1
143
77
-151
-230
-109
81
136
8
-114
-107
66
171
150
62
-1
18
127
188
143
26
11
116
201
148
55
10
12
54
115
99
19
-91
-86
83
198
65
-203
-293
-87
176
136
-159
-346
-223
50
133
-118
-335
-258
-32
75
-17
-198
-250
-119
69
108
-25
-165
-189
0
158
81
-43
-74
37
181
142
26
-67
7
181
201
61
-60
-23
106
175
127
14
-44
-13
78
168
131
-28
-118
-31
132
81
-130
-214
-103
43
20
-124
-193
-115
-1
-23
-137
-176
-120
-71
-100
-68
8
-10
-110
-105
-19
76
52
-71
-100
0
118
158
62
-12
11
73
154
173
103
13
55
216
263
111
-68
-32
155
270
135
-73
-89
58
149
121
-28
-96
-19
25
10
-55
-141
-124
-48
14
36
-89
-211
-165
3
88
-14
-182
-234
-91
105
112
-77
-205
-162
3
120
80
-61
-109
28
156
148
41
-3
54
153
147
64
32
84
174
149
45
50
88
49
19
54
72
16
-50
-30
86
130
6
-195
-217
-10
98
-9
-160
-183
-118
-48
-60
-132
-179
-158
-99
-32
-21
-132
-211
-104
52
58
-78
-176
-64
89
98
-15
-90
-1
158
176
37
-54
9
111
156
128
41
-9
2
109
186
151
25
-98
-61
138
252
120
-120
-160
32
191
82
-162
-239
-86
71
19
-125
-215
-160
-36
18
-34
-180
-215
-126
-13
41
-49
-175
-135
21
97
43
-67
-129
-60
87
164
129
-11
-94
2
175
265
158
-46
-48
134
293
251
28
-80
27
195
222
71
-77
-47
63
137
107
-37
-112
-35
62
70
-99
-219
-130
6
105
-4
-216
-246
-75
98
67
-76
-190
-213
-96
83
132
-39
-233
-249
-2
224
154
-120
-210
24
228
188
12
-48
68
182
166
58
13
90
166
144
88
93
27
-15
85
157
61
-88
-111
47
171
120
-88
-220
-145
35
80
-43
-176
-192
-109
-19
-3
-112
-247
-249
-95
80
38
-192
-285
-98
114
105
-91
-171
-101
59
115
33
-40
-34
93
171
102
26
-29
-1
130
215
125
-43
-81
49
230
227
52
-133
-98
94
212
136
-28
-120
-41
80
78
-65
-163
-147
-38
22
-60
-187
-166
-64
11
-62
-201
-208
-79
-2
-54
-86
-75
-44
-25
-28
25
28
-53
-91
-6
156
176
42
-92
-6
180
239
113
-19
33
160
201
167
72
54
64
119
134
68
7
-9
58
102
51
-88
-71
55
67
-24
-154
-180
-36
37
21
-86
-174
-147
-60
25
30
-79
-173
-184
-56
92
91
-86
-210
-155
44
133
24
-95
-39
121
140
59
17
81
127
104
66
80
110
118
107
95
113
113
20
4
94
131
33
-72
-59
57
131
65
-72
-180
-125
2
36
-36
-151
-199
-110
-14
-32
-151
-229
-178
-64
-3
-43
-169
-181
-61
19
-7
-63
-67
-14
14
-16
-33
18
89
146
74
-6
-19
37
122
170
139
14
-60
27
144
158
94
8
-37
15
106
146
108
-32
-111
-24
91
86
-91
-206
-129
13
16
-114
-201
-112
12
-33
-178
-217
-84
-6
-53
-128
-78
-28
-28
-38
-21
35
8
-79
-61
47
142
138
36
-38
28
124
186
148
53
16
88
198
246
132
-58
-58
165
301
130
-93
-131
48
244
126
-113
-169
-15
112
56
-143
-234
-96
55
70
-26
-200
-227
-86
75
87
-109
-243
-192
19
151
40
-194
-252
-63
166
155
-79
-205
-35
168
203
92
-20
-37
98
222
175
15
-24
106
222
159
34
-5
66
112
85
1
-42
41
79
15
-25
5
-8
-98
-119
-38
13
-37
-153
-175
-90
-11
-50
-173
-234
-157
-29
2
-81
-195
-187
-55
63
58
-58
-169
-117
67
151
50
-101
-69
126
227
115
-46
-93
59
247
190
-4
-75
5
136
209
152
2
-117
-61
148
268
123
-145
-216
28
207
87
-154
-224
-87
34
-3
-133
-175
-94
-18
-64
-112
-145
-127
-105
-60
-2
11
-96
-146
-77
64
117
-6
-126
-107
25
187
224
66
-96
-86
99
267
241
29
-99
23
292
338
95
-122
-47
205
279
97
-108
-91
74
159
99
-49
-105
-57
12
51
-55
-165
-138
-35
65
9
-195
-250
-59
113
84
-151
-260
-165
52
131
-3
-161
-192
-80
65
126
8
-131
-77
140
208
88
-35
3
140
202
117
-4
17
159
209
105
-19
25
145
123
37
-18
24
54
15
-10
27
40
-20
-127
-116
-37
16
-42
-113
-124
-112
-100
-93
-110
-128
-162
-147
-60
-1
-71
-192
-127
-13
54
6
-103
-115
-14
83
91
47
-20
9
91
140
85
-29
-29
124
219
131
-54
-111
79
262
240
-5
-184
-73
179
283
101
-159
-195
40
203
64
-186
-224
-78
55
16
-141
-214
-152
-19
19
-83
-208
-173
-55
-4
-30
-111
-133
-23
46
62
-16
-112
-134
-10
169
212
53
-140
-91
141
319
231
-28
-158
32
332
373
107
-133
-88
129
295
241
12
-166
-81
108
221
106
-92
-135
-28
83
50
-135
-224
-88
75
81
-75
-250
-211
-6
114
48
-145
-248
-172
27
165
62
-191
-286
-86
181
208
-46
-257
-93
240
307
78
-165
-50
236
284
95
-69
0
187
235
95
-8
50
127
81
35
18
34
24
21
42
43
-17
-99
-114
-48
19
-23
-104
-138
-147
-112
-71
-56
-91
-183
-209
-97
21
-6
-164
-251
-85
90
63
-75
-155
-96
53
110
40
-34
-28
103
176
81
-39
-62
74
254
196
-18
-152
-36
223
296
101
-133
-127
64
252
197
-30
-168
-66
112
122
-33
-176
-171
-41
33
-25
-179
-200
-67
34
-33
-204
-237
-95
11
-24
-128
-158
-22
75
-10
-54
5
10
-59
-77
40
195
159
-6
-91
31
194
218
105
17
36
144
230
207
75
-30
-10
146
251
137
-78
-134
26
205
155
-58
-172
-60
79
50
-128
-187
-81
45
33
-107
-201
-136
-6
41
-25
-116
-179
-134
12
100
-2
-173
-199
-40
99
91
-55
-119
4
141
148
70
14
53
112
132
88
84
75
92
119
93
93
106
62
28
32
39
39
41
26
-8
-11
10
1
-85
-162
-85
10
21
-96
-214
-187
-64
-8
-78
-210
-207
-81
34
-20
-201
-238
-85
81
99
-35
-153
-118
30
99
82
-17
-26
85
162
102
18
-28
48
162
168
43
-42
14
119
161
119
19
-60
8
134
165
51
-84
-106
50
115
-2
-180
-174
-6
67
-76
-232
-174
17
73
-85
-257
-202
-24
25
-92
-159
-88
-4
29
-13
-28
-8
-44
-59
15
89
116
66
28
33
70
120
131
110
81
81
97
195
206
57
-65
27
226
264
34
-166
-118
129
270
118
-154
-194
-30
96
68
-108
-234
-142
15
92
-7
-233
-257
-49
152
72
-178
-301
-141
106
151
-46
-251
-220
38
188
70
-145
-147
65
227
140
1
-39
69
196
183
41
-50
52
230
229
41
-17
68
142
91
-10
-9
66
87
-6
-67
24
85
-32
-194
-134
56
61
-84
-210
-189
-59
15
-72
-226
-237
-117
0
15
-95
-202
-178
-19
92
26
-103
-156
-59
106
120
6
-84
23
174
141
31
-38
-35
129
245
153
-25
-111
10
186
240
130
-75
-158
-1
237
266
25
-216
-165
125
241
16
-253
-272
-35
116
9
-192
-251
-112
52
13
-146
-245
-161
-47
15
12
-88
-160
-99
32
97
52
-57
-141
-72
106
224
152
-13
-104
-34
191
305
161
-58
-76
156
324
244
-8
-151
15
292
314
30
-188
-94
128
213
68
-119
-126
-5
80
-4
-172
-177
-38
76
15
-150
-256
-122
76
104
-72
-234
-199
-20
118
44
-117
-195
-125
27
137
59
-118
-139
70
242
173
-12
-82
58
237
192
25
-54
61
232
227
42
-42
56
154
123
34
-26
1
17
29
50
52
-19
-149
-165
1
108
-15
-190
-207
-93
3
-37
-163
-214
-177
-81
-19
-10
-87
-197
-200
-58
102
75
-91
-181
-103
76
144
27
-97
13
166
158
53
-44
-45
104
207
140
2
-86
-15
168
270
155
-86
-185
5
257
231
-36
-176
-70
124
155
-34
-216
-172
-44
28
-46
-151
-183
-86
3
-24
-167
-217
-115
-3
-2
-106
-141
-50
69
30
-43
-74
-57
0
26
88
119
80
8
-14
47
168
207
88
-13
71
202
235
143
15
-25
69
208
195
25
-84
-34
100
190
97
-108
-178
-48
126
57
-172
-203
-73
51
60
-114
-230
-135
19
75
-28
-171
-220
-138
64
151
-12
-238
-243
13
214
106
-135
-174
51
235
155
-13
-43
78
202
177
56
-3
77
150
130
55
79
137
87
-3
-20
43
101
59
-68
-77
39
81
-12
-153
-156
-50
40
8
-142
-251
-165
-1
29
-110
-286
-254
-22
126
-28
-259
-251
-36
149
75
-131
-232
-70
146
161
-12
-129
-11
193
219
44
-76
-43
116
254
187
-46
-148
30
244
224
42
-73
-64
76
169
114
-1
-57
-35
38
54
-36
-94
-104
-83
-46
-71
-106
-106
-79
-68
-116
-141
-91
-32
-94
-179
-112
43
89
-47
-182
-85
106
124
-58
-160
-1
234
229
5
-141
-38
192
278
168
-33
-53
132
297
258
45
-132
-21
241
309
78
-171
-168
78
301
169
-148
-267
-81
161
124
-131
-240
-127
39
70
-90
-207
-167
-27
82
23
-158
-258
-139
69
121
-16
-199
-187
-5
142
72
-124
-121
78
192
124
4
5
113
169
114
36
31
105
164
133
52
53
114
122
70
-9
-21
41
49
11
7
22
-11
-75
-96
-59
0
-17
-107
-175
-152
-42
13
-110
-225
-216
-127
16
21
-115
-230
-142
26
45
-31
-87
-104
-13
93
72
-30
-36
82
200
131
-17
-86
2
220
261
73
-120
-93
109
262
202
18
-126
-55
125
207
124
-42
-132
-57
123
118
-92
-211
-145
11
36
-94
-217
-136
8
-16
-152
-224
-102
3
-65
-150
-120
-33
33
-28
-76
-29
30
-4
-62
-69
82
196
103
-47
-23
102
194
157
68
13
76
195
245
117
-38
-53
122
305
215
-75
-195
-40
204
237
32
-194
-182
64
165
-39
-229
-205
-23
97
38
-165
-257
-96
85
103
-81
-275
-241
13
180
72
-193
-278
-74
141
134
-50
-161
-47
125
189
102
-7
-4
105
181
119
35
55
115
155
125
40
63
157
130
33
-47
10
113
80
-35
-77
-7
61
-18
-131
-97
-30
-28
-92
-147
-99
-49
-82
-153
-199
-155
-70
-27
-42
-131
-190
-132
27
80
-8
-141
-168
-21
136
116
-19
-92
42
191
132
7
-43
57
147
110
40
28
60
85
92
115
90
-4
-56
46
146
132
-33
-127
-15
114
90
-89
-177
-119
-36
-4
-71
-148
-140
-85
-63
-69
-97
-124
-133
-133
-72
12
0
-67
-83
-43
50
34
-37
-73
-5
102
137
92
18
3
56
157
210
109
-12
45
185
265
175
-14
-78
91
244
190
-15
-103
13
148
135
-5
-129
-87
33
90
-44
-200
-166
19
63
-31
-195
-198
-25
60
-10
-135
-161
-89
-5
1
-32
-69
-86
-78
-46
11
35
8
2
62
47
59
99
94
96
78
41
61
104
161
143
30
-8
119
209
120
-38
-85
28
133
80
-14
-63
-26
-12
-55
-43
-23
-46
-113
-127
-65
-38
-109
-177
-193
-105
-52
-60
-94
-123
-171
-156
-39
45
4
-106
-125
-16
68
43
-25
-63
32
173
165
28
-44
-8
93
177
131
27
-30
4
106
211
183
-9
-128
-41
150
213
94
-88
-134
27
169
77
-145
-231
-118
20
34
-86
-160
-149
-64
-12
-75
-174
-152
-67
-38
-50
-102
-103
4
30
-14
-56
-51
-26
22
50
82
75
40
32
62
105
125
113
62
54
143
190
153
91
32
37
134
196
115
-11
-79
-3
116
145
16
-113
-88
22
79
-43
-188
-182
-45
84
47
-160
-239
-99
80
71
-107
-249
-185
-11
103
79
-84
-233
-168
39
165
43
-126
-87
113
195
108
-10
10
101
160
120
44
30
97
157
119
90
94
82
55
32
31
39
39
7
0
32
28
-40
-105
-111
-23
36
-15
-151
-185
-146
-55
2
-100
-197
-219
-116
24
15
-151
-222
-95
58
59
-71
-133
-91
12
108
73
-47
-35
98
163
99
1
-16
70
149
149
35
-59
25
144
188
112
-29
-60
42
127
128
57
-36
-61
1
83
43
-73
-151
-120
-33
-8
-83
-160
-144
-43
-36
-111
-163
-110
-41
-92
-146
-98
10
55
-31
-136
-78
57
50
-34
-29
74
112
51
8
64
159
143
49
23
97
191
165
121
69
29
57
140
193
116
-47
-84
15
144
149
-35
-158
-73
108
96
-128
-258
-128
79
125
-67
-246
-209
-1
104
-4
-161
-218
-118
47
108
-28
-188
-171
-16
115
60
-79
-132
13
170
152
26
-23
63
179
152
46
26
92
146
140
92
55
127
132
69
-26
-45
65
125
47
-42
-54
-5
53
-13
-109
-127
-62
-20
-27
-114
-152
-123
-77
-111
-152
-157
-103
-39
-36
-138
-175
-99
12
33
-34
-76
-84
-16
74
70
6
-43
41
165
112
-10
-32
65
196
170
-28
-97
28
211
207
55
-65
-62
57
147
159
59
-55
-76
-2
96
33
-117
-160
-82
3
-51
-145
-172
-56
9
-76
-207
-182
-64
8
-76
-142
-113
-35
7
-9
-12
-10
-46
-69
-29
80
160
107
0
-32
59
153
153
108
78
87
102
151
203
136
-12
-25
140
262
154
-76
-124
7
170
169
-7
-174
-109
80
89
-102
-197
-129
21
90
-34
-215
-219
-31
126
25
-188
-275
-118
113
140
-57
-227
-186
-8
126
99
-66
-145
-33
166
199
60
-47
-2
156
229
111
-36
-18
134
237
166
38
27
67
92
57
16
31
28
-11
-37
25
99
9
-165
-185
-61
57
13
-113
-220
-177
-54
-26
-86
-173
-198
-149
-20
28
-104
-220
-182
-5
127
67
-140
-211
-30
159
161
-1
-135
-2
189
195
94
-38
-40
96
191
123
-7
-48
32
184
210
79
-69
-102
71
226
151
-49
-145
-41
78
63
-60
-120
-109
-59
-52
-86
-105
-64
-62
-115
-159
-124
-51
-51
-97
-125
-79
-16
14
-15
-35
-43
-11
38
38
-19
12
79
141
95
-6
-26
130
249
166
23
-6
147
274
187
-24
-82
97
258
174
-31
-114
-31
111
149
41
-106
-94
-3
-2
-74
-108
-74
-5
-35
-126
-149
-84
20
23
-102
-189
-129
-4
59
-32
-155
-134
-43
4
25
-11
-60
-35
52
115
91
16
31
100
189
124
-13
-18
120
237
191
-6
-58
105
251
154
-57
-135
7
157
118
-30
-84
-25
28
-22
-100
-99
-67
-62
-56
-70
-132
-158
-120
-85
-90
-129
-143
-69
-30
-111
-167
-84
14
31
-43
-99
-60
45
71
-31
-62
96
206
116
-43
-46
68
164
186
78
-65
-50
76
208
215
50
-115
-86
115
250
146
-87
-170
-20
178
158
-85
-247
-192
18
115
-31
-244
-225
-64
69
11
-188
-278
-120
44
-17
-145
-150
-33
62
11
-94
-99
20
85
20
-25
4
86
141
85
10
3
98
211
195
55
-34
91
273
230
3
-114
60
272
205
-27
-152
-51
167
228
-3
-204
-142
53
135
-49
-251
-158
20
81
-16
-200
-219
-40
60
7
-125
-172
-107
-1
50
-11
-111
-159
-74
87
108
-32
-127
-7
157
161
39
4
79
144
140
78
8
56
181
195
79
43
86
108
90
-7
-25
53
74
45
-2
-11
-34
-61
-56
-14
-18
-85
-145
-66
-27
-106
-159
-125
-96
-93
-139
-132
-76
-38
-102
-165
-109
14
33
-17
-93
-94
-2
97
56
-48
20
113
133
60
-40
-13
132
202
131
-30
-63
49
147
177
96
-49
-70
36
181
159
19
-102
-93
47
116
6
-128
-165
-84
-7
-33
-150
-156
-57
8
-96
-216
-189
-1
37
-133
-229
-107
119
121
-103
-198
-75
112
127
-37
-100
22
142
158
72
8
21
68
183
232
104
-20
1
187
280
130
-40
-27
140
214
85
-84
-91
71
182
64
-92
-121
-23
20
-45
-99
-79
-65
-70
-63
-70
-62
-68
-70
-32
-47
-121
-146
-57
40
8
-88
-125
-61
58
48
-51
-63
79
156
68
-13
18
119
171
117
53
22
74
167
175
71
22
95
165
62
-43
-45
66
126
35
-98
-81
63
84
-54
-204
-155
4
41
-63
-217
-189
-47
-2
-111
-244
-235
-56
68
-8
-211
-271
-84
111
95
-61
-191
-139
52
165
60
-50
-38
80
167
111
-13
-15
72
152
118
24
13
54
93
136
109
42
-6
2
75
117
74
-13
-71
2
89
16
-130
-153
-67
7
-41
-144
-157
-85
-12
-64
-154
-163
-70
-56
-91
-85
-50
-20
-41
-70
-17
25
-1
-53
-27
90
152
60
-18
46
120
127
85
75
85
116
139
154
156
101
-12
1
151
256
125
-94
-131
41
221
146
-86
-186
-58
105
68
-130
-223
-123
44
97
-29
-258
-253
-9
154
54
-188
-287
-158
109
173
-27
-259
-221
7
168
106
-102
-163
-11
169
202
87
-33
19
159
189
74
-40
16
203
250
87
-16
85
160
102
-64
-90
74
177
46
-99
-88
29
59
-47
-155
-140
-39
6
-31
-118
-178
-163
-96
-37
-72
-204
-215
-58
52
-56
-216
-205
14
167
62
-155
-227
-1
213
141
-64
-113
86
207
139
5
-51
53
190
142
12
-41
32
136
181
120
-5
-79
17
173
170
22
-98
-56
55
53
-39
-105
-93
-73
-80
-103
-95
-48
-35
-119
-181
-162
-27
22
-121
-233
-167
0
119
33
-117
-141
-39
78
78
-22
-62
18
151
173
51
-57
7
176
256
156
-26
-43
145
328
216
-39
-124
60
268
234
-11
-179
-67
167
227
16
-218
-154
37
87
-62
-189
-105
8
9
-90
-180
-119
20
33
-94
-170
-150
-59
33
38
-37
-109
-118
-41
35
44
-10
-38
27
122
111
43
22
52
144
163
67
13
112
217
139
0
14
142
212
69
-90
-85
90
154
39
-74
-68
22
20
-47
-89
-90
-83
-89
-78
-33
-86
-180
-192
-89
-61
-129
-125
-63
-69
-130
-144
-34
50
15
-105
-130
-11
93
76
-45
-85
77
230
131
-54
-56
58
188
196
34
-81
-36
118
200
169
17
-99
-30
135
225
103
-85
-151
-17
155
116
-98
-198
-124
-1
21
-82
-188
-166
-61
-13
-50
-153
-202
-77
9
-74
-154
-135
-7
88
9
-97
-92
30
47
20
4
63
114
82
36
14
85
159
155
107
55
90
160
199
106
-26
3
170
255
105
-79
-114
44
196
117
-92
-166
-33
80
8
-148
-160
-33
38
-25
-133
-172
-88
22
17
-90
-144
-139
-64
39
55
-54
-160
-151
-23
121
59
-83
-93
66
172
114
-12
10
118
175
120
11
22
136
210
123
12
32
118
150
94
-29
-41
23
87
57
-11
-43
-44
-55
-13
-16
-89
-143
-94
-13
-46
-165
-192
-106
-42
-96
-201
-154
-36
-43
-132
-153
-59
28
6
-50
-100
-44
33
69
3
-15
93
128
72
-26
-17
105
204
137
-4
-75
28
156
208
97
-41
-54
84
158
96
-3
-32
31
57
47
-43
-102
-67
-35
-51
-110
-162
-107
6
12
-105
-211
-210
-50
77
-47
-256
-199
24
154
34
-188
-170
60
152
6
-109
-7
144
148
59
-9
16
118
163
155
97
49
52
146
238
134
-33
-33
140
266
128
-93
-148
37
236
173
-99
-226
-90
119
79
-120
-212
-127
30
62
-81
-213
-147
19
77
-42
-196
-208
-93
104
113
-99
-226
-135
59
98
-14
-118
-25
130
158
35
-27
75
161
143
49
4
74
165
216
103
-10
28
143
175
54
-91
-54
80
147
56
-72
-93
9
55
-34
-127
-156
-80
28
-19
-154
-182
-124
-54
-81
-165
-182
-87
17
-27
-157
-215
-87
78
87
-59
-164
-113
91
150
12
-92
24
176
194
25
-105
0
202
252
44
-140
-52
157
244
171
-20
-113
-27
149
220
97
-74
-150
-31
143
129
-69
-224
-146
-3
39
-74
-166
-148
-65
-40
-111
-158
-104
-38
-101
-153
-90
3
50
-9
-106
-99
20
68
10
-49
-2
78
116
130
71
-15
-14
116
241
208
48
-27
93
237
178
11
-34
103
209
127
-51
-105
37
178
120
-68
-150
-72
23
5
-102
-97
-89
-17
1
-97
-161
-81
-12
-22
-63
-103
-106
-84
-36
23
-27
-125
-107
6
55
1
-74
-22
102
124
77
26
42
121
155
102
50
59
129
199
122
-13
32
187
187
12
-137
-43
164
181
-21
-151
-56
88
68
-92
-192
-118
3
32
-50
-197
-210
-90
-10
-58
-212
-258
-115
84
50
-176
-307
-120
129
173
-56
-240
-138
98
184
10
-97
27
162
153
2
-19
48
120
126
39
5
76
118
81
86
90
11
-29
26
119
142
48
-72
-72
24
50
-30
-96
-110
-65
-88
-115
-95
-40
-28
-111
-204
-174
-22
18
-104
-201
-171
21
135
25
-140
-149
-12
95
77
2
-30
18
97
137
101
24
27
114
179
148
90
75
126
164
105
23
59
140
189
74
-59
-63
49
142
85
-79
-140
-20
71
-26
-158
-140
22
39
-90
-194
-145
25
71
-71
-173
-148
-57
9
13
-54
-97
-99
-46
23
14
-52
-44
55
123
44
5
63
124
165
100
8
14
120
215
189
22
-54
100
238
164
-53
-138
33
204
100
-115
-137
39
142
19
-185
-201
-96
37
35
-88
-201
-229
-139
13
-17
-187
-288
-116
64
12
-194
-255
-63
132
110
-76
-223
-122
115
200
60
-104
-43
132
179
71
4
8
103
162
89
-14
-15
68
139
138
98
-13
-26
81
132
84
-15
-50
-2
57
-11
-85
-77
-47
-54
-100
-155
-97
-31
-34
-112
-164
-139
-44
-19
-116
-211
-155
61
145
3
-173
-130
37
128
41
-73
-43
111
199
116
-28
-47
114
241
203
52
-31
64
237
291
113
-118
-82
181
316
125
-130
-157
38
221
154
-113
-218
-27
75
3
-155
-168
-5
43
-47
-174
-200
-40
45
-13
-83
-148
-145
-70
49
42
-75
-161
-121
5
83
30
-56
-39
48
112
87
68
93
102
74
55
84
131
166
126
25
7
142
197
105
-44
-93
59
167
82
-94
-128
37
130
6
-167
-208
-71
52
26
-103
-215
-211
-88
1
-58
-195
-259
-105
62
8
-189
-240
-46
143
79
-109
-211
-74
144
203
-6
-133
18
210
199
-3
-116
48
226
205
7
-103
18
164
193
103
-13
-40
40
109
85
41
7
25
30
-22
-64
-62
-29
-39
-87
-156
-132
-65
-11
-22
-147
-229
-142
8
36
-133
-247
-142
73
142
-34
-196
-128
79
135
3
-100
-19
140
164
83
10
-7
83
158
177
121
44
50
153
216
108
-23
19
162
229
45
-121
-101
90
206
113
-109
-174
-10
39
-61
-152
-81
7
3
-99
-163
-111
19
11
-87
-159
-148
-52
38
37
-60
-134
-111
-16
38
35
-58
-101
26
148
141
34
-14
67
156
167
88
14
73
158
177
50
-1
101
166
144
2
-86
1
119
101
-24
-86
-14
53
-25
-108
-131
-80
5
20
-103
-203
-174
-69
-44
-91
-198
-194
-68
32
-49
-204
-200
-6
126
47
-146
-198
-40
180
152
-51
-94
48
190
142
-34
-52
89
186
157
-4
-71
32
152
162
89
-6
-10
20
95
119
64
-48
-75
28
96
4
-136
-138
-38
1
-90
-169
-134
-20
11
-134
-240
-156
11
34
-139
-234
-126
63
124
-20
-141
-102
24
90
9
-37
40
105
111
78
62
40
62
151
177
97
4
74
234
268
72
-117
-7
233
282
53
-178
-125
146
271
63
-225
-197
20
162
31
-201
-225
-71
100
62
-140
-243
-123
59
81
-58
-193
-202
-62
111
97
-86
-229
-143
54
128
26
-71
-57
58
160
123
43
18
78
127
102
61
77
136
160
77
38
65
154
165
-5
-135
-21
147
136
-13
-106
-62
21
29
-60
-126
-135
-70
0
-40
-155
-229
-134
3
-20
-203
-290
-131
72
48
-129
-243
-134
86
132
-62
-220
-120
129
163
24
-27
29
92
92
78
59
28
54
73
70
105
79
13
36
131
122
25
-24
20
99
113
32
-24
-27
9
-6
-63
-55
-51
-104
-147
-102
-15
-32
-98
-185
-188
-62
80
-37
-259
-271
-45
162
157
-96
-244
-128
105
178
45
-79
-63
77
178
153
47
-20
42
151
214
153
38
0
136
251
145
-20
-20
127
203
107
-25
-83
-10
134
111
-71
-142
-26
38
-30
-125
-127
-32
-9
-88
-139
-111
6
19
-108
-174
-94
-14
8
-38
-107
-95
-57
-4
33
-24
-83
-29
68
142
85
-3
-23
120
234
147
-10
-46
113
253
197
-18
-75
118
307
175
-111
-220
8
235
197
-64
-202
-76
103
79
-88
-185
-137
-43
10
-17
-132
-254
-184
-11
31
-140
-292
-166
30
45
-124
-230
-75
98
80
-73
-183
-52
150
123
-26
-47
58
171
120
-8
-32
84
184
135
-2
-56
53
187
183
87
-49
-77
53
169
139
15
-76
-29
68
63
-47
-125
-93
-37
-21
-84
-130
-146
-85
-31
-75
-152
-157
-86
-26
-61
-142
-147
-2
81
13
-104
-107
-4
70
28
0
35
64
103
92
51
39
73
139
148
134
69
69
143
208
88
-58
7
199
234
48
-167
-144
116
300
133
-228
-263
-6
144
53
-182
-225
-67
55
-1
-144
-189
-62
23
-6
-51
-145
-181
-42
74
22
-109
-163
-78
71
95
-58
-130
14
173
178
36
-43
51
193
174
65
6
83
185
168
25
-4
127
210
122
-64
-108
25
141
111
-24
-68
-38
-11
-20
-74
-114
-114
-57
6
-28
-145
-217
-158
-42
-15
-154
-248
-123
21
-2
-160
-176
-36
67
22
-111
-116
-12
145
126
-42
-78
69
198
121
-29
-39
86
199
153
-6
-66
41
150
163
85
-12
-47
24
131
152
49
-75
-76
35
105
-13
-131
-144
-52
4
-69
-184
-164
-43
20
-86
-216
-173
-47
14
-79
-191
-158
25
103
-19
-133
-89
62
80
10
-27
24
101
99
85
68
30
73
147
182
143
56
59
181
206
73
-50
22
207
254
12
-171
-84
166
247
24
-213
-168
19
82
-21
-144
-113
-26
-22
-91
-130
-89
-22
-15
-64
-108
-119
-111
15
78
-21
-183
-188
-24
148
88
-125
-159
59
206
156
19
-26
65
162
159
84
-1
33
174
205
70
-1
73
174
127
-34
-112
23
163
120
-80
-132
-5
67
5
-115
-177
-118
4
22
-88
-220
-213
-93
-11
-36
-207
-262
-99
57
25
-182
-243
-35
130
74
-123
-209
-26
166
128
-46
-59
73
192
110
-66
-23
139
208
113
-60
-30
105
169
121
37
-15
-10
69
133
101
-6
-78
-12
109
81
-94
-180
-89
29
10
-143
-212
-127
9
30
-115
-258
-207
28
96
-101
-279
-189
80
217
25
-216
-193
31
156
103
-8
-32
23
135
151
72
25
32
128
203
127
21
82
234
211
-4
-94
81
282
212
-45
-169
-36
187
240
-10
-255
-159
100
149
-34
-243
-196
0
92
-3
-197
-227
-69
93
24
-127
-202
-128
20
91
-11
-142
-152
-51
70
45
-69
-98
24
138
137
82
36
57
119
105
79
59
101
174
123
3
9
161
225
81
-128
-121
108
225
82
-148
-160
26
122
10
-148
-199
-141
12
81
-46
-239
-251
-113
39
-10
-230
-280
-69
96
5
-196
-246
-49
148
90
-140
-219
-16
199
142
-51
-76
71
166
102
3
20
77
138
99
50
36
43
46
112
141
62
-23
-24
86
159
74
-69
-72
38
86
-12
-130
-137
-65
-15
-43
-130
-152
-77
-33
-88
-189
-138
-10
-28
-147
-185
-76
79
77
-80
-161
-56
127
116
-46
-106
-21
152
219
123
-30
-63
58
217
253
115
-27
28
213
246
61
-70
22
210
209
19
-135
-69
150
199
24
-204
-144
75
100
-99
-225
-134
59
51
-100
-197
-139
13
28
-79
-147
-122
-46
9
-17
-94
-102
-54
4
3
-36
-28
33
82
63
28
33
106
169
149
43
-28
45
206
262
95
-85
-36
192
305
129
-165
-166
70
236
136
-116
-169
-14
96
40
-107
-206
-120
5
17
-57
-205
-236
-102
18
-31
-220
-245
-68
58
-43
-210
-186
14
133
14
-180
-156
76
193
38
-109
-8
137
175
52
-44
0
107
160
116
39
10
33
65
134
114
30
-39
27
128
119
11
-58
-21
50
60
-50
-109
-120
-89
-56
-54
-93
-131
-95
-47
-64
-168
-167
-55
-11
-97
-175
-125
46
98
-58
-164
-59
85
88
14
-32
19
87
124
120
78
22
28
116
213
184
55
24
154
204
74
-17
71
197
173
-27
-141
-32
163
210
-20
-231
-121
95
80
-84
-197
-127
34
15
-94
-148
-113
-45
-14
-26
-81
-143
-121
-25
58
2
-117
-158
-38
70
44
-62
-30
76
99
78
45
62
116
132
78
28
56
159
198
94
-29
49
182
214
37
-144
-66
135
191
32
-136
-123
34
96
-24
-164
-201
-74
51
25
-112
-251
-244
-70
41
-55
-272
-241
-25
80
-46
-239
-201
25
154
27
-205
-184
77
221
80
-117
-43
138
208
66
-55
13
152
179
48
-72
12
196
171
39
-28
12
64
117
108
32
-31
-28
67
101
-18
-165
-146
8
58
-63
-197
-167
-44
11
-67
-195
-203
-52
61
-63
-227
-242
-25
202
98
-158
-226
-35
180
133
-30
-114
-23
151
247
121
-58
-99
89
322
283
39
-102
40
307
303
21
-134
-4
245
271
-1
-196
-97
184
249
-22
-246
-116
92
91
-88
-222
-145
14
45
-80
-204
-126
32
20
-75
-146
-148
-60
38
29
-102
-192
-102
69
111
-41
-139
-19
160
167
6
-53
61
217
203
32
-59
53
222
243
78
-71
27
206
246
45
-188
-136
163
285
49
-211
-172
60
132
13
-197
-248
-78
91
61
-177
-315
-209
23
85
-115
-341
-238
32
151
-35
-294
-259
21
208
76
-177
-216
-14
200
147
-49
-54
87
182
84
-28
20
157
196
31
-96
14
194
187
69
-44
-12
102
121
75
11
-46
-11
75
104
-39
-160
-116
27
37
-115
-237
-162
3
40
-76
-231
-219
-55
52
-35
-190
-231
-69
126
110
-87
-189
-65
111
113
-21
-75
27
163
175
61
-51
8
154
234
179
29
-21
121
278
171
-50
-52
136
273
127
-117
-175
53
258
176
-128
-275
-65
163
71
-170
-261
-78
89
46
-107
-219
-130
14
49
-50
-161
-175
-50
44
20
-66
-122
-95
-15
62
26
-52
-41
65
118
90
58
62
104
140
69
29
75
178
195
60
-38
68
213
203
7
-155
-38
159
198
-7
-173
-87
70
92
-32
-166
-189
-73
53
12
-143
-249
-179
-39
25
-88
-278
-241
7
114
-52
-279
-217
62
197
11
-244
-205
106
270
67
-146
-60
143
200
82
-13
14
101
161
73
-16
30
81
103
115
63
-7
-11
74
157
99
-53
-106
19
120
22
-158
-148
-7
32
-83
-205
-179
-51
44
-29
-207
-246
-62
77
-50
-232
-231
-14
175
115
-167
-246
-47
194
147
-52
-135
2
201
243
74
-107
-68
159
333
267
33
-126
18
288
297