#4
-275
-258
14
136
-28
-205
-102
61
134
63
-2
20
24
42
78
137
130
-38
-85
101
259
133
-113
-138
73
250
119
-100
-153
-20
117
140
2
-181
-261
-158
72
154
-116
-434
-342
-20
128
-121
-436
-375
-43
134
-77
-337
-314
-86
34
-3
-99
-206
-245
-112
122
211
-2
-353
-276
217
485
128
-383
-346
186
496
244
-167
-279
-51
196
263
174
-37
-230
-186
122
288
53
-319
-316
47
215
-16
-342
-317
15
71
-189
-330
-200
-29
-69
-250
-221
-64
-128
-239
-158
-7
-60
-249
-297
-57
143
0
-280
-278
29
187
10
-123
-25
81
41
22
104
167
60
-46
62
239
203
-79
-148
115
322
131
-191
-191
127
280
104
-168
-224
-108
46
144
89
-176
-429
-306
151
321
-68
-565
-486
36
350
52
-409
-460
-118
169
105
-111
-217
-149
-34
70
96
30
-95
-106
71
246
150
-100
-97
131
274
149
-17
-33
95
170
132
83
77
6
-29
65
217
161
-103
-222
33
306
153
-276
-349
-20
207
46
-283
-342
-121
17
-66
-202
-221
-166
-136
-96
-44
-99
-241
-265
-54
168
58
-271
-372
-37
295
170
-198
-296
-25
256
258
4
-154
-80
99
224
197
61
-115
-126
96
314
230
-99
-258
-68
227
225
-55
-226
-126
11
-11
-50
-88
-137
-197
-178
-15
21
-153
-351
-292
0
95
-139
-379
-252
40
99
-140
-310
-220
-17
86
31
-115
-223
-158
48
203
160
-82
-213
-3
349
364
-12
-226
-15
323
301
60
-114
12
192
170
37
-4
-9
-8
50
168
131
-130
-290
-107
246
215
-240
-489
-171
275
252
-240
-525
-284
119
202
-40
-289
-309
-203
18
210
114
-237
-411
-123
318
317
-117
-324
-55
282
277
7
-100
43
176
142
59
102
135
46
23
189
225
0
-153
13
314
294
-68
-291
-53
295
291
-102
-335
-132
97
54
-93
-175
-200
-176
-100
-12
-23
-223
-334
-175
90
45
-259
-357
-99
175
93
-224
-324
-88
166
151
-37
-146
-121
7
177
253
92
-188
-229
114
475
329
-150
-329
21
369
330
-28
-200
-60
134
159
51
-36
-112
-111
-38
64
26
-167
-270
-101
79
-4
-259
-281
-84
7
-98
-233
-175
-36
-63
-188
-154
-23
-47
-187
-213
32
163
-65
-327
-187
239
313
-40
-257
-60
273
293
53
-48
47
138
143
124
130
83
13
54
191
176
-59
-185
36
321
213
-155
-324
-78
251
235
-119
-378
-252
51
181
29
-216
-386
-299
22
236
75
-290
-486
-207
224
300
-76
-415
-282
160
315
15
-217
-80
127
163
104
42
41
15
79
210
228
90
-64
-23
217
317
101
-136
-60
201
256
89
-69
-59
64
125
102
-5
-113
-158
-91
86
106
-135
-351
-244
26
111
-144
-361
-239
13
66
-148
-263
-158
-7
26
-43
-89
-155
-163
-20
190
233
-77
-385
-173
377
515
45
-405
-228
317
511
180
-178
-184
56
237
262
142
-34
-205
-111
185
326
72
-296
-276
78
217
-19
-247
-243
-24
28
-113
-188
-118
-103
-189
-166
-37
-41
-201
-247
-47
111
-78
-341
-305
66
261
10
-344
-294
81
271
87
-103
-64
48
122
153
197
154
-38
-85
160
361
192
-113
-107
193
348
101
-187
-119
162
266
69
-118
-140
-42
40
90
55
-164
-335
-160
181
239
-174
-522
-345
137
297
-14
-386
-374
-22
204
74
-128
-186
-135
-1
142
134
-5
-133
-85
171
321
105
-136
-51
237
344
116
-65
14
172
221
133
30
71
52
58
137
199
81
-124
-110
147
314
60
-287
-246
56
195
-28
-267
-236
-77
-16
-78
-155
-155
-153
-172
-96
-6
-69
-233
-205
26
174
-18
-305
-254
103
300
91
-246
-258
87
342
254
-41
-230
-81
226
403
247
-113
-287
-42
372
439
67
-305
-229
180
377
118
-253
-248
33
167
10
-162
-151
-84
-106
-111
-64
-82
-168
-203
-98
-25
-92
-208
-210
-62
35
-75
-231
-203
-64
29
22
-57
-125
-142
-61
90
176
110
-76
-146
109
337
245
-37
-127
105
324
224
16
-27
91
204
141
23
-19
-1
66
132
145
4
-198
-187
96
326
57
-402
-429
18
367
137
-404
-514
-104
261
171
-156
-323
-290
-90
142
202
-45
-341
-282
132
369
87
-275
-212
197
391
137
-156
-75
184
307
125
10
78
129
90
103
198
184
-19
-122
116
387
245
-143
-300
19
357
288
-122
-353
-150
123
145
-31
-228
-272
-191
-33
105
-22
-328
-370
-58
182
-8
-368
-337
51
240
4
-291
-267
29
181
74
-54
-109
-102
17
209
287
93
-234
-208
207
498
252
-195
-264
105
404
284
-22
-192
-67
108
167
126
9
-146
-165
-24
139
78
-226
-324
-55
133
-25
-287
-264
-39
29
-112
-224
-164
-59
-85
-141
-113
-37
-59
-182
-102
78
72
-161
-248
-22
213
167
-32
-95
52
185
133
76
130
134
87
45
123
207
132
3
19
178
203
-11
-139
31
247
212
-102
-279
-92
191
226
-47
-329
-292
-46
182
138
-134
-402
-356
17
270
101
-326
-486
-141
280
255
-139
-358
-148
176
204
-21
-117
15
92
99
121
117
70
-8
79
253
229
20
-65
88
246
236
18
-83
91
220
151
25
-24
17
78
92
61
-2
-97
-103
-49
47
12
-186
-246
-105
38
-20
-227
-261
-114
1
-63
-181
-143
-65
-57
-73
-31
-13
-95
-154
-31
153
140
-100
-228
20
352
268
-109
-271
30
386
335
5
-152
-44
189
267
197
15
-119
-91
77
262
181
-161
-300
-12
245
110
-214
-323
-77
142
8
-259
-302
-58
42
-111
-188
-129
-141
-175
-124
56
62
-220
-368
-129
217
188
-194
-393
-133
240
262
-35
-173
-21
155
178
138
105
82
23
67
222
237
59
-80
65
276
210
-62
-149
60
253
179
-33
-118
-86
-20
61
156
13
-274
-376
-65
304
192
-309
-555
-221
296
300
-174
-508
-319
79
237
68
-158
-223
-131
80
194
124
-74
-142
16
264
264
-29
-153
105
380
257
-86
-114
155
312
191
26
19
83
123
122
137
102
-40
-123
62
307
248
-146
-366
-113
235
194
-188
-399
-170
91
39
-158
-243
-154
-98
-105
-49
-43
-175
-233
-80
161
108
-198
-341
-102
254
234
-61
-256
-111
186
283
158
-51
-131
-32
186
339
242
-43
-220
-55
294
423
138
-244
-238
91
287
137
-131
-176
-22
49
15
-13
-79
-195
-202
-73
59
-45
-242
-258
-88
45
-62
-266
-225
-42
52
-63
-206
-168
-56
-13
-9
-37
-104
-135
-32
121
174
47
-105
-47
183
293
126
-58
-14
210
275
95
-20
53
200
183
56
8
31
41
59
128
123
-32
-176
-90
167
229
-106
-422
-256
193
284
-90
-417
-306
12
134
-5
-118
-195
-216
-123
62
153
4
-256
-229
97
277
93
-144
-128
152
270
76
-72
51
208
203
69
66
136
121
89
135
185
115
-34
-26
204
289
98
-169
-108
171
271
61
-187
-147
36
42
-63
-116
-92
-120
-177
-125
6
-42
-236
-258
-64
33
-95
-235
-144
42
66
-129
-227
-80
94
84
-32
-31
-50
-67
52
222
246
7
-257
-95
340
484
100
-320
-179
269
446
201
-149
-215
4
196
195
64
-120
-183
-52
139
145
-71
-320
-273
46
154
-97
-362
-289
53
119
-140
-318
-207
-24
5
-46
-112
-180
-200
-89
107
149
-94
-344
-200
220
333
42
-222
-105
209
293
95
-7
75
172
161
125
108
87
42
59
164
230
81
-108
-89
159
314
103
-230
-256
35
288
172
-197
-358
-193
81
222
35
-314
-431
-188
204
291
-84
-484
-442
50
411
178
-292
-414
-74
283
231
-83
-171
-19
134
181
128
56
5
59
179
218
120
12
8
182
274
132
-47
-36
129
212
151
39
-2
-6
33
97
146
38
-162
-197
-21
152
42
-257
-333
-124
110
7
-255
-287
-90
43
-55
-196
-198
-83
0
6
-26
-83
-182
-126
93
232
63
-240
-232
183
451
232
-208
-312
98
462
336
-22
-214
-55
201
280
209
44
-141
-116
103
259
122
-160
-210
56
176
-24
-217
-162
1
11
-143
-212
-98
-17
-96
-206
-140
-29
-102
-245
-126
92
37
-220
-316
-91
165
130
-153
-284
-99
169
148
48
19
-14
-32
65
246
279
78
-97
17
286
332
61
-119
21
260
243
-8
-148
8
210
190
16
-96
-129
-58
100
175
-38
-330
-324
42
335
95
-422
-546
-77
332
212
-256
-455
-228
93
169
34
-142
-209
-105
81
211
103
-100
-159
27
283
273
3
-104
101
274
184
4
28
160
212
127
40
77
104
74
98
174
150
-47
-143
71
283
177
-177
-304
-19
201
80
-192
-295
-133
15
-54
-164
-157
-124
-135
-101
-44
-73
-173
-195
-5
134
-10
-282
-263
75
296
103
-202
-221
57
260
228
14
-134
-47
135
270
241
60
-108
-67
177
339
205
-103
-182
22
203
178
-21
-129
-27
55
-27
-112
-88
-30
-62
-114
-114
-110
-150
-132
-67
-36
-80
-250
-292
-60
127
6
-255
-313
-77
107
59
-80
-139
-141
-68
83
153
102
-46
-113
45
291
253
12
-110
73
296
264
65
-30
32
128
197
181
69
-52
-102
54
270
240
-105
-327
-157
261
334
-112
-498
-324
176
330
3
-431
-443
-52
248
160
-161
-384
-306
-24
228
174
-153
-344
-154
239
289
-34
-212
-49
179
243
87
-21
55
154
159
119
108
117
68
53
182
264
104
-98
-22
221
279
60
-148
-78
140
240
77
-127
-137
-70
-22
17
12
-123
-261
-222
-21
82
-64
-306
-274
-28
65
-88
-260
-189
53
71
-96
-187
-88
26
35
18
28
-40
-93
48
262
256
-45
-260
-17
416
434
-2
-281
-75
270
359
146
-79
-108
-24
99
160
136
-26
-189
-131
68
122
-65
-249
-176
23
33
-152
-245
-116
-30
-100
-175
-123
-44
-83
-196
-134
14
-10
-185
-211
12
136
-11
-231
-178
121
217
39
-99
-11
136
176
127
126
107
53
40
162
272
158
-35
-24
184
276
92
-150
-94
174
293
79
-192
-203
21
197
144
-138
-327
-225
72
215
40
-303
-453
-174
229
270
-143
-503
-379
106
365
87
-304
-320
-17
212
155
-54
-99
21
133
176
109
29
3
110
230
177
3
-43
120
274
242
4
-96
60
257
227
21
-84
-19
117
147
107
12
-112
-136
-22
101
63
-171
-330
-180
67
69
-175
-336
-185
23
36
-142
-273
-181
1
53
-15
-96
-148
-145
-5
152
140
-63
-228
-69
263
331
60
-214
-129
227
387
188
-93
-107
74
204
231
178
12
-123
-100
117
267
104
-179
-199
44
195
-24
-220
-185
-37
14
-75
-137
-127
-120
-153
-115
-26
-41
-205
-264
-61
131
17
-273
-316
-44
194
69
-190
-252
-33
181
146
10
-41
-28
78
189
237
146
-53
-53
200
367
205
-107
-130
182
385
187
-134
-174
85
281
189
-25
-170
-131
12
186
154
-142
-395
-246
157
309
-39
-493
-430
54
331
63
-335
-391
-132
99
125
4
-127
-197
-124
89
205
71
-127
-123
120
299
146
-70
-25
198
241
91
3
90
159
169
95
62
129
107
35
75
168
135
-52
-113
103
292
129
-219
-257
-20
153
70
-170
-242
-154
-60
-21
-38
-140
-245
-242
-41
107
-47
-306
-278
48
212
32
-295
-293
30
260
144
-127
-208
-7
245
273
70
-145
-140
96
361
351
44
-250
-150
230
465
280
-146
-290
-44
266
265
22
-151
-136
-25
34
27
-13
-126
-226
-152
7
36
-152
-262
-162
-45
-22
-136
-198
-139
-21
-19
-117
-185
-118
-35
13
7
-69
-161
-118
77
198
120
-94
-140
93
338
248
-13
-90
107
289
203
29
3
125
202
134
40
-8
22
72
118
141
46
-113
-152
34
218
83
-270
-374
-76
271
187
-216
-439
-243
64
158
17
-184
-308
-258
21
252
128
-262
-384
-34
321
234
-125
-251
-10
266
271
69
-42
21
124
161
184
183
75
-44
53
246
287
63
-135
-2
249
287
47
-168
-54
162
229
65
-167
-181
-43
58
68
-42
-252
-297
-103
126
32
-238
-374
-159
113
51
-242
-312
-56
137
29
-187
-200
-53
60
85
45
-40
-119
-45
160
304
139
-174
-201
146
462
291
-134
-254
45
351
309
65
-101
-91
-4
135
219
96
-155
-210
-23
170
82
-198
-321
-84
158
33
-285
-342
-45
108
-54
-251
-214
-101
-43
-60
-78
-73
-120
-203
-106
100
97
-143
-286
-63
251
201
-62
-133
34
206
187
113
80
94
62
106
205
225
75
-39
53
244
216
-34
-146
65
286
191
-120
-246
-53
185
194
-59
-283
-242
-37
141
111
-156
-356
-272
41
213
43
-315
-418
-122
207
198
-105
-308
-173
119
209
24
-135
-61
95
150
154
112
9
-32
87
265
250
44
-56
71
243
251
61
-83
-5
189
262
127
-44
-91
25
175
198
27
-197
-197
6
159
65
-237
-361
-143
120
53
-225
-343
-166
47
29
-134
-230
-191
-81
24
53
-43
-192
-210
7
235
165
-113
-263
-64
293
341
49
-190
-84
191
314
209
12
-76
-24
111
270
288
38
-224
-161
156
347
142
-209
-248
3
140
33
-126
-144
-89
-99
-111
-76
-60
-116
-206
-152
-13
-40
-190
-226
-69
83
-33
-265
-233
18
157
-2
-209
-196
-1
191
130
-24
-36
15
82
149
207
159
19
13
167
236
110
1
75
217
193
-11
-100
45
215
193
22
-84
-95
-56
46
145
46
-201
-331
-117
231
192
-224
-489
-261
157
251
-83
-372
-305
-36
98
70
-4
-115
-191
-101
102
176
43
-87
-68
117
217
105
3
79
193
165
28
26
172
200
115
52
91
124
87
69
129
177
43
-126
-34
214
251
-46
-275
-106
148
118
-124
-280
-168
2
-15
-131
-174
-141
-113
-97
-84
-104
-183
-150
-25
87
-2
-187
-250
-66
185
162
-69
-207
-61
180
267
118
-74
-95
2
203
332
218
-65
-198
18
329
382
68
-242
-154
170
314
117
-139
-183
-15
100
45
-91
-174
-144
-40
14
-59
-207
-245
-110
19
-16
-175
-286
-164
26
44
-97
-240
-199
-66
28
52
-11
-147
-242
-76
219
265
33
-208
-143
224
402
175
-117
-116
166
346
231
32
-51
71
199
206
88
-71
-52
116
243
160
-107
-261
-80
188
237
-56
-347
-276
47
233
59
-248
-357
-185
29
91
-4
-167
-295
-229
41
236
70
-249
-310
0
294
173
-141
-202
43
282
247
11
-52
45
153
199
167
139
36
-27
120
294
235
-5
-153
67
352
288
-67
-239
-33
254
266
-15
-222
-164
-9
71
52
-88
-275
-262
-43
95
-31
-284
-308
-71
89
-25
-258
-256
-39
107
23
-161
-221
-67
100
127
48
-69
-172
-35
267
365
55
-300
-219
256
535
278
-181
-268
54
351
304
66
-115
-127
5
187
242
67
-209
-223
6
165
58
-172
-258
-110
34
-22
-151
-210
-123
-66
-108
-113
-97
-120
-186
-107
24
-6
-191
-265
-60
193
95
-196
-298
-14
244
163
-38
-78
54
164
118
101
148
123
54
49
162
248
142
-3
37
207
161
-33
-71
111
236
95
-124
-171
19
159
105
-78
-239
-212
-30
151
106
-184
-410
-262
94
235
-12
-371
-408
-40
273
163
-179
-282
-115
124
165
9
-106
-64
75
192
176
65
-21
35
194
212
105
37
68
144
177
112
68
70
94
100
68
76
129
82
-1
-17
71
90
-50
-130
-90
26
7
-126
-197
-100
-41
-96
-187
-154
-71
-70
-145
-185
-138
-59
13
10
-91
-160
-139
-23
84
119
14
-147
-154
113
294
182
-64
-153
39
293
304
82
-108
-75
96
246
276
122
-111
-190
33
280
229
-62
-242
-84
121
106
-93
-223
-133
23
7
-121
-207
-190
-78
-37
-59
-121
-216
-222
-63
106
44
-244
-341
-131
147
181
-88
-287
-194
76
232
143
-6
-109
-75
139
312
247
19
-124
69
336
306
41
-135
47
299
269
-2
-153
-8
196
216
53
-105
-162
-72
124
216
15
-322
-366
-37
305
201
-302
-547
-238
222
243
-106
-367
-319
-61
144
148
-29
-229
-274
-27
276
234
-69
-237
-70
245
358
111
-133
-49
173
262
180
75
40
54
108
219
240
55
-114
-5
267
307
34
-211
-126
222
323
45
-283
-222
52
145
9
-173
-241
-189
-76
31
-17
-206
-298
-163
67
53
-189
-317
-116
151
101
-172
-270
-70
151
168
-7
-165
-113
137
304
175
-98
-169
19
307
371
129
-151
-161
114
363
312
-10
-242
-81
221
280
51
-152
-136
31
66
-10
-92
-128
-124
-54
-25
-82
-195
-186
-46
-36
-106
-201
-201
-58
-32
-98
-140
-111
-53
-87
-119
-50
13
-18
-107
-68
109
133
7
-73
18
179
219
100
20
62
158
175
144
101
80
85
103
109
84
41
11
44
139
150
-32
-203
-108
133
188
-46
-310
-246
60
184
-3
-282
-323
-114
67
73
-77
-245
-261
-103
108
152
-37
-233
-195
71
205
59
-110
-44
122
191
73
-11
62
158
190
150
78
74
81
115
198
219
65
-89
0
235
311
99
-139
-119
113
278
152
-129
-235
-60
77
112
-18
-233
-298
-142
45
63
-124
-314
-262
-33
61
-90
-235
-182
-3
65
-61
-138
-119
-40
25
71
47
-34
-103
-3
232
271
14
-205
-69
294
394
120
-168
-86
180
258
154
37
-33
-61
34
160
168
-3
-175
-158
20
124
8
-194
-189
-60
-14
-117
-189
-122
-26
-116
-168
-140
-95
-124
-146
-25
29
-101
-282
-229
54
242
39
-299
-306
53
315
152
-121
-122
76
241
202
94
64
50
88
168
216
119
7
47
182
203
52
-86
-11
184
226
29
-173
-130
50
151
77
-102
-275
-210
20
177
54
-236
-413
-209
141
244
-39
-395
-400
-29
274
160
-153
-304
-157
131
235
67
-106
-98
51
223
234
28
-85
44
261
252
53
-33
53
248
281
69
-55
25
161
193
139
45
-9
-32
26
139
159
-19
-186
-143
31
120
-31
-250
-253
-96
24
-43
-167
-189
-137
-88
-64
-114
-149
-141
-69
24
56
-88
-234
-163
107
236
80
-180
-215
76
342
242
-72
-186
13
251
310
145
-55
-82
37
215
292
162
-112
-210
38
293
220
-99
-247
-76
116
77
-126
-187
-109
-36
-57
-105
-114
-126
-141
-144
-91
-69
-127
-180
-107
4
-24
-183
-202
-87
84
48
-138
-173
-54
106
121
47
-1
-10
43
124
212
189
45
-9
138
267
186
-9
-7
169
249
119
-63
-69
86
211
159
18
-138
-138
4
163
162
-105
-369
-278
131
299
-7
-448
-409
12
267
75
-260
-387
-207
51
142
62
-119
-248
-162
129
257
60
-167
-144
138
300
150
-64
-80
163
318
154
-15
27
157
193
119
74
81
80
69
119
179
112
-56
-91
96
246
117
-158
-227
-3
135
30
-136
-230
-139
-78
-77
-78
-102
-161
-171
-111
-7
-57
-208
-222
-14
136
9
-233
-234
8
199
136
-74
-162
-62
152
252
168
-64
-170
9
326
401
98
-228
-150
192
402
257
-71
-201
-17
176
175
57
-79
-109
-14
31
-9
-73
-136
-118
-52
-30
-110
-212
-129
-43
-74
-138
-171
-152
-80
-40
-75
-114
-132
-140
-86
28
69
-74
-233
-163
117
240
92
-107
-95
88
274
195
-3
-17
121
235
179
88
43
60
113
154
142
65
-9
-28
62
200
163
-74
-230
-102
157
202
-71
-315
-251
22
180
40
-260
-355
-172
56
166
6
-281
-412
-145
228
274
-100
-405
-217
200
334
58
-192
-121
127
234
130
35
19
102
162
177
129
74
66
111
176
193
87
-33
43
176
232
87
-66
-66
89
184
103
-87
-146
-54
19
40
-35
-161
-236
-156
1
13
-169
-243
-140
-14
-26
-186
-220
-83
67
35
-133
-173
-80
3
60
84
30
-95
-116
73
277
194
-62
-186
56
365
327
-17
-192
-38
222
301
168
-22
-94
-34
80
160
148
-62
-196
-92
91
105
-104
-221
-117
44
-35
-200
-259
-69
28
-102
-188
-174
-131
-102
-104
-50
-39
-155
-226
-98
99
124
-100
-292
-159
159
272
28
-151
-47
133
222
192
81
25
77
137
183
182
86
-11
84
225
193
-18
-106
33
225
181
-22
-149
-98
61
157
60
-157
-258
-162
69
159
-20
-320
-375
-83
209
146
-209
-407
-248
79
230
44
-189
-245
-74
127
163
32
-69
-30
66
160
177
69
13
51
166
213
93
49
103
153
143
132
78
54
83
116
133
126
35
-61
0
178
170
-50
-208
-111
68
100
-96
-273
-187
-27
-2
-122
-224
-179
-70
-41
-96
-166
-148
-88
-14
29
-60
-184
-178
7
158
103
-74
-181
-42
212
267
69
-125
-78
157
294
176
-12
-54
59
158
194
178
53
-92
-67
82
190
93
-97
-118
17
73
-44
-155
-120
-45
-42
-91
-166
-151
-78
-58
-119
-136
-145
-153
-108
-40
-28
-116
-199
-130
10
32
-56
-136
-109
-6
102
68
7
2
37
82
158
177
112
33
61
173
218
120
14
38
172
231
107
-57
-38
77
163
120
5
-98
-117
7
161
150
-152
-391
-225
199
300
-106
-495
-384
57
264
71
-255
-365
-214
34
147
77
-106
-255
-170
117
268
84
-155
-150
100
298
205
7
-61
71
212
181
109
89
82
97
153
183
118
-32
-51
190
337
156
-194
-220
118
380
191
-199
-299
-100
120
129
-66
-249
-256
-130
-10
33
-86
-243
-263
-91
29
-42
-194
-189
-23
64
-46
-164
-129
42
105
31
-39
-68
-28
103
211
171
-10
-141
9
288
375
97
-153
-108
128
306
264
24
-143
-81
114
202
128
-74
-201
-120
60
138
-11
-217
-250
-82
54
-19
-202
-268
-122
-4
-46
-124
-177
-185
-122
-36
27
-58
-205
-203
-6
134
15
-212
-220
60
285
143
-85
-156
73
280
236
60
-6
51
164
188
144
75
82
101
137
112
10
-29
57
177
152
-23
-170
-101
94
190
14
-259
-277
-22
164
65
-190
-305
-216
-13
67
-16
-135
-214
-194
-53
79
66
-63
-164
-116
47
121
69
15
8
49
80
85
128
150
87
70
84
171
197
105
42
95
145
133
65
73
144
145
49
-23
22
117
121
15
-110
-109
8
81
13
-154
-260
-170
-8
24
-118
-246
-223
-54
63
-65
-258
-240
-16
111
-3
-169
-190
-86
58
125
92
-31
-164
-95
175
353
159
-181
-211
119
413
298
-70
-185
26
246
279
148
-24
-87
-45
105
200
88
-140
-174
1
135
6
-198
-220
-46
91
-57
-281
-270
-28
68
-88
-233
-217
-123
-38
-11
-41
-144
-226
-194
-15
149
60
-197
-313
-85
249
265
-7
-173
-58
168
256
158
66
13
42
174
260
186
-4
-40
146
270
143
-85
-112
92
232
179
-39
-163
-101
65
131
55
-127
-254
-174
64
171
-28
-324
-342
-75
137
102
-126
-304
-245
-9
126
84
-83
-183
-114
24
162
135
-40
-110
24
195
218
96
-23
43
169
190
135
102
86
83
114
182
148
21
-34
73
238
214
-26
-163
-20
230
237
-71
-272
-151
82
134
-52
-261
-238
-75
-5
-57
-176
-201
-160
-69
-26
-84
-174
-158
-35
69
6
-182
-231
-35
214
202
-89
-284
-96
277
368
104
-221
-194
141
405
292
-16
-166
-67
179
353
250
-54
-225
-84
191
293
105
-173
-217
-44
115
58
-98
-174
-124
-78
-54
-69
-124
-161
-169
-101
-7
-96
-249
-206
-42
69
-35
-216
-222
-50
82
48
-100
-206
-108
123
211
114
-69
-108
43
270
291
72
-95
14
253
312
113
-59
-10
210
255
73
-63
-18
97
186
130
-7
-117
-117
-2
170
121
-184
-347
-155
194
195
-172
-439
-284
88
210
0
-263
-331
-173
45
148
51
-165
-244
-69
196
202
-26
-184
-50
226
267
68
-88
9
212
253
73
-20
108
202
150
117
96
67
40
80
184
190
39
-120
-50
174
267
39
-220
-184
19
89
8
-147
-195
-149
-84
-42
-57
-145
-219
-178
-35
14
-121
-236
-145
58
80
-111
-206
-91
61
99
32
-23
-78
-4
115
184
115
-46
-94
110
305
259
7
-124
9
213
266
110
-48
-51
48
119
90
24
-50
-64
-34
-9
2
-75
-128
-120
-58
-71
-162
-193
-60
-7
-112
-202
-190
-87
-37
-68
-89
-94
-142
-166
-103
42
94
-66
-234
-158
148
274
84
-120
-107
115
274
191
38
-5
92
227
197
91
49
60
130
178
124
-27
-67
38
188
201
10
-213
-165
75
219
58
-255
-307
-59
174
129
-190
-378
-243
20
147
31
-197
-350
-219
50
211
75
-196
-275
-63
181
188
-9
-90
-31
92
200
148
58
32
74
145
202
160
68
12
95
253
203
13
-71
62
257
238
32
-142
-83
141
285
147
-168
-285
-122
135
168
-78
-324
-269
-55
89
-39
-241
-266
-90
3
-70
-161
-141
-42
-16
-73
-91
-83
-43
-3
51
82
-13
-129
-63
179
307
124
-171
-156
177
398
245
-76
-137
24
206
261
165
2
-112
-100
94
250
153
-138
-252
-89
151
122
-119
-276
-163
-4
14
-118
-191
-155
-130
-89
-61
-102
-195
-209
-60
89
-7
-263
-324
-67
212
107
-200
-271
-34
238
169
-47
-109
24
169
190
123
65
66
104
153
153
113
87
110
164
127
2
-40
83
177
135
3
-69
-28
10
38
46
-29
-164
-193
-78
105
91
-143
-346
-247
41
155
-37
-266
-290
-83
98
90
-39
-155
-137
-37
101
116
30
-26
-4
105
157
93
43
81
184
161
57
64
139
187
162
87
54
91
108
110
128
127
57
-56
-30
137
217
50
-198
-213
41
154
-10
-245
-240
-72
3
-61
-167
-216
-116
-49
-61
-143
-194
-143
-29
38
-4
-144
-199
-75
107
141
-11
-151
-117
108
288
195
-60
-187
-24
269
340
148
-73
-109
44
240
281
123
-99
-153
25
213
215
-46
-206
-79
97
88
-90
-204
-133
-35
-18
-101
-169
-172
-80
-48
-103
-166
-171
-138
-69
-7
-45
-158
-210
-128
12
74
-10
-154
-190
-31
168
198
40
-109
-96
130
293
231
31
-55
78
245
244
85
-21
86
217
177
17
-53
18
121
151
100
3
-119
-111
43
193
42
-276
-325
-31
264
110
-303
-421
-151
146
139
-99
-286
-289
-99
99
153
8
-208
-257
8
246
162
-71
-176
0
250
222
23
-44
90
205
153
54
113
147
105
79
114
171
116
11
34
151
174
55
-48
12
157
129
-44
-160
-65
59
17
-77
-132
-141
-127
-105
-89
-62
-144
-202
-158
-39
-13
-136
-201
-67
57
-17
-158
-153
0
76
65
-6
-82
-61
30
165
217
85
-134
-83
206
367
179
-69
-100
70
254
236
54
-50
-23
50
68
88
71
-20
-101
-123
-14
73
-12
-170
-209
-85
2
-77
-168
-164
-120
-104
-47
-105
-183
-172
-76
15
-58
-192
-198
-56
92
57
-139
-196
-32
166
149
1
-95
8
190
230
88
14
64
163
174
140
98
99
94
100
125
69
5
19
116
152
72
-81
-141
-32
146
147
-59
-293
-264
0
200
83
-222
-405
-229
73
196
-2
-292
-422
-147
203
252
-52
-316
-239
66
256
120
-107
-150
60
237
184
45
-7
38
187
239
141
24
25
116
202
189
100
7
27
141
180
109
10
-37
45
155
139
-17
-154
-72
19
34
-55
-192
-205
-43
10
-74
-216
-262
-92
44
-36
-212
-249
-110
43
35
-46
-138
-143
-68
31
121
110
-90
-200
9
308
298
-19
-267
-89
337
458
115
-216
-112
182
298
198
16
-86
-94
52
213
188
-36
-215
-112
91
122
-63
-227
-171
-8
32
-109
-238
-187
-41
-57
-142
-148
-125
-127
-117
-64
8
-96
-216
-187
-27
100
17
-168
-207
20
213
110
-67
-59
54
172
195
115
43
47
138
221
203
82
-11
81
207
168
-15
-51
77
181
115
-16
-79
-44
40
53
43
-54
-168
-201
-54
117
70
-188
-342
-205
60
122
-36
-229
-256
-111
8
93
66
-80
-214
-126
114
213
98
-88
-111
95
261
186
27
-7
103
184
143
122
124
84
74
144
177
95
11
41
170
194
77
-92
-74
134
237
57
-179
-185
-17
77
-3
-158
-202
-137
-103
-67
-81
-118
-162
-160
-90
-81
-128
-131
-54
3
-43
-127
-136
-25
72
98
-27
-114
-74
104
230
138
-32
-104
10
236
294
138
-50
-107
16
242
328
154
-139
-195
-2
225
241
5
-197
-163
20
125
8
-150
-199
-126
-50
-19
-118
-196
-150
-70
-25
-101
-198
-201
-90
36
-20
-196
-233
-105
39
67
-47
-158
-136
13
164
117
-24
-36
54
164
167
111
90
93
142
159
115
66
105
156
150
64
4
23
84
116
98
51
-13
-80
-67
76
153
-20
-298
-262
34
221
28
-323
-373
-100
135
92
-121
-267
-238
-76
91
113
-6
-195
-236
-2
227
161
-47
-142
21
223
198
39
4
103
166
113
77
154
127
55
109
162
151
63
-14
93
228
184
-17
-124
5
185
187
-21
-195
-117
28
80
-45
-191
-201
-112
-23
-32
-170
-241
-167
-36
13
-109
-260
-173
25
102
-52
-204
-147
-4
71
51
11
-37
-53
49
180
195
28
-124
-19
242
311
111
-98
-52
136
248
164
40
2
0
9
65
114
47
-60
-89
-42
32
-11
-132
-172
-101
-17
-48
-151
-162
-85
-75
-139
-149
-112
-96
-118
-97
-95
-91
-109
-134
-25
70
-14
-199
-206
59
266
152
-89
-184
12
301
311
81
-83
-17
176
286
189
21
-23
113
239
173
7
-91
19
191
194
25
-144
-122
30
146
86
-113
-266
-174
49
135
-22
-266
-315
-101
77
55
-95
-260
-248
-57
111
77
-81
-192
-116
56
132
63
-29
-41
43
124
130
128
100
45
73
133
153
169
80
62
131
155
136
59
24
111
178
138
2
-64
23
151
178
19
-188
-163
12
129
20
-212
-297
-146
41
15
-155
-265
-184
-36
13
-106
-210
-147
-11
47
-15
-144
-178
-73
89
167
70
-113
-194
49
307
278
-57
-228
17
330
336
69
-101
-43
88
196
216
132
-33
-125
-41
174
228
20
-189
-143
35
118
-62
-213
-157
-15
-17
-149
-205
-102
-20
-76
-177
-184
-133
-117
-65
-32
-65
-155
-198
-112
38
72
-69
-174
-134
65
119
78
9
-16
23
125
193
160
57
21
114
224
203
64
-21
58
198
210
17
-91
32
199
181
-2
-154
-117
55
167
84
-142
-306
-180
108
217
-45
-399
-367
5
234
62
-253
-366
-160
97
128
-8
-153
-148
-53
74
94
37
-40
-40
117
205
109
-14
11
166
251
128
-12
46
224
232
86
19
73
130
102
76
120
145
62
-55
-4
133
178
-42
-186
-100
67
83
-55
-226
-206
-108
-39
-53
-127
-162
-142
-100
-80
-122
-175
-107
-6
32
-65
-177
-135
17
129
80
-59
-164
-23
218
240
39
-131
-73
147
334
240
-8
-131
-17
193
254
181
21
-75
-55
54
167
118
-51
-149
-61
32
58
-40
-169
-170
-93
-26
-44
-140
-192
-164
-88
-16
-84
-198
-210
-133
-14
42
-70
-232
-230
-37
147
100
-159
-293
-82
244
279
39
-172
-94
197
330
197
-4
-31
125
220
172
92
58
96
147
137
40
-16
39
113
119
89
-22
-131
-87
81
156
-15
-273
-253
4
192
40
-272
-350
-147
102
107
-79
-257
-253
-114
61
127
25
-166
-215
-23
162
159
-3
-94
46
180
135
49
60
137
156
75
57
131
172
140
91
106
76
33
86
177
188
69
-72
-42
117
217
91
-131
-167
-55
43
28
-51
-163
-210
-167
-66
14
-66
-221
-258
-116
23
-48
-180
-164
-43
4
-40
-99
-90
-35
21
61
37
-26
-85
20
224
225
26
-180
-49
304
375
76
-182
-79
193
288
175
-4
-41
-17
34
115
133
14
-112
-128
-18
84
12
-143
-187
-122
-35
-53
-129
-131
-119
-169
-110
-47
-41
-170
-230
-105
40
1
-193
-249
-52
148
79
-182
-234
5
243
190
-44
-132
-1
208
238
127
44
51
128
164
157
107
58
110
161
109
-13
-44
98
205
146
-49
-177
-88
89
177
46
-195
-287
-127
135
158
-113
-397
-303
22
182
52
-240
-344
-161
85
114
-26
-137
-160
-59
79
82
29
-5
-10
46
122
144
134
55
42
141
166
117
98
87
106
155
157
108
29
24
147
197
105
-10
-56
49
175
108
-87
-168
-71
38
62
-51
-213
-201
-89
-17
-64
-185
-191
-93
-60
-106
-147
-128
-48
-42
-62
-94
-60
-52
-27
3
51
25
-22
-53
54
181
149
-3
-72
76
255
243
61
-55
0
97
193
224
89
-76
-96
32
183
185
-50
-192
-99
59
66
-80
-151
-109
-61
-88
-156
-137
-55
-41
-147
-222
-123
-57
-92
-124
-89
-89
-150
-145
-47
44
-5
-163
-174
0
164
84
-44
-40
45
133
148
111
72
93
89
154
162
126
48
59
176
197
55
-51
-17
127
178
95
-35
-100
-54
34
118
71
-142
-282
-168
130
211
-122
-432
-324
59
222
29
-278
-334
-136
101
112
-37
-144
-160
-38
111
127
23
-88
-50
134
217
129
-5
14
156
230
104
29
99
176
181
108
51
96
96
68
128
195
109
-39
-95
77
250
142
-118
-261
-77
112
87
-102
-240
-198
-68
-20
-61
-157
-208
-139
-59
-32
-113
-203
-140
5
66
-37
-194
-173
25
163
78
-87
-123
-24
153
235
107
-60
-116
59
298
315
84
-159
-122
116
336
290
8
-200
-113
126
253
145
-109
-196
-86
73
69
-72
-172
-172
-80
-27
-57
-156
-180
-130
-86
-69
-105
-154
-167
-84
-57
-77
-124
-141
-78
-15
-19
-46
-112
-69
68
124
66
-26
-43
71
220
194
75
23
90
170
214
123
7
66
180
185
74
-34
0
119
178
77
-28
-74
-47
35
108
9
-179
-220
-72
119
69
-178
-320
-196
14
76
-16
-133
-217
-211
-61
87
114
-40
-211
-167
75
202
118
-103
-116
93
202
173
70
33
78
153
133
106
113
115
121
145
148
83
10
73
183
176
48
-66
-22
123
182
51
-126
-141
1
50
-38
-141
-155
-107
-80
-76
-100
-186
-186
-118
-28
-70
-191
-184
-41
59
-38
-173
-164
-12
94
52
-33
-52
-46
-13
123
219
120
-71
-93
141
337
216
-59
-142
27
241
309
152
-62
-117
-8
117
176
97
-81
-160
-58
72
70
-92
-244
-154
15
11
-149
-270
-121
12
-37
-154
-244
-175
-45
0
-30
-130
-196
-164
-26
67
34
-147
-226
-49
181
208
2
-136
-37
170
260
148
6
3
125
210
189
110
18
43
182
230
76
-93
-65
130
257
167
-100
-215
-76
130
177
6
-213
-286
-82
142
123
-153
-377
-277
26
152
18
-185
-303
-222
24
120
71
-91
-203
-127
63
170
130
-23
-85
24
147
199
132
32
27
115
156
156
153
107
57
104
169
125
50
25
94
173
138
10
-74
19
167
145
-62
-174
-104
1
61
-31
-190
-220
-144
-32
-26
-119
-165
-162
-125
-82
-72
-89
-104
-61
-27
-63
-97
-99
-27
74
117
2
-170
-69
224
310
61
-205
-88
258
392
150
-110
-86
124
230
168
50
4
5
13
86
110
18
-59
-33
10
-22
-99
-121
-61
-13
-67
-188
-207
-85
26
-52
-239
-237
-119
-26
-56
-131
-98
-105
-142
-122
-67
51
26
-128
-203
-58
145
149
16
-48
10
126
190
148
50
14
108
208
184
71
23
101
222
174
-13
-99
49
213
190
-9
-146
-61
54
96
74
-67
-218
-214
-17
161
98
-222
-386
-210
72
127
-61
-212
-224
-113
-1
44
32
-65
-169
-94
97
149
37
-76
-16
152
196
71
-45
48
261
268
51
-58
83
246
223
104
14
18
105
180
190
99
-5
-85
22
202
202
-1
-204
-133
81
83
-76
-199
-164
-51
-37
-103
-185
-208
-113
-29
-55
-168
-214
-138
11
71
-31
-194
-211
-30
130
129
-46
-151
-95
102
243
172
-21
-115
-6
173
291
196
-1
-101
-7
167
293
197
-55
-149
-59
167
231
55
-187
-166
8
133
35
-174
-224
-98
1
3
-141
-219
-156
-59
-30
-94
-211
-224
-132
19
35
-112
-225
-197
-62
103
91
-125
-249
-104
154
234
79
-107
-109
106
266
230
60
-32
67
189
234
143
27
36
126
191
135
-16
-45
56
165
134
1
-129
-106
53
182
60
-212
-294
-89
140
116
-173
-334
-192
2
68
4
-105
-215
-251
-87
91
150
-27
-222
-185
43
190
145
-16
-90
5
137
189
189
90
21
12
110
274
234
11
-59
123
270
216
-13
-94
93
243
178
-24
-98
35
174
111
-83
-174
-53
51
11
-103
-203
-177
-58
-34
-105
-186
-164
-80
-42
-137
-217
-151
16
59
-61
-170
-146
-46
76
94
16
-81
-90
21
170
212
95
-89
-121
162
350
201
-39
-84
58
182
192
112
59
5
-63
-1
125
130
-6
-134
-102
6
29
-80
-120
-74
-63
-130
-170
-115
-8
-62
-186
-200
-111
-74
-110
-67
-76
-114
-129
-137
-58
66
35
-151
-229
-24
195
151
-40
-74
62
181
159
75
88
114
115
118
116
135
135
139
114
53
-7
27
125
170
86
-44
-65
-10
44
41
12
-70
-129
-125
-65
30
-8
-163
-255
-145
4
45
-54
-183
-215
-117
1
32
4
-70
-138
-72
55
114
73
-42
-31
61
146
147
86
67
129
167
79
64
119
169
173
95
58
67
88
126
132
102
37
4
41
116
124
32
-140
-149
-4
73
3
-137
-236
-151
-37
-15
-101
-205
-228
-102
20
-12
-180
-227
-131
31
60
-48
-165
-151
-14
134
139
-25
-177
-37
214
281
75
-144
-78
182
311
195
15
-66
-23
117
280
248
7
-188
-132
154
326
125
-196
-271
-49
167
62
-150
-219
-114
-23
-38
-116
-178
-156
-111
-92
-61
-105
-223
-202
-21
91
-88
-275
-237
3
152
26
-202
-207
1
182
168
-22
-87
4
154
214
132
46
5
88
210
253
94
-30
36
216
212
49
-88
-1
161
186
54
-93
-114
-49
87
137
-3
-230
-285
-68
180
107
-232
-395
-173
114
134
-86
-266
-253
-78
73
58
-36
-112
-139
-35
75
140
60
-72
9
139
156
79
26
99
190
161
65
54
149
186
134
115
94
66
46
102
185
189
8
-106
-1
201
207
-38
-193
-82
62
35
-91
-196
-156
-56
-52
-97
-137
-153
-148
-105
-71
-69
-152
-184
-73
55
32
-147
-185
-54
81
89
0
-105
-83
97
226
183
11
-144
-33
255
349
120
-122
-107
94
284
275
76
-117
-103
33
165
132
6
-81
-89
-46
0
-24
-91
-108
-112
-91
-96
-111
-126
-127
-142
-121
-97
-123
-133
-128
-79
-45
-91
-161
-140
-38
45
-9
-119
-143
-19
111
115
25
-30
26
119
178
140
59
57
120
169
148
88
84
154
162
72
-14
16
98
164
140
-12
-142
-103
46
159
121
-106
-284
-235
9
177
66
-218
-348
-192
75
122
-39
-242
-299
-137
101
164
1
-198
-244
-7
218
181
-59
-143
33
225
200
58
-18
47
188
205
109
61
79
123
148
186
132
15
-3
122
243
158
-34
-107
25
210
191
-31
-209
-127
14
80
2
-144
-234
-183
-58
4
-67
-221
-238
-88
4
-82
-192
-142
2
7
-109
-150
-67
31
18
4
-12
-13
-36
49
177
183
4
-134
-25
278
358
126
-140
-114
108
277
256
78
-80
-105
9
147
166
38
-129
-123
-14
74
-23
-174
-149
-53
-25
-102
-169
-119
-45
-110
-193
-172
-87
-54
-115
-137
-57
-40
-146
-191
-86
85
62
-125
-218
-65
170
181
56
-47
-46
70
201
222
121
9
11
130
264
225
38
-52
87
226
149
-20
-57
65
185
103
-71
-139
-34
96
102
-53
-225
-201
-18
138
28
-258
-356
-143
123
126
-102
-298
-280
-54
129
99
-70
-204
-150
35
163
102
-45
-75
18
181
217
84
-29
39
190
221
113
44
50
130
199
181
93
21
18
129
229
151
-22
-102
27
193
188
-6
-215
-164
67
136
-58
-256
-243
-49
63
-32
-241
-274
-104
35
-23
-180
-252
-129
46
85
-49
-189
-173
-35
114
124
18
-128
-103
77
270
206
-59
-172
15
293
350
101
-111
-87
75
251
258
114
-49
-120
-37
150
219
58
-143
-173
-43
90
15
-118
-161
-106
-50
-67
-157
-170
-84
-60
-114
-169
-168
-143
-82
-18
-62
-184
-211
-89
98
66
-133
-268
-104
135
192
23
-94
-17
105
173
139
91
63
65
141
174
152
60
38
142
201
114
-46
-59
100
211
140
-23
-96
-96
-11
101
128
-51
-285
-265
29
227
30
-327
-376
-76
156
62
-156
-253
-191
-48
58
45
-41
-142
-144
-13
157
151
-10
-111
14
194
189
38
15
135
223
116
10
83
216
207
103
21
83
141
129
97
101
126
39
-32
50
166
131
-59
-178
-47
91
19
-109
-152
-109
-104
-136
-104
-62
-111
-193
-164
-76
-44
-101
-139
-72
-10
-40
-90
-97
-28
27
26
17
-25
-35
43
154
177
42
-98
-24
189
276
174
-19
-87
31
205
263
126
-60
-109
5
147
177
26
-134
-157
-29
84
-1
-143
-175
-113
-15
-52
-186
-209
-73
-74
-134
-168
-150
-109
-72
-65
-120
-141
-147
-91
5
48
-32
-188
-166
54
218
115
-64
-101
19
213
239
124
9
27
143
223
200
67
-11
83
207
165
34
-56
28
132
138
60
-48
-108
-14
91
78
-87
-223
-174
13
131
-3
-254
-309
-122
52
64
-34
-208
-291
-159
93
208
41
-231
-271
-8
243
206
-14
-172
-16
201
208
117
40
45
97
168
159
114
91
100
128
182
134
20
17
120
210
152
8
-74
24
139
137
3
-110
-96
-72
-12
31
-72
-221
-231
-91
14
-50
-195
-206
-126
-70
-85
-131
-91
-36
-31
-89
-116
-49
16
8
6
-12
-10
13
69
107
109
41
-35
53
216
217
63
-19
47
92
115
142
140
75
-69
-106
64
216
142
-105
-257
-104
125
71
-129
-182
-126
-61
-91
-158
-110
-63
-131
-181
-128
-77
-61
-118
-145
-105
-97
-105
-99
-32
29
-28
-133
-125
10
151
95
5
1
48
98
132
151
142
101
96
105
134
131
128
112
97
62
17
41
106
137
68
-22
-55
-45
22
91
5
-146
-191
-68
46
55
-110
-267
-253
-52
65
29
-124
-250
-182
-54
31
48
-17
-109
-123
-15
77
106
17
-31
69
141
104
48
55
144
211
130
15
29
156
234
175
96
45
26
98
165
165
90
-16
-28
62
168
122
-64
-189
-57
60
54
-83
-223
-180
-55
-19
-86
-180
-202
-155
-67
-40
-92
-127
-138
-66
-5
-22
-100
-113
-34
64
86
-2
-98
-64
144
246
108
-78
-74
99
277
245
33
-68
26
125
189
181
78
-43
-62
30
168
153
-54
-179
-89
64
72
-84
-197
-124
-23
-39
-124
-187
-154
-77
-87
-103
-138
-158
-149
-83
-14
-55
-177
-200
-105
18
68
-44
-180
-160
54
192
130
-31
-90
25
167
221
138
26
16
130
214
165
75
47
119
172
102
-3
-9
82
135
96
-20
-73
-43
-8
67
58
-71
-200
-222
-36
138
42
-240
-311
-169
15
99
-9
-192
-302
-200
67
216
89
-205
-302
-36
239
237
-62
-170
50
258
188
15
-35
112
247
179
48
65
132
151
134
117
123
92
44
114
188
125
-37
-88
55
223
167
-102
-186
-38
75
15
-128
-197
-147
-82
-50
-57
-154
-194
-147
-47
-41
-122
-188
-100
8
9
-119
-155
-69
67
72
-26
-60
-2
62
105
102
51
25
44
96
146
153
74
53
42
60
120
181
155
6
-117
-69
109
206
115
-100
-238
-124
71
76
-49
-173
-197
-126
-33
-42
-120
-160
-202
-179
-56
-2
-109
-210
-166
-53
-33
-79
-145
-106
12
7
-90
-107
24
89
58
20
19
83
116
110
110
139
147
90
56
96
178
187
129
58
16
32
107
149
92
-4
-61
-52
26
88
53
-70
-167
-147
-23
74
22
-182
-272
-142
34
28
-107
-175
-170
-113
-18
28
21
-52
-131
-91
24
111
59
16
-12
52
113
112
116
103
83
105
122
146
151
94
42
105
174
188
41
-14
106
220
172
-24
-103
32
183
159
-19
-185
-149
1
73
-1
-173
-252
-149
-5
-14
-134
-226
-180
-87
-54
-98
-138
-120
-36
4
-63
-143
-96
-12
56
63
41
-55
-119
18
259
268
-1
-184
-33
261
318
129
-47
-60
57
183
227
168
-15
-157
-89
132
279
108
-199
-288
-22
214
76
-185
-276
-169
-18
41
-86
-221
-212
-142
-47
-4
-118
-273
-207
12
109
-80
-304
-231
39
158
-7
-212
-159
80
184
83
-26
3
67
113
138
137
149
111
80
92
127
139
124
132
87
43
22
87
132
100
-14
-55
-17
16
39
29
-30
-103
-156
-131
24
67
-81
-276
-237
-44
86
14
-156
-271
-188
-28
95
88
-56
-193
-160
41
173
116
-39
-81
48
149
159
99
49
96
157
140
69
78
153
172
121
120
75
45
64
138
166
113
-7
-39
61
157
88
-91
-159
-23
49
-3
-119
-179
-119
-65
-80
-137
-176
-135
-68
-47
-138
-206
-131
9
33
-60
-147
-145
-34
68
80
8
-97
-57
31
174
163
38
-50
2
165
226
137
26
19
59
98
162
180
81
-48
-65
33
158
137
-14
-148
-111
32
34
-79
-120
-89
-85
-113
-150
-151
-87
-62
-107
-165
-181
-110
-56
-70
-103
-151
-165
-80
6
-5
-44
-118
-128
-24
70
93
20
-14
44
79
132
173
108
58
72
161
178
114
53
90
168
160
31
-46
52
153
139
20
-39
-52
-34
35
72
0
-158
-210
-92
101
94
-139
-319
-230
-32
60
0
-122
-178
-187
-116
15
120
47
-156
-222
-37
171
196
22
-102
9
124
166
121
96
104
120
62
87
197
220
101
20
99
157
160
102
56
91
80
39
21
51
118
81
-51
-128
-51
-2
12
-56
-148
-183
-146
-72
-22
-98
-181
-202
-109
-36
-82
-143
-112
-14
2
-86
-161
-95
39
120
46
-74
-115
12
195
227
75
-115
-108
153
360
238
-42
-130
30
201
253
145
-15
-78
-27
79
141
93
-48
-118
-75
13
30
-98
-174
-114
-31
-36
-146
-228
-108
0
-69
-207
-241
-123
-18
-13
-88
-167
-200
-151
-34
80
41
-110
-227
-121
133
242
59
-109
-77
109
254
200
66
-20
60
190
218
154
44
19
107
194
153
20
-36
26
134
146
27
-119
-119
5
133
86
-138
-296
-133
104
129
-105
-289
-248
-62
52
43
-110
-253
-250
-63
149
157
-46
-270
-176
90
257
132
-119
-132
81
217
199
100
12
28
136
184
178
123
42
52
160
227
127
-10
16
158
211
110
-41
-78
60
185
107
-100
-155
-50
15
6
-88
-190
-161
-69
-43
-110
-164
-168
-98
-76
-123
-158
-112
-26
-23
-112
-115
-45
8
3
-34
-2
42
5
-16
69
148
118
-16
-38
103
234
186
47
5
39
80
145
189
143
-11
-150
-66
175
229
12
-183
-150
14
39
-76
-131
-69
-50
-156
-206
-101
-3
-30
-209
-284
-125
17
-42
-162
-175
-104
-27
-62
-103
-67
-12
-61
-88
-46
53
92
47
11
32
106
112
125
146
113
89
80
123
180
121
87
108
121
66
3
21
127
140
14
-62
-46
0
61
44
-43
-156
-170
-60
61
54
-150
-301
-202
-4
77
-5
-164
-256
-195
-34
106
96
-72
-213
-152
94
226
101
-128
-112
132
271
178
-2
-61
121
259
175
31
32
132
204
170
86
36
34
100
185
167
41
-56
-48
121
237
95
-176
-237
-19
149
68
-168
-287
-199
-3
66
-75
-250
-275
-113
36
-10
-176
-246
-136
58
86
-87
-208
-143
35
174
120
-97
-202
-12
283
268
14
-171
-70
236
344
184
-49
-73
42
167
204
157
80
-49
-99
8
197
186
-76
-211
-89
118
52
-154
-178
-87
-37
-78
-142
-162
-101
-63
-135
-182
-134
-109
-91
-71
-74
-118
-152
-130
-57
28
8
-101
-153
-57
100
125
43
-25
-12
107
193
158
69
49
100
150
174
115
53
87
158
143
45
-10
55
113
103
41
-15
-58
-44
20
107
12
-160
-225
-86
97
81
-181
-309
-202
18
51
-44
-164
-220
-161
-22
94
88
-84
-228
-124
123
219
72
-128
-115
126
245
160
29
23
131
176
126
103
129
124
89
134
150
89
3
66
200
210
57
-102
-66
143
239
81
-167
-190
-17
79
13
-116
-194
-164
-98
-61
-98
-146
-170
-115
-72
-88
-140
-129
-44
7
-54
-134
-131
-9
41
28
25
10
-49
-37
88
221
137
-64
-99
133
323
207
1
-71
1
160
239
159
6
-71
-52
47
176
123
-72
-178
-95
74
78
-103
-213
-162
-58
-39
-108
-162
-101
-92
-132
-170
-130
-115
-119
-64
-24
-81
-179
-216
-76
113
90
-124
-241
-108
139
241
64
-128
-78
150
275
163
35
34
122
180
150
94
97
131
148
96
10
16
71
130
123
29
-74
-93
-4
99
99
-58
-205
-162
-29
86
31
-186
-307
-183
1
91
15
-169
-300
-179
59
149
43
-191
-224
-31
165
162
34
-122
-35
155
225
87
-4
55
195
221
69
-10
126
236
190
83
21
29
117
175
160
92
-2
-47
26
169
157
13
-161
-148
1
82
15
-142
-227
-146
-58
-38
-123
-224
-174
-64
-15
-108
-212
-145
-4
48
-76
-175
-123
3
93
62
-30
-118
-89
92
251
166
-31
-140
25
286
296
36
-115
14
178
194
96
77
57
22
-36
27
131
111
-64
-151
-53
100
-7
-157
-154
-86
-24
-85
-185
-155
-28
-52
-152
-190
-156
-97
-55
-86
-83
-125
-162
-111
14
66
-52
-204
-164
36
180
128
-30
-68
33
151
186
151
110
63
59
119
183
164
77
54
115
151
79
21
48
99
87
34
-11
-48
-42
35
94
2
-178
-233
-92
103
89
-147
-346
-274
12
179
72
-223
-363
-250
56
230
121
-179
-336
-145
183
307
86
-226
-136
185
305
149
-52
5
184
229
80
28
143
213
122
50
86
140
122
67
76
116
90
5
1
72
116
41
-72
-84
-61
-26
-37
-103
-103
-104
-142
-145
-113
-74
-98
-130
-163
-138
-88
-27
-50
-58
-86
-107
-78
-36
25
72
25
-61
-83
43
205
192
34
-112
-25
220
321
159
-61
-91
44
224
277
117
-40
-114
-25
153
201
48
-132
-112
-23
14
-47
-78
-53
-92
-156
-167
-116
-26
-12
-163
-281
-186
-7
15
-149
-206
-107
-41
-73
-120
-97
-17
10
-55
-117
-64
52
87
68
65
29
38
92
161
164
116
97
79
100
144
182
134
54
5
39
122
133
59
-4
-10
49
34
-3
-32
-2
-24
-121
-172
-75
84
13
-199
-275
-157
4
55
-45
-173
-237
-165
18
133
70
-138
-243
-80
159
207
28
-126
-20
164
217
119
7
26
167
179
90
92
167
147
93
64
146
148
68
16
126
200
113
-51
-59
75
162
71
-104
-122
-27
0
-39
-91
-151
-145
-101
-85
-108
-148
-139
-88
-88
-137
-157
-74
2
-1
-96
-136
-89
4
29
18
-1
-26
2
78
141
128
35
-51
9
174
247
140
-1
-39
54
172
204
103
26
-39
-66
38
164
142
-63
-202
-129
52
79
-68
-184
-160
-100
-86
-110
-104
-73
-110
-179
-180
-89
-54
-120
-144
-103
-68
-71
-123
-106
-22
27
-50
-150
-82
83
131
91
18
-14
37
154
227
164
55
20
57
177
213
168
69
9
73
123
94
58
45
37
38
31
-29
-37
19
71
-25
-182
-207
-63
95
37
-163
-291
-199
5
62
4
-140
-273
-215
37
185
98
-175
-284
-91
188
253
51
-145
-83
145
247
147
14
21
145
202
140
71
86
126
142
151
106
49
59
134
166
129
14
-55
-10
141
155
16
-129
-121
-24
50
-18
-150
-205
-140
-79
-60
-101
-173
-165
-113
-83
-124
-115
-58
-27
-81
-119
-83
-35
-3
-15
-9
30
20
-11
35
115
131
31
-31
42
201
188
75
34
55
82
109
126
149
78
-43
-103
22
200
169
-60
-215
-136
49
71
-71
-156
-156
-98
-80
-91
-83
-110
-184
-176
-74
-34
-137
-206
-115
28
-7
-151
-223
-116
77
92
-83
-202
-92
129
189
50
-30
2
92
171
189
128
54
72
132
162
135
127
136
107
12
-24
85
197
160
-9
-95
-42
45
71
40
-30
-128
-152
-79
24
60
-109
-262
-223
-40
40
-4
-114
-192
-206
-88
31
58
-10
-119
-140
-22
95
126
36
-70
2
129
163
86
57
98
183
145
22
64
194
217
71
22
121
156
101
61
80
138
110
-24
-64
44
179
87
-114
-179
-75
44
27
-101
-212
-169
-85
-55
-108
-159
-152
-108
-92
-103
-133
-86
-17
-24
-103
-128
-69
17
51
45
-3
-60
-46
84
188
135
11
-92
40
231
279
137
-8
-62
20
166
261
172
-20
-145
-52
152
235
55
-171
-192
3
127
-9
-164
-185
-82
12
-71
-201
-185
-70
-57
-123
-163
-144
-85
-89
-89
-74
-121
-142
-119
-23
23
-39
-118
-125
9
140
99
-15
-38
49
161
184
111
53
73
136
169
137
78
102
151
161
41
-26
31
131
133
18
-30
-4
-15
6
30
13
-85
-148
-130
-21
45
-54
-215
-230
-80
11
-12
-74
-158
-206
-158
-9
117
88
-115
-240
-92
134
211
69
-90
-4
121
123
86
89
148
161
60
20
144
249
153
39
62
132
153
89
51
88
131
96
14
1
50
94
53
-52
-76
-89
-44
20
-60
-181
-228
-127
12
6
-162
-253
-184
-56
-30
-87
-126
-81
-14
-51
-97
-73
-30
11
22
23
-17
-20
80
149
125
5
-89
60
257
244
47
-35
32
102
133
131
131
83
-42
-105
29
203
146
-85
-215
-106
57
91
-42
-196
-224
-99
-12
-50
-131
-167
-179
-149
-77
-40
-124
-189
-142
-27
-10
-115
-211
-128
54
68
-88
-193
-63
159
172
33
-79
-26
156
245
193
61
-1
63
173
203
159
94
57
93
100
74
61
65
63
64
59
-9
-74
-43
54
65
-57
-186
-165
-1
93
-39
-241
-279
-104
46
68
-61
-203
-262
-114
71
111
15
-156
-206
-33
148
147
-16
-50
84
169
97
33
43
153
217
97
4
87
217
239
119
-2
27
134
178
134
58
49
45
28
49
104
93
-1
-129
-104
-12
18
-19
-145
-186
-123
-73
-83
-140
-172
-131
-75
-103
-169
-127
-30
-6
-68
-120
-111
-39
-5
-5
34
24
-42
-34
99
179
136
-27
-103
38
264
292
92
-77
-85
82
249
276
132
-79
-186
-32
233
282
-27
-276
-187
91
197
-42
-268
-230
-34
49
-75
-234
-192
-33
-8
-141
-211
-165
-123
-55
-6
-63
-160
-213
-121
7
69
-11
-161
-155
31
188
131
-37
-73
38
182
196
129
62
62
116
184
165
99
83
103
125
96
36
19
87
129
75
-15
-39
-24
11
37
36
-96
-205
-128
44
71
-74
-246
-246
-72
50
4
-127
-201
-179
-69
10
42
12
-91
-138
-50
95
139
27
-33
41
117
143
85
51
104
170
133
65
115
155
138
83
115
139
104
32
47
140
186
79
-87
-44
121
187
27
-170
-170
-11
50
-5
-113
-201
-176
-101
-52
-85
-137
-164
-156
-109
-77
-81
-56
-47
-82
-105
-95
-19
26
2
-38
-30
21
73
100
101
45
-2
42
141
201
117
22
63
90
94
117
148
127
31
-52
-40
65
173
93
-84
-167
-91
19
24
-19
-124
-196
-163
-100
-32
-23
-105
-246
-227
-72
0
-93
-192
-140
-41
-57
-134
-150
-62
20
-2
-114
-113
8
151
95
-20
-27
93
173
161
56
50
127
180
159
60
39
138
218
150
-22
-78
75
210
171
-9
-111
-65
36
96
53
-75
-166
-160
-25
91
12
-210
-296
-131
52
20
-87
-171
-175
-110
-60
-12
36
-12
-109
-148
-17
135
131
15
-53
43
135
132
115
57
92
152
135
88
97
154
141
127
136
72
30
95
180
164
58
-55
-42
130
215
76
-140
-181
-8
99
22
-145
-226
-144
-34
-37
-102
-177
-202
-120
-34
-67
-148
-177
-64
28
-24
-125
-162
-35
66
60
4
-25
-58
-28
86
223
161
-23
-153
28
284
318
103
-97
-86
90
266
278
87
-120
-156
19
220
223
-31
-234
-178
48
145
-24
-200
-210
-97
-10
-56
-138
-156
-142
-152
-116
-66
-79
-155
-211
-81
54
-40
-215
-245
-66
125
75
-142
-238
-20
196
178
36
-77
-49
125
224
206
96
23
55
151
206
146
71
81
98
69
54
102
139
78
-30
-38
17
50
35
-18
-60
-80
-88
-95
-25
1
-86
-171
-175
-121
-29
14
-36
-167
-238
-140
42
146
35
-163
-208
-60
124
209
105
-45
-39
45
116
187
166
89
27
54
138
218
207
59
-8
108
223
152
31
7
95
185
108
-40
-50
91
162
21
-151
-159
-22
66
-1
-159
-248
-153
-14
-19
-145
-237
-167
-46
-38
-117
-175
-80
-6
-40
-118
-117
-10
36
2
-22
-48
-17
55
116
113
78
0
-28
104
222
176
61
35
32
47
126
222
186
4
-179
-119
151
279
105
-184
-246
-37
123
29
-126
-173
-124
-92
-128
-140
-59
-29
-141
-192
-160
-104
-68
-69
-70
-104
-179
-151
-55
57
12
-134
-162
-26
145
150
-44
-102
9
172
224
123
37
53
133
212
174
53
28
130
240
170
-53
-91
88
230
144
-31
-86
6
59
28
-5
-74
-116
-104
-55
-3
11
-112
-230
-204
-64
44
5
-114
-211
-198
-97
56
107
-30
-204
-176
39
190
150
-48
-88
58
169
151
52
48
144
178
85
37
134
170
132
100
112
97
68
79
135
130
82
-5
-35
56
177
129
-82
-235
-84
96
70
-97
-235
-201
-76
-20
-81
-162
-177
-113
-88
-109
-144
-108
-33
12
-63
-160
-145
42
86
12
-76
-53
6
79
144
112
43
-38
-6
167
260
129
11
19
63
108
184
168
78
-9
-44
-8
109
141
30
-109
-140
-40
55
-5
-120
-145
-112
-86
-93
-122
-99
-90
-149
-154
-121
-101
-115
-91
-76
-85
-135
-138
-81
9
8
-59
-131
-79
46
95
72
26
5
57
147
166
124
72
90
137
113
115
147
151
103
53
-2
53
133
147
47
-23
-1
17
0
-40
-13
15
-54
-134
-136
-30
64
-66
-259
-245
-102
38
66
-69
-243
-277
-100
124
147
-57
-231
-160
99
204
73
-115
-28
139
167
108
60
63
125
144
97
97
157
120
65
117
183
155
31
-19
111
222
174
-10
-104
40
191
154
-103
-213
-58
77
40
-98
-205
-226
-112
-6
-26
-158
-212
-157
-76
-60
-103
-136
-62
-23
-59
-126
-98
1
32
13
-14
-11
2
18
84
141
113
-1
-30
107
220
204
49
-17
13
96
152
204
149
-45
-169
-64
201
279
33
-248
-263
16
170
41
-168
-241
-182
-59
-25
-87
-103
-119
-208
-174
-71
-27
-117
-181
-134
-63
-61
-133
-139
-14
44
-54
-138
-83
85
121
0
-8
57
157
148
83
60
100
144
160
110
85
108
146
144
78
2
10
115
180
96
-27
-55
-4
45
17
-26
-52
-93
-88
-63
-3
-14
-147
-229
-136
-17
-8
-29
-101
-201
-200
-71
73
93
-18
-169
-140
36
152
91
-50
0
119
120
79
69
114
196
165
17
-13
163
285
203
20
-2
99
181
149
82
43
79
77
40
34
55
59
-17
-72
-62
-57
-41
-75
-120
-155
-149
-93
-68
-100
-119
-138
-179
-144
-86
-29
-51
-108
-116
-78
-16
-10
-31
-6
24
11
-34
7
127
175
81
-36
-48
131
253
180
42
-10
3
89
208
228
92
-90
-130
22
220
202
-50
-248
-161
75
131
-58
-211
-179
-69
-11
-99
-153
-117
-109
-170
-153
-65
-37
-117
-160
-108
-49
-90
-146
-153
-34
82
16
-141
-148
26
164
122
17
-38
22
157
224
164
57
40
90
144
176
141
108
95
61
35
67
139
129
6
-65
18
65
20
-39
-27
2
-64
-158
-135
-13
68
-57
-260
-253
-74
76
41
-143
-265
-223
-36
125
117
-58
-216
-173
45
198
132
-25
-58
41
138
128
113
119
106
85
59
94
206
213
76
9
94
167
114
58
96
148
103
-19
-40
94
173
54
-132
-162
-29
51
-2
-114
-179
-127
-106
-117
-107
-112
-92
-114
-175
-165
-103
-18
4
-62
-173
-174
-34
121
74
-59
-102
-36
64
102
114
71
33
12
34
137
226
164
47
12
18
108
216
194
34
-62
-57
42
146
97
-46
-113
-45
32
-39
-127
-100
-52
-94
-155
-152
-104
-22
-65
-184
-222
-123
-23
-81
-160
-130
-66
-65
-127
-132
-37
64
0
-136
-150
29
167
151
16
-81
28
173
211
131
64
62
122
148
156
127
104
88
59
51
79
93
88
53
16
-18
-39
-18
39
57
-17
-155
-199
-67
93
34
-205
-292
-162
11
63
-48
-188
-214
-142
-14
47
33
-56
-135
-87
44
83
56
22
70
105
31
33
159
214
165
22
-64
106
316
261
47
-67
56
229
210
70
-5
58
152
103
26
-12
56
96
-5
-96
-83
-31
-19
-82
-162
-180
-113
-43
-56
-147
-195
-133
-67
-64
-135
-128
-75
-24
-52
-108
-75
-31
2
41
21
-18
-40
34
150
180
36
-99
-4
219
284
137
-35
-30
50
162
219
158
34
-93
-105
102
228
124
-127
-238
-51
163
66
-169
-228
-142
-10
-23
-157
-168
-61
-80
-163
-166
-105
-84
-146
-148
-65
-46
-117
-166
-113
37
44
-84
-185
-71
136
150
44
-26
-33
81
195
168
120
48
48
134
208
194
81
24
65
146
146
67
-2
8
91
89
35
-38
-50
4
14
-43
-115
-143
-58
25
23
-125
-237
-217
-78
71
70
-100
-288
-268
-47
189
157
-94
-300
-175
157
286
108
-159
-121
127
261
198
22
-2
104
183
153
90
111
129
137
131
115
80
50
78
148
159
89
-13
-45
43
150
99
-76
-149
-84
-15
-9
-72
-170
-161
-92
-88
-147
-133
-87
-93
-174
-175
-92
-12
-7
-74
-172
-127
-16
70
15
-49
-27
15
8
34
80
120
99
-1
-23
123
234
180
53
-35
1
130
219
195
76
-88
-141
17
225
224
-24
-217
-200
0
72
0
-73
-137
-181
-165
-90
-5
-20
-177
-294
-174
31
21
-163
-225
-130
-19
-28
-115
-138
-42
12
-36
-108
-40
69
84
60
41
32
109
144
118
101
99
149
162
102
54
107
188
177
48
-50
40
168
152
19
-63
-1
39
18
-20
-18
-26
-101
-120
-83
4
-13
-142
-213
-157
-21
-9
-61
-129
-167
-167
-66
52
98
-28
-165
-136
45
147
65
-8
53
97
48
42
135
221
190
-7
-85
113
340
305
41
-114
38
208
193
90
49
82
90
34
-2
56
126
25
-133
-125
6
37
-60
-155
-163
-108
-68
-78
-142
-189
-130
-48
-78
-163
-192
-95
43
40
-98
-220
-129
55
145
67
-97
-143
-7
176
238
110
-76
-111
53
266
275
124
-38
-83
59
234
251
120
-45
-97
-14
140
196
76
-119
-197
-64
92
22
-103
-143
-115
-82
-102
-143
-97
-33
-102
-187
-177
-103
-98
-111
-78
-66
-83
-125
-162
-91
35
40
-85
-186
-77
131
198
33
-85
7
160
195
129
50
61
134
172
144
109
112
115
73
20
44
141
177
55
-74
-53
79
107
-20
-127
-56
28
-3
-126
-166
-84
10
-57
-152
-193
-146
-13
48
-47
-245
-253
-42
146
114
-109
-234
-86
116
185