#4
37
-19
-149
-265
-308
-156
111
155
-126
-349
-175
184
237
-83
-326
-96
258
188
-174
-209
122
291
26
-220
-92
197
233
-26
-172
-66
80
53
-11
53
15
-126
-204
-84
135
58
-153
-212
-112
-28
-53
-112
-97
-115
-240
-253
-52
58
-131
-353
-245
45
29
-240
-373
-120
182
40
-320
-319
28
187
-25
-246
-128
71
11
-64
-9
80
-36
-186
-63
195
220
-101
-326
-151
205
228
-58
-259
-178
-47
-5
-31
-61
-157
-269
-240
-4
83
-180
-436
-262
51
19
-307
-408
-150
77
-87
-394
-332
-20
28
-175
-253
-121
-47
-200
-233
31
209
-62
-413
-339
170
400
11
-471
-319
232
410
48
-294
-180
138
216
45
-97
-57
31
47
49
32
-51
-153
-75
103
88
-171
-269
-41
150
-4
-245
-264
-58
41
-88
-176
-126
-113
-190
-184
-19
89
-78
-342
-282
103
285
-25
-367
-233
201
317
21
-230
-127
139
226
33
-68
20
115
97
60
45
44
25
59
138
109
-26
-89
8
156
143
-4
-107
-100
-34
13
24
51
-8
-185
-218
-47
165
69
-292
-390
-116
191
60
-283
-309
-35
62
-141
-250
-84
80
-33
-199
-147
43
89
-83
-143
4
104
-33
-151
19
224
122
-186
-213
116
334
129
-200
-217
37
185
116
-43
-117
-122
-124
-23
103
17
-237
-321
-86
141
-3
-326
-317
-35
43
-179
-324
-150
57
-76
-352
-315
-48
64
-122
-252
-113
-13
-169
-265
-39
229
65
-305
-371
-5
341
193
-233
-322
-5
254
180
-13
-126
-75
50
174
175
24
-152
-97
161
273
13
-274
-180
172
271
-23
-333
-192
148
142
-126
-202
-115
-35
-91
-92
20
-27
-287
-315
13
243
2
-371
-312
74
286
37
-281
-230
100
236
81
-61
-39
17
46
131
153
49
-50
-43
176
285
114
-142
-59
230
324
39
-168
-38
176
199
49
-12
-22
-75
-101
6
208
193
-170
-390
-128
253
233
-166
-407
-206
150
143
-174
-303
-147
30
-22
-114
-77
-60
-131
-105
30
74
-66
-200
-72
147
121
-89
-162
43
221
112
-88
-115
30
146
110
66
14
-56
-92
15
173
151
-85
-302
-159
183
223
-120
-375
-228
92
118
-158
-310
-145
-2
-75
-180
-152
-99
-131
-186
-166
-84
-105
-175
-130
-33
-32
-180
-233
-84
95
87
-98
-174
-86
9
53
76
43
-60
-172
-46
230
304
16
-276
-148
260
386
42
-263
-119
224
266
-31
-169
1
144
34
-110
-65
61
-10
-154
-73
99
3
-219
-245
16
188
-50
-340
-271
58
171
-31
-244
-184
-30
33
40
76
30
-140
-147
120
308
120
-192
-157
251
342
50
-163
36
279
216
-46
-81
175
298
59
-133
30
240
120
-46
31
216
92
-240
-231
161
380
85
-355
-352
95
350
42
-320
-279
-18
95
7
-113
-169
-182
-90
37
52
-127
-304
-126
186
196
-154
-341
-85
252
213
-143
-244
32
214
130
-42
-23
63
43
-22
83
226
87
-180
-160
158
318
56
-260
-218
84
193
-20
-227
-180
-27
9
-65
-101
-148
-192
-138
-44
-9
-138
-249
-191
-32
-36
-207
-259
-63
88
-16
-243
-281
-60
67
-2
-43
0
-27
-138
-160
88
257
108
-204
-265
101
404
186
-203
-195
152
322
99
-156
-29
225
168
-68
-96
53
126
30
-57
-5
17
-63
-117
-23
108
45
-229
-268
-39
184
49
-255
-280
-65
96
57
-101
-184
-149
-65
91
183
4
-223
-162
146
341
130
-195
-204
169
391
155
-125
-42
222
227
18
-17
140
223
83
-39
80
226
118
-93
-81
206
290
-29
-286
-134
225
273
24
-229
-232
-10
132
113
-41
-244
-280
-63
188
111
-230
-358
-89
167
62
-221
-263
0
169
27
-173
-123
68
103
-31
-65
67
72
-66
-42
203
251
-32
-266
-9
386
312
-144
-335
-10
346
267
-83
-238
-105
62
100
14
-74
-183
-231
-77
168
77
-273
-392
-108
179
46
-322
-411
-67
174
-45
-343
-283
4
64
-71
-161
-113
-97
-128
-29
160
124
-209
-356
-45
369
311
-192
-401
-39
371
333
-34
-202
-26
191
179
35
5
69
48
50
102
97
-32
-136
18
185
124
-142
-236
-11
172
50
-166
-174
-49
7
-47
-67
-43
-93
-181
-127
67
115
-88
-275
-171
145
241
-25
-234
-91
170
198
56
-51
29
124
105
61
97
153
84
31
103
167
129
59
69
179
143
-1
-41
80
221
161
-21
-104
-37
56
50
75
114
-5
-202
-176
77
222
-3
-338
-274
75
241
-39
-366
-237
79
143
-100
-229
-121
49
63
-39
-78
-36
-27
-9
74
121
11
-168
-57
269
331
-13
-292
-106
310
355
26
-234
-103
166
221
39
-58
-26
-50
-92
16
130
-16
-270
-238
49
185
-111
-388
-200
105
79
-237
-334
-118
77
-55
-270
-231
-36
-7
-130
-116
12
-36
-252
-256
108
331
62
-377
-360
88
409
216
-212
-329
-47
294
337
109
-131
-183
10
318
327
-6
-265
-96
313
378
-20
-354
-125
317
316
-127
-332
-59
217
126
-137
-168
-62
-44
-96
-20
87
-53
-302
-276
78
273
23
-345
-319
81
290
108
-141
-155
-8
116
154
116
9
-78
13
247
309
66
-197
-62
328
448
90
-259
-79
319
380
81
-134
-38
102
148
148
153
11
-214
-172
150
416
172
-373
-460
58
483
222
-365
-498
-66
308
152
-224
-336
-111
78
46
-89
-145
-130
-47
67
92
-46
-197
-131
146
245
6
-223
-153
184
339
109
-148
-147
88
230
172
42
-45
-81
-15
136
213
92
-168
-252
7
234
86
-230
-293
-53
125
-5
-228
-215
7
18
-197
-270
-85
61
-45
-257
-263
-78
4
-73
-114
-88
-75
-115
-177
-39
113
79
-64
-142
-117
-32
138
171
24
-155
-159
114
379
219
-160
-259
59
409
288
-127
-220
104
338
167
-151
-174
79
220
79
-139
-111
35
57
-37
-38
-11
-117
-184
-54
135
90
-235
-355
-70
242
112
-232
-277
-32
145
43
-50
-25
32
2
-14
103
157
22
-53
71
246
155
-54
-14
228
292
57
-123
48
329
276
-32
-118
98
234
83
-36
127
191
-21
-229
-73
276
287
-72
-347
-173
222
238
-78
-279
-167
30
28
-55
-60
-89
-147
-97
-5
19
-101
-206
-48
127
66
-160
-196
54
243
85
-179
-143
111
193
106
9
4
23
-9
65
206
203
-43
-189
-20
254
250
-43
-244
-120
99
135
-20
-122
-101
-84
-105
-43
28
-81
-222
-194
-53
14
-91
-268
-188
12
9
-199
-289
-102
92
41
-166
-237
-109
15
26
45
33
-84
-204
-119
215
303
-15
-350
-170
324
447
75
-289
-176
226
358
125
-117
-60
119
139
90
44
2
-43
-19
83
102
-39
-156
-90
95
141
-77
-286
-164
107
172
-74
-297
-230
8
109
24
-96
-132
-125
-55
79
128
9
-157
-90
145
259
87
-148
-87
225
314
63
-100
64
265
179
-16
17
168
209
89
39
122
134
28
-27
85
270
128
-172
-208
92
289
146
-110
-213
-122
87
153
71
-124
-292
-215
78
250
12
-364
-334
67
252
-27
-337
-221
146
217
-70
-258
-71
169
122
-86
-98
91
116
6
28
145
93
-63
-65
151
289
114
-169
-164
118
274
75
-107
-65
16
2
-30
7
19
-105
-222
-83
112
9
-285
-304
-8
147
-77
-331
-256
21
45
-193
-304
-96
85
-44
-224
-150
25
-16
-170
-88
164
138
-168
-309
-39
300
222
-142
-239
36
292
205
-35
-114
29
152
151
96
42
43
38
49
126
88
-74
-106
70
182
50
-149
-111
27
71
-17
-118
-80
-13
-45
-106
-37
13
-115
-203
-78
111
83
-147
-266
-57
201
149
-79
-170
13
172
150
35
-8
69
153
75
30
93
169
136
68
88
131
126
96
126
159
92
8
18
118
152
87
42
30
-40
-80
22
179
162
-119
-272
-107
222
237
-135
-427
-215
193
268
-106
-389
-209
123
123
-121
-224
-76
60
25
-43
-32
-21
-51
13
95
94
-43
-113
23
248
215
-59
-209
12
278
268
11
-148
-54
98
147
83
34
-45
-154
-81
91
133
-57
-283
-189
69
131
-130
-308
-173
42
-23
-209
-189
-56
-29
-176
-230
-83
12
-90
-213
-113
69
-3
-230
-222
113
252
-31
-304
-194
141
282
97
-160
-176
40
242
226
79
-93
-137
60
312
266
-41
-201
4
313
271
-94
-272
-10
269
192
-109
-222
-44
91
47
-34
-47
-97
-151
-101
75
119
-106
-353
-236
163
292
-69
-383
-224
153
248
27
-129
-83
20
113
149
141
37
-103
-30
261
332
80
-143
-34
255
327
85
-86
18
240
256
50
-56
-13
89
150
182
160
-70
-259
-82
262
365
-18
-448
-292
239
416
14
-433
-341
81
241
12
-235
-229
-23
43
-45
-128
-102
-34
1
14
-22
-90
-94
37
168
99
-101
-142
22
209
188
6
-82
5
113
122
76
75
40
-37
-33
113
214
84
-161
-217
-7
169
85
-137
-200
-96
5
-30
-104
-116
-94
-158
-156
-50
-8
-140
-252
-178
-11
28
-151
-232
-90
56
-9
-166
-223
-54
137
113
-62
-158
-122
1
144
187
26
-170
-162
119
358
249
-139
-259
72
390
230
-126
-144
107
271
129
-105
-82
74
92
-6
-19
-3
-1
-56
-54
79
29
-189
-250
-11
203
49
-301
-324
-19
198
63
-190
-198
-24
68
37
20
34
-41
-103
31
239
211
-62
-169
90
368
193
-99
-66
197
308
88
-84
49
256
224
6
-12
139
144
-1
10
202
167
-93
-223
14
274
225
-120
-278
-68
163
117
-66
-179
-139
-48
12
30
-45
-173
-183
-32
95
5
-200
-226
51
201
18
-230
-153
142
225
-14
-165
-48
147
173
36
2
55
30
-9
94
226
156
-103
-179
49
282
209
-80
-229
-110
123
139
-18
-159
-185
-111
30
74
-72
-243
-270
-99
83
12
-223
-285
-97
34
-74
-233
-221
-38
56
-57
-190
-141
-39
-17
14
64
1
-147
-241
-7
342
266
-162
-364
-37
416
398
-70
-321
-62
329
329
9
-171
-7
179
195
58
-40
-36
10
57
78
59
-82
-126
-24
104
69
-134
-237
-100
87
111
-93
-258
-197
-36
110
101
-60
-219
-212
-7
219
186
-76
-243
-79
240
305
38
-199
-54
275
316
55
-100
68
216
190
94
62
86
83
83
188
203
24
-110
-18
258
351
27
-291
-186
165
323
140
-160
-262
-113
123
199
46
-213
-320
-89
182
170
-155
-366
-175
141
136
-131
-285
-95
143
112
-101
-152
-4
98
39
-50
-4
86
52
-26
61
193
97
-111
-99
184
317
90
-185
-109
164
211
43
-107
-60
9
5
-14
30
-25
-163
-201
-22
116
-72
-300
-209
45
75
-182
-309
-141
68
-47
-259
-252
-31
64
-99
-171
-68
-41
-153
-156
113
249
-21
-365
-256
238
425
36
-345
-235
209
416
153
-165
-137
89
227
181
50
-8
28
69
135
136
8
-106
-23
155
157
-42
-173
-69
61
67
-14
-109
-134
-109
-64
56
76
-110
-281
-185
104
234
-31
-320
-258
83
296
100
-187
-186
52
222
169
16
-30
33
115
153
122
116
79
52
84
165
178
83
64
145
190
53
-46
74
180
155
79
-28
-72
-34
78
137
133
-42
-229
-164
118
244
17
-341
-308
73
258
5
-330
-291
45
171
-10
-241
-203
8
107
11
-93
-97
-22
45
81
62
-9
-65
-56
129
241
101
-122
-130
132
278
144
-51
-89
44
147
82
25
16
-52
-100
-21
123
70
-141
-275
-81
151
92
-228
-363
-131
94
17
-184
-242
-145
-70
-78
-88
-105
-168
-183
-70
83
40
-232
-333
-50
282
196
-192
-373
-101
275
318
-13
-271
-130
165
270
161
-26
-128
-35
198
313
131
-141
-147
168
349
139
-202
-190
123
281
56
-210
-169
75
139
-7
-94
-74
-74
-118
-58
69
41
-193
-307
-73
209
125
-198
-294
-70
134
105
2
-51
-38
-18
55
153
194
20
-112
40
297
268
1
-131
79
330
250
-6
-53
123
217
137
33
72
63
22
67
193
199
-60
-269
-98
281
351
-45
-420
-219
247
354
-65
-431
-307
98
231
20
-231
-232
-87
36
18
-60
-128
-137
-4
77
27
-95
-102
47
144
32
-85
-64
76
190
128
-23
-29
54
92
69
103
128
17
-118
-11
199
255
-1
-259
-186
93
226
29
-225
-262
-53
85
11
-144
-195
-157
-118
-58
-12
-81
-213
-222
-109
12
-45
-202
-207
-59
42
-23
-164
-182
-22
106
48
-70
-136
-104
9
178
158
-59
-179
-49
244
314
44
-215
-107
255
333
42
-148
-1
207
181
-20
-129
33
176
99
-89
-117
12
74
-21
-83
-29
-10
-91
-113
-18
26
-74
-182
-149
7
84
-38
-147
-103
-31
-9
10
79
48
-70
-69
86
211
107
-101
-25
259
304
15
-160
82
329
248
-16
-93
164
324
158
-49
-5
138
131
38
93
203
51
-198
-150
162
319
97
-255
-260
49
226
95
-180
-251
-98
44
65
-18
-137
-192
-104
26
51
-98
-218
-78
137
119
-110
-231
-50
215
129
-104
-109
41
126
92
52
78
58
-72
-38
184
309
74
-230
-150
203
349
97
-221
-234
30
179
76
-103
-152
-123
-72
-8
-1
-111
-191
-177
-49
5
-75
-223
-220
-64
-5
-128
-235
-159
-2
6
-100
-156
-126
-43
-42
14
65
-14
-129
-175
58
269
137
-194
-245
94
359
226
-106
-183
71
283
185
-36
-40
94
133
102
49
20
-13
-6
79
120
-1
-140
-129
34
163
71
-199
-300
-87
147
121
-89
-267
-219
-16
133
93
-92
-226
-201
3
236
204
-101
-291
-64
291
307
23
-188
-44
256
325
99
-65
0
115
192
226
121
3
-8
152
290
177
-74
-136
74
343
277
-116
-301
-63
258
287
23
-227
-241
-9
182
172
-39
-261
-273
-63
181
143
-161
-338
-142
109
90
-159
-229
-32
107
19
-109
-77
39
61
-12
-48
44
73
-21
18
164
166
-5
-130
35
250
211
-56
-160
42
221
134
-47
-73
0
12
-22
12
21
-80
-203
-151
65
102
-140
-322
-178
31
26
-142
-238
-129
-44
-116
-177
-108
-29
-95
-181
-65
49
-62
-255
-169
171
265
-59
-368
-223
228
390
65
-292
-244
134
343
220
-29
-145
-40
132
239
199
23
-120
-1
212
209
-20
-142
-17
140
116
-53
-114
-29
33
5
-27
-63
-64
-103
-114
-8
38
-79
-218
-150
84
146
-71
-272
-188
75
231
75
-139
-138
60
180
154
43
-21
19
119
180
158
92
41
70
143
176
105
67
100
140
138
61
38
107
100
90
86
13
-73
-32
72
185
142
-93
-305
-125
226
291
-91
-451
-297
157
342
-2
-399
-360
43
242
31
-255
-286
-19
182
97
-101
-191
-54
110
140
51
-54
-98
-16
194
248
35
-146
-71
172
279
113
-112
-103
61
168
128
44
-32
-112
-109
78
180
-27
-255
-236
12
148
-17
-274
-257
-27
36
-122
-230
-119
-27
-99
-202
-174
-48
-36
-135
-134
-25
-18
-177
-228
16
226
83
-198
-288
-21
256
211
-42
-180
-93
85
217
206
58
-121
-95
157
292
128
-94
-60
144
232
53
-149
-56
182
170
-59
-163
-5
102
-3
-116
-40
35
-78
-212
-90
122
73
-211
-315
-41
222
111
-219
-309
-99
181
213
22
-163
-142
56
210
214
58
-120
-75
186
334
159
-43
-50
160
285
171
-17
-16
142
225
139
54
41
37
61
125
192
111
-165
-217
51
336
239
-216
-389
-47
310
215
-200
-392
-134
159
146
-69
-232
-188
-70
4
27
-28
-123
-141
-25
90
35
-103
-102
44
129
61
-57
-76
46
191
133
11
-37
-35
83
188
175
38
-107
-73
120
225
114
-97
-202
-50
126
112
-64
-200
-146
-43
4
-42
-124
-144
-144
-124
-58
-29
-116
-216
-193
-48
17
-128
-264
-150
52
41
-118
-246
-161
99
187
11
-203
-203
-38
174
253
62
-204
-208
78
347
254
-75
-225
5
307
280
-3
-110
24
186
146
-13
-43
30
87
40
10
-8
-39
-67
-43
34
88
-77
-233
-127
92
118
-124
-293
-164
89
138
-69
-193
-118
6
33
18
48
17
-53
-17
120
163
59
-20
37
181
168
30
14
172
232
98
-28
79
244
198
16
-22
116
195
67
-8
108
196
53
-180
-116
177
259
13
-242
-177
78
159
32
-143
-165
-91
-41
23
12
-122
-204
-107
67
73
-147
-255
-71
168
119
-171
-263
10
276
133
-141
-152
28
191
170
53
-24
-42
-23
101
231
165
-68
-119
47
207
132
-40
-83
-46
26
19
-10
-44
-69
-101
-109
-47
-7
-87
-183
-188
-62
-1
-77
-181
-200
-88
-56
-113
-149
-114
-56
-76
-94
-56
-84
-148
-80
76
134
-14
-236
-179
168
352
80
-286
-260
167
436
222
-169
-225
78
333
215
-18
-108
35
187
170
52
-65
-55
37
110
102
-44
-141
-86
78
109
-31
-171
-168
-27
38
-4
-112
-170
-121
11
65
-5
-118
-182
-102
82
184
34
-181
-121
134
268
127
-123
-104
151
339
186
-97
-92
150
287
200
43
-7
63
142
201
202
42
-84
-7
164
277
147
-142
-232
19
276
242
-18
-273
-223
41
239
168
-138
-346
-243
95
245
12
-324
-320
18
206
8
-263
-243
31
199
17
-193
-127
85
138
3
-88
-9
47
64
100
119
88
-49
-72
109
240
151
-74
-130
60
199
129
-1
-62
-34
-12
11
16
-29
-122
-181
-58
100
11
-225
-265
-60
35
-77
-222
-171
-55
-59
-181
-196
-65
0
-100
-179
-94
20
-67
-205
-86
183
154
-152
-306
-69
287
264
-104
-290
-38
268
266
13
-106
-27
112
201
142
30
-13
14
115
142
59
-42
-25
73
117
2
-103
-41
56
14
-59
-87
-84
-55
-50
-17
-11
-57
-173
-182
-16
139
35
-210
-260
-7
198
135
-102
-174
14
160
149
64
5
8
65
150
169
119
83
57
69
140
159
100
83
125
142
118
31
44
104
127
128
71
-18
-56
-19
98
170
67
-177
-223
34
252
115
-218
-336
-91
178
149
-142
-310
-137
104
51
-141
-196
-59
61
30
-54
-88
-39
36
53
17
-23
-9
10
69
149
110
-13
-70
14
190
224
69
-97
-105
79
197
146
16
-98
-139
-33
125
123
-76
-264
-182
59
126
-82
-304
-232
8
46
-99
-211
-186
-110
-103
-97
-86
-106
-197
-163
7
96
-63
-342
-254
149
328
40
-316
-321
10
337
241
-88
-242
-96
190
324
163
-119
-227
29
342
310
-6
-184
-24
257
253
-14
-179
-40
170
172
-24
-150
-52
61
27
-3
-49
-109
-136
-84
41
55
-98
-242
-155
92
146
-92
-247
-131
69
100
15
-55
-30
19
72
100
131
39
-51
60
236
228
45
-65
67
254
236
30
-51
90
260
221
22
-26
70
125
107
99
104
22
-124
-79
142
248
62
-255
-256
49
277
121
-232
-328
-77
126
84
-97
-210
-146
-23
9
-17
-113
-163
-76
84
103
-74
-185
-40
154
136
-58
-129
-25
158
187
61
-49
-31
69
151
166
69
-47
-81
37
170
184
48
-131
-159
-19
134
76
-118
-217
-115
38
52
-95
-230
-180
-67
-17
-73
-150
-170
-143
-84
-64
-87
-190
-181
-30
18
-69
-144
-151
-54
84
81
-64
-132
-115
-7
145
173
0
-154
-94
152
304
142
-129
-126
124
293
141
-73
-29
146
190
44
-92
4
147
92
-32
-105
-35
61
64
-59
-62
-14
-70
-130
-69
19
11
-104
-191
-121
15
42
-25
-111
-102
-53
7
85
63
-81
-104
76
219
165
-34
-106
87
283
173
-33
4
194
233
86
-31
80
239
187
44
16
92
115
56
75
165
119
-103
-193
22
296
260
-122
-357
-131
182
198
-47
-232
-198
-39
78
62
-99
-209
-162
-3
45
-16
-167
-154
20
109
-17
-159
-96
102
127
-31
-72
14
92
56
27
69
128
47
-57
39
219
196
-53
-158
22
243
198
-35
-177
-86
56
104
3
-82
-135
-144
-63
45
3
-171
-250
-135
18
12
-160
-284
-170
-3
-10
-133
-206
-168
-49
6
-36
-111
-175
-135
57
188
36
-209
-267
7
338
249
-162
-346
-48
367
361
-8
-246
-75
270
295
49
-119
2
159
170
53
-23
-19
14
46
70
33
-66
-61
-13
18
14
-82
-145
-87
-13
10
-31
-103
-147
-120
-15
82
-9
-156
-192
-60
117
180
1
-178
-70
168
228
62
-88
-16
154
215
105
45
78
137
121
102
116
125
103
58
118
203
100
-33
7
153
237
80
-176
-128
116
249
113
-131
-202
-28
106
98
-15
-143
-184
-104
44
84
-60
-223
-184
3
59
-57
-161
-88
46
44
-81
-95
33
97
-17
-70
15
117
27
-41
51
154
127
-17
-41
104
196
78
-44
-19
105
115
29
3
9
-31
-99
-46
71
67
-108
-259
-130
88
43
-169
-258
-139
-14
-21
-133
-198
-169
-105
-89
-73
-98
-152
-154
-77
22
-23
-192
-200
15
213
86
-202
-269
-7
287
209
-108
-233
-43
206
261
92
-65
-87
43
182
202
113
-28
-48
97
199
65
-100
-63
116
174
-10
-180
-82
90
71
-68
-112
-71
-27
-57
-66
-13
-70
-156
-153
11
117
1
-187
-199
-37
153
139
-17
-108
-53
49
153
171
67
-46
-2
154
237
175
26
-31
97
236
219
63
-8
81
214
198
19
-14
77
150
156
66
-74
-95
19
157
175
10
-187
-207
52
200
71
-212
-280
-53
164
77
-197
-280
-77
83
22
-114
-163
-85
31
49
-39
-108
-67
19
95
54
-15
-44
-12
85
150
94
4
-39
42
161
144
27
-32
7
68
70
80
86
1
-137
-104
67
117
-70
-247
-178
68
107
-123
-285
-174
-9
-5
-128
-179
-148
-87
-94
-110
-103
-150
-177
-73
36
27
-163
-284
-119
188
206
-68
-274
-152
149
238
50
-137
-127
50
218
214
45
-113
-55
157
262
143
-50
-90
114
234
102
-89
-69
101
149
30
-100
-83
48
40
-33
-37
-12
-69
-170
-110
55
86
-100
-269
-165
92
143
-53
-237
-183
21
139
134
10
-116
-127
36
248
237
15
-148
-10
233
279
107
-25
30
166
168
86
86
142
127
90
57
107
126
30
22
140
168
-13
-178
-73
203
255
-8
-290
-183
156
240
-32
-287
-219
16
122
1
-183
-188
-60
-17
-50
-71
-86
-65
-2
12
-37
-87
-43
54
70
-25
-35
43
93
78
21
21
67
90
46
33
102
113
41
-21
0
113
139
34
-94
-109
11
85
15
-96
-140
-119
-17
5
-75
-174
-189
-105
-48
-40
-114
-203
-200
-75
22
-77
-236
-236
-24
73
-18
-190
-259
-62
185
171
-26
-218
-214
35
259
189
-80
-239
-55
287
330
34
-239
-102
240
337
92
-125
-55
153
198
49
-53
2
70
53
-5
-2
-10
-37
-93
-7
95
-9
-198
-196
5
132
3
-211
-241
-69
104
87
-107
-203
-131
9
124
122
-39
-155
-46
170
252
81
-146
-49
240
306
76
-101
27
238
257
63
-14
116
195
122
60
93
121
53
-11
84
231
143
-125
-208
41
275
200
-125
-274
-75
140
162
-32
-227
-208
-36
79
68
-101
-243
-167
5
61
-42
-167
-128
41
92
-36
-155
-59
95
106
-20
-60
10
85
108
88
83
29
-64
1
186
246
47
-151
-79
151
248
69
-102
-83
-24
11
17
10
-26
-141
-205
-74
106
5
-207
-264
-120
21
-30
-190
-236
-110
-3
-79
-203
-220
-72
50
-30
-148
-205
-124
44
142
65
-116
-233
-130
160
305
65
-244
-218
103
363
251
-81
-211
2
264
274
52
-99
-32
123
170
116
2
-68
-23
94
123
1
-111
-104
13
74
35
-88
-181
-113
-5
22
3
-110
-206
-141
13
96
10
-139
-200
-89
144
234
40
-208
-139
113
271
164
-58
-76
122
252
172
22
-6
77
194
236
146
35
-11
67
228
258
40
-107
-4
196
276
61
-197
-137
119
242
109
-126
-210
-84
79
156
38
-190
-293
-103
161
145
-131
-320
-167
70
90
-82
-204
-109
43
32
-57
-41
6
17
-21
-26
90
100
-2
-21
96
166
61
-69
-39
126
200
91
-29
-33
30
82
115
86
-34
-155
-112
81
148
-30
-282
-242
37
158
-77
-306
-231
-11
49
-70
-215
-219
-102
-71
-89
-107
-129
-146
-145
-2
91
-84
-298
-171
154
253
-17
-325
-259
143
383
139
-229
-257
67
336
231
-36
-139
-31
182
230
107
-33
-10
112
172
72
-55
-42
100
144
0
-163
-81
138
113
-87
-173
-71
37
-12
-117
-101
-12
-33
-122
-123
2
51
-65
-164
-89
21
72
62
-17
-49
9
78
107
73
29
47
102
140
116
85
68
80
140
158
111
71
103
132
161
111
26
29
63
134
194
65
-125
-150
5
252
246
-82
-305
-174
179
290
-29
-355
-291
53
234
14
-279
-260
1
89
-41
-171
-138
-19
43
-20
-63
-61
-30
40
77
38
-11
-76
0
151
190
74
-90
-57
129
222
116
-50
-62
51
143
112
46
2
-75
-91
4
107
15
-151
-184
-56
58
-13
-183
-213
-78
-26
-104
-146
-117
-116
-137
-127
-66
-90
-188
-191
-64
91
29
-236
-313
-40
292
198
-189
-380
-143
257
358
37
-265
-235
106
367
287
-42
-260
-109
243
398
149
-159
-119
143
264
123
-86
-78
39
87
44
-9
-16
-33
-78
-6
94
-14
-190
-217
-8
170
26
-249
-277
-33
131
43
-151
-179
-66
31
59
61
23
-36
-69
28
175
193
30
-88
39
216
204
65
7
75
149
164
115
106
118
95
89
96
112
68
-1
105
231
112
-146
-180
57
293
190
-164
-336
-57
274
196
-144
-330
-167
98
160
-20
-226
-230
-76
39
42
-83
-192
-135
58
124
-20
-158
-117
64
172
61
-80
-82
49
147
117
53
16
26
57
83
96
80
29
2
49
109
86
9
-94
-91
2
63
23
-65
-125
-143
-61
17
-46
-159
-172
-134
-73
-35
-73
-190
-226
-112
-25
-73
-207
-165
3
6
-93
-184
-169
20
169
45
-168
-217
-36
198
205
-6
-182
-128
119
296
196
-68
-169
32
255
228
-2
-80
55
170
132
-8
-53
62
120
55
-70
-81
14
59
-1
-43
-58
-90
-81
-23
6
-48
-135
-146
-30
40
-17
-134
-133
-33
34
-40
-45
60
95
-21
-88
3
177
192
22
-25
97
162
114
79
106
125
96
83
148
187
110
22
49
158
207
75
-67
-3
191
200
-55
-191
6
181
180
-31
-210
-158
57
178
38
-201
-246
-99
130
152
-114
-320
-226
39
145
-31
-230
-179
42
123
-28
-143
-53
91
70
-27
-22
44
77
41
25
100
90
7
-18
112
201
74
-114
-74
136
205
73
-76
-102
-71
29
71
3
-86
-192
-149
23
95
-65
-288
-252
-19
76
-67
-265
-255
-96
21
-58
-180
-199
-110
-24
2
-20
-159
-244
-61
189
203
-86
-350
-210
223
397
83
-310
-262
153
441
239
-155
-269
34
354
325
22
-166
-81
168
294
144
-103
-164
1
184
164
-56
-185
-84
71
108
-14
-135
-144
-76
-21
19
-47
-127
-130
-82
6
26
-54
-142
-126
56
131
41
-92
-65
81
148
84
1
11
130
167
89
21
79
150
156
106
77
111
124
120
114
122
73
21
69
120
129
91
-6
-76
-15
91
134
50
-94
-149
-53
72
129
5
-201
-252
-68
116
94
-122
-238
-138
-3
2
-41
-91
-76
-35
-33
-13
12
-11
-50
-25
83
129
-23
-136
21
254
231
-38
-192
-4
287
260
-5
-193
-58
188
226
72
-61
-101
-102
-16
89
67
-77
-217
-161
10
49
-88
-221
-156
-50
-64
-114
-130
-127
-120
-157
-113
-65
-89
-136
-147
-58
15
-86
-194
-49
143
99
-120
-238
-77
196
227
-20
-185
-61
135
215
117
7
-20
15
100
147
123
57
-3
56
129
100
-14
-26
38
84
16
-57
-24
44
-40
-71
-6
-20
-86
-150
-92
44
50
-122
-244
-105
103
77
-101
-187
-104
39
104
41
-29
-41
10
84
146
120
11
-49
86
218
189
67
-18
80
225
225
45
-54
81
263
247
45
-86
10
149
239
137
-104
-188
-1
214
236
17
-241
-203
39
238
131
-177
-332
-139
120
146
-50
-243
-203
-23
35
-11
-99
-129
-95
8
59
27
-70
-104
-10
104
113
5
-105
-43
125
206
124
-52
-83
69
209
162
34
-68
-31
81
151
118
12
-126
-157
-1
128
63
-123
-196
-113
-1
-17
-110
-133
-111
-119
-131
-85
-75
-151
-176
-142
-49
-83
-152
-158
-54
21
-71
-194
-167
30
167
25
-161
-207
-48
193
205
3
-166
-135
77
268
217
-22
-171
-26
245
317
68
-138
-72
183
256
66
-126
-98
102
165
51
-91
-98
-30
-12
59
66
-85
-205
-157
27
125
-35
-255
-238
-2
171
37
-163
-200
-82
49
105
99
7
-112
-95
100
264
164
-101
-121
145
327
185
-24
-34
143
244
166
60
38
89
169
153
76
55
39
47
150
210
35
-167
-131
114
281
98
-220
-239
19
228
122
-198
-276
-99
70
81
-46
-161
-156
-79
-25
-3
-69
-141
-79
29
45
-34
-98
-34
67
87
-12
-29
26
57
58
65
93
87
20
-21
59
177
152
-29
-88
35
157
140
-9
-146
-127
29
99
17
-98
-176
-120
-23
30
-64
-185
-220
-137
-12
18
-126
-271
-216
-54
20
-72
-197
-179
-89
-19
-2
-76
-166
-78
68
76
-33
-133
-109
59
165
94
-81
-142
44
247
222
-13
-119
8
183
194
67
10
50
84
66
34
45
69
11
-21
3
37
46
-50
-99
1
53
-46
-144
-132
-22
32
-22
-144
-148
-76
-16
38
-16
-133
-142
-24
120
125
-26
-133
-54
144
227
85
-61
2
143
200
118
51
57
110
135
146
147
96
36
84
177
161
45
-24
37
224
218
-65
-252
-45
279
269
-63
-304
-164
154
234
27
-245
-305
-54
164
125
-137
-285
-176
67
107
-89
-235
-162
67
155
-11
-177
-159
46
144
40
-29
-4
2
21
77
169
127
-35
-96
59
234
191
-39
-154
19
216
151
18
-58
-91
-55
28
63
16
-104
-194
-147
28
80
-106
-269
-209
-20
38
-94
-257
-232
-67
6
-83
-200
-209
-105
23
26
-82
-255
-209
111
259
49
-269
-311
35
340
219
-115
-289
-61
284
319
43
-159
-60
175
237
98
-27
7
108
142
77
-10
-21
41
80
72
-21
-83
-18
19
40
4
-102
-140
-88
-4
-8
-61
-126
-133
-76
15
12
-77
-128
-90
-54
15
104
65
-67
-73
54
139
143
54
-20
31
134
187
118
55
60
97
184
197
87
8
52
197
244
61
-92
9
182
249
108
-148
-178
50
217
190
-11
-209
-184
11
179
129
-127
-292
-200
47
202
33
-255
-292
-55
123
5
-148
-156
-55
45
17
-54
-51
9
28
-1
23
36
-10
22
96
125
73
-6
-8
95
155
87
5
14
75
73
39
23
59
-9
-122
-93
69
117
-67
-242
-176
36
40
-111
-214
-162
-66
-56
-97
-126
-157
-170
-139
-69
-37
-138
-183
-102
12
-9
-176
-199
2
165
78
-162
-228
-25
223
178
-53
-147
-50
138
241
120
-57
-92
55
232
188
14
-36
62
186
125
-51
-110
50
207
101
-130
-150
50
141
-14
-156
-122
2
32
-107
-155
-48
42
-48
-149
-119
2
34
-61
-154
-114
14
139
101
-50
-99
15
144
177
66
-47
1
151
272
154
-12
-29
110
276
227
40
-24
67
191
216
72
21
31
68
149
164
-32
-134
-27
133
200
33
-179
-183
20
180
70
-172
-243
-99
101
94
-129
-250
-119
56
19
-133
-154
-60
53
38
-65
-107
-62
29
95
37
-39
-45
29
130
123
16
19
50
77
84
83
64
58
37
21
35
77
98
18
-115
-114
17
92
24
-142
-188
-98
13
-5
-106
-182
-173
-111
-29
-32
-146
-260
-208
-36
42
-84
-260
-186
13
63
-94
-280
-149
156
191
-44
-237
-176
70
236
96
-122
-143
44
234
200
13
-92
-23
149
231
97
-60
-5
156
192
62
-85
-26
135
136
-10
-131
-42
134
68
-105
-160
-37
18
-27
-106
-66
-16
-66
-150
-108
14
43
-51
-121
-105
-47
-6
74
70
-11
-75
-14
122
204
92
-80
-25
195
274
138
-54
-24
143
257
201
68
-3
30
189
275
119
-79
-123
82
365
272
-139
-342
-75
313
368
-27
-364
-245
146
282
29
-277
-266
-46
146
82
-142
-240
-135
1
25
-56
-131
-111
-3
23
-18
-74
-58
34
63
-21
-45
47
119
52
-10
24
135
122
3
-36
68
179
130
-23
-83
38
175
135
-12
-151
-135
28
131
55
-125
-240
-162
16
80
-43
-238
-271
-94
72
19
-217
-337
-176
63
65
-156
-336
-181
66
90
-102
-274
-190
128
224
14
-233
-246
14
266
254
-71
-284
-103
240
344
112
-139
-153
102
290
188
13
-58
50
139
112
25
-13
9
34
62
19
-22
-20
-46
-27
30
-27
-102
-96
-48
-13
-28
-109
-142
-65
-19
-27
-43
-58
-84
-90
-27
87
121
-4
-115
-40
161
213
43
-91
26
214
220
84
10
53
121
179
180
108
46
50
131
213
117
-12
-36
111
289
146
-169
-199
71
278
168
-128
-259
-54
187
132
-88
-239
-165
34
128
9
-195
-246
-94
67
64
-108
-233
-123
91
100
-66
-173
-65
108
140
-54
-97
23
106
77
49
50
66
41
10
70
151
118
1
-52
51
128
80
36
-10
-74
-76
3
72
25
-124
-228
-104
80
51
-193
-314
-138
61
47
-186
-329
-209
-9
55
-83
-243
-256
-85
58
64
-97
-302
-219
121
282
51
-301
-307
79
335
197
-133
-291
-61
294
324
70
-154
-110
138
271
139
-24
-28
103
179
95
-53
-72
38
153
104
-73
-135
-8
84
54
-77
-156
-77
0
-28
-75
-68
-61
-90
-117
-58
17
-1
-104
-149
-62
79
139
23
-95
-88
55
161
153
37
-18
46
157
185
122
53
20
70
187
242
134
1
-4
190
272
111
-65
-10
130
199
135
-94
-166
25
204
220
-4
-239
-205
53
211
105
-209
-327
-106
142
128
-100
-252
-157
-3
32
-73
-148
-77
12
14
-36
-37
-8
-30
-36
11
100
79
-33
-30
91
164
102
-53
-50
115
215
120
-35
-62
35
125
123
40
-38
-125
-64
69
112
-1
-195
-272
-61
126
20
-200
-272
-159
-46
6
-74
-172
-234
-168
-54
6
-102
-209
-157
-35
44
-62
-235
-161
129
191
-56
-257
-173
140
265
88
-145
-193
40
248
235
49
-92
-55
96
206
164
37
-25
45
127
117
6
-37
45
88
60
-40
-79
7
17
-51
-27
3
-23
-124
-167
-33
68
-31
-165
-157
-19
57
-33
-127
-108
-36
36
87
49
-21
-63
-5
114
181
118
-23
-61
129
300
218
4
-91
63
266
264
105
-31
12
183
205
89
30
27
66
150
108
-39
-114
25
169
142
-72
-201
-98
79
168
-5
-217
-198
-32
81
6
-136
-129
-56
-47
-107
-106
-38
10
-30
-121
-82
10
54
51
-12
-40
-6
28
44
78
86
54
13
46
95
104
72
27
-2
36
114
108
43
-5
-40
-71
5
64
22
-91
-170
-135
13
39
-82
-209
-204
-111
-20
-10
-103
-257
-246
-58
57
-22
-253
-309
-46
168
33
-252
-326
-36
270
150
-175
-294
-77
215
246
9
-216
-153
116
338
217
-72
-195
-27
270
306
85
-144
-59
180
268
84
-128
-86
104
188
89
-90
-142
-43
35
63
32
-79
-163
-157
-35
76
25
-149
-216
-82
50
22
-76
-131
-103
-50
35
128
94
-61
-122
-5
197
218
7
-129
17
283
308
46
-111
-5
232
322
158
-29
-41
120
248
208
40
-67
-27
143
293
111
-178
-197
75
293
177
-147
-267
-68
140
150
-43
-205
-182
-32
86
32
-122
-209
-151
-39
44
-3
-122
-140
-24
69
-5
-101
-66
69
62
-30
-29
41
93
69
38
82
95
46
-3
38
136
154
15
-75
13
149
165
51
-106
-160
-33
111
81
-63
-199
-184
-23
81
-6
-192
-265
-153
-8
19
-106
-231
-204
-94
-53
-80
-152
-134
-45
-56
-98
-98
-105
-76
31
55
-12
-116
-125
34
178
76
-102
-131
66
256
180
-71
-120
47
237
203
-12
-47
71
184
126
-30
-44
66
117
49
-17
-61
-33
47
-1
-29
-55
-79
-92
-41
-2
-42
-110
-115
-50
-23
-58
-78
-73
-29
-15
-67
-53
40
103
35
-57
-41
86
177
127
5
24
83
132
169
155
65
19
95
214
216
72
-27
68
213
202
42
-64
78
235
120
-116
-139
66
231
119
-113
-214
-50
148
133
-94
-229
-156
28
105
-6
-176
-223
-81
56
23
-140
-191
-36
86
5
-104
-90
12
69
31
-84
12
107
74
9
33
91
101
44
-17
63
135
83
27
18
54
71
41
32
-1
-44
-66
-21
27
-10
-94
-131
-105
-28
-41
-109
-173
-144
-84
-55
-82
-199
-202
-102
-34
-38
-162
-227
-133
-29
36
-44
-211
-164
82
164
-20
-224
-157
121
216
51
-146
-143
79
249
185
0
-83
4
148
161
89
64
54
74
61
68
47
34
40
49
9
-10
-24
-8
-1
2
-37
-84
-93
-51
-32
-31
-51
-85
-94
-81
-32
-15
-70
-131
-74
29
55
53
4
-44
-16
17
100
155
108
5
-20
108
229
186
60
-33
38
236
309
108
-76
1
241
266
55
-61
10
194
237
9
-185
-81
152
235
77
-189
-205
-4
144
108
-87
-253
-169
61
131
-36
-208
-208
-43
30
-47
-124
-104
-35
1
-53
-73
2
41
5
-72
-30
98
100
0
-17
63
144
90
8
10
72
104
89
42
30
27
41
92
76
-25
-141
-85
77
108
-38
-198
-189
-13
93
-63
-252
-223
-65
5
-40
-162
-245
-188
-39
11
-117
-245
-171
-1
34
-75
-212
-218
41
233
70
-233
-274
13
260
183
-83
-150
-50
140
224
102
6
-61
9
154
219
101
-25
-33
100
182
107
-32
-56
83
142
12
-117
-62
87
82
-75
-127
-77
-11
-33
-87
-78
-38
-76
-112
-75
-38
-29
-56
-62
-47
-29
-40
-7
59
77
5
-27
39
136
148
72
2
61
141
147
102
73
97
136
143
116
115
106
115
51
51
134
139
64
48
36
-7
-16
12
106
113
-51
-156
-94
77
122
-33
-208
-172
-10
83
3
-134
-174
-109
-40
-35
-51
-66
-70
-34
-16
-22
-11
-17
27
22
-5
10
14
62
91
49
15
79
102
82
61
48
58
61
15
33
74
97
86
-38
-157
-72
86
83
-80
-189
-138
2
20
-81
-195
-190
-129
-37
16
-99
-255
-258
-87
60
-11
-222
-271
-76
58
-19
-164
-190
-7
137
54
-149
-173
9
158
92
-56
-108
-20
142
202
111
-32
-95
26
227
212
20
-64
40
187
155
-10
-76
50
145
81
-69
-95
24
72
-40
-97
-45
9
-26
-121
-140
-22
30
-64
-139
-112
-56
-1
-21
-84
-87
-40
42
105
43
-84
-99
61
219
182
20
-86
30
211
248
112
-14
22
139
215
212
93
-15
8
189
258
141
-25
-108
62
292
199
-113
-234
-30
258
235
-76
-240
-158
71
179
49
-177
-266
-124
85
133
-18
-264
-278
-51
122
72
-111
-197
-100
43
64
-30
-64
-22
13
27
75
46
5
-3
63
125
92
33
10
68
123
122
7
-19
64
102
65
6
-60
-77
-11
14
33
-7
-134
-194
-115
22
15
-109
-245
-214
-39
70
-83
-281
-270
-84
61
-32
-246
-264
-71
80
23
-173
-239
-46
171
102
-115
-245
-109
179
243
38
-181
-139
124
283
139
-58
-102
59
227
164
-4
-8
117
167
70
-25
1
59
91
53
-29
-55
-16
21
-15
-15
-50
-74
-66
-64
-43
-62
-79
-61
-44
-88
-83
-50
-20
-28
-45
-52
-13
65
47
-13
-20
35
114
127
60
43
89
136
111
89
94
87
98
191
188
77
8
100
231
170
-19
-86
67
307
255
-118
-294
-13
315
278
-76
-324
-150
157
239
31
-243
-273
-80
122
118
-76
-274
-226
2
116
-24
-222
-203
10
129
49
-127
-160
-17
132
84
-48
-70
10
100
110
62
14
24
81
93
89
51
19
59
90
44
-10
25
98
21
-103
-93
15
110
0
-193
-238
-46
116
9
-249
-329
-92
109
37
-229
-347
-184
32
66
-134
-296
-204
-9
54
8
-173
-291
-62
229
139
-136
-277
-70
211
197
-12
-187
-101
143
259
144
-24
-70
20
159
171
97
21
35
101
117
52
-14
5
79
69
-8
-67
-22
28
14
-19
-90
-86
-21
-24
-97
-107
-55
-3
-50
-128
-81
-1
-31
-96
-126
-51
75
138
34
-116
-88
85
229
171
-12
-80
46
234
258
102
-69
-43
146
322
265
14
-119
56
301
265
13
-102
9
208
226
-2
-173
-55
140
209
33
-158
-162
2
156
113
-129
-270
-151
80
126
-83
-237
-169
11
49
-100
-194
-73
99
55
-135
-169
-24
114
114
-40
-109
9
96
96
65
26
16
51
98
108
51
22
53
110
69
-16
-8
100
125
-3
-168
-92
83
95
-56
-203
-146
-8
52
-88
-254
-190
-22
20
-74
-229
-253
-145
1
2
-130
-270
-168
26
55
-75
-272
-227
103
264
33
-281
-289
48
303
176
-100
-223
-57
211
259
82
-88
-104
82
213
174
58
5
35
80
102
44
17
58
74
5
-66
-13
63
29
-59
-92
-35
10
-66
-129
-71
-1
-9
-117
-159
-78
18
11
-68
-93
-73
-50
31
61
42
6
-30
25
104
156
94
8
12
126
194
153
53
19
121
233
171
37
5
125
237
138
8
1
81
180
163
-20
-141
-34
141
186
24
-204
-146
112
172
-6
-238
-237
4
148
31
-172
-233
-77
37
-7
-141
-145
-32
51
-17
-89
-99
-22
71
72
-22
-38
7
48
102
84
34
26
57
77
84
83
71
30
27
48
58
67
61
12
-59
-81
2
57
10
-99
-194
-119
14
15
-85
-212
-222
-102
3
2
-151
-293
-212
-6
71
-114
-318
-197
49
72
-129
-263
-148
135
199
-51
-278
-161
141
241
65
-132
-151
39
225
220
31
-109
-66
139
242
134
2
1
95
130
61
4
29
65
49
12
-5
12
1
-41
-52
21
22
-56
-143
-127
-29
10
-57
-119
-108
-55
6
-29
-85
-68
-74
-43
46
112
55
-76
-81
60
211
179
-12
-75
74
242
219
66
-29
22
171
267
188
6
-29
106
264
189
7
-57
48
199
203
-28
-165
-59
164
226
10
-198
-149
41
154
68
-154
-245
-132
29
93
-4
-140
-215
-145
-16
38
-45
-124
-112
-25
5
-4
-39
-1
50
-11
-23
44
64
67
19
15
82
101
76
37
56
83
76
52
35
46
55
32
66
14
-104
-112
-2
95
13
-164
-216
-87
44
-11
-176
-246
-135
21
17
-160
-303
-196
-15
35
-131
-247
-133
21
-4
-131
-214
-100
132
142
-64
-222
-170
74
268
127
-145
-204
18
274
257
1
-149
-46
185
285
106
-73
-44
116
202
136
-10
-68
10
101
86
1
-86
-59
20
32
21
-46
-130
-114
-45
-13
-43
-94
-98
-65
-44
-56
-47
-68
-78
-59
-16
60
77
-12
-65
1
109
137
69
20
33
122
187
119
57
51
69
121
197
188
90
27
83
172
128
30
30
93
169
95
-80
-92
81
194
96
-115
-147
-2
102
72
-68
-171
-152
-33
72
38
-121
-205
-117
29
-8
-138
-168
-53
90
52
-117
-167
-26
132
103
-64
-109
27
114
110
42
31
31
63
83
76
78
46
44
71
73
48
22
30
33
-14
-65
-46
21
59
-30
-182
-188
-31
62
-27
-210
-234
-101
22
-17
-189
-283
-192
-12
55
-94
-284
-227
-26
67
16
-192
-258
-17
208
106
-153
-273
-59
228
193
-38
-170
-38
173
201
73
-27
-30
76
125
102
56
73
91
110
91
0
-32
37
100
70
-26
-72
-13
-5
-4
-5
-53
-79
-83
-57
-41
-59
-79
-98
-89
-35
0
-50
-115
-83
-48
-1
67
73
11
-54
-35
64
163
151
34
-31
42
192
237
152
-21
-41
142
304
217
-23
-82
109
306
233
2
-76
46
211
159
-49
-118
3
160
148
-34
-148
-107
46
150
51
-190
-256
-106
109
150
-58
-248
-219
-47
31
-16
-93
-110
-69
2
15
-14
-55
-52
9
42
76
44
-15
-20
77
137
92
16
5
58
97
111
70
44
25
10
41
100
87
-50
-149
-63
82
80
-106
-205
-119
10
35
-103
-221
-196
-67
10
-36
-198
-279
-170
14
18
-181
-281
-130
60
23
-142
-284
-134
175
180
-95
-267
-98
152
192
-7
-153
-59
118
209
114
-10
-46
2
121
184
123
5
32
101
133
81
-9
-31
68
119
50
-79
-92
30
63
13
-61
-101
-68
-25
-26
-62
-104
-117
-61
-5
-30
-80
-120
-71
17
5
-101
-46
79
125
30
-101
-39
157
212
91
-31
2
148
203
141
55
25
115
211
184
83
10
84
191
136
52
34
68
150
113
-55
-84
34
151
117
-55
-145
-61
80
126
-34
-231
-192
-6
103
42
-116
-215
-145
-27
16
-49
-115
-119
-50
34
25
-70
-105
6
93
42
-30
-52
21
122
119
60
15
42
92
99
52
27
61
85
56
21
47
82
18
-84
-107
-9
92
34
-109
-201
-135
15
52
-85
-268
-256
-50
85
-11
-259
-342
-162
49
78
-161
-304
-175
31
47
-72
-223
-153
64
144
-2
-181
-156
44
194
151
-40
-193
-68
182
278
132
-97
-151
59
265
234
48
-45
-1
113
141
83
23
-22
-9
27
69
35
-32
-77
-79
15
69
-31
-163
-195
-72
59
46
-101
-191
-135
-2
54
-26
-132
-140
-20
135
131
-39
-123
-26
159
212
63
-82
-11
189
260
137
-19
-3
124
256
255
95
-44
-15
175
289
156
-51
-84
104
275
167
-119
-191
15
254
211
-87
-248
-88
112
164
-36
-236
-204
-20
130
71
-152
-270
-140
44
66
-86
-190
-121
41
68
-54
-131
-43
103
81
-45
-47
21
98
112
40
10
61
103
93
44
17
55
90
108
67
-1
-19
63
95
-2
-134
-115
34
92
-44
-186
-191
-49
53
-42
-217
-252
-93
40
-1
-213
-320
-153
53
29
-205
-305
-129
54
41
-122
-258
-120
126
162
-53
-227
-153
111
218
72
-140
-160
64
251
209
-2
-131
-36
168
237
110
-8
30
78
86
45
21
54
75
36
0
-38
-23
12
6
-19
-14
-88
-106
-69
-39
-52
-93
-77
-16
-34
-95
-119
-80
-19
16
-37
-71
-19
50
64
46
17
-1
76
149
130
41
6
89
189
195
58
9
98
245
229
48
-33
94
241
165
0
-4
129
184
81
-77
-65
80
142
78
-64
-82
-3
20
-8
-52
-75
-74
-80
-32
5
-50
-117
-96
-93
-111
-77
-5
19
-39
-114
-112
-23
90
76
-40
-64
23
99
59
14
26
72
94
72
71
87
51
3
50
131
132
26
-55
-26
49
69
-25
-101
-59
7
-17
-124
-141
-50
-15
-112
-192
-160
-68
-19
-91
-228
-238
-86
17
-64
-219
-242
-46
48
-18
-180
-286
-81
178
165
-99
-267
-146
159
265
35
-212
-145
115
270
164
-38
-103
-2
168
210
100
12
8
71
131
108
19
-44
7
89
98
-1
-91
-52
11
37
0
-89
-128
-124
-36
21
-28
-97
-136
-103
-34
4
-50
-117
-102
-10
36
62
28
2
-11
14
71
121
112
62
0
75
192
196
103
-14
36
192
260
123
5
60
200
202
33
-34
83
213
182
-18
-152
-27
170
188
13
-160
-121
36
131
48
-106
-182
-95
20
48
-44
-141
-129
-39
-23
-120
-144
-51
38
17
-100
-140
-25
65
62
-11
-80
7
91
81
37
26
62
108
128
61
-7
-3
104
172
74
-42
-31
62
131
43
-116
-133
9
100
18
-145
-187
-76
25
-5
-144
-217
-165
-71
-1
-45
-193
-286
-183
-6
23
-121
-226
-146
-43
-26
-95
-171
-66
82
50
-90
-159
-66
119
128
9
-94
-66
56
137
150
62
-50
-20
115
199
113
13
19
94
119
33
-17
33
126
73
-38
-106
-41
83
68
-51
-133
-74
-5
2
-103
-174
-93
17
28
-82
-151
-113
-40
10
-4
-83
-97
27
138
82
-67
-92
43
175
192
67
-23
34
143
169
146
62
63
159
189
122
36
62
172
197
75
12
50
139
187
68
-112
-91
90
219
116
-138
-214
-32
186
158
-114
-305
-197
74
192
-2
-239
-237
-25
69
-20
-135
-140
-54
42
11
-117
-118
23
145
85
-91
-106
26
135
157
63
-28
16
101
140
102
37
-3
54
89
60
55
56
43
-25
-87
-21
42
29
-73
-123
-89
-59
-53
-62
-102
-163
-155
-73
-12
-63
-231
-312
-125
87
51
-238
-350
-115
102
49
-187
-293
-73
206
119
-152
-264
-74
182
209
19
-169
-173
69
266
209
-4
-145
-32
186
246
110
-20
8
81
102
46
11
39
73
39
-14
-38
-24
-5
-6
-6
-10
-70
-110
-90
-34
-1
-73
-144
-122
-24
-5
-78
-135
-55
31
-18
-76
-28
90
85
3
-33
43
138
128
43
4
88
199
208
107
-20
-1
185
327
202
-44
-75
165
291
167
-27
-56
121
249
97
-117
-113
89
218
101
-132
-195
-12
144
114
-64
-205
-168
-21
100
26
-124
-188
-118
-25
-11
-51
-115
-69
5
-14
-70
-45
22
60
-10
-62
21
94
113
59
-31
10
108
158
115
18
-49
6
164
203
57
-86
-86
64
168
38
-148
-170
-11
95
17
-153
-220
-115
22
14
-157
-241
-158
-14
-19
-168
-281
-154
-16
-34
-181
-214
-82
6
-43
-144
-195
-36
100
38
-109
-149
-27
101
117
33
-106
-106
62
218
187
18
-88
-30
129
184
133
41
16
57
96
82
32
26
38
34
25
-40
-43
2
38
-3
-97
-118
-59
11
-30
-132
-135
-37
43
-17
-151
-179
-64
72
21
-90
-97
24
67
59
40
5
21
64
110
114
83
65
95
129
153
121
91
126
150
114
52
81
172
169
70
27
84
157
137
-27
-99
57
191
91
-85
-141
0
105
71
-18
-140
-181
-84
50
125
-38
-218
-214
-20
68
-27
-180
-183
-23
99
26
-112
-125
-22
118
78
-4
-39
-22
63
113
93
71
27
24
75
121
81
37
45
62
46
31
45
70
29
-63
-107
-43
44
24
-89
-161
-123
-47
-1
-95
-179
-173
-103
-27
-58
-183
-264
-157
2
-18
-158
-217
-122
-1
11
-115
-213
-82
124
74
-114
-192
-32
162
152
-29
-156
-77
143
263
135
-82
-126
37
240
232
60
-62
-6
154
174
51
-61
-27
79
124
40
-108
-90
57
79
-27
-139
-155
-13
41
-51
-147
-129
-53
-10
-38
-126
-119
-39
16
-23
-82
-46
45
92
31
-61
-40
108
216
156
-22
-99
70
318
272
37
-130
-7
302
389
140
-146
-99
203
342
152
-41
-38
125
199
47
-84
-33
99
152
19
-118
-84
17
101
63
-106
-197
-129
-4
82
-10
-149
-157
-70
-63
-90
-59
-15
9
-75
-133
-56
80
96
-29
-105
-38
104
135
34
-15
-9
87
151
128
40
-20
11
95
172
113
-1
-50
52
120
33
-95
-111
-19
61
5
-114
-150
-98
-19
-19
-103
-193
-186
-89
18
-45
-239
-299
-118
72
-9
-242
-284
-87
69
9
-166
-245
-37
181
72
-163
-235
-25
217
189
-85
-195
-68
175
255
126
-67
-120
29
202
225
63
-34
18
150
140
0
-60
63
150
73
-88
-94
32
74
-13
-79
-65
-41
-65
-66
-58
-84
-87
-87
-48
-14
-92
-145
-104
2
51
-29
-76
-11
66
65
-7
-30
75
170
79
-7
38
149
202
125
21
33
155
235
169
38
23
114
236
177
-5
-37
128
232
142
-89
-150
51
237
169
-85
-217
-64
143
178
-20
-235
-208
-21
122
85
-109
-236
-151
-16
8
-50
-113
-126
-30
33
3
-92
-103
22
128
34
-70
-57
53
117
102
24
30
93
116
87
37
-16
39
138
119
34
-25
10
98
63
-89
-144
-3
121
22
-174
-242
-96
93
57
-188
-317
-217
47
133
-94
-382
-356
-60
174
14
-322
-360
-63
125
29
-207
-240
-43
159
58
-132
-200
-45
154
158
-7
-159
-103
140
275
148
-61
-118
3
196
211
74
-23
34
136
122
-1
-20
70
103
43
-35
-47
6
36
-17
-56
-78
-49
-22
-34
-72
-123
-91
-20
-19
-68
-147
-136
-4
45
-25
-119
-63
73
100
33
-37
-3
105
130
43
15
93
183
157
66
33
93
168
236
175
26
-17
107
240
190
8
-15
112
218
164
-39
-162
-18
202
174
-35
-176
-102
73
147
55
-162
-234
-102
78
123
-60
-252
-214
0
95
-39
-191
-188
-29
112
43
-123
-134
10
131
50
-69
-28
70
102
32
-1
44
154
148
38
-49
-14
140
190
87
-33
-95
53
165
92
-144
-200
-47
139
102
-125
-270
-167
43
99
-120
-310
-227
-32
43
-69
-247
-283
-116
38
-37
-183
-214
-104
-28
-26
-137
-162
-3
87
10
-131
-152
19
163
120
-59
-170
-49
188
263
109
-105
-116
101
265
166
-32
-40
117
193
101
-49
-50
73
121
75
-30
-105
-25
81
47
-32
-132
-129
-25
44
-44
-148
-175
-55
45
-8
-125
-186
-94
19
39
-7
-37
-12
20
28
47
27
49
77
93
95
37
73
175
206
98
-28
29
226
276
126
-42
17
218
236
84
-26
19
147
179
3
-105
27
162
113
-79
-139
-8
86
39
-90
-125
-80
-7
12
-51
-116
-114
-37
-39
-93
-137
-112
-15
51
2
-122
-117
28
120
18
-106
-17
98
108
34
-28
51
146
102
24
34
86
82
50
54
66
64
37
29
23
3
-63
-54
24
29
-56
-137
-129
-38
-28
-92
-188
-176
-59
-11
-64
-186
-266
-174
0
34
-145
-283
-182
0
31
-101
-233
-146
106
152
-45
-230
-157
108
213
69
-112
-146
27
189
184
55
-32
-24
77
134
116
93
75
75
68
44
40
53
69
49
-6
-29
-7
15
-17
-42
-38
-35
-44
-43
-78
-89
-82
-60
-74
-82
-76
-55
-50
-67
-55
-31
-28
-14
14
35
38
24
42
44
70
73
80
100
141
161
75
2
57
219
283
150
-37
-36
174
295
147
-45
-30
130
230
151
-96
-140
52
181
137
-58
-142
-64
78
95
-38
-141
-119
-60
8
1
-50
-111
-131
-86
-67
-84
-61
-14
6
-59
-129
-50
38
74
14
-51
-21
66
88
65
47
10
37
77
156
98
17
-13
79
135
84
13
-19
14
86
51
-76
-122
-25
47
-15
-97
-123
-121
-84
-31
-49
-141
-197
-140
-65
-50
-152
-215
-150
-51
-61
-134
-157
-78
-56
-118
-122
-58
54
45
-101
-173
-27
115
120
-15
-119
-59
90
167
116
29
-25
-4
106
178
114
32
23
93
141
101
-12
-65
43
177
99
-88
-155
-14
100
52
-38
-115
-101
-43
-21
-48
-101
-139
-79
-13
-4
-83
-130
-84
-11
21
-31
-59
3
59
47
-6
31
109
117
54
20
78
182
183
80
-16
50
222
288
155
-53
-43
161
297
189
-8
-36
75
207
167
-64
-133
39
189
145
-69
-186
-76
112
171
-24
-258
-222
6
159
70
-165
-269
-135
58
28
-112
-164
-77
42
23
-79
-131
-60
97
115
-32
-120
-5
115
138
45
-49
-2
145
224
98
-66
-93
109
215
128
-26
-52
9
62
32
-61
-62
-1
10
-64
-115
-124
-79
-22
-6
-129
-242
-189
-27
46
-110
-325
-278
-4
110
-87
-311
-273
0
104
-61
-239
-176
75
171
-31
-217
-171
83
224
100
-110
-180
-21
249
272
74
-136
-124
116
284
184
-11
-41
68
161
125
7
-25
34
93
54
-32
-56
0
-4
-22
-10
-7
-55
-121
-95
-53
-42
-63
-75
-71
-80
-96
-86
-36
-14
-19
-49
-26
25
68
25
-17
15
83
126
115
54
36
81
154
174
118
43
70
192
211
105
5
68
211
175
33
7
100
202
77
-111
-88
105
217
80
-145
-153
10
146
103
-118
-246
-129
42
108
-4
-186
-212
-74
13
-35
-113
-109
-48
16
-12
-118
-88
38
103
27
-77
-32
76
81
46
8
48
110
86
55
64
66
49
47
76
90
63
39
11
-6
-20
-21
7
-5
-47
-58
-76
-93
-84
-57
-56
-146
-190
-142
-13
-6
-165
-293
-216
-8
58
-111
-261
-218
-39
3
-51
-136
-102
28
37
-92
-134
4
129
47
-71
-87
-6
128
180
72
-41
-20
84
153
130
22
21
113
172
95
-28
-53
68
169
107
-70
-149
-30
118
106
-57
-173
-109
19
65
-51
-190
-213
-47
101
77
-142
-272
-155
83
144
-27
-189
-121
58
179
125
-25
-97
4
179
196
70
-32
41
180
215
128
4
51
216
240
91
-16
105
245
135
-29
9
164
207
93
-132
-121
121
210
77
-116
-157
-30
100
135
-15
-220
-227
-60
141
106
-130
-285
-198
13
99
-33
-182
-156
-4
70
-1
-97
-93
27
88
30
-3
-26
28
98
115
69
-18
18
145
154
65
-33
13
117
148
72
-49
-57
28
91
18
-90
-76
-17
-5
-92
-140
-98
-38
-66
-153
-175
-109
-37
-68
-165
-239
-170
-17
19
-144
-275
-165
9
12
-117
-216
-126
98
132
-42
-195
-125
91
159
70
-60
-109
19
158
190
93
-54
-78
49
195
199
102
29
19
80
84
50
45
54
35
-5
-36
16
76
7
-106
-117
-47
50
27
-127
-171
-109
3
14
-56
-159
-144
-28
27
-25
-78
-64
10
66
49
-1
-2
29
104
145
81
22
49
153
188
107
23
26
193
291
169
-33
-30
150
262
150
14
-4
95
171
86
-62
-54
58
120
79
-50
-100
-52
25
90
-9
-152
-190
-41
89
1
-170
-179
-30
38
-68
-189
-144
6
82
-17
-132
-124
-5
131
62
-57
-85
15
126
114
44
-15
8
130
177
69
-45
-30
107
188
105
-36
-74
29
122
46
-80
-90
-5
19
-56
-146
-146
-50
-5
-55
-162
-194
-150
-56
3
-106
-297
-271
-31
97
-73
-296
-245
5
86
-96
-232
-91
103
103
-97
-209
-64
129
171
25
-120
-97
75
203
182
25
-106
-28
180
221
81
-29
33
154
169
30
-89
14
178
158
-27
-158
-64
102
81
-51
-113
-88
-28
11
-59
-133
-126
-49
2
2
-102
-181
-105
18
48
-21
-127
-84
114
125
12
-66
-13
99
164
137
43
-3
124
218
143
14
10
154
261
174
39
-6
107
210
133
20
24
139
177
24
-130
-36
157
192
-15
-184
-121
66
160
62
-142
-232
-130
54
111
-44
-203
-176
-51
41
-31
-146
-161
-46
71
-1
-106
-108
-16
87
97
-21
-71
-8
99
123
66
-7
30
105
128
60
0
13
112
151
75
-9
-45
28
92
50
-72
-116
-47
39
8
-84
-147
-123
-55
-23
-121
-191
-140
-13
-20
-192
-311
-176
69
43
-205
-328
-169
100
65
-169
-250
-81
164
109
-122
-227
-70
125
165
45
-138
-131
86
240
187
10
-125
-51
180
262
106
-35
6
139
166
69
-43
-14
92
120
32
-74
-89
-7
23
63
19
-133
-202
-103
63
52
-114
-212
-101
27
9
-90
-140
-89
-13
5
-6
10
19
-20
-7
39
103
104
76
35
50
106
188
147
58
-4
68
242
291
105
-75
-6
208
316
142
-98
-43
189
274
60
-186
-117
158
269
41
-217
-172
49
183
83
-144
-235
-115
54
109
-23
-190
-221
-95
38
30
-100
-194
-109
46
69
-74
-113
-47
71
63
-37
-39
46
84
69
37
49
71
86
108
70
4
7
111
138
61
-8
-16
28
60
45
-62
-79
-49
-10
-21
-65
-115
-129
-73
-33
-116
-150
-128
-71
-94
-185
-205
-113
-25
-63
-189
-167
-47
-26
-128
-183
-119
60
112
-38
-212
-164
54
198
127
-83
-182
-56
166
285
125
-134
-147
95
287
224
-19
-101
48
230
199
8
-112
-25
154
169
-3
-126
-81
62
70
6
-110
-149
-26
49
-15
-156
-196
-68
78
28
-138
-211
-100
53
70
-15
-119
-91
37
111
86
4
-35
40
140
179
123
-8
-9
135
229
165
20
29
169
215
126
57
76
137
124
74
115
153
73
-46
-96
48
202
144
-55
-197
-119
73
189
86
-192
-300
-112
135
181
-65
-302
-252
15
146
-16
-257
-268
-1
205
60
-201
-228
-4
167
120
-27
-91
-43
53
126
145
40
-39
32
164
149
36
-47
3
113
149
90
-12
-76
-35
25
107
43
-109
-170
-103
16
27
-77
-175
-182
-116
-27
-38
-134
-181
-183
-146
-91
-57
-102
-162
-178
-75
4
-55
-168
-181
1
133
16
-167
-197
34
211
111
-101
-153
13
192
176
33
-56
-21
109
166
120
53
47
91
128
93
20
-6
16
95
108
21
-64
-62
15
19
-2
-26
-64
-116
-91
-37
-11
-78
-125
-78
-38
-25
-69
-126
-100
-7
80
4
-75
-40
61
108
46
5
30
111
118
52
60
127
174
116
29
49
175
242
127
-24
31
195
221
76
-52
53
200
200
0
-172
-53
183
209
-23
-196
-105
72
131
3
-166
-179
-42
55
27
-103
-175
-112
-16
-25
-125
-137
-63
33
33
-87
-133
-58
54
76
-6
-38
-9
66
112
70
34
2
53
136
159
68
-39
-30
97
169
111
-3
-58
-6
96
62
-62
-103
-70
-2
17
-45
-146
-172
-102
-14
-72
-145
-144
-83
-98
-167
-180
-94
-23
-74
-213
-209
-25
47
-91
-255
-167
90
183
-17
-266
-206
107
250
99
-126
-185
10
215
221
51
-80
-60
83
216
162
25
-30
78
177
143
17
-74
8
140
141
-32
-127
-35
56
40
-7
-112
-119
-40
-13
-21
-88
-149
-100
6
13
-77
-176
-146
-2
71
2
-93
-69
32
111
85
0
-9
71
130
103
71
95
119
107
78
78
132
168
208
108
-13
37
202
212
85
11
69
134
119
-29
-77
38
156
119
-60
-154
-12
112
77
-74
-179
-111
-15
44
-2
-108
-148
-109
-27
-37
-103
-126
-54
21
-4
-83
-118
-46
75
125
-5
-115
-63
69
193
152
-19
-114
-3
205
258
67
-127
-75
111
238
166
-30
-112
-54
87
133
19
-126
-163
-53
46
7
-128
-195
-144
-39
-45
-100
-148
-136
-113
-155
-180
-101
-28
-57
-176
-203
-102
-27
-89
-136
-84
25
69
-67
-163
-77
73
129
50
-41
-99
-18
145
217
122
-61
-113
31
226
225
39
-50
49
184
150
-6
-52
51
115
95
-33
-73
-28
29
37
-4
-101
-107
-25
12
-27
-168
-186
-42
83
29
-149
-228
-115
63
106
-14
-153
-100
94
146
75
-32
-32
49
146
172
85
22
67
163
167
56
29
170
257
154
-18
-11
169
259
135
-49
1
210
201
-35
-168
-11
218
192
-81
-229
-69
147
151
-44
-210
-188
-11
98
33
-133
-232
-113
55
35
-126
-227
-116
74
100
-81
-199
-97
88
156
18
-111
-73
85
153
75
-24
-16
110
168
103
-6
-28
52
147
142
46
-35
-39
29
86
46
-81
-126
-59
65
64
-82
-230
-182
-25
38
-84
-230
-206
-59
7
-122
-242
-206
-54
-30
-116
-173
-121
-65
-73
-91
-95
-17
56
-38
-128
-70
76
143
27
-118
-104
71
219
148
-26
-68
28
162
184
68
-18
66
176
171
30
-58
-10
110
122
43
-38
-53
12
22
-1
-22
-66
-87
-70
-29
-51
-101
-87
-45
-34
-84
-121
-74
-35
-49
-18