#4
-70
190
90
-311
-518
-227
204
176
-281
-511
-193
203
136
-276
-397
-126
110
35
-105
-154
-110
-73
4
77
40
-149
-205
7
247
172
-177
-320
7
320
238
-119
-270
-58
172
180
60
-40
-113
-179
-37
220
196
-139
-404
-256
189
277
-123
-456
-251
170
191
-190
-400
-189
92
113
-36
-166
-236
-211
-71
121
117
-148
-385
-228
167
330
7
-361
-268
138
330
127
-174
-160
41
199
187
86
-31
-107
-2
171
207
17
-178
-39
244
214
-100
-277
-60
212
201
-110
-294
-115
124
92
-93
-160
-104
-70
-75
-22
21
-116
-291
-177
79
136
-115
-320
-228
7
114
4
-146
-112
-12
21
18
31
25
-41
-68
33
137
53
-90
-40
175
180
-32
-171
-74
164
197
25
-79
-56
24
9
51
122
39
-179
-249
-2
235
81
-298
-369
-3
221
-23
-368
-320
6
116
-121
-286
-180
2
-1
-116
-170
-123
-83
-57
-17
55
-54
-212
-103
129
174
-72
-246
-62
223
183
-97
-173
42
167
45
-54
53
111
-1
-100
58
247
103
-209
-235
137
319
-6
-348
-211
123
185
-81
-276
-136
67
30
-127
-177
-115
-80
-101
-21
99
-26
-278
-278
14
194
7
-262
-195
24
115
39
-57
-65
-62
-23
99
201
59
-157
-96
232
371
81
-239
-132
286
369
6
-272
-56
311
284
-61
-218
-38
124
72
-31
-34
-30
-75
-98
39
108
-28
-242
-220
37
176
-13
-295
-280
-9
133
11
-127
-156
-180
-130
42
180
30
-274
-269
89
342
147
-223
-232
114
310
108
-192
-137
154
262
64
-84
-21
16
2
62
173
121
-117
-195
32
308
190
-209
-362
-32
286
177
-182
-359
-144
104
133
-80
-293
-285
-141
40
109
-88
-330
-297
30
227
-5
-360
-339
59
267
47
-244
-256
26
217
120
-86
-173
-48
74
161
139
-1
-167
-120
166
338
104
-235
-201
181
345
120
-168
-161
41
167
66
-97
-77
-17
-47
-90
-47
0
-47
-121
-80
-19
-40
-158
-158
-28
75
-7
-170
-158
-27
12
-41
-68
-64
-74
-87
-36
101
123
-47
-201
-53
233
218
-77
-155
97
327
173
-100
-74
163
235
59
-91
0
188
159
-6
-46
30
67
-6
-2
81
26
-148
-159
89
204
-47
-290
-189
101
145
-89
-231
-118
0
-35
-96
-56
2
-102
-252
-115
143
163
-119
-296
-42
211
125
-88
-104
100
154
2
-67
39
136
80
14
50
118
12
-127
10
248
198
-87
-229
-6
286
209
-80
-212
-95
47
84
39
-46
-160
-211
-66
125
55
-275
-387
-81
225
68
-347
-383
-12
259
37
-337
-327
35
201
5
-148
-94
-31
-11
46
134
60
-146
-200
41
312
208
-134
-250
42
299
206
-65
-142
23
133
113
136
101
-87
-189
-29
227
214
-110
-330
-133
184
156
-173
-291
-36
168
36
-232
-240
-48
45
31
-10
-65
-144
-210
-94
147
146
-174
-345
-117
264
312
-87
-341
-117
239
297
45
-152
-89
120
226
219
91
-73
-91
124
293
193
-106
-199
64
363
245
-141
-312
-38
274
227
-70
-223
-98
73
85
-7
-69
-137
-147
-41
105
74
-168
-333
-140
178
196
-127
-397
-251
100
254
40
-212
-210
7
134
118
51
-37
-61
29
141
127
-25
-100
87
269
163
-106
-208
11
246
204
-12
-85
1
68
32
61
147
3
-253
-198
162
297
-43
-399
-283
157
266
-73
-420
-307
46
160
-43
-248
-218
-65
-13
-3
-23
-113
-203
-124
117
204
-58
-294
-142
210
258
-44
-255
-70
189
206
17
-74
-40
54
96
180
129
-41
-160
-81
250
402
68
-323
-268
172
379
41
-316
-224
92
156
-32
-175
-105
3
-14
-68
-71
-109
-152
-86
107
168
-79
-357
-279
100
284
44
-286
-263
17
189
139
-10
-125
-118
-11
214
290
25
-238
-99
324
434
48
-309
-114
329
420
40
-257
-89
252
311
64
-180
-125
36
105
157
71
-129
-252
-74
216
210
-91
-332
-198
126
202
-83
-309
-196
46
111
-30
-142
-121
-133
-100
76
135
-44
-205
-110
154
247
10
-187
-59
196
206
-21
-124
20
185
138
12
15
39
-20
-20
122
256
99
-185
-187
145
334
100
-267
-256
87
250
54
-202
-230
-31
74
9
-131
-193
-174
-96
2
5
-123
-221
-140
41
66
-121
-257
-126
120
122
-80
-163
-54
71
77
18
-15
-4
-36
-34
83
181
60
-140
-82
199
332
81
-247
-167
199
359
147
-175
-186
31
195
120
-67
-113
-91
-49
44
54
-60
-185
-111
55
73
-140
-274
-108
117
123
-82
-231
-125
37
23
-73
-82
0
-16
-146
-64
157
156
-69
-194
-2
286
208
-78
-159
102
305
141
-69
-2
172
192
44
-32
70
144
89
34
66
60
-35
-84
54
180
33
-205
-188
129
244
-37
-266
-173
55
105
-51
-145
-107
-64
-86
-40
52
17
-188
-279
-60
209
144
-168
-232
9
170
111
-43
-25
90
76
-6
-4
77
120
50
44
106
111
-44
-131
68
297
189
-105
-217
9
244
185
-13
-118
-126
-48
57
142
58
-223
-332
-43
248
94
-333
-442
-66
272
83
-341
-361
4
221
1
-301
-251
22
182
35
-156
-127
-18
81
136
59
-115
-202
-20
272
269
-74
-254
-24
325
297
-61
-230
5
266
177
-26
-27
90
63
-59
-26
103
79
-96
-195
-27
144
10
-190
-144
54
56
-128
-206
-69
48
-32
-88
-6
7
-124
-230
-78
156
133
-138
-294
-88
190
216
-22
-167
-65
94
167
118
3
-31
49
160
174
114
10
-36
70
228
174
-34
-90
113
274
110
-173
-149
107
232
48
-162
-124
23
66
-1
-25
0
-53
-171
-108
103
87
-175
-339
-99
226
173
-175
-377
-185
123
231
50
-200
-234
-8
197
228
26
-183
-148
123
316
153
-146
-194
128
361
163
-148
-166
70
238
152
-13
-36
-2
32
68
150
135
-89
-255
-112
206
254
-100
-402
-233
180
219
-125
-390
-227
75
101
-132
-235
-125
-11
-17
-54
-76
-124
-126
-38
108
102
-114
-255
-5
263
164
-163
-213
52
246
139
-84
-99
69
161
115
69
53
-15
-67
43
218
240
-30
-246
-52
265
168
-138
-210
-28
99
6
-131
-120
-4
12
-64
-87
-53
-74
-155
-95
112
132
-108
-305
-167
99
180
-40
-230
-157
31
140
109
5
-100
-127
21
259
248
-41
-270
-18
408
410
-45
-286
-22
380
337
-53
-200
37
284
199
-35
-111
-16
75
68
73
5
-113
-152
15
220
99
-234
-330
-25
258
110
-254
-316
-52
167
85
-121
-196
-157
-61
24
106
47
-179
-188
48
252
146
-136
-189
88
309
141
-161
-137
155
286
79
-88
17
67
5
11
159
231
16
-235
-103
272
343
-10
-351
-235
189
291
13
-275
-267
-47
110
75
-112
-246
-218
-77
71
24
-178
-271
-100
128
68
-216
-321
-49
214
136
-118
-249
-78
137
174
37
-100
-98
-21
109
198
142
-87
-217
-14
327
369
-2
-315
-151
226
408
182
-177
-246
-15
216
186
-7
-161
-181
-55
129
103
-124
-241
-118
117
132
-138
-314
-125
116
129
-47
-217
-171
-14
49
28
-15
-100
-186
-97
153
252
21
-251
-169
184
368
94
-238
-131
271
394
120
-149
-114
168
288
157
-12
-59
11
132
214
130
-88
-155
14
195
153
-123
-230
-23
196
102
-148
-205
-20
77
-4
-114
-95
-28
-56
-143
-72
66
4
-213
-232
41
209
15
-229
-136
126
172
9
-106
35
143
71
-48
-2
123
101
36
52
108
86
-77
-83
143
261
84
-129
-79
147
175
0
-75
-12
12
-17
-38
35
13
-136
-190
-2
108
-70
-318
-250
42
162
-88
-315
-191
67
100
-101
-231
-130
20
24
-26
7
-1
-78
-84
59
171
13
-177
-93
186
253
22
-167
-34
227
221
18
-103
4
134
101
66
108
59
-81
-115
82
229
30
-222
-200
94
192
-65
-270
-118
135
82
-197
-260
-29
124
-2
-132
-71
-39
-79
-121
-47
95
38
-148
-197
-13
186
121
-100
-146
7
162
167
60
-47
-45
80
249
244
51
-150
-53
255
345
69
-218
-99
289
391
3
-327
-161
200
338
65
-243
-232
13
171
112
-49
-154
-186
-87
79
140
-62
-285
-209
58
187
-4
-262
-243
-43
120
91
-61
-125
-56
11
73
130
43
-94
-53
115
188
67
-83
-45
152
240
68
-84
-48
71
141
135
69
-16
-68
-13
127
202
73
-172
-240
4
287
169
-219
-376
-81
243
123
-280
-375
-106
112
27
-167
-199
-82
-7
-36
-55
-88
-139
-110
41
117
-7
-176
-141
124
229
-13
-231
-93
193
217
4
-117
11
131
106
25
67
121
31
-82
19
269
231
-86
-288
10
319
175
-182
-225
-31
116
45
-105
-105
-47
-52
-57
-29
-24
-135
-177
-28
177
70
-243
-326
-60
220
145
-183
-295
-63
166
140
-5
-99
-94
15
166
210
40
-158
-79
251
373
89
-182
-104
267
376
56
-207
-46
260
284
30
-150
-32
119
48
-7
51
38
-94
-146
11
173
62
-186
-245
-15
176
39
-215
-257
-54
115
76
-75
-147
-183
-134
39
194
47
-235
-240
71
311
168
-171
-201
115
321
85
-180
-100
195
267
75
-87
-28
53
63
97
163
111
-63
-141
32
248
190
-105
-245
-56
183
145
-82
-184
-120
0
13
-28
-127
-193
-180
-45
71
-38
-225
-241
-26
166
24
-304
-320
14
262
89
-186
-206
-7
147
104
-6
-53
-63
-14
86
156
109
-53
-101
68
255
182
-75
-149
34
238
215
37
-82
-87
36
127
85
-27
-106
-115
-43
76
51
-112
-208
-53
113
50
-184
-262
-95
125
130
-86
-222
-150
-19
60
26
-63
-143
-153
-6
204
185
-72
-235
-70
267
295
-21
-229
-11
343
299
-3
-152
44
244
200
41
-45
13
120
180
158
3
-143
-107
130
250
84
-221
-261
52
290
106
-239
-260
-5
128
58
-97
-158
-132
-77
-17
55
48
-139
-317
-154
176
237
-56
-329
-161
178
266
59
-139
-99
70
139
122
76
-29
-72
54
232
229
-36
-276
-81
305
372
35
-257
-167
177
299
105
-116
-191
-95
86
181
74
-195
-304
-89
196
150
-230
-434
-180
213
192
-220
-406
-165
169
134
-171
-304
-118
103
77
-18
-54
-107
-104
43
199
132
-138
-220
2
271
227
-55
-177
17
221
189
38
-82
-35
84
138
179
137
-23
-191
-74
210
237
-67
-294
-151
183
194
-138
-306
-85
160
82
-158
-230
-82
30
-3
-5
23
-98
-241
-157
117
204
-48
-310
-219
112
298
113
-177
-198
18
208
208
55
-68
-64
101
256
252
34
-137
-2
257
261
29
-145
-15
225
238
-11
-159
-15
130
87
-33
-47
2
-19
-45
-16
56
25
-138
-178
-11
99
-11
-214
-195
12
122
-3
-182
-216
-80
64
84
-15
-115
-78
16
76
104
39
-32
-5
99
107
14
-31
63
179
118
-28
-56
72
130
68
18
70
96
5
-56
29
147
108
-97
-170
14
157
56
-193
-246
-3
141
-17
-265
-251
-17
75
-60
-198
-158
-45
-17
-31
-74
-140
-162
-38
128
113
-102
-263
-87
223
239
-71
-259
-60
225
221
-5
-109
-20
112
116
100
116
31
-97
-50
169
318
114
-195
-189
114
277
74
-186
-152
3
55
-20
-91
-49
1
-48
-116
-46
-25
-107
-142
-46
112
60
-198
-254
-35
143
68
-142
-182
-85
42
145
123
-19
-165
-136
140
340
163
-186
-203
187
457
232
-168
-218
150
373
175
-115
-124
116
242
160
-13
-108
-47
33
160
137
-70
-228
-124
165
230
-45
-315
-209
118
217
-54
-285
-205
10
70
-8
-73
-97
-141
-150
23
180
33
-199
-191
59
246
137
-103
-122
89
181
37
-38
46
121
93
67
55
65
-19
-60
54
254
212
-58
-219
-7
252
222
-53
-225
-115
100
144
9
-139
-185
-86
32
53
-95
-243
-248
-45
130
19
-231
-260
-61
66
-28
-171
-143
47
116
-75
-179
-56
115
113
-54
-115
-29
101
105
34
6
53
22
5
83
151
110
-10
-35
21
133
169
90
-15
-80
-26
76
127
22
-127
-186
-38
133
67
-168
-213
-12
115
-12
-225
-188
3
125
32
-147
-171
-59
-11
4
-28
-68
-96
-83
30
147
61
-126
-161
70
273
174
-88
-171
85
345
240
-28
-131
58
238
208
53
-44
-8
97
216
179
-38
-184
-88
175
281
45
-295
-232
140
271
13
-227
-177
7
82
6
-102
-124
-110
-93
22
79
-9
-203
-255
-57
180
106
-161
-205
27
170
68
-58
-27
102
135
6
-38
61
113
55
43
103
106
14
-75
-11
185
202
45
-79
-62
48
116
144
90
-101
-203
-90
155
210
-63
-360
-237
153
218
-173
-428
-215
164
162
-170
-346
-156
118
71
-146
-233
-109
68
78
-15
-84
-114
-42
98
174
16
-185
-123
158
270
72
-167
-126
162
284
107
-73
-65
64
95
118
168
94
-91
-162
49
247
109
-189
-239
17
193
20
-199
-159
60
90
-109
-204
-108
35
-28
-93
-13
64
-66
-234
-178
70
184
-31
-228
-152
46
172
79
-81
-78
24
95
123
54
3
16
130
199
138
25
-15
96
196
109
-53
-21
169
254
72
-168
-103
124
209
68
-112
-126
-41
36
25
29
-1
-91
-170
-79
111
88
-143
-297
-150
128
171
-40
-274
-267
-33
185
149
-73
-278
-142
155
272
102
-168
-174
84
289
171
-87
-154
55
257
194
-28
-116
-33
125
196
141
28
-70
-82
49
197
198
-66
-290
-163
194
310
-4
-364
-275
92
232
-12
-334
-285
-21
96
-23
-187
-205
-110
22
43
-67
-212
-174
15
137
80
-103
-230
-54
196
177
-80
-185
-10
175
155
8
-19
6
38
80
133
151
8
-108
-26
196
298
86
-215
-159
153
246
48
-172
-159
3
68
1
-62
-77
-96
-73
-10
30
-74
-186
-156
20
161
25
-208
-256
-69
113
89
-48
-176
-153
-11
168
192
-12
-227
-162
169
383
137
-206
-179
206
420
160
-150
-114
176
295
120
-61
-33
104
168
115
7
-26
-23
-10
70
124
-28
-154
-81
98
111
-60
-201
-122
57
92
-58
-194
-154
-29
28
10
-20
-130
-215
-143
91
196
-19
-226
-137
121
233
48
-134
-47
156
167
-17
-76
60
171
113
18
44
22
-36
8
178
241
54
-173
-115
159
253
56
-154
-144
36
136
22
-105
-122
-68
-30
-14
-58
-149
-168
-104
-10
-15
-129
-186
-89
29
-6
-156
-210
-56
136
55
-129
-152
-24
114
84
-4
-57
-32
-7
53
140
111
-31
-104
19
204
221
6
-144
-34
169
241
103
-38
-75
-42
35
127
102
-25
-163
-150
25
126
2
-153
-159
-10
64
-49
-185
-120
-2
24
-9
-58
-110
-132
-97
35
89
-31
-182
-169
61
249
123
-184
-238
67
312
194
-109
-155
109
330
218
-40
-94
71
189
194
81
-9
-15
94
196
153
-41
-145
-30
190
195
-54
-230
-92
137
156
-53
-191
-91
19
23
-59
-87
-69
-76
-102
-33
67
0
-190
-251
-58
192
128
-168
-237
-1
198
128
-20
-60
19
69
64
68
70
41
-7
51
148
145
-11
-114
-16
207
212
22
-113
-26
113
144
89
-12
-132
-136
18
170
76
-202
-288
-45
197
59
-281
-350
-76
174
53
-254
-296
-68
97
33
-109
-174
-134
-36
55
53
21
-120
-164
48
206
94
-120
-156
31
201
152
-9
-55
15
88
117
124
82
-26
-82
85
275
186
-129
-264
41
335
165
-212
-311
-21
237
93
-195
-211
-3
59
-55
-129
-64
-25
-89
-68
61
51
-165
-264
-67
156
112
-156
-259
-49
193
147
-54
-149
-38
130
189
95
-67
-72
109
268
218
28
-105
-24
218
288
73
-134
-61
214
295
50
-173
-87
108
180
64
-98
-116
-17
53
46
-8
-51
-119
-131
-15
91
-1
-175
-223
-64
115
71
-115
-220
-178
-27
99
93
-55
-163
-80
63
183
104
-77
-112
63
207
119
-55
-76
72
201
147
15
-43
-22
22
127
194
151
-67
-185
-16
255
286
-45
-325
-172
191
286
-27
-320
-224
56
143
-37
-259
-241
-68
43
-16
-132
-181
-143
-19
46
-23
-168
-199
-31
103
59
-92
-158
-1
134
74
-69
-63
42
85
70
45
59
36
23
42
122
109
16
-56
23
193
223
10
-167
-52
181
165
-61
-168
-57
67
41
-86
-108
-47
-1
-11
-53
-109
-140
-95
2
93
47
-169
-279
-114
113
129
-55
-192
-132
17
85
61
-8
-66
-72
30
203
180
-15
-115
52
284
198
-29
-58
108
230
144
-27
-33
121
169
87
15
8
45
-11
-4
90
89
-71
-157
-26
118
79
-74
-174
-106
35
69
-51
-156
-137
-51
24
28
-48
-186
-222
-41
178
136
-162
-265
-22
234
188
-47
-147
13
197
124
-40
-46
100
118
77
62
85
37
-90
5
200
234
40
-177
-115
164
279
91
-163
-194
-5
147
90
-73
-171
-166
-23
104
24
-234
-318
-105
144
110
-239
-376
-122
186
138
-191
-353
-103
197
177
-71
-230
-146
80
161
90
-49
-130
-66
114
202
108
-92
-150
48
275
226
10
-118
-82
77
228
203
37
-129
-122
84
192
87
-116
-205
-87
98
88
-89
-182
-61
79
17
-152
-189
-66
30
-11
-35
-62
-90
-104
-99
-19
78
22
-147
-184
6
198
143
-97
-153
8
192
172
-9
-71
79
205
138
51
26
53
138
161
93
-5
-38
75
226
167
-70
-159
18
195
149
-62
-190
-57
108
60
-94
-105
-6
14
-71
-111
-26
6
-96
-159
-53
98
24
-233
-249
-8
197
111
-176
-216
27
196
127
-33
-94
3
138
132
28
-42
-7
127
193
87
-51
-86
29
215
182
-32
-103
25
157
126
-3
-27
-7
-16
-35
15
37
-17
-121
-138
-5
81
-86
-287
-175
42
55
-151
-254
-96
65
17
-146
-198
-104
17
3
-17
-10
-56
-99
-19
126
131
-31
-159
-56
146
206
64
-91
-54
95
148
127
74
-2
-50
14
168
269
75
-216
-183
157
323
69
-284
-282
53
213
35
-181
-171
-1
38
-37
-93
-111
-82
-74
-17
104
-24
-225
-224
-28
185
123
-146
-280
-116
177
225
-5
-179
-119
76
220
194
23
-134
-27
240
332
99
-162
-100
219
342
101
-128
-65
189
254
48
-131
-67
89
130
53
-53
-94
-34
28
41
18
-40
-118
-114
-12
47
-61
-170
-132
16
41
-35
-113
-174
-112
-8
75
49
-76
-111
-24
55
102
45
-16
8
88
85
-5
-16
83
179
121
-41
-50
43
92
90
84
93
53
-47
-45
98
195
100
-139
-232
-28
211
160
-145
-307
-128
120
125
-107
-288
-196
-31
30
-45
-141
-158
-93
-1
14
-83
-215
-155
76
170
-4
-199
-155
89
206
52
-134
-99
67
117
65
33
51
41
8
51
148
129
-41
-109
72
281
206
-59
-192
-13
192
148
-65
-175
-68
62
43
-70
-94
-57
-16
-31
-21
-101
-145
-98
4
96
17
-176
-226
-70
84
54
-69
-145
-101
-21
89
112
-3
-122
-96
117
262
111
-127
-110
162
350
181
-85
-132
116
298
186
-25
-68
57
171
156
54
-31
-27
-12
48
112
34
-105
-115
10
87
25
-67
-92
-77
-39
-60
-45
-14
-66
-149
-100
47
69
-121
-277
-166
139
214
-24
-223
-124
128
190
34
-69
-31
84
110
52
34
36
62
84
98
84
-16
-102
31
249
239
-15
-178
-57
180
223
58
-147
-158
-5
134
112
-37
-225
-214
0
132
-14
-285
-291
-45
165
58
-246
-342
-82
176
82
-196
-325
-92
187
135
-92
-182
-77
60
125
68
-45
-111
-11
115
173
84
-73
-82
104
210
96
-38
-10
56
99
117
103
60
-40
-60
60
111
26
-98
-135
-19
76
-14
-135
-113
14
86
-54
-235
-183
-1
69
40
-49
-128
-127
-95
-41
40
33
-97
-170
-66
136
188
-18
-219
-95
193
281
64
-151
-72
175
299
149
-57
-80
88
266
243
30
-161
-39
240
317
50
-234
-187
136
335
152
-221
-280
-4
225
113
-102
-163
-115
-26
39
24
-61
-147
-180
-74
85
113
-86
-304
-208
90
210
-5
-231
-131
119
174
11
-74
-15
98
128
79
-3
-29
31
122
169
105
-11
-87
-12
127
179
108
-2
-49
-4
74
141
137
-42
-211
-132
121
209
-4
-269
-223
58
144
-108
-305
-184
50
54
-149
-248
-109
46
10
-131
-181
-92
-5
10
-28
3
-31
-73
-30
71
96
-15
-79
-23
84
121
66
2
38
58
44
75
115
80
-54
-19
171
262
69
-223
-164
162
254
-2
-207
-136
77
74
-125
-140
-7
78
-44
-167
-101
-3
-30
-118
-41
48
-36
-161
-164
2
102
-10
-159
-140
-7
101
101
1
-96
-76
66
183
159
32
-93
0
231
288
64
-112
-3
199
228
80
-53
-17
130
182
71
-44
-18
18
39
59
17
-28
-70
-55
22
71
-13
-142
-132
19
65
-73
-194
-137
22
75
-22
-130
-191
-123
23
123
61
-153
-183
39
182
98
-64
-104
71
205
104
-88
-78
121
226
107
-37
-29
40
42
71
125
139
51
-88
-64
125
210
56
-175
-187
50
217
59
-187
-232
-6
140
-14
-257
-274
-73
77
43
-136
-229
-175
-39
47
7
-140
-247
-77
119
129
-59
-202
-127
103
182
37
-109
-80
38
118
108
80
-12
-60
32
188
238
46
-193
-123
191
377
147
-196
-245
67
305
169
-134
-232
-80
93
107
-32
-178
-157
-16
88
46
-124
-252
-140
73
149
4
-244
-258
-44
127
97
-82
-186
-128
0
132
150
-28
-163
-105
126
258
122
-103
-116
160
342
168
-103
-93
142
274
167
-22
-79
41
178
210
71
-86
-87
-8
108
171
5
-185
-134
73
140
0
-138
-131
-29
6
-25
-75
-67
-98
-135
-67
95
64
-199
-299
-59
237
159
-182
-244
13
226
147
-74
-107
42
159
101
-9
-34
36
131
128
96
10
-97
-21
196
273
83
-162
-145
104
257
144
-78
-159
-53
77
71
4
-81
-107
-76
-23
-6
-121
-202
-144
-14
17
-101
-193
-126
32
25
-133
-231
-124
75
139
-61
-175
-96
53
103
50
-28
-45
-9
34
73
101
54
-14
-12
82
144
108
19
-26
-2
74
185
157
-10
-111
-57
104
162
12
-161
-169
19
113
-4
-170
-120
61
72
-93
-197
-117
2
15
-24
-50
-93
-123
-121
-52
59
41
-102
-155
-49
100
116
-1
-110
-43
116
159
54
-24
41
158
165
82
21
29
118
172
104
3
-8
100
172
146
-4
-117
-29
116
165
26
-125
-100
24
69
20
-49
-72
-77
-77
-20
28
-29
-177
-189
-22
151
60
-241
-334
-73
231
195
-139
-286
-92
196
218
13
-149
-63
147
185
70
-47
-45
57
175
167
42
-42
-19
50
131
117
74
41
18
-7
26
105
118
-30
-186
-112
108
179
-25
-248
-185
28
99
-112
-264
-151
29
-1
-144
-184
-80
7
-37
-110
-129
-113
-34
39
26
-27
-106
-96
68
175
48
-150
-151
79
226
154
-32
-128
6
168
191
81
-32
-71
1
182
273
99
-178
-186
85
293
126
-212
-242
36
194
25
-236
-198
78
169
-44
-242
-190
-17
33
-31
-34
-11
-82
-158
-133
33
104
-35
-194
-146
10
125
104
-6
-92
-49
110
185
86
-57
-71
130
303
210
-56
-130
93
300
218
-41
-116
62
230
182
-7
-84
-19
51
99
92
-24
-112
-124
-11
118
108
-56
-222
-163
49
107
-24
-184
-176
-45
54
44
-68
-201
-229
-29
181
128
-98
-209
-85
164
217
12
-135
-24
118
128
50
-4
10
48
106
122
125
-32
-142
2
250
315
52
-265
-181
193
363
110
-280
-329
7
303
218
-138
-345
-192
90
129
-87
-274
-243
-49
82
18
-163
-250
-127
48
68
-96
-219
-121
60
96
14
-116
-119
1
87
91
13
-44
-40
31
151
152
-13
-96
8
192
237
51
-129
-116
167
327
145
-144
-201
55
255
130
-128
-213
-85
77
106
-25
-156
-125
1
60
-26
-157
-201
-81
71
135
-52
-236
-191
-29
85
77
-73
-167
-144
19
168
146
-65
-205
-52
199
244
50
-142
-32
248
293
82
-109
-33
192
256
100
-59
-40
101
194
178
-15
-148
-58
142
194
44
-202
-183
78
207
52
-178
-216
-39
118
81
-115
-219
-138
-10
64
28
-56
-182
-233
-81
161
167
-109
-256
-90
195
224
-8
-164
-45
147
149
28
-27
26
107
121
59
43
50
-26
-8
122
191
118
-52
-93
38
157
142
-8
-133
-96
40
113
45
-97
-195
-135
34
72
-128
-263
-158
30
63
-133
-235
-124
29
19
-110
-213
-121
86
87
-64
-114
-85
16
94
76
-23
-79
-31
34
112
122
36
-64
-9
116
171
97
-1
-42
5
140
203
114
-57
-135
-1
169
135
-74
-211
-88
121
114
-110
-213
-73
103
48
-127
-219
-109
23
22
-34
-58
-87
-122
-124
-13
81
29
-135
-163
-32
125
133
-36
-143
-20
161
151
37
-36
28
166
179
91
23
27
78
133
156
62
-13
51
155
168
-2
-100
-20
77
124
38
-78
-69
-5
14
-10
20
-25
-118
-125
-11
68
-39
-181
-172
-13
117
47
-198
-305
-101
154
174
-73
-247
-94
149
203
42
-116
-62
91
163
87
-34
-29
74
172
119
3
-14
-2
83
121
111
46
-1
-7
31
102
120
37
-117
-156
22
180
85
-154
-243
-92
92
34
-185
-263
-87
54
-11
-163
-160
-82
-36
-55
-82
-96
-105
-48
36
36
-44
-123
-66
93
134
-15
-102
-44
73
112
53
25
27
46
37
103
153
79
-39
-75
111
267
155
-124
-188
55
233
102
-165
-181
0
125
7
-139
-139
-22
32
-33
-95
-83
-75
-83
-68
54
72
-126
-250
-163
60
151
1
-155
-180
-27
156
156
-7
-148
-114
93
241
156
-49
-99
102
268
214
1
-99
52
253
220
37
-107
2
173
223
85
-62
-99
-21
127
166
27
-168
-169
-2
145
89
-103
-230
-118
72
71
-54
-194
-164
-20
88
44
-155
-258
-162
96
210
22
-202
-188
41
229
162
-100
-145
47
184
120
-18
-12
93
129
59
30
82
36
-50
28
145
194
58
-116
-90
112
217
79
-143
-161
4
114
47
-93
-180
-115
-2
-4
-96
-193
-165
-41
34
-38
-176
-210
-69
72
2
-206
-236
-2
162
59
-136
-158
-7
113
78
-37
-47
17
30
43
87
101
28
-12
37
137
137
50
-38
-24
129
212
109
-79
-122
27
146
107
-52
-127
-90
-17
33
10
-51
-122
-90
-9
21
-70
-152
-120
-26
73
13
-129
-172
-98
22
69
-8
-137
-148
-29
152
184
-79
-227
-40
263
285
7
-208
-47
277
334
88
-119
-26
175
231
124
-26
-40
85
173
168
11
-98
-55
71
156
46
-136
-125
32
106
34
-83
-113
-86
-25
6
-22
-76
-123
-119
-42
63
68
-162
-333
-131
203
222
-104
-295
-100
193
236
-14
-176
-24
163
177
23
-63
-8
104
167
117
19
-29
-33
65
184
166
19
-97
-25
132
157
65
-68
-132
-67
78
144
34
-170
-264
-115
141
137
-173
-380
-203
97
151
-98
-317
-227
41
110
-34
-221
-185
9
91
53
-32
-138
-138
41
213
134
-96
-206
-65
204
284
82
-166
-125
114
300
185
-53
-171
-55
240
364
127
-250
-291
88
381
185
-238
-367
-44
260
170
-180
-303
-84
148
91
-160
-267
-113
73
108
-13
-156
-188
-100
13
78
0
-148
-177
-10
140
130
-54
-175
-53
171
196
16
-78
3
137
232
157
5
-44
67
196
183
70
-29
-3
112
190
98
-60
-69
54
137
83
-49
-95
-30
46
-5
-14
-4
-42
-111
-124
-17
39
-22
-161
-190
-7
118
43
-198
-328
-101
200
202
-55
-244
-153
88
222
143
-46
-154
-23
182
215
37
-106
-5
174
212
66
-89
-108
62
226
193
35
-77
-76
61
201
145
-44
-185
-112
119
185
-20
-249
-233
43
164
-64
-311
-243
13
96
-80
-216
-168
-34
20
-66
-124
-120
-63
13
3
-29
-66
-84
11
77
49
-21
-54
-3
80
81
42
23
30
73
103
98
70
-1
-48
42
213
194
11
-165
-87
176
234
-17
-212
-150
52
139
-26
-188
-120
51
66
-66
-191
-153
-36
25
17
3
-89
-202
-126
24
81
-14
-152
-128
-33
58
90
36
-54
-63
12
131
162
62
-45
-15
171
248
124
-51
-49
138
230
135
0
-30
94
196
112
-47
-68
43
110
89
-1
-92
-92
-4
78
84
-32
-183
-162
-4
99
16
-160
-196
-65
41
55
-38
-199
-221
-35
160
110
-100
-205
-93
158
227
24
-154
-83
113
192
97
-47
-34
101
154
103
30
-17
-53
19
184
228
61
-138
-119
122
264
120
-136
-239
-38
175
134
-63
-194
-155
-19
60
-10
-168
-223
-140
-29
18
-60
-150
-171
-72
23
-61
-186
-114
61
70
-41
-141
-76
52
80
8
-40
-5
34
22
41
102
122
21
-50
13
140
182
61
-123
-54
199
288
110
-175
-182
60
231
143
-85
-238
-114
76
151
4
-197
-203
-8
119
-8
-191
-207
-19
110
84
-132
-252
-140
29
88
27
-90
-153
-126
20
178
126
-78
-179
-8
188
186
31
-68
20
197
235
67
-37
43
176
183
59
-8
4
100
172
102
-21
-68
7
87
108
17
-92
-71
4
42
-25
-50
-37
-43
-68
-85
-54
-7
-57
-149
-125
54
78
-135
-281
-126
139
175
-74
-225
-72
155
164
-3
-106
-14
132
121
34
-15
26
99
143
108
28
-31
-41
82
199
139
-11
-61
28
90
106
87
6
-105
-106
-16
96
70
-102
-207
-124
74
60
-173
-271
-130
58
18
-152
-227
-130
23
56
-96
-216
-140
54
106
23
-85
-165
-72
130
173
31
-105
-111
49
191
136
-27
-84
55
159
147
32
-38
8
80
164
175
36
-110
-102
113
223
43
-202
-188
33
163
24
-190
-166
19
62
-80
-164
-124
-16
4
-28
-18
-60
-152
-154
-41
91
46
-136
-210
-69
159
184
-56
-191
-60
141
213
68
-88
-44
139
276
186
-12
-113
65
245
229
49
-97
-10
175
249
73
-121
-75
78
134
69
-53
-93
-15
33
-10
-1
4
-51
-148
-111
27
74
-52
-198
-188
-14
145
22
-232
-253
-19
170
94
-142
-199
-34
157
157
-7
-108
-21
142
175
48
-64
-9
129
178
79
-20
-19
9
90
161
149
37
-81
-56
72
175
142
-58
-181
-98
105
152
-26
-223
-175
6
87
-69
-216
-181
-37
2
-90
-140
-121
-83
-53
-41
-35
-109
-128
-45
39
37
-26
-99
-74
49
115
66
-35
-78
-24
66
171
142
-4
-85
1
184
221
49
-166
-96
201
338
112
-179
-174
79
203
51
-138
-136
17
78
-39
-110
-97
-33
-7
-25
-77
-116
-102
-34
31
13
-105
-194
-114
36
81
-30
-148
-113
0
69
75
14
-58
-47
34
103
120
44
-4
82
173
149
44
-14
65
193
172
38
-32
52
155
146
23
-60
5
85
69
11
-9
-28
-27
-32
-13
16
18
-72
-139
-90
28
41
-55
-153
-142
-4
80
-3
-202
-247
-51
172
163
-85
-264
-129
174
256
29
-146
-51
124
168
43
-47
12
115
141
74
38
-32
-24
92
175
165
18
-111
-49
153
213
64
-131
-188
-37
125
110
-46
-207
-154
6
80
-47
-213
-238
-79
51
25
-141
-247
-172
34
89
-99
-248
-138
92
127
-22
-151
-119
41
112
43
-30
-25
6
18
69
124
51
-25
-21
106
194
102
-85
-133
94
314
210
-57
-229
-65
205
210
1
-177
-196
-11
139
63
-89
-168
-77
16
-18
-102
-133
-41
7
-31
-57
-61
-73
-100
-94
-25
43
-2
-136
-147
15
197
146
-85
-169
3
207
170
-18
-90
82
235
186
30
-24
64
146
178
112
2
-5
81
180
103
-41
-82
24
136
124
-47
-138
-59
45
57
2
-63
-86
-81
-42
8
-14
-79
-140
-112
-6
81
-20
-213
-245
-8
184
86
-158
-193
13
162
100
-35
-46
58
110
49
-10
41
125
89
39
65
92
-7
-75
60
247
190
-16
-156
-69
161
243
98
-102
-205
-92
111
196
-9
-231
-237
5
171
-6
-304
-295
-16
126
-20
-255
-233
-41
68
-32
-158
-153
-3
50
-55
-76
0
8
-17
-21
16
72
17
-46
-13
75
143
65
-20
-7
54
145
167
30
-101
-31
194
255
65
-179
-133
119
237
44
-215
-200
33
174
31
-191
-180
-15
55
-22
-101
-128
-95
-75
-12
68
-30
-179
-231
-31
154
77
-148
-247
-97
166
204
-6
-173
-104
88
190
144
-21
-59
58
207
203
64
-41
4
152
223
123
-40
-56
125
227
100
-82
-75
49
120
72
-35
-64
-36
-25
8
44
-1
-100
-147
-21
88
-31
-183
-172
-22
75
61
-125
-267
-159
65
188
45
-201
-184
50
220
127
-75
-125
38
185
114
-17
-27
79
152
102
19
6
46
62
62
81
107
102
6
-54
13
129
155
-32
-161
-83
69
93
-24
-153
-129
17
50
-112
-244
-168
-3
31
-83
-177
-153
-80
-6
16
-81
-214
-155
54
125
5
-144
-161
16
172
107
-69
-113
-23
103
127
82
9
-25
26
117
139
81
-40
-59
94
253
158
-82
-170
44
205
82
-108
-143
-15
87
-2
-146
-129
2
38
-45
-107
-115
-89
-55
-27
45
11
-138
-214
-136
63
126
-27
-192
-189
-19
161
172
-28
-188
-95
124
244
127
-99
-110
143
326
198
-78
-115
109
299
203
-47
-126
71
266
224
-14
-157
-48
129
178
65
-93
-144
-13
107
66
-54
-124
-98
-4
24
-35
-114
-108
-54
-36
-13
19
-71
-192
-162
-7
150
64
-140
-191
7
205
157
-63
-130
21
185
137
-9
-35
30
116
121
73
57
-5
-54
58
198
178
11
-122
-46
143
221
96
-138
-212
-24
152
118
-56
-193
-170
-13
77
-44
-206
-208
-91
38
3
-168
-252
-110
75
51
-145
-240
-94
93
107
-30
-149
-104
27
98
70
-8
-58
-58
31
142
156
20
-45
-6
115
173
88
-43
-63
72
241
182
-53
-166
-30
169
168
-34
-157
-134
-6
75
-3
-100
-100
-39
-11
-53
-120
-101
-29
-32
-24
-26
-71
-125
-117
-24
48
20
-91
-160
-87
73
166
64
-135
-135
61
235
145
-59
-88
113
277
197
8
-78
51
176
195
112
15
-7
73
150
96
-8
-29
-6
59
93
21
-63
-93
-22
39
71
-1
-148
-189
-48
90
79
-112
-270
-156
112
198
-86
-372
-284
125
321
57
-282
-253
63
272
147
-93
-101
55
146
94
-5
-18
29
113
135
86
34
-18
-34
80
212
179
5
-106
-49
92
186
139
-68
-257
-128
147
241
16
-286
-283
1
171
13
-270
-276
-47
117
-10
-202
-227
-76
59
14
-158
-197
-48
76
23
-51
-91
-73
28
107
87
-13
-88
-70
71
171
117
-6
-43
32
119
135
68
-27
-54
79
215
183
-26
-170
-34
161
180
-40
-232
-133
79
132
-62
-197
-81
57
16
-112
-135
-92
-38
-27
-7
18
-67
-187
-174
-16
129
50
-164
-231
-64
189
192
-39
-199
-89
153
247
86
-119
-90
138
310
217
-37
-119
54
256
240
30
-120
-7
230
255
12
-173
-79
126
186
57
-124
-130
10
71
40
-29
-108
-113
-16
77
-3
-172
-200
-91
90
102
-59
-222
-218
-27
147
98
-102
-199
-66
141
167
12
-90
-17
97
137
39
-29
5
100
153
99
39
16
-4
19
88
140
141
37
-69
-22
117
153
63
-129
-175
23
180
87
-173
-240
-60
133
58
-189
-282
-135
23
35
-79
-186
-202
-110
22
80
-45
-217
-183
5
103
66
-80
-156
-48
99
106
55
-42
-98
-26
124
204
87
-79
-103
77
244
197
-94
-234
53
365
300
-92
-303
-59
243
236
-41
-253
-162
62
123
-11
-140
-141
-52
40
7
-119
-175
-120
-25
83
47
-144
-231
-108
60
96
-50
-180
-134
10
130
100
-20
-107
-82
87
215
122
-51
-77
104
239
162
30
-5
78
151
151
71
12
47
102
119
61
-1
-17
16
65
58
-47
-81
-6
56
43
-19
-92
-127
-69
34
24
-84
-137
-117
-52
36
48
-100
-239
-166
77
173
-1
-193
-156
97
245
61
-135
-92
110
208
70
-59
-25
105
161
86
18
15
31
22
83
146
135
14
-84
-15
145
179
34
-138
-178
-6
166
139
-88
-238
-165
35
95
-78
-267
-220
-21
100
-49
-244
-238
-33
109
-13
-224
-248
-5
174
48
-128
-161
-39
119
115
-30
-83
4
31
57
81
65
24
16
57
84
88
52
7
34
128
134
56
-41
-34
65
115
34
-78
-103
-33
47
23
-95
-147
-43
58
35
-89
-204
-164
-2
68
32
-51
-169
-199
-107
49
111
17
-170
-229
-58
185
211
-34
-209
-71
169
232
58
-116
-28
207
277
101
-52
-17
136
211
150
10
-57
31
203
225
38
-115
-82
49
149
114
-40
-122
-86
21
65
47
-30
-120
-149
-55
58
21
-130
-213
-95
141
118
-175
-382
-184
193
310
-44
-331
-222
139
309
127
-153
-176
36
229
182
-20
-95
-1
172
204
56
-70
-61
82
185
153
17
-40
-2
90
111
56
23
-38
-72
-25
29
45
-34
-123
-112
-21
9
-99
-192
-137
-28
-18
-109
-148
-110
-44
-29
-82
-101
-107
-77
-11
11
17
-45
-73
-29
50
79
51
-43
-76
11
148
142
19
-63
23
145
168
80
-57
-86
93
277
190
-87
-184
-10
191
162
-70
-207
-111
96
109
-80
-174
-64
50
-9
-113
-138
-49
-25
-70
-39
-7
-68
-151
-135
-12
70
-1
-124
-151
-23
111
116
-12
-91
-43
75
128
91
32
17
111
156
120
34
2
93
205
148
10
-45
61
188
140
-30
-35
42
77
45
-15
-24
-3
-33
-38
7
43
10
-111
-166
-59
52
24
-103
-171
-81
65
28
-152
-224
-102
84
108
-38
-127
-76
58
131
34
-54
-19
73
122
84
22
27
37
86
106
83
58
-10
-38
74
199
211
31
-141
-77
129
264
102
-207
-260
28
249
130
-167
-263
-119
82
96
-113
-278
-211
-13
93
-9
-208
-268
-112
75
90
-134
-262
-123
83
139
-12
-169
-143
52
150
82
-7
-75
-57
25
168
163
8
-93
-27
158
225
100
-125
-140
151
369
188
-187
-244
45
252
143
-125
-228
-92
107
108
-44
-158
-139
-31
40
22
-133
-189
-93
12
69
-6
-171
-216
-84
66
94
-8
-179
-177
-9
152
127
-51
-141
-27
151
212
65
-83
-29
152
255
153
-39
-40
109
223
144
-3
2
93
157
111
-10
-46
20
100
80
12
-81
-58
-10
12
22
13
-42
-124
-118
-34
30
22
-88
-175
-151
39
119
-55
-249
-205
46
178
32
-153
-135
87
176
27
-100
-34
135
164
30
-79
5
145
165
61
1
5
42
65
91
117
82
11
-58
10
144
129
-9
-94
-93
9
99
47
-88
-169
-127
23
46
-134
-242
-144
-3
26
-97
-222
-166
17
71
-63
-238
-176
16
110
41
-98
-134
-46
70
96
62
-13
-77
-51
52
155
152
21
-70
-24
130
231
81
-133
-105
152
290
167
-113
-194
10
205
152
-78
-224
-106
83
91
-30
-130
-102
-9
7
-52
-122
-114
-46
-34
-3
0
-79
-159
-147
-32
128
87
-147
-270
-88
203
252
15
-200
-151
126
268
127
-76
-71
143
257
158
6
-22
89
173
131
35
0
81
181
128
-40
-74
28
103
93
-19
-79
-26
42
-12
-20
-1
-23
-100
-133
-40
40
-27
-113
-155
-54
81
38
-185
-270
-61
149
114
-93
-178
-55
135
143
5
-73
-10
62
118
96
21
-6
-15
79
207
158
-16
-127
-60
182
291
123
-105
-151
25
243
210
-40
-247
-151
126
213
28
-230
-245
-18
161
22
-282
-322
-66
157
49
-213
-308
-125
79
96
-101
-264
-187
35
112
32
-85
-135
-47
91
98
22
-33
-62
4
84
122
100
25
-42
0
128
204
85
-146
-107
171
333
149
-151
-198
53
244
121
-144
-208
-51
117
72
-110
-170
-59
51
11
-89
-145
-99
-56
-13
51
6
-147
-228
-121
87
128
-62
-214
-159
57
184
90
-86
-137
-27
159
200
65
-66
-12
163
234
134
-2
-20
79
182
177
45
-58
42
174
151
0
-49
8
35
66
58
-19
-68
-81
-17
70
79
-67
-230
-148
82
122
-74
-230
-175
18
149
15
-233
-273
-58
159
129
-104
-212
-73
162
200
10
-139
-55
113
167
85
-30
-26
91
180
105
-8
-8
43
55
108
139
114
13
-102
-31
152
197
28
-172
-135
87
151
5
-173
-180
-45
47
-7
-160
-197
-94
-40
-42
-92
-136
-115
-63
-20
-70
-131
-79
2
6
-37
-55
-22
-1
5
-27
25
112
72
-83
-88
81
208
139
-44
-118
16
239
234
-27
-146
36
245
195
-40
-142
-21
126
122
-48
-160
-105
25
75
13
-92
-136
-90
2
29
-70
-166
-151
-9
101
12
-177
-234
-96
98
119
-52
-219
-186
26
229
169
-108
-242
-44
244
278
24
-174
-43
257
331
103
-113
-62
180
289
131
-58
-88
105
260
161
-54
-104
-3
113
138
9
-103
-85
-29
21
49
15
-57
-134
-109
-4
54
-13
-134
-194
-93
107
101
-175
-320
-146
180
250
-73
-328
-168
198
321
67
-189
-142
91
219
134
-10
-52
30
123
157
107
19
-97
-30
190
224
99
-87
-124
55
211
171
-33
-193
-128
64
145
33
-140
-210
-96
59
30
-165
-256
-133
54
30
-155
-254
-125
22
41
-107
-209
-103
58
54
-40
-117
-72
15
64
44
22
13
-44
-50
70
183
124
-31
-83
58
206
187
-28
-153
-39
242
327
89
-190
-185
80
261
114
-192
-237
-11
156
83
-135
-186
-67
70
45
-117
-204
-116
18
30
-16
-75
-138
-120
-62
17
45
-20
-142
-153
-8
145
137
-31
-128
-31
128
175
74
-54
2
164
234
122
-14
-15
107
197
160
20
-35
52
175
134
-17
-44
28
78
49
-20
-35
5
-14
-52
-10
45
5
-117
-145
-45
42
-27
-155
-172
-14
129
-17
-252
-262
-7
207
88
-177
-194
-3
169
111
-33
-50
25
86
70
36
33
42
40
80
133
139
34
-102
-48
145
273
157
-84
-179
-6
230
237
0
-230
-199
83
219
34
-219
-247
-27
145
3
-254
-279
-71
108
20
-183
-254
-138
35
42
-114
-196
-95
45
56
2
-66
-96
-59
67
116
70
-37
-81
-36
85
162
113
10
-34
27
127
154
54
-95
-30
211
254
34
-169
-120
103
224
102
-170
-223
-21
129
52
-96
-130
-68
-31
-26
-27
-68
-121
-120
-33
61
16
-131
-217
-124
58
132
-23
-204
-174
16
181
134
-66
-162
-45
165
233
76
-84
-43
179
284
132
-71
-68
141
274
179
-29
-114
61
223
175
-22
-76
-22
58
84
18
-46
-39
-54
-42
50
54
-61
-158
-101
-4
18
-53
-125
-120
-40
42
13
-153
-222
-85
93
102
3
-160
-130
74
185
116
-37
-96
23
119
120
48
-2
15
130
134
71
-14
-42
43
150
182
94
-57
-70
55
177
139
-57
-176
-65
132
116
-65
-201
-135
32
83
-79
-255
-216
-35
71
-25
-170
-234
-126
13
55
-65
-215
-155
53
128
-40
-150
-102
51
131
21
-48
1
10
7
31
125
119
12
-66
27
180
199
7
-167
-18
278
305
13
-242
-134
190
261
17
-239
-208
47
193
54
-157
-226
-90
87
81
-72
-233
-187
-21
99
73
-87
-212
-208
-42
113
82
-88
-230
-147
95
228
105
-148
-191
17
222
208
-9
-120
25
257
268
59
-98
-11
187
267
117
-66
-43
136
230
103
-64
-73
28
110
101
0
-110
-58
13
15
23
-36
-91
-94
-31
11
-19
-98
-133
-105
-4
65
-40
-205
-211
5
174
70
-129
-195
-35
171
150
-24
-91
15
116
92
12
34
77
76
42
22
88
120
37
-18
42
148
155
26
-99
-40
130
186
64
-148
-186
-4
157
97
-111
-260
-156
54
78
-115
-245
-153
-2
19
-112
-208
-159
-36
53
-36
-161
-150
-26
55
31
-14
-89
-92
4
110
130
20
-132
-104
103
251
150
-104
-155
76
281
215
-47
-207
4
305
314
-11
-282
-150
159
280
72
-221
-198
24
152
59
-149
-186
-59
43
-2
-110
-121
-66
-57
-36
28
-3
-131
-222
-129
111
159
-52
-258
-183
89
278
97
-175
-174
86
252
152
-73
-103
88
269
220
44
-71
22
191
234
96
-43
-45
125
220
111
-55
-77
9
102
118
44
-96
-124
-54
36
102
51
-120
-226
-113
57
107
-68
-225
-189
39
169
-32
-300
-273
34
240
73
-204
-202
12
196
125
-56
-78
24
101
83
44
27
59
69
88
67
71
39
-24
28
130
169
89
-45
-75
30
156
162
-23
-176
-104
86
141
-43
-186
-148
12
41
-85
-224
-167
-24
11
-79
-176
-171
-68
30
-9
-117
-183
-130
26
107
37
-105
-177
-31
141
137
24
-105
-105
38
170
169
24
-89
-1
150
191
67
-49
-65
79
274
241
-50
-221
-89
160
234
20
-200
-147
66
90
-40
-115
-88
-26
-14
-48
-74
-114
-105
-69
-16
44
0
-145
-217
-97
64
102
-20
-178
-181
12
183
125
-59
-123
-26
137
189
71
-25
13
120
174
123
36
14
103
153
122
37
12
57
141
113
24
-1
-7
7
41
53
11
-46
-131
-75
81
141
-40
-242
-215
23
164
33
-216
-287
-66
167
71
-188
-275
-100
144
146
-67
-173
-107
106
205
55
-69
-44
37
112
100
42
19
73
111
66
67
38
-14
3
136
190
91
-92
-95
96
245
155
-107
-255
-92
175
171
-68
-227
-187
-1
109
-25
-252
-254
-63
94
27
-186
-286
-147
93
97
-119
-266
-127
89
114
-29
-176
-125
67
135
45
-24
-35
-33
22
116
145
56
-62
-43
107
237
149
-91
-158
75
326
248
-77
-224
-60
182
208
-2
-186
-165
34
102
18
-100
-126
-65
-21
-24
-56
-119
-91
-84
-40
28
11
-83
-197
-184
-16
135
90
-130
-237
-87
201
234
-27
-225
-95
157
270
120
-83
-59
155
266
137
-22
-14
110
189
149
19
-21
83
168
110
-27
-57
-29
64
154
73
-76
-142
-100
48
126
33
-145
-217
-77
84
80
-107
-241
-165
74
156
-76
-295
-239
65
236
57
-217
-218
55
232
126
-94
-104
69
173
71
-60
0
151
156
46
1
65
63
15
28
124
136
68
-48
-58
74
185
108
-69
-182
-80
104
129
-27
-172
-196
-36
80
-27
-186
-227
-102
29
-2
-144
-221
-146
25
61
-114
-214
-119
33
74
3
-65
-108
-55
37
120
116
-11
-140
-65
137
229
99
-85
-108
61
252
213
-49
-181
37
280
242
-20
-219
-70
185
202
-4
-207
-162
36
133
11
-152
-162
-43
49
0
-118
-142
-84
-41
1
41
-18
-175
-228
-104
115
149
-56
-253
-174
101
279
97
-188
-200
67
274
211
-51
-125
54
272
236
35
-76
45
204
225
75
-68
-43
145
265
118
-119
-153
48
201
141
-70
-163
-66
69
77
-4
-102
-141
-82
50
59
-73
-218
-166
25
138
4
-236
-282
-71
170
134
-108
-212
-101
145
197
43
-87
-98
54
158
132
7
-69
3
140
203
94
-42
-37
-3
131
184
123
9
-75
-34
111
205
81
-163
-216
23
214
115
-141
-274
-133
117
121
-140
-316
-213
5
95
-17
-187
-243
-134
26
78
-55
-208
-180
-24
105
91
-61
-170
-89
88
153
101
-55
-146
-46
147
255
115
-102
-135
71
285
208
-79
-192
57
309
290
-52
-293
-109
207
276
6
-270
-182
66
149
39
-140
-220
-101
58
114
-34
-241
-228
-54
141
127
-119
-301
-213
66
209
50
-216
-259
-54
176
205
-16
-186
-82
133
195
77
-29
-24
122
213
150
2
-28
76
218
229
57
-81
-38
145
218
81
-82
-94
29
126
128
-5
-130
-123
-3
97
99
-59
-212
-170
13
146
24
-206
-254
-95
140
132
-119
-303
-207
73
193
54
-179
-189
25
205
126
-73
-112
39
160
110
-3
-27
46
147
121
37
33
19
-9
35
141
181
82
-51
-67
50
177
127
-53
-161
-86
66
109
-13
-137
-165
-73
22
-16
-123
-203
-137
-1
6
-110
-202
-131
4
34
-100
-204
-84
50
43
-5
-80
-99
-9
104
123
38
-99
-142
6
228
234
1
-164
-68
204
310
113
-196
-184
167
386
192
-174
-239
43
293
184
-153
-310
-95
195
174
-107
-250
-114
72
75
-59
-185
-157
-26
21
20
-54
-151
-157
-95
24
65
12
-98
-166
-91
84
186
71
-118
-145
39
215
173
-31
-88
112
245
154
5
-8
85
193
190
51
-77
0
191
241
71
-144
-108
70
176
120
-64
-168
-89
52
118
46
-77
-179
-152
-14
93
41
-147
-288
-154
163
214
-122
-395
-250
147
298
38
-285
-224
96
269
118
-143
-117
70
160
116
19
-35
8
125
169
111
23
-103
-46
136
254
177
-62
-134
21
178
160
8
-134
-133
7
107
54
-72
-156
-125
-23
23
-90
-195
-174
-37
18
-65
-171
-204
-80
37
-19
-139
-129
-33
8
-11
-24
-36
-47
-31
-4
76
113
14
-109
-46
138
211
83
-104
-107
113
264
171
-73
-141
63
259
213
-17
-180
-74
161
210
-21
-220
-160
74
143
9
-158
-172
-21
61
-13
-150
-167
-65
14
7
-14
-100
-169
-132
-7
83
34
-114
-166
-67
124
140
-22
-136
-28
135
137
54
-4
46
132
201
122
24
3
53
173
178
121
15
-16
67
157
116
-19
-64
-2
69
99
49
-43
-126
-115
42
169
42
-227
-283
-60
196
122
-180
-350
-149
179
174
-156
-343
-186
122
184
-11
-168
-148
42
171
95
-45
-61
55
126
71
24
1
65
125
123
21
-6
11
28
119
161
125
17
-76
-21
91
180
87
-105
-159
-30
104
85
-61
-189
-145
14
62
-104
-259
-200
-6
65
-33
-212
-251
-99
82
69
-130
-238
-119
97
139
-3
-167
-161
18
153
127
12
-111
-92
55
215
174
-3
-98
-24
142
233
130
-86
-139
98
289
191
-64
-165
-35
179
172
-59
-206
-90
82
93
-27
-142
-126
-73
16
30
-66
-162
-145
-50
93
48
-156
-233
-117
77
110
-52
-194
-148
24
172
111
-97
-161
8
204
174
-2
-105
31
206
244
103
-60
-30
135
227
175
18
-57
35
177
161
15
-54
-7
33
64
70
1
-32
-61
-93
4
84
39
-120
-209
-118
53
73
-70
-184
-144
27
102
-53
-261
-235
17
179
97
-127
-232
-26
210
175
-42
-153
2
170
165
23
-61
24
154
168
59
-29
-34
-3
157
217
124
-49
-123
-23
174
244
58
-198
-200
39
221
102
-168
-259
-101
96
68
-150
-290
-199
28
124
-40
-294
-310
-29
196
82
-225
-300
-91
135
118
-33
-131
-99
13
75
93
70
-18
-120
-75
156
255
102
-113
-103
109
263
153
-114
-143
115
305
179
-104
-193
52
210
105
-136
-174
8
92
16
-140
-138
8
56
-41
-153
-125
-35
-7
-63
-61
-42
-38
-91
-143
-91
40
74
-38
-169
-133
65
189
88
-91
-145
19
192
201
33
-59
39
188
202
87
-21
16
120
194
111
-5
-5
111
163
83
-28
-77
4
108
111
-7
-104
-117
-42
99
104
-38
-199
-189
-5
121
0
-175
-222
-39
172
97
-237
-380
-115
233
218
-79
-302
-166
175
275
60
-156
-112
108
207
86
-44
1
52
83
123
115
80
-35
-77
64
218
214
22
-166
-95
153
259
90
-193
-269
9
242
160
-158
-324
-146
132
139
-134
-379
-251
60
178
-52
-308
-281
-34
158
61
-219
-273
-62
113
95
-10
-121
-142
-4
108
146
44
-93
-109
31
189
171
-1
-96
-14
132
212
131
-78
-125
77
258
201
-52
-168
-48
164
182
-31
-195
-142
29
107
5
-125
-124
-58
-3
13
-82
-151
-146
-36
103
68
-144
-273
-167
67
205
28
-256
-272
11
274
197
-128
-236
-18
209
230
28
-135
-26
248
309
95
-108
-57
152
272
211
0
-126
20
236
210
-7
-105
-32
54
77
68
13
-18
-113
-140
26
172
68
-207
-259
-76
147
104
-140
-278
-156
118
153
-114
-304
-198
102
225
21
-206
-176
61
211
92
-86
-75
64
141
93
1
-11
61
117
115
75
14
-46
9
126
190
130
-20
-95
-25
130
193
43
-151
-140
29
117
39
-107
-155
-53
25
-62
-180
-182
-73
2
-51
-139
-176
-104
-20
23
-72
-196
-142
24
106
46
-82
-147
-105
55
136
132
11
-135
-119
70
228
171
-7
-108
-8
179
206
34
-100
-42
167
283
83
-164
-128
95
238
85
-198
-195
39
148
6
-156
-141
3
73
-19
-165
-190
-79
74
34
-68
-114
-137
-108
-45
14
26
-40
-102
-104
-46
89
103
-1
-93
-37
101
162
92
-13
-25
118
237
162
-12
-59
85
251
196
4
-95
40
213
196
-5
-109
-28
73
134
64
-67
-119
-91
16
119
72
-96
-211
-164
35
108
-36
-201
-208
-27
170
40
-226
-282
-97
156
139
-86
-206
-105
151
216
12
-152
-60
147
182
57
-54
-26
89
160
106
38
17
5
17
126
197
118
-58
-113
20
209
195
-35
-256
-153
129
223
21
-212
-218
-55
78
13
-186
-268
-107
82
44
-141
-282
-227
32
144
-43
-279
-185
82
152
-13
-159
-144
-8
117
89
24
-11
-38
-32
35
145
144
16
-54
-13
166
237
48
-163
-81
204
338
149
-162
-230
17
249
170
-103
-220
-84
78
58
-59
-91
-50
-31
-67
-91
-66
-54
-53
-100
-62
16
-32
-149
-183
-48
109
75
-95
-231
-115
155
192
18
-145
-76
103
174
113
6
24
104
149
119
85
62
44
80
132
138
89
26
43
49
68
81
40
-39
-26
50
80
25
-121
-175
10
193
77
-198
-306
-88
190
147
-154
-359
-178
170
198
-141
-370
-188
138
211
-22
-217
-137
105
171
50
-44
8
69
66
29
48
82
75
50
30
67
82
53
-5
55
167
163
25
-104
-71
128
230
55
-197
-208
52
206
76
-146
-244
-101
64
8
-182
-218
-90
32
0
-146
-236
-145
43
66
-93
-260
-177
88
167
-6
-164
-184
-31
133
147
47
-92
-104
20
154
173
46
-85
-28
122
194
108
-29
-97
60
228
186
22
-106
-77
75
149
63
-92
-128
-48
42
42
-58
-117
-95
-42
-36
-17
-43
-109
-136
-92
78
97
-91
-285
-223
60
219
42
-213
-257
-39
224
192
-60
-170
-50
125
189
99
-10
6
122
179
122
60
37
79
150
152
59
-10
48
149
105
-23
-25
37
92
65
-33
-64
-21
-14
9
28
4
-80
-137
-92
16
25
-56
-159
-121
-21
56
-29
-202
-186
0
102
36
-87
-132
-35
80
106
52
-15
-23
49
98
90
39
9
24
113
146
83
-1
-61
31
174
195
55
-69
-62
61
186
137
-31
-167
-128
98
161
7
-186
-195
-14
66
-46
-210
-215
-66
19
-28
-119
-152
-146
-103
-7
29
-65
-129
-122
-62
21
98
15
-89
-96
-27
165
171
-37
-176
-61
205
275
76
-138
-117
132
277
153
-115
-118
134
287
141
-109
-154
29
182
103
-82
-137
-62
15
36
-33
-92
-97
-31
11
-17
-111
-155
-115
-13
89
6
-163
-199
-97
68
91
-45
-173
-160
-3
179
155
-58
-167
-54
155
229
88
-66
-15
153
229
119
1
-9
108
217
160
-1
-67
55
192
183
3
-137
-49
116
151
41
-96
-128
-77
32
119
57
-115
-209
-105
44
57
-47
-182
-160
-15
126
-20
-228
-243
-47
145
113
-52
-197
-108
112
180
57
-58
-50
40
71
70
103
92
21
-29
35
180
196
-14
-140
-2
239
309
28
-253
-161
192
343
109
-205
-276
-40
182
160
-56
-237
-174
-6
51
-65
-223
-187
-27
47
-59
-235
-235
-46
117
39
-169
-212
-106
62
141
29
-154
-170
1
167
202
26
-215
-180
122
368
237
-134
-270
-35
296
374
46
-273
-122
255
360
89
-195
-170
63
222
115
-112
-181
-60
56
24
-41
-85
-87
-70
-32
-3
-60
-130
-109
-74
42
60
-96
-228
-190
29
196
74
-219
-308
-43
266
253
-48
-249
-118
159
267
133
-70
-47
125
245
191
31
-52
33
225
210
11
-69
46
197
152
-3
-75
-6
59
117
74
-57
-134
-110
27
125
49
-118
-206
-102
63
65
-84
-198
-144
41
107
-77
-265
-205
41
184
17
-175
-130
46
176
65
-76
-66
70
139
96
3
1
17
62
126
155
113
-3
-100
-12
210
258
71
-160
-125
108
267
157
-115
-247
-86
179
210
-48
-266
-224
22
128
-31
-259
-286
-64
110
31
-170
-278
-169
32
78
-55
-210
-191
6
121
51
-80
-173
-99
92
185
124
-82
-209
-63
236
292
49
-180
-125
143
301
185
-116
-194
57
348
277
-21
-214
-121
125
238
53
-174
-184
17
126
23
-117
-160
-70
41
31
-59
-158
-154
-64
29
55
-56
-167
-203
-84
72
100
-46
-185
-145
35
185
112
-74
-135
-29
128
176
116
3
-23
107
231
187
13
-81
32
237
268
66
-115
-48
174
238
105
-74
-153
-36
150
195
30
-167
-254
-25
263
183
-158
-375
-183
150
186
-65
-297
-230
67
198
-49
-320
-277
54
244
59
-216
-219
35
244
151
-89
-135
5
165
154
33
-41
4
111
148
78
2
7
42
68
84
131
110
27
-57
-45
85
168
61
-142
-180
37
164
46
-162
-225
-70
84
22
-178
-260
-133
35
60
-102
-267
-206
-3
109
-37
-225
-175
29
117
5
-125
-120
23
103
48
18
-3
-33
-34
67
167
133
6
-74
10
171
214
21
-119
3
231
246
1
-174
-85
155
235
8
-203
-164
30
104
28
-87
-127
-89
-22
3
-30
-102
-116
-127
-39
59
14
-134
-225
-144
88
149
-11
-214
-212
7
234
184
-70
-198
-67
134
250
127
-45
-44
129
209
132
36
23
69
139
151
68
3
51
119
101
28
3
11
34
41
16
0
-40
-93
-21
49
41
-62
-147
-116
19
38
-85
-206
-141
58
124
-102
-293
-188
80
197
14
-217
-222
77
292
127
-156
-212
47
282
196
-74
-130
41
220
173
-1
-44
77
89
61
43
100
112
22
-56
-11
120
157
23
-149
-131
26
137
56
-139
-210
-83
38
3
-155
-235
-94
43
13
-156
-273
-142
82
106
-122
-286
-169
97
157
21
-146
-181
-13
107
111
77
-43
-126
-39
169
240
72
-134
-89
160
297
133
-149
-160
155
329
173
-126
-187
48
236
148
-137
-241
-54
156
115
-98
-213
-88
51
42
-52
-164
-158
-34
9
-9
-13
-81
-169
-169
-66
90
95
-59
-195
-156
41
191
112
-95
-131
1
145
185
84
-26
13
136
194
93
13
25
139
182
127
15
-22
43
158
160
-1
-83
-5
96
82
4
-50
-49
-73
-32
83
67
-84
-200
-123
41
104
-48
-211
-209
-17
164
31
-233
-262
-61
145
128
-73
-178
-71
109
152
48
-28
-4
38
45
48
71
83
60
27
90
144
83
-48
-23
108
193
137
-42
-125
19
179
168
-36
-163
-69
59
78
-38
-129
-122
-32
-19
-100
-185
-128
-11
3
-113
-207
-174
-45
46
-24
-172
-183
-29
56
2
-51
-54
-39
-14
10
72
99
-7
-101
-57
130
201
57
-61
-35
109
206
120
-61
-101
85
252
194
-45
-173
-24
174
151
-50
-173
-60
72
57
-75
-139
-87
15
26
-60
-142
-149
-48
21
14
-35
-116
-162
-93
23
37
-58
-141
-84
27
83
33
-63
-37
61
91
27
-25
75
164
154
74
34
59
131
130
83
83
88
65
51
109
127
55
-28
5
33
26
59
56
-14
-70
-109
-9
112
60
-119
-205
-115
59
80
-77
-208
-162
46
119
-78
-264
-198
49
169
57
-156
-184
4
172
150
-6
-102
-37
113
157
49
-41
8
122
129
85
30
-13
-28
81
194
145
33
-57
-40
71
154
101
-56
-140
-46
94
53
-44
-138
-116
-26
-21
-85
-161
-157
-80
-20
-31
-122
-218
-142
31
46
-104
-184
-88
0
35
-10
-66
-54
-3
33
71
67
11
-74
-68
81
200
140
-2
-76
15
167
190
28
-100
-4
208
235
17
-156
-86
116
193
36
-160
-139
15
85
4
-111
-111
-65
-26
-19
-31
-90
-111
-110
-46
42
7
-134
-208
-117
72
136
-3
-193
-191
23
196
97
-56
-127
-3
163
169
43
-34
39
200
188
44
-32
48
198
209
67
-53
11
131
184
75
-68
-56
35
109
107
8
-93
-124
-52
71
123
11
-198
-254
-59
149
120
-137
-316
-195
139
218
-66
-336
-296
52
239
103
-161
-225
5
201
131
-38
-89
3
125
131
24
-12
38
106
127
81
46
0
-23
69
186
170
21
-108
-59
140
222
61
-118
-165
-28
118
96
-43
-169
-165
-58
38
10
-181
-238
-87
36
-20
-156
-198
-95
9
-13
-117
-146
-57
36
-1
-70
-36
8
-3
-33
23
124
59
-83
-98
82
229
126
-63
-79
62
217
180
-57
-130
74
277
190
-41
-133
-32
131
145
-45
-151
-104
33
89
-1
-102
-137
-79
-1
-22
-63
-64
-87
-113
-45
31
-20
-131
-183
-80
73
63
-69
-154
-96
44
127
59
-53
-55
38
89
92
56
84
107
99
92
95
91
57
65
123
144
77
17
30
89
92
65
8
-23
-1
86
105
-1
-162
-169
55
205
90
-215
-323
-96
202
174
-146
-362
-196
158
216
-117
-368
-236
116
261
16
-256
-238
76
270
155
-73
-155
-20
145
159
83
-33
-21
105
185
124
2
-65
-18
129
195
125
-2
-72
-11
108
156
89
-101
-181
-63
129
125
-40
-194
-180
-37
38
-28
-172
-212
-108
7
9
-98
-205
-162
-38
21
-55
-143
-122
-32
30
62
-13
-126
-118
25
167
166
-43
-194
-67
176
243
74
-81
-68
97
205
135
-59
-80
114
247
138
-52
-130
-27
167
162
-45
-192
-119
60
116
4
-141
-170
-48
46
34
-90
-179
-154
-28
90
80
-118
-257
-176
29
157
46
-163
-221
-81
131
203
53
-115
-118
28
152
182
71
-28
8
183
241
98
-61
-32
164
286
151
-73
-85
119
242
137
-69
-121
4
120
131
14
-109
-126
-61
74
134
7
-187
-204
-45
73
59
-82
-202
-167
25
120
-76
-272
-187
22
155
83
-131
-206
-34
194
170
-13
-113
-20
153
150
38
-56
3
120
158
105
35
-34
-31
87
200
162
17
-106
-69
111
242
143
-126
-255
-81
159
179
-38
-211
-214
-37
91
-13
-237
-259
-76
81
36
-162
-291
-167
80
97
-99
-241
-140
42
106
3
-133
-117
29
106
110
53
-83
-134
14
219
208
-4
-143
-27
172
243
112
-152
-100
234
369
107
-240
-228
94
323
175
-186
-287
-33
199
118
-132
-252
-119
82
89
-77
-208
-147
16
69
-34
-132
-127
-107
-52
-2
5
-8
-84
-133
-72
108
172
3
-143
-79
98
187
109
2
-30
71
211
175
56
-24
21
178
203
99
-36
12
113
140
29
-34
28
68
12
-16
20
37
-52
-133
-68
74
82
-55
-181
-151
4
48
-39
-135
-141
-7
28
-93
-178
-112
13
71
18
-96
-100
64
130
13
-45
14
88
80
-10
-5
95
160
94
1
20
111
94
-6
3
115
211
99
-78
-88
50
173
123
-67
-149
-48
61
65
-33
-136
-116
-29
18
-95
-201