#4
447
-169
-402
79
549
293
-277
-339
229
589
153
-409
-246
398
540
-51
-467
-72
566
456
-232
-465
86
595
314
-298
-346
214
547
153
-360
-241
366
543
37
-397
-143
399
435
-40
-319
-24
387
326
-118
-237
110
348
143
-166
-103
229
302
15
-241
-15
363
267
-133
-209
118
385
180
-190
-129
241
351
20
-221
-57
269
297
-31
-198
20
283
201
-133
-153
154
361
115
-215
-129
264
371
22
-248
-24
333
311
-78
-261
74
381
270
-126
-227
104
364
174
-156
-132
202
342
60
-204
-71
280
304
-54
-220
33
311
179
-114
-106
158
269
24
-172
-17
308
276
-118
-274
81
441
237
-240
-305
186
489
170
-325
-240
288
448
38
-355
-135
373
404
-87
-388
-20
451
276
-249
-267
212
437
74
-318
-134
351
375
-83
-316
5
375
256
-161
-260
75
356
145
-202
-175
170
329
42
-213
-87
213
229
-94
-223
65
319
168
-202
-231
137
352
112
-262
-177
237
358
-16
-302
-82
354
337
-117
-360
-13
435
299
-209
-360
62
462
221
-254
-264
142
359
84
-247
-102
242
256
-86
-236
18
314
212
-152
-234
110
334
102
-194
-126
197
288
-6
-232
-80
254
245
-49
-224
-18
246
174
-133
-164
142
290
55
-247
-102
299
329
-74
-303
-14
360
254
-167
-251
116
376
160
-229
-221
180
375
70
-244
-114
238
290
-25
-234
-26
295
221
-114
-230
4
280
188
-90
-138
28
216
108
-116
-56
133
148
-42
-113
114
224
35
-203
-100
248
296
-56
-278
-10
318
199
-166
-248
87
357
137
-257
-245
170
367
85
-261
-132
211
281
-52
-250
14
303
183
-143
-196
80
264
80
-171
-100
127
175
18
-124
-51
126
139
-38
-114
10
121
52
-90
-39
115
137
-32
-139
-26
181
132
-100
-144
51
209
67
-138
-88
152
225
-20
-228
-82
236
255
-43
-269
-83
258
266
-62
-282
-99
249
249
-63
-198
-28
166
133
-57
-127
28
169
108
-110
-118
86
210
67
-121
-119
98
209
12
-186
-73
182
199
-60
-190
-37
182
151
-70
-122
47
149
54
-95
-38
168
131
-90
-147
92
235
68
-145
-98
147
234
7
-183
-89
208
247
-37
-230
-18
255
201
-152
-201
79
292
87
-207
-170
122
264
56
-176
-105
84
187
81
-93
-119
44
115
61
-3
-9
39
37
-22
12
89
62
-54
-57
71
135
15
-120
-57
134
149
-28
-158
-53
150
172
4
-127
-48
117
123
-13
-95
18
154
74
-95
-88
66
139
31
-89
-78
47
121
21
-82
-54
60
116
-19
-94
-21
41
42
21
-10
-13
3
1
2
16
8
22
28
-5
-13
3
-1
32
39
34
21
-38
-50
65
136
26
-141
-93
120
162
8
-119
-97
77
150
23
-88
-85
28
122
62
-81
-104
82
167
18
-132
-78
111
171
-10
-122
-8
137
74
-103
-120
76
154
27
-158
-84
100
160
-9
-134
-37
99
113
-9
-97
23
162
56
-117
-46
119
104
-44
-85
58
162
50
-117
-88
115
172
13
-141
-32
129
131
-42
-123
-2
143
108
-45
-146
-29
167
173
-72
-188
-23
182
136
-59
-146
-18
159
115
-47
-86
-9
97
86
-33
-62
5
72
56
-15
-46
35
67
13
-22
-20
12
26
-3
-2
20
52
23
-5
-14
12
33
30
18
26
10
-6
-17
18
48
32
-4
-52
-42
13
75
51
-51
-70
17
62
12
-78
-46
61
95
3
-96
-51
48
66
11
-58
-32
25
45
16
-48
-52
46
103
23
-74
-49
20
57
54
4
-62
-50
46
80
44
-69
-105
-22
119
114
-25
-122
-61
77
103
-10
-76
-13
51
32
-4
-11
11
42
15
-10
18
23
-16
-43
-1
46
71
-12
-71
-58
13
75
37
-31
-34
-3
38
31
19
15
32
6
-38
15
72
14
-36
-9
58
90
23
-57
-68
54
115
69
-64
-91
44
129
40
-68
-40
63
79
-30
-73
-29
92
117
9
-129
-69
119
110
-27
-86
-27
43
72
49
10
-41
-12
12
29
47
-2
-17
20
44
2
-29
-7
11
46
1
-26
-13
0
-10
44
70
0
-45
-15
32
68
23
-38
-10
69
52
-40
-58
8
73
37
-74
-90
37
83
13
-78
-67
63
87
-12
-105
-105
51
127
29
-120
-94
55
104
-9
-104
-37
93
75
-73
-104
6
107
71
-29
-112
-45
79
100
21
-76
-83
0
84
101
-24
-78
-82
19
85
50
-37
-71
-33
65
69
-35
-73
7
67
30
-22
-39
-11
72
59
-37
-63
11
50
-7
-44
5
54
31
-61
-76
-5
71
55
-41
-45
32
48
3
-22
18
51
-2
-29
14
64
19
-49
-15
75
97
24
-100
-66
89
124
22
-77
-48
49
93
13
-73
-9
84
79
-48
-105
-1
104
88
-32
-83
-42
26
106
51
-83
-87
20
121
84
-48
-109
-1
99
70
-70
-77
40
99
41
-68
-65
24
80
22
-52
-44
-1
39
27
-7
9
18
14
-5
-13
9
39
16
0
15
16
-8
-19
-27
30
64
-18
-89
-56
74
102
-44
-105
-14
73
37
-64
-70
11
68
35
-67
-88
6
78
19
-69
-60
61
75
-33
-91
-16
72
60
-30
-78
-46
60
93
17
-63
-86
-4
76
71
-7
-98
-68
33
91
37
-55
-87
22
82
-11
-81
-25
76
63
-34
-55
-16
27
74
33
-60
-72
59
64
-36
-68
-8
75
61
-51
-88
-19
76
39
-39
-47
11
61
3
-18
24
45
-6
-50
-1
70
52
-34
-59
42
91
36
-58
-62
41
80
26
-15
-8
18
27
13
-30
-11
73
72
-38
-127
-46
123
153
-32
-187
-56
145
143
-27
-155
-70
107
153
20
-134
-85
67
104
7
-45
-34
11
59
57
-31
-73
-9
52
65
-43
-100
5
67
65
-51
-64
58
91
-8
-86
-18
78
54
-17
-36
4
31
9
-7
-7
-1
-33
-33
32
52
12
-56
-88
10
69
56
-93
-127
20
138
52
-130
-109
46
121
-4
-125
-65
83
87
-38
-103
-30
95
79
-27
-104
-50
68
91
4
-84
-46
30
45
18
0
-34
-49
-30
44
67
6
-87
-58
49
59
-15
-63
-15
70
28
-16
-39
-26
63
57
-15
-50
-2
8
-12
1
14
7
-4
-23
-59
-9
43
39
-34
-26
10
32
4
2
21
27
-4
-30
6
58
24
-53
-37
74
133
1
-114
-60
101
111
1
-85
-20
74
46
-27
-57
10
99
57
-63
-114
-9
120
121
-37
-142
-82
83
152
31
-126
-104
55
154
78
-106
-121
42
128
38
-78
-55
54
91
-1
-65
-30
34
28
13
-7
-44
-44
10
38
46
-1
-14
9
14
-40
-13
75
80
-32
-69
-10
62
34
-36
-20
18
-15
-51
-5
54
25
-72
-88
30
100
16
-88
-91
11
87
33
-77
-86
7
83
13
-70
-65
33
66
-19
-73
-42
58
106
11
-90
-83
5
102
80
-41
-110
-21
77
54
-37
-74
-38
65
61
-54
-65
3
43
16
-38
-23
-4
43
21
-44
-40
15
79
59
-33
-98
-7
82
33
-64
-54
23
60
6
-64
-70
-1
84
13
-60
-5
33
18
-38
-18
60
74
-13
-67
-7
89
31
-47
-39
48
100
11
-87
-26
76
69
-15
-7
12
20
12
-21
-27
24
68
36
-35
-70
-55
52
131
56
-103
-131
25
141
86
-77
-138
-8
137
109
-45
-108
-45
56
101
23
-77
-65
49
91
-7
-70
-4
41
37
-32
-74
5
32
14
-15
16
40
8
-28
-44
-6
82
63
-10
-52
-49
21
51
23
-34
-14
26
-51
-61
35
82
-16
-107
-38
70
55
-65
-141
-22
120
85
-73
-136
-36
103
66
-63
-86
4
65
19
-74
-58
50
86
26
-67
-100
-18
102
79
-23
-89
-61
47
106
14
-99
-82
-11
103
48
-63
-71
16
64
2
-76
-49
78
79
-70
-96
39
109
47
-60
-72
3
73
31
-76
-59
59
46
-24
-61
-36
32
35
-10
-37
5
23
8
9
6
5
19
0
-17
20
43
0
-25
-3
42
75
19
-81
-42
62
90
26
-51
-29
35
73
-2
-62
-5
72
61
-52
-102
-11
110
104
-19
-123
-84
81
122
24
-84
-113
17
159
89
-87
-137
-24
134
103
-53
-107
11
70
49
-44
-53
-5
47
55
-21
-83
-26
30
40
23
-6
7
-3
-19
-2
13
42
9
-7
-1
-11
-5
26
9
-15
-20
-18
-12
-23
8
40
-19
-81
1
71
35
-97
-121
24
141
41
-138
-111
47
111
-18
-131
-47
95
65
-53
-66
-9
45
56
3
-74
-65
28
78
27
-46
-51
-8
68
42
-24
-83
-64
57
95
-15
-96
-45
57
41
-12
-55
-31
60
58
-40
-97
-5
95
79
-26
-84
-12
51
18
-55
-44
27
68
9
-70
-82
14
92
29
-66
-48
26
48
-6
1
26
19
-27
-24
40
72
12
-75
-48
88
111
0
-101
-51
73
121
3
-68
-24
74
52
-46
-66
28
91
41
-42
-125
-23
133
119
-49
-154
-40
111
101
-27
-122
-49
86
109
43
-66
-103
-2
69
71
-14
-81
-2
85
96
-64
-111
-45
90
120
-30
-165
-52
117
109
-38
-95
-3
95
55
-84
-77
85
90
0
-66
-44
39
40
-5
-23
-5
4
-26
-26
16
28
-51
-67
27
71
0
-97
-88
32
95
12
-78
-75
3
49
15
-54
-41
24
55
-18
-51
-46
21
67
39
-57
-95
-17
104
90
-51
-114
-33
80
96
-28
-98
-74
31
114
35
-89
-96
9
105
32
-107
-92
48
121
1
-89
-25
49
59
2
-54
2
41
-27
-74
0
93
53
-49
-100
-41
60
61
-30
-51
10
38
1
-35
11
65
53
-42
-89
17
115
49
-73
-55
37
114
36
-78
-63
60
97
27
-83
-35
61
70
-36
-71
33
104
35
-86
-101
21
129
76
-51
-115
-58
76
109
13
-114
-101
53
145
61
-66
-124
-1
110
59
-59
-67
29
82
22
-38
-31
8
24
2
-28
-16
3
-16
-11
33
75
15
-53
-63
-6
63
71
-5
-53
2
40
29
-20
-46
-21
43
38
-41
-61
3
57
-15
-77
-20
56
32
-69
-101
16
101
38
-91
-106
15
83
17
-87
-68
39
94
-21
-90
-39
65
86
6
-91
-78
37
83
51
-44
-109
-31
108
93
-49
-135
-58
81
86
-8
-71
-56
15
53
17
-44
-44
9
60
17
-32
-39
19
57
23
-54
-32
53
13
-95
-52
90
106
-44
-128
-38
70
63
-46
-71
28
74
-6
-63
-12
61
84
-17
-90
-15
83
74
-46
-81
30
122
67
-87
-103
48
143
67
-68
-98
34
130
27
-106
-93
74
152
-1
-160
-93
95
150
17
-128
-86
46
99
33
-51
-78
-17
97
86
-38
-106
-16
91
43
-57
-24
39
48
-21
-65
-11
62
51
-6
-75
-56
26
68
9
-81
-13
93
53
-49
-90
9
113
35
-60
-70
24
67
15
-30
-9
15
15
-62
-73
35
86
2
-102
-54
58
92
-46
-140
-50
134
93
-88
-133
-15
84
65
-56
-93
-17
88
43
-79
-79
33
106
23
-90
-104
24
127
43
-73
-84
-14
71
69
-25
-80
-82
32
120
35
-80
-103
-11
78
56
-44
-80
0
72
40
-35
-49
-17
67
58
-15
-80
-29
56
24
-41
-41
27
34
-33
-50
-27
42
63
-23
-56
-16
50
19
-5
0
11
20
-2
3
30
-3
-18
-22
59
83
23
-85
-67
84
126
4
-123
-59
105
116
-10
-103
-35
97
87
-54
-138
-29
133
103
-51
-114
-20
73
52
18
-49
-94
1
120
94
-39
-109
-19
88
64
-30
-71
5
81
37
-63
-47
24
60
13
-44
-70
4
49
42
-4
-44
18
27
-9
-32
16
70
9
-36
3
29
11
-25
-23
23
29
-29
-62
-49
32
68
-3
-87
-40
54
63
-33
-132
-51
113
105
-80
-159
-30
118
80
-89
-121
42
111
-10
-109
-78
63
125
28
-124
-136
55
156
47
-105
-141
18
137
64
-65
-112
-57
62
80
8
-51
-53
5
26
16
1
-26
-39
28
34
-11
-48
-11
71
66
-34
-75
-14
49
4
-52
-38
49
67
-44
-102
-18
54
40
-7
-21
-8
0
7
18
39
46
-24
-79
-9
108
72
-66
-78
48
134
43
-122
-100
83
160
23
-130
-36
96
88
-37
-78
-7
76
77
-48
-111
-34
97
140
3
-159
-96
65
143
47
-109
-113
43
127
55
-95
-89
58
106
-5
-66
-24
61
64
-23
-75
-23
57
53
3
-46
-60
5
32
26
-6
-4
18
12
6
-19
-50
42
99
13
-81
-21
45
21
-26
-33
43
37
-55
-84
23
72
-10
-88
-36
74
52
-62
-125
-5
108
59
-85
-112
-15
91
53
-93
-122
32
146
29
-125
-118
50
150
69
-124
-162
13
172
86
-79
-158
-46
121
131
-29
-165
-89
74
130
12
-79
-82
14
75
17
-56
-64
13
89
38
-63
-80
11
110
67
-72
-92
26
59
-12
-72
-22
64
66
-36
-107
-50
95
79
-56
-98
3
97
37
-45
-32
30
53
-2
-22
11
17
5
-9
41
57
-8
-60
4
76
44
-38
-65
15
132
52
-78
-98
37
120
51
-92
-96
10
118
101
-68
-137
-47
89
119
-4
-103
-58
59
91
28
-46
-73
3
88
27
-55
-18
43
52
-14
-46
-13
30
21
-1
-21
-40
3
30
1
-28
5
56
35
-14
-61
-22
69
79
9
-57
-46
-2
59
26
-29
-10
11
-44
-50
15
69
15
-91
-35
65
65
-99
-144
5
130
64
-75
-98
-15
60
20
-66
-44
55
38
-61
-50
-12
54
66
5
-95
-90
42
123
41
-57
-117
-44
109
104
-37
-147
-78
80
106
-15
-88
-48
31
50
-4
-31
-42
35
44
-20
-30
-18
22
26
-8
11
15
3
-34
-58
-4
62
35
-23
-83
-30
39
36
-18
-39
14
57
-15
-49
-9
71
53
-43
-60
30
99
21
-84
-51
87
122
-2
-114
-54
69
122
20
-85
-58
57
126
3
-138
-65
126
145
-32
-185
-86
150
181
-3
-189
-127
115
184
21
-164
-122
77
161
53
-110
-79
60
75
-13
-45
22
79
8
-74
-65
43
59
33
-30
-56
-39
43
73
-13
-90
16
112
4
-83
-58
46
98
29
-83
-10
44
17
-14
-27
13
29
-15
-56
-56
46
52
-28
-73
-17
47
20
-34
-78
-45
54
86
-40
-110
-56
60
83
-27
-136
-13
111
43
-103
-98
48
143
27
-128
-118
31
128
92
-69
-152
-48
110
125
-25
-140
-81
67
121
-14
-118
-59
63
94
-13
-92
-50
54
82
-8
-88
-45
60
76
16
-75
-48
32
56
-27
-62
6
36
33
-28
-94
-19
68
41
-19
-27
-3
30
3
3
7
22
11
-33
9
33
34
-2
-39
10
97
44
-66
-72
48
98
38
-64
-63
57
91
16
-84
-48
67
117
-6
-150
-104
94
205
53
-188
-170
78
208
85
-115
-175
1
149
138
-35
-135
-80
55
129
75
-87
-128
16
140
45
-75
-54
10
46
13
-60
-46
26
54
4
-22
-4
36
19
-16
-22
7
53
33
-21
-57
-4
55
15
-51
-28
24
0
-29
-27
40
31
-65
-69
10
76
-5
-119
-60
72
91
-35
-116
-56
59
67
-54
-100
22
108
19
-103
-105
27
142
64
-94
-149
-5
142
86
-68
-122
-48
73
110
3
-95
-100
17
88
42
-37
-62
-14
16
32
5
-40
-44
38
46
-11
-52
-24
65
51
-21
-54
-6
42
-27
-44
15
50
6
-64
-60
24
58
-5
-52
-3
12
24
20
-3
16
18
-14
-16
28
45
3
-41
5
51
67
10
-54
-51
39
97
25
-59
-42
59
85
8
-78
-48
71
108
-26
-131
-68
111
158
21
-151
-138
66
174
41
-124
-107
44
136
60
-80
-92
13
63
38
25
-39
-43
31
32
-6
-22
-18
19
64
-2
-90
-48
67
52
-32
-51
27
76
-14
-78
-7
102
54
-53
-47
20
52
8
-42
-2
20
-7
-53
-42
16
59
-11
-66
-28
50
20
-82
-102
5
119
50
-115
-122
39
100
33
-106
-110
34
115
12
-116
-81
88
133
19
-132
-149
25
168
86
-77
-142
-42
120
98
-32
-109
-76
26
92
31
-55
-55
1
9
18
-19
-20
13
19
4
-33
-5
51
43
-11
-64
-28
38
38
-31
-59
18
59
19
-69
-70
17
34
-2
14
6
-15
-32
-8
47
65
7
-37
-53
23
74
39
-59
-43
70
97
10
-74
-29
77
59
-29
-61
28
86
41
-75
-90
43
141
56
-97
-131
-15
130
110
-46
-116
-53
65
102
19
-72
-55
-12
72
75
-3
-77
-36
45
58
22
-32
-53
10
71
12
-46
-42
-1
75
32
-88
-65
49
67
-18
-37
8
31
38
-33
-49
40
68
5
-52
-17
30
44
-6
-54
-5
24
-17
-49
-3
31
24
-48
-35
-5
21
3
-38
-44
32
65
-22
-117
-52
67
77
-63
-119
17
123
27
-126
-113
60
171
43
-143
-153
39
177
64
-118
-127
21
144
40
-111
-94
0
84
48
-40
-58
-8
14
18
-10
-25
-19
7
20
26
7
-26
-10
40
25
-21
-36
5
19
-8
-4
-5
14
2
-43
-44
1
18
18
0
-15
-15
-28
10
62
34
4
-30
-33
18
63
25
-32
-18
40
64
15
-48
-39
52
78
15
-60
-40
44
76
-6
-52
-8
49
59
-22
-95
-51
94
127
-10
-145
-98
81
162
29
-115
-103
31
99
64
-16
-63
-28
33
70
27
-55
-62
21
81
23
-54
-56
37
69
-10
-90
-34
32
39
20
-3
-4
-4
-7
24
7
1
14
0
8
1
13
-16
-17
-9
19
-1
-19
-61
-21
61
42
-29
-63
-7
18
0
-66
-50
29
67
4
-71
-54
33
45
-37
-92
22
100
13
-86
-100
5
132
89
-93
-155
-8
137
101
-51
-141
-43
104
83
-38
-90
-40
26
44
23
-24
-45
-28
20
40
-36
-41
29
48
-18
-67
9
75
46
-58
-68
46
67
-8
-100
-67
64
104
1
-114
-84
45
95
19
-85
-48
41
58
-11
-28
23
46
12
-51
-16
58
48
-24
-34
69
89
-14
-86
-39
91
117
-12
-97
-31
78
108
-14
-110
-53
80
141
5
-139
-92
51
148
81
-100
-161
-6
141
110
-61
-123
-49
130
120
-36
-130
-23
97
94
-31
-80
-7
81
33
-54
-49
7
37
35
-15
-49
-36
8
23
18
18
7
-22
-4
-6
10
49
30
-25
-20
17
10
-26
6
10
1
-2
-36
-22
7
15
-15
-36
-13
21
26
-40
-70
-7
66
28
-79
-90
21
79
36
-100
-90
58
98
-14
-115
-67
85
121
8
-103
-91
14
95
77
-70
-116
-18
100
71
-49
-89
-20
68
48
-52
-44
25
4
-25
-4
10
-34
2
39
14
-18
-47
2
48
59
-3
-71
-25
29
-4
-23
-10
38
33
-65
-48
-2
20
16
5
-25
-3
11
-5
-16
41
50
5
-53
-31
30
68
15
-56
18
85
38
-69
-79
57
119
24
-71
-50
64
97
8
-118
-60
105
150
-37
-164
-73
121
160
-7
-164
-115
97
167
26
-121
-121
42
158
73
-96
-117
30
107
38
-63
-38
35
45
8
-32
-41
9
20
13
15
-24
-46
-4
29
27
27
-12
-41
8
17
16
37
3
-28
3
60
12
-58
-43
26
54
10
-95
-80
26
117
38
-105
-95
40
120
-9
-175
-87
111
137
-50
-156
-46
105
89
-82
-124
12
124
39
-110
-132
31
166
91
-125
-176
-12
150
127
-53
-173
-73
112
154
-4
-149
-99
65
101
2
-71
-44
11
22
-10
-16
24
11
-20
-17
14
11
-35
18
61
10
-47
-15
12
-8
-38
-23
60
46
-69
-88
7
70
24
-53
-41
44
41
6
-17
3
55
10
-64
-15
62
61
-12
-48
-3
95
64
-56
-96
20
115
67
-77
-84
64
128
-12
-122
-33
118
114
-49
-146
-46
92
136
13
-125
-99
53
136
41
-99
-98
25
125
70
-57
-63
-13
65
40
-2
-48
-31
33
59
-11
-43
-4
32
41
-23
-89
-55
63
65
-21
-35
30
53
-1
-60
-41
60
108
2
-90
-37
62
48
-10
-49
-6
39
-25
-69
-3
68
1
-67
-20
23
26
-45
-78
-26
62
76
-28
-100
-42
67
45
-81
-94
16
105
35
-93
-109
27
161
58
-135
-127
31
126
58
-51
-108
-48
66
97
9
-101
-112
42
113
19
-78
-70
25
47
-3
-49
-16
47
23
-45
-48
14
60
51
-24
-60
2
49
14
-64
-57
16
69
25
-61
-92
-7
64
56
-5
-53
-36
11
47
49
9
-46
0
45
34
-21
-43
-4
71
93
13
-81
-42
37
70
20
-35
-18
28
56
38
-36
-65
9
77
50
-38
-89
-46
71
107
20
-96
-107
21
126
72
-59
-109
-17
76
108
8
-91
-42
21
56
23
-18
-20
5
39
21
-49
-14
31
30
-23
-59
-18
36
21
-17
7
30
30
-15
-59
-15
74
74
-23
-82
-4
88
49
-72
-93
29
101
-15
-118
-26
94
51
-86
-86
26
77
-7
-96
-74
43
89
0
-92
-77
37
102
5
-106
-71
61
80
-41
-111
-22
126
92
-80
-145
-34
129
104
-54
-132
-25
83
62
-22
-67
-42
10
45
9
-14
-18
-23
-27
37
32
-27
-41
12
34
3
-36
-22
40
53
-1
-44
-33
21
-11
-43
8
52
21
-60
-69
-3
56
26
-32
-20
40
3
-34
-42
55
82
30
-45
-73
38
92
16
-73
-16
102
49
-81
-74
69
125
4
-107
-42
103
107
-17
-113
-26
97
104
-48
-135
-27
78
108
18
-93
-92
1
123
94
-68
-141
-28
125
127
-17
-128
-66
63
119
26
-74
-62
38
90
-18
-81
6
58
11
-31
-27
2
8
-6
-2
23
25
6
-46
-36
35
93
47
-56
-65
30
44
-14
-47
1
31
19
-36
-47
22
38
-4
-73
-36
55
35
-64
-103
5
101
55
-99
-135
31
107
29
-87
-116
23
127
22
-97
-90
30
92
47
-43
-121
-32
92
99
-22
-94
-74
45
67
23
-42
-97
-29
58
98
-1
-117
-80
49
96
12
-98
-62
44
80
-10
-80
-17
85
83
-38
-99
-22
78
21
-70
-45
72
53
-83
-102
2
89
66
-60
-67
16
46
26
-11
-20
17
43
8
-12
7
27
10
-3
22
44
37
-30
-52
16
69
52
-26
-67
30
82
14
-69
-16
77
74
-22
-124
-68
78
141
46
-116
-154
37
168
79
-112
-128
-11
140
126
-45
-135
-49
87
101
25
-61
-64
19
68
16
-37
-45
11
33
35
-48
-44
15
29
20
-7
32
26
-32
-52
-5
57
78
-9
-58
-23
4
16
48
12
-35
-55
-25
17
52
1
-87
-61
71
57
-59
-94
-35
57
54
-12
-75
-52
25
42
11
-70
-86
48
104
-9
-118
-77
31
146
162
-88
-323
-146
262
369
-10
-405
-238
219
380
30
-346
-241
138
268
47
-200
-156
43
150
44
-120
-101
51
121
-14
-91
-40
79
68
-21
-45
0
28
-3
-55
-16
25
48
2
-71
-58
20
50
15
-48
-5
-7
24
35
-10
2
35
36
-31
-27
26
28
-2
6
26
52
14
-35
-41
21
79
65
-40
-75
20
114
18
-81
-48
57
129
15
-141
-102
51
157
53
-112
-128
16
145
71
-79
-113
2
110
94
-25
-88
-40
44
57
24
-40
-32
30
50
-5
-57
-17
48
59
-11
-75
-38
40
29
-7
-13
42
41
-31
-51
-20
71
89
-18
-58
-36
32
36
6
-33
-28
26
-5
-45
-16
38
13
-36
-37
5
6
-34
-51
-21
57
35
-41
-81
-32
63
39
-36
-97
-16
82
45
-67
-68
8
79
52
-49
-106
-26
80
69
6
-63
-70
7
85
20
-79
-53
35
48
-29
-38
4
61
-2
-73
-59
31
78
7
-54
-24
22
37
29
-17
-43
-7
35
37
-43
-54
17
57
24
-73
-76
14
51
37
-34
-47
13
41
16
-37
6
56
27
-27
-38
14
52
14
9
14
20
7
-15
2
43
21
0
-19
12
63
43
-52
-81
17
97
77
-55
-138
-54
112
131
0
-111
-106
36
116
47
-64
-89
-1
79
79
4
-85
-62
25
90
54
-30
-70
-2
57
38
-30
-56
9
69
22
-57
-68
16
52
-1
-17
19
17
-1
-36
7
50
28
-15
-31
23
32
-12
-21
6
7
-11
-14
-12
-8
5
-7
-26
0
4
-19
-42
-30
17
48
7
-63
-51
14
18
10
-30
-22
-5
35
3
-53
-51
29
84
53
-54
-123
-18
111
97
-61
-155
-38
119
101
-48
-118
-40
55
67
-8
-68
-39
27
39
-13
-25
-27
-4
47
-1
-35
-12
34
21
3
6
-4
4
-16
-50
-14
24
48
-3
-80
-48
25
60
17
-46
-18
19
21
-2
-18
17
41
22
-27
-22
40
27
-1
-12
40
42
10
-44
-31
35
82
18
-46
-44
59
81
-19
-87
-19
85
99
-26
-128
-58
83
117
-5
-92
-51
13
44
55
-4
-38
-52
9
81
53
-38
-35
-3
23
24
8
-6
10
12
-21
-20
16
48
31
-38
-87
-10
45
33
-26
-5
56
2
-42
-18
20
60
17
-39
-9
31
18
-33
-38
23
35
6
-61
-83
12
101
28
-96
-84
34
70
-11
-123
-53
94
86
-50
-144
-36
103
60
-71
-99
6
99
25
-95
-77
20
110
58
-86
-108
-12
89
98
-13
-105
-85
53
104
12
-82
-84
-5
78
55
-33
-70
-25
50
33
-42
-39
-5
27
0
-4
9
4
7
22
14
-23
-46
-15
32
5
-23
7
26
-35
-57
-2
33
27
-33
-21
-2
24
18
2
9
16
3
-14
7
41
14
-29
-7
65
57
-1
-55
-25
33
73
47
-20
-42
21
61
-1
-60
-20
60
69
-33
-91
-32
75
101
9
-72
-71
-5
55
67
8
-79
-61
61
94
27
-61
-83
19
87
38
-16
-41
-6
56
-9
-42
-2
20
32
-8
-44
-44
17
52
29
-20
-19
12
24
-21
-25
6
80
35
-45
-44
-12
22
35
16
-17
-25
-18
-27
-17
34
22
-48
-56
40
55
-40
-112
-33
84
71
-64
-129
-5
107
27
-88
-93
35
95
-13
-76
-46
31
71
20
-35
-94
-44
81
120
-13
-127
-71
64
108
-2
-116
-75
49
88
11
-63
-58
22
52
8
-42
-25
3
20
7
8
5
-5
8
23
10
-23
-23
-8
-21
3
14
23
-20
-39
-21
17
11
-31
4
12
3
-12
-27
13
66
26
-3
-52
-26
87
79
-65
-76
34
126
32
-90
-75
62
117
22
-73
-62
27
105
51
-87
-96
52
148
21
-149
-113
80
180
34
-138
-124
46
131
39
-98
-77
40
107
42
-49
-72
20
58
12
-31
-34
38
55
3
-49
-32
35
27
18
-14
-66
-32
71
63
-56
-63
52
67
9
-64
-38
74
90
-34
-96
-6
74
24
-54
-21
39
58
-65
-112
-2
115
41
-87
-94
51
98
-36
-146
-64
116
118
-64
-159
-50
104
96
-68
-150
-14
137
82
-119
-151
39
190
91
-122
-213
8
196
111
-95
-142
-28
84
83
7
-105
-71
18
63
35
-28
-76
-27
64
39
-36
-44
-3
51
21
-45
-34
33
69
-6
-59
-19
34
8
-58
-33
48
61
5
-84
-89
16
90
28
-68
-51
49
56
-20
-61
12
83
21
-55
-30
39
58
-5
-51
20
83
34
-47
-69
32
112
37
-79
-58
59
110
-12
-122
-37
124
109
-33
-154
-64
102
162
15
-144
-117
47
155
55
-96
-94
6
89
86
-13
-93
-37
58
66
5
-47
-25
43
42
-18
-55
-16
62
36
-22
-76
-40
46
81
-12
-63
3
61
44
-47
-63
20
80
24
-36
-28
-8
27
30
-6
-33
-3
10
-43
-15
47
11
-71
-33
33
27
-31
-68
-28
53
60
-27
-92
-19
48
24
-54
-54
30
69
1
-93
-71
40
109
43
-61
-113
-31
73
92
14
-102
-82
46
117
36
-89
-111
2
77
60
-8
-86
-69
39
56
-13
-47
-4
22
14
-14
-4
9
13
3
15
-13
2
-12
-19
-39
13
50
30
-73
-70
3
56
41
-34
-52
-1
49
11
-41
22
79
11
-58
-31
49
77
-16
-55
12
90
31
-50
-42
51
64
5
-68
-35
95
103
-50
-119
-16
122
70
-66
-100
-12
89
110
-4
-117
-87
49
103
38
-73
-64
39
83
29
-24
-57
6
15
17
46
19
-33
-59
43
42
-9
-48
0
53
33
-70
-68
36
70
1
-52
14
51
15
-44
-53
24
95
42
-62
-77
27
54
20
-3
-26
-14
-21
-28
-11
45
-2
-46
-38
36
25
-31
-75
-19
41
47
-35
-75
-37
43
52
-41
-81
-11
84
40
-74
-105
2
143
96
-94
-167
-16
135
106
-51
-119
-44
58
85
3
-78
-72
6
57
29
-14
-35
-57
-13
31
32
-7
-29
-9
3
32
-8
-23
21
37
5
-37
-33
12
5
-24
-1
36
-1
-52
-53
10
42
26
-35
-27
22
38
-11
-47
10
66
30
-44
-24
66
37
-37
-50
59
109
15
-101
-63
93
116
-16
-94
-29
95
71
-38
-70
-19
88
90
-22
-129
-67
78
151
37
-125
-134
31
159
83
-86
-149
-9
129
119
-22
-126
-63
81
99
14
-48
-34
13
25
8
-18
-5
12
12
17
-28
-54
18
79
18
-49
-20
26
26
-19
-21
22
54
32
-35
-25
19
0
13
17
-21
-38
-19
5
21
-15
-48
-44
35
52
-4
-87
-78
35
93
17
-116
-85
63
75
-17
-78
-59
20
82
16
-70
-93
6
114
76
-66
-138
-41
127
85
-41
-107
-31
61
67
9
-79
-89
17
71
32
-20
-86
-30
51
46
-16
-56
-36
25
72
-18
-94
-13
125
66
-69
-109
-5
74
35
-72
-50
37
75
10
-95
-101
38
126
28
-83
-72
27
81
18
-25
-22
15
26
11
18
9
-25
-12
61
77
-13
-78
-27
76
93
1
-89
-23
82
72
-35
-84
-11
95
72
-25
-84
-71
40
127
65
-96
-122
16
121
76
-59
-116
-36
90
115
17
-87
-64
28
76
53
-22
-59
-25
63
31
-48
-18
33
35
-27
-80
-15
65
43
-39
-59
62
91
-10
-73
-50
52
73
19
-35
-36
5
44
3
-31
-1
4
-33
-40
12
55
-18
-81
-10
56
26
-64
-71
-14
39
66
-20
-88
-75
50
73
-30
-104
-32
93
68
-94
-118
31
141
71
-101
-153
-20
137
112
-61
-128
-62
71
107
29
-95
-100
7
100
21
-46
-44
-25
10
10
3
-33
4
61
-9
-97
-15
92
78
-28
-70
-27
52
55
-53
-80
15
61
21
-54
-51
-12
32
30
-18
-11
10
14
-36
-4
67
53
-22
-56
-15
87
48
-58
-59
70
110
3
-87
-38
64
81
24
-64
-33
74
83
-31
-98
6
93
61
-38
-105
-41
81
117
12
-94
-113
36
133
59
-97
-110
30
132
77
-46
-99
-20
36
49
35
-15
-53
-6
53
34
-22
-47
22
24
9
-33
-25
1
37
6
-28
26
27
-14
-45
1
48
57
-2
-10
-20
-18
13
19
9
-19
-29
-31
-23
29
38
-24
-63
-21
29
32
-44
-67
-32
55
48
-39
-92
-14
48
44
-8
-98
-40
70
55
-47
-108
-25
129
129
-57
-215
-77
169
179
-52
-194
-61
115
135
3
-132
-109
24
119
47
-89
-79
17
56
7
-16
-35
-25
9
32
18
-18
-21
21
35
-13
-33
8
35
-19
-34
-15
21
40
-7
-56
-32
14
46
0
-50
-21
51
28
-41
-8
74
57
-43
-65
26
53
23
6
-1
22
28
-17
-14
7
36
61
-14
-56
7
73
13
-72
-7
83
59
-17
-99
-81
66
124
29
-101
-65
33
65
26
-18
-41
-36
17
75
61
-48
-102
-30
116
107
-20
-104
-53
68
87
-8
-53
-40
19
29
-7
-48
-31
11
54
53
-5
-56
-26
29
16
6
42
25
-14
-35
-43
-4
82
48
-41
-88
-32
43
42
-7
-69
-25
29
34
-3
-63
-60
-17
44
53
-40
-83
-21
35
40
-38
-73
-24
91
50
-97
-111
13
141
103
-72
-177
-65
133
184
-34
-178
-92
80
151
28
-128
-138
8
133
62
-62
-92
-22
67
32
-44
-41
27
58
-29
-75
-21
72
78
1
-56
-32
10
19
-25
-39
19
46
10
-56
-49
12
41
-6
-31
6
29
26
-30
-28
39
81
36
-58
-86
12
112
56
-58
-46
62
83
-10
-106
-36
113
110
-37
-121
31
126
22
-91
-55
77
112
2
-109
-94
35
116
46
-55
-95
-23
100
84
-30
-75
-48
36
87
50
-63
-94
14
92
40
-35
-47
28
64
-19
-86
-3
75
64
-28
-122
-48
77
96
-24
-70
27
69
18
-70
-62
42
114
19
-85
-38
50
32
-28
-24
28
28
-40
-79
-19
67
54
-61
-69
30
39
-42
-80
-21
66
59
-60
-94
-8
50
19
-62
-64
48
97
-14
-116
-88
84
118
10
-94
-111
10
105
82
-36
-109
-68
61
111
33
-104
-117
-3
100
70
-31
-99
-34
45
49
-18
-76
3
72
13
-66
-30
43
79
13
-52
-50
19
52
-11
-65
-42
70
74
-51
-96
-17
70
57
-51
-66
17
58
-17
-38
42
74
-31
-46
14
74
24
-61
-33
57
96
30
-94
-61
68
115
21
-78
-46
60
86
-12
-92
-5
89
56
-25
-96
-41
49
101
58
-82
-130
13
126
70
-55
-100
-19
77
85
13
-79
-45
38
50
28
-18
-41
9
59
26
-34
-45
-20
53
51
-61
-79
35
69
-18
-45
30
51
3
-46
-38
33
91
33
-57
-53
13
33
9
-9
6
-4
-43
-50
7
77
3
-94
-38
56
54
-56
-99
-29
72
57
-58
-102
-18
93
62
-78
-140
-9
132
86
-127
-153
26
183
112
-133
-213
-28
180
150
-78
-176
-34
137
115
-56
-154
-52
90
80
-42
-56
2
19
4
-21
-32
-13
29
52
-31
-51
13
49
27
-19
-12
-14
26
-16
-39
8
36
13
-23
-44
-22
3
1
16
24
-3
-43
-7
48
21
6
13
-1
21
8
5
-10
4
-4
37
78
-3
-81
-36
74
103
9
-96
-62
80
112
-24
-102
-28
101
105
-27
-148
-77
108
143
3
-120
-76
30
92
34
-21
-45
-48
34
86
25
-76
-60
47
80
15
-40
-31
24
50
-8
-50
8
45
5
-25
-46
-13
30
19
-26
0
60
4
-34
-37
-17
61
78
16
-57
-38
40
26
-20
-12
-4
4
-5
-43
-37
26
54
-25
-45
-10
13
17
-54
-54
32
63
-40
-105
-6
83
30
-68
-91
13
108
36
-99
-127
25
148
95
-62
-142
-65
87
135
15
-117
-75
40
89
11
-66
-51
-7
22
18
24
2
-57
-53
10
69
11
-85
-33
37
69
-3
-59
-3
63
42
-44
-80
24
35
-17
-22
21
34
-34
-76
-37
31
53
29
-27
-45
3
48
2
17
19
-9
-29
8
49
39
-22
-10
-6
34
48
-15
-36
1
72
39
-47
-71
41
111
10
-123
-60
116
134
-10
-149
-116
67
179
78
-129
-158
20
142
66
-57
-93
-23
80
71
1
-46
-41
27
46
5
6
-11
-20
16
9
-4
16
25
-28
-48
-9
17
9
-25
28
13
13
7
-6
-18
-6
10
55
31
-26
-42
2
28
21
-2
-27
-21
6
-4
-52
-6
50
24
-42
-62
2
2
-7
-29
8
12
-8
-15
-21
-26
12
2
-30
-13
42
36
-49
-92
-6
104
97
-50
-149
-47
119
127
-23
-112
-83
40
111
31
-81
-104
-11
77
56
-18
-54
-56
7
59
10
-38
-30
1
19
11
-11
-16
14
41
11
-44
-42
30
37
-25
-46
-18
26
31
-27
-58
-7
28
22
-19
14
-6
-16
5
52
55
-19
-56
-19
35
46
4
-29
35
69
12
-56
-35
33
79
57
-41
-96
24
154
22
-140
-71
120
140
-23
-170
-97
91
171
46
-108
-120
11
107
79
-51
-105
-31
61
118
37
-116
-92
93
117
-15
-90
-31
71
65
-28
-68
-1
48
10
-28
-55
21
38
18
-41
-10
50
50
-17
-65
-16
58
74
37
-63
-64
39
64
-9
-73
-13
62
23
-98
-74
69
95
-52
-94
1
53
23
-78
-107
28
135
20
-141
-100
58
97
-29
-114
-48
104
78
-88
-120
10
119
90
-47
-152
-67
93
148
23
-120
-111
31
114
34
-95
-99
-1
69
39
-12
-58
-36
40
24
-29
-38
-13
49
40
-34
-59
-10
90
59
-41
-84
-6
65
7
-60
-37
35
45
-29
-69
-36
38
67
-10
-42
-37
9
56
13
-10
27
25
-36
-31
62
58
-37
-68
57
123
19
-106
-69
82
120
1
-84
-47
92
113
-39
-125
-25
102
97
10
-111
-110
25
155
85
-84
-128
-16
116
93
-40
-101
-35
70
85
20
-65
-64
15
83
61
-45
-73
20
89
44
-65
-81
16
75
28
-74
-53
31
84
13
-62
-13
35
31
-11
-45
7
70
29
-7
-32
-18
-1
14
32
17
-27
-56
-39
25
56
0
-81
-34
46
13
-35
-60
-21
33
56
-50
-65
25
13
-18
-43
-24
6
58
26
-76
-107
8
138
75
-77
-143
-43
111
122
-34
-116
-57
70
77
8
-63
-84
-4
58
55
-14
-66
-30
22
15
-35
-36
23
51
-5
-66
-37
44
91
34
-48
-71
-14
47
9
-47
-27
27
43
-12
-75
-28
41
23
-4
-12
4
-10
-18
23
62
21
-24
-60
35
73
5
-53
-16
72
93
-7
-99
-38
92
108
-17
-113
-30
117
112
-40
-133
-51
124
157
0
-173
-148
91
221
52
-156
-148
25
124
103
-28
-105
-57
37
118
53
-72
-101
-7
91
94
12
-80
-81
49
87
5
-47
-26
36
42
-41
-74
1
62
24
-20
11
15
4
-30
-37
49
83
25
-62
-62
18
26
13
15
-27
-24
-17
-3
11
19
-4
-54
-40
32
59
-44
-100
-39
76
71
-60
-111
-5
62
28
-64
-55
13
57
16
-66
-86
12
93
86
-41
-128
-73
71
140
17
-135
-94
43
107
31
-58
-91
-33
65
65
4
-69
-65
2
78
36
-62
-64
32
66
-22
-92
14
82
36
-35
-65
24
65
-31
-77
-7
71
45
-65
-98
8
72
51
-53
-80
7
73
36
-41
-16
51
36
-23
-29
25
35
-8
-19
44
66
-15
-56
13
56
45
-6
-33
-9
49
58
-14
-64
-25
76
85
-36
-114
-44
53
100
41
-37
-83
-30
77
86
-21
-91
-45
66
108
40
-83
-76
0
65
63
-3
-47
-19
57
28
-34
-38
18
25
-5
-30
0
11
-19
-3
5
56
2
-46
-22
14
62
31
-27
-25
10
22
-9
6
9
4
-25
-44
-11
12
26
-22
-46
20
40
3
-64
-85
-12
55
69
-29
-108
-44
59
52
-37
-97
-16
87
54
-73
-114
-10
126
118
-63
-179
-60
107
130
4
-103
-90
20
96
48
-63
-93
-15
65
45
-15
-48
-17
-11
13
22
-9
-39
-6
31
-2
-18
6
37
17
-2
-35
-16
21
-3
-17
-12
12
21
-22
-47
-12
-1
24
24
13
-23
-29
9
35
52
18
-46
-37
11
67
54
-27
-49
31
100
27
-71
-47
53
67
8
-45
-17
49
48
-10
-33
-21
51
68
-10
-94
-82
59
122
49
-47
-117
-28
60
86
11
-40
-68
-19
91
98
-21
-112
-51
81
83
-12
-69
-19
47
65
0
-49
-39
10
29
14
-38
-40
12
19
22
42
-13
-49
-37
32
66
12
-21
1
19
-6
-23
-10
11
13
12
-48
-80
-1
92
33
-85
-68
36
51
-24
-104
-68
62
97
-32
-109
-36
54
43
-19
-70
-27
40
55
-33
-80
-37
87
89
-19
-111
-96
66
139
8
-105
-89
22
108
60
-62
-127
-49
72
114
15
-108
-90
57
102
-13
-105
-29
72
39
-43
-48
27
63
23
-35
-37
-20
26
10
-26
-27
16
42
-15
-65
-16
11
8
5
3
10
3
-20
-10
58
57
-8
-61
-35
63
57
-1
-29
17
66
39
-44
-43
44
62
-1
-43
-22
54
91
11
-112
-73
82
139
4
-128
-117
43
170
95
-112
-155
-4
136
115
-44
-128
-46
71
112
16
-121
-65
81
113
-14
-84
-12
65
32
-28
-32
12
26
1
17
-21
-59
-25
55
48
-28
-34
15
35
-4
-28
7
46
22
-16
-12
-7
2
10
0
11
1
-52
-60
23
69
-7
-76
-20
47
10
-56
-70
-2
36
35
-44
-76
0
64
23
-85
-111
36
142
12
-142
-116
71
149
52
-78
-145
-38
114
117
-16
-116
-67
9
91
81
-79
-151
-31
127
126
-62
-155
-40
107
70
-46
-99
-3
98
26
-75
-57
15
88
59
-59
-74
20
58
-17
-79
2
77
34
-62
-100
5
74
42
-53
-51
16
36
27
-23
-1
39
35
-46
-24
43
72
-30
-71
23
118
51
-66
-62
30
80
48
-46
-77
36
120
36
-129
-90
100
172
13
-180
-146
73
189
89
-115
-162
-7
146
108
-49
-121
-42
73
82
29
-41
-54
-25
30
60
30
-27
-35
10
43
2
-38
-6
46
-2
-47
-23
4
29
5
-20
21
36
-9
-26
-33
37
83
49
-67
-86
5
74
36
-30
-43
8
-6
-49
-26
63
39
-69
-63
39
59
-48
-92
-25
49
68
-56
-97
-24
88
56
-79
-95
-6
74
45
-62
-93
27
114
60
-63
-134
-59
103
141
-9
-145
-107
76
158
35
-111
-145
-21
118
97
-19
-111
-66
63
83
-39
-111
-14
95
67
-52
-100
18
110
52
-74
-76
36
70
-48
-61
21
55
48
-56
-116
8
95
29
-52
-41
19
36
13
-26
6
39
48
-25
-37
-3
34
54
13
-35
7
55
27
-48
-30
52
67
-21
-84
23
106
41
-80
-93
45
147
32
-137
-131
53
164
76
-89
-151
-14
102
102
2
-116
-73
88
133
0
-102
-60
45
83
15
-69
-38
45
69
-3
-58
-28
31
47
13
-69
-49
29
45
4
-35
7
48
25
-58
-49
69
117
-6
-94
-37
56
47
-21
-59
7
52
0
-66
-59
23
74
-4
-60
-38
9
27
-37
-45
20
27
-19
-55
-22
30
48
-26
-77
-37
43
77
-17
-124
-33
111
112
-31
-148
-74
80
123
18
-112
-62
25
83
31
-55
-82
-16
47
33
-7
-33
-29
0
37
17
-41
-21
14
25
-8
-22
-17
24
44
15
-34
-34
14
-19
-1
21
10
-17
-40
-13
23
3
-6
4
28
-26
-22
-13
23
47
34
-31
-44
13
63
32
-32
-55
25
103
60
-74
-71
35
91
36
-44
-50
14
82
25
-55
-56
48
102
2
-107
-74
47
105
50
-35
-89
-49
63
101
28
-85
-113
28
150
85
-84
-135
10
125
73
-52
-82
-20
89
55
-45
-60
2
55
32
-56
-71
10
75
25
-60
-9
52
35
-40
-42
21
77
26
-43
-36
17
24
-17
12
21
-7
-57
-44
12
66
10
-66
-68
33
68
-25
-110
-73
63
103
-10
-121
-97
65
125
-32
-137
-49
105
85
-57
-118
-50
102
145
-29
-149
-108
73
174
41
-164
-135
44
138
82
-71
-168
-42
122
102
-44
-137
-54
79
90
-7
-89
-46
53
58
6
-64
-42
72
98
-44
-99
-13
88
15
-92
-70
88
123
-55
-168
-56
102
126
-24
-109
-10
55
33
1
1
27
1
-30
3
41
23
-31
-27
47
95
31
-65
-91
31
102
34
-62
-41
66
91
10
-100
-60
59
108
40
-101
-129
24
175
114
-103
-207
-22
207
152
-97
-192
-30
145
156
-3
-161
-110
73
155
47
-90
-94
30
103
57
-93
-103
42
114
24
-70
-76
3
69
36
-60
-33
49
50
-31
-41
28
86
36
-85
-61
42
55
7
-24
-20
-8
-10
-27
-14
19
15
-36
-47
23
35
-37
-80
-27
50
84
-50
-137
-33
96
97
-82
-155
-12
143
103
-121
-166
30
156
83
-83
-129
-43
55
75
13
-51
-40
1
26
25
-5
-55
-64
34
72
29
-74
-76
18
81
27
-79
-86
56
86
3
-84
-52
73
98
-19
-85
-30
44
34
-38
-67
15
70
12
-46
-73
-18
63
58
-24
-70
-33
60
55
-3
-12
7
-3
5
29
6
5
10
33
26
-10
-44
2
54
44
-13
-42
-20
73
78
-22
-97
-25
95
91
-15
-111
-78
42
125
33
-68
-56
8
47
43
-7
-42
-47
18
89
82
-55
-103
-14
81
59
-23
-52
-10
72
35
-52
-50
31
58
14
-71
-59
28
73
33
-57
-38
51
41
-9
-64
-6
93
67
-27
-72
-33
36
53
14
-31
-27
-14
-21
-11
20
26
-32
-62
26
35
-26
-86
-33
67
56
-52
-98
-41
68
78
-42
-126
-53
141
112
-112
-174
-15
178
132
-77
-182
-53
110
138
-21
-117
-73
43
82
47
-78
-108
-1
75
57
-23
-44
-43
-13
19
28
32
-12
-72
-29
41
50
-19
-22
18
4
-13
-12
15
11
-30
-37
14
60
-13
-100
-25
52
64
-11
-44
-5
33
-8
-17
12
59
14
-46
-25
53
52
-16
-34
14
62
57
-36
-78
7
68
68
-20
-66
29
108
28
-113
-91
99
154
-6
-149
-104
63
163
55
-107
-111
5
92
100
-15
-110
-50
68
78
26
-28
-60
-7
46
45
-4
-22
-26
23
45
-7
-33
-2
7
2
8
-4
1
-9
-21
7
65
29
-46
-62
31
81
34
-43
-29
39
10
-43
-7
26
16
-9
-15
-33
-11
0
32
20
-31
-47
-3
-12
-18
-25
17
46
-28
-79
-54
46
62
-42
-99
-15
95
68
-78
-118
-27
111
128
-5
-148
-122
48
164
46
-101
-116
4
111
81
-56
-154
-38
132
110
-44
-123
-61
52
73
17
-82
-56
63
78
-32
-94
-10
88
68
-34
-67
-12
55
9
-60
-57
50
84
-50
-109
5
79
48
-57
-74
10
65
26
-37
-20
45
46
-12
-30
10
22
11
0
26
40
3
-27
-8
21
29
28
19
-31
-18
56
34
-46
-25
39
66
6
-48
-44
-5
50
58
-5
-55
-30
20
56
31
-57
-56
15
77
66
-40
-61
-18
28
53
22
-26
-45
-20
57
40
4
-31
-31
15
5
-24
5
21
1
-5
34
8
-35
-2
26
31
22
-20
-27
13
22
-15
-24
8
42
16
-68
-96
20
107
38
-103
-109
39
98
-14
-131
-69
73
95
-30
-132
-47
73
70
-34
-98
-20
78
44
-67
-87
-3
98
71
-35
-109
-63
33
116
63
-99
-123
28
111
64
-91
-99
-6
71
36
-11
-52
-43
1
50
23
-25
-58
6
53
-13
-33
6
50
54
-32
-61
2
32
-9
-44
-14
35
49
-25
-83
-19
45
25
4
-10
-18
-10
38
10
-22
30
49
-7
-27
1
26
29
4
-8
42
60
-26
-86
30
108
54
-59
-78
29
114
36
-101
-81
57
151
45
-121
-143
13
176
116
-76
-178
-56
131
162
-10
-161
-103
95
196
49
-169
-138
74
170
47
-103
-91
24
96
45
-55
-64
14
40
10
-12
-32
-38
30
50
10
-13
8
8
-25
-21
43
48
8
-26
-13
-18
5
34
12
-26
-32
-16
-3
-8
5
18
-32
-58
-2
54
-16
-110
-29
94
66
-47
-125
-43
91
71
-51
-129
-61
105
123
-46
-158
-73
117
161
-2
-166
-121
56
149
48
-99
-99
15
76
45
-23
-59
-42
-3
48
34
-9
-58
-37
3
56
9
-51
-30
9
33
7
-25
7
29
14
-32
-31
8
9
-21
-8
33
24
-20
-71
-35
33
39
14
-18
-19
7
15
19
11
16
-11
-13
6
22
26
-1
-3
21
44
31
-31
-64
23
91
45
-38
-74
29
104
28
-77
-84
62
129
40
-103
-128
8
145
100
-44
-149
-54
94
98
4
-83
-58
44
88
53
-64
-79
9
88
61
-36
-61
-7
67
41
-62
-52
51
65
-21
-93
-39
53
66
2
-62
-10
67
64
-26
-94
-30
94
65
-5
-70
-53
12
95
58
-54
-99
-40
32
52
19
-48
-60
2
54
11
-82
-48
15
38
4
-38
-50
-17
48
36
-43
-101
-14
75
79
-29
-135
-64
111
139
-6
-153
-131
70
201
60
-172
-151
40
166
61
-132
-109
4
80
65
-3
-58
-63
8
41
17
-30
-17
10
14
-25
-16
-7
30
46
-1
-26
-8
-2
-12
-28
12
51
5
-70
-61
34
45
-24
-40
21
28
-3
-29
-9
69
81
-15
-90
-26
99
72
-45
-72
38
103
22
-79
-51
59
93
16
-74
-33
89
93
-23
-132
-58
122
145
-9
-162
-110
49
155
111
-64
-149
-59
120
129
-20
-145
-73
88
146
33
-93
-111
7
103
73
-21
-83
-32
64
78
8
-69
-52
30
50
-8
-58
-29
15
36
21
10
9
-19
-29
6
26
45
32
-31
-45
3
42
26
-10
-36
-9
-9
-10
-6
18
3
-36
-35
6
18
-29
-45
-24
35
42
-28
-64
-47
31
70
-9
-115
-77
77
114
0
-128
-106
94
166
20
-168
-150
76
202
49
-146
-133
19
146
78
-73
-135
-41
90
104
4
-93
-79
12
89
6
-68
-40
54
47
-32
-41
22
58
26
-32
-61
-13
57
-2
-58
-17
54
34
-48
-61
-12
67
6
-49
-3
41
13
-16
-28
26
63
11
-51
-17
64
24
-53
-15
82
61
-29
-74
-2
70
67
16
-36
-58
32
93
23
-82
-77
60
113
32
-74
-116
-18
121
119
-21
-149
-78
83
148
-2
-124
-77
56
139
48
-102
-99
24
111
61
-62
-62
-2
65
46
-30
-51
-16
46
39
-40
-59
-20
26
53
5
3
10
-8
2
-39
2
56
49
-13
-26
-21
-18
10
42
-10
-47
-23
7
9
6
1
-45
-24
8
-2
-28
-28
4
37
3
-45
-39
-8
13
12
-36
-34
-13
40
51
-24
-89
-43
72
94
2
-81
-77
10
108
47
-69
-93
-9
94
66
-47
-87
-50
25
65
29
-24
-86
-29
54
46
-38
-39
16
35
2
-41
-23
47
72
-2
-74
-39
35
37
-30
-31
-14
45
39
-64
-58
29
32
-21
-8
4
-6
-12
16
26
57
16
-55
-44
57
54
-8
-14
11
48
34
-51
-56
59
103
-8
-98
-35
89
109
-8
-118
-61
102
140
12
-153
-139
56
219
83
-128
-163
-5
127
88
1
-92
-84
24
107
82
-36
-114
-44
76
118
14
-88
-89
39
128
41
-99
-66
54
66
-35
-89
-19
60
40
-22
-12
36
40
-36
-44
29
59
25
-37
-50
31
43
-5
-27
7
15
-23
-61
-3
30
42
-37
-76
3
55
-17
-63
-55
18
74
8
-87
-73
24
72
10
-91
-64
69
84
-42
-137
-40
137
140
-41
-178
-113
112
169
-6
-146
-80
77
90
-20
-69
-45
0
57
20
-31
-8
-30
-20
24
25
-22
-46
8
28
-6
-13
0
14
35
-3
-24
-4
21
-23
-55
2
67
47
-54
-99
-10
58
24
-35
6
22
-25
-30
25
75
35
-23
-49
0
55
29
-44
-16
39
60
22
-46
-51
43
104
22
-62
-46
36
90
31
-112
-78
89
139
17
-123
-124
38
161
89
-105
-143
7
133
77
-52
-100
-17
70
86
19
-75
-36
20
46
11
-9
-7
-1
32
10
-20
-15
8
13
7
-16
-24
2
11
16
-11
13
47
20
-50
-54
24
86
29
-39
-33
13
29
-4
1
-5
-13
-17
-16
-21
43
9
-43
-32
12
24
-51
-79
4
63
47
-72
-103
-9
95
67
-98
-129
16
119
52
-118
-121
31
135
85
-26
-114
-122
22
156
86
-100
-134
-9
101
72
-39
-102
-62
66
68
-9
-49
-39
10
29
-9
-57
-11
59
24
-56
-44
47
62
17
-62
-53
20
55
2
-52
-36
5
48
11
-62
-52
30
32
-14
-15
15
-1
-6
-16
26
44
14
-13
-13
37
18
4
-15
13
36
14
-27
-15
57
61
-23
-40
-9
48
67
-8
-56
-38
70
115
7
-153
-137
76
215
63
-134
-162
18
171
99
-101
-141
-2
130
99
-25
-126
-60
97
118
-20
-74
-26
30
40
1
-20
-5
29
1
-17
-13
-9
-23
11
21
2
29
35
-17
-39
-20
53
40
11
-32
-38
18
25
-1
7
4
-13
-40
-39
20
57
-8
-72
-41
57
44
-62
-99
1
77
47
-53
-90
-20
46
52
-53
-80
-10
89
64
-74
-149
-7
147
97
-80
-127
-18
78
61
-12
-79
-23
41
31
4
-21
-57
-27
32
45
-13
-33
-10
-20
1
43
4
-46
-7
21
8
-25
-29
37
39
-20
-43
55
44
-62
-86
8
82
64
-27
-98
-65
35
61
15
-16
-26
-37
-10
69
61
25
-42
-58
-6
112
71
-85
-118
37
148
81
-95
-112
40
121
46
-69
-71
33
93
43
-72
-68
45
104
45
-86
-122
13
146
91
-83
-150
-22
128
126
-43
-138
-50
85
114
29
-86
-81
10
102
65
-41
-62
4
48
6
-27
-4
34
16
-9
-28
-26
-1
17
11
-2
7
15
16
-19
-45
41
74
25
-48
-56
9
42
26
-8
-14
1
-7
-35
-37
14
36
4
-47
-42
13
6
-29
-46
-9
51
18
-75
-74
30
81
-25
-96
-25
74
48
-63
-83
-8
78
63
-21
-84
-61
25
90
34
-49
-68
-29
27
78
15
-80
-103
-1
101
97
-35
-130
-52
72
95
-29
-117
-29
105
79
-66
-94
8
130
39
-91
-101
40
98
-31
-96
6
97
37
-98
-91
17
78
41
-37
-53
-14
51
26
2
19
7
-17
2
10
-1
23
14
11
17
33
-7
-36
25
55
8
-45
-30
56
91
-13
-77
-37
80
90
-19
-83
-61
7
110
91
-21
-109
-80
47
132
38
-76
-96
16
85
78
8
-91
-64
35
100
53
-40
-67
-11
71
34
-44
-45
25
32
-24
-46
7
38
12
-27
25
35
14
-38
-37
43
59
-10
-18
12
25
-19
-28
1
52
23
-68
-79
18
62
3
-74
-45
50
51
-48
-115
-40
58
91
-2
-125
-100
56
133
-15
-161
-81
103
132
-45
-175
-72
118
157
15
-152
-155
41
169
72
-104
-116
31
88
38
-53
-77
-43
42
56
14
-32
-56
-17
34
43
-20
-55
-12
25
7
-4
4
29
7
-3
-27
4
40
-26
-71
-11
73
70
-21
-137
-37
67
55
-18
-38
-34
9
63
11
-30
39
38
-25
-50
49
76
-30
-53
-7
84
70
-38
-71
3
79
74
-11
-83
-23
95
95
-62
-106
26
135
72
-106
-163
11
164
106
-76
-143
-11
125
80
-25
-101
-45
79
88
8
-84
-29
55
45
3
-31
-25
10
42
36
-25
-56
6
52
38
-43
-79
-6
52
37
3
-6
-16
-3
11
-10
6
47
39
-24
-63
-5
57
35
-34
-22
2
9
-36
-27
17
24
-16
-52
-15
28
-17
-58
-36
63
50
-60
-102
-12
70
49
-59
-109
-21
109
89
-59
-156
-54
128
143
-17
-151
-116
54
167
41
-110
-121
-2
119
105
-63
-166
-80
140
150
-26
-177
-85
94
119
-8
-111
-63
83
82
-58
-85
4
71
55
-28
-69
6
42
24
-34
-72
-12
107
61
-121
-130
70
129
-20
-106
-25
66
49
-17
-21
19
28
-1
-19
22
4
-16
17
43
52
-1
-55
-38
75
94
-20
-72
-44
71
121
5
-123
-79
102
154
25
-148
-139
41
174
84
-93
-123
5
84
70
-12
-48
-58
21
69
39
-13
-26
-24
2
35
23
-1
-9
-16
9
20
4
3
-23
3
14
-13
-33
3
42
17
11
-14
-16
21
-16
-12
57
59
-38
-60
9
32
23
5
-13
-20
-36
-9
-7
21
29
-49
-50
23
29
-32
-84
-46
66
86
-41
-109
-48
81
55
-72
-117
-5
114
45
-69
-92
-8
106
70
-61
-114
-25
65
120
-5
-139
-58
75
93
-25
-86
-33
15
19
14
19
1
-52
-39
12
43
0
-31
-22
7
9
8
5
14
20
2
-20
-27
-4
2
16
16
-9
-34
-27
-5
23
16
-32
-37
40
34
-35
-25
18
52
54
-10
-68
-1
68
25
-50
-20
20
52
69
-10
-73
8
89
41
-69
-71
59
122
38
-103
-106
68
157
37
-137
-129
41
150
105
-63
-154
-55
129
120
-34
-121
-50
76
96
-3
-47
-10
8
-6
27
11
-18
9
9
18
14
-15
5
-4
-20
-12
-9
-2
-2
9
10
29
8
-25
-22
15
39
22
-10
2
7
-14
-20
-1
14
18
3
-36
-67
-17
60
36
-39
-59
1
24
-16
-36
-12
3
-9
-14
-5
-42
-26
69
37
-69
-100
16
118
45
-123
-134
57
190
66
-157
-178
17
177
104
-103
-153
-4
129
84
-58
-133
-59
76
124
29
-122
-113
26
112
40
-76
-80
23
72
22
-26
-41
20
74
4
-49
-21
19
12
-24
-42
30
62
-12
-98
-49
44
54
14
-43
-20
24
18
0
-3
31
52
-24
-54
14
59
34
-17
-26
23
67
15
-55
-21
55
35
-24
-39
6
85
30
-70
-55
55
118
16
-97
-118
18
104
102
4
-129
-84
46
124
43
-71
-89
3
90
85
-19
-65
-60
16
69
59
-17
-71
-5
65
24
-44
-33
30
20
-14
-24
-11
-2
20
33
11
-16
-10
-25
5
41
21
11
21
-23
-45
-2
41
19
-12
-44
-42
4
46
7
-47
-46
-3
42
38
-37
-85
-25
41
49
-14
-68
-62
11
72
-1
-85
-56
57
107
-30
-127
-66
91
138
-7
-133
-94
43
142
54
-96
-106
6
86
56
-29
-101
-77
37
102
63
-46
-142
-54
98
115
-21
-143
-50
117
90
-51
-133
-19
143
113
-52
-152
-40
59
63
-33
-35
22
30
-25
-68
-9
55
4
-27
-4
6
14
6
-7
27
49
-18
-53
5
54
37
-10
5
29
29
-30
-40
33
83
35
-70
-62
68
109
9
-124
-87
100
165
0
-136
-127
46
173
75
-87
-153
-22
130
110
-31
-110
-56
66
91
39
-60
-63
6
54
56
0
-41
-21
18
17
6
-24
19
18
-4
-40
-10
3
24
23
-21
-18
51
41
-40
-65
18
82
37
-15
-54
-27
26
57
14
-38
-45
7
3
-25
-15
20
-8
-34
2
30
-22
-78
-37
93
46
-104
-103
42
116
18
-116
-125
20
134
67
-82
-148
-37
126
126
-14
-139
-100
54
141
44
-105
-109
19
95
69
-64
-120
-33
84
91
-42
-72
-38
21
28
9
-11
-31
-9
38
13
-37
-24
17
55
25
-47
-43
16
51
-42
-49
19
61
-1
-99
-59
57
81
-5
-62
-45
2
54
38
-11
-12
6
32
8
-14
-25
16
57
29
-19
3
13
4
20
25
-1
-14
-6
32
81
10
-79
-64
61
124
33
-110
-128
19
140
107
-59
-134
-32
78
93
-9
-84
-37
37
53
33
-5
-14
-37
-11
39
43
12
-39
-3
42
32
-40
-45
13
40
-19
-38
-1
51
8
-49
-7
63
49
-49
-107
18
138
81
-79
-107
7
77
51
-33
-75
11
48
-21
-44
-10
30
-26
-37
17
42
-37
-82
-12
61
57
-46
-111
-12
85
63
-77
-137
-4
133
102
-120
-182
-11
164
118
-62
-133
-40
55
84
27
-57
-51
-12
21
47
4
-35
-42
-13
17
19
21
-14
-63
-35
40
32
-32
-14
28
-17
-47
18
71
25
-46
-29
19
33
-36
-46
11
45
3
-50
-68
12
40
18
-32
-16
6
27
-6
-18
8
45
41
-12
-43
-1
27
13
17
27
13
-2
-4
2
9
38
25
-17
-45
-1
112
55
-111
-105
79
163
35
-131
-131
33
151
86
-62
-134
-33
94
89
2
-91
-78
38
109
57
-51
-79
-7
49
56
18
-38
-31
4
37
16
-8
-3
-6
-1
-5
-35
12
49
-10
-81
30
103
11
-85
-74
74
126
-8
-81
-39
26
54
4
-36
-9
22
-6
-74
-42
59
74
-24
-96
-32
55
32
-54
-80
28
85
10
-110
-101
51
118
-15
-138
-71
109
111
-64
-162
-21
146
107
-52
-131
-57
47
65
46
-23
-70
-27
34
52
23
-51
-97
5
66
30
-6
-42
-53
-23
52
56
-15
-45
-23
-5
11
24
16
14
15
-23
-49
2
35
-28
-46
23
47
18
-60
-78
11
82
21
-31
-47
-9
45
51
-10
-31
21
37
-16
-21
12
27
0
10
42
24
-32
-34
30
76
43
-52
-74
30
102
60
-77
-91
16
115
86
-80
-122
-24
106
126
-19
-142
-88
83
150
-7
-126
-68
82
110
5
-56
-36
13
35
12
8
-9
-26
0
36
21
-17
-31
20
37
-13
-73
-14
59
54
-38
-61
28
67
7
-72
-2
81
68
-24
-70
-37
34
54
16
-20
-49
-45
15
8
-14
21
16
-30
-51
-16
12
-6
-27
18
37
-44
-72
-7
58
35
-86
-108
19
104
55
-85
-112
-14
115
89
-47
-101
-74
30
109
62
-41
-95
-13
16
32
37
-17
-101
-32
69
102
-21
-120
-56
44
98
9
-118
-61
81
87
-31
-96
4
72
57
-22
-81
2
55
-6
-56
3
54
22
-64
-55
-15
47
43
6
-39
-56
-5
45
48
21
-7
-22
-5
37
4
-32
15
64
43
-9
-44
-10
62
61
-28
-52
-15
71
86
-9
-85
-73
74
152
31
-129
-125
14
144
113
-42
-157
-48
84
101
10
-79
-58
44
68
39
-23
-37
-13
9
51
50
-11
-50
-27
17
33
15
-2
-38
4
15
1
-21
-14
17
10
32
9
-23
-7
-19
23
61
44
-29
-70
-19
35
50
-24
-30
-6
-6
-19
-9
12
15
-40
-19
19
25
-40
-74
-31
61
59
-50
-116
-47
65
77
-35
-110
-46
81
102
-38
-141
-57
100
145
-7
-156
-121
49
162
64
-106
-128
-9
113
82
-51
-108
-50
49
83
-6
-45
-32
-1
3
-5
9
-14
-9
8
-15
-16
27
54
2
-35
-24
6
34
3
-35
-34
-7
47
43
-57
-107
-16
101
41
-38
-64
-26
46
57
-12
6
24
26
-10
-27
-1
48
25
-21
-2
63
25
-41
-47
56
65
-8
-37
-5
84
57
-92
-97
82
164
24
-151
-120
42
142
108
-74
-158
3
126
88
-58
-99
-27
96
102
1
-95
-66
62
81
6
-52
-24
51
43
-20
-51
-6
43
22
-15
-34
-11
-21
22
39
6
0
-2
-27
-9
21
36
33
5
-16
-15
1
15
8
-21
-17
13
-8
-49
-18
36
36
-35
-39
14
10
-53
-70
1
78
41
-85
-93
1
73
40
-78
-93
-16
106
90
-75
-156
-52
120
154
-10
-138
-111
56
137
41
-105
-119
24
113
43
-44
-96
-38
52
63
-6
-34
-30
-21
13
49
10
-58
-13
11
-12
-13
38
50
-17
-58
3
64
32
-61
-99
20
88
33
-44
-79
-36
52
44
-7
-22
-28
-21
38
59
11
-32
-16
22
36
10
-19
-22
13
62
46
-5
-50
-33
66
56
-17
-30
3
54
30
17
-51
-87
20
154
70
-98
-153
-3
133
121
-15
-141
-78
63
114
36
-61
-92
-3
86
87
-24
-99
-57
70
112
23
-90
-54
39
60
21
-17
-34
-17
12
12
-1
-12
-3
-11
8
27
22
-1
-26
-29
24
61
25
-29
3