#4
452
-36
-351
-18
394
268
-166
-240
146
426
167
-260
-215
248
458
81
-302
-115
352
387
-65
-295
57
428
274
-197
-235
201
437
130
-279
-160
328
464
23
-346
-66
419
370
-92
-298
62
434
230
-217
-248
234
484
72
-341
-136
377
411
-94
-362
-5
444
328
-187
-306
130
458
198
-254
-208
228
401
66
-248
-59
344
326
-78
-250
73
406
209
-177
-159
231
406
77
-262
-77
355
416
4
-302
-38
350
336
-50
-197
78
356
201
-160
-181
204
387
86
-282
-127
344
382
-49
-310
-30
368
323
-85
-253
63
372
176
-183
-191
164
376
107
-238
-118
251
340
21
-223
-42
280
293
-77
-208
94
317
181
-123
-156
173
350
69
-220
-72
294
307
-82
-255
51
376
204
-210
-220
171
402
95
-308
-208
289
430
-6
-434
-146
408
404
-128
-387
-19
362
206
-190
-236
155
351
27
-266
-97
272
298
-72
-306
-28
342
256
-128
-231
80
323
126
-194
-110
216
251
-44
-227
6
330
234
-156
-236
104
340
138
-200
-182
172
351
46
-295
-150
300
346
-79
-309
-48
321
265
-149
-301
36
367
194
-200
-255
125
359
119
-237
-209
200
374
19
-277
-71
288
263
-46
-198
10
263
179
-86
-125
115
260
40
-156
-3
278
238
-100
-227
74
348
204
-157
-188
136
331
95
-221
-138
242
317
-17
-288
-71
295
324
-68
-304
-57
326
284
-106
-250
31
269
145
-164
-143
168
248
16
-214
-70
256
265
-60
-253
-3
309
205
-104
-186
46
256
154
-90
-125
79
216
70
-83
-14
103
99
-36
-60
101
172
12
-127
-44
147
138
-63
-139
34
208
114
-129
-215
33
298
162
-196
-261
9
297
151
-183
-200
78
228
51
-200
-106
174
220
-36
-231
-33
221
191
-65
-189
9
205
128
-102
-111
94
145
6
-107
-14
159
108
-65
-94
39
155
80
-69
-52
62
84
-15
-30
47
61
-2
-52
-6
91
67
-26
-85
-29
110
143
-21
-171
-37
188
167
-68
-187
-25
180
165
-12
-136
-36
167
173
-31
-135
-5
139
150
35
-40
-30
61
87
28
56
73
10
-25
1
103
151
53
-72
-59
96
152
4
-87
-6
142
97
-79
-80
74
151
27
-112
-60
111
181
49
-127
-111
82
165
45
-103
-47
85
121
13
-114
-3
161
124
-82
-157
44
231
112
-104
-117
81
201
51
-94
-85
86
154
61
-69
-58
82
80
-11
-5
74
66
-59
-97
36
140
28
-98
-48
105
108
-57
-164
-27
169
138
-95
-194
-52
153
146
-53
-155
-24
116
59
-83
-97
63
123
21
-100
-61
73
128
27
-99
-82
80
158
33
-105
-75
67
106
10
-64
-6
100
63
-36
-69
30
116
42
-57
-43
30
75
17
-53
-25
66
34
-51
-51
50
78
-31
-70
25
71
7
-71
-25
65
72
13
-64
-47
53
101
39
-68
-60
72
161
56
-120
-99
88
184
50
-76
-67
63
117
55
14
13
30
18
-1
24
94
78
-9
-45
10
64
67
15
-30
-4
42
47
-10
-44
22
75
33
-66
-28
85
96
-10
-79
-14
64
74
-20
-71
8
100
26
-60
-48
84
138
-14
-97
-9
100
117
4
-87
-23
79
118
15
-91
-19
74
101
25
-75
-26
66
83
5
-41
-21
24
29
10
-29
-12
22
5
-4
-4
5
-14
-49
5
74
52
-74
-153
-28
126
79
-58
-120
-29
64
34
-21
-46
15
30
3
-8
-25
-14
44
51
0
-63
-15
67
61
-29
-63
-14
54
62
31
-32
-35
25
39
12
-3
8
26
2
-66
-3
52
42
-34
-55
10
42
18
-11
-57
-18
16
39
19
-29
-45
-5
59
48
-2
-73
-48
52
106
15
-50
-34
37
95
33
-36
-43
20
81
80
19
-45
-42
51
76
71
49
-7
-23
-14
27
104
66
6
-46
-1
51
34
30
12
-20
15
-11
-4
42
79
40
-75
-95
32
138
63
-73
-88
21
102
47
-65
-52
39
67
11
-39
-30
72
103
-20
-108
-1
145
99
-69
-119
22
167
83
-71
-118
16
133
96
-44
-84
4
84
53
-18
-25
11
9
-15
-32
16
25
4
-16
-33
13
3
-53
-54
21
70
1
-76
-103
-13
75
54
-30
-101
-95
38
95
-1
-71
-29
34
9
-41
-15
38
44
-19
-58
-15
57
68
-8
-89
-36
40
33
48
16
-50
-43
18
66
34
-41
-33
20
35
-12
-47
-3
44
19
-37
-66
5
60
23
-51
-68
20
68
-5
-67
-14
40
23
-8
-20
-7
-7
-6
1
40
51
9
-38
0
52
44
-27
-51
42
137
59
-82
-97
41
159
105
-67
-89
39
127
45
-52
3
63
55
-11
-25
15
52
27
1
-23
-7
34
-4
18
29
-4
-24
-7
46
54
15
-54
-63
16
90
51
-68
-76
33
106
27
-68
-34
80
73
-41
-55
30
74
45
-38
-19
28
58
15
-19
19
42
2
-3
22
11
-34
-13
50
53
-25
-56
-11
37
28
-20
-58
-43
86
97
-59
-143
-59
102
99
-54
-130
-69
19
68
7
-70
-62
6
23
-20
-50
-17
12
13
8
-19
-31
13
55
-8
-64
-36
48
68
3
-45
-65
1
49
42
8
-56
-9
59
8
-44
-26
22
63
-8
-87
-42
57
81
-34
-93
-3
52
49
-41
-96
-37
46
92
15
-112
-91
34
112
9
-83
-46
13
38
21
26
4
-15
-29
47
77
-2
-95
-30
129
124
-18
-109
-27
101
107
42
-37
-42
61
53
7
11
35
49
17
-42
-22
70
77
-31
-54
18
25
13
2
24
38
-24
-72
5
89
67
-38
-83
-29
91
84
-70
-118
21
121
67
-55
-104
10
136
67
-83
-92
34
140
78
-69
-102
15
127
87
-42
-104
-32
119
110
-32
-124
-51
109
134
-15
-127
-59
54
73
0
-81
-39
36
43
15
-54
-99
-34
65
80
-12
-125
-109
23
98
33
-77
-104
-34
60
14
-34
-31
4
31
-32
-66
8
34
55
-2
-91
-62
55
109
20
-87
-86
3
45
63
40
-39
-56
15
47
4
-38
-19
47
47
-68
-101
31
127
16
-119
-97
47
94
0
-68
-64
11
43
21
-38
-63
-20
58
44
-10
-83
-33
46
47
16
-42
-42
24
88
49
-67
-56
34
88
78
-20
-61
-20
39
80
53
13
-20
15
54
11
-9
27
58
30
-11
-21
-24
9
70
46
-3
-67
-33
35
72
16
-56
-42
33
63
20
-18
-48
-9
36
39
-19
-50
-10
67
30
-61
-71
74
112
-13
-122
-16
113
75
-19
-81
-3
65
82
6
-80
-44
65
111
22
-90
-71
55
97
24
-69
-42
4
20
19
-25
-44
3
2
21
15
-47
-90
-60
50
76
0
-76
-129
-49
106
75
-68
-111
-57
55
40
-54
-69
32
84
-22
-119
-49
66
101
-4
-92
-51
25
71
53
-56
-78
-17
55
53
-10
-26
-27
27
30
-17
-12
23
34
-5
-79
-33
46
65
-13
-83
-47
42
81
2
-110
-66
34
64
9
-69
-39
22
31
3
-19
-7
-8
-2
10
4
25
27
-17
-6
23
41
-9
-51
32
106
59
-59
-93
42
126
99
-12
-90
-18
66
72
38
-16
5
40
3
-2
1
38
29
-17
-19
-11
-1
44
39
-18
-54
-46
63
118
-13
-114
-54
64
72
-31
-77
21
85
5
-66
-35
27
75
24
-69
-34
29
72
16
-16
-19
-11
73
52
-37
-50
5
73
46
-4
-32
-27
-3
14
47
55
-45
-102
-13
75
62
-61
-110
-17
106
82
-80
-167
-57
89
115
-43
-124
-93
28
79
-27
-88
-20
21
20
-48
-66
10
58
27
-69
-74
7
61
49
-48
-78
11
55
32
14
-24
-41
-41
0
51
61
-1
-82
-20
65
55
-25
-58
-4
43
-7
-50
-17
43
7
-34
-44
-4
14
5
-18
-39
-17
18
45
-16
-78
-54
39
96
11
-96
-92
31
104
55
-53
-66
-23
79
95
-26
-87
-15
89
121
15
-111
-85
92
139
43
-16
-33
-4
54
69
-17
-14
40
43
6
-14
-25
32
58
10
-40
-30
9
58
18
-16
-31
-19
24
52
37
-8
-43
-40
21
50
9
-51
-26
35
34
-9
-35
6
68
26
-69
-28
80
62
-2
-75
-24
93
66
-6
-59
-31
43
95
29
-58
-60
18
71
41
-27
-58
-25
-7
51
16
-46
-48
0
64
47
-82
-126
-54
73
89
-16
-88
-118
-28
108
56
-73
-124
-28
86
27
-92
-88
33
59
11
-63
-50
16
74
2
-66
-39
19
44
13
-20
-20
-41
5
42
38
-8
-66
1
35
14
-7
-10
-9
14
-20
-57
-15
44
45
-31
-63
-36
31
42
-44
-69
-39
44
59
-31
-106
-49
96
90
-42
-120
-55
66
110
-9
-60
-33
40
73
15
-62
-40
23
80
58
23
-40
-53
6
70
98
64
-38
-79
16
94
58
0
-26
11
43
42
-7
-38
6
44
40
-43
-75
26
114
45
-74
-101
41
108
40
-86
-88
44
83
16
-59
-48
48
89
0
-95
-90
86
163
-4
-147
-62
144
136
-28
-132
-50
125
115
-12
-110
-55
106
120
-11
-96
-37
55
63
-4
-25
-30
-31
5
42
13
-51
-61
24
47
24
-69
-85
-36
44
66
-20
-88
-44
-5
7
-7
-26
-21
-24
1
-31
-32
-5
11
25
-5
-87
-55
29
103
41
-76
-93
-11
83
78
-31
-86
-48
23
67
55
-44
-85
33
79
-6
-74
-14
46
26
-34
-69
-5
78
17
-82
-58
41
52
-36
-85
-24
57
20
-31
-42
-19
9
-1
-19
17
10
-24
-15
18
29
-5
-39
4
75
54
-31
-67
-2
59
93
34
-63
-52
37
86
42
18
16
-31
-9
59
85
14
-68
4
77
37
-65
-27
57
64
-3
-74
-48
76
101
-26
-91
-36
50
70
39
-30
-57
-35
23
63
-5
-47
-2
36
-5
-29
-9
48
43
-18
-65
22
91
20
-46
-36
28
85
38
-45
-42
12
48
27
5
2
-6
-16
6
45
19
-28
-64
-4
63
20
-67
-78
36
81
9
-91
-96
-23
76
60
-35
-88
-67
-16
36
26
-36
-69
-23
19
-12
-37
-7
21
9
-28
-52
2
36
34
-14
-51
-19
36
47
-20
-41
-40
-4
44
52
-8
-41
-11
52
24
-44
-54
8
84
41
-77
-81
-8
89
46
-75
-85
1
66
9
-44
-55
-26
20
26
0
-16
-49
-25
37
32
10
-67
-44
38
73
14
-36
-41
20
74
24
-53
-24
41
59
41
4
-46
-4
53
83
68
-38
-70
26
86
47
-14
-20
35
13
17
-22
-9
46
27
-6
-36
-27
36
58
22
-37
-50
-1
52
44
-7
-67
-24
8
55
30
-78
-50
41
79
9
-87
-60
86
102
-17
-106
-33
77
114
-4
-94
-36
73
92
22
-84
-36
70
61
-14
-50
16
50
11
-31
-6
-8
1
-1
9
-2
-46
-24
29
35
-44
-85
-21
25
2
0
-19
-30
-88
-29
56
49
-31
-98
-57
26
35
-11
-47
-15
22
-10
-51
-8
63
79
-50
-131
-30
97
106
-24
-111
-50
39
55
11
-3
-19
-5
26
2
-24
-25
22
45
-17
-67
-32
62
47
-66
-81
21
67
15
-82
-86
29
68
11
-71
-62
-4
43
18
-12
-13
-25
-18
5
39
29
-36
-59
19
134
46
-124
-101
81
176
67
-112
-122
29
147
106
-1
-68
-37
56
89
41
-15
-33
31
66
-13
-40
12
68
32
-41
-71
20
81
30
-37
-49
16
42
15
6
4
-17
-32
-16
38
53
-10
-51
-31
32
46
-12
-49
37
96
13
-61
-44
44
89
2
-82
-12
85
78
-22
-72
-5
71
65
-3
-47
-26
20
43
46
-41
-79
-25
54
31
-20
-48
-39
18
51
5
-97
-92
14
87
34
-76
-110
-78
41
92
-4
-101
-73
-10
18
-16
-13
-4
19
-12
-60
-28
19
52
8
-72
-44
24
85
30
-46
-92
-49
51
82
20
-61
-50
39
47
-18
-33
-5
25
17
-18
-43
-37
18
45
2
-58
-62
-3
76
7
-90
-87
26
105
27
-108
-107
52
102
-4
-85
-47
28
46
10
-9
5
1
-5
31
36
1
-53
-6
118
107
-42
-117
-13
125
109
-1
-60
-12
96
47
-25
-50
23
101
50
-42
-66
5
105
65
-42
-85
-35
97
84
1
-87
-59
38
89
49
-54
-74
-3
53
60
-15
-70
-20
43
48
-21
-60
13
69
34
-18
-66
21
78
22
-40
-32
28
79
27
-36
-48
20
77
35
-33
-45
12
45
20
11
-8
-33
-39
-10
37
10
-26
-37
2
22
-3
-99
-79
44
111
3
-116
-115
-22
44
63
-18
-82
-55
1
43
-43
-66
19
42
12
-70
-78
28
73
28
-48
-52
6
43
17
-14
-40
-24
-9
44
60
5
-75
-52
50
64
-15
-46
-18
46
30
-53
-96
19
119
-3
-144
-53
86
64
-61
-113
3
52
22
-38
-42
-19
8
30
21
-27
-35
-34
4
59
40
-26
-50
4
70
33
-49
-37
37
91
62
-36
-70
-7
85
92
29
-47
-32
54
59
-29
8
69
81
-49
-88
24
110
58
-55
-80
-12
54
53
17
-29
-34
18
12
0
28
31
-20
-70
-5
63
37
-59
-56
34
52
-7
-54
5
61
35
-32
-35
35
40
23
-4
-19
0
34
41
17
-8
-26
3
63
23
-36
-34
-1
50
52
1
-89
-57
77
83
-50
-119
-24
73
58
-39
-98
-56
31
59
-1
-48
-80
-74
28
56
-1
-55
-49
-15
9
-26
-35
-1
41
-1
-50
-61
-5
78
53
-45
-69
-30
46
68
-16
-70
-46
35
81
22
-54
-53
-5
63
28
-40
-32
23
52
24
-79
-93
37
102
-8
-102
-74
50
98
1
-101
-100
12
120
51
-99
-130
-12
106
94
-27
-126
-75
76
110
11
-80
-50
47
94
9
-37
-36
17
75
53
-3
-51
-25
60
66
62
16
-40
-36
33
74
59
-16
-44
5
55
31
-25
2
33
34
-30
-57
-6
67
78
-24
-105
-26
97
80
-41
-112
-14
89
46
-29
-78
3
54
1
-40
-27
53
63
-16
-47
-21
37
48
19
-22
-34
11
74
39
-13
-40
-4
69
27
-50
-38
34
51
-14
-40
11
62
5
-85
-54
48
47
-14
-58
-20
36
-18
-94
-52
44
89
-14
-129
-117
36
121
-1
-115
-85
32
58
-46
-103
1
80
51
-78
-114
3
106
82
-79
-136
-1
112
75
-54
-95
-19
52
39
-15
-26
-10
39
25
-45
-21
25
20
-5
-12
-28
-8
26
23
-30
-58
-22
8
48
-8
-67
-48
14
53
18
-48
-61
-19
49
55
-3
-70
-48
5
64
60
2
-77
-19
70
50
-31
-48
13
88
113
-27
-105
-36
95
126
44
-51
-41
20
68
48
11
-22
-6
53
43
-17
-45
25
83
34
-60
-93
-12
113
83
-52
-109
-37
90
108
-6
-74
-58
7
77
35
-59
-47
32
41
0
-56
-15
54
67
-24
-92
11
109
68
-58
-84
12
98
67
-25
-70
-14
71
58
-10
-49
-42
8
58
72
-24
-84
-50
38
76
-1
-95
-60
46
64
-17
-71
-93
-27
101
60
-75
-130
-71
73
79
-45
-97
-56
34
43
-40
-88
-11
74
17
-73
-87
31
117
9
-104
-52
51
59
-14
-40
0
1
-16
-5
30
45
-53
-52
44
57
-11
-42
-40
34
64
-18
-78
-29
62
42
-49
-93
-50
69
69
-37
-95
-52
46
72
-15
-72
-66
31
93
-1
-79
-63
48
86
24
-62
-59
22
94
30
-51
-58
23
100
69
-27
-42
-15
24
78
84
11
-68
-18
77
79
10
-37
-8
35
45
12
-12
4
19
40
-14
-70
6
66
35
-30
-70
-10
106
43
-62
-69
12
69
55
-32
-108
-17
100
41
-28
-47
-21
55
51
10
-63
-28
52
85
37
-46
-80
34
99
57
-63
-77
35
91
43
-66
-78
40
105
40
-62
-95
-20
86
75
-56
-138
-22
105
54
-35
-96
-99
-2
98
66
-91
-97
-42
0
45
1
-50
-51
-12
2
-32
-23
12
18
-12
-34
-38
-14
36
59
-16
-65
-40
39
77
-18
-64
-56
33
51
29
-20
-66
-16
76
60
-40
-85
10
95
24
-110
-111
42
143
31
-144
-130
53
145
27
-146
-130
35
125
19
-120
-80
49
93
-4
-76
-41
23
35
-1
-23
9
35
3
-25
29
12
1
-4
22
53
29
-13
-53
7
104
100
0
-90
-26
82
76
2
-21
19
43
-3
-27
25
36
3
-5
-1
-22
-16
64
32
-26
-46
1
32
29
22
-20
-48
-19
58
35
-41
-57
21
51
-2
-50
-5
59
64
-22
-70
-11
57
87
31
-71
-46
52
103
25
-82
-48
70
82
9
-65
-58
21
98
55
-64
-68
14
28
7
-30
-19
-23
5
36
15
-63
-81
-17
49
58
-23
-92
-91
-7
69
35
-54
-91
-44
32
22
-40
-51
33
55
-51
-88
-12
60
79
-16
-96
-57
54
87
2
-85
-74
32
96
33
-49
-53
-5
65
25
-46
-42
-2
64
23
-65
-77
20
94
9
-105
-61
36
76
2
-91
-68
18
64
18
-54
-74
-18
50
22
-13
-17
-17
-23
22
50
20
-47
-34
75
60
-40
-85
9
126
98
-36
-98
-26
90
94
46
-12
-63
-7
48
51
38
25
-8
-4
18
10
-4
27
23
12
-21
-67
8
88
55
-56
-122
3
140
85
-71
-105
-10
45
43
22
-58
-56
30
50
23
-37
-48
28
69
15
-38
-15
39
45
0
-26
-11
33
24
46
-7
-47
4
73
52
-26
-99
-11
85
76
-4
-95
-66
47
75
-4
-104
-74
57
97
31
-124
-127
16
119
49
-101
-119
-13
23
23
-23
-41
-26
-8
-8
-12
-44
-17
24
28
-24
-55
-23
20
44
10
-52
-30
30
46
1
-57
-27
15
2
-1
46
11
-65
-42
66
83
-24
-98
-18
91
45
-87
-71
41
71
-4
-87
-47
20
62
-4
-78
-58
29
72
9
-80
-84
18
98
43
-78
-123
5
129
75
-58
-96
-1
116
66
-72
-96
29
155
78
-83
-76
25
63
57
34
29
-20
-15
33
40
19
14
3
34
30
-20
-48
22
78
44
-56
-80
23
130
52
-89
-118
-5
87
101
0
-92
-40
14
66
31
-45
-45
-9
32
44
0
-42
-21
55
28
-14
-27
0
50
38
-22
-23
17
57
53
-35
-61
3
84
60
-36
-88
-13
85
95
-21
-99
-42
48
50
-30
-65
-41
41
47
-18
-64
-69
3
60
22
-52
-64
-52
-9
37
-13
-67
-32
16
-5
-56
-32
30
25
-20
-40
-19
14
19
7
-9
-19
-22
-37
43
84
10
-111
-87
59
117
33
-101
-110
77
133
-13
-118
-49
84
79
-48
-108
-33
94
48
-72
-79
-22
67
38
-50
-72
-53
67
49
-33
-83
-41
53
74
-7
-87
-65
24
94
36
-58
-58
20
94
39
-45
-65
-10
76
87
32
-66
-60
53
106
47
-7
-31
1
62
32
-25
-1
69
55
-19
-50
-21
45
58
26
-16
-79
-18
75
86
18
-105
-80
57
118
35
-72
-97
1
73
75
-13
-91
-26
52
71
-11
-73
-11
100
64
-62
-75
36
81
35
-7
-38
23
41
21
-35
-30
64
81
-2
-63
-47
58
53
-8
-30
-5
7
-21
-9
-2
-3
-22
-6
7
-14
-16
-33
-47
-4
30
22
-33
-92
-51
46
30
-66
-65
5
73
-6
-105
-58
40
72
-8
-102
-76
47
117
-10
-102
-57
39
79
20
-65
-72
5
56
40
-33
-42
-18
47
35
-22
-50
7
28
10
-32
-50
-14
46
15
-61
-48
22
20
-25
-27
-21
-28
3
36
1
-44
-39
-16
33
27
-18
-48
-42
21
74
32
-44
-76
26
112
25
-83
-31
74
91
9
-52
-26
29
73
77
28
-45
-74
43
128
51
-36
-32
49
62
-13
-63
2
97
58
-55
-89
-2
115
86
-36
-119
-27
74
89
11
-63
-41
13
44
27
-27
-53
-16
57
46
-15
-69
-6
94
67
-52
-75
26
89
37
-52
-34
36
78
43
-51
-45
28
72
28
-51
-26
-2
37
47
15
-24
-39
-29
30
11
-33
-19
2
13
5
-23
-58
-66
15
63
4
-75
-95
-14
44
28
-42
-68
-36
17
-3
-60
-37
60
53
-65
-89
15
72
27
-58
-68
-1
58
37
-10
-45
-26
26
12
-20
29
14
-33
-16
34
8
-25
-40
15
75
-4
-119
-60
103
71
-103
-91
18
82
5
-64
-51
-17
21
43
2
-61
-80
-5
83
57
-57
-88
-12
49
65
24
-54
-50
40
81
-5
-47
-28
38
89
77
-47
-98
21
143
102
-28
-104
10
132
39
-62
-5
83
67
-30
-62
-23
63
92
-3
-55
-70
12
75
53
-13
-84
-59
44
111
35
-70
-85
-6
38
61
19
-60
-51
33
48
12
-35
-9
26
28
-8
-21
25
10
25
25
-20
9
26
37
1
-43
-25
51
45
-12
-48
-14
33
69
20
-55
-63
-2
52
35
-61
-97
26
85
27
-101
-104
7
88
52
-90
-132
-16
39
27
-16
-54
-18
14
-30
-63
-28
34
34
-30
-55
-8
27
7
13
4
-24
-10
-7
-16
26
37
0
-51
-56
39
90
33
-105
-66
64
94
-1
-92
-44
89
43
-82
-62
48
63
-37
-70
-22
40
53
-46
-99
-23
52
41
-24
-72
-31
34
59
-7
-67
-41
24
46
17
-6
-14
1
12
26
-3
-10
33
63
-5
-48
26
69
13
-41
32
117
47
-52
-54
32
79
31
-23
-10
33
36
-13
-33
34
68
20
-73
-59
62
95
-4
-110
-53
67
125
-2
-112
-64
45
79
37
-47
-96
-14
88
57
-61
-82
41
119
2
-107
-26
80
87
-18
-80
-6
77
52
-15
-49
3
32
50
22
-22
-26
-33
16
71
31
-38
-58
-26
34
44
-27
-68
-5
37
10
-26
-53
-68
-1
69
51
-62
-129
-63
74
70
-36
-100
-61
40
43
-47
-92
1
84
20
-110
-79
74
111
-39
-106
-37
43
79
26
-42
-63
-20
23
42
30
-22
-60
7
54
-6
-59
18
57
5
-48
-73
-2
72
21
-56
-50
-9
22
16
-26
-29
-26
-8
52
-3
-76
-54
34
66
2
-37
-40
-23
11
52
55
-9
-63
-18
74
77
-39
-114
10
164
105
-58
-126
-8
140
114
-16
-94
-13
101
60
-5
-37
41
81
-3
-65
-30
64
95
33
-69
-79
-7
85
67
-18
-71
-51
52
98
33
-70
-64
24
40
22
-45
-34
17
26
35
18
-31
-34
16
40
20
-27
-12
10
57
39
-21
-21
2
56
51
-41
-55
34
85
37
-78
-71
35
112
49
-90
-122
-14
109
66
-70
-127
23
118
31
-107
-123
0
83
44
-60
-91
-46
4
39
13
-64
-51
-6
-6
-17
-43
-35
36
37
-21
-60
-38
2
53
49
-38
-87
-18
63
67
-28
-89
-39
39
78
12
-48
-53
19
72
14
-55
-34
28
27
2
-45
-63
18
52
-24
-41
-29
10
34
-26
-61
-26
21
58
14
-70
-66
5
58
57
-44
-75
-42
19
81
36
-49
-59
39
87
18
-65
-48
54
135
47
-93
-61
59
90
19
10
26
12
3
-6
14
50
44
21
3
-44
-14
50
68
23
-49
-58
-2
80
34
-18
-14
-15
3
42
22
-19
-30
-21
34
38
-21
-63
23
82
4
-92
-55
43
130
48
-101
-72
67
97
23
-71
-47
54
86
41
-37
-63
-34
68
111
4
-111
-55
89
116
-9
-128
-70
51
115
26
-115
-110
34
118
28
-93
-96
-22
54
25
-35
-51
-36
-40
-9
26
9
-33
-60
-30
-4
5
-2
-20
-9
-21
-28
0
-4
39
19
-42
-69
-20
75
55
-32
-75
-23
58
41
-19
-36
-25
44
45
-37
-63
20
73
14
-84
-67
26
80
23
-61
-69
-13
38
35
-44
-78
-15
44
41
-48
-74
-22
28
63
-3
-60
-54
20
69
-1
-36
1
28
50
12
-69
-30
41
83
44
-9
-44
-13
48
52
26
47
-2
-40
18
54
34
-9
-6
44
54
-18
-67
2
92
82
-18
-113
-70
87
105
6
-89
-70
9
98
75
-33
-105
-53
43
99
35
-92
-61
51
73
6
-84
-29
96
65
-56
-78
21
109
63
-59
-105
22
143
87
-63
-137
-3
133
89
-44
-119
-16
93
66
-12
-50
-29
-2
20
31
-21
-61
7
51
18
-53
-77
-50
11
80
25
-101
-107
-21
65
47
-79
-67
7
29
-12
-75
-39
54
36
-26
-61
-27
18
50
14
-30
-38
1
6
31
5
-35
-36
0
35
41
3
-36
-45
36
53
-4
-37
-17
15
8
-24
-42
11
45
-6
-58
-34
22
24
-7
-41
-45
17
49
-10
-78
-53
35
48
13
-46
-41
-4
29
19
2
-4
-2
11
36
23
-34
-35
35
80
46
-28
-52
20
62
66
22
-44
-20
54
61
5
-22
27
59
24
-28
-35
21
94
38
-79
-100
23
111
66
-53
-93
-15
50
73
19
-70
-45
37
51
-8
-45
-40
25
54
25
-46
-32
10
55
42
-49
-63
43
78
15
-26
-14
19
30
34
13
-26
-23
14
57
36
-30
-62
0
93
49
-77
-83
11
75
26
-79
-96
22
102
50
-103
-115
-18
99
60
-52
-104
-66
-2
53
8
-77
-32
20
8
-64
-56
-22
37
56
12
-76
-92
2
108
67
-94
-107
10
101
57
-42
-89
-36
54
62
-1
-39
-21
9
29
19
-9
-50
-10
57
34
-49
-77
8
77
15
-71
-78
-15
84
50
-61
-75
-40
43
52
-43
-83
-17
72
48
-24
-54
-38
17
54
24
-8
-43
-16
60
55
-29
-48
9
89
68
-22
-76
10
103
66
5
-39
-16
73
72
-28
-71
18
134
71
-71
-111
24
136
52
-63
-89
-9
70
62
2
-47
-33
-1
25
47
23
-23
-39
-22
14
42
-12
-34
1
13
28
10
-26
1
39
1
-60
16
79
49
-21
-94
10
91
63
-15
-86
-39
85
109
0
-69
-52
25
66
34
-20
-90
-21
55
57
-31
-83
-22
43
41
-30
-88
-28
27
43
-26
-78
-36
-13
2
-8
-34
-37
-5
12
-27
-53
-5
25
6
-21
-15
-27
-28
9
60
19
-69
-59
22
53
45
-46
-75
-13
46
54
29
-60
-66
43
69
-29
-86
-14
93
65
-88
-123
14
139
30
-124
-103
31
122
51
-122
-158
11
159
62
-143
-153
36
166
54
-122
-110
10
70
69
22
-64
-59
21
69
26
-39
-33
19
76
73
2
-49
-44
38
94
72
-6
-58
-2
66
64
-2
-36
8
72
27
-52
-16
46
63
2
-82
-40
74
107
-10
-105
-56
58
89
30
-42
-65
-10
37
59
16
-67
-55
19
55
16
-15
-28
20
62
-11
-38
19
51
27
-9
-26
8
44
69
-12
-62
-4
61
69
-31
-52
16
36
6
-8
26
42
-37
-58
-10
39
-5
-25
-11
13
-9
-39
-48
-40
20
50
-4
-75
-97
-25
56
42
-67
-71
1
9
-39
-54
1
60
30
-55
-103
-37
98
105
-45
-141
-40
106
102
-33
-124
-49
59
56
-9
-31
-19
8
30
-10
-30
-15
36
25
-20
-44
-33
6
40
-16
-54
-25
30
33
-43
-72
-9
36
35
-43
-68
-22
24
41
-32
-35
15
3
-15
-9
11
43
10
-27
6
8
-6
-12
33
53
45
5
-70
-7
104
87
-33
-64
39
96
42
-29
-50
39
110
37
-70
-72
43
145
49
-90
-101
-7
106
65
-35
-49
-18
32
52
15
-24
-30
16
6
-5
2
10
24
-5
-41
-13
30
22
8
18
15
-14
-4
6
27
39
8
-27
1
30
34
9
-33
-3
53
70
-20
-88
-21
71
87
-15
-104
-59
70
112
-8
-130
-78
80
102
-27
-152
-90
57
117
3
-124
-99
35
48
-27
-61
-32
6
22
-25
-88
-21
59
61
-37
-101
-49
51
55
15
-36
-50
-19
25
66
10
-62
-44
-4
29
23
13
-10
-47
-10
39
32
0
-38
-3
48
-10
-68
-21
44
23
-32
-45
-15
1
27
-13
-62
-30
13
55
-7
-75
-56
26
63
24
-44
-80
6
71
41
-23
-63
-4
98
55
-47
-79
7
113
93
-27
-92
-6
75
70
40
-13
-31
44
40
-21
4
65
77
2
-42
-44
26
95
46
-60
-74
11
55
28
-11
-1
-13
-43
7
77
31
-37
-58
-28
38
73
-21
-62
-27
43
42
-27
-59
34
94
17
-108
-46
97
102
-23
-99
-24
98
88
-19
-95
-27
73
95
8
-60
-53
11
79
41
-38
-59
-43
23
60
-4
-71
-43
58
54
-55
-106
-46
56
65
-34
-85
-35
-10
-17
14
1
-55
-52
25
30
-83
-86
16
88
36
-66
-96
2
86
46
-72
-73
26
43
21
13
-10
-60
-55
39
92
18
-67
-99
31
125
25
-96
-69
56
108
-10
-116
-75
72
104
-25
-131
-69
70
97
-13
-123
-87
79
103
-21
-105
-62
71
71
-16
-59
-41
14
56
32
-21
-52
0
53
57
-9
-51
-6
76
73
9
-62
-43
66
92
33
-13
-32
19
67
43
-17
-41
40
86
50
-38
-103
6
113
97
-45
-142
-45
116
126
4
-142
-87
74
120
22
-100
-67
34
80
13
-49
-58
5
44
27
-22
-52
28
82
18
-71
-34
76
70
-27
-70
0
73
72
-17
-71
-6
81
47
-10
-27
-17
7
22
10
5
-3
-33
-22
26
10
-37
-39
-7
49
24
-70
-98
-33
62
66
-44
-93
-77
4
66
-2
-74
-43
15
18
-68
-60
34
47
-5
-61
-78
20
99
61
-82
-130
28
106
21
-51
-66
-13
48
35
-11
-44
0
42
45
-25
-84
-24
68
56
10
-74
-93
16
120
22
-126
-83
35
66
25
-67
-92
-10
72
58
-57
-84
-28
34
70
-7
-91
-42
32
84
41
-67
-64
37
107
33
-91
-67
50
120
57
-71
-70
28
82
67
15
-13
-37
34
98
37
-50
-33
62
89
1
-73
-34
75
111
-2
-120
-72
66
134
35
-115
-88
60
111
18
-59
-35
6
4
6
26
17
-25
-39
17
40
1
-32
-9
51
37
-14
-31
-11
40
66
1
-39
-3
53
55
7
-47
-22
56
40
-3
-35
-54
28
68
21
-51
-40
18
26
-13
-25
-13
2
-17
-7
-10
-40
-50
37
44
-40
-86
-50
19
33
-37
-60
-15
18
12
-80
-85
51
119
-23
-153
-62
72
105
35
-80
-98
-25
62
74
-1
-56
-50
-5
20
21
44
-12
-77
-14
69
61
-54
-85
16
70
27
-72
-72
17
56
-6
-55
-32
40
19
-41
-79
-21
63
35
-48
-82
-15
72
63
-55
-100
-24
75
62
-25
-44
-2
50
61
-16
-60
-4
45
77
15
-26
-16
37
44
17
30
31
9
14
29
1
-4
23
80
44
-42
-44
15
80
38
-41
-51
-19
63
68
-20
-62
-44
42
86
15
-35
-23
-18
7
34
8
-48
-41
36
70
21
-72
-69
50
128
29
-133
-57
91
93
19
-87
-61
84
101
18
-75
-51
46
66
19
-27
-39
-12
16
54
36
-29
-64
-44
62
87
-63
-129
-7
120
47
-115
-130
5
120
42
-123
-91
18
11
8
-23
-43
-19
-14
-15
-5
-22
-40
-13
42
7
-57
-61
0
81
58
-48
-95
-31
64
97
7
-101
-63
43
85
19
-75
-68
43
91
2
-73
-56
61
104
-32
-145
-65
89
115
-30
-120
-67
59
87
-49
-124
-28
86
67
-49
-109
-31
88
68
-58
-96
-25
59
51
6
-35
-22
13
50
31
-32
-28
37
71
24
-26
-24
17
20
21
54
64
-14
-37
-16
37
86
41
-29
-18
40
15
-16
12
28
26
-8
-53
-32
38
81
16
-76
-59
37
83
24
-61
-68
13
65
30
-43
-62
-6
59
41
-5
-61
-10
50
43
-12
-66
-6
72
53
-16
-34
33
35
8
-25
-14
28
55
22
-46
-49
10
67
41
-38
-63
-14
43
39
-16
-52
-17
29
14
-22
-57
-37
11
12
8
-35
-36
-32
-34
-7
-5
-22
-9
10
-31
-58
-26
22
33
15
-47
-75
-29
78
114
-21
-146
-94
89
163
5
-132
-89
52
89
31
-28
-79
-29
96
55
-36
-62
-17
61
49
-33
-94
-49
60
75
-17
-74
-49
41
52
-35
-68
-18
35
8
-42
-20
-21
14
45
8
-49
-48
-11
42
43
11
-20
-33
20
85
8
-76
-29
79
100
5
-61
-49
39
98
77
-29
-67
48
105
-7
-67
6
107
86
-63
-102
-14
128
103
-62
-129
-37
111
118
-33
-98
-33
37
56
15
-29
-13
34
-21
-48
20
64
-24
-49
-20
56
51
-36
-43
30
39
-10
-37
2
51
52
-14
-53
-10
80
98
-35
-109
1
138
73
-99
-111
20
103
75
-25
-74
-43
9
55
39
-67
-75
22
67
35
-82
-109
-2
70
22
-67
-51
-10
-25
-19
11
-17
-33
-20
-6
-15
-38
-3
24
21
-33
-72
-41
45
93
15
-112
-70
45
87
16
-67
-60
-1
45
33
6
-16
-32
-20
50
39
-34
-40
38
15
-41
-64
-18
85
80
-81
-134
-14
92
69
-70
-131
-32
97
90
-35
-129
-59
65
92
10
-70
-85
4
68
59
-19
-70
-14
88
86
-52
-67
23
64
71
-12
-76
3
76
35
15
15
20
26
20
0
3
26
54
45
-24
-52
12
64
48
-5
-37
-29
2
63
38
-31
-52
-21
57
67
-5
-46
-22
19
17
-6
-8
-8
7
5
15
-7
-24
9
79
22
-60
-12
29
41
20
-17
-30
-4
73
58
-17
-74
-11
96
81
-50
-97
3
91
46
-45
-60
12
52
13
-66
-74
4
90
47
-63
-118
-21
73
49
-61
-119
-22
52
3
-59
-57
-12
19
14
-21
-68
-55
24
47
27
-54
-70
-29
46
68
17
-79
-80
14
91
45
-36
-84
-39
57
78
-14
-69
-45
71
61
-49
-72
9
75
38
-52
-97
-11
88
28
-74
-63
0
41
26
-50
-74
-30
46
54
-7
-88
-78
67
104
-9
-101
-66
47
79
5
-54
-34
35
83
23
-73
-53
41
119
44
-52
-55
1
78
95
33
-37
-34
19
80
33
-12
-11
33
63
10
-22
-41
12
51
51
11
-73
-59
70
103
12
-96
-64
57
100
2
-73
-44
42
34
-5
-20
-28
5
35
18
-25
-9
28
22
3
-8
-23
37
40
12
-14
-47
30
102
50
-46
-89
16
119
59
-51
-103
-1
86
45
-18
-39
-18
16
20
15
-22
-66
-2
55
19
-65
-67
-11
12
36
16
-50
-108
-50
47
61
-62
-80
-26
44
17
-60
-74
20
72
-2
-109
-69
44
118
37
-137
-125
75
174
32
-176
-110
87
126
-4
-115
-23
77
59
-37
-86
-1
65
40
-34
-71
-32
26
70
10
-77
-57
7
38
10
-39
-59
-11
34
3
-42
-35
-10
0
-12
17
37
-9
-55
-26
38
72
-14
-75
-2
103
33
-65
-56
38
102
66
-28
-75
-11
75
86
15
-38
-5
63
48
3
-22
16
77
50
-45
-86
12
128
72
-68
-108
-35
117
125
-28
-143
-84
75
147
50
-83
-133
6
122
73
-58
-139
-2
140
74
-96
-114
20
150
76
-100
-103
52
143
12
-101
-36
75
77
6
-47
-9
29
22
37
-2
-26
-21
13
56
37
-15
-56
-36
8
25
13
-32
-51
19
25
-23
-48
-12
16
-6
-33
-33
-32
-30
5
16
-35
-30
-1
-6
-52
-55
-17
33
60
-32
-105
-60
70
125
8
-124
-90
23
94
72
-25
-94
-53
37
85
21
-52
-69
-3
76
44
-22
-73
-13
71
26
-62
-65
27
59
-4
-85
-59
24
57
12
-73
-81
9
94
28
-97
-107
21
130
44
-94
-102
18
89
34
-34
-41
-18
74
97
-29
-93
-18
93
88
-16
-56
9
69
44
-1
20
43
22
4
-10
14
48
41
19
-7
-4
9
16
25
20
-3
-30
-12
22
49
22
-24
-67
-6
66
63
0
-87
-53
47
70
14
-68
-36
37
49
-39
-40
16
57
51
-19
-93
-5
68
64
-18
-66
-11
94
75
-24
-112
-37
118
118
-26
-123
-41
86
97
-37
-80
-10
45
14
-34
-28
-22
13
6
6
-39
-68
-14
33
25
-28
-68
-25
-19
-6
-3
-41
-28
20
17
-55
-97
-6
70
16
-48
-75
-24
48
69
20
-64
-70
-9
48
73
-7
-80
-60
23
87
46
-48
-69
4
70
44
-46
-61
-11
65
53
-85
-90
25
89
17
-95
-60
30
61
-5
-73
-52
34
43
-5
-61
-30
28
27
12
-26
-44
-14
24
55
-2
-34
2
39
43
-37
-41
34
76
32
-27
-29
31
61
21
-9
39
59
2
-8
1
36
26
17
24
16
-28
-10
23
47
40
3
-56
-65
56
97
8
-64
-62
-6
89
59
-39
-107
-24
99
90
-36
-123
-33
98
83
-35
-95
-11
115
54
-97
-81
80
94
-8
-74
-21
67
86
22
-66
-44
28
68
37
-26
-58
-18
41
60
6
-34
-24
-16
13
8
-7
-38
-21
20
12
-8
-57
-52
21
34
-1
-61
-67
-34
21
35
-36
-57
-27
17
2
-39
-63
-5
64
28
-78
-92
-10
107
95
-50
-142
-46
93
112
-15
-111
-73
37
90
35
-41
-85
20
94
0
-78
-41
43
59
-10
-74
-46
47
55
-45
-89
-8
54
25
-66
-66
11
47
10
-59
-26
18
-15
-2
12
19
-16
-68
-19
57
44
-18
-20
9
41
18
-40
-11
48
65
24
-13
-16
-2
37
40
50
9
-14
19
37
32
11
11
26
18
4
-48
1
97
68
-18
-92
-65
74
117
9
-103
-61
54
83
40
-51
-75
7
54
31
-8
-45
-4
25
4
24
9
-24
4
22
22
-9
-13
13
34
13
-19
15
36
31
2
-26
0
35
27
18
-15
-52
2
52
51
-17
-75
-25
71
60
-32
-111
-21
65
40
-44
-106
-52
51
73
3
-97
-86
-34
28
39
-47
-43
-6
-25
-46
-38
29
27
-12
-30
-47
-36
18
56
37
-64
-101
25
106
39
-78
-118
-11
107
56
-44
-45
-9
18
37
21
-26
-55
-23
60
61
-41
-85
-25
52
29
-14
-44
-58
-5
48
2
-52
-40
13
23
6
-31
-59
-3
69
34
-38
-91
-31
80
87
-3
-97
-35
120
58
-65
-70
35
126
60
-70
-92
28
122
67
-28
-29
19
82
54
-28
-46
10
96
93
-39
-106
-19
84
109
9
-84
-73
19
110
83
-79
-139
-13
122
118
-41
-107
-45
44
77
22
-79
-56
34
74
5
-40
-17
29
51
5
-58
-12
40
67
8
-44
-28
47
87
6
-70
-34
24
86
45
-56
-83
7
96
63
-47
-88
-15
70
23
-45
-74
10
80
5
-70
-72
-12
44
5
-53
-24
-3
-44
-21
9
-15
-43
-2
33
-38
-74
-41
52
63
-31
-74
-34
28
65
16
-66
-51
-18
33
83
26
-81
-114
23
118
58
-43
-95
-24
91
60
-42
-75
-9
88
30
-70
-87
8
103
17
-99
-67
33
77
-20
-95
-38
44
46
-32
-59
-3
7
19
7
-16
-46
-18
30
56
10
-24
-44
6
70
42
-38
-69
19
110
57
-22
-65
-2
51
69
42
-6
-24
45
63
-9
-22
10
77
58
-19
-79
-38
98
101
-4
-114
-81
72
105
10
-66
-58
-9
52
61
-4
-59
-49
15
73
35
-62
-81
3
88
65
-75
-84
39
97
24
-95
-33
68
46
-9
-47
20
83
32
-29
-54
1
57
32
-17
-18
-18
-1
51
62
-10
-74
-53
28
75
20
-73
-75
18
54
6
-62
-73
-11
62
28
-43
-78
-33
-3
20
-31
-50
-14
14
6
-31
-69
-36
72
91
-50
-134
-42
121
110
-65
-132
-20
82
84
-13
-105
-57
61
84
7
-59
-26
24
64
12
-67
-37
27
64
1
-64
-66
24
95
15
-86
-77
21
66
-1
-68
-40
-10
45
33
-71
-62
20
35
34
-26
-58
-29
32
61
7
-44
-11
23
47
22
-38
-35
39
77
37
-23
-48
22
79
43
-18
10
18
23
47
15
-2
-9
42
86
2
-105
-63
113
137
-9
-140
-82
99
144
8
-135
-81
58
109
30
-61
-55
13
38
14
-23
-20
-6
22
1
-19
13
7
26
30
-12
-58
-16
77
73
-27
-56
-9
88
64
-40
-73
4
78
68
-21
-37
-26
7
50
36
1
-52
-33
33
37
-16
-82
-19
70
29
-53
-68
-51
25
56
-4
-70
-68
-27
37
37
-80
-97
8
88
-11
-117
-72
59
109
5
-143
-107
65
155
40
-133
-130
20
127
78
-70
-101
-33
57
79
-8
-42
-45
-1
51
16
-19
-24
-23
21
52
-13
-79
-24
65
21
-50
-54
-12
36
17
-23
-55
-41
18
48
-2
-73
-55
37
84
8
-94
-81
26
118
55
-65
-87
10
98
51
-46
-56
19
61
56
4
-48
-7
55
59
63
-4
-45
26
70
5
-9
8
56
49
-14
-60
-4
93
53
-49
-42
4
38
36
-18
-10
-11
-3
27
22
29
-16
-46
-17
34
69
-30
-78
-20
74
66
-34
-93
18
98
50
-70
-64
69
117
4
-121
-59
123
132
-11
-125
-78
81
136
26
-89
-81
28
113
49
-76
-96
37
84
11
-91
-82
36
86
-4
-96
-64
21
38
9
-35
-50
-12
-18
-39
-8
-15
-20
-10
-11
-24
-42
-26
11
20
12
-51
-62
-7
62
62
-7
-93
-49
46
68
23
-62
-88
-10
77
75
-17
-72
-62
65
74
-27
-64
-23
47
46
-44
-67
-22
65
38
-69
-84
3
78
24
-107
-106
54
94
3
-101
-64
29
68
19
-32
-63
-45
23
66
35
-48
-38
18
77
11
-73
-19
81
88
-21
-65
20
72
9
-11
38
82
34
-42
-28
32
65
29
-11
15
22
-15
-26
22
95
54
-78
-114
0
127
98
-54
-128
-32
93
121
-23
-120
-39
78
85
-5
-107
-47
80
83
-48
-87
-11
83
79
-28
-96
-9
85
81
-29
-57
-3
63
61
-22
-40
0
29
51
42
-38
-63
4
78
68
-43
-86
-18
63
23
-28
-36
-17
38
-3
-45
-23
-30
-25
30
37
-25
-87
-66
9
54
0
-102
-48
74
34
-100
-114
19
118
44
-98
-101
-10
108
78
-38
-126
-66
74
122
7
-102
-109
25
132
39
-60
-92
-1
101
40
-53
-72
6
61
19
-23
-80
-16
81
18
-82
-75
-12
64
47
-68
-99
-29
73
101
-48
-143
-51
103
76
-31
-82
-55
22
76
70
-17
-93
-58
74
89
6
-71
-27
58
97
48
-92
-66
81
112
48
-39
-53
55
79
12
-44
-7
68
62
8
-33
-36
15
73
55
-49
-119
-3
129
87
-70
-124
9
91
72
-18
-80
-23
21
19
30
-12
-27
1
-2
8
23
16
-7
-7
-8
-4
38
49
-6
-19
17
8
21
26
19
-16
-35
7
53
54
-22
-73
-5
55
73
14
-62
-65
-3
86
37
-81
-88
36
81
-2
-112
-89
53
83
-13
-118
-49
38
-10
-41
-38
-5
19
-30
-60
-20
-11
22
15
-9
-32
-67
-13
54
77
-21
-102
-35
45
62
10
-54
-43
5
48
16
-12
-31
-18
44
44
-35
-46
-25
31
62
6
-98
-61
61
74
-57
-94
5
77
45
-89
-111
21
119
33
-122
-118
35
130
51
-92
-119
0
90
65
-12
-69
-28
50
73
12
-62
-21
73
82
-1
-50
-8
39
57
38
-31
15
66
50
-1
-55
-22
101
114
32
-67
-74
25
77
67
-6
-75
-41
16
56
78
-1
-94
-81
48
132
43
-71
-103
-23
74
86
-13
-111
-49
90
86
-26
-85
-33
88
61
-53
-36
54
39
-15
-25
-9
53
46
-15
-31
-2
36
46
18
-30
-42
-15
50
63
-1
-82
-57
38
84
-8
-91
-61
52
66
-29
-112
-40
42
35
-22
-58
-37
-18
-3
1
-5
-63
-53
15
11
-21
-68
-18
58
16
-37
-63
-35
23
82
26
-72
-87
7
82
38
-32
-80
-19
67
53
-13
-45
-30
2
63
17
-36
-31
18
23
-15
-58
-26
59
29
-81
-69
28
78
-5
-108
-52
50
61
-2
-58
-60
0
42
23
-9
-54
-23
26
45
-12
-15
15
9
24
15
-12
-2
6
48
46
2
-5
-9
26
27
51
37
-21
-13
30
47
10
-5
43
61
26
-58
-75
49
104
28
-51
-88
3
88
58
-34
-80
-13
59
52
2
-31
-15
5
2
-6
0
-6
19
3
-3
-12
-3
27
39
15
-46
-20
44
33
24
-15
-28
45
45
3
-23
-1
30
20
10
6
-7
-22
0
39
50
-7
-65
-53
5
69
5
-68
-62
39
73
-27
-125
-50
62
90
-40
-147
-68
73
68
-52
-128
-18
61
19
-56
-99
-26
73
78
-33
-140
-81
76
138
51
-122
-143
34
166
61
-121
-139
8
106
58
-29
-52
-39
41
57
-1
-54
-46
10
64
6
-73
-64
39
68
-28
-55
6
12
-8
-69
-46
11
37
10
-31
-36
-8
12
16
13
-48
-55
3
56
32
-20
-37
4
72
55
-70
-74
42
95
66
-36
-56
21
75
27
-3
20
39
24
21
2
-10
10
56
75
7
-72
-54
49
119
48
-82
-104
-17
123
108
-28
-110
-79
62
132
32
-88
-84
2
60
63
1
-73
-37
38
75
9
-44
-39
-3
39
51
19
-18
-30
12
52
38
-31
-26
48
45
-21
-28
22
77
34
-69
-61
30
117
34
-74
-103
-3
88
64
-57
-118
-16
103
70
-95
-148
-11
99
44
-54
-94
-53
24
39
-31
-83
-20
46
-14
-64
-66
11
63
8
-51
-58
-28
46
61
11
-77
-75
14
97
45
-65
-99
-8
96
44
-36
-87
-12
65
56
-35
-60
-23
51
58
-19
-79
-51
55
57
-22
-77
-43
25
54
-10
-71
-78
6
84
25
-70
-83
0
97
32
-57
-68
-4
60
55
-26
-52
-23
59
75
-6
-74
-28
94
92
2
-70
-33
73
95
28
-40
-39
43
84
19
-57
-22
71
86
14
-59
-58
28
101
41
-42
-93
5
88
45
-37
-74
-11
68
29
11
-8
-56
-22
52
57
-23
-99
-28
97
99
-50
-143
12
155
59
-106
-128
77
161
27
-104
-110
62
152
55
-86
-105
15
116
72
-29
-85
-25
53
69
36
-54
-90
-20
71
63
-55
-89
21
56
9
-102
-79
26
74
-1
-84
-46
-22
-3
7
-5
-45
-33
0
-1
-27
-74
-29
42
59
-19
-114
-43
53
105
30
-106
-90
32
77
56
-21
-75
-59
35
85
17
-59
-58
15
99
13
-66
-65
35
100
25
-107
-78
53
91
-39
-111
-12
63
59
-35
-115
-46
74
89
-36
-133
-48
91
82
-28
-83
-26
30
28
21
-1
-8
-24
16
65
17
-46
-25
39
81
36
-43
-52
27
77
72
36
-48
-53
67
85
11
-44
-8
83
67
-58
-83
22
118
69
-76
-133
-22
136
96
-39
-104
-61
68
126
16
-99
-89
33
83
26
-48
-68
-15
51
41
-18
-27
2
58
28
-75
-42
78
87
-31
-92
-21
96
70
-19
-47
-2
26
38
16
-32
-38
8
42
50
-1
-61
-40
26
49
8
-50
-70
8
66
33
-68
-110
-21
86
77
-69
-120
-39
36
37
-29
-88
-33
45
42
-52
-100
-31
88
62
-61
-115
-20
76
79
-17
-91
-45
43
57
10
-31
-40
-28
28
38
17
1
-63
-6
62
45
-32
-72
-16
68
63
-67
-91
19
74
5
-79
-58
36
75
-18
-106
-64
35
90
6
-100
-74
39
100
20
-74
-94
-9
96
81
-21
-84
-40
63
76
4
-48
-23
36
67
36
-5
-32
-4
36
76
37
-28
-23
57
56
-13
-39
65
90
-9
-92
-35
85
106
-1
-73
-63
18
76
58
-40
-72
-19
62
73
-7
-61
-31
20
32
10
-15
-33
-6
17
20
7
-16
-37
41
72
-9
-70
20
72
14
-34
-20
19
40
34
26
-28
-41
20
70
55
-41
-101
-17
107
122
-30
-164
-60
105
111
-40
-155
-47
114
82
-64
-119
-29
61
58
-61
-99
-12
30
-3
-39
-70
-14
43
12
-43
-93
-40
63
89
-14
-137
-77
69
112
11
-97
-77
14
65
68
-43
-95
-30
47
58
2
-28
-34
-12
44
17
-6
0
-27
-24
5
19
4
-47
-4
20
-30
-46
-15
49
8
-73
-67
27
52
9
-64
-54
6
62
29
-36
-62
-17
47
58
-17
-47
-21
46
55
-8
-40
-14
38
86
35
-61
-30
60
84
20
-13
-5
18
90
28
-60
-44
50
126
65
-54
-105
-32
118
125
-29
-142
-60
97
113
-15
-68
-44
-8
82
74
-2
-76
-76
7
101
74
-73
-103
36
79
19
-41
-36
22
59
27
-16
-39
34
64
6
-42
-14
44
73
7
-70
-27
76
76
5
-76
-43
52
91
-5
-61
-23
-11
22
26
-13
-52
-15
43
-1
-48
-48
-22
14
27
-14
-57
-52
-19
11
-10
-55
-39
14
25
-27
-66
-59
30
80
-3
-95
-90
28
110
51
-67
-106
-12
94
62
-43
-82
-32
31
38
41
11
-89
-61
76
110
-1
-122
-50
64
80
-19
-123
-21
78
23
-55
-77
-2
66
7
-75
-64
31
55
-10
-68
-44
18
57
3
-47
-59
0
73
43
-49
-61
12
64
69
-22
-89
-7
101
69
-1
-46
-29
63
72
9
-21
12
34
51
14
-25
-8
54
72
28
-37
-68
-7
83
72
5
-73
-66
16
116
54
-81
-122
19
124
70
-65
-109
24
88
22
-59
-78
23
86
12
-60
-71
43
125
37
-99
-91
68
127
13
-86
-68
53
100
40
-39
-56
24
67
36
-2
-56
-34
41
80
36
-67
-80
-2
41
46
-4
-82
-38
37
63
-33
-95
-62
37
109
-14
-149
-81
64
77
-19
-124
-65
54
64
-23
-116
-75
47
111
15
-109
-126
22
164
88
-117
-171
-1
167
120
-95
-186
-41
158
126
-50
-140
-38
87
95
-11
-79
-28
25
31
13
-35
-40
-3
39
1
-25
-21
-29
13
27
-45
-58
-21
19
43
-16
-49
-46
26
66
9
-65
-73
28
94
1
-65
-35
51
78
12
-69
-42
48
95
24
-58
-21
55
71
34
-22
-12
3
63
52
-14
-33
17
77
53
-47
-74
17
96
77
-14
-99
-69
64
109
7
-73
-52
30
71
5
-30
-29
0
18
11
9
1
-18
-26
-18
33
45
20
-27
-35
1
41
36
12
-15
-19
1
33
44
10
-9
-23
9
59
48
-8
-55
-50
28
91
33
-81
-81
14
90
40
-56
-71
-8
65
3
-69
-75
1
48
24
-48
-75
-33
14
37
-9
-92
-67
53
75
-54
-141
-41
101
103
-51
-153
-70
86
139
18
-143
-101
46
131
29
-92
-68
-3
51
42
1
-17
-43
-11
57
44
-19
-61
-22
15
29
6
-56
-40
44
30
-38
-50
5
32
0
-41
-46
-7
34
16
-2
-57
-55
32
55
2
-55
-43
22
68
19
-38
-37
31
75
17
-44
-43
25
94
40
-22
-44
25
73
30
-3
5
36
36
-4
-12
33
65
40
-17
-23
-1
25
29
32
19
-46
-51
33
87
14
-40
-73
-5
80
95
-3
-136
-56
80
83
10
-92
-58
48
74
-10
-65
2
66
39
-21
-46
15
56
7
-18
-40
31
79
20
-34
-37
20
41
45
-3
-55
-25
19
71
50
-65
-73
-12
42
45
-22
-78
-7
37
-3
-24
-39
-20
2
9
-20
-52
-6
-6
-36
-25
-33
6
34
-28
-70
-51
-31
18
43
25
-34
-90
-40
88
101
-42
-131
-25
62
66
-2
-87
-56
51
71
-5
-61
-18
24
33
1
-31
-15
12
27
6
-54
-33
41
46
-37
-87
-9
50
31
-28
-77
-47
36
70
-14
-85
-35
40
56
-12
-63
-33
8
24
23
33
-10
-63
-14
89
66
-49
-70
42
138
37
-91
-59
62
119
34
-34
-32
2
80
106
-24
-100
-7
106
120
-21
-113
-54
93
160
24
-150
-127
55
175
58
-111
-137
25
134
79
-65
-113
10
88
38
-27
-82
-29
63
47
-19
-34
6
44
43
-33
-54
22
102
25
-80
-59
75
99
31
-47
-33
0
41
49
10
-52
-42
47
81
22
-46
-40
-24
24
21
6
-29
-39
-9
15
-22
-23
-34
-9
3
-1
-10
-37
-59
-12
34
-17
-59
-44
29
31
-62
-83
-7
90
53
-79
-119
-24
88
105
-11
-145
-95
99
132
6
-115
-96
39
97
22
-45
-25
-3
23
28
-21
-43
18
43
3
-56
-54
21
57
-12
-60
-14
8
7
-34
-42
-15
34
12
-23
-38
-36
-18
56
64
-35
-110
-45
79
82
-26
-53
-21
61
55
-5
-71
-9
77
77
-11
-33
-12
46
69
-17
-9
45
27
49
26
-35
-29
45
116
41
-69
-80
4
109
90
-15
-121
-64
102
117
-12
-115
-65
78
116
4
-79
-62
23
49
16
1
-26
-34
-4
42
46
-31
-49
37
69
13
-73
-34
61
54
2
-28
-14
56
59
2
-32
-13
32
27
24
9
-49
-52
41
112
54
-90
-109
8
114
46
-110
-108
47
113
-28
-142
-55
107
81
-82
-127
-19
63
13
-68
-83
-38
54
64
-56
-143
-64
97
96
-11
-116
-92
36
97
67
-60
-98
-21
37
66
22
-69
-83
-3
74
64
3
-65
-90
41
112
24
-93
-86
47
117
3
-139
-76
90
108
-56
-127
-30
86
67
-72
-132
-13
123
81
-113
-154
0
135
95
-77
-136
-29
83
93
9
-100
-44
90
101
-10
-113
-34
113
102
-21
-81
-27
75
94
43
-35
-30
31
73
46
-48
-32
32
79
78
-10
-96
-20
81
92
-7
-86
-62
44
100
29
-41
-83
-20
80
76
-20
-69
-41
45
41
6
-26
-44
-11
37
39
2
-43
-9
44
30
-39
-17
56
35
-25
-36
17
69
58
-38
-78
-31
94
94
-20
-88
-53
57
101
16
-69
-53
11
50
31
-57
-79
-9
65
33
-56
-77
-29
42
33
-42
-67
-25
5
11
-22
-30
-41
-14
13
-22
-49
-32
18
15
1
-20
-48
-30
46
83
-23
-133
-39
120
93
-42
-123
-36
88
64
-25
-59
-7
30
46
3
-35
-30
13
41
23
-42
-67
-10
73
21
-75
-58
21
55
0
-59
-63
-8
80
53
-52
-92
-19
63
51
-36
-49
-21
22
24
17
18
-3
-11
0
11
18
7
16
28
2
-4
7
32
51
-12
-17
50
60
28
5
-18
-21
27
92
70
-44
-99
-23
81
113
33
-105
-113
10
128
103
-53
-144
-53
112
125
-5
-126
-76
66
84
8
-59
-74
2
75
50
-49
-77
21
102
31
-99
-71
81
79
-19
-60
7
60
48
2
-51
-25
67
73
-32
-59
-1
57
23
-22
1
12
-32
-41
9
72
-7
-77
-26
30
20
-36
-66
-14
30
23
-44
-73
-35
3
58
-23
-102
-52
45
71
-46
-121
-21
86
79
-73
-135
-38
113
128
-24
-185
-87
120
141
-13
-141
-76
63
87
13
-32
-47
-16
30
50
7
-29
-47
-5
62
15
-63
-52
23
34
-33
-35
14
9
-20
-27
-15
18
-9
-22
-4
-11
-1
-4
15
7
-33
-21
-21
6
34
15
-12
-22
36
39
-4
-39
20
67
55
-47
-86
7
147
104
-48
-82
3
117
97
-59
-93
41
110
84
-50
-106
-19
118
101
-28
-107
-68
62
130
28
-105
-87
44
100
43
-42
-67
-17
37
31
24
-42
-92
7
75
53
-21
-69
-9
89
59
-38
-54
8
80
36
-23
-23
11
39
45
-3
-45
-5
69
55
-10
-74
-54
59
120
27
-109
-103
33
116
37
-106
-103
51
93
-20
-102
-63
41
92
-35
-104
-57
31
30
-5
-62
-71
-9
41
8
-59
-92
-48
95
107
-61
-153
-43
96
112
-32
-114
-61
43
89
40
-85
-87
23
84
12
-36
-52
-18
56
60
-22
-78
-44
61
62
-18
-85
-25
31
26
-8
-28
-43
-22
29
9
-34
-90
-14
63
46
-35
-82
-26
74
59
-46
-102
-25
82
72
-24
-63
-2
64
32
-39
-33
48
79
20
-39
-54
46
118
32
-65
-15
72
98
6
-62
-20
60
105
26
-44
-45
12
40
55
34
-33
-100
-42
110
136
-7
-148
-105
96
177
7
-144
-89
59
89
45
-65
-78
18
70
40
-17
-65
-7
63
43
-26
-52
37
91
17
-72
-61
75
130
5
-109
-70
66
143
46
-93
-97
23
113
57
-47
-81
-17
56
17
-35
-58
0
63
15
-61
-81
-15
48
20
-30
-61
-33
-3
13
15
-62
-96
-8
74
33
-114
-104
6
93
66
-65
-151
-29
107
115
-23
-139
-78
63
112
15
-96
-73
39
93
6
-77
-29
26
41
39
-37
-62
-4
47
49
-35
-94
-23
100
46
-74
-72
-14
41
57
-36
-100
-39
51
57
-11
-73
-59
18
79
41
-75
-129
-2
136
93
-65
-119
-23
106
110
-28
-104
-15
109
100
-48
-111
-6
140
89
-43
-55
27
76
79
-14
-58
-11
56
97
25
-84
-80
39
125
67
-85
-109
-16
108
84
-33
-89
-39
59
87
-10
-62
-39
36
51
-5
-40
-59
14
81
20
-53
-58
22
104
32
-86
-56
94
73
-35
-60
6
69
59
-21
-36
20
27
22
29
-17
-37
-11
37
52
6
-41
-37
8
37
9
-29
-44
5
51
-14
-80
-61
13
82
9
-85
-66
-10
14
12
-36
-77
-21
45
20
-63
-87
-11
87
57
-64
-114
-45
84
97
-4
-103
-71
56
84
-6
-78
-59
48
89
0
-64
-24
14
31
28
-16
-21
-27
8
33
18
-55
-44
40
37
-56
-37
16
16
-29
-37
-8
-3
-3
-12
3
-4
-26
-29
11
37
9
-63
-65
32
93
16
-62
-57
53
94
5
-64
-24
67
75
5
-59
-28
48
79
28
-2
5
8
14
23
3
-3
52
69
11
-76
-51
53
109
22
-62
-89
-29
129
110
-48
-126
-59
95
122
21
-121
-87
55
89
8
-71
-65
50
61
-21
-31
-6
38
28
-10
-34
10
66
36
-24
-49
-10
83
70
-13
-50
-32
30
63
34
-35
-53
23
36
14
8
-38
-24
11
24
10
-49
-57
38
43
5
-89
-70
19
79
13
-109
-95
28
49
-5
-80
-79
17
73
15
-97
-110
19
90
47
-57
-114
-56
67
109
28
-106
-106
24
112
60
-55
-129
-43
84
115
24
-105
-96
1
114
82
-35
-114
-70
73
120
-33
-134
-63
85
89
-49
-116
-35
84
68
-71
-102
-2
104
28
-110
-87
22
135
25
-110
-85
44
90
26
-56
-33
-6
46
57
-5
-64
4
94
61
-43
-57
33
94
57
-48
-44
43
106
56
-47
-59
8
102
113
2
-112
-58
66
137
34
-93
-86
21
88
38
-41
-46
-10
23
65
25
-28
-49
-17
21
42
11
-20
-45
-4
52
39
-46
-38
41
40
-28
-25
42
52
-4
-16
4
24
50
18
-29
-42
15
63
28
-20
-42
-42
41
90
30
-80
-84
16
94
16
-94
-79
51
74
-33
-98
-23
42
38
-46
-82
-25
21
-22
-42
-14
-11
-6
-21
-34
-27
-26
-16
4
33
16
-57
-78
-13
94
76
-67
-121
-26
119
105
-61
-139
-52
95
108
2
-101
-83
32
116
32
-93
-95
54
105
0
-117
-84
87
104
-59
-125
-27
87
62
-70
-118
7
92
33
-57
-60
-22
-5
30
44
-2
-89
-52
62
98
-11
-93
-20
77
77
-12
-63
-8
61
60
2
-15
-7
42
40
31
10
-6
26
54
23
-30
-25
46
80
63
-26
-86
-40
98
106
-20
-124
-63
91
123
11
-88
-93
24
110
65
-63
-101
-2
50
40
10
-44
-41
9
68
52
-64
-51
10
67
32
-15
-20
7
38
12
-20
31
61
4
-59
-39
62
72
5
-27
-25
9
30
37
30
-41
-52
-21
37
30
-32
-64
9
57
15
-87
-68
28
75
9
-107
-81
19
36
-24
-51
-43
1
29
-28
-52
-45
-27
27
69
21
-100
-117
13
142
102
-122
-173
14
149
86
-75
-133
-42
90
106
-24
-89
-48
29
105
42
-66
-92
-25
100
69
-89
-103
12
89
-4
-76
-40
29
44
-25
-56
-15
5
16
13
-30
-55
-24
40
46
-19
-55
-37
18
59
9
-28
-25
19
68
26
-63
-25
74
89
-27
-99
19
97
85
-24
-55
7
81
104
-12
-78
-29
71
128
34
-99
-92
43
143
77
-92
-133
26
128
63
-62
-102
-1
73
78
5
-75
-45
22
33
2
6
-5
-46
-17
58
53
-37
-58
29
71
-10
-46
1
73
67
-27
-61
9
70
55
-22
-61
-13
71
58
-1
-51
-34
20
55
41
-7
-52
-63
18
79
25
-95
-74
52
72
-39
-92
-26
44
17
-56
-54
-11
9
0
-46
-49
-18
22
18
-54
-72
-34
65
85
-44
-114
-58
37
101
21
-58
-81
-26
62
85
-10
-100
-80
44
112
14
-60
-61
1
62
29
-19
-44
-2
32
25
-25
-60
6
60
-14
-68
-32
28
42
-23
-73
-31
37
34
5
-61
-64
-8
47
52
-17
-63
-51
27
104
42
-96
-73
77
121
11
-101
-39
99
86
-24
-82
-5
106
94
-24
-58
13
75
85
0
-72
-28
93
110
-2
-70
-45
36
72
46
-6
-51
-60
32
103
48
-70
-106
0
97
79
-15
-109
-68
49
110
36
-120
-101
51
117
43
-88
-99
49
133
27
-108
-44
75
64
-5
-35
-6
27
43
11
-23
-29
16
56
40
-69
-70
41
86
34
-52
-67
-27
66
68
-35
-124
-32
100
69
-79
-148
-17
115
79
-100
-157
-18
71
41
-53
-83
-37
29
37
1
-82
-79
22
80
29
-70
-89
-19
64
98
0
-118
-78
60
123
25
-116
-93
42
115
31
-49
-77
-22
99
66
-50
-90
-5
84
46
-81
-66
43
79
-51
-122
4
105
60
-83
-123
4
94
40
-53
-93
2
40
14
-1
-5
-17
-40
-14
50
61
-23
-53
25
83
0
-76
-4
70
73
-10
-77
-13
102
105
-10
-54
2
55
63
16
-45
-23
48
89
51
-51
-94
-12
119
135
-37
-171
-101
118
190
6
-159
-112
59
161
59
-99
-133
3
122
93
-60
-144
-35
125
97
-56
-135
-31
126
112
-66
-110
6
114
49
-57
-45
34
58
29
-16
-23
5
31
33
3
-23
-40
-10
71
79
-6
-95
-67
54
89
-6
-108
-40
62
61
-73
-108
-25
77
65
-61
-92
-51
12
47
-14
-94
-81
34
112
9
-150
-136
66
182
31
-172
-161
48
186
77
-106
-159
-4
134
69
-46
-110
-32
63
62
-11
-31
-20
2
17
39
-8
-32
-18
-6
30
30
-32
-49
-21
-6
31
22
-44
-49
-11
33
0
-34
-16
-15
7
-3
-37
-6
37
28
-41
-79
-1
89
72
-29
-111
-17
138
80
-72
-102
59
127
32
-90
-63
72
133
28
-54
-59
41
121
66
-83
-104
46
174
86
-88
-134
1
139
120
-36
-152
-93
93
166
50
-141
-141
32
160
94
-72
-156
-21
125
79
-33
-80
-27
33
51
16
-34
-28
16
46
14
-35
7
50
21
-10
-37
-2
54
78
30
-105
-62
117
133
-18
-135
-58
94
108
-13
-69
-36
37
23
-12
-16
-44
-21