#4
400
-63
-309
42
479
377
-128
-254
154
455
216
-194
-138
267
398
65
-215
5
376
296
-107
-212
135
443
233
-239
-239
233
463
111
-275
-96
364
346
-100
-289
89
494
283
-237
-317
173
513
212
-264
-262
251
500
103
-310
-150
339
453
5
-313
-39
399
346
-108
-271
86
447
260
-191
-245
184
419
127
-218
-92
298
335
-32
-242
36
379
253
-148
-223
127
366
144
-168
-113
256
293
-8
-259
-4
391
273
-200
-283
144
463
200
-257
-272
195
472
196
-263
-269
222
444
126
-215
-114
249
343
-9
-238
16
393
283
-154
-262
128
415
216
-181
-195
176
379
113
-196
-95
248
317
7
-193
-1
278
201
-102
-136
143
315
76
-211
-74
280
291
-66
-248
64
382
208
-184
-220
131
376
138
-212
-144
197
338
56
-229
-71
312
337
-108
-295
52
414
270
-161
-236
115
374
182
-156
-159
177
288
35
-131
6
212
164
-97
-125
148
282
50
-233
-85
259
275
-14
-214
-40
229
201
-47
-151
77
244
73
-149
-110
163
287
31
-217
-84
235
280
-37
-253
-50
332
300
-122
-267
30
335
224
-143
-210
112
317
140
-183
-157
167
281
49
-184
-56
235
224
-48
-191
55
275
132
-168
-168
146
312
60
-211
-89
205
218
-61
-185
2
287
186
-187
-257
149
400
76
-317
-179
288
388
-18
-345
-95
376
357
-112
-354
-11
414
247
-221
-257
167
427
117
-317
-239
270
447
36
-353
-147
306
353
-38
-281
-38
300
238
-121
-220
74
275
77
-148
-89
171
210
-43
-198
-7
245
189
-111
-173
47
237
143
-145
-167
111
275
58
-178
-119
155
249
52
-157
-70
177
187
-47
-142
30
261
177
-115
-207
68
313
153
-164
-168
82
269
131
-127
-137
77
213
68
-86
-59
36
97
33
8
12
37
46
-5
-9
28
59
30
14
30
31
-30
-25
53
116
64
-68
-73
67
134
51
-97
-67
124
172
-4
-131
-26
165
158
-43
-125
12
159
125
-42
-99
16
157
97
-52
-68
66
139
27
-84
-21
107
94
-44
-99
39
141
58
-50
-29
55
39
-26
-40
59
85
5
-87
-49
103
162
30
-130
-103
67
221
73
-165
-130
90
247
109
-132
-157
77
229
74
-134
-78
158
199
-51
-197
-19
245
186
-103
-208
59
273
145
-157
-184
83
251
101
-164
-178
88
225
55
-119
-75
76
120
9
-71
-4
96
48
-46
-32
42
108
14
-94
-8
135
97
-86
-113
55
198
100
-131
-140
124
236
-7
-207
-38
243
214
-62
-223
-46
258
235
-101
-259
14
266
192
-121
-223
13
215
154
-89
-156
26
137
47
-82
-52
82
109
-31
-110
-25
110
103
-12
-82
-33
61
65
5
-24
8
20
-8
-13
14
49
25
-43
-23
102
83
-45
-91
-12
143
106
-40
-101
-2
123
95
-59
-125
29
169
86
-66
-122
25
146
85
-73
-82
24
113
16
-80
-44
90
125
-11
-132
-77
87
119
-22
-101
-19
54
53
0
-22
-1
28
12
-3
23
61
0
-84
-23
141
131
-27
-145
-1
131
96
-47
-41
63
94
0
-79
-24
108
130
-12
-103
-6
89
118
9
-98
-51
87
136
34
-90
-86
30
110
61
-22
-46
-44
56
64
10
-32
8
34
30
-21
-2
26
11
-7
39
26
-9
-13
7
30
40
37
6
7
0
7
16
42
59
56
-3
-75
-24
126
113
-13
-111
-37
113
134
3
-129
-87
96
163
14
-112
-76
55
93
0
-77
-35
87
77
-76
-116
17
136
60
-87
-99
-21
98
102
-39
-100
-40
75
82
-10
-79
-39
59
75
18
-35
-42
-8
51
48
26
-23
-20
7
45
35
-44
-33
45
71
18
-31
4
40
7
-39
23
68
-2
-79
-29
68
56
0
-39
-38
22
33
-20
-43
6
67
14
-66
-49
41
107
-6
-114
-56
84
139
-3
-150
-59
106
146
31
-97
-74
49
103
31
-75
5
106
52
-43
-73
29
91
65
-29
-63
16
97
70
-17
-80
-7
90
81
-27
-91
-42
76
96
-12
-73
-3
54
36
-27
-36
-14
32
62
10
-52
-13
21
2
-6
37
50
-19
-69
-14
72
88
1
-63
-22
60
58
-14
-43
42
117
51
-95
-108
77
195
47
-138
-121
70
181
55
-134
-118
56
156
47
-83
-90
-6
83
56
-39
-65
27
67
-21
-98
-39
94
83
-38
-80
-30
41
31
-9
-21
4
-13
-21
7
44
0
-49
-6
59
52
-34
-74
22
92
43
-45
-51
33
76
20
-50
-53
26
64
29
-3
-11
-32
-20
39
69
17
-75
-63
57
59
-16
-39
3
45
-8
-73
-38
29
62
5
-70
-49
-2
41
61
-6
-82
-47
47
88
11
-71
-63
38
100
34
-43
-42
28
55
-21
-30
49
98
5
-97
-50
69
94
45
-58
-63
24
75
55
-25
-63
-28
79
84
-11
-68
-65
13
80
45
-45
-57
-3
45
21
-17
-18
13
36
18
-28
-14
13
-3
-11
0
63
35
-51
-71
11
120
59
-73
-67
33
79
8
-37
5
87
63
-60
-98
60
158
55
-116
-110
46
164
52
-98
-124
41
157
70
-104
-143
0
133
54
-79
-75
44
66
-15
-92
-54
82
91
-29
-95
-18
67
26
-48
-24
5
24
-10
-23
15
11
-24
-18
47
51
-36
-75
13
96
31
-53
-47
12
65
33
-25
-49
4
67
50
-6
-54
-26
32
44
41
-47
-63
25
65
-1
-79
-15
77
43
-53
-77
-33
49
37
13
-42
-53
-53
26
114
45
-127
-128
37
160
79
-114
-135
4
140
124
-47
-134
-14
97
73
-39
-52
25
84
38
-63
-78
47
110
45
-67
-72
22
88
52
-49
-99
29
132
45
-99
-121
24
153
71
-104
-128
25
117
27
-72
-86
29
123
21
-112
-74
73
75
-26
-68
-7
60
46
-44
-63
20
102
44
-51
-86
7
89
54
-33
-8
45
8
-35
-16
58
71
7
-62
-45
75
109
-15
-114
-58
66
96
49
-62
-106
-4
91
17
-80
-25
71
15
-87
-64
24
84
37
-65
-87
-18
55
62
-16
-92
-63
78
97
-10
-111
-73
58
134
27
-119
-90
55
116
39
-91
-40
31
46
22
-28
-47
8
62
51
-23
-54
-24
37
47
18
-7
-33
-3
13
-21
-19
24
43
16
-42
-105
-43
72
76
-31
-86
-28
50
47
-32
-66
-17
36
42
4
-27
-26
-4
25
25
41
7
-68
-30
74
45
-37
-32
67
75
-12
-92
-52
67
124
44
-85
-82
51
122
42
-87
-95
47
133
42
-115
-100
36
116
46
-78
-61
6
30
27
6
-17
-20
15
36
-10
-28
0
-15
4
39
25
-33
-71
-10
75
69
-25
-66
-2
73
19
-36
-30
57
101
29
-91
-84
66
140
43
-86
-111
18
138
75
-47
-98
-35
74
98
-8
-101
-60
20
75
11
-64
-19
33
-15
-73
-27
73
82
-45
-115
-46
84
88
-17
-114
-68
90
96
-42
-111
-22
67
40
-15
-33
0
26
0
-29
-11
39
40
3
-20
-12
4
0
7
8
26
7
-28
-11
15
26
12
-4
-23
-18
-5
-10
-3
10
20
15
-9
-48
-81
-12
86
60
-58
-108
-21
76
67
-32
-117
-51
84
92
9
-107
-86
57
119
27
-73
-59
53
78
-8
-80
-7
100
73
-56
-93
-4
87
88
-20
-86
-21
84
75
-37
-69
1
80
39
-34
-40
-7
22
35
15
-57
-40
60
27
-34
-37
-2
31
14
-13
-10
6
1
-34
-2
37
21
-14
-32
-12
31
44
13
-18
-4
-2
0
16
12
32
44
14
-38
-52
16
98
81
-46
-111
-1
122
82
-46
-110
-25
95
92
-10
-97
-70
33
60
13
-38
-33
25
5
-60
-29
52
46
-19
-50
-27
-23
15
39
6
-64
-35
14
54
21
-52
-62
9
92
60
-90
-98
-8
104
101
-37
-84
-18
44
41
-9
-51
-14
57
55
-15
-35
-27
0
21
27
34
-23
-49
-14
14
1
4
23
-5
-41
-75
-4
45
26
-19
-50
-27
-23
12
34
18
-48
-79
2
58
45
-32
-69
6
54
43
-2
-42
-11
14
44
-22
-17
25
61
31
-61
-77
23
131
101
-96
-127
11
137
91
-46
-112
-31
102
79
-53
-107
-18
95
67
-37
-76
-26
58
43
-36
-37
12
56
-2
-49
-12
12
17
-3
-11
5
19
-1
-29
-18
43
30
4
-6
-2
-21
-19
44
77
46
-23
-51
-23
46
87
26
-23
-63
-27
71
99
-13
-116
-63
71
129
27
-117
-125
12
131
78
-88
-113
15
81
-7
-105
-38
94
95
-67
-160
-28
134
103
-83
-172
-25
132
93
-35
-137
-98
83
146
21
-107
-99
39
96
61
-36
-83
-8
78
34
-50
-70
16
77
18
-33
-23
28
-1
-38
0
54
30
-52
-65
5
44
26
-15
-47
-8
18
-20
-48
-24
49
42
-40
-95
-25
88
65
-63
-121
-16
99
92
-44
-121
-26
107
94
-4
-104
-29
92
65
-68
-50
76
102
-15
-107
-62
81
129
35
-98
-96
51
119
42
-93
-85
48
116
47
-89
-100
11
102
57
-61
-88
6
67
24
-58
-59
43
73
6
-67
-52
42
49
-45
-48
30
60
-17
-91
-12
79
77
-14
-84
-19
59
20
-24
7
74
31
-18
-63
-17
81
99
-8
-114
-59
91
140
5
-145
-110
97
170
18
-190
-118
94
156
-22
-141
-38
97
58
-102
-115
30
119
44
-85
-112
-12
96
61
-63
-93
0
68
38
-14
-61
-29
24
70
16
-58
-52
7
72
63
-54
-89
5
88
60
-34
-57
-12
42
48
3
-24
-24
-17
18
50
42
-20
-61
-59
2
70
25
-39
-30
-1
18
-45
-60
24
47
16
-36
-55
-25
31
64
-34
-111
-31
111
120
-61
-162
-35
140
114
-51
-108
-1
104
42
-52
-53
38
89
16
-75
-67
35
117
61
-87
-92
42
93
59
-32
-103
-28
93
87
-26
-102
-58
78
97
-9
-97
-55
55
49
-18
-75
-37
71
73
-18
-84
-26
46
0
-26
26
27
-24
-42
-29
50
74
-14
-50
23
43
-25
-27
28
88
52
-64
-84
21
116
77
-59
-89
-20
92
94
-28
-70
-18
31
32
20
-11
-51
-25
-10
6
18
33
-8
-63
-32
15
19
19
10
-22
-57
-33
36
32
-18
-60
-22
23
34
13
-36
-40
11
34
39
-26
-46
-5
31
25
0
-21
-7
10
24
21
-30
-43
-4
44
70
-5
-74
-40
37
65
7
-41
-46
1
37
11
-48
-12
19
19
-26
-76
-39
54
45
-44
-56
-14
20
20
4
-24
-35
-18
33
37
15
-41
-57
-21
86
105
-41
-102
-18
65
54
-15
-8
41
39
-29
-88
-1
116
96
-56
-127
-13
141
107
-63
-135
-22
124
137
-55
-170
-74
135
160
-33
-144
-63
70
94
-16
-94
-42
61
79
0
-61
-15
28
-8
-1
-5
30
-25
-60
12
80
35
-37
-43
24
32
8
-20
-1
43
72
13
-69
-39
62
87
41
-69
-87
5
152
80
-103
-130
-20
151
110
-74
-167
-63
139
114
-85
-110
8
81
-14
-107
-12
81
42
-53
-90
-37
56
84
-15
-105
-58
58
78
-29
-97
-43
46
73
17
-47
-56
10
56
24
-38
-54
17
67
22
-39
-34
-1
0
33
9
7
-16
-17
-9
11
16
-3
8
0
-28
-23
-3
14
19
-23
-44
-37
-10
5
26
44
-49
-100
-33
97
113
-43
-180
-94
144
189
-9
-202
-128
128
189
31
-146
-123
76
143
0
-96
-8
96
76
-55
-99
-5
97
107
-16
-100
-50
97
117
-24
-111
-46
104
89
-33
-95
-41
44
60
31
-36
-47
-4
34
4
-41
-4
26
60
-9
-77
-39
44
21
-11
-2
25
19
-43
-32
25
45
19
-12
-23
-8
18
19
4
31
61
-2
-63
-31
75
93
21
-103
-94
88
185
23
-187
-126
97
174
45
-142
-132
47
125
10
-102
-58
75
55
-91
-98
14
109
53
-73
-110
-18
83
63
-62
-105
-26
85
65
-49
-93
-42
50
101
16
-98
-86
41
96
26
-65
-32
38
49
-3
-38
-17
18
27
12
11
5
-24
-54
5
84
51
-54
-82
-1
74
27
-81
-64
58
89
-29
-131
-66
73
104
6
-118
-101
28
101
45
-91
-85
23
53
35
-14
-43
-15
-1
44
54
-14
-31
1
17
-4
-4
47
74
14
-88
-61
24
85
71
-37
-96
-1
88
37
-49
-28
15
45
6
-15
-31
-25
-5
38
37
-16
-23
-26
-12
31
26
-12
-57
-21
64
49
-23
-97
-45
67
93
-1
-115
-82
67
127
23
-105
-57
86
85
-66
-89
30
116
68
-68
-96
21
115
62
-15
-63
-35
24
84
55
-63
-105
-15
98
99
-48
-151
-22
118
66
-105
-82
52
88
-42
-144
-28
137
81
-79
-131
2
112
36
-76
-64
23
28
2
-28
-23
13
4
10
27
-23
-21
1
27
16
-7
7
11
-6
8
3
-3
-34
20
40
16
-7
-33
-37
22
68
44
-41
-69
-4
24
9
-24
8
32
-6
-63
-35
0
37
26
-26
-47
-35
-14
41
56
-13
-110
-80
93
103
9
-101
-95
34
133
63
-85
-97
19
91
12
-51
0
70
46
-39
-90
-5
112
95
-44
-113
-25
96
78
-24
-84
-29
81
94
-33
-114
-49
74
98
-12
-117
-25
75
55
-39
-96
-10
89
71
-32
-94
-31
82
44
-38
-66
1
69
11
-62
-40
53
80
-4
-45
-43
32
56
28
-8
5
20
-27
-18
28
55
52
-31
-74
-2
123
81
-99
-130
-10
123
129
-44
-150
-57
86
76
-52
-90
28
85
-22
-140
-60
106
119
-24
-131
-100
64
127
-2
-132
-74
94
77
-53
-105
-18
61
49
2
-24
-32
-8
4
31
13
-8
-10
17
24
1
-26
-38
28
60
2
-24
-4
-16
-17
-6
36
40
-14
-41
-37
28
37
-22
-61
-17
44
3
-59
-51
25
53
1
-79
-81
15
114
49
-112
-116
47
126
22
-96
-85
23
102
60
-26
-57
-6
50
25
-50
18
99
34
-77
-111
18
144
98
-65
-146
13
135
60
-75
-87
17
98
69
-57
-72
-22
44
94
0
-74
-50
27
29
-20
-13
16
12
10
-16
-19
27
5
-53
-9
65
58
-39
-120
-29
123
108
-36
-106
-14
80
33
-17
-30
42
84
1
-76
-35
63
90
3
-80
-57
57
104
6
-69
-74
32
98
24
-76
-69
4
75
20
-75
-58
54
64
-55
-125
-20
110
81
-57
-116
-34
74
48
-40
-81
-12
44
32
-38
-47
5
6
13
28
4
-48
-16
31
22
-4
1
2
2
-4
22
13
-33
-12
0
44
33
-13
-52
-13
53
34
-19
-38
-28
24
7
-23
-31
28
40
-37
-70
-38
15
67
30
-58
-91
-20
65
61
-27
-106
-69
62
117
-2
-106
-53
41
110
47
-88
-81
45
97
-1
-86
-10
123
90
-69
-162
-18
177
115
-89
-129
0
134
95
-73
-118
-3
120
78
-47
-90
-42
58
75
1
-59
-35
26
25
-7
-11
-12
-4
33
15
-9
-12
-30
-40
4
74
37
-62
-75
18
76
67
-51
-81
20
92
14
-73
-49
63
144
24
-112
-94
53
129
63
-85
-100
9
105
77
-44
-95
-14
75
60
5
-83
-88
19
95
44
-73
-48
35
-5
-66
-44
66
84
3
-111
-95
37
108
16
-104
-61
44
40
-10
-36
-30
6
32
30
9
-6
-58
-29
53
78
11
-83
-30
99
39
-80
-92
50
113
23
-76
-67
50
73
-28
-44
16
39
-6
-55
-29
18
34
-4
-36
-26
0
3
-26
-25
20
30
-22
-69
-46
39
59
-4
-74
-47
66
68
-52
-96
-1
90
68
-33
-68
-45
45
68
2
-19
11
36
7
-46
-34
42
102
32
-99
-91
75
130
16
-121
-76
72
129
13
-92
-115
-14
137
121
-66
-158
-12
102
69
-49
-106
11
98
40
-53
-68
5
10
-2
22
22
-13
-38
-33
41
75
25
-67
-53
33
59
0
-52
20
108
41
-67
-68
25
104
65
-52
-87
-4
116
76
-64
-108
-9
90
76
-8
-102
-69
54
81
-13
-71
-22
52
22
-73
-67
27
104
13
-94
-79
20
93
30
-90
-97
2
100
29
-48
-73
-7
73
38
-28
-39
-10
3
24
22
-27
6
21
29
1
-57
-34
38
72
-19
-32
12
11
-24
-6
16
55
1
-59
-59
4
66
0
-46
-8
44
5
-94
-60
53
85
-15
-127
-83
54
130
19
-120
-120
34
116
50
-72
-84
6
101
52
-37
-64
12
51
9
-47
4
93
58
-56
-114
3
132
77
-60
-101
8
131
46
-73
-91
24
137
37
-89
-80
26
66
26
-48
-42
37
33
-23
-28
-2
26
-3
-14
-20
11
32
-7
-41
-23
25
47
6
-57
-39
28
63
6
-50
-22
46
23
-31
-27
42
111
28
-101
-84
56
153
23
-90
-95
28
104
71
-21
-98
-67
63
100
24
-117
-87
47
107
-13
-108
-24
55
37
-103
-63
63
98
0
-132
-81
61
116
-4
-140
-85
82
112
-17
-118
-59
31
86
19
-20
-40
-29
27
42
9
-14
-20
27
38
-7
-40
-28
28
26
-6
8
48
-30
-68
3
75
45
-24
-82
-42
15
39
29
-9
-37
-10
3
-42
-22
21
40
-12
-60
-54
-1
71
44
-71
-108
17
117
53
-82
-112
18
96
78
-26
-75
-18
70
19
-57
-13
97
90
-54
-112
-20
114
107
-44
-108
-9
92
59
-24
-45
2
8
7
3
13
-4
-18
-32
28
41
-2
-29
-33
12
5
-15
0
17
32
-21
-38
-4
1
0
7
17
-3
-22
-43
17
66
43
-34
-25
12
-10
4
22
27
41
1
-37
-3
36
52
17
-34
-43
-8
63
72
-9
-77
-52
48
67
27
-46
-90
-21
59
55
-40
-63
6
18
-33
-36
34
52
-15
-58
-68
10
72
27
-48
-74
-1
46
25
-13
-58
-33
26
70
27
-42
-66
-15
63
42
-6
-17
-18
14
17
8
-11
-27
-4
10
33
15
-33
-34
5
70
42
-43
-80
-30
23
15
19
23
-14
-51
-33
-2
7
-1
-10
-10
-21
-55
-9
40
60
-34
-102
-38
70
86
-20
-99
-47
51
118
22
-84
-61
46
66
-7
-23
29
55
5
-42
-46
25
94
26
-71
-61
35
102
53
-60
-104
2
120
75
-60
-110
-26
101
92
-30
-95
-42
38
61
1
-39
-30
5
42
48
-19
-54
-34
-4
53
30
-33
-48
2
61
40
-18
-35
17
28
-15
-43
2
68
87
14
-67
-68
42
99
49
-22
-65
-42
53
98
4
-76
-68
13
103
62
-70
-106
-18
83
46
-12
-56
-39
22
0
-30
-27
38
42
-26
-109
-39
95
84
-66
-132
-23
95
56
-31
-95
-34
74
88
-2
-108
-65
47
96
2
-84
-19
62
32
-8
-31
-6
-22
21
28
7
12
-22
-45
18
60
67
-34
-121
-78
82
96
-23
-87
-36
56
58
-71
-128
-9
124
84
-93
-151
-31
127
89
-76
-161
-7
144
98
-83
-154
-3
146
89
-55
-98
-21
91
66
-70
-61
82
112
-9
-132
-82
139
173
-11
-164
-85
100
137
20
-135
-54
92
112
-7
-101
-62
32
73
44
-32
-71
-21
60
48
-32
-80
-6
90
27
-69
-58
48
48
-39
-49
33
49
-12
-79
-29
71
92
2
-94
-33
73
47
-25
-44
40
78
11
-62
-45
50
93
19
-57
-43
31
81
-7
-73
-30
45
66
9
-86
-59
32
69
2
-85
-19
73
34
-121
-105
66
131
17
-115
-93
23
92
43
-85
-85
6
64
37
-43
-58
-9
21
46
29
-44
-77
-6
88
54
-28
-71
-7
78
40
-51
-54
0
49
43
20
-17
-46
-25
46
72
0
-90
-47
45
39
-21
-68
-2
77
72
-42
-147
-85
81
134
25
-135
-126
12
111
66
-78
-120
11
121
50
-78
-66
18
54
50
14
-17
-20
-8
-21
10
46
70
6
-74
-21
27
36
30
4
-15
-33
13
74
28
-46
-67
29
93
27
-78
-79
23
86
53
-62
-97
0
66
53
-25
-71
-34
53
54
-10
-47
-36
-11
16
37
21
-23
-52
-29
30
73
2
-49
-30
55
41
-28
-66
13
109
67
-62
-91
-17
86
87
-7
-66
-48
48
75
21
-31
-57
-2
33
34
16
-48
-77
12
69
18
-50
-22
13
-24
-54
13
70
14
-65
-85
-2
97
43
-84
-112
22
103
21
-70
-69
12
54
38
-24
-41
-10
15
17
-1
18
26
-15
-26
27
22
-20
-31
7
60
23
-20
-44
-1
28
40
-14
-41
-28
-5
11
29
-18
-45
32
69
-29
-122
-52
70
87
-9
-86
-95
19
79
60
-42
-90
-48
53
109
11
-87
-102
15
114
108
-31
-133
-40
104
62
-15
-14
16
27
-7
-55
-17
79
89
-37
-108
-7
116
92
-81
-104
31
106
48
-68
-93
-13
73
78
-15
-69
-30
18
28
14
-49
-31
38
37
-4
-50
-26
23
26
22
-21
-14
-10
3
-14
1
55
26
-18
-23
-24
11
37
10
17
28
21
-15
-47
-10
93
97
-42
-119
-17
129
104
-55
-137
-42
127
125
-39
-163
-77
125
96
-48
-108
-1
69
-5
-99
-42
70
99
-14
-119
-84
41
115
26
-99
-104
17
99
60
-72
-124
-11
130
89
-87
-109
-10
80
79
-46
-43
13
34
23
-23
-48
-13
32
42
-2
-4
-1
-6
-22
-3
38
23
-32
-41
1
27
-13
-36
4
57
0
-90
-79
19
85
46
-97
-134
-11
126
72
-48
-123
-75
68
161
26
-146
-124
63
155
52
-106
-73
33
42
16
6
19
26
2
-13
-32
-30
66
82
-28
-109
-6
135
82
-68
-88
-1
97
61
-55
-88
-22
79
100
-21
-118
-45
69
86
-32
-99
-28
77
74
-25
-75
0
22
-11
-2
23
19
-11
-61
-30
64
95
-18
-83
-7
63
34
-37
-41
68
139
5
-135
-75
123
144
0
-141
-92
70
150
48
-116
-101
32
115
78
-61
-139
-39
80
73
-34
-51
0
18
-29
-64
-17
72
57
-57
-100
-17
56
68
-32
-99
-25
80
55
-71
-98
-7
77
59
-33
-72
-29
38
82
15
-64
-47
48
66
-5
-59
-44
16
41
29
1
-4
-5
-42
-7
42
59
-10
-77
-70
33
96
-17
-89
-8
74
18
-85
-105
32
102
42
-108
-93
29
69
12
-57
-76
14
68
35
-35
-66
8
52
21
-1
5
4
15
0
-33
2
45
71
36
-62
-91
11
103
74
-43
-116
7
121
71
-53
-88
3
80
59
-23
-79
-16
37
67
0
-72
-29
30
44
0
-57
-49
30
64
20
-67
-42
27
24
-18
-1
37
-4
-72
-35
73
57
-7
-45
-2
49
10
-28
-17
63
85
-17
-94
-39
79
97
21
-66
-76
30
127
39
-69
-94
-11
93
52
-19
-71
-74
21
73
22
-36
-43
9
8
-37
-48
13
74
22
-60
-84
-23
83
74
-61
-108
-11
73
43
-25
-58
-47
42
89
20
-77
-93
36
113
39
-75
-65
35
68
2
-40
-26
4
37
25
-5
-27
9
18
-4
321
243
-530
-588
475
550
318
-521
-529
512
499
328
-563
-534
285
554
308
-609
-540
114
562
160
-383
-334
88
253
4
-193
-101
42
44
-24
-52
-23
21
-42
-80
-13
73
43
-55
-136
-57
70
76
-25
-120
-74
30
65
4
-57
-75
-34
50
33
-56
-95
-76
-2
84
22
-87
-91
-26
28
9
-36
-67
-62
30
58
-60
-119
-24
45
11
-58
-51
6
1
-65
-41
25
30
-20
-37
-54
-23
15
38
5
-24
-13
-29
-35
-25
32
55
13
-99
-112
34
128
5
-130
-102
45
103
-27
-132
-94
33
87
-27
-93
-50
28
-5
-85
-44
16
45
-28
-103
-60
14
37
0
-76
-80
-10
48
0
-65
-61
-2
41
0
-70
-59
22
50
-27
-58
-48
19
42
-14
-59
-29
7
15
-26
-47
29
31
-47
-100
-39
92
86
-93
-170
-38
134
78
-121
-144
9
117
-16
-164
-116
87
118
-60
-177
-58
80
75
-50
-137
-62
60
93
-15
-132
-69
38
54
-1
-47
-41
-1
14
-1
-40
7
62
30
-72
-88
-27
70
93
-29
-133
-41
115
83
-70
-146
-26
109
71
-58
-97
-28
24
47
-15
-48
-32
-3
-9
-38
-11
8
0
-20
-30
0
30
-15
-72
-59
62
54
-52
-102
-13
84
34
-51
-55
10
48
-36
-60
-5
62
90
-3
-112
-95
83
174
-15
-162
-98
63
144
33
-107
-112
-9
76
41
-34
-62
-57
5
33
-11
-49
-7
19
-57
-91
-24
78
69
-55
-120
-57
30
86
8
-110
-89
28
52
-16
-54
-42
-10
31
37
-2
-71
-62
13
50
21
-41
-32
15
17
-16
-61
-18
18
18
2
1
1
-28
-30
-18
20
9
-19
-32
-42
2
24
-29
-22
-3
11
-44
-94
-17
61
30
-58
-74
-18
15
22
-6
-48
-51
-14
53
29
-68
-60
-12
59
74
-18
-110
-30
84
39
-62
-31
78
76
-54
-108
-37
99
68
-47
-68
14
74
17
-44
-57
-12
73
46
-38
-70
-35
12
57
38
-39
-81
-44
45
61
1
-82
-92
52
136
-25
-138
-70
57
81
-12
-63
-17
7
-9
-16
3
20
35
1
-49
-53
14
55
28
14
-1
-22
-26
0
60
47
-20
-84
-44
77
76
-27
-92
-49
44
64
10
-68
-72
-23
34
25
6
-33
-42
-27
-25
-13
31
-16
-17
-16
-35
-28
26
18
-35
-57
-24
29
34
-43
-53
-7
26
48
7
-83
-76
44
104
-5
-109
-38
84
69
-19
-109
-68
71
81
-6
-31
-27
0
-14
11
15
-4
-11
-28
-26
8
18
-17
-37
-13
41
-15
-87
-74
29
107
3
-125
-100
25
93
30
-62
-108
-23
97
84
-68
-109
-45
84
112
-7
-121
-35
70
38
-40
-26
51
81
-13
-121
-55
84
137
16
-135
-96
71
146
19
-101
-106
27
135
60
-81
-132
-22
108
74
-58
-78
11
58
-19
-66
-28
16
48
38
-43
-80
5
20
1
-3
23
8
-26
-55
-9
66
65
-49
-78
6
65
23
-50
-11
104
73
-83
-115
33
140
64
-78
-129
-10
126
107
-51
-125
-40
74
113
23
-139
-137
42
139
22
-112
-74
65
55
-74
-95
12
94
24
-87
-92
13
84
25
-97
-70
17
82
24
-86
-106
27
124
36
-90
-92
9
88
63
-60
-100
23
118
41
-79
-104
14
72
53
-43
-49
19
38
-6
-52
-24
50
46
-37
-100
-17
78
4
-49
-34
22
14
-74
-63
19
75
18
-110
-105
17
117
56
-104
-142
-11
136
104
-62
-152
-45
114
126
-22
-130
-26
102
44
-50
-34
65
59
-29
-74
-34
71
72
-14
-108
-20
142
97
-90
-148
-3
156
109
-90
-149
1
92
68
-41
-65
-30
46
45
-1
-33
-47
-23
37
51
-14
-40
8
-7
-38
6
68
10
-75
-67
37
94
28
-72
-45
55
58
-31
-79
33
132
44
-108
-87
46
109
41
-46
-49
-26
36
81
21
-98
-82
61
118
22
-115
-92
29
74
16
-49
-36
-1
3
-53
-49
29
66
25
-81
-98
11
101
29
-108
-92
34
76
-6
-57
-23
12
14
3
18
-5
-35
-21
17
30
3
-21
-16
7
63
11
-63
-56
25
84
63
-48
-103
-38
96
83
-16
-86
-58
19
61
3
-46
-29
31
31
-32
-66
-31
25
67
-28
-80
-56
2
77
61
-52
-106
-38
85
82
-26
-111
-47
95
112
-26
-94
8
80
-18
-84
6
120
76
-86
-114
11
118
57
-29
-50
-13
41
46
21
-24
-54
-4
62
57
-25
-65
-38
27
66
3
-53
-26
9
11
15
-16
-31
-10
25
8
-24
-28
-10
21
32
-14
-48
-22
24
27
-11
-14
-15
16
50
-31
-40
4
59
86
19
-78
-90
21
117
79
-34
-109
-52
85
119
13
-111
-93
25
123
63
-79
-117
-19
59
58
-21
-60
-22
30
-11
-48
-7
40
25
-22
-56
-42
26
64
-11
-87
-60
34
100
14
-97
-96
24
127
50
-66
-102
-26
110
82
-47
-88
-10
77
43
-34
-69
11
62
11
-25
-4
6
-22
-22
21
42
14
-53
-48
24
73
-25
-74
3
60
1
-98
-81
34
115
29
-103
-120
-24
116
117
-75
-180
-51
142
149
-67
-153
-48
116
114
-7
-100
-55
60
88
-10
-58
-2
81
47
-67
-111
27
138
76
-101
-123
39
166
51
-106
-125
46
172
58
-119
-158
6
167
94
-89
-173
-21
137
81
-58
-86
-24
40
77
-7
-64
-23
4
6
8
20
-1
-41
-52
35
71
13
-47
-35
41
40
-20
-33
8
81
77
-21
-105
-43
94
121
-2
-95
-86
62
138
40
-98
-132
24
142
76
-90
-166
-22
143
91
-80
-104
7
70
0
-91
-85
90
123
-18
-172
-101
130
147
-34
-185
-64
109
121
-38
-141
-37
72
97
16
-88
-88
32
87
26
-57
-56
25
93
28
-84
-73
30
92
27
-54
-47
0
43
1
-31
-4
39
10
-69
-46
43
51
-21
-59
-22
32
3
-78
-61
66
102
-73
-131
-28
91
95
-41
-144
-61
110
116
-6
-128
-70
36
132
49
-91
-51
56
35
-50
-48
86
110
-25
-131
-48
117
117
-21
-112
-33
91
91
-21
-93
-30
67
88
1
-87
-59
22
84
27
-62
-32
1
28
14
-18
-16
-23
8
67
10
-66
-38
13
36
19
-22
-14
-1
3
0
-4
25
21
0
5
-2
-4
-8
17
71
58
-20
-100
-24
118
108
-26
-110
-59
71
120
33
-98
-119
39
155
48
-119
-134
18
124
31
-70
-59
23
46
-61
-72
18
86
25
-94
-86
28
82
8
-95
-47
36
42
13
-31
-55
-31
37
46
9
-26
-34
-13
28
30
16
-21
-1
3
14
-15
-17
9
28
10
9
-24
-63
6
59
39
1
-34
-36
21
12
-11
-68
-14
60
51
-36
-141
-55
77
94
1
-104
-100
9
115
69
-84
-124
-16
127
91
-68
-131
-20
84
81
12
-38
-19
-3
-3
10
17
40
29
-12
-42
-36
13
72
55
-44
-71
32
96
32
-69
-61
45
88
-3
-63
-45
-9
48
61
-4
-57
-40
37
56
-2
-82
-59
46
96
30
-78
-67
-8
24
31
24
-4
-40
-35
14
48
23
6
-36
-27
21
32
2
-11
11
56
53
-41
-84
7
101
85
-16
-126
-22
99
69
-31
-82
-27
70
88
-17
-94
-68
28
80
1
-29
-10
-20
-27
-41
20
46
7
-34
-89
-35
75
95
-32
-138
-45
86
83
-27
-95
-52
59
95
8
-78
-82
27
109
53
-71
-84
24
94
33
-69
-77
25
88
28
-25
-30
1
-2
-8
14
32
11
-14
-33
-44
-2
33
16
12
-46
-48
-18
9
-18
-18
23
15
-42
-73
-5
95
50
-87
-135
7
175
79
-117
-165
9
187
111
-107
-161
39
154
37
-91
-47
81
82
-59
-104
5
118
97
-56
-130
-4
141
84
-70
-99
-18
102
90
-32
-93
-65
41
97
31
-77
-109
23
120
20
-100
-77
41
100
17
-84
-50
6
15
9
36
18
-32
-68
-16
79
60
-22
-58
1
63
8
-26
-19
41
64
19
-44
-54
19
101
83
-52
-134
-7
139
90
-63
-132
-19
118
107
-39
-130
-85
65
113
21
-99
-53
77
28
-91
-71
61
108
-28
-120
-44
67
70
-25
-87
-24
48
54
-4
-83
-61
33
115
56
-79
-127
-22
114
81
-51
-80
-5
88
55
-43
-63
-7
52
14
-32
7
13
-29
-20
29
44
-11
-46
-27
5
21
-5
-18
2
1
-7
-14
-67
-69
68
99
-3
-150
-117
79
161
29
-188
-135
96
180
34
-156
-119
78
155
28
-120
-58
71
58
-44
-47
62
73
-18
-62
-11
42
54
-2
-36
-46
37
71
27
-52
-43
10
61
42
-8
-47
-42
9
51
31
-42
-48
19
37
-14
-28
-19
34
35
-14
-36
-14
30
-12
-38
22
42
5
-57
-35
51
55
11
-40
-5
50
15
-57
-41
96
155
2
-155
-94
108
140
20
-93
-68
34
101
48
-54
-87
-23
80
77
-20
-79
-48
6
41
9
-6
-15
-9
-26
-34
-9
41
33
-26
-88
-64
48
94
2
-107
-87
54
106
5
-97
-88
50
89
24
-49
-58
-23
37
54
18
-31
-39
-14
49
44
-34
-54
7
43
5
8
3
-31
-39
4
77
43
-55
-76
1
50
-3
-29
18
32
-37
-100
-28
53
59
-10
-97
-58
20
66
32
-36
-77
-46
74
88
-37
-85
-37
39
63
57
-5
-63
-24
48
51
-18
-38
15
74
19
-57
-33
21
62
35
-23
-30
18
33
-3
-17
-6
4
36
33
-23
-48
-7
66
27
-40
-44
4
40
2
-30
-26
12
26
29
6
-45
-20
17
-12
12
16
-16
-32
-11
14
28
36
10
-16
-29
-18
35
63
17
-13
-7
22
-8
22
27
-8
15
-8
-32
9
83
47
-72
-92
39
88
32
-67
-102
3
64
30
-48
-35
14
8
-49
-49
18
67
7
-53
-46
-1
41
12
-62
-47
16
46
16
-51
-42
27
57
14
-43
-48
-4
37
43
-20
-47
-2
67
47
-12
-84
-47
69
70
-21
-35
-12
5
22
30
-16
-8
-14
-5
0
11
-19
-23
15
-2
-15
-10
-51
-30
43
76
-7
-127
-91
41
122
27
-116
-93
29
99
59
-77
-116
8
117
91
-33
-105
-29
84
43
-54
-42
59
81
-3
-88
-53
96
138
-29
-160
-45
129
128
-41
-132
-44
111
123
-21
-136
-47
90
79
-18
-75
-38
59
37
-25
-59
-5
55
31
-21
-52
-27
30
20
-23
-24
45
45
-37
-85
2
95
51
-27
-57
-14
50
31
-12
0
66
58
-49
-109
2
142
103
-49
-133
-26
134
114
-68
-136
-19
128
89
-71
-98
-37
45
68
2
-46
-21
33
-9
-99
-42
69
81
-7
-95
-86
40
125
4
-121
-83
54
108
34
-95
-127
8
151
71
-84
-124
-11
88
88
-28
-81
-24
66
67
1
-61
-56
29
55
11
-20
-11
-18
-30
9
61
46
-11
-117
-35
85
61
-50
-94
12
82
7
-106
-99
49
123
8
-112
-99
23
91
67
-74
-133
-7
126
78
-69
-100
-28
57
88
16
-68
-48
49
39
-24
6
43
47
-23
-85
-19
102
101
-36
-141
-20
127
90
-61
-102
15
99
56
-21
-88
-54
54
88
3
-66
-58
26
53
-36
-49
-1
45
31
-7
-32
-12
19
-36
-35
67
64
-37
-96
-26
88
82
-32
-91
-1
72
30
-42
-31
62
86
25
-64
-87
27
101
64
5
-92
-85
59
157
29
-141
-101
81
141
13
-142
-110
61
115
0
-82
-44
25
4
-26
-43
-1
54
17
-51
-69
-11
89
29
-59
-71
-5
61
21
-40
-33
6
14
21
17
-31
-74
3
116
34
-73
-59
9
83
58
-32
-97
-52
64
120
36
-94
-117
29
128
68
-76
-114
16
70
24
-61
-49
44
45
-22
-74
-48
18
43
53
-16
-99
-77
32
69
41
-47
-85
-15
56
66
13
-65
-68
21
84
60
-48
-40
-19
25
42
30
2
0
1
-16
-16
18
45
32
-36
-25
34
56
4
-41
-19
14
52
38
-23
-61
-54
39
97
26
-96
-82
42
96
0
-100
-36
57
72
-17
-85
-26
31
35
13
-16
-38
-19
1
35
27
-9
4
11
-3
-10
-20
4
35
83
42
-73
-74
25
88
71
-31
-88
-41
63
91
2
-58
-65
27
64
32
-44
-71
-35
33
36
5
-12
-21
-20
-31
-28
6
55
19
-51
-73
-19
57
40
-55
-80
-6
85
28
-63
-80
0
88
50
-25
-68
-32
36
60
17
-45
-40
33
64
28
-79
-80
47
100
-1
-71
-14
62
14
-40
-9
62
22
-61
-63
11
50
10
-30
-52
11
38
-26
-66
-15
76
48
-78
-116
2
108
71
-74
-115
-14
100
44
-43
-91
-18
88
92
-14
-94
-28
79
47
-56
-51
89
95
-43
-110
-20
104
102
-22
-116
-50
111
121
-33
-140
-40
120
130
-30
-127
-72
61
116
42
-108
-124
57
122
37
-121
-117
49
143
58
-93
-116
34
69
6
-45
-10
42
4
-43
-27
40
60
15
-35
-31
6
42
17
-1
40
26
-19
-32
9
68
43
0
-70
-58
68
116
32
-104
-116
14
161
102
-84
-178
-45
114
107
-23
-115
-28
65
0
-78
-30
74
59
-46
-102
-30
81
75
-71
-119
17
94
49
-75
-94
-1
90
90
-39
-125
-60
89
146
-18
-145
-64
118
156
-42
-168
-69
92
116
-34
-78
22
51
2
-42
-5
18
20
-6
-26
-26
3
1
14
8
-17
-41
-40
-17
30
8
-38
-37
-2
-1
-5
25
10
-52
-69
-3
88
64
-73
-117
14
135
77
-90
-82
35
59
-11
-14
27
38
9
-51
-55
54
108
28
-97
-69
77
102
-13
-85
-29
81
97
-13
-103
-53
51
64
-11
-53
-13
27
26
-25
-23
-24
15
25
26
-2
-29
1
-18
-25
41
77
-20
-102
-49
83
112
-33
-95
10
92
41
-67
-67
70
109
32
-65
-62
22
78
59
-32
-57
-16
54
67
6
-66
-35
11
42
22
-17
-29
-22
-28
2
43
43
-24
-87
-54
28
54
30
-35
-60
-18
22
17
-2
-32
-14
8
0
0
12
-15
-46
-36
41
72
-19
-89
-29
66
75
-8
-42
-23
22
43
-2
-61
-43
21
44
44
26
-47
-68
-2
53
65
-6
-77
-54
12
48
9
-27
-9
1
-29
-24
-41
-4
42
35
-49
-87
-30
67
49
-32
-92
-21
79
58
-26
-64
-35
53
73
34
-52
-54
7
42
36
-11
0
16
17
-7
-19
17
24
27
5
-23
8
20
16
8
-33
-22
46
77
-14
-81
-63
40
92
20
-39
-68
-23
66
57
-57
-92
28
102
32
-90
-63
21
60
19
-20
-22
0
-9
-13
-2
44
19
-29
-23
40
48
-25
-51
41
102
22
-100
-71
69
146
52
-122
-131
47
152
70
-98
-141
10
130
74
-80
-111
-19
55
27
-8
-7
-3
-31
-57
-11
50
16
-16
-21
-10
-35
21
55
-22
-88
-47
69
100
-10
-132
-82
96
145
15
-129
-127
49
140
53
-70
-83
12
92
63
-45
-110
-37
98
79
-17
-40
-25
-5
24
14
21
17
-18
-69
-9
71
20
-50
-56
5
60
-23
-82
-36
57
76
-27
-109
-75
63
115
-6
-119
-76
69
106
11
-80
-87
28
123
77
-63
-108
-22
96
79
-25
-46
31
60
-4
-69
-25
81
58
-23
-107
-15
137
69
-63
-114
7
135
81
-68
-128
-41
100
126
-11
-139
-76
86
106
-27
-104
-48
36
80
26
-65
-59
5
25
26
5
-32
-25
1
25
7
7
-12
11
15
-6
-37
17
52
48
22
-29
-31
-8
34
71
31
-41
-75
-5
105
65
-51
-104
1
89
66
-50
-111
-5
66
40
-37
-59
32
47
-38
-115
-1
141
48
-107
-119
15
112
66
-80
-125
-9
110
83
-68
-143
-14
134
60
-76
-96
28
72
24
-38
-6
30
33
6
-16
-57
-35
49
62
-9
-31
21
39
-47
-46
32
57
12
-70
-49
15
26
-12
2
34
-19
-50
-36
-34
-9
54
39
-59
-98
-23
81
83
-51
-136
-52
113
110
-31
-104
-50
57
103
29
-91
-57
54
68
-24
-46
42
90
-5
-96
-49
62
102
48
-88
-81
27
109
45
-50
-66
-12
78
74
-30
-83
-57
53
107
18
-85
-60
31
61
3
-64
-49
35
70
14
-42
-30
-3
-12
18
24
35
-38
-80
-6
98
68
-23
-59
-5
62
35
-25
-34
40
94
29
-84
-92
51
145
65
-109
-116
51
151
52
-99
-113
17
119
65
-48
-106
-31
71
41
-11
-31
-21
-25
-33
0
51
45
-56
-86
-2
39
30
-35
-48
8
9
-11
-4
3
-15
-26
-4
21
29
-12
-47
-8
35
11
-25
12
41
13
-43
-33
-10
4
32
21
-17
-12
14
1
-42
8
59
11
-56
-44
5
22
-9
-24
7
22
14
-52
-102
-36
101
88
-57
-139
-57
90
119
-27
-125
-73
71
101
7
-71
-72
1
98
100
-35
-119
-45
75
102
10
-45
-5
51
1
-42
2
39
44
-9
-63
12
113
45
-73
-94
31
114
63
-71
-108
-10
88
92
-30
-106
-33
64
60
-19
-74
-19
59
74
-12
-81
-49
37
38
0
-11
3
1
-34
-19
27
46
14
-32
-21
18
47
1
-48
26
94
35
-62
-71
45
110
19
-65
-56
14
70
61
0
-75
-69
43
98
15
-75
-90
5
70
21
-25
-21
-10
-15
-55
-8
37
40
-9
-71
-62
37
71
-10
-67
-22
14
31
12
-50
-53
5
55
43
-36
-66
-20
53
71
-6
-53
-17
38
55
-15
-85
-32
71
53
-12
-14
13
-16
-34
-4
46
63
-30
-75
-29
31
36
-27
-17
0
5
-40
-29
-3
0
27
12
-36
-75
-28
86
85
-72
-150
-5
150
71
-78
-122
11
124
65
-78
-88
39
97
1
-57
-8
60
62
-27
-95
-38
107
105
-33
-96
-4
105
68
-73
-104
12
123
75
-67
-119
-4
88
70
-42
-95
-9
67
49
-43
-96
-10
67
71
-15
-78
-17
27
10
-34
5
32
21
-30
-58
-19
70
77
-9
-43
-16
22
0
-41
42
131
25
-114
-107
81
188
50
-130
-145
41
182
96
-95
-181
-18
159
125
-75
-175
-23
116
72
-61
-92
17
59
-19
-77
-38
65
71
-25
-105
-30
87
63
-69
-115
11
120
54
-96
-107
9
80
67
-12
-72
-42
13
62
48
-40
-53
-3
84
40
-47
-79
-8
78
30
-36
16
22
-54
-30
21
75
31
-49
-85
-19
66
45
-60
-54
28
58
-20
-113
-63
83
103
-28
-155
-70
93
116
-42
-137
-48
108
93
-46
-102
-34
50
83
20
-72
-32
56
53
-37
-48
47
101
0
-81
-56
37
73
28
-27
-42
-11
50
57
-8
-54
-21
48
66
5
-78
-69
40
95
42
-91
-86
46
92
4
-84
-59
31
75
31
-47
-54
14
16
0
-9
15
0
-38
-17
52
46
-18
-46
29
50
2
-36
-29
57
116
21
-102
-77
61
127
35
-97
-58
49
70
34
-39
-34
-12
19
24
11
-11
-53
-35
21
33
-4
-19
-2
-37
-63
-16
62
72
-11
-106
-95
57
133
28
-123
-126
33
131
51
-111
-147
2
146
101
-46
-124
-45
85
87
-23
-68
-9
41
37
-7
-60
-33
31
73
1
-12
-14
-16
-19
20
52
-2
-51
-21
33
31
-42
-57
23
76
6
-103
-102
32
112
13
-122
-70
48
73
-16
-52
-28
-12
46
32
4
-20
-39
-22
48
59
20
-34
-21
-11
8
37
38
32
9
-65
-54
43
92
39
-56
-47
36
84
21
-78
-55
36
75
22
-17
-45
-23
21
54
21
-41
-55
6
58
23
-47
-39
-10
29
38
21
-52
-44
-3
37
27
-2
-25
-33
-2
27
26
17
10
2
-26
-45
31
63
46
-8
-19
2
-8
21
37
20
5
-35
-31
35
78
5
-69
-47
20
60
26
-39
-75
-35
33
59
16
-41
-52
-18
-8
-12
2
50
20
-71
-66
15
70
0
-89
-66
35
84
15
-88
-83
40
97
43
-42
-91
-59
54
106
13
-82
-43
65
67
-27
-84
-9
81
32
-65
-9
76
2
-86
-47
92
110
-28
-135
-82
87
129
-36
-117
-60
93
74
-98
-139
37
133
43
-119
-141
-8
142
82
-101
-159
9
163
62
-99
-103
30
88
12
-55
15
52
-6
-74
-13
99
97
-35
-109
-48
96
110
-10
-82
-61
36
128
75
-73
-166
-46
191
179
-65
-205
-80
106
162
25
-154
-98
46
113
36
-109
-112
49
133
31
-82
-72
28
36
-13
-20
18
47
-14
-93
-27
108
96
-34
-112
-14
78
53
-40
-59
66
108
23
-81
-81
62
120
35
-84
-88
66
111
42
-84
-102
13
103
49
-44
-101
-22
42
32
17
-16
-29
-42
-52
7
76
34
-64
-77
7
36
47
-6
-85
-42
41
62
25
-83
-103
15
134
74
-85
-119
-18
114
82
-59
-101
7
79
43
-40
-64
11
53
-2
-30
40
46
-56
-97
19
141
59
-129
-135
55
137
5
-129
-35
93
57
-77
-138
-34
101
102
-48
-144
-33
76
44
-19
-52
-37
26
44
16
-37
-71
-8
70
56
-5
-45
-23
23
30
-3
12
34
3
-40
-16
32
42
8
-6
-22
-8
62
56
-35
-66
-15
91
98
-37
-140
-70
117
110
-17
-100
-51
59
46
-29
-51
1
50
27
-19
-20
-3
21
-38
-40
20
53
20
-60
-42
52
44
-1
-20
6
15
6
-15
0
45
69
0
-63
-23
29
54
32
8
-26
-45
15
88
50
-59
-107
16
108
51
-72
-96
0
82
29
-26
-66
-17
37
-1
-47
-30
22
39
-2
-64
-64
51
76
-39
-92
-24
63
47
-30
-83
-20
54
65
12
-87
-67
49
114
2
-95
-55
53
100
15
-75
-79
27
94
37
-13
-53
-46
25
60
46
-28
-79
-42
43
54
-28
-61
2
52
37
-54
-124
-52
93
104
-5
-138
-116
41
148
65
-110
-143
-20
112
82
-51
-91
-34
52
98
40
-41
-76
-37
67
72
11
-11
-24
-22
6
41
58
-2
-38
-52
5
106
93
-46
-138
-30
116
130
-34
-119
-58
51
75
19
-42
-39
-3
9
-3
10
10
-14
-8
31
26
-75
-49
33
46
-3
-11
19
-11
-60
-6
52
58
12
-63
-27
23
27
-19
13
62
32
-21
-43
-6
46
71
24
-67
-71
41
118
30
-93
-99
37
115
38
-74
-90
-38
58
52
-29
-55
20
19
-57
-38
22
39
16
-36
-69
-17
65
55
-63
-135
-17
138
72
-78
-118
-38
101
125
1
-139
-94
94
150
-21
-161
-36
147
107
-79
-152
11
156
65
-86
-80
35
62
5
-55
-31
56
73
-41
-95
-22
80
22
-31
-26
13
29
-51
-82
-3
65
47
-64
-87
-25
72
84
-30
-134
-36
102
90
-47
-99
-40
51
81
38
-29
-34
-13
20
33
4
-3
27
39
-30
-51
11
79
28
-56
-47
52
62
9
-55
-39
39
76
38
-68
-89
15
88
52
-71
-103
45
82
-1
-95
-45
55
68
-9
-66
-20
32
8
-34
-19
47
29
-20
-34
-20
32
43
3
-40
2
23
10
-12
11
67
47
-38
-83
0
82
91
5
-85
-70
51
118
59
-93
-124
21
125
56
-60
-92
-17
36
21
-1
-7
2
-13
-85
-41
74
109
-21
-138
-63
95
117
-21
-155
-93
97
136
1
-164
-105
88
133
15
-75
-62
-3
63
65
-36
-69
2
80
20
-42
-33
9
37
9
-43
-2
65
7
-92
-23
94
69
-54
-103
-26
74
66
-57
-90
1
72
43
-110
-136
15
167
88
-162
-174
8
159
102
-126
-160
18
143
77
-88
-127
2
100
76
-43
-55
16
31
-12
-34
25
94
47
-87
-110
38
141
38
-77
-90
45
125
33
-87
-67
49
110
22
-73
-48
18
43
-2
-42
1
56
13
-67
-34
52
41
-8
-52
-5
70
16
-62
-65
-7
79
64
-31
-71
-36
31
52
39
-1
-47
-13
28
42
1
-30
43
76
10
-52
-66
20
114
72
-51
-109
16
133
80
-101
-137
28
124
48
-70
-77
-21
28
36
-9
-11
20
-14
-77
-48
50
75
-1
-94
-66
35
94
12
-87
-90
11
91
21
-59
-74
-2
73
23
7
-27
-48
-8
29
22
-10
-1
-14
-19
42
16
-22
-33
12
35
7
-6
-26
-19
25
18
-4
-13
-20
0
17
-21
-19
-19
2
31
17
-70
-83
-3
80
35
-47
-90
-30
63
79
-28
-111
-53
58
95
5
-85
-66
30
93
56
-56
-53
-1
52
27
-12
12
26
12
-16
-19
7
46
51
-18
-52
19
64
36
-49
-36
24
64
46
-53
-90
-1
93
68
-39
-101
-32
73
107
-34
-134
-63
126
125
-45
-153
-58
99
85
-9
-59
-40
18
45
-18
-18
23
26
5
7
-9
-22
-1
27
56
52
-10
-55
-40
46
98
42
-69
-78
7
105
81
-56
-111
-18
112
82
-62
-121
-41
75
54
-20
-42
-1
9
-38
-54
20
54
18
-65
-55
12
53
46
-57
-91
-54
69
90
-1
-104
-73
41
83
69
-22
-108
-54
53
69
25
-46
-13
52
22
-42
-35
-3
37
21
3
-1
-6
-17
-13
19
43
13
-46
-49
10
46
-10
-46
8
22
17
-50
-78
-7
77
46
-72
-93
-25
76
70
-25
-109
-68
76
101
-16
-100
-53
59
77
7
-48
-3
43
-4
-28
6
59
59
-43
-82
-8
79
67
-1
-64
-87
64
150
46
-130
-123
55
169
65
-107
-149
9
118
66
-52
-103
18
59
-20
-52
1
45
17
-57
-23
39
64
-26
-97
-27
83
79
-11
-124
-58
82
117
4
-119
-44
82
75
-6
-85
-14
134
98
-67
-154
16
178
96
-102
-152
9
150
117
-69
-155
-10
145
87
-85
-160
7
135
39
-113
-90
79
114
-84
-167
15
177
72
-138
-155
18
155
64
-117
-151
18
134
70
-86
-129
6
102
71
-8
-91
-56
44
80
-3
-50
1
13
25
16
-8
-22
-28
12
53
24
-12
-21
-40
-14
71
56
-18
-76
-54
10
70
34
-51
-61
16
67
-30
-107
-35
66
72
-30
-104
-60
38
101
3
-99
-69
57
98
-8
-95
-65
57
98
13
-62
-27
65
24
-57
-41
66
107
-1
-120
-60
89
126
12
-119
-82
72
137
9
-85
-73
51
110
28
-76
-60
5
37
56
8
-56
-52
32
49
-5
-62
-40
43
85
-9
-96
-52
69
57
-25
-43
-11
16
-11
-13
30
50
-15
-46
15
51
-1
-35
-16
50
89
52
-80
-90
13
141
88
-82
-123
3
128
101
-59
-118
-23
92
72
-19
-67
-61
-4
26
41
18
-25
-55
-44
-7
42
28
-29
-14
-4
-28
6
30
-9
-56
-36
11
38
15
-44
-52
3
84
49
-35
-93
-51
69
79
-21
-69
-27
67
86
-28
-116
-26
105
80
-51
-71
-16
27
32
32
-15
-38
-9
-1
12
-19
-42
5
41
-7
-36
-25
-31
-22
31
32
5
-85
-80
27
110
28
-115
-80
36
81
26
-22
-67
-32
44
78
25
-31
-38
-3
27
17
40
23
-20
-47
3
72
46
7
-47
-50
19
79
73
-44
-109
-18
139
92
-52
-116
-28
73
61
-3
-69
-36
54
34
-22
-67
-15
62
40
-30
-33
-6
3
-14
8
36
16
-43
-45
5
54
45
-21
-37
26
27
-15
-20
-4
57
76
8
-58
-47
14
64
70
-2
-84
-38
53
96
23
-91
-78
27
111
39
-67
-98
-28
41
64
10
-43
-55
-30
6
32
8
4
-11
-51
-52
14
87
-1
-104
-74
51
118
-1
-119
-80
60
121
31
-97
-97
7
99
50
-67
-75
36
87
27
-79
-66
42
88
12
-80
-17
61
33
-35
-62
25
91
8
-85
-53
37
70
-3
-72
-31
63
-4
-108
-74
72
122
-10
-160
-111
85
165
7
-179
-122
97
190
1
-182
-113
107
154
13
-114
-54
72
59
-13
-38
20
56
32
-50
-45
30
83
21
-56
-65
45
114
11
-89
-56
45
91
31
-52
-84
-9
65
57
-11
-55
-48
22
47
-12
-52
-42
43
79
10
-71
-56
20
34
-6
-1
1
-17
-7
-22
13
58
35
-54
-50
38
69
-17
-53
25
106
72
-73
-115
21
131
86
-64
-111
4
114
93
-45
-117
-35
95
82
-20
-95
-35
40
45
-23
-48
14
38
-35
-63
-11
51
52
-14
-80
-82
17
136
31
-153
-118
96
172
-19
-182
-95
117
153
-1
-108
-82
14
102
41
-73
-69
47
116
30
-105
-90
49
96
20
-55
-17
16
4
-20
-2
56
56
-60
-110
-12
106
53
-74
-81
24
82
-3
-164
-110
120
180
-20
-201
-107
86
147
-13
-133
-72
53
96
13
-67
-71
-4
94
61
-48
-33
24
20
-23
-25
58
82
-17
-97
-52
79
110
-13
-86
-31
47
77
9
-35
-34
3
49
36
1
-47
-40
-2
34
33
-20
-24
-1
1
4
-21
-27
-1
40
40
-19
-79
-32
44
64
-5
-40
-34
6
22
10
4
-4
-11
21
50
-12
-51
-27
82
117
8
-109
-85
73
141
34
-83
-63
13
76
44
-23
-68
-25
74
50
-9
-74
-50
10
42
22
-6
5
-13
-28
-43
4
40
27
-24
-55
-45
33
71
-13
-119
-72
74
110
-7
-108
-67
57
84
13
-55
-49
2
29
30
-13
-15
2
52
21
-73
-62
35
79
24
-66
-22
76
51
-70
-68
46
81
-1
-76
-53
27
45
-6
-27
-6
7
-10
-47
-66
31
74
18
-97
-113
32
122
56
-119
-142
24
144
74
-91
-134
11
118
93
-50
-94
-11
62
34
-6
24
52
0
-84
-50
60
116
31
-82
-92
35
119
66
-66
-110
-2
111
82
-45
-96
-21
59
73
9
-51
-69
14
56
17
-56
-27
24
46
8
-32
-53
-17
38
24
-27
-36
19
39
-31
-58
53
125
22
-147
-121
77
187
24
-125
-60
131
122
-64
-143
-14
148
119
-78
-163
-8
173
112
-105
-160
15
172
76
-129
-147
19
112
40
-68
-41
12
13
-35
-52
33
84
-20
-113
-46
50
90
-7
-111
-85
29
124
61
-83
-139
-3
162
77
-89
-143
-17
117
93
-30
-97
-32
75
114
-6
-138
-74
81
128
16
-79
-56
25
64
-13
-36
22
43
-23
-66
-3
66
20
-57
-73
29
74
-29
-122
-42
117
94
-65
-143
-55
96
111
-44
-134
-46
82
90
-23
-93
-29
64
73
-8
-41
1
25
8
-10
4
56
55
-38
-97
-31
103
119
3
-156
-90
136
180
-16
-183
-93
138
159
-25
-156
-81
49
145
39
-96
-107
34
112
27
-95
-87
31
112
28
-101
-71
44
67
-32
-53
17
50
-6
-63
-28
64
80
-11
-62
-22
47
52
-8
-24
35
53
0
-66
-46
76
115
7
-96
-60
67
106
9
-76
-104
27
131
37
-60
-76
-16
21
20
17
8
7
-77
-78
25
114
47
-75
-132
-15
101
68
-72
-107
-4
70
44
-19
-75
-37
49
51
12
-32
-39
-34
39
69
2
-47
-25
44
46
-38
-39
-16
39
17
-11
20
33
-41
-76
18
94
40
-68
-106
31
91
-10
-108
-54
97
86
-49
-172
-70
117
131
-22
-155
-113
78
137
-8
-130
-85
48
83
14
-69
-65
12
66
29
-12
-28
24
2
-31
-9
70
81
-10
-104
-59
58
117
44
-66
-108
-3
156
95
-89
-144
-13
146
125
-35
-123
-83
52
101
64
-71
-101
10
79
27
-49
-36
-6
25
48
18
-37
-68
-14
55
32
-2
-15
-24
-11
19
25
19
-12
-13
24
19
-9
-22
0
66
98
-12
-136
-43
119
122
3
-91
-59
62
115
20
-94
-84
21
100
65
-47
-87
-41
33
52
16
-7
-41
-74
-30
37
84
4
-84
-61
7
61
26
-37
-63
-11
25
22
11
-48
-57
10
33
22
13
-38
-60
14
96
28
-75
-55
30
76
40
-66
-112
12
120
65
-56
-80
-14
62
48
-13
-40
8
13
-42
-50
19
61
9
-61
-27
15
-7
-60
-39
42
87
-21
-114
-80
58
110
-4
-122
-78
54
117
48
-105
-99
29
132
60
-63
-84
1
71
43
-8
-6
5
16
-19
-21
27
53
8
-42
-40
65
83
0
-79
-52
34
104
65
-54
-100
-34
97
91
-10
-133
-58
106
112
-49
-145
-53
118
133
-37
-172
-60
98
120
-12
-119
-24
83
30
-72
-57
70
94
-2
-57
-30
27
16
20
53
46
-20
-72
-28
82
106
0
-88
-68
25
119
48
-56
-85
-24
72
62
-3
-85
-62
22
42
24
-8
-33
-36
-50
-9
49
54
-6
-59
-58
-7
64
36
-62
-63
13
63
16
-40
-70
-5
70
41
-4
-66
-53
48
70
8
-53
-17
33
52
6
-76
-46
50
96
-5
-61
-13
17
20
9
0
23
-13
-22
-44
-12
68
4
-73
-18
67
45
-90
-133
7
148
76
-119
-158
3
156
63
-84
-139
-24
113
78
-28
-96
-45
58
100
23
-66
-40
14
20
22
27
16
8
-12
-39
-15
60
45
-1
-73
-31
73
81
-21
-79
-27
69
70
0
-59
-60
9
72
26
-36
-68
17
67
6
-78
-45
53
58
-20
-54
-24
15
22
-28
10
50
-3
-63
-57
27
79
20
-39
-25
22
44
3
-54
-11
87
67
-21
-66
-14
59
78
12
-68
-80
51
131
31
-109
-89
44
95
43
-56
-101
-15
54
40
-40
-48
44
36
-60
-89
31
104
15
-109
-90
37
124
41
-129
-131
59
130
38
-101
-98
31
99
33
-61
-60
-17
63
56
-24
-37
4
27
20
11
-6
-37
-9
26
7
7
29
-12
-56
-15
73
79
-49
-104
-48
59
84
1
-62
-73
11
84
-9
-110
-78
70
96
-29
-119
-59
67
122
-26
-161
-78
95
116
13
-96
-80
40
101
41
-46
-49
-2
21
32
16
15
6
-40
-6
15
49
48
-19
-95
-38
108
86
-34
-68
3
67
34
-41
-24
8
-5
-16
28
29
-29
-9
18
8
-16
-42
-5
20
30
21
-41
-30
6
20
19
-12
-6
-7
-13
-4
23
18
-4
9
8
-3
0
-1
-2
44
65
13
-44
-46
26
84
31
-56
-58
38
92
49
-45
-98
-27
56
72
11
-63
-70
-7
58
43
3
-41
-59
-36
36
53
-2
-71
-30
26
31
-17
-22
-19
-13
0
8
8
9
-33
-37
-44
35
84
16
-92
-85
28
121
28
-70
-57
44
84
-20
-84
-53
83
96
-11
-69
-59
15
76
21
-23
-40
-30
0
16
6
-20
-31
17
34
-4
-79
-70
25
70
41
-73
-113
3
86
69
-53
-132
-38
93
89
-20
-87
-45
38
67
33
-24
-30
10
15
12
-1
37
37
-26
-32
10
60
17
-10
-5
-12
12
59
22
-21
-50
-10
64
72
-38
-101
-21
77
85
2
-89
-61
42
70
-4
-63
-41
48
68
12
-55
-58
12
46
13
-25
-8
-1
-26
-13
40
57
17
-73
-46
53
77
-20
-52
7
104
65
-65
-96
11
140
92
-87
-150
10
151
79
-66
-101
-21
79
63
-34
-61
-44
11
47
14
-10
-29
-15
-29
-31
-8
57
44
-74
-113
-5
115
54
-84
-120
-8
116
108
-63
-157
-56
104
120
5
-106
-88
25
123
53
-90
-92
28
102
45
-69
-90
11
90
25
-53
0
38
-20
-37
10
91
33
-90
-89
21
103
12
-96
-67
66
98
-44
-149
-80
111
137
-28
-164
-123
86
159
12
-171
-121
97
129
1
-92
-46
36
39
24
-13
-20
-5
3
19
15
36
45
-23
-74
-31
88
107
-13
-106
-55
97
136
-5
-117
-90
60
138
72
-97
-163
-1
158
83
-65
-128
9
93
13
-68
-53
17
52
37
-26
-49
-2
5
-20
17
21
3
-18
-47
2
65
22
-18
-40
16
40
8
-32
-1
45
59
4
-35
-53
14
80
61
-19
-84
-21
91
100
-47
-120
-31
101
71
-36
-86
-51
62
53
-45
-42
30
49
-46
-96
-1
109
51
-100
-132
16
154
78
-131
-149
39
146
82
-123
-176
-16
152
119
-38
-146
-65
90
111
-9
-86
-42
45
90
25
-73
-90
2
92
77
-12
-74
-57
40
62
2
-23
-14
-14
-3
-16
-1
1
-19
15
32
-2
-87
-93
13
99
58
-77
-118
-35
60
103
-13
-123
-66
53
92
19
-65
-48
25
30
7
4
29
12
-64
-31
71
70
8
-74
-38
54
50
5
-16
1
-10
11
47
23
-24
-53
-5
97
65
-66
-140
0
119
84
-59
-114
-22
80
62
-8
-84
-46
26
91
31
-58
-80
-20
61
64
4
-57
-54
-3
41
45
0
-23
-7
32
16
-7
-36
-17
78
87
-16
-76
-20
52
67
40
-37
-56
-13
51
57
21
-44
-53
21
45
18
4
-44
-95
-12
82
94
-17
-115
-99
20
103
69
-72
-114
-37
73
81
-13
-94
-71
27
103
30
-75
-104
-22
58
56
33
-42
-68
4
66
43
-32
-66
-7
79
60
-47
-108
-33
103
68
-12
-35
-10
1
3
15
22
7
-34
-37
-21
32
43
-8
-48
-18
49
5
-106
-75
68
99
-14
-115
-77
33
71
47
-43
-90
-37
78
99
-23
-96
-88
64
155
51
-91
-103
5
86
79
9
-43
-12
-6
6
25
33
30
-2
-64
-29
91
94
-43
-105
-33
90
108
3
-127
-67
36
85
49
-32
-96
-22
96
59
-91
-108
42
110
41
-92
-51
33
-14
-17
27
42
-8
-54
-44
30
67
33
-17
-55
-16
42
35
10
-5
17
41
-10
-39
-18
31
100
55
-84
-122
32
145
61
-101
-129
5
164
94
-131
-198
-7
172
99
-84
-124
18
46
-25
-57
29
70
-27
-90
-37
58
95
-36
-124
-44
94
107
-35
-142
-74
91
124
12
-125
-72
35
113
41
-102
-72
73
102
6
-101
-75
41
117
52
-70
-75
19
62
23
-72
-24
66
50
-55
-79
5
57
20
-34
-43
24
21
-41
-88
-8
100
67
-93
-170
-22
159
129
-115
-187
0
188
113
-128
-176
26
164
78
-85
-101
32
65
0
-50
14
123
21
-96
-57
61
118
1
-114
-73
77
141
24
-105
-103
20
140
74
-75
-108
-20
82
63
-25
-55
-27
25
49
-3
-58
-79
44
104
35
-105
-85
41
76
-11
-37
-6
21
-12
-44
18
63
25
-53
-21
44
34
-37
-42
45
121
66
-105
-148
51
179
77
-77
-123
-4
115
108
-63
-119
-15
116
86
-62
-102
-25
44
43
-31
-13
41
4
-66
-75
17
74
55
-51
-95
-43
35
106
40
-126
-99
44
124
25
-119
-100
19
110
52
-47
-66
-33
56
41
-16
-31
0
29
16
-13
-31
6
28
14
-7
21
8
-28
-31
-10
47
84
-47
-113
-36
62
75
-30
-86
-12
89
7
-130
-73
79
103
-26
-139
-71
68
99
-19
-119
-39
81
49
-40
-67
10
36
23
-5
20
19
-11
-56
-9
60
79
21
-46
-64
2
77
47
1
-58
-55
40
98
10
-49
-42
8
64
37
-17
-72
-10
41
38
-8
-33
-6
31
-18
-13
-9
-8
9
37
22
-39
-46
5
19
9
4
9
2
-15
-48
6
60
44
-21
-44
29
42
-6
-18
5
65
50
-22
-50
-25
62
84
33
-64
-105
42
135
47
-92
-83
31
93
28
-77
-87
5
68
42
-29
-31
-12
-52
-23
40
26
-3
-24
-42
-26
30
64
-8
-122
-69
89
108
4
-123
-102
36
112
59
-45
-93
-28
55
59
-12
-35
-33
25
61
11
-61
-46
31
79
10
-42
-25
-20
14
37
11
-19
23
4
-72
-56
46
77
1
-62
-49
12
16
-38
-32
2
45
7
-75
-62
33
103
-12
-125
-54
101
122
-31
-148
-58
94
128
-8
-88
-43
60
49
-19
-40
73
62
-32
-77
-22
66
94
5
-99
-66
102
111
-12
-113
-42
87
108
-5
-102
-90
41
147
55
-98
-123
4
129
87
-109
-146
30
133
43
-72
-93
14
79
4
-65
-49