#4
369
-53
-210
88
401
219
-141
-145
180
379
150
-162
-128
227
388
83
-220
-91
296
355
30
-205
-4
297
239
-52
-109
108
283
107
-156
-86
291
378
-14
-277
-9
372
309
-107
-211
144
414
153
-253
-137
318
453
38
-372
-114
424
453
-42
-332
-73
401
424
-24
-300
-28
357
302
-68
-181
106
337
167
-135
-119
190
295
83
-114
-16
206
188
-28
-79
126
278
117
-140
-98
184
323
123
-161
-117
198
313
94
-113
-53
197
239
38
-81
78
228
112
-80
13
241
237
-25
-159
46
306
249
-46
-181
50
316
229
-94
-156
132
324
138
-158
-161
187
376
148
-206
-156
196
335
117
-143
-65
169
178
35
-17
72
137
24
-51
69
210
164
-86
-136
128
302
114
-164
-118
219
317
14
-269
-41
329
343
-39
-271
-56
293
305
0
-204
-23
253
221
-66
-136
113
251
63
-164
-64
219
254
-21
-225
-42
280
287
-65
-244
-26
267
204
-81
-169
84
239
83
-146
-84
198
267
-28
-212
-26
280
202
-77
-127
56
188
56
-106
1
231
155
-123
-166
118
337
128
-190
-190
127
325
142
-149
-171
111
284
117
-174
-149
167
326
75
-230
-128
201
308
35
-199
-78
184
197
-19
-99
50
186
72
-97
-79
145
219
12
-142
-44
197
209
8
-122
-20
190
182
-35
-114
58
186
113
-69
-54
129
203
42
-130
-22
223
204
-56
-169
11
248
180
-95
-136
126
274
27
-255
-84
333
328
-99
-337
-29
364
305
-144
-307
35
327
169
-152
-125
139
198
-22
-142
45
222
108
-96
-113
77
170
63
-53
-26
119
108
-44
-94
71
214
112
-129
-141
81
231
139
-94
-133
69
189
64
-92
-50
120
132
-17
-108
41
172
59
-118
-87
103
190
38
-112
-109
57
159
76
-95
-87
70
149
11
-104
-1
141
100
-64
-109
29
147
115
-26
-110
-29
111
126
12
-33
19
17
-5
21
86
91
9
-93
-59
145
199
0
-188
-68
157
210
9
-178
-52
179
195
-50
-219
-18
264
201
-98
-228
-9
210
142
-50
-91
40
112
-5
-60
20
127
67
-67
-63
79
169
52
-105
-100
90
211
115
-110
-116
53
168
96
-45
-44
73
104
-7
-56
68
165
48
-121
-67
137
179
-10
-110
4
152
87
-104
-112
123
265
65
-238
-177
169
318
77
-229
-181
98
241
117
-103
-134
14
149
107
-21
-62
27
67
28
-17
0
35
49
6
30
18
-14
-29
46
134
69
-49
-98
-19
133
160
1
-130
-59
106
138
24
-88
-54
88
88
-22
-55
4
85
12
-65
-8
79
97
-37
-113
-46
74
100
-2
-69
-19
37
37
9
-6
35
23
-10
-42
-8
56
83
44
-37
-88
-34
87
132
36
-89
-125
25
168
104
-56
-97
-19
66
97
34
-43
-27
8
35
18
21
11
8
36
39
-17
-47
-4
73
108
-1
-92
-49
49
105
32
-21
-31
0
33
22
-1
23
24
23
-10
-6
38
68
56
-18
-67
28
140
71
-81
-88
67
136
88
-48
-57
47
63
27
-12
19
82
22
-37
15
77
48
-44
-31
90
71
-76
-90
92
206
44
-172
-148
102
256
86
-176
-199
65
238
111
-92
-171
-26
163
125
-44
-109
11
116
46
-76
-47
31
89
49
-31
-50
-13
26
64
57
8
-21
-3
9
36
56
16
-36
-54
39
109
12
-76
-32
58
57
-32
-42
19
50
-15
-63
-33
80
106
-40
-133
-47
107
95
-19
-78
-35
17
29
5
12
1
-28
-17
15
3
-10
29
84
20
-84
-100
24
140
102
-53
-169
-51
152
148
-31
-131
-51
81
89
38
-17
-55
-25
28
76
37
-51
-44
27
84
45
-66
-78
22
103
103
-36
-137
-50
92
129
21
-101
-89
29
104
52
-21
-24
-23
4
34
75
57
-33
-78
-2
113
110
-30
-86
-33
88
96
12
-31
20
57
18
-37
-3
77
66
-6
-57
-22
83
68
16
-37
-3
11
-11
-3
57
90
33
-99
-105
48
166
110
-106
-179
11
171
118
-28
-139
-67
75
126
21
-89
-33
70
77
-28
-103
-15
101
91
-11
-108
-45
53
96
46
-41
-48
-4
28
44
21
3
4
0
12
-9
-9
35
27
8
-45
-34
35
56
-5
-80
-54
60
84
33
-73
-111
-24
81
72
-25
-81
-27
46
18
-19
0
-1
-10
-8
12
-19
-27
43
71
14
-71
-106
25
131
81
-58
-141
-43
116
131
-27
-109
-49
49
73
42
-7
-36
-32
5
31
21
5
-7
13
31
-10
-29
-27
35
91
25
-78
-76
4
65
55
20
-52
-73
-12
68
87
-25
-74
-9
64
38
-20
8
31
9
-29
-23
71
109
-1
-105
-39
98
113
19
-72
-12
74
13
-22
11
56
34
-55
-64
58
105
38
-34
-26
-27
1
27
59
101
-28
-132
-78
88
172
64
-124
-156
13
165
113
-39
-135
-79
84
140
30
-92
-97
20
101
53
-37
-64
0
54
54
-9
-85
-31
80
104
29
-71
-74
-10
72
87
9
-61
-60
31
80
1
-43
5
32
-2
-29
-23
24
41
-49
-79
25
111
9
-99
-74
34
49
-9
-37
-3
-9
-29
18
19
-4
-37
-14
-8
12
10
-22
1
58
17
-47
-110
-19
163
112
-89
-197
-53
163
160
-45
-152
-64
97
116
14
-71
-69
11
45
20
-23
-20
16
23
-5
1
7
-14
-13
22
60
8
-62
-92
1
126
83
-58
-129
-54
98
111
-7
-82
-35
40
47
-4
-2
21
6
-31
-9
62
70
-10
-71
-21
84
94
11
-55
-34
35
45
1
5
37
14
-16
-7
18
34
3
24
12
-24
-79
8
117
117
-37
-147
-75
75
172
77
-104
-177
9
151
109
-54
-110
-38
38
73
56
0
-71
-47
48
101
-12
-115
-44
113
125
-55
-166
-35
175
133
-75
-145
-18
95
67
-30
-38
27
31
-15
-30
10
55
15
-32
-39
-17
33
48
-17
-79
-37
49
75
1
-96
-61
7
34
19
5
-26
-40
-44
1
46
17
-44
-32
13
26
-27
-57
23
87
46
-91
-136
4
151
93
-63
-156
-65
83
150
31
-116
-87
7
83
61
10
-48
-60
-19
45
41
9
-38
-3
45
5
-29
-42
9
76
38
-65
-98
-1
83
67
-9
-75
-58
24
45
23
6
-21
-15
-10
11
34
28
27
-13
-56
-6
75
85
-8
-91
-33
76
101
12
-70
-1
41
12
-17
17
69
40
-52
-81
21
111
66
-49
-58
-15
19
6
29
90
40
-92
-135
36
179
102
-110
-179
-4
172
112
-80
-128
-17
76
70
8
-53
-42
13
61
40
-46
-100
-7
123
107
-55
-174
-41
137
140
-14
-130
-64
79
50
16
8
-16
-27
-12
8
22
40
3
-51
-31
-5
31
43
-9
-74
-69
47
107
3
-111
-97
7
63
22
-37
-28
6
12
-44
-28
32
33
1
-36
-46
-22
3
28
57
8
-80
-88
10
126
90
-67
-162
-55
127
148
-8
-177
-111
112
160
22
-113
-80
32
72
19
-24
-58
-4
28
50
8
-44
-59
6
99
58
-75
-96
-8
40
59
38
-53
-74
-12
66
51
-13
-44
-8
-3
29
33
-12
-15
22
-1
-24
33
65
3
-58
-44
66
123
18
-65
-32
36
26
-16
0
66
50
-47
-81
18
102
59
-39
-26
10
-21
-40
28
83
49
-23
-97
-73
104
176
2
-185
-90
111
153
1
-145
-79
64
102
18
-56
-33
21
38
20
-45
-49
28
68
18
-45
-54
7
54
52
0
-53
-27
22
48
18
3
-16
-11
-3
-2
2
18
30
-45
-61
7
73
45
-57
-80
-27
39
70
1
-72
-87
-26
45
38
-10
-36
-19
6
-25
-35
25
51
0
-63
-50
1
11
14
37
24
-34
-104
-74
116
162
-28
-213
-124
127
198
20
-177
-128
74
162
48
-97
-95
2
58
24
-28
-8
0
0
17
12
7
-44
-24
74
89
-39
-139
-62
68
108
44
-79
-101
9
70
34
-3
-38
-22
37
34
-26
-28
44
29
-47
-26
63
76
5
-69
-40
34
82
52
-7
-38
-24
23
41
33
18
-2
-19
-14
7
16
44
18
-4
-20
-37
-30
44
124
61
-122
-141
12
183
113
-77
-163
-34
116
121
-3
-118
-78
51
110
29
-58
-61
4
52
27
-32
-56
-20
74
70
-46
-96
-14
70
76
15
-48
-59
-17
33
98
37
-67
-55
6
39
6
-26
0
9
-12
-16
8
26
4
-43
-56
-17
65
56
-31
-114
-95
49
112
13
-101
-68
19
63
13
-51
-47
8
24
-28
-47
-4
42
62
7
-92
-77
9
110
49
-63
-99
-12
63
53
10
-55
-33
7
23
12
13
-2
-36
-29
24
33
1
-25
-6
13
4
-8
1
0
-6
31
32
-28
-93
-53
88
137
-19
-155
-77
97
108
3
-84
-57
21
63
32
-15
-9
7
-9
-19
22
84
28
-78
-69
59
129
35
-55
-55
3
37
35
17
2
3
-17
-4
35
14
6
32
31
-14
-70
-50
59
138
44
-128
-139
27
178
142
-85
-210
-67
137
183
2
-159
-112
46
143
71
-83
-93
-6
94
50
-41
-100
-7
101
89
-56
-130
-15
91
85
24
-71
-48
2
38
62
13
-51
-43
7
32
16
-12
-18
-6
12
-27
-38
34
52
-1
-92
-58
64
82
-30
-119
-62
30
57
13
-17
-31
-52
-54
8
99
62
-98
-125
27
101
3
-102
21
94
-6
-144
-91
111
170
9
-174
-145
52
193
76
-134
-153
13
132
93
-63
-113
-3
72
30
-29
-42
-22
32
62
21
-65
-68
3
89
50
-46
-87
-54
36
84
34
-37
-92
-39
56
62
-3
-58
-6
36
30
-32
-19
68
43
-73
-55
63
120
14
-104
-77
84
132
42
-61
-56
1
40
36
-6
15
44
3
-51
-19
41
56
21
1
-17
-57
-39
51
108
56
-78
-137
-14
156
149
-58
-186
-88
110
179
34
-122
-133
20
136
83
-61
-123
-36
108
107
-43
-148
-50
147
123
-52
-150
-45
109
93
15
-68
-52
22
27
24
26
7
-23
-56
-10
48
37
-10
-24
-43
-31
28
58
15
-58
-91
-13
87
72
-80
-142
-43
104
83
-33
-70
-38
-13
23
5
0
-17
-24
2
6
5
-46
-45
49
99
-23
-157
-99
104
174
31
-193
-152
89
165
37
-107
-88
18
66
45
-35
-43
13
16
-37
-20
27
49
-2
-21
-4
-9
-2
-10
19
35
8
-52
-86
28
72
37
-38
-63
-26
25
39
-4
0
7
-6
0
-7
9
44
29
-37
-55
31
97
54
-53
-133
-2
151
127
-22
-123
-46
61
84
38
-2
-35
-15
-15
22
44
22
9
-20
-1
-7
-18
-2
76
82
-37
-132
-51
104
178
12
-200
-136
92
196
63
-147
-158
58
171
46
-105
-76
14
72
14
-44
-34
17
49
43
-20
-85
-57
59
112
33
-78
-64
14
56
35
-8
0
-11
-41
-19
33
35
4
-54
-38
16
36
42
-9
-74
-81
29
76
22
-69
-70
-6
5
-4
23
29
-24
-75
-55
41
65
-12
-59
-51
34
16
-43
-37
43
100
-32
-148
-84
92
174
37
-174
-197
52
245
113
-155
-214
0
179
140
-69
-152
-62
56
106
26
-78
-72
35
107
31
-98
-107
28
135
77
-80
-129
-37
74
75
-12
-34
-22
-19
-2
17
35
14
-19
-44
-11
56
49
19
-22
-61
-31
70
114
20
-106
-66
64
124
44
-62
-56
24
38
24
0
23
11
-18
13
13
5
-24
3
80
37
-73
-114
22
167
106
-100
-174
-56
168
210
-25
-220
-138
103
203
54
-141
-136
13
140
74
-63
-101
-6
86
52
-29
-75
-47
73
117
8
-162
-102
84
181
63
-111
-127
7
76
69
-2
-71
-29
48
20
-27
-13
34
27
-48
-64
-23
68
45
-71
-71
-5
66
42
-41
-88
-46
35
48
2
-41
-38
-12
-3
-28
-4
36
12
-32
-53
-47
12
24
55
38
-60
-115
-36
108
102
-22
-102
-94
15
124
79
-53
-115
-76
89
155
22
-158
-80
59
86
-3
-68
-24
34
72
17
-66
-83
16
92
53
-32
-102
-59
34
60
55
-12
-66
-52
33
64
7
-39
-19
11
-8
-20
35
59
28
-51
-55
36
90
32
-38
-69
-1
106
82
-13
-87
-17
55
54
-4
-28
16
45
-1
-17
-11
15
46
43
7
-90
-68
53
121
85
-94
-148
-19
122
151
3
-144
-133
46
163
82
-106
-142
-3
98
73
-18
-35
-28
-13
23
49
-14
-63
-5
70
71
-55
-105
-15
102
90
-13
-80
-40
-2
43
75
14
-74
-62
39
66
19
-28
-56
-13
-7
2
39
35
-12
-81
-71
18
112
66
-112
-146
-8
113
70
-59
-101
-38
36
36
5
-16
-44
-21
23
18
-42
-45
31
90
7
-118
-111
70
158
50
-144
-160
26
182
96
-117
-162
-12
107
110
-6
-88
-68
0
73
51
-53
-88
7
118
53
-79
-115
-3
103
81
-26
-87
-78
-3
80
69
1
-90
-71
41
65
19
-38
-27
-6
2
28
14
23
-7
-20
8
26
33
30
-23
-41
1
67
64
-13
-43
-11
43
36
-30
7
51
29
-48
-29
23
54
13
10
10
-40
-90
-1
151
136
-103
-191
-22
171
167
-36
-193
-96
101
159
15
-92
-61
17
48
31
-14
-25
-5
15
3
6
-10
-42
16
68
20
-56
-88
17
99
92
-58
-103
-11
61
45
21
-33
-36
9
11
-10
-5
43
27
-33
-67
-38
55
89
-39
-134
-47
100
81
-34
-109
-56
19
73
14
-47
-16
-22
-25
-13
12
26
4
-39
-34
-5
-9
-2
41
50
-21
-114
-74
57
171
51
-158
-173
18
163
124
-48
-171
-69
78
117
53
-93
-106
3
65
40
-1
-38
-27
12
52
9
-66
-33
64
76
-33
-104
-36
47
48
-2
-10
-12
-6
-2
-14
9
30
1
-28
-8
5
30
32
28
-8
-56
-1
51
63
9
-66
-25
55
75
51
-21
-63
-38
58
87
12
-50
-25
33
24
-12
4
63
42
-58
-72
-5
79
79
16
-65
-99
-23
110
126
-3
-143
-102
49
148
51
-68
-104
-28
73
105
2
-102
-62
52
95
-3
-95
-47
59
82
-1
-70
-51
22
62
56
-23
-55
-33
0
55
57
1
-41
-66
-1
61
39
-20
-44
-26
-3
18
13
-14
-3
-36
-58
4
47
36
-29
-72
-52
7
70
13
-77
-58
29
41
-34
-39
31
42
-50
-72
-41
38
97
22
-82
-94
-8
73
62
37
-82
-123
-24
115
137
-39
-166
-65
95
133
14
-102
-94
11
104
56
-62
-86
-21
115
81
-67
-129
-20
121
97
-29
-109
-84
30
91
52
-23
-75
-55
17
74
34
-30
-50
-19
20
37
22
-6
2
2
-4
3
37
54
-6
-67
-25
81
84
1
-52
-26
36
41
22
-14
6
24
8
-2
-12
-11
25
67
17
-75
-65
42
89
78
-42
-123
-72
77
170
71
-123
-193
-15
189
154
-41
-208
-105
123
158
7
-118
-84
73
83
-13
-80
-35
55
60
5
-36
-51
-18
39
81
54
-50
-97
-32
69
106
-14
-90
-40
11
57
56
-13
-46
-32
19
12
0
4
-10
-31
-55
3
60
21
-55
-79
-27
30
50
-4
-49
-38
-10
-1
22
12
-32
-30
-23
14
-2
-18
8
68
32
-96
-135
10
159
90
-108
-196
-33
180
163
-56
-188
-89
83
160
29
-113
-101
15
99
46
-46
-65
-9
50
72
-25
-103
-36
82
93
-16
-104
-62
28
71
25
-25
-37
-25
8
14
6
6
10
-15
-19
1
24
32
12
-15
-55
11
97
60
-31
-73
-31
41
89
58
-28
-78
-46
65
124
33
-67
-59
21
59
16
-67
4
91
56
-72
-120
10
139
126
-29
-165
-115
101
205
80
-173
-185
31
173
138
-55
-177
-62
98
125
13
-113
-81
47
125
16
-111
-96
53
137
47
-116
-115
27
130
74
-51
-72
-21
14
56
44
-19
-52
-1
5
35
24
-12
-31
-1
-8
-14
-9
10
30
-26
-85
-4
66
45
-47
-91
-46
24
75
24
-68
-87
-7
59
9
-50
-21
27
22
-33
-78
-35
82
122
-5
-163
-144
49
204
123
-140
-232
-37
198
163
-53
-168
-97
63
149
41
-112
-99
-6
105
78
-44
-103
-29
88
91
-29
-105
-63
53
128
27
-109
-128
61
128
0
-81
-29
14
27
-11
17
35
-20
-63
-20
70
66
-34
-43
0
30
14
20
30
-5
-37
-8
42
61
33
-15
-33
-16
5
58
62
-7
-68
-17
82
37
-58
-17
82
48
-62
-118
-3
140
150
-47
-199
-103
137
206
23
-188
-129
62
166
50
-79
-109
-25
65
89
15
-63
-46
49
42
6
-69
-55
36
97
51
-62
-122
-29
107
109
6
-96
-73
7
81
83
-14
-73
-38
18
51
22
-27
-36
9
24
-36
-34
17
54
-35
-101
-46
86
85
-30
-140
-78
70
122
-10
-132
-69
55
71
-42
-62
-6
44
13
-58
-69
14
65
82
-14
-106
-118
4
152
100
-64
-175
-100
104
200
41
-158
-143
15
147
97
-74
-134
-30
91
90
-42
-91
-1
70
69
-38
-123
-18
93
79
-14
-77
-56
-15
39
69
25
-40
-73
-34
52
36
-6
-15
-7
8
2
2
28
28
-19
-51
-21
86
84
-17
-106
-47
95
118
14
-75
-56
47
64
7
-4
18
-5
-25
13
49
11
-27
11
57
2
-78
-35
72
125
3
-132
-111
65
189
71
-136
-172
6
185
126
-73
-147
-36
99
83
-33
-78
13
45
30
-33
-49
-13
29
49
16
-35
-71
-21
73
96
26
-86
-87
9
85
77
-29
-98
-15
63
56
-17
-59
-13
30
31
-43
-54
19
43
-26
-91
-34
89
84
-27
-123
-76
48
77
-3
-90
-59
46
45
-30
-49
-19
30
23
-36
-53
-22
58
70
-10
-101
-92
24
137
85
-94
-163
-75
130
190
-14
-176
-97
81
134
1
-83
-55
20
62
10
-48
-39
18
44
36
-17
-69
-72
47
139
40
-106
-116
5
72
44
20
-32
-83
-34
38
67
16
-29
-45
-11
16
67
26
-13
-24
-10
2
32
51
3
-35
-46
8
74
103
13
-95
-77
49
102
48
-41
-64
-9
69
69
-32
-56
42
105
-19
-157
-64
157
199
-40
-209
-122
87
226
91
-150
-199
-2
200
142
-67
-171
-58
71
103
30
-64
-62
12
60
46
-9
-108
-32
104
99
-50
-124
-23
75
77
1
-40
-32
-6
22
32
10
-21
-27
0
34
9
5
1
-33
-26
-7
-5
41
11
-62
-67
2
51
50
-4
-84
-96
-16
101
75
-57
-114
-46
59
57
-4
-77
-48
41
52
-35
-104
-14
129
96
-103
-205
-15
209
151
-74
-221
-115
113
184
41
-130
-135
14
119
97
-44
-116
-58
59
83
-14
-71
-10
48
46
-16
-43
-25
20
53
36
-53
-75
-42
49
78
30
-55
-73
-17
55
49
-1
-46
-32
5
59
23
-9
1
12
-17
-28
38
78
14
-65
-58
53
102
43
-39
-72
5
84
42
-34
-23
40
32
-6
-32
-11
59
45
-21
-41
-36
-11
72
113
-4
-127
-106
56
166
108
-99
-182
-42
134
135
-4
-131
-81
42
109
63
-59
-86
1
90
51
-91
-114
25
139
64
-88
-138
17
113
89
-26
-110
-23
46
38
13
-15
-30
-8
24
6
-26
28
29
-6
-39
-36
7
13
16
-39
-65
-5
59
46
-33
-89
-45
35
56
2
-52
-54
-14
26
32
-23
-52
-35
56
27
-91
-88
65
161
26
-178
-165
43
182
119
-98
-197
-73
140
156
-6
-128
-108
28
126
44
-77
-69
10
62
21
-30
-20
-4
19
12
16
-27
-55
-11
75
67
-32
-89
-60
41
70
33
-37
-93
-15
85
51
-31
-63
7
26
10
-1
8
36
3
-48
-17
61
59
12
-47
-41
23
68
43
16
-41
-37
30
65
4
-25
1
51
16
-51
-32
69
70
10
-65
-97
-16
114
148
18
-176
-138
57
203
120
-114
-194
-39
142
153
-12
-135
-102
38
141
38
-80
-69
29
70
22
-42
-83
1
79
42
-19
-64
-30
27
70
63
-20
-65
-63
-4
108
82
-46
-97
-59
62
101
15
-70
-61
17
21
-24
-9
21
-5
-40
-36
9
46
6
-68
-69
-4
60
31
-33
-84
-21
49
10
-38
-36
16
53
-7
-95
-88
77
145
12
-153
-126
10
148
108
-38
-160
-100
82
165
44
-124
-132
-11
121
86
-26
-91
-54
35
68
0
-62
-8
13
52
3
-59
-38
22
61
39
-41
-78
-48
27
90
57
-49
-108
-44
72
73
-4
-61
-25
23
15
3
13
36
6
-54
-36
34
105
39
-74
-93
12
115
95
-15
-99
-17
71
52
-11
-23
-5
29
19
-2
-16
30
53
30
-39
-96
-21
86
130
26
-112
-126
21
147
115
-51
-158
-64
75
157
57
-137
-134
30
129
66
-36
-87
-27
59
66
4
-70
-74
40
114
22
-112
-95
36
140
79
-72
-114
-22
81
101
-8
-84
-55
28
49
34
-18
-31
-14
2
1
-2
-17
-1
-1
-10
0
-3
7
-7
-45
-40
6
29
-2
-42
-28
13
5
-31
-23
13
23
9
-43
-47
-20
33
91
35
-105
-162
-9
178
140
-64
-221
-91
133
188
21
-170
-144
50
148
75
-83
-115
-23
76
75
-17
-66
-39
48
84
-1
-86
-79
16
93
42
-20
-79
-80
42
85
27
-24
-78
-43
36
71
28
-50
-44
1
34
31
3
20
6
-39
-26
48
71
-11
-59
-25
39
89
44
-30
-39
3
26
14
5
9
18
17
9
-14
-23
16
69
54
-63
-107
8
98
114
7
-132
-126
28
180
119
-81
-163
-39
96
111
16
-80
-104
-11
87
71
-19
-72
-14
26
44
8
-42
-52
28
88
27
-93
-101
33
129
73
-71
-108
5
79
49
-19
-36
-28
4
26
6
-17
7
17
-16
-46
-40
33
77
-14
-91
-82
40
111
31
-105
-144
20
147
39
-108
-93
11
57
1
-27
-35
-12
39
33
-40
-95
-19
124
114
-81
-215
-77
176
176
-27
-193
-110
82
142
50
-81
-141
-34
102
113
-7
-117
-58
48
73
-1
-63
-32
48
49
5
-66
-58
38
84
41
-51
-78
-32
42
68
16
-34
-66
-33
23
69
44
-44
-84
13
48
14
-16
3
54
-2
-75
-22
95
106
-21
-113
-49
90
128
9
-78
-66
34
97
38
-46
-42
8
78
32
-79
-21
96
100
-34
-155
-71
113
176
40
-160
-168
34
207
147
-86
-209
-87
125
193
27
-166
-136
40
150
85
-76
-102
-4
43
56
19
-63
-86
24
124
53
-84
-141
-7
158
109
-53
-119
-52
53
72
37
-16
-52
-17
11
31
26
-6
-34
-27
-21
-6
21
46
9
-94
-91
44
94
11
-92
-86
-6
77
30
-51
-71
-10
29
14
-21
-14
4
27
1
-71
-61
24
100
65
-67
-161
-61
114
174
23
-204
-168
83
227
76
-174
-190
11
182
116
-90
-150
-25
101
79
-29
-67
-37
30
87
31
-75
-99
1
112
76
-53
-116
-61
65
117
16
-80
-79
10
75
14
-29
-13
10
-4
-48
30
79
27
-56
-73
4
85
62
-18
-64
-5
29
44
53
-8
-23
-48
18
80
56
-29
-46
14
52
10
-41
-18
41
94
26
-128
-122
72
212
89
-176
-226
6
270
185
-125
-252
-48
172
174
-12
-169
-126
40
176
71
-98
-127
29
115
33
-73
-82
8
87
65
-9
-85
-99
28
117
94
-31
-110
-46
23
91
75
-49
-70
-26
25
64
10
-17
-54
-25
-1
-6
41
48
-51
-86
-52
72
106
13
-116
-129
9
88
72
-32
-101
-43
27
46
15
-50
-71
10
61
11
-83
-57
87
117
-44
-172
-89
103
171
28
-163
-180
45
202
91
-138
-174
14
134
80
-46
-120
-12
108
49
-90
-99
30
122
24
-73
-65
16
34
8
26
2
-47
-47
-18
44
61
28
-54
-107
9
90
43
-39
-48
-8
27
27
-7
3
37
14
-32
-33
40
74
12
-79
-51
54
113
51
-49
-89
3
97
65
-23
-70
4
69
35
-37
-49
31
78
37
-88
-100
27
153
111
-88
-196
-43
184
189
-24
-208
-118
101
186
50
-158
-136
25
141
99
-60
-116
-22
68
80
-10
-100
-55
82
104
-34
-103
-16
55
51
26
-13
-46
-23
5
37
64
8
-62
-34
22
36
17
-25
-37
6
-2
-40
16
60
-5
-115
-56
74
97
-6
-115
-80
6
89
59
-69
-107
-20
67
44
-47
-58
-14
57
30
-52
-97
-10
112
84
-71
-173
-76
135
173
7
-167
-172
37
191
122
-98
-205
-72
148
163
-17
-136
-74
42
90
14
-65
-47
41
60
7
-42
-58
-14
42
53
16
-52
-75
-17
61
69
-6
-74
-55
29
47
37
-19
-38
1
17
1
-1
19
66
-10
-75
-16
102
96
-36
-129
-21
116
113
-12
-78
-60
40
87
11
-26
10
25
15
-6
-42
17
62
60
-25
-110
-52
86
132
64
-103
-142
-41
125
182
1
-177
-129
73
183
51
-125
-126
16
136
56
-47
-73
-26
50
67
6
-66
-48
20
69
58
-51
-121
5
119
99
-31
-131
-45
79
91
2
-92
-13
49
30
-15
-34
11
5
-7
-11
-37
14
36
21
-46
-85
-31
64
76
-11
-132
-92
66
101
1
-111
-64
22
68
19
-57
-47
23
44
-33
-97
-34
107
106
-58
-170
-94
116
195
29
-193
-204
34
233
118
-115
-176
-27
159
114
-53
-138
-42
72
98
0
-104
-48
63
67
-10
-61
-49
15
77
44
-35
-63
-39
-1
42
26
4
-17
-51
-20
36
50
11
-55
-22
25
31
12
-1
20
8
-29
0
56
44
-9
-53
-20
45
73
37
-17
-70
3
68
39
-24
-32
26
29
9
-17
-32
33
88
15
-102
-114
57
179
87
-122
-192
-26
207
197
-50
-241
-111
145
198
19
-155
-114
46
113
61
-55
-93
0
68
46
-25
-58
-34
47
83
22
-83
-118
5
131
101
-57
-112
-17
52
70
20
-47
-30
8
25
-7
5
21
-28
-27
-6
-11
12
10
8
-22
-41
-7
24
15
-26
-49
-35
17
42
-11
-60
-36
24
32
-24
-44
-1
24
27
-65
-77
0
86
97
-20
-158
-119
63
184
94
-133
-215
-35
177
191
-73
-215
-88
131
162
7
-120
-127
19
155
59
-101
-109
-1
135
96
-94
-150
-6
150
107
-90
-151
-23
102
67
-38
-49
-5
21
-29
-39
50
74
6
-77
-59
39
82
12
-29
-44
0
46
65
50
-46
-104
-3
115
106
-9
-84
-49
55
69
6
-57
5
58
45
-35
-80
32
101
41
-46
-88
-37
53
134
75
-81
-120
-57
83
164
41
-144
-139
35
159
101
-73
-147
-34
97
95
0
-88
-50
61
76
-13
-78
-56
49
106
25
-106
-96
34
96
87
-26
-101
-36
33
50
59
-12
-50
-9
34
-9
-23
18
11
-39
-50
-9
51
47
-38
-62
-48
18
64
28
-46
-106
-69
44
122
-1
-112
-53
34
54
-29
-64
-20
52
40
-64
-96
-6
112
120
-60
-173
-113
100
184
50
-131
-196
-20
182
130
-67
-172
-44
105
86
10
-60
-80
11
64
41
-56
-53
23
59
35
-36
-94
-21
70
72
10
-63
-94
-33
100
84
-34
-64
-22
11
10
13
2
-8
1
12
-13
2
31
24
8
-24
-17
35
62
16
-33
-60
22
86
60
-28
-63
5
52
39
-15
-39
17
47
42
-29
-56
16
94
57
-81
-142
14
175
118
-82
-168
-47
136
176
3
-169
-131
54
164
96
-110
-170
-16
124
102
-19
-89
-55
46
82
8
-76
-72
38
110
28
-92
-99
10
90
108
21
-106
-100
19
98
70
-18
-54
-50
24
50
25
-20
-75
-22
60
19
-17
-3
17
-29
-88
-20
74
88
-36
-145
-77
58
106
10
-101
-87
28
65
0
-56
-39
24
51
3
-96
-83
81
142
16
-142
-152
32
173
102
-82
-193
-67
125
165
-13
-131
-97
31
120
76
-39
-127
-63
80
117
-5
-115
-57
55
94
6
-101
-75
56
136
32
-102
-103
0
79
38
9
-26
-58
-20
29
28
11
-30
-16
10
11
10
5
22
3
-30
-15
49
65
-7
-55
-31
30
95
50
-28
-78
-25
100
78
-51
-56
33
80
-7
-68
-27
65
91
23
-100
-110
19
152
127
-48
-156
-89
81
195
66
-121
-175
-24
144
158
-27
-179
-100
94
152
48
-116
-97
41
85
23
-54
-51
22
57
49
-11
-93
-59
66
112
39
-67
-83
-3
81
58
-35
-62
3
40
36
-29
-43
-2
31
9
-71
-31
71
49
-57
-104
-22
85
64
-48
-115
-46
68
72
-24
-80
-57
45
44
-33
-57
-7
52
18
-60
-81
-34
105
130
-27
-164
-129
73
177
81
-116
-201
-77
174
205
-19
-209
-144
92
194
61
-123
-131
-11
82
98
-1
-111
-65
71
106
-14
-102
-55
54
99
20
-64
-66
-31
55
75
8
-75
-73
11
80
65
-14
-96
-29
51
34
-29
2
46
23
-42
-52
37
107
28
-83
-44
64
86
20
-48
-42
34
49
21
-36
-11
44
36
-23
-38
-4
61
64
14
-72
-97
9
145
160
-50
-215
-88
162
186
-5
-183
-125
59
161
58
-79
-91
-45
43
106
36
-64
-65
-7
91
42
-81
-94
6
111
100
-62
-137
-63
86
163
42
-145
-121
46
121
67
-43
-91
-9
55
11
-30
-11
7
18
-10
-50
-32
51
62
-66
-110
-7
87
73
-60
-136
-51
83
102
-54
-139
-24
105
70
-67
-117
-28
98
89
-82
-155
-31
137
139
-34
-153
-122
33
168
114
-85
-197
-88
137
191
8
-168
-146
55
177
51
-82
-111
-23
81
87
-10
-91
-67
56
98
8
-92
-79
58
115
14
-114
-63
48
48
-23
-23
20
-7
-49
-9
36
46
-9
-30
-17
17
31
21
20
0
-42
-31
47
88
32
-76
-71
27
105
59
-29
-72
-16
73
76
-6
-53
-30
37
90
14
-94
-46
99
125
-53
-172
-70
171
204
-15
-227
-145
119
257
82
-199
-238
8
241
146
-89
-164
-63
92
110
15
-70
-62
17
60
33
-45
-68
-7
79
48
-47
-67
-9
49
70
20
-51
-50
6
15
55
35
-25
-35
-54
9
47
23
-21
-54
5
9
-12
18
18
-21
-71
-33
48
67
-4
-107
-92
28
123
31
-104
-101
33
78
2
-63
-65
40
60
-18
-76
-55
45
113
41
-126
-181
18
194
145
-112
-237
-65
184
176
-32
-168
-111
78
143
50
-99
-131
0
126
63
-59
-98
-6
77
73
-24
-113
-32
69
85
-15
-84
-27
31
5
-25
14
46
-9
-74
-50
46
91
7
-81
-45
52
61
-3
-32
0
9
-8
19
50
33
-32
-64
13
109
76
-65
-110
15
135
52
-66
-53
33
53
35
-19
-63
-3
88
101
-60
-189
-42
192
200
-40
-243
-119
131
234
65
-158
-185
10
183
98
-87
-141
-19
101
89
-10
-70
-42
28
55
9
-9
-51
-36
46
93
17
-103
-97
32
147
81
-48
-126
-58
86
128
8
-106
-73
43
41
16
-8
-29
-15
15
-9
-17
29
40
-30
-123
-27
87
60
-17
-105
-85
37
87
30
-85
-93
32
91
-11
-98
-34
54
45
-47
-83
-38
60
101
37
-92
-148
-39
126
190
12
-249
-195
106
257
79
-206
-180
72
203
63
-144
-138
29
119
34
-63
-64
24
49
13
-12
-26
-23
-13
39
49
-2
-79
-52
23
74
30
-36
-85
-3
56
22
-8
-25
5
20
3
-16
9
41
22
-47
-44
53
111
13
-108
-42
69
112
13
-62
-49
25
76
34
-33
-29
6
45
43
7
-49
-28
74
73
-46
-107
-30
96
152
22
-137
-125
38
170
104
-87
-191
-73
157
185
-21
-172
-120
76
171
80
-139
-137
47
139
30
-71
-87
-5
99
56
-39
-98
-45
66
82
46
-43
-64
2
30
46
13
-45
-27
16
6
-27
4
38
3
-40
-40
-1
53
17
-44
-78
-9
72
35
-53
-95
-33
59
51
-28
-61
-17
15
11
-21
-1
-7
-10
21
-19
-41
-63
9
111
76
-89
-188
-50
174
168
-55
-233
-123
138
218
27
-193
-174
61
209
88
-129
-163
-1
141
88
-89
-130
23
130
62
-64
-129
-36
114
110
-5
-111
-72
-6
42
71
24
-21
-89
-69
59
92
24
-66
-73
13
70
34
-29
-5
42
-5
-70
9
122
96
-77
-142
-14
131
132
-20
-147
-29
120
90
-52
-87
23
106
56
-70
-111
46
141
48
-86
-124
-7
107
126
32
-117
-141
0
169
173
-59
-220
-105
133
212
29
-181
-153
46
192
90
-135
-144
43
136
43
-92
-94
18
102
73
-59
-115
-52
69
117
41
-78
-65
13
67
39
-27
-57
-5
45
-1
-42
-6
43
26
-44
-76
4
79
52
-78
-124
-2
112
60
-68
-109
-30
68
70
-18
-111
-61
76
68
-33
-107
-44
59
97
-13
-118
-92
38
135
86
-104
-193
-39
168
149
-31
-212
-139
101
211
62
-141
-173
14
149
95
-67
-116
-17
75
57
-29
-76
-14
54
62
-9
-77
-56
24
80
32
-24
-66
-58
28
79
23
-35
-68
-18
40
36
-21
-14
28
4
-39
-8
49
66
-12
-69
-32
52
115
21
-92
-80
57
130
43
-64
-77
14
94
43
-34
-24
11
39
26
-8
-47
-15
56
102
-11
-143
-98
113
217
58
-200
-194
62
243
134
-151
-228
-22
167
159
-28
-159
-86
81
120
11
-81
-63
45
86
-6
-61
-46
-9
65
65
-10
-99
-61
64
96
32
-48
-73
-2
45
44
0
-29
-8
5
-11
3
15
32
-32
-49
-15
19
40
9
-57
-55
8
59
20
-50
-70
-18
16
16
1
-38
-30
13
2
-6
-16
-51
2
68
30
-88
-116
16
169
76
-117
-161
-26
128
124
-22
-166
-119
64
157
74
-81
-175
-26
139
121
-39
-137
-74
83
108
-8
-82
-40
19
66
55
-50
-74
-28
79
81
-7
-88
-94
6
85
65
-11
-71
-61
19
57
41
-15
-33
-16
-6
30
31
21
8
-25
-25
11
61
39
-35
-55
17
90
47
-15
-55
-9
72
73
-40
-70
22
93
29
-48
-92
5
125
88
-49
-136
-82
131
200
15
-197
-161
84
204
99
-106
-159
-61
90
145
38
-109
-115
19
108
47
-34
-73
-25
37
70
1
-58
-65
11
114
53
-85
-109
32
120
44
-64
-60
8
38
4
18
17
-21
-60
-14
56
45
-11
-48
-25
-10
-3
13
40
-8
-84
-56
46
78
11
-87
-86
-2
94
37
-97
-84
43
78
-15
-92
-64
61
82
-8
-109
-103
46
165
42
-136
-164
-1
149
131
-41
-186
-135
95
229
35
-167
-138
10
122
95
-27
-135
-56
78
111
-18
-114
-28
88
70
-18
-81
-45
30
70
37
-30
-62
-59
1
51
57
14
-68
-80
14
100
47
-58
-46
0
30
12
-22
45
49
-36
-53
2
83
73
-30
-116
-21
107
106
4
-93
-69
94
122
-24
-99
-10
95
65
-36
-88
-24
94
111
-9
-142
-106
93
218
73
-169
-199
17
228
148
-112
-209
-27
152
137
-35
-146
-41
55
91
17
-37
-53
-6
43
36
-17
-46
-45
33
80
17
-89
-64
29
85
53
2
-28
-36
-31
27
67
30
-64
-75
29
81
-1
-36
-36
20
26
-28
-23
1
14
-28
-37
-1
32
11
-35
-37
-40
23
38
-9
-30
-16
-14
-24
-8
-7
-3
29
1
-60
-58
7
92
70
-50
-138
-80
84
145
41
-143
-178
24
164
140
-36
-212
-107
135
196
6
-192
-111
98
142
3
-136
-62
87
86
-30
-98
-19
44
40
38
1
-58
-60
-16
70
60
-11
-69
-56
30
49
0
16
0
-45
-35
27
74
42
-35
-80
2
76
64
-7
-50
-23
16
50
73
37
-81
-78
53
114
31
-90
-63
62
107
7
-110
-61
101
145
4
-166
-113
107
201
53
-165
-164
24
166
137
-42
-177
-80
101
131
25
-100
-96
10
86
88
-26
-130
-49
118
110
-46
-147
-56
115
153
-24
-180
-81
89
153
57
-87
-113
-9
83
60
-9
-43
-14
9
12
-9
12
44
-19
-79
-22
47
32
-22
-50
-20
-8
6
18
3
-35
-61
-17
46
52
-46
-79
-2
48
6
-68
-56
34
58
11
-77
-66
-8
72
106
-10
-170
-140
76
213
79
-191
-213
24
237
126
-101
-188
-65
119
155
-22
-137
-54
69
73
-30
-71
5
70
17
-44
-42
-14
40
42
3
-16
-16
-41
-28
16
43
26
-20
-59
-24
39
51
5
-38
-19
-7
37
14
23
28
-34
-40
-1
80
78
-28
-102
-30
106
129
-3
-131
-68
90
120
-6
-89
-44
56
114
27
-100
-73
77
150
24
-154
-135
70
200
103
-126
-211
-40
204
207
-50
-217
-100
112
181
38
-136
-118
5
102
91
-18
-115
-61
77
103
-13
-110
-46
86
92
-21
-66
-43
27
42
40
10
-37
-44
-7
41
70
-15
-76
-26
69
46
-59
-48
19
61
-21
-103
-14
105
44
-101
-104
26
112
33
-94
-128
-4
85
39
-39
-71
-6
43
0
-50
-30
13
51
-11
-34
-50
-52
29
114
38
-124
-176
21
218
148
-136
-289
-41
257
215
-97
-277
-83
189
186
-49
-190
-77
108
103
-15
-95
-29
52
42
20
-25
-45
-11
9
43
37
-12
-88
-68
50
105
19
-67
-85
4
91
56
-35
-67
-35
19
43
34
4
-18
-25
19
38
15
-1
-16
-27
24
33
29
41
-16
-28
20
31
14
-27
-3
58
49
-10
-64
-35
71
114
7
-140
-127
80
215
86
-145
-202
-9
185
176
-36
-205
-88
84
143
57
-94
-91
-6
57
77
-7
-70
-44
46
91
3
-80
-76
45
136
15
-118
-94
39
109
61
-21
-55
-43
5
35
32
22
-22
-42
-6
19
26
18
-25
-40
8
2
-3
20
-5
-69
-62
31
100
21
-99
-112
-9
102
86
-77
-130
-16
111
44
-84
-74
13
56
36
-45
-96
-45
92
144
1
-193
-147
70
212
79
-151
-174
2
136
112
-8
-118
-118
26
146
78
-69
-141
-31
124
88
-59
-106
-2
93
64
-59
-110
-22
103
102
-47
-108
-45
32
62
-9
-28
-10
-9
-5
15
29
-3
-41
-18
32
35
17
-20
-5
8
-5
9
22
53
18
-60
-78
49
153
58
-97
-123
44
153
44
-96
-91
63
149
7
-144
-60
109
146
9
-134
-107
48
145
88
-66
-161
-62
130
172
9
-133
-126
12
152
115
-85
-153
-10
112
79
-49
-96
16
78
8
-49
-25
-2
45
51
-1
-69
-39
39
51
19
4
14
-24
-51
-23
72
53
-27
-52
-18
44
40
-15
-47
-32
28
30
-4
-31
-24
22
-22
-34
16
29
5
-54
-89
1
77
14
-60
-46
20
38
-18
-72
-29
57
72
-34
-127
-88
111
194
7
-236
-197
108
282
88
-249
-285
38
302
176
-159
-262
-37
201
142
-64
-137
-64
54
114
35
-93
-55
20
55
26
-34
-37
-28
-2
57
58
-6
-119
-72
71
108
35
-75
-106
-8
75
60
-2
-79
-34
55
69
-21
-55
3
54
-3
-23
35
62
-2
-82
-44
90
118
34
-91
-117
35
135
87
-76
-107
28
132
59
-103
-112
38
183
80
-131
-205
7
227
194
-82
-263
-111
199
235
5
-204
-156
47
201
117
-112
-185
-33
139
128
-16
-112
-62
42
98
33
-67
-109
-20
125
108
-53
-131
-49
88
137
41
-98
-119
0
89
71
-19
-71
-14
24
16
-3
11
16
-26
-55
-13
52
48
-28
-88
-42
43
77
1
-96
-81
41
55
29
-65
-87
4
86
55
-99
-115
20
114
36
-72
-140
-53
131
174
-15
-215
-167
88
244
86
-187
-248
8
238
143
-90
-190
-74
126
154
-25
-124
-66
47
79
10
-55
-37
12
33
46
-22
-63
-46
40
94
28
-90
-95
-2
99
41
-34
-41
-24
20
14
0
0
11
-18
-33
2
47
44
-3
-55
-41
32
87
64
-44
-78
-23
66
100
50
-42
-111
-29
128
96
-51
-96
1
119
57
-68
-109
28
160
84
-121
-204
4
255
173
-118
-260
-50
216
190
-33
-168
-104
41
135
90
-46
-115
-69
57
124
17
-89
-69
28
85
15
-51
-66
29
97
17
-80
-84
17
105
75
-38
-96
-10
74
17
-35
-13
26
32
-32
-28
2
30
-3
-27
-26
-13
24
53
-17
-75
-87
35
105
24
-93
-84
-8
70
48
-57
-96
-3
71
32
-72
-85
11
82
43
-49
-101
-57
66
134
41
-152
-184
6
200
159
-89
-245
-76
162
189
-5
-165
-143
41
182
87
-115
-151
-5
128
72
-65
-106
3
100
57
-57
-99
-19
86
73
-35
-74
-9
21
9
1
1
21
-34
-70
-10
92
63
-41
-77
-4
51
52
4
-27
2
-7
-39
33
104
42
-95
-86
55
137
57
-92
-106
45
148
30
-109
-78
67
121
40
-100
-101
76
168
56
-162
-175
44
220
141
-99
-228
-60
168
207
23
-165
-174
6
180
162
-80
-207
-55
159
142
-47
-152
-41
115
94
-66
-103
-25
76
92
-23
-78
-42
42
35
14
35
-1
-39
-64
-9
97
95
-51
-128
-38
85
70
-31
-56
16
9
-52
-25
56
48
-52
-99
-22
93
94
-50
-139
-56
58
99
-25
-123
-24
83
52
-78
-104
9
100
41
-64
-110
-42
78
145
18
-159
-157
45
200
94
-133
-186
-35
155
127
-36
-129
-81
50
116
24
-59
-93
-1
87
40
-30
-78
-22
63
47
-9
-51
-32
4
54
58
-22
-102
-72
38
95
38
-42
-78
-29
44
66
10
-57
-35
14
50
19
-30
-2
22
6
-11
13
44
1
-23
-20
1
55
86
16
-102
-47
81
87
-7
-67
-23
59
55
-28
-70
28
118
45
-97
-129
-5
171
146
-47
-189
-99
136
214
17
-177
-131
34
160
95
-75
-123
-46
69
96
15
-62
-63
13
82
30
-34
-78
-6
90
48
-47
-98
-32
87
115
28
-111
-96
28
104
92
-48
-116
-25
72
79
-12
-79
-48
18
44
4
-42
4
-7
-11
-22
-24
24
29
7
-60
-100
11
102
30
-107
-85
55
71
-25
-81
-25
50
64
-19
-100
-78
42
165
67
-162
-194
34
197
97
-109
-178
-45
133
141
-4
-132
-126
48
145
60
-83
-110
-21
66
69
10
-97
-45
46
79
16
-91
-77
41
99
40
-78
-76
-20
46
59
10
-19
-62
-48
56
82
8
-79
-40
43
47
-8
-30
27
50
-15
-57
-4
84
54
-52
-101
6
141
116
-53
-157
-20
165
112
-82
-156
18
186
104
-124
-166
31
212
109
-134
-218
-7
221
193
-75
-249
-95
168
211
23
-163
-150
34
143
84
-57
-88
-38
3
62
90
-15
-108
-40
98
62
-38
-84
-27
72
85
-24
-90
-59
40
111
33
-56
-70
-3
42
35
6
-22
-8
0
-4
-7
8
7
-3
-26
-45
-6
57
61
-63
-132
-13
105
71
-44
-108
-56
11
76
41
-75
-89
13
83
15
-61
-80
4
84
52
-83
-118
-10
153
115
-105
-212
-45
163
179
-53
-216
-126
105
207
45
-133
-157
11
152
93
-87
-130
-15
107
62
-57
-71
14
48
23
2
-46
-39
32
66
14
-43
-53
-39
33
54
26
-12
-50
-53
10
72
20
-33
-33
-4
23
38
-6
0
21
1
-43
1
73
44
-38
-83
-6
122
116
-47
-128
-14
122
97
-69
-94
28
104
45
-56
-88
25
115
43
-70
-103
-15
108
130
-6
-147
-124
50
223
118
-145
-205
-31
176
155
-63
-172
-58
134
102
-31
-104
-62
106
115
-49
-120
-42
65
73
15
-28
-62
-33
20
124
80
-88
-130
-10
113
89
-49
-88
-6
81
29
-66
-49
41
64
-12
-98
-61
88
98
-47
-137
-51
96
94
-39
-138
-53
72
76
-19
-78
-52
19
68
26
-76
-120
19
157
43
-158
-171
67
253
52
-219
-203
51
219
123
-131
-223
-57
150
171
-20
-128
-121
46
132
54
-74
-101
-6
64
45
-5
-56
-24
25
51
22
-55
-62
1
56
65
-24
-78
-68
31
83
24
-17
-54
-40
37
37
8
-28
-38
4
30
17
-2
7
26
-1
-37
1
58
60
-28
-78
-4
68
103
18
-103
-77
99
140
-5
-146
-51
134
145
-11
-174
-80
131
153
-4
-183
-136
140
246
58
-209
-209
61
250
148
-148
-225
-16
150
129
-30
-103
-61
22
87
62
-44
-94
-3
76
32
-49
-41
21
32
5
-7
-6
-28
-5
44
60
-5
-81
-66
18
97
49
-65
-59
32
35
6
-32
-3
26
-29
-57
14
55
6
-49
-49
9
23
22
-11
-78
-51
24
54
9
-78
-59
40
59
-8
-79
-58
25
83
17
-96
-85
18
112
80
-110
-173
-25
139
148
-5
-174
-159
53
201
105
-102
-225
-57
191
177
-66
-196
-82
119
149
-2
-135
-75
72
114
7
-92
-83
55
121
0
-80
-63
-26
58
43
-16
-22
-10
10
-9
11
27
15
-54
-64
42
89
15
-49
-30
11
14
16
57
28
-43
-49
42
81
26
-30
-41
6
58
47
-30
-48
-2
53
56
-6
-43
-4
40
65
13
-82
-105
27
169
107
-101
-194
-45
197
201
-68
-225
-98
120
184
25
-138
-130
42
150
44
-91
-91
11
90
56
-28
-96
-48
75
116
9
-129
-91
59
115
51
-83
-59
42
14
-2
36
20
-48
-67
16
68
41
-66
-73
15
38
13
-20
12
6
-30
-50
12
33
1
-34
-68
-38
56
70
-35
-86
-22
73
27
-66
-73
27
91
-25
-116
-83
63
142
54
-102
-166
-55
137
180
10
-204
-198
77
220
87
-115
-189
-21
140
99
-30
-101
-28
38
46
10
-53
-25
17
9
6
9
-30
-32
25
57
29
-45
-98
-36
89
78
-28
-109
-45
69
60
6
-52
-29
10
41
12
-7
15
29
-16
-48
10
74
48
-51
-67
10
99
95
-28
-113
-47
118
142
-27
-154
-58
106
132
-6
-120
-61
103
138
-1
-156
-124
93
214
71
-140
-201
-11
228
192
-87
-223
-102
125
194
20
-156
-121
33
159
77
-103
-124
14
134
51
-98
-85
29
83
55
-45
-55
-9
5
30
68
26
-71
-55
15
82
58
-52
-93
-20
81
75
-27
-91
-16
52
22
-60
-39
57
38
-68
-98
14
128
49
-116
-148
-2
140
94
-109
-166
-3
160
58
-113
-138
20
164
42
-142
-142
16
147
122
-93
-216
-60
134
189
28
-202
-207
54
255
107
-154
-188
-9
151
82
-42
-97
-29
56
44
-15
-47
-21
59
45
-18
-66
-39
37
64
3
-39
-53
-20
18
22
19
-12
-2
-7
-15
7
27
14
-2
-34
-15
24
26
6
9
-11
-4
2
45
56
-22
-61
-6
59
86
25
-59
-75
37
109
18
-84
-55
56
99
31
-64
-98
46
142
61
-120
-157
13
229
131
-119
-239
-43
240
218
-83
-263
-118
189
238
-18
-225
-121
127
171
-7
-127
-75
70
82
-6
-46
-50
-15
55
62
11
-35
-81
-20
74
95
-7
-97
-52
47
105
51
-83
-92
4
70
33
-35
-27
12
23
-19
-55
-2
60
2
-64
-58
31
85
14
-103
-110
18
136
29
-132
-121
64
144
12
-154
-119
77
180
17
-191
-165
53
233
92
-148
-222
-52
169
182
12
-196
-190
47
223
116
-103
-198
-44
139
114
-24
-103
-61
20
57
40
-41
-49
-1
48
62
-25
-83
-31
73
78
-5
-80
-87
15
111
63
-76
-99
-3
62
48
-19
-24
-14
1
13
24
29
12
-18
-24
2
35
32
27
-27
-58
-21
77
106
24
-83
-79
46
102
27
-85
-82
65
155
28
-160
-77
122
153
8
-177
-151
81
237
128
-159
-239
-2
244
152
-107
-198
-36
117
129
23
-79
-89
-24
50
78
30
-46
-59
6
46
22
-24
-58
0
97
47
-64
-109
-12
113
91
-29
-87
-37
63
65
-7
-52
-15
15
6
-10
-4
21
0
-12
-24
-20
-12
32
22
-43
-76
6
64
33
-61
-93
-16
57
62
-29
-122
-41
114
99
-100
-158
0
151
89
-123
-189
-3
186
163
-89
-266
-112
178
223
10
-205
-184
75
194
85
-98
-155
-38
118
123
-4
-126
-109
39
127
27
-67
-71
6
46
36
-5
-58
-18
58
42
10
-53
-73
-7
47
29
4
-15
-40
-5
13
20
-5
12
-2
-23
11
15
24
9
-33
-15
35
68
20
-51
-39
21
60
66
-3
-56
-36
48
76
4
-64
-41
40
120
34
-118
-106
67
174
38
-136
-153
42
230
122
-137
-228
-50
210
201
-44
-187
-101
68
133
66
-77
-129
-23
99
116
-49
-113
-6
76
39
-18
-72
-22
77
65
8
-65
-73
-5
71
104
2
-103
-68
51
81
22
-60
-53
32
39
17
-22
-39
-31
27
31
-33
-40
19
52
-19
-88
-41
74
75
-57
-124
-55
92
107
-47
-134
-42
98
60
-49
-105
-1
101
23
-97
-108
21
121
98
-58
-174
-110
115
221
52
-211
-228
37
234
135
-94
-205
-63
143
150
-31
-139
-73
60
101
17
-76
-44
53
47
-10
-44
-22
2
38
42
3
-57
-73
-17
64
101
-8
-94
-79
44
86
24
-42
-61
-11
49
42
-26
-14
35
8
-39
-21
70
80
-28
-107
-19
121
111
-39
-111
-29
113
102
-37
-113
-15
119
90
-35
-125
-28
118
116
-21
-125
-99
77
145
73
-68
-139
-86
98
211
72
-154
-199
-30
199
169
-63
-188
-97
103
176
22
-130
-83
54
116
18
-87
-89
31
113
44
-92
-87
2
88
75
-38
-70
-22
59
35
5
-35
-23
3
14
4
12
15
-19
-44
-17
4
23
41
-9
-76
-66
19
73
37
-43
-97
-71
50
112
-13
-125
-64
59
115
-12
-146
-89
92
136
-45
-173
-73
129
170
-28
-190
-128
75
187
61
-138
-178
-17
184
145
-61
-191
-116
137
194
1
-177
-118
80
158
6
-126
-87
50
101
26
-66
-73
0
75
48
-25
-47
-60
-6
53
55
-7
-70
-67
46
70
-4
-43
-10
38
-9
-30
-6
59
47
-46
-55
25
78
46
-42
-67
7
76
60
2
-34
-46
16
93
34
-34
-57
-2
99
81
-62
-104
2
138
86
-83
-174
-13
204
162
-74
-240
-84
182
224
-21
-214
-115
95
163
70
-106
-142
-18
115
86
-32
-91
-26
74
65
-15
-77
-52
49
97
15
-80
-74
-13
67
84
11
-85
-45
30
45
39
-12
-45
-29
29
30
-8
1
-11
-10
-18
-35
7
59
24
-68
-94
8
104
28
-85
-95
-19
64
50
-29
-91
-15
80
29
-75
-89
19
102
45
-86
-116
-14
103
131
-17
-193
-135
71
202
92
-149
-234
-19
196
160
-33
-178
-128
88
173
29
-129
-110
39
138
50
-110
-107
49
97
6
-48
-27
2
37
22
-24
-15
-25
-14
6
10
24
14
-48
-40
23
46
21
-23
-32
-14
31
26
12
27
9
-35
-28
45
85
11
-105
-68
91
127
47
-91
-100
20
146
65
-97
-99
50
142
43
-119
-97
76
136
36
-109
-134
15
162
140
-50
-183
-109
118
224
48
-186
-170
26
195
129
-104
-215
-39
172
140
-63
-150
-23
101
69
-46
-62
-16
16
61
33
-38
-75
-38
58
96
37
-68
-57
21
31
32
6
-41
-43
0
21
27
28
-33
-31
-37
0
56
33
-39
-96
-25
63
56
2
-53
-81
-37
54
94
-22
-128
-49
74
76
-48
-117
-23
80
80
-63
-107
-21
85
105
0
-150
-125
51
168
92
-103
-192
-50
145
143
-13
-148
-106
73
141
10
-89
-81
31
88
23
-59
-56
36
38
-5
1
-25
-18
12
24
39
-22
-67
-27
37
30
9
-12
-35
-12
24
22
-20
-3
11
-9
0
8
23
30
-24
-14
22
31
32
9
-33
-62
16
126
68
-65
-108
11
155
89
-112
-127
63
168
29
-147
-114
106
180
32
-153
-157
28
215
149
-102
-217
-72
151
186
33
-144
-145
3
156
129
-38
-180
-118
116
191
19
-153
-99
74
90
16
-39
-57
-14
56
75
-22
-105
-38
49
91
56
-71
-94
-2
73
83
-23
-83
-36
34
74
11
-51
-75
-11
82
21
-71
-28
44
20
-65
-62
40
77
-4
-104
-96
44
85
3
-104
-77
47
113
-4
-113
-82
44
113
19
-130
-106
73
172
46
-142
-178
-9
185
152
-72
-232
-112
176
208
-7
-188
-150
55
193
89
-123
-150
-7
131
85
-61
-130
9
81
59
-24
-77
-42
40
84
10
-68
-42
5
12
-4
-1
29
1
-35
-20
25
37
-13
-44
-21
31
61
0
-22
-11
-6
13
52
31
-13
-53
-9
59
63
23
-42
-57
10
70
61
-21
-48
-5
71
50
-69
-88
55
132
51
-74
-148
-11
150
135
-23
-161
-108
88
203
51
-151
-143
40
134
91
-71
-109
-21
76
66
-9
-79
-32
59
58
-19
-57
6
39
31
5
-54
-54
-21
39
107
55
-575
-567
540
576
-476
-544
-578
518
577
-494
-535
-550
505
565
-506
-589
-538
570
541
-396
-602
-516
598
566
-232
-642
-289
280
196
-241
-282
-2
108
-103
-271
-127
95
54
-170
-254
-96
76
28
-96
-139
-125
-89
-60
-1
7
-101
-207
-142
7
80
-9
-169
-220
-74
81
49
-117
-213
-119
58
72
-86
-244
-132
86
66
-108
-192
-119
29
43
-81
-142
-112
-36
-31
-45
-37
-69
-91
-75
-41
-15
-61
-92
-61
-40
-42
-35
-44
-36
-82
-88
-40
3
-4
-90
-118
-72
13
35
-21
-120
-119
-19
37
-32
-100
-80
-14
29
-42
-114
-123
-25
84
45
-140
-236
-88
139
137
-91
-252
-163
47
171
35
-203
-242
-61
134
105
-94
-239
-141
65
99
-48
-153
-108
15
26
-38
-108
-95
-36
3
2
-61
-105
-76
-30
33
45
-78
-151
-84
20
43
-40
-103
-89
-30
5
-26
-58
-79
-42
-35
-54
-46
-31
-44
-57
-81
-44
8
-7
-98
-133
-59
27
17
-83
-128
-82
29
41
-85
-164
-94
49
47
-90
-143
-88
34
101
-9
-165
-212
-30
131
83
-102
-237
-145
87
160
1
-197
-217
-5
158
68
-147
-203
-57
93
89
-93
-190
-64
81
67
-76
-177
-71
61
51
-34
-101
-87
-52
7
-1
-42
-30
-41
-66
-36
-12
10
-33
-100
-53
9
24
-30
-52
-42
-33
-27
-3
10
-2
-72
-87
-10
52
50
-62
-147
-54
85
101
-56
-198
-87
120
131
-72
-198
-72
113
100
-75
-213
-117
118
173
-23
-209
-177
45
174
91
-146
-226
-61
110
119
-48
-176
-107
35
100
3
-125
-102
6
64
1
-94
-81
-10
38
5
-70
-98
-49
43
53
-29
-89
-50
13
12
-37
-80
-42
32
32
-76
-113
-12
69
-17
-109
-67
16
22
-30
-93
-73
5
19
-26
-72
-53
-40
-5
2
-53
-124
-26
77
11
-98
-111
-51
50
57
-45
-156
-103
60
130
10
-171
-172
-9
133
65
-85
-160
-108
42
118
15
-106
-131
-31
89
41
-73
-96
-39
35
19
-47
-73
-24
39
-11
-66
-47
-13
-3
3
-4
-39
-74
-70
10
63
14
-103
-115
7
64
12
-53
-60
-35
11
-5
-17
1
30
-32
-84
-36
70
66
-60
-129
-42
64
93
-8
-88
-66
4
79
56
-71
-115
-25
72
85
-55
-146
-39
146
92
-117
-177
-17
130
107
-48
-138
-115
38
125
73
-71
-163
-81
69
114
8
-133
-131
19
123
42
-98
-105
6
55
16
-43
-62
-48
21
40
-20
-58
-70
-21
74
66
-36
-110
-63
37
74
2
-95
-53
10
38
-17
-62
-40
22
11
-51
-85
-3
66
-6
-127
-93
53
101
-7
-161
-142
42
144
20
-169
-169
44
183
32
-210
-203
60
204
46
-179
-207
25
202
109
-160
-258
-50
186
177
-61
-257
-164
121
205
37
-157
-187
-33
141
139
-50
-183
-89
73
101
-24
-110
-51
39
39
-14
-61
-53
7
58
15
-42
-66
-55
0
27
33
7
-73
-94
-4
62
72
-46
-122
-21
77
51
-31
-58
-3
3
0
-9
10
29
-16
-79
-26
85
92
-44
-151
-40
153
128
-99
-202
-28
190
145
-105
-235
-50
198
185
-64
-258
-129
172
225
-12
-211
-143
55
179
110
-110
-202
-68
113
163
-3
-160
-125
38
144
50
-131
-106
31
93
27
-59
-64
-45
40
64
-9
-72
-55
11
41
50
-18
-78
-42
51
33
6
-50
-47
-3
13
2
-9
-14
-25
-16
-11
-19
-8
4
-22
-68
-36
36
47
-12
-119
-84
29
116
16
-145
-131
66
156
26
-184
-179
38
200
60
-186
-170
33
189
106
-154
-225
-44
167
169
-54
-211
-147
94
183
45
-134
-160
-11
141
79
-59
-126
-59
81
87
-44
-98
-2
68
-3
-30
-24
-37
1
23
17
-32
-54
-38
16
50
20
-42
-55
-48
50
70
-40
-86
-11
44
45
-16
-64
-4
62
37
-72
-57
80
109
-83
-147
21
170
86
-111
-174
6
189
128
-130
-208
6
213
108
-144
-185
17
197
113
-109
-170
-66
128
176
-4
-151
-133
21
159
109
-55
-155
-93
102
173
-4
-175
-115
74
141
32
-103
-109
41
112
18
-89
-52
8
42
31
-20
-38
-40
-6
36
76
35
-81
-93
4
90
74
-74
-88
-20
67
51
-54
-62
2
19
11
-41
-22
24
-11
-56
-52
26
49
10
-85
-77
11
57
10
-103
-92
40
119
4
-148
-116
81
148
-7
-138
-105
16
137
81
-104
-181
-67
139
167
-18
-201
-149
66
186
91
-110
-211
-50
157
144
-40
-153
-73
62
92
-7
-60
-30
2
1
13
25
-31
-40
-18
22
36
11
-83
-78
31
101
55
-76
-132
4
109
44
-74
-77
4
55
37
-31
-26
19
5
-20
7
37
37
-26
-47
-5
75
66
-38
-95
-10
117
94
-55
-123
-31
122
118
-56
-158
-28
141
132
-19
-172
-134
90
201
80
-140
-192
8
183
137
-71
-165
-71
55
139
66
-116
-133
-6
140
99
-73
-141
-33
112
77
-34
-91
-69
67
122
-19
-125
-71
52
107
34
-55
-87
-13
70
29
-29
-38
-26
46
13
-13
-12
-34
-11
23
-8
-43
-6
12
6
-40
-48
8
38
25
-40
-100
-50
68
96
-50
-148
-42
111
94
-90
-151
-11
123
67
-98
-118
-3
108
97
-70
-171
-89
92
183
3
-174
-125
56
139
44
-59
-108
-42
63
81
18
-70
-88
10
72
52
-46
-70
24
51
10
-46
-48
13
56
8
-25
-34
-30
-4
29
33
6
-56
-43
13
45
16
-37
-42
10
46
19
-15
-17
4
13
-2
-2
57
37
-60
-62
41
87
39
-49
-59
0
66
58
-17
-72
-35
72
102
5
-113
-88
80
152
16
-163
-133
74
215
80
-134
-197
-22
178
168
-48
-188
-113
89
185
50
-156
-134
38
124
66
-54
-89
-16
64
53
-25
-46
-18
-9
14
40
18
-40
-85
9
130
78
-111
-114
27
104
35
-70
-51
22
13
-11
-22
-8
31
14
-51
-55
45
84
-26
-137
-80
82
130
1
-152
-119
50
131
51
-134
-169
35
177
72
-141
-200
10
189
90
-139
-167
-7
158
110
-64
-171
-75
108
135
-3
-128
-118
5
118
95
-15
-131
-85
53
111
57
-58
-105
-43
79
76
-25
-84
-22
44
45
8
-61
-59
41
84
4
-85
-63
-3
52
51
-8
-63
-46
6
65
44
-33
-77
-41
59
75
-38
-39
30
44
-10
-25
25
69
-12
-76
-14
77
97
-14
-106
-4
93
64
-40
-82
-26
74
86
-1
-110
-41
95
109
0
-136
-101
53
161
86
-79
-188
-60
168
204
-20
-176
-136
48
172
78
-98
-141
-21
112
102
-29
-100
-36
49
58
20
-47
-90
-7
107
81
-54
-115
-30
126
109
-59
-136
-16
87
53
-23
-49
-14
35
23
-26
-36
-22
44
43
-51
-64
7
76
0
-104
-67
48
107
-11
-133
-75
33
88
36
-85
-113
-28
108
80
-60
-139
-42
122
110
-78
-174
-62
134
176
-28
-204
-140
110
196
49
-156
-191
-1
181
124
-57
-171
-88
98
170
8
-154
-100
65
130
5
-120
-80
70
106
-12
-75
-61
24
88
16
-47
-35
-28
-12
19
31
35
-17
-90
-42
90
77
-39
-94
-8
64
49
-23
-28
28
3
-24
0
46
54
-37
-68
-3
83
92
-2
-90
-52
77
109
-27
-95
-51
83
136
-4
-145
-94
105
172
38
-145
-160
34
190
122
-82
-207
-77
144
221
42
-190
-194
56
229
117
-138
-202
-19
167
132
-68
-151
-15
109
61
-37
-83
-40
46
61
12
-30
-33
-26
38
101
7
-91
-46
58
51
-7
-43
-39
7
30
24
-6
-31
-16
6
1
-31
-4
44
16
-64
-65
35
61
11
-75
-91
1
73
34
-54
-88
-13
70
71
-49
-129
-49
117
105
-59
-154
-46
110
143
-15
-183
-132
60
183
67
-144
-170
5
138
108
-12
-148
-92
56
139
35
-107
-97
34
92
35
-65
-66
30
38
9
-21
-49
-15
48
50
3
-58
-68
-8
47
61
18
-73
-74
18
55
30
-16
-23
-10
-3
5
16
28
19
-20
-40
16
44
31
4
-47
-33
20
100
74
-78
-91
44
130
34
-111
-103
71
163
45
-158
-106
99
168
32
-131
-147
43
184
104
-97
-194
-38
161
170
-6
-180
-114
62
163
54
-82
-106
-32
75
95
4
-78
-51
28
79
22
-59
-80
31
90
13
-74
-39
-4
62
53
4
-34
-44
11
19
33
15
-52
-39
15
51
23
-58
-55
24
58
-10
-79
2
52
-20
-70
-5
74
43
-76
-101
-29
79
84
-38
-137
-34
112
86
-74
-135
-40
105
100
-65
-138
-36
98
125
-37
-165
-122
93
195
67
-157
-213
10
198
124
-81
-171
-69
113
132
-25
-121
-66
40
101
40
-59
-70
0
34
45
7
-57
-38
53
46
-4
-60
-61
15
72
39
-52
-62
9
30
-11
7
30
-2
-52
0
46
22
-8
-12
16
23
18
14
-3
-21
0
18
22
23
19
5
-28
13
49
12
-46
-32
56
73
25
-71
-60
39
97
44
-53
-135
-47
159
169
-23
-193
-104
115
209
27
-174
-122
52
141
89
-53
-144
-86
81
158
33
-120
-99
52
112
23
-88
-98
34
116
37
-71
-91
-1
74
75
13
-67
-31
30
9
0
5
-4
-7
-18
-4
33
13
-36
-32
12
-5
-20
29
24
-48
-75
13
72
26
-63
-120
-34
105
72
-53
-123
-46
83
96
-36
-145
-50
122
128
-73
-186
-49
129
141
-9
-141
-121
10
131
106
-42
-183
-95
98
158
58
-131
-168
14
161
125
-98
-194
-38
153
107
-62
-117
3
71
26
-35
-43
0
22
22
18
-6
-45
-51
19
71
-5
-41
-20
19
16
-30
-24
17
40
8
-42
-3
46
19
-12
-24
20
25
27
1
-31
-24
12
92
103
-54
-139
1
145
77
-84
-95
12
129
74
-83
-119
30
140
84
-72
-137
-29
113
130
25
-135
-138
55
189
76
-99
-167
-28
129
140
-17
-156
-88
94
142
-10
-114
-60
68
82
5
-65
-38
33
39
1
-34
-10
-3