#4
542
-108
-491
-59
599
542
-155
-444
26
534
353
-167
-242
166
419
180
-155
-68
249
296
19
-170
78
368
244
-130
-218
171
450
177
-230
-146
270
402
28
-266
-7
403
322
-126
-262
123
469
254
-226
-221
255
493
130
-313
-167
399
498
-17
-361
-54
516
449
-146
-391
63
557
373
-195
-318
182
530
240
-243
-191
263
441
80
-220
-27
350
330
-29
-196
72
307
181
-56
-56
209
229
-7
-121
100
359
223
-146
-209
151
436
208
-212
-204
227
447
122
-253
-158
288
415
34
-282
-24
397
324
-118
-275
152
490
201
-226
-210
218
444
151
-254
-162
258
395
59
-230
-65
264
264
-20
-120
24
228
186
-82
-100
139
234
61
-112
6
205
174
-58
-133
91
265
106
-155
-109
196
309
18
-233
-57
282
288
-84
-262
61
371
246
-181
-300
86
449
292
-231
-353
113
462
210
-236
-233
180
377
114
-215
-134
207
276
11
-153
16
266
146
-136
-131
159
277
40
-188
-94
219
257
-16
-178
5
246
157
-123
-143
181
290
14
-218
-47
300
294
-66
-256
23
364
239
-151
-261
106
398
190
-213
-216
194
386
79
-220
-95
261
347
14
-247
-43
275
262
-22
-185
24
273
198
-71
-154
66
253
163
-67
-94
77
158
33
-6
90
134
36
-103
0
211
164
-43
-123
26
232
191
-36
-173
-36
227
249
-8
-177
-1
242
194
-68
-145
88
284
114
-175
-121
194
293
48
-200
-106
217
284
-31
-208
-28
222
197
-42
-179
11
235
145
-98
-129
74
158
80
-47
-61
52
113
11
-31
21
76
15
-57
8
138
93
-68
-108
74
187
66
-124
-102
140
234
22
-203
-109
184
270
40
-232
-169
153
319
83
-203
-154
134
256
39
-149
-86
130
153
-16
-63
46
115
22
-87
-1
117
135
-22
-151
-4
156
103
-41
-93
16
122
101
-50
-59
66
112
23
-40
25
108
64
-45
-18
120
114
-10
-93
2
176
184
-33
-186
-23
250
243
-38
-220
-24
274
225
-74
-224
28
299
191
-127
-185
69
291
124
-153
-173
88
284
149
-115
-191
10
232
187
-43
-128
-6
109
95
39
-4
-23
24
60
55
86
39
-45
-79
48
167
113
-52
-112
25
201
124
-85
-103
106
186
18
-106
0
141
103
-39
-84
50
122
72
-59
-87
25
171
97
-116
-139
93
170
51
-125
-111
81
164
67
-88
-125
22
129
62
-77
-95
47
118
34
-73
-53
28
55
27
-6
-13
3
7
56
76
-22
-119
-41
109
174
20
-168
-131
102
237
80
-157
-158
71
232
99
-165
-183
74
223
69
-104
-102
63
127
22
-109
-30
110
64
-60
-77
18
80
28
-10
-27
7
49
18
14
-3
13
6
34
52
34
5
-15
13
66
37
-11
-40
36
132
84
-65
-101
13
170
127
-31
-94
0
156
158
-24
-139
-31
183
181
-48
-135
-20
163
162
-51
-153
-15
192
170
-55
-183
-46
172
206
27
-143
-83
66
107
91
-28
-85
5
91
93
25
-33
-39
-12
56
90
51
-20
-51
17
98
77
-28
-20
60
83
12
-58
-10
95
92
-12
-111
7
137
89
-68
-134
-2
181
107
-129
-172
47
229
90
-170
-163
55
192
76
-132
-114
42
101
13
-76
-40
35
40
22
-47
-44
-10
35
57
-9
-53
-18
42
60
19
-40
-83
-26
88
141
2
-152
-116
67
183
83
-106
-154
18
186
108
-122
-177
34
157
76
-40
-96
4
80
36
-30
-60
1
87
15
-84
-54
31
80
48
-62
-92
21
101
44
-58
-74
42
113
32
-53
-34
18
77
61
-22
-85
-12
122
104
-27
-68
-20
62
94
33
-22
-33
45
95
38
-10
-28
22
84
67
-3
-54
-5
70
91
-2
-102
-54
132
176
3
-158
-102
115
210
60
-164
-112
75
148
52
-76
-74
37
82
45
-11
-17
6
-7
-3
35
50
38
0
-21
16
56
43
-12
-12
63
31
-33
-17
59
78
18
-70
-50
73
105
4
-100
-46
66
114
-19
-117
-44
99
124
-47
-153
-28
103
129
-34
-156
-50
109
109
-76
-160
-10
125
74
-62
-111
-15
50
64
-8
-61
-45
11
75
45
-48
-106
-33
98
130
-9
-162
-121
77
211
64
-170
-139
53
150
70
-90
-128
-4
108
97
-33
-83
-32
39
37
-22
-40
10
48
-2
-75
-30
46
36
-13
-37
-18
3
11
20
27
-9
-20
0
44
41
-21
-54
4
95
47
-58
-63
41
114
52
-91
-91
69
134
32
-47
-41
26
89
51
-16
-35
9
56
66
23
-37
-9
32
50
26
-45
-38
55
125
42
-96
-128
27
179
106
-68
-148
-22
153
105
-52
-102
-23
93
103
-1
-65
-56
6
68
55
13
-1
-24
-4
54
44
1
-1
35
32
-17
-28
21
72
30
-24
-39
-1
77
32
-37
-57
0
50
43
-12
-58
-45
78
81
-48
-124
-42
104
109
-32
-125
-41
66
54
-45
-66
-36
31
46
-28
-61
-19
9
16
6
-55
-30
51
52
22
-46
-92
-34
94
92
-23
-92
-93
36
107
70
-41
-117
-40
94
115
-27
-147
-82
79
150
52
-121
-120
37
117
30
-87
-92
29
82
1
-87
-55
44
73
-13
-80
-42
51
78
-15
-99
-33
87
79
-17
-53
-55
44
113
31
-78
-79
7
111
103
-29
-141
-25
158
118
-24
-101
-18
92
90
0
-73
-26
104
102
-27
-91
2
119
72
-54
-90
-39
114
152
2
-158
-104
71
175
101
-68
-157
-49
101
144
25
-108
-101
55
125
51
-71
-84
12
81
41
-26
-33
27
32
15
0
23
34
-4
-2
9
13
15
30
22
-3
-27
4
32
12
-8
-25
-9
27
52
-7
-97
-33
81
101
-30
-149
-79
110
144
-37
-170
-61
109
77
-42
-124
-36
56
81
-7
-87
-76
13
50
53
-16
-85
-52
62
112
-12
-178
-115
135
218
-7
-246
-164
138
255
10
-215
-141
99
190
28
-142
-124
22
106
46
-29
-38
-22
6
2
-27
7
24
-19
-15
-15
-31
-30
19
59
-24
-87
-14
35
49
0
-55
-30
39
75
25
-58
-80
21
131
62
-92
-115
35
157
76
-87
-116
14
128
73
-44
-55
41
62
30
-10
-13
34
37
33
18
-22
-25
14
79
50
-69
-95
49
162
67
-138
-142
39
201
114
-89
-159
-28
123
135
-33
-150
-54
119
131
5
-93
-63
31
60
26
10
-6
-3
25
11
5
-18
16
68
34
-29
-25
22
49
2
-7
-12
-9
33
58
-3
-62
-67
46
105
20
-127
-64
77
109
-24
-120
-71
55
117
20
-129
-92
42
87
-18
-115
-67
53
72
-21
-77
-56
-5
81
34
-76
-79
22
78
40
-72
-127
-12
119
100
-36
-145
-78
92
107
-37
-106
-32
44
50
11
-36
-33
-46
-13
50
71
8
-69
-64
13
50
12
-69
-36
0
10
-31
-12
5
9
10
-51
-48
7
78
11
-81
-55
45
117
19
-107
-85
57
137
26
-96
-103
28
163
86
-75
-135
-17
148
96
-33
-79
-3
90
80
-29
-56
12
92
47
-35
-46
32
86
46
-42
-81
-29
93
129
28
-121
-107
71
155
48
-100
-76
41
96
38
-45
-51
-21
32
77
35
-30
-61
-23
46
77
6
-44
-5
50
62
-21
-78
27
109
63
-31
-73
14
61
41
-22
-37
3
31
5
11
-14
-55
-23
92
73
-90
-105
10
120
64
-116
-144
42
155
49
-165
-152
70
147
7
-143
-94
41
73
13
-72
-72
11
53
-1
-85
-66
39
104
26
-103
-126
-10
135
123
-67
-159
-74
69
118
12
-101
-85
36
89
43
-52
-90
-63
39
66
54
-10
-65
-68
13
44
42
-58
-71
7
39
3
-46
-46
18
36
-26
-29
-15
10
48
-3
-54
-13
53
60
-36
-91
-1
117
62
-83
-113
34
146
88
-80
-125
-6
147
127
-42
-126
-14
129
90
-7
-68
-12
76
75
-17
-59
-27
49
104
22
-86
-70
52
127
62
-70
-145
-25
151
170
-41
-181
-97
117
175
19
-121
-104
56
141
37
-80
-54
-13
57
45
11
-15
0
17
5
16
35
24
5
-10
7
22
-10
-12
33
49
-25
-47
10
33
13
-18
-47
-40
45
80
-14
-113
-32
99
66
-86
-112
20
134
30
-133
-91
44
76
-14
-74
-60
-11
53
3
-29
-46
-16
43
14
-59
-66
13
72
48
-57
-113
-58
96
119
22
-151
-173
19
194
125
-86
-200
-66
150
140
-41
-165
-76
100
111
8
-97
-74
40
58
-2
-70
-21
35
5
-38
-49
-12
36
27
-35
-77
-24
58
56
-27
-64
-17
59
46
-4
-52
-42
29
71
25
-41
-61
25
92
37
-51
-65
-9
89
71
-15
-52
15
65
42
10
-26
-21
30
58
22
-37
-33
52
91
14
-82
-85
45
168
77
-134
-157
12
193
149
-85
-163
-32
107
91
-3
-91
-28
44
56
24
-12
-5
-42
-23
47
80
21
-65
-63
37
105
22
-75
-7
72
25
-28
-5
25
35
33
-23
-42
10
51
36
-67
-66
25
69
26
-73
-70
47
103
-3
-157
-73
96
124
-30
-157
-57
88
70
-56
-104
-23
55
16
-23
-55
-52
8
50
21
-63
-76
3
77
61
-62
-112
-54
95
133
-3
-151
-124
19
159
91
-102
-143
-6
114
98
-35
-140
-98
60
123
37
-62
-99
-21
66
33
-28
-46
-13
-8
-6
2
-22
-32
11
36
-13
-54
-63
21
92
7
-83
-71
57
119
15
-112
-83
91
152
-28
-155
-50
147
138
-42
-154
-54
141
143
-24
-121
-26
120
118
-21
-80
-37
62
106
19
-52
-68
32
117
56
-102
-96
57
174
62
-140
-157
33
189
123
-99
-131
4
109
55
-42
-47
-16
4
73
62
-11
-68
-38
19
52
34
0
-24
8
22
22
-5
-3
44
18
-9
3
5
22
26
9
-19
-25
44
34
-28
-35
-26
43
42
-24
-73
-17
49
56
-17
-89
-66
31
109
19
-114
-110
16
99
22
-84
-96
-7
77
32
-78
-89
-3
78
6
-75
-49
27
67
18
-49
-99
-63
58
120
31
-111
-163
-10
173
92
-91
-160
-16
115
88
-40
-123
-65
55
99
17
-40
-44
-44
-5
48
40
-47
-82
-23
28
24
-36
-58
21
41
-31
-82
-2
70
34
-64
-65
36
90
30
-53
-64
19
100
33
-70
-89
3
124
94
-27
-130
-30
132
87
-26
-36
-12
36
71
47
-20
-36
10
54
56
-27
-55
45
97
21
-95
-90
62
161
65
-97
-137
-8
149
147
-19
-161
-83
77
137
45
-93
-107
23
132
81
-47
-98
-27
43
54
17
-24
-6
21
31
12
-26
-8
51
57
-8
-55
0
66
64
-29
-83
-16
75
78
-30
-99
-34
54
65
23
-99
-102
59
131
13
-140
-113
37
143
41
-139
-106
42
74
-5
-86
-66
16
43
23
-46
-87
-23
60
47
-62
-95
7
69
46
-46
-100
-39
37
86
35
-74
-126
-26
93
95
-14
-86
-96
12
122
58
-88
-133
-23
125
95
-47
-99
-51
59
80
-40
-90
-20
35
39
-37
-53
-25
36
25
-56
-52
15
61
21
-78
-64
41
93
34
-77
-69
25
106
59
-55
-107
-16
120
111
-7
-137
-74
116
135
-7
-88
-31
70
103
14
-49
-13
17
39
36
-1
-5
-26
33
67
-7
-80
-21
90
117
-22
-143
-93
114
185
19
-128
-122
34
151
79
-75
-142
-12
129
108
-6
-112
-85
56
95
19
-39
-15
9
28
23
2
6
29
32
-1
-8
-5
19
19
2
12
-9
-22
23
24
-21
-45
-14
47
53
-46
-88
4
100
51
-87
-120
-2
107
76
-61
-106
-46
52
54
-17
-96
-68
37
86
-4
-111
-89
62
103
-3
-124
-81
71
106
-13
-116
-104
50
150
53
-103
-157
-30
146
126
-55
-165
-69
122
116
-23
-103
-87
24
95
31
-56
-55
16
13
-22
-19
3
4
-21
-42
-21
-7
19
-11
-14
-9
-29
-9
17
37
-5
-59
-11
40
27
6
-46
-28
63
66
-31
-88
-25
94
117
-1
-122
-92
96
153
35
-100
-74
53
119
30
-55
-49
55
89
17
-72
-58
85
113
4
-114
-84
62
143
94
-94
-186
-45
164
210
7
-210
-154
104
195
84
-124
-183
-8
181
135
-19
-121
-105
23
125
58
-54
-56
24
72
48
-23
-68
14
76
51
-43
-26
24
32
28
2
-42
-13
54
53
-51
-91
-15
94
84
-89
-123
18
116
43
-107
-118
36
114
50
-98
-117
7
71
17
-64
-87
13
47
7
-68
-51
21
8
8
-9
-56
-20
31
40
18
-76
-89
24
111
58
-93
-132
3
81
64
-13
-65
-71
7
69
66
-13
-109
-83
54
121
17
-94
-79
34
65
-23
-78
-25
47
31
-59
-80
-24
90
40
-71
-89
-7
84
64
-31
-82
-32
70
57
-31
-51
-6
56
53
-15
-69
-22
48
109
49
-97
-106
37
153
43
-78
-33
42
83
33
-44
-35
39
71
35
-39
-59
15
102
71
-70
-134
16
177
125
-101
-185
-26
166
153
-39
-150
-78
81
116
46
-73
-104
-6
114
104
-22
-68
-54
-14
36
67
34
-40
-42
27
91
9
-58
-9
52
55
-23
-45
27
83
34
-67
-81
7
87
55
-42
-88
-32
68
85
-37
-115
-42
100
108
-72
-155
-77
126
131
-50
-162
-56
93
53
-55
-101
-38
73
51
-54
-106
-34
94
74
-67
-147
-59
121
141
-29
-186
-123
96
202
39
-176
-168
19
158
117
-57
-144
-73
63
116
33
-97
-119
-20
96
101
-11
-113
-57
28
60
24
-59
-98
-1
80
40
-86
-79
13
84
-13
-93
-37
48
40
10
-38
-36
28
34
8
-31
-13
39
60
-6
-70
-41
51
78
37
-62
-60
56
115
30
-73
-55
76
110
14
-98
-50
91
105
-16
-63
-12
66
77
-17
-71
-37
27
115
76
-64
-129
-29
104
114
21
-100
-84
38
121
67
-71
-116
12
110
71
-39
-70
-22
13
50
31
4
-8
-13
4
55
32
10
-22
-9
36
37
-6
-18
10
47
-4
-58
0
64
32
-44
-64
-2
58
54
-42
-98
8
91
61
-83
-119
-2
93
68
-51
-113
-24
55
32
-49
-84
-11
33
14
-33
-50
-14
31
17
-40
-80
-5
74
62
5
-121
-109
37
145
77
-116
-175
-30
151
110
-73
-144
-39
81
90
16
-84
-87
-33
50
91
36
-60
-95
-37
49
55
-16
-75
-33
20
26
-25
-46
-22
31
9
-30
-50
0
47
40
-28
-74
-14
66
59
-18
-70
-10
82
43
-45
-80
13
132
74
-102
-127
47
159
57
-85
-64
44
111
36
-67
-36
58
76
19
-68
-17
52
90
-10
-93
-40
72
99
33
-78
-82
13
90
62
0
-52
-25
1
41
74
4
-73
-64
32
111
64
-59
-125
-10
86
89
10
-68
-47
45
87
29
-41
-28
39
55
-1
-27
-1
40
34
19
-34
-41
15
42
7
-52
-44
64
71
-36
-115
-23
95
90
-35
-155
-88
105
143
-29
-158
-91
78
130
-31
-136
-77
49
92
-36
-108
-54
61
88
-27
-140
-46
102
103
-41
-141
-70
92
128
-13
-110
-64
-3
40
34
28
-32
-84
-22
57
87
-19
-108
-73
42
92
34
-60
-89
-10
56
31
-33
-45
-13
19
-10
-49
-26
4
16
8
-20
-63
-24
49
62
-38
-70
1
84
45
-65
-93
41
108
25
-72
-66
40
89
47
-33
-90
-12
103
90
-1
-63
-55
74
77
-9
-51
0
74
62
-11
-50
3
53
17
-13
-47
-6
89
85
-18
-114
-66
59
154
61
-112
-112
7
118
112
-29
-135
-73
84
132
28
-66
-73
-17
61
72
-16
-40
6
35
30
-9
-5
28
47
7
-33
-4
38
53
4
-28
-15
6
3
23
-13
-28
-11
26
33
-19
-71
-24
55
79
-27
-149
-55
101
135
-64
-175
-50
105
78
-56
-106
-21
42
14
-31
-57
-21
43
15
-28
-61
-29
32
45
28
-68
-128
-9
143
129
-83
-184
-87
112
179
4
-151
-126
34
153
66
-83
-121
-28
55
93
24
-87
-100
13
61
7
-34
-38
9
17
-48
-74
5
84
28
-82
-78
21
79
36
-78
-89
12
87
78
-27
-102
-49
92
131
-13
-160
-71
117
149
19
-121
-104
54
134
55
-39
-39
-19
44
87
38
-23
-64
7
99
53
-50
-39
35
67
-9
-91
-28
108
120
-28
-116
-87
77
161
57
-116
-108
20
113
80
-34
-97
-40
65
87
22
-38
-72
-20
44
69
0
-35
26
42
-2
-31
11
44
30
-17
-20
16
36
32
-14
9
-20
-6
44
13
-33
-89
-19
78
83
-50
-112
-24
88
82
-56
-121
-71
102
153
-26
-200
-79
78
95
2
-111
-99
9
89
40
-78
-122
8
114
13
-104
-95
38
114
21
-108
-115
20
135
85
-74
-161
-63
94
112
0
-103
-92
29
93
48
-46
-82
-58
34
97
34
-59
-77
-18
68
51
-70
-99
-6
58
25
-66
-53
-2
35
31
-49
-70
12
81
33
-96
-83
63
92
29
-69
-75
38
103
3
-60
-50
28
83
56
-47
-91
-2
99
93
15
-67
-56
59
102
30
-72
-70
77
121
18
-102
-59
92
134
2
-161
-90
122
204
19
-193
-138
106
212
74
-143
-158
46
154
84
-77
-117
-15
91
69
22
-27
-58
-35
37
92
12
-56
-32
36
76
4
-32
10
50
46
-36
-50
35
59
24
-16
-42
-3
26
35
6
-33
-37
5
50
8
-86
-30
77
70
-45
-111
-58
83
108
-29
-141
-41
80
33
-64
-72
-21
41
23
-34
-66
-38
20
36
9
-84
-51
46
63
14
-70
-111
-12
101
104
-29
-159
-111
69
143
33
-89
-107
-26
76
92
-21
-80
-79
2
90
51
-60
-104
-17
82
39
-73
-63
20
49
-46
-88
0
57
33
-74
-90
21
76
15
-65
-49
42
65
0
-27
-37
-12
48
79
4
-82
-59
40
100
68
-23
-119
-34
110
94
9
-59
-25
55
72
-2
-21
7
46
45
-19
-32
8
56
64
-25
-83
-18
115
119
-35
-158
-50
99
137
35
-91
-88
0
73
95
36
-90
-104
18
121
86
-6
-98
-82
42
104
60
-50
-93
2
101
97
-29
-86
-21
91
75
-33
-50
31
62
9
-62
-45
47
54
-13
-61
-23
59
47
-52
-85
4
116
44
-122
-126
40
115
34
-89
-83
13
52
-15
-61
-34
-12
6
-12
-17
-18
-17
-23
23
3
-36
-56
3
54
50
-64
-137
-35
157
150
-72
-245
-110
171
197
-33
-220
-106
113
163
17
-128
-134
9
104
89
-29
-85
-46
16
35
35
-43
-77
-22
40
37
-47
-66
-5
39
33
-45
-65
6
66
21
-54
-60
28
83
34
-36
-82
12
84
46
-53
-69
18
122
75
-49
-144
-10
131
107
-10
-95
-18
108
97
-38
-92
2
100
97
-38
-104
6
124
76
-69
-122
5
143
98
-69
-108
-34
58
77
33
-15
-49
-15
0
63
73
-42
-117
-14
140
93
-79
-126
-11
85
79
-5
-58
-38
31
90
11
-43
-1
30
32
14
-25
-7
17
46
35
-43
-40
3
46
28
-38
-66
-2
89
45
-84
-118
27
129
54
-129
-161
20
184
75
-144
-141
0
81
43
-72
-100
9
58
18
-64
-73
-12
78
28
-94
-77
54
98
13
-129
-126
44
155
94
-91
-153
-68
82
117
31
-107
-69
4
64
65
-4
-85
-88
9
106
49
-54
-84
-7
52
34
-27
-61
-13
20
-12
-51
-17
15
35
-8
-68
-8
25
32
1
-67
-26
35
56
12
-52
-42
27
107
41
-107
-118
38
169
105
-105
-137
-3
154
99
-59
-77
4
106
54
-60
-40
51
80
15
-69
-40
52
94
26
-84
-55
41
67
63
7
-60
-92
-18
120
145
-45
-141
-72
84
125
24
-98
-83
20
118
83
-31
-117
-63
74
121
3
-71
-37
28
53
10
-9
5
48
40
-17
-38
-20
65
78
3
-63
-52
27
82
30
-63
-105
11
115
39
-106
-105
57
129
15
-144
-120
69
157
25
-138
-143
30
138
16
-138
-109
75
121
-45
-134
-48
55
80
-26
-105
-43
71
77
-7
-84
-96
-15
121
99
-58
-132
-91
43
128
46
-77
-130
-34
127
140
-48
-188
-70
92
100
-6
-81
-29
31
6
-28
-31
6
19
-32
-53
-22
11
34
-10
-37
-36
0
23
-3
-6
-2
-33
-13
43
43
-14
-72
-16
107
51
-75
-95
32
120
54
-55
-98
7
118
63
-40
-44
37
59
-1
0
26
39
-19
-17
41
51
-6
-10
18
17
-29
-30
48
85
15
-66
-74
38
108
67
-56
-105
8
92
55
-51
-63
30
34
-6
18
41
15
-53
-53
29
81
22
-39
-24
43
19
-38
11
79
55
-38
-68
26
92
39
-48
-46
26
36
4
-36
-26
8
19
25
-14
-63
-21
43
49
-13
-85
-62
18
87
34
-62
-70
-11
24
7
-39
-53
-1
15
-24
-44
-33
18
36
1
-42
-78
-23
75
84
-50
-172
-66
131
172
-16
-210
-122
93
169
10
-137
-80
31
89
38
-58
-67
-11
20
37
11
-26
-45
-22
11
17
-3
-22
-23
-9
-15
-11
-31
-9
18
7
-37
-9
-13
39
4
-52
-29
27
51
14
-33
-34
11
61
55
-46
-84
-8
106
98
-13
-110
-52
90
101
32
-53
-67
3
119
73
-46
-81
16
84
61
-9
-45
-21
76
88
-37
-131
-14
149
123
-78
-165
-40
156
158
-22
-158
-111
93
194
24
-136
-137
41
165
86
-55
-113
-51
48
77
25
-34
-24
13
51
27
5
-20
21
56
4
-43
-27
60
58
-6
-51
-17
44
53
-7
-64
-47
6
64
26
-63
-79
49
80
3
-97
-85
47
127
2
-138
-77
66
58
-58
-64
14
12
-14
-40
-29
5
12
10
-30
-58
-27
31
68
12
-75
-79
-19
64
90
14
-98
-131
-13
143
91
-60
-121
-54
85
97
-8
-108
-83
12
74
52
-20
-43
-46
7
15
-3
-30
-4
-4
-20
-34
-26
12
24
10
-63
-67
39
88
20
-104
-97
49
105
54
-55
-87
-3
87
70
-42
-87
-31
103
113
-16
-128
-63
103
134
5
-92
-49
65
111
29
-67
-48
48
84
15
-40
-40
46
73
14
-71
-66
51
102
57
-65
-122
-10
131
138
-29
-136
-64
87
95
12
-79
-72
48
85
29
-4
-27
-39
-19
61
61
-5
-25
-36
26
44
-1
-5
38
53
16
-51
-19
72
63
-33
-107
0
101
76
-50
-118
-19
74
69
11
-90
-77
11
95
73
-76
-145
-31
119
121
-56
-171
-40
81
76
-40
-118
-65
46
74
-16
-104
-53
31
93
5
-96
-63
38
89
-5
-131
-60
77
118
1
-105
-109
11
102
41
-80
-74
6
41
41
-4
-45
-48
-32
35
74
17
-65
-103
29
79
-3
-76
-62
17
45
-9
-74
-57
47
75
-37
-101
-21
76
63
-33
-81
-40
61
66
-1
-72
-40
87
71
-40
-91
-8
87
87
7
-78
-94
47
146
52
-83
-83
53
133
34
-57
-41
29
78
23
-41
-29
42
70
-10
-74
-48
62
121
43
-102
-122
35
159
96
-75
-135
0
119
61
-51
-57
2
8
24
43
54
-28
-101
-4
74
63
-25
-31
19
31
32
-5
-24
28
69
-3
-52
11
63
31
-19
-35
-11
23
37
21
-47
-73
6
90
45
-87
-102
38
136
35
-125
-142
24
142
58
-117
-113
18
75
-9
-54
-50
-19
44
9
-55
-48
2
31
18
-42
-61
2
51
61
-52
-125
-54
83
143
2
-147
-137
30
140
60
-76
-119
-16
83
56
-1
-54
-64
-23
72
81
-21
-93
-57
34
63
-3
-77
-72
28
70
-18
-101
-44
75
70
-80
-106
8
91
68
-58
-109
-14
79
96
-1
-109
-59
86
111
-11
-146
-65
138
138
-2
-139
-67
93
131
17
-53
-38
33
60
37
-3
-23
0
36
46
-3
-33
22
33
12
0
-30
2
60
54
-9
-89
-65
82
163
41
-136
-114
28
117
103
-41
-146
-37
111
109
2
-73
-88
-17
82
111
3
-65
-53
32
79
45
-20
-41
7
69
16
-38
-19
47
48
-15
-49
-16
57
57
-53
-79
-23
82
76
-79
-129
-4
120
85
-85
-149
-17
114
96
-55
-129
-51
34
55
-19
-78
-26
19
-13
-31
-24
0
36
0
-59
-70
23
62
34
-37
-120
-67
86
132
2
-160
-100
64
120
25
-107
-58
23
20
21
3
-15
-45
-28
19
32
44
-18
-54
-22
9
1
-14
-25
-16
-10
-10
-22
-13
15
34
-43
-73
-41
50
106
-34
-110
-31
86
83
-46
-90
-3
96
75
-60
-102
-8
108
123
-25
-117
-63
79
117
36
-39
-41
4
29
61
41
-26
-23
28
78
2
-51
-2
66
51
-56
-83
28
125
89
-68
-144
-55
147
171
-20
-155
-75
82
124
30
-67
-55
-18
33
76
64
-43
-88
-22
64
82
20
-53
-46
15
74
48
-24
-28
20
63
21
-51
-24
66
56
8
-68
-54
69
69
-16
-84
-68
37
97
5
-106
-49
94
95
-59
-124
-48
75
89
-40
-103
-30
48
17
-40
-66
-12
28
1
-44
-50
-15
41
22
-40
-43
-22
24
52
6
-105
-88
42
129
42
-116
-159
-6
144
100
-59
-154
-58
83
96
4
-68
-65
-27
31
70
28
-59
-74
-12
59
72
-76
-122
-9
97
17
-100
-72
65
79
-22
-120
-57
90
89
-39
-126
-19
94
82
-20
-88
-40
93
104
-33
-112
-31
87
99
21
-85
-93
63
149
38
-93
-59
53
119
14
-80
-17
80
55
-31
-15
20
44
25
-20
-24
-12
20
69
52
-35
-83
-32
44
122
67
-71
-110
-14
98
97
-4
-76
-75
20
113
67
-44
-101
-5
84
63
-30
-62
3
74
52
-51
-53
79
111
-2
-117
-53
90
107
-5
-97
-45
59
77
38
-60
-74
-28
28
94
8
-108
-70
67
128
-27
-191
-69
139
146
-75
-214
-42
141
64
-91
-125
1
89
8
-62
-83
-8
67
35
-65
-97
-7
101
66
-61
-118
-53
61
114
27
-114
-134
1
117
81
-37
-104
-59
34
86
17
-55
-70
-19
37
64
-2
-51
-50
-2
18
8
-14
-37
-9
34
-14
-63
-46
38
61
-42
-79
-14
70
48
-47
-67
-9
38
71
4
-58
-69
48
130
9
-114
-70
69
130
58
-96
-104
44
125
46
-47
-40
19
58
35
-10
15
24
8
12
10
0
-7
52
46
-36
-91
-5
122
113
-42
-153
-63
119
167
2
-149
-113
77
157
58
-98
-136
-4
142
105
-69
-114
16
61
23
-34
-5
45
76
-20
-66
-3
52
65
-4
-45
14
43
27
-10
-13
20
-9
-29
24
44
21
-76
-75
43
94
0
-94
-47
76
99
-56
-164
-60
134
138
-107
-177
-14
122
75
-80
-133
-34
66
65
-58
-113
-50
99
119
-66
-171
-36
119
110
-57
-158
-67
107
136
-22
-129
-87
24
110
37
-50
-66
-31
31
36
13
-15
-46
-55
19
87
37
-59
-47
-4
15
-28
-36
12
50
-12
-83
-60
55
78
-28
-98
-46
46
67
25
-64
-73
7
76
36
-24
-29
-14
33
74
-27
-83
-13
84
74
-15
-60
-21
35
66
15
-4
-17
7
30
38
26
-5
3
4
18
11
8
-6
21
13
15
-21
-19
55
62
8
-93
-80
65
146
71
-100
-144
4
150
103
-79
-120
-12
89
83
6
-64
-47
-2
44
34
-18
-5
12
13
6
-5
28
53
5
-17
-29
3
77
52
-33
-74
-20
96
65
-40
-78
-19
46
26
-1
-32
-46
-16
50
70
-30
-132
-40
76
82
-18
-111
-61
38
52
-20
-74
-33
24
31
-49
-78
-13
71
36
-53
-71
-15
71
54
-41
-104
-54
48
97
34
-69
-106
-35
72
73
-4
-63
-65
-17
80
68
-26
-101
-64
27
104
17
-59
-57
12
23
-32
-42
-10
37
17
-60
-61
0
53
33
-68
-67
25
52
17
-26
-65
-9
69
53
-37
-73
9
86
55
-63
-84
19
107
86
-42
-104
-26
79
70
-9
-16
17
6
24
30
32
-9
-28
21
56
17
-40
3
62
45
-41
-80
-8
109
114
-36
-145
-70
109
183
8
-134
-78
55
97
31
-39
-64
-5
54
30
3
15
-5
-37
-37
51
78
13
-45
-33
21
70
35
-2
-22
5
36
-10
-5
35
31
-8
-33
-36
37
53
3
-61
-54
28
70
-15
-81
-13
81
54
-53
-107
-42
70
83
-19
-119
-84
42
83
-17
-100
-88
38
79
9
-88
-112
23
140
27
-151
-102
65
124
35
-122
-162
14
179
112
-118
-197
-31
154
98
-69
-121
-42
83
78
-19
-78
-48
27
37
11
-3
-33
-30
6
4
4
-63
-39
41
47
-57
-93
-9
79
59
-58
-104
-24
75
44
-18
-65
-37
50
51
10
-14
-32
-20
35
54
9
-51
-4
56
30
-15
-41
-13
65
74
-13
-39
9
44
34
15
9
1
25
15
14
-12
-2
45
12
-16
-19
-16
48
94
31
-118
-108
54
156
103
-64
-154
-43
107
119
5
-92
-82
10
114
88
-63
-108
-18
90
93
-48
-83
-5
88
82
-34
-89
18
127
55
-73
-78
32
114
48
-63
-98
6
106
83
-33
-143
-50
91
114
-21
-156
-74
112
147
-34
-176
-103
100
158
-15
-168
-75
74
72
-46
-85
-20
21
17
-17
-57
-37
27
33
-21
-65
-17
63
35
-44
-98
-32
65
57
46
-57
-108
-62
48
120
39
-85
-102
-7
98
66
-59
-83
-45
45
85
16
-79
-50
22
19
-33
-42
1
26
9
-45
-50
-19
18
49
4
-90
-68
33
94
20
-83
-62
36
98
26
-59
-96
12
133
63
-99
-95
42
145
56
-108
-126
31
144
79
-43
-53
-12
52
67
12
-42
6
44
52
-23
-54
21
117
26
-108
-68
74
103
54
-62
-96
-43
92
138
4
-108
-98
34
124
62
-81
-90
21
80
27
-20
-20
17
18
-33
-40
42
72
37
-54
-50
23
70
60
-25
-35
16
34
4
7
12
25
10
-34
-10
22
43
-19
-64
-5
61
26
-67
-54
63
72
-27
-122
-68
91
119
-24
-141
-90
71
92
-1
-106
-89
16
76
14
-96
-77
51
78
-6
-107
-60
74
110
-18
-123
-92
32
126
73
-70
-154
-68
86
127
9
-116
-94
54
111
16
-92
-94
39
40
-6
-8
23
15
-38
-56
-1
39
2
-23
-29
-35
-20
-15
40
27
-40
-89
-27
71
71
-29
-102
-32
76
77
-22
-53
-12
33
52
10
-68
-53
35
91
45
-35
-76
-5
86
54
-28
-23
19
38
51
12
-22
-5
9
50
29
-7
-34
16
57
26
-65
-65
75
119
30
-119
-106
47
149
97
-71
-143
-14
108
105
-24
-102
-16
52
47
7
-12
-5
-22
-19
31
46
8
-10
-12
11
31
22
19
-6
13
20
-11
3
22
52
5
-60
-28
37
57
16
-63
-40
19
50
1
-51
-16
35
31
-34
-65
-23
41
52
-23
-87
-51
37
62
-49
-88
-27
56
62
-68
-113
5
91
7
-84
-67
-1
51
50
10
-80
-88
-14
97
102
-35
-149
-96
68
129
15
-104
-69
9
74
25
-32
-24
-19
-42
11
55
25
-53
-77
-3
69
21
-72
-55
19
28
-34
-42
-11
18
0
-37
-21
-13
15
41
-1
-47
-36
36
77
57
-53
-125
13
123
53
-96
-94
87
137
17
-130
-72
89
109
1
-43
4
50
30
-32
20
74
17
-46
-34
48
65
17
-3
-21
-8
19
42
44
-22
-45
-14
27
83
44
-49
-49
-33
41
102
41
-86
-104
25
144
45
-81
-78
29
65
18
-18
-7
49
27
-33
-24
40
68
37
-29
-50
-1
46
59
2
-32
-14
-16
35
26
21
-39
-70
-1
79
29
-67
-81
35
96
6
-111
-100
26
114
55
-96
-140
-4
112
27
-104
-92
32
75
-17
-99
-66
42
78
-11
-99
-81
42
132
22
-145
-143
23
175
97
-102
-175
-79
127
152
5
-153
-129
48
149
34
-104
-114
23
82
16
-37
-38
-6
11
-1
-41
-1
8
-17
-57
3
18
-15
-43
-3
35
-25
-85
-7
79
57
-60
-95
0
85
67
-23
-85
-27
100
95
-30
-113
-33
101
121
2
-135
-81
99
142
43
-80
-90
30
106
81
-20
-70
-9
77
59
-13
-66
7
85
52
-62
-92
42
142
65
-88
-145
15
171
106
-71
-141
-11
118
81
-28
-96
-50
59
91
35
-32
-51
-29
27
48
20
1
-19
-9
49
25
-14
5
51
50
-42
-68
38
106
6
-90
-44
56
71
8
-43
-51
-5
41
42
-26
-61
-38
32
89
6
-119
-76
64
116
-16
-124
-53
23
10
-36
-50
8
22
-18
-18
-18
-32
-12
9
30
-24
-78
-16
75
57
-67
-134
-30
120
141
-44
-196
-118
100
177
15
-140
-123
29
141
77
-99
-114
-19
78
52
-26
-59
-22
19
30
-21
-72
-10
38
16
-36
-54
-54
26
85
-4
-127
-71
49
105
36
-86
-99
24
88
44
-54
-64
10
89
42
-43
-79
13
119
58
-71
-93
-1
109
75
-23
-37
-12
65
63
-8
-55
6
83
57
-40
-69
5
93
91
-64
-118
-18
132
139
-48
-144
-46
72
118
67
-77
-124
-19
120
105
-38
-101
-26
55
67
17
-18
-41
-14
18
13
8
24
34
5
-16
-12
7
44
39
7
-30
-16
49
49
-8
-15
-4
-4
-2
30
27
-17
-42
-45
33
74
-33
-99
11
100
22
-120
-108
76
126
-28
-126
-77
37
44
6
-47
-59
-7
43
1
-65
-58
11
57
6
-83
-32
57
45
-20
-80
-80
-10
103
97
-49
-139
-85
60
124
13
-82
-83
13
72
50
-34
-69
-40
6
41
17
-15
-3
-36
-19
-12
-5
28
8
-40
-46
-25
14
38
-1
-57
-56
4
51
14
-15
-36
-52
9
74
57
-33
-88
0
121
90
-83
-127
-8
130
111
-28
-151
-33
145
105
-28
-94
14
120
63
-45
-75
4
103
73
-37
-71
14
80
49
-29
-53
-36
53
130
44
-136
-142
40
203
106
-112
-166
2
151
90
-40
-113
-28
70
74
-7
-29
9
-13
-22
-6
56
51
-20
-34
6
45
21
6
-8
33
23
-29
-31
45
54
5
-40
-23
1
36
46
-22
-67
-40
25
61
-9
-76
-25
58
62
-67
-107
-19
84
76
-50
-78
-57
-4
36
13
-31
-53
-28
7
16
-10
-47
-17
26
-1
-50
-36
23
48
-6
-95
-55
76
116
5
-161
-117
56
153
39
-133
-102
32
119
41
-90
-70
17
41
6
-33
-4
35
13
-55
-52
13
47
-7
-30
-28
-34
-19
7
37
-2
-59
-29
18
38
17
-24
-34
-5
6
37
20
-2
-47
11
68
26
-63
-46
53
105
7
-95
-58
79
92
-15
-55
15
68
47
-18
-26
20
44
33
-6
-33
6
58
61
-25
-53
-23
42
82
42
-54
-99
-17
112
110
-30
-92
-62
31
103
56
-46
-94
9
76
48
-3
-46
-49
20
47
5
-16
8
31
22
-16
5
35
35
11
-38
-23
29
60
24
1
-27
-34
7
19
51
2
-78
-53
55
89
-23
-120
-23
100
74
-70
-140
-15
126
63
-90
-107
-18
40
35
-19
-69
-41
29
20
-35
-49
-12
46
21
-61
-60
-8
79
55
-63
-118
-48
102
145
-26
-184
-120
93
168
-11
-132
-58
43
72
11
-35
-37
-12
-24
27
42
-18
-50
-23
31
18
-18
-35
-15
6
4
-37
-49
3
48
12
-72
-72
4
83
37
-75
-69
38
55
39
-27
-60
-15
69
56
-21
-79
-28
58
97
38
-82
-71
32
86
42
1
-50
-18
66
79
25
-58
-7
48
26
-20
8
44
37
-39
-29
-6
52
81
20
-71
-105
23
142
100
-33
-131
-39
75
104
18
-95
-82
43
114
29
-33
-29
-14
7
17
13
0
15
21
31
19
-37
-2
74
62
-23
-61
-12
63
66
12
-48
-48
24
72
-8
-78
-27
22
46
27
-66
-61
19
75
41
-65
-98
-40
85
95
-43
-142
-50
63
46
-29
-87
-44
34
38
-10
-60
-39
19
50
-25
-88
-22
51
70
-27
-118
-67
78
108
23
-115
-132
11
158
56
-116
-114
2
91
79
-38
-95
-48
50
42
-11
-43
-3
16
-2
-34
-26
10
26
-6
-62
-44
-11
19
32
11
-52
-58
-8
43
43
-24
-54
-29
53
103
8
-121
-62
96
119
-37
-114
-32
103
121
0
-130
-59
100
100
-30
-44
43
30
3
20
31
18
-17
11
42
24
-23
-16
60
31
-47
-53
31
98
75
-62
-133
-44
113
156
8
-123
-80
42
97
40
-32
-67
17
46
23
25
-20
-31
-18
3
32
45
30
-14
-37
-1
20
50
26
-4
-22
-7
32
38
28
-11
-24
-61
12
98
67
-59
-125
-25
111
70
-75
-96
6
103
51
-101
-115
0
120
72
-78
-125
-42
44
56
-16
-81
-37
60
17
-61
-85
25
82
6
-95
-97
71
122
-15
-125
-94
43
110
51
-75
-93
-27
42
54
14
-25
-68
-40
31
62
20
-39
-43
-49
-1
66
55
-24
-89
-40
48
43
-46
-67
-11
39
9
-32
-43
-6
49
-5
-56
-33
7
42
8
-48
-31
25
48
21
-16
-32
8
54
50
-56
-95
35
120
54
-89
-103
51
133
49
-78
-60
52
85
32
-26
-28
17
46
48
-29
-59
35
112
8
-98
-83
83
156
18
-142
-114
55
136
85
-62
-102
-21
73
59
1
-32
-25
16
21
7
23
39
-16
-78
-9
53
46
20
-39
2
27
-1
15
42
29
3
-27
-8
47
58
-9
-50
6
39
2
-9
20
-16
-60
-29
69
38
-64
-64
49
94
-21
-134
-71
69
136
-4
-144
-103
40
95
19
-81
-77
-22
49
29
-52
-41
30
33
-50
-68
10
54
30
-37
-70
-51
28
109
45
-101
-144
-25
126
122
-62
-144
-56
81
105
-11
-69
-30
-24
18
27
-5
-2
-15
5
-26
-27
-7
23
10
-65
-56
25
34
6
-33
-65
-22
22
26
1
-27
-17
-7
2
40
13
0
-32
-5
66
23
-64
-61
52
120
29
-99
-90
63
133
44
-74
-60
36
97
42
-21
-41
7
57
14
-16
11
23
32
6
-30
-47
16
89
86
-39
-143
-80
155
205
-14
-193
-106
103
155
11
-105
-65
24
77
26
-15
13
-20
-27
-6
50
40
0
-18
9
33
2
-1
33
38
3
-27
-16
53
58
-18
-81
3
72
50
-35
-73
-20
40
74
-3
-81
-60
39
90
23
-86
-106
1
83
58
-41
-109
-50
33
25
5
-30
-43
-20
-10
19
-4
-53
-23
22
1
-33
-40
26
49
-3
-91
-98
39
154
46
-108
-169
-21
147
89
-64
-120
-40
49
64
8
-53
-50
-11
13
34
24
-17
-40
-33
8
41
-7
-54
-38
22
14
-26
-49
-1
31
-20
-72
-35
56
67
-12
-80
-35
48
63
16
-48
-62
38
118
30
-135
-101
85
159
40
-106
-125
44
145
71
-52
-65
2
73
76
-3
-61
3
78
75
-22
-89
21
113
39
-84
-96
39
160
62
-84
-117
-9
107
106
13
-81
-101
40
109
59
-60
-102
9
111
62
-63
-60
11
40
39
-18
-19
14
29
23
34
-19
-31
48
86
11
-75
-36
54
71
58
-35
-97
-34
75
106
-13
-121
-63
73
96
-46
-109
-8
89
79
-68
-138
-30
95
93
-57
-125
-33
50
44
-43
-64
2
7
-15
-38
-21
-6
-1
7
5
-69
-65
34
86
25
-114
-140
46
189
80
-163
-188
-4
137
126
-66
-135
-46
83
84
-24
-107
-33
42
58
-1
-39
-20
3
13
-33
-60
-2
39
36
-35
-109
-38
67
67
-17
-62
-63
-12
42
66
-34
-77
-15
46
58
20
-32
-32
-7
59
37
-41
-56
18
91
53
-48
-93
10
103
45
-25
-18
27
75
8
-67
-6
104
73
-35
-76
14
84
69
-27
-92
4
67
72
6
-50
-46
2
47
81
25
-35
-69
-21
64
77
12
-83
-49
39
64
45
-12
-80
-8
54
23
-9
0
48
33
-26
-49
21
95
64
-42
-90
-1
100
80
-28
-81
-43
50
96
-7
-61
-34
-17
58
28
-34
-55
-20
49
47
-37
-95
-35
46
55
-15
-59
-47
-8
15
14
-18
-54
-30
1
20
-13
-56
-15
30
16
-46
-54
37
53
-3
-92
-60
14
105
67
-72
-156
-38
113
70
-40
-76
-50
37
54
-1
-39
-40
9
22
13
-12
-20
11
1
-40
-6
-3
-12
8
3
-29
-86
-30
95
75
-49
-142
-48
90
107
-29
-110
-26
64
56
-12
-58
-11
69
48
-49
-84
6
97
57
3
-52
-66
29
104
50
-42
-22
33
44
14
-18
11
51
21
-27
-12
30
59
27
-26
-60
-15
50
82
43
-10
-107
-90
77
133
58
-85
-89
37
80
34
-48
-43
20
40
5
-11
4
5
-14
-21
22
28
8
16
-22
-4
28
22
20
20
23
-19
-21
26
36
33
-23
-50
-4
68
48
-55
-77
-6
65
63
-44
-90
-36
83
102
-46
-147
-50
98
98
-42
-115
-51
57
37
-39
-75
-23
42
19
-56
-62
-2
53
19
-66
-77
12
63
22
-16
-69
-72
33
105
52
-101
-123
3
99
80
-44
-111
-44
36
55
16
-48
-48
-14
7
30
12
2
-19
-23
-29
3
6
11
-10
-37
-46
-16
8
32
30
-47
-85
-33
45
87
5
-75
-66
23
100
57
-43
-82
-32
97
70
-30
-99
-29
112
122
-28
-147
-50
131
133
-19
-85
-8
53
74
8
-27
0
43
36
3
-32
-5
66
70
-44
-85
-1
116
107
-48
-161
-56
135
150
5
-126
-88
47
100
40
-42
-53
-3
32
25
32
22
-30
-37
-3
7
43
32
6
-14
-26
-4
37
73
36
-69
-42
54
59
5
-24
3
0
-9
13
18
19
-31
-55
14
74
31
-89
-101
46
117
17
-130
-125
40
137
42
-110
-111
25
47
-12
-47
-19
-13
2
-9
-10
-25
-28
16
16
-35
-68
9
80
25
-83
-101
-4
105
67
-40
-132
-73
75
125
1
-119
-69
31
81
29
-49
-64
-26
46
38
8
-26
-42
2
14
-1
-33
-26
15
-4
-3
-43
-54
2
61
29
-79
-76
4
82
59
-56
-102
15
112
51
-67
-67
36
103
-7
-91
-51
55
101
56
-36
-96
-24
77
86
29
-34
-42
19
44
54
20
-6
-13
10
18
9
30
34
-10
-50
-5
42
49
7
-5
-11
-53
-2
91
102
-30
-128
-40
80
104
9
-78
-64
24
67
69
1
-54
-92
-4
98
72
-37
-76
27
90
14
-59
-16
70
92
-26
-90
-12
108
71
-44
-96
-14
80
90
-25
-109
-66
48
107
15
-105
-78
65
110
-18
-126
-85
31
125
57
-117
-146
10
98
36
-94
-67
3
60
3
-95
-51
68
56
-57
-104
-21
79
95
-4
-161
-109
89
157
5
-121
-117
9
87
58
-30
-61
-27
20
29
2
-39
-6
-6
-10
-15
-8
30
49
-20
-82
-44
37
37
-27
-27
-29
-15
-27
3
36
-4
-51
-32
-14
48
65
-28
-109
-30
92
86
-43
-74
-6
75
47
-41
-83
22
125
63
-66
-111
-3
102
74
-10
-26
-23
48
57
-5
-4
-7
34
65
-8
-70
-5
95
80
-58
-102
-1
125
91
-35
-118
-71
66
161
73
-109
-141
29
125
67
-56
-65
11
58
42
-32
-34
28
39
-28
-53
24
94
42
-64
-40
49
32
23
8
-3
10
-5
-4
36
70
-1
-78
-43
61
62
-2
-62
-51
40
62
-12
-86
-64
74
103
-14
-127
-115
75
144
1
-139
-103
53
86
-15
-70
-50
34
25
-40
-60
-39
32
44
-30
-73
-5
55
36
-36
-97
-51
41
116
23
-99
-95
-16
46
65
21
-56
-97
-20
85
83
-58
-134
-28
104
83
-35
-113
-15
87
26
-85
-102
16
113
13
-127
-100
45
98
-1
-98
-60
24
63
1
-26
-27
-5
24
28
11
-6
-31
-23
6
49
33
-47
-34
9
115
59
-78
-69
34
59
29
6
11
7
10
-6
19
48
43
-17
-40
9
56
55
-35
-68
9
78
70
0
-59
-46
-10
53
61
34
-3
-56
-49
35
74
41
-51
-53
14
53
33
-13
-17
-20
22
16
-8
-6
29
22
-3
7
12
25
34
22
-28
-53
17
89
52
-34
-79
-32
55
88
10
-88
-79
31
101
22
-104
-94
53
138
17
-148
-127
49
161
35
-142
-80
43
31
-32
-43
9
18
-40
-61
-2
37
17
-37
-58
-10
31
41
-14
-22
-47
-53
8
73
59
-30
-132
-56
60
93
23
-80
-71
16
60
-15
-55
-4
26
-12
-13
-9
29
27
-18
-52
-24
25
-16
-10
13
-6
-54
-53
-1
50
29
-54
-76
-13
70
81
-32
-98
-26
100
63
-78
-87
33
124
24
-103
-88
53
138
50
-83
-83
7
103
60
-41
-17
29
28
32
4
-7
8
18
26
-1
-19
26
58
35
-49
-73
15
84
94
-27
-115
-59
76
132
24
-69
-53
-1
27
41
47
-10
-49
-48
13
70
53
-50
-53
12
38
13
-18
20
31
12
-24
4
48
31
-1
-23
3
21
29
20
22
-37
-69
16
89
48
-75
-127
23
107
51
-81
-104
15
106
62
-89
-140
-12
118
77
-55
-126
-29
43
39
-12
-60
-55
24
29
-30
-57
-18
60
25
-65
-54
16
84
23
-92
-114
8
127
108
-50
-172
-103
97
162
15
-139
-107
21
84
64
-41
-63
-25
5
35
25
-21
-48
-28
32
28
-28
-44
-6
36
-25
-74
-22
26
56
-1
-76
-67
30
66
16
-61
-38
32
44
19
-17
-62
8
55
58
-17
-74
-44
76
85
26
-75
-102
53
135
46
-41
-61
37
45
12
7
17
18
25
-16
0
28
37
-5
-36
-7
20
65
35
-11
-74
-47
46
102
52
-60
-87
-8
52
79
46
-50
-79
-26
77
101
4
-93
-62
52
81
-9
-43
-5
48
47
-16
-38
24
88
67
-57
-80
22
101
72
-39
-109
-17
78
74
-10
-73
-36
17
66
26
-68
-76
4
111
49
-128
-128
34
147
39
-133
-91
36
54
-30
-43
-5
1
-21
-27
-18
-25
5
22
-3
-48
-48
27
43
4
-54
-73
-24
79
92
-27
-115
-82
34
106
29
-84
-73
7
47
37
-31
-56
-16
6
19
6
-4
-12
-12
-18
-22
-17
-2
12
3
-36
-43
-30
18
45
-2
-65
-54
-15
68
64
-35
-94
-33
69
98
0
-100
-73
87
119
-13
-134
-49
100
145
12
-144
-90
94
131
21
-55
-25
38
59
17
-9
-3
23
23
10
12
31
16
18
-13
-36
-29
33
113
62
-85
-124
15
155
114
-76
-140
-7
100
83
-8
-60
-33
20
46
28
9
-26
-9
40
8
-24
-2
51
24
-7
-16
-13
43
69
17
-36
-56
32
83
43
-21
-70
-29
53
70
2
-72
-68
31
86
5
-74
-81
10
103
47
-81
-140
-10
148
69
-111
-118
-8
81
14
-46
-78
-37
39
24
-28
-57
-42
38
32
-25
-74
-25
65
80
-48
-152
-63
140
152
-56
-176
-77
93
90
-16
-81
-21
16
-1
2
-8
4
-4
-35
-13
25
20
-7
-10
-7
-30
-41
-18
37
19
-36
-67
-35
20
53
16
-62
-78
-8
77
64
-33
-103
-25
81
76
-19
-76
-33
62
83
12
-102
-59
92
107
2
-98
-52
65
103
15
-35
-1
17
24
25
11
12
5
6
13
29
11
27
3
-30
-31
17
68
64
4
-74
-62
17
100
67
-18
-101
-31
76
80
12
-53
-50
5
46
64
3
-33
-31
8
38
-19
-25
52
75
-3
-73
-21
83
94
14
-72
-67
42
85
37
-38
-53
4
28
50
39
-35
-78
-32
38
68
-42
-79
14
63
43
-64
-116
-21
98
83
-52
-123
-27
44
16
-41
-39
28
8
-32
-69
-23
49
39
-41
-81
-20
61
50
-7
-89
-79
17
84
70
-40
-106
-51
23
75
34
-44
-81
-40
52
87
3
-84
-60
23
60
6
-34
-41
-13
58
10
-69
-55
40
55
-25
-106
-35
55
51
-16
-83
-44
20
54
35
-30
-62
1
26
49
6
-54
-57
57
105
12
-119
-95
85
158
41
-118
-105
56
149
36
-76
-33
45
81
11
-64
12
65
27
-23
-13
9
35
57
-14
-45
-24
27
78
48
-48
-90
-13
107
103
-17
-110
-63
61
109
24
-56
-63
11
68
43
-15
-42
-32
30
45
23
-33
4
50
19
-33
-16
23
56
36
-8
-43
-24
69
90
-4
-92
-40
54
81
7
-67
-64
29
42
6
-28
-33
-5
31
26
-24
-79
-38
62
82
-11
-119
-84
25
72
25
-79
-82
16
61
-5
-69
-61
43
68
-40
-107
-15
91
76
-63
-131
-47
79
87
9
-122
-110
32
116
32
-58
-101
-16
72
57
-37
-95
-12
65
49
-5
-76
-35
43
48
-18
-75
-43
31
49
1
-77
-90
11
93
31
-91
-68
15
47
51
-34
-55
-16
28
59
51
-58
-80
36
96
15
-108
-76
100
164
45
-163
-133
104
187
22
-111
-50
85
86
4
-47
-20
47
85
46
-69
-79
76
139
8
-133
-72
87
153
32
-121
-141
23
190
121
-66
-163
-48
106
121
4
-112
-53
61
102
7
-84
-37
56
49
-13
-50
-10
62
67
-11
-54
-23
60
76
6
-41
-43
30
85
43
-46
-71
4
73
47
-19
-73
-36
33
60
6
-74
-56
28
44
24
-40
-79
-44
56
73
-16
-79
-54
-24
15
45
4
-55
-62
-19
20
23
-43
-48
-5
21
-7
-17
-5
33
-13
-88
-58
53
123
35
-123
-145
-7
129
95
-75
-129
-37
86
100
-4
-127
-64
48
95
-15
-72
-32
47
60
-61
-105
8
66
40
-40
-112
-25
56
54
-5
-81
-75
33
67
42
-26
-81
-39
59
94
21
-86
-87
69
143
1
-132
-87
92
175
29
-152
-126
88
176
17
-98
-26
72
78
14
-34
-16
41
68
3
-49
4
74
59
-61
-101
19
131
96
-44
-115
-47
53
106
46
-51
-38
-37
24
68
35
-21
-40
-25
38
40
19
-23
-43
-7
37
40
5
-9
6
38
16
-38
-18
77
72
-20
-83
-17
79
82
-6
-61
-57
30
84
35
-31
-71
-33
65
32
-32
-82
-14
75
58
-34
-124
-56
88
112
-23
-144
-63
76
31
-39
-64
5
33
-46
-57
-14
28
19
-28
-44
-32
20
73
12
-89
-99
3
105
80
-46
-115
-70
20
85
47
-34
-78
-52
33
92
5
-86
-47
35
48
-6
-42
-7
33
7
-54
-45
5
29
10
-20
-62
-60
4
73
61
-74
-132
-6
105
91
-46
-135
-18
94
87
-34
-105
-26
99
86
-30
-113
-51
100
125
33
-83
-121
19
123
87
-39
-66
-2
64
67
0
-24
11
27
18
8
-18
10
59
27
-44
-61
8
123
82
-61
-131
-26
113
148
-10
-158
-64
101
99
-10
-63
-33
32
28
22
18
0
-26
-14
4
15
7
21
28
-1
-10
-7
46
61
4
-28
-30
17
52
42
-7
-28
-22
-4
58
43
-53
-69
-10
53
50
-45
-75
0
52
58
-18
-117
-74
52
124
-3
-136
-52
50
27
-29
-43
-19
-3
-16
-13
-5
-6
-32
-2
7
-13
5
12
-13
-35
-31
-22
17
60
25
-65
-97
-22
74
59
-56
-67
-2
52
38
-25
-42
-7
-1
7
2
1
-14
-5
32
2
-76
-39
28
35
-28
-68
-33
23
38
30
-61
-71
-26
46
70
10
-56
-63
10
75
53
-53
-72
6
99
20
-46
-58
13
86
75
-31
-101
-30
78
111
19
-38
-45
38
77
27
-2
-4
-3
0
-8
10
51
69
-25
-74
-26
71
97
21
-86
-80
16
91
71
-18
-45
-20
13
36
31
1
-21
-23
17
34
45
14
-81
-63
46
82
14
-63
-25
59
55
4
-28
4
52
21
-19
-30
24
48
14
-15
-24
2
10
29
0
-52
-58
35
85
14
-90
-80
27
119
31
-122
-112
52
132
19
-132
-103
29
80
-1
-67
-77
-8
38
19
-32
-74
16
35
-3
-59
-23
47
50
-30
-88
-51
59
61
1
-49
-76
-27
57
56
-10
-39
-35
6
18
7
-21
-29
-10
13
31
17
-27
-47
7
21
-16
-46
-2
46
0
-80
-63
29
68
4
-80
-81
18
69
65
-29
-93
-52
49
112
14
-92
-67
36
129
47
-106
-130
48
187
99
-118
-152
40
143
77
-43
-71
-4
70
82
-7
-59
5
56
45
-1
-54
-2
75
30
-42
-43
12
76
49
-21
-81
-53
58
146
51
-114
-142
26
138
119
-47
-162
-53
137
113
-48
-96
-6
64
14
-43
-22
60
56
-7
-36
-20
54
81
-22
-50
-3
50
31
-1
19
6
-39
-9
48
58
-12
-85
-45
54
79
-31
-109
-27
82
98
-42
-156
-61
115
115
-9
-133
-77
43
42
-20
-57
-12
13
11
-44
-63
-3
42
10
-44
-55
-10
38
41
-17
-72
-65
26
105
36
-76
-111
-20
87
77
-58
-106
-15
65
54
-9
-52
-13
-4
1
24
21
-23
-56
-5
27
-6
-40
-9
2
-13
-23
-21
-26
14
53
-16
-61
-39
5
65
28
-44
-47
-33
44
63
10
-67
-57
82
94
-33
-107
-31
123
115
-52
-128
-42
101
101
27
-45
-45
33
48
28
11
7
3
17
22
13
-25
17
32
5
-20
13
48
47
-14
-88
-30
54
89
35
-42
-61
-17
55
50
2
-38
-5
35
31
-16
-31
4
21
40
-16
-43
25
85
38
-70
-69
38
122
54
-65
-73
1
107
71
-35
-47
-9
4
25
64
18
-73
-70
19
74
12
-62
-79
37
100
16
-119
-109
51
125
23
-114
-81
42
4
-27
-1
-17
-24
-18
-6
-34
-40
49
42
-57
-92
9
110
24
-102
-100
-8
61
98
4
-96
-85
-22
43
62
14
-68
-90
19
78
35
-61
-77
12
62
16
-56
-44
41
46
-24
-64
-47
26
30
11
-48
-65
-18
7
41
14
-38
-73
-19
62
38
-31
-63
-11
40
67
-6
-58
-28
75
58
-45
-90
1
115
122
-42
-167
-27
136
119
-24
-86
5
91
39
-29
-31
41
71
21
-59
-40
70
107
-20
-97
-35
85
126
13
-109
-82
56
120
22
-54
-38
31
21
-27
21
44
-5
-29
-16
23
34
11
-9
-28
-5
25
34
17
10
-3
2
-12
11
65
73
-3
-83
-53
52
113
39
-60
-83
10
85
62
-33
-83
-32
44
63
-31
-96
-29
56
84
6
-135
-105
87
155
-9
-152
-66
40
39
-35
-40
-26
4
10
-17
-37
-32
11
1
-24
-51
5
48
34
-21
-80
-62
34
103
34
-99
-124
0
97
64
-49
-72
-36
46
66
-34
-95
-23
40
60
17
-65
-55
38
71
-24
-129
-57
88
104
-44
-142
-64
54
96
-5
-71
-68
-6
48
37
-6
-18
-29
-7
4
39
34
-37
-60
55
76
-10
-74
-46
79
133
13
-121
-89
62
125
64
-29
-98
-9
95
76
-7
-56
0
77
20
-36
8
65
8
-61
-26
68
68
-5
-46
-33
8
26
58
17
-19
9
-7
-15
1
40
37
-17
-10
-39
4
73
17
-34
-38
17
30
14
35
36
-7
-46
-45
65
121
17
-84
-75
46
124
46
-59
-105
-3
97
58
-18
-84
-46
63
53
-27
-86
-25
57
57
-8
-66
-58
7
60
46
-42
-101
-67
40
51
-8
-61
-46
0
9
2
-33
-26
4
7
-15
-52
10
65
29
-62
-109
-20
99
84
-40
-123
-69
54
101
23
-106
-81
39
82
29
-75
-70
33
61
-4
-56
-44
33
71
-4
-111
-93
43
108
25
-113
-111
16
119
47
-69
-109
-30
33
57
43
-54
-98
-9
96
88
-15
-125
-53
98
128
-22
-125
-73
93
177
18
-184
-107
131
160
8
-97
-21
74
70
-32
-51
39
65
24
-20
-18
27
45
-8
-44
-26
33
86
56
-38
-102
-30
90
108
31
-74
-69
11
70
42
-14
-40
-13
34
29
-1
-5
-33
-2
27
32
-27
-45
38
82
36
-54
-64
52
96
54
-41
-53
-12
34
67
37
-37
-79
-5
91
70
-44
-115
-34
90
67
-69
-99
19
115
49
-128
-146
32
143
56
-99
-115
0
72
6
-63
-47
-6
8
37
-48
-75
-20
57
44
-65
-74
21
83
26
-95
-101
1
95
90
-47
-146
-97
89
133
-11
-97
-51
35
62
-12
-53
-22
30
14
-11
-14
5
8
-9
-19
-35
-21
21
13
-18
-47
-53
-22
26
43
-14
-60
-35
15
51
11
-44
-58
7
80
43
-57
-58
-14
80
62
-38
-84
-4
82
88
-23
-81
-16
59
63
18
8
-3
-19
27
38
49
-4
-23
5
16
41
25
-1
2
-17
-19
18
52
71
0
-79
-85
74
138
28
-97
-93
28
116
62
-59
-87
5
73
42
-35
-24
-15
50
68
-52
-76
-3
118
75
-52
-90
-9
116
109
-33
-95
-11
95
63
-43
-23
-7
-23
15
63
28
-81
-73
23
63
20
-36
-66
-25
59
56
-33
-122
-39
82
108
-32
-154
-75
57
58
-9
-65
-47
4
20
13
-60
-21
28
0
-57
-50
36
62
5
-64
-97
16
91
43
-62
-107
-31
81
65
-14
-79
-40
38
47
-22
-58
-5
36
25
-30
-46
-32
51
58
-9
-90
-71
19
80
8
-77
-83
13
63
43
-38
-72
-33
31
73
16
-58
-54
9
44
35
9
-42
-30
54
48
6
-67
-55
57
116
62
-92
-132
30
170
80
-61
-70
20
79
38
-14
0
3
16
19
13
13
53
12
-51
-53
37
96
60
-31
-91
-44
56
101
45
-51
-62
9
43
35
-12
-39
6
25
10
-8
-6
35
27
-24
-43
0
61
39
-2
-29
-25
32
58
20
-31
-6
19
30
16
31
0
-36
-36
25
63
35
-55
-81
-4
87
45
-72
-94
2
80
79
-74
-163
-17
165
93
-113
-139
-9
64
1
-49
-16
11
-7
-16
-62
-20
24
20
12
-50
-68
19
81
25
-97
-120
15
116
68
-58
-122
-60
61
100
-1
-94
-57
42
60
5
-70
-34
50
41
-44
-75
6
74
49
-54
-78
-18
39
20
-40
-66
10
33
4
-21
-45
-11
20
-13
-10
32
4
-24
-32
4
65
36
-36
-66
42
107
-4
-92
-67
85
131
5
-132
-93
92
139
24
-32
-39
3
37
41
41
5
-5
5
12
26
21
-3
-32
-12
7
31
16
38
34
-48
-94
8
142
96
-66
-126
-36
108
110
-27
-114
-29
90
78
-43
-73
-11
88
47
-67
-79
45
124
51
-79
-62
24
95
65
-26
-61
-23
31
71
43
-5
-53
-45
15
75
50
-41
-104
-40
68
82
-39
-129
-35
131
103
-91
-157
-1
114
82
-71
-115
-21
46
16
-41
-56
-12
9
1
-18
-52
-6
25
-7
-56
-26
65
50
-39
-90
-63
45
94
14
-104
-73
28
59
27
-32
-32
-25
-13
13
36
32
-49
-67
5
65
44
-56
-85
11
69
7
-86
-82
34
91
17
-116
-104
55
120
3
-119
-65
52
60
-7
-55
-10
37
-2
-20
39
10
-21
-11
41
12
-31
-37
42
104
34
-116
-108
59
164
65
-56
-76
0
100
68
-37
-41
11
74
44
-46
-33
51
70
-4
-84
-15
57
99
18
-95
-78
56
106
43
-50
-66
1
45
33
26
-35
-35
29
49
-10
-41
1
26
27
23
-49
-47
46
102
47
-93
-84
53
132
36
-74
-78
26
104
67
-26
-64
-36
28
60
31
-46
-73
-17
66
56
-69
-112
17
132
55
-130
-152
22
150
67
-107
-117
-18
66
-4
-58
-17
31
9
-57
-55
-18
41
35
-30
-83
-28
54
68
1
-75
-109
-2
111
108
-39
-160
-80
56
126
30
-102
-102
18
72
39
-43
-42
10
20
7
-14
-22
6
10
11
-20
-66
-43
33
84
-12
-99
-44
32
65
3
-79
-60
-9
67
50
-35
-63
-42
29
84
27
-52
-58
39
76
8
-77
-69
63
131
22
-97
-65
46
91
42
-22
-19
7
32
49
12
-29
4
53
34
-15
-28
29
68
-26
-93
-7
99
113
-30
-120
-83
62
135
67
-73
-115
-9
110
73
-46
-76
11
68
34
-61
-44
52
72
-2
-64
-54
23
81
50
-21
-60
3
60
69
4
-40
-26
25
51
34
-9
-27
-35
36
58
-6
-67
-45
48
48
-6
-45
-51
13
62
37
-43
-92
-48
57
97
6
-108
-93
13
70
17
-69
-62
11
32
-25
-56
2
48
-27
-72
-17
43
68
11
-86
-114
-16
125
100
-76
-151
-65
79
117
18
-84
-91
6
74
43
-46
-85
11
66
9
-51
-53
19
58
0
-89
-58
46
64
-19
-74
-58
15
43
-18
-13
-20
-26
-6
11
28
-5
-33
-34
13
63
17
-48
-29
30
51
14
-64
-64
48
133
51
-92
-110
31
124
47
-30
-22
16
17
29
24
44
25
-31
-31
34
60
19
-33
-34
28
56
13
7
5
-35
-39
12
43
82
38
-85
-72
28
95
27
-63
-57
52
49
-19
-21
4
30
1
-25
-1
39
43
-6
-19
5
27
18
4
48
51
-42
-62
22
85
45
-64
-49
12
48
26
-13
-45
-15
35
26
-27
-72
-1
71
74
-62
-139
-31
118
81
-74
-108
-10
35
16
-25
-59
-16
21
-17
-35
-33
12
29
-22
-48
-39
29
39
12
-62
-86
-9
69
76
-19
-86
-50
-1
53
27
-49
-37
-14
18
28
-12
-34
-14
-17
37
7
-16
-32
6
11
-10
-31
-34
-1
35
-2
-72
-58
30
65
26
-96
-95
9
87
34
-47
-42
-25
21
72
33
-48
-71
17
104
29
-73
-93
33
129
73
-63
-126
-12
137
82
-33
-59
-8
67
65
15
-16
-7
33
12
-18
26
54
34
-44
-44
10
71
64
-13
-71
-41
55
91
27
-49
-34
0
33
44
20
-38
-28
8
54
13
-11
9
-9
1
13
4
-14
-4
30
59
6
-49
-33
69
98
8
-78
-60
71
114
29
-84
-97
35
105
49
-66
-116
-17
105
76
-69
-122
-20
112
88
-59
-138
-64
82
121
0
-134
-102
35
75
25
-64
-84
-11
12
10
-7
-46
-9
24
-36
-55
28
45
9
-35
-84
-39
60
80
-4
-90
-100
10
76
75
-38
-98
-37
48
67
-1
-82
-54
38
64
-14
-68
-23
74
46
-57
-107
-22
77
62
-49
-99
-39
32
34
11
-25
-61
-36
-1
69
66
-36
-94
-44
94
99
-35
-103
-17
117
72
-75
-113
18
140
87
-75
-116
16
93
64
3
-5
-13
-18
25
64
35
-12
-8
-5
27
18
27
14
-25
-51
3
77
76
19
-68
-81
5
87
81
13
-73
-78
28
90
32
-44
-71
20
93
46
-52
-73
-4
71
58
-30
-93
25
104
62
-69
-100
43
152
67
-96
-97
32
91
52
-10
-54
-33
7
51
28
-24
-56
-21
48
37
-2
-74
-43
59
102
-14
-145
-75
80
120
0
-145
-108
44
105
-1
-98
-54
22
37
-18
-56
-15
29