#4
217
-67
-143
165
409
253
-137
-210
181
463
231
-140
-148
219
390
168
-126
-66
236
340
110
-108
-26
267
338
57
-130
32
297
265
-22
-95
119
257
142
-9
21
183
177
-3
-65
130
310
170
-111
-146
131
368
252
-83
-194
61
349
256
-31
-123
79
214
142
19
51
144
84
-26
77
227
182
-10
-117
67
310
251
-55
-166
56
346
300
-72
-239
96
431
257
-153
-203
162
390
145
-151
-101
198
273
42
-111
28
214
180
-12
-91
97
225
100
-55
-5
161
194
-23
-78
100
246
139
-100
-102
145
334
151
-167
-162
174
412
199
-163
-193
122
359
193
-80
-84
152
188
5
-42
163
275
41
-215
-61
338
403
24
-343
-187
375
522
45
-410
-202
375
508
33
-346
-143
323
395
-10
-263
-37
268
259
-18
-166
19
236
178
-64
-72
158
232
-11
-151
66
302
180
-114
-133
147
302
117
-114
-81
184
262
26
-141
-8
221
252
11
-179
-8
258
242
-39
-178
0
260
214
-36
-122
25
158
103
-1
4
92
90
-10
-60
58
234
138
-94
-169
44
310
211
-100
-213
-15
258
242
30
-144
-107
112
231
130
-44
-58
18
81
117
120
10
-52
22
124
153
50
-56
-30
94
202
100
-63
-96
44
177
146
-8
-102
12
156
129
-25
-80
50
151
59
-81
-12
131
128
8
-61
9
92
68
-16
28
109
56
-53
3
151
136
-28
-105
36
201
178
-13
-146
0
181
188
25
-86
10
98
76
38
38
85
50
-42
-26
97
218
100
-157
-158
145
326
142
-215
-254
113
394
191
-199
-263
91
322
147
-145
-159
82
216
95
-96
-87
82
161
68
-54
-28
106
86
-6
-35
82
158
64
-92
-29
146
158
-20
-95
55
181
103
-75
-93
137
193
20
-139
-17
208
173
-43
-178
-24
203
189
-21
-144
-23
160
112
-37
-74
38
140
38
-150
-50
230
234
-109
-284
-40
307
304
-66
-326
-123
248
306
25
-235
-148
147
253
73
-148
-103
62
162
87
-16
-30
-1
40
60
85
75
-43
-79
80
157
67
-74
-90
31
151
115
-39
-123
2
133
91
-29
-94
-13
128
94
-55
-121
-7
166
146
-52
-164
-36
169
130
-53
-111
16
135
70
-21
-17
23
15
-3
53
141
64
-69
-98
45
156
135
17
-96
-69
46
139
115
24
-91
-92
37
181
149
-27
-137
-69
108
172
92
-77
-135
-1
186
162
-29
-177
-64
170
187
-26
-168
-21
169
143
-86
-134
8
155
112
-56
-71
19
106
55
-21
1
60
79
0
-37
49
81
30
-5
36
81
18
-24
-4
45
113
70
-49
-84
19
176
114
-91
-155
18
200
133
-75
-151
-31
134
120
-16
-72
-19
35
19
19
65
72
1
-140
-88
108
234
64
-188
-193
61
272
153
-145
-266
-10
309
220
-118
-258
-64
200
228
-38
-209
-44
181
151
-53
-95
8
132
60
-49
-4
56
20
-55
-14
93
102
-28
-106
-50
103
117
-33
-112
-2
97
49
-44
-69
17
117
25
-103
-85
68
136
22
-95
-60
57
89
40
-9
-21
-22
17
49
73
57
-30
-55
32
79
68
15
-23
-34
-28
55
152
81
-93
-157
5
190
175
-15
-189
-110
131
264
76
-206
-210
56
246
161
-104
-201
-9
168
116
-50
-117
-25
79
109
3
-117
-49
86
87
2
-24
4
2
-5
32
47
59
4
-34
-6
51
52
6
-19
48
64
0
-47
-1
86
98
-5
-83
-51
83
133
29
-118
-88
66
131
68
-41
-116
-49
61
95
42
-46
-75
-21
26
28
57
67
-37
-125
-68
90
191
61
-169
-186
13
260
186
-143
-271
-39
249
224
-63
-228
-133
145
246
23
-179
-117
106
186
34
-118
-86
88
132
39
-68
-58
5
39
46
43
24
-31
-61
-9
62
65
-15
-73
-31
46
72
-20
-89
-33
84
125
-48
-153
-45
111
137
-42
-148
-50
130
159
0
-134
-80
49
129
79
-21
-81
3
61
27
6
57
62
-53
-124
-4
200
140
-106
-196
1
224
151
-79
-187
-54
170
156
-19
-144
-82
62
143
76
-79
-124
-7
145
82
-76
-85
-23
56
66
29
-66
-96
22
91
57
2
-32
-60
-7
72
92
14
-55
-51
48
96
-8
-51
-6
55
93
18
-81
-69
67
163
64
-127
-124
42
166
74
-97
-119
7
129
91
-40
-94
-61
28
71
32
-40
-21
-16
-30
-5
74
97
-5
-140
-97
77
161
51
-125
-157
-7
155
153
-40
-163
-111
102
184
63
-130
-155
-4
168
139
-54
-164
-35
128
123
-17
-112
-29
124
83
-39
-84
25
45
-42
-15
60
57
-47
-90
18
92
17
-59
-28
53
2
-68
-55
35
106
19
-107
-104
38
148
49
-112
-121
21
129
94
-59
-92
-23
43
77
62
14
-52
-51
19
78
84
0
-42
-40
-6
58
76
42
-38
-91
-34
90
128
24
-106
-120
42
167
99
-83
-176
-25
143
157
-13
-168
-89
88
157
7
-134
-77
55
121
6
-84
-56
0
56
60
1
-29
-56
-2
81
50
3
-33
-12
52
54
-5
-61
-6
105
83
-34
-106
-6
130
113
-44
-120
-32
103
93
-20
-63
-51
8
74
70
-17
-64
-45
4
24
45
11
-32
-40
-40
13
68
61
-34
-112
-73
73
153
54
-134
-169
-18
160
176
-36
-226
-145
155
248
19
-238
-153
91
210
49
-135
-117
38
120
49
-63
-60
4
75
66
-14
-64
-27
11
34
19
19
-21
-38
-32
-3
24
32
-4
-61
-33
35
19
-26
-25
1
28
8
-44
-55
-5
82
65
-69
-121
-2
149
105
-90
-144
-40
125
151
-9
-108
-33
63
60
-4
26
28
-40
-98
41
155
101
-82
-188
-60
149
215
40
-170
-187
32
233
174
-96
-242
-86
173
221
9
-206
-165
108
202
59
-141
-148
19
135
70
-49
-96
-58
31
93
65
-25
-84
-53
65
104
13
-36
-56
0
64
52
-2
-33
10
64
20
-42
-37
28
85
47
-45
-69
21
79
38
-43
-67
-30
64
88
17
-51
-85
-21
37
50
-1
-37
-44
-43
-10
96
96
-43
-143
-93
77
156
57
-125
-193
-14
168
188
-12
-248
-155
146
229
40
-181
-187
48
210
125
-114
-212
21
182
81
-92
-114
30
104
49
-31
-33
4
-4
-9
29
49
2
-68
-87
22
118
43
-105
-103
16
112
37
-107
-113
47
156
13
-158
-90
74
142
6
-138
-104
71
150
23
-103
-93
42
98
51
-17
-55
-6
8
40
55
30
-6
-52
-83
10
145
108
-58
-176
-75
142
209
37
-199
-204
60
248
154
-143
-255
-38
202
202
-48
-220
-106
128
196
-3
-186
-83
84
110
1
-100
-65
2
66
18
-21
18
-12
-63
-23
66
94
-1
-70
-37
76
75
-34
-57
26
95
19
-81
-64
73
129
28
-105
-102
57
141
42
-98
-111
23
99
47
-25
-46
-51
-44
46
95
7
-89
-62
-11
13
58
79
13
-124
-123
37
162
112
-109
-198
-62
155
194
-8
-193
-135
64
192
91
-135
-176
9
182
99
-86
-135
-3
137
67
-52
-62
-6
74
68
-30
-61
-25
17
14
26
60
-2
-80
-81
47
91
-6
-115
-45
90
84
-49
-149
-50
106
119
-60
-175
-47
119
128
-6
-127
-89
26
102
48
-55
-62
-24
36
84
51
-19
-57
-48
29
66
59
8
-62
-71
-15
87
138
8
-161
-130
96
204
59
-161
-170
14
207
145
-94
-208
-86
145
217
13
-203
-158
94
189
47
-141
-116
19
75
47
-41
-66
-13
27
23
40
16
-32
-70
-14
76
75
-24
-48
15
48
15
-34
7
44
30
-28
-19
7
19
48
53
4
-61
-68
51
125
36
-133
-129
59
186
66
-150
-165
4
126
79
-26
-64
-44
-9
-29
38
110
39
-119
-166
-15
215
130
-134
-221
-37
188
187
-54
-210
-106
107
157
47
-103
-147
-5
126
114
-40
-158
-40
118
117
-1
-125
-64
60
112
52
-64
-103
-24
58
73
25
-61
-77
-8
42
32
-29
-44
-8
3
0
-26
-15
21
28
17
-54
-87
-25
61
69
-12
-99
-48
50
83
32
-46
-92
-60
78
134
58
-86
-117
16
114
71
-30
-54
-1
13
-31
31
85
75
-85
-187
5
232
176
-115
-290
-67
277
259
-105
-309
-85
229
219
-52
-226
-91
125
173
-1
-186
-93
102
147
-15
-154
-63
79
81
-30
-66
38
43
-38
-22
26
66
13
-61
-22
41
66
-7
-59
8
104
93
-66
-118
-5
125
106
-53
-136
-29
119
105
-25
-116
-83
81
143
37
-113
-137
16
97
33
-41
-42
-12
6
-37
-27
59
89
-52
-179
-54
161
193
-55
-276
-141
168
260
20
-222
-190
55
238
104
-120
-199
-47
139
160
-9
-170
-99
116
150
-19
-135
-53
114
108
-43
-105
-14
85
13
-48
-1
46
-7
-80
-40
38
30
-25
-28
19
28
-50
-84
-10
86
67
-76
-122
-20
84
75
-16
-101
-55
65
73
5
-39
-60
-6
41
83
33
-47
-64
-5
46
44
36
45
-34
-105
-49
99
174
27
-148
-178
31
221
153
-84
-255
-91
223
243
-29
-262
-154
139
261
39
-197
-173
47
197
84
-124
-141
4
112
50
-51
-69
-7
45
24
-5
6
4
-61
-55
57
130
29
-94
-66
82
97
-23
-76
17
71
30
-19
-47
-1
76
79
-15
-88
-44
58
116
22
-108
-114
27
142
72
-70
-119
-72
56
97
20
-51
-66
-39
5
46
56
-4
-63
-93
-35
109
139
-8
-203
-154
101
235
74
-201
-221
36
235
132
-135
-215
-2
162
115
-47
-119
-48
62
90
27
-60
-76
13
87
76
-29
-82
-47
0
63
56
-1
-54
-73
-11
50
32
-26
-49
2
24
-4
-51
-52
30
68
-19
-84
-63
31
110
12
-85
-93
15
110
53
-63
-100
-16
70
57
33
-25
-63
-4
25
25
53
48
-25
-115
-57
116
142
-7
-145
-109
87
172
59
-102
-147
-26
118
136
-17
-142
-95
66
146
30
-107
-99
6
117
74
-82
-119
-5
95
67
-46
-87
-46
48
93
-8
-63
-11
30
-11
-12
40
48
-1
-74
-31
117
95
-52
-96
28
118
53
-114
-99
104
163
-6
-172
-96
147
190
-6
-183
-125
87
149
45
-74
-108
-24
26
74
37
-54
-57
-62
-10
55
88
27
-92
-150
-12
135
134
-12
-169
-151
58
204
120
-137
-230
-43
215
203
-59
-260
-156
170
264
17
-249
-163
153
229
-2
-177
-126
83
180
43
-123
-83
60
55
-62
-24
61
36
-85
-76
35
128
2
-143
-96
77
136
-39
-171
-60
133
131
-85
-187
-25
153
113
-95
-168
-23
141
129
-74
-158
-32
95
114
8
-64
-33
26
31
-10
36
63
-3
-89
-73
53
142
83
-92
-182
-16
169
165
0
-196
-166
106
255
90
-210
-246
27
273
181
-137
-263
-63
222
182
-104
-212
-8
164
66
-123
-101
53
81
-23
-73
20
83
3
-105
-35
96
93
-33
-97
-3
101
52
-45
-45
58
81
-27
-82
-14
71
70
-20
-83
-28
85
103
-34
-103
-49
55
94
9
-82
-37
-5
8
9
19
23
-34
-67
-64
24
102
78
-54
-161
-78
102
166
36
-175
-181
23
210
134
-129
-216
-39
179
147
-34
-175
-128
82
178
72
-132
-149
39
162
86
-83
-135
3
126
65
-48
-72
-2
16
-3
27
36
-27
-78
-6
57
29
-44
-71
16
57
-7
-66
-52
28
82
-6
-87
-45
10
27
45
15
-73
-90
21
123
69
-86
-136
9
124
102
-22
-104
-32
30
67
55
22
-28
-90
-40
82
114
36
-87
-123
1
155
131
-51
-181
-84
129
184
8
-188
-126
83
189
61
-131
-141
21
119
74
-60
-103
-17
49
58
-2
-73
-68
9
92
38
-15
-45
-58
15
81
54
-32
-96
-22
84
95
-6
-83
-10
96
93
-20
-118
-47
97
111
20
-128
-85
93
153
13
-141
-104
65
118
24
-85
-67
6
15
4
-5
17
23
-61
-117
2
140
121
-87
-218
-102
171
249
-19
-270
-158
94
214
97
-143
-194
-39
135
156
-14
-158
-123
72
180
62
-129
-147
43
138
52
-61
-103
-9
101
112
-39
-104
-54
44
60
30
-2
-54
-45
3
39
22
-43
-61
11
67
10
-100
-81
39
107
32
-122
-112
40
112
48
-79
-130
-15
113
111
-35
-104
-54
22
102
63
-6
-51
-64
4
61
65
37
-33
-87
-57
73
148
43
-110
-128
-2
143
133
-26
-157
-117
95
180
42
-125
-154
-9
159
171
-28
-229
-126
153
214
-21
-210
-97
134
146
-36
-156
-67
91
104
-22
-61
-20
19
11
10
21
9
-22
-33
35
81
5
-50
-18
54
91
4
-96
-66
81
130
-1
-95
-63
65
130
10
-112
-86
37
112
42
-49
-75
-36
-8
38
64
-10
-81
-50
-11
40
58
13
-37
-64
-57
8
115
94
-90
-186
-58
160
184
-54
-231
-112
162
254
-1
-260
-176
124
260
27
-210
-155
110
195
15
-126
-77
51
91
44
-36
-71
9
12
8
16
10
-15
-48
-44
32
33
-9
-52
-19
18
7
-35
-58
-17
99
46
-93
-114
-16
90
87
-34
-129
-75
81
146
51
-127
-154
12
151
126
-46
-130
-64
60
111
28
-13
-44
-41
-29
53
105
39
-66
-115
-21
120
108
9
-121
-123
49
191
79
-121
-171
-21
169
134
-69
-171
-43
119
115
-38
-136
-42
73
87
-30
-89
-21
36
36
-13
-2
21
-16
-51
-13
77
63
-26
-66
-8
81
68
-47
-64
34
92
47
-67
-91
38
109
59
-57
-79
-3
88
93
-42
-126
-47
62
118
27
-116
-116
-6
116
70
-49
-79
-40
-10
12
44
65
-7
-111
-118
17
192
117
-143
-234
-28
235
194
-110
-275
-80
205
194
-21
-189
-130
77
148
37
-76
-84
5
81
61
-19
-56
-10
45
24
1
4
-7
-41
-25
13
48
26
-24
-67
-34
54
24
-47
-45
24
37
-49
-64
-17
63
92
-56
-151
-57
123
137
-64
-195
-62
146
163
-23
-142
-91
65
132
35
-66
-42
19
31
-21
1
71
52
-54
-111
-21
137
159
-35
-223
-113
172
229
16
-188
-169
38
214
132
-102
-220
-58
178
178
-34
-196
-82
89
136
18
-127
-89
36
93
25
-55
-88
14
24
12
30
14
-38
-61
9
96
49
-41
-71
13
66
37
-42
-54
29
98
40
-59
-95
-2
151
107
-85
-153
2
156
90
-80
-140
-24
102
86
-23
-74
-66
-17
55
54
-10
-51
-51
-54
-16
98
109
-18
-167
-104
101
154
23
-123
-131
-20
111
145
-1
-171
-122
69
169
60
-114
-169
0
180
127
-88
-165
-19
142
102
-43
-112
-21
58
101
25
-88
-49
33
11
7
39
34
-60
-104
5
113
46
-104
-84
28
69
11
-84
-73
55
106
-5
-154
-84
101
146
-13
-177
-110
111
170
16
-149
-101
58
115
45
-27
-39
-21
7
14
38
55
27
-79
-78
20
90
79
-15
-103
-76
54
131
76
-92
-154
-1
149
127
-61
-168
-66
112
156
-23
-176
-80
124
137
-22
-151
-71
70
94
-10
-92
-76
26
105
11
-75
-18
40
13
-27
-2
37
34
10
-35
-12
27
20
11
5
22
38
-25
-47
-12
58
75
15
-67
-41
39
103
25
-111
-96
34
127
68
-94
-138
-24
118
99
-57
-106
-16
25
13
-22
48
38
-63
-135
-13
160
142
-76
-214
-93
148
210
-3
-203
-158
63
233
102
-140
-217
-24
202
146
-69
-192
-45
148
112
-43
-103
-27
73
89
-3
-77
-59
50
35
-1
-14
-25
-12
-24
10
30
12
-53
-80
17
69
-16
-82
-28
49
42
-22
-73
-70
0
90
61
-73
-123
-23
130
116
-59
-141
-64
105
130
6
-86
-35
37
20
17
28
41
-4
-98
-68
106
163
21
-157
-167
53
238
129
-150
-243
-18
243
188
-104
-242
-48
180
163
-40
-185
-97
109
141
0
-123
-75
66
64
-9
-29
-29
-4
-8
9
29
37
-21
-69
-24
86
96
-23
-77
-39
68
82
4
-62
-9
67
48
-12
-62
-30
72
123
-6
-115
-63
95
113
7
-131
-94
51
148
51
-101
-88
-2
26
40
4
-8
-32
-54
-38
12
84
55
-68
-160
-29
168
170
-64
-279
-124
194
263
-18
-289
-160
130
236
43
-166
-183
49
169
88
-103
-158
20
161
75
-90
-116
5
105
82
-38
-98
2
33
11
-38
6
49
3
-88
-50
41
70
-39
-84
7
67
4
-93
-63
41
85
-15
-123
-71
72
110
-3
-121
-105
52
135
69
-79
-130
-28
107
122
15
-81
-68
6
72
47
14
-13
-10
-29
-13
31
80
39
-100
-128
43
153
121
-95
-180
-19
160
171
-43
-195
-120
110
209
47
-174
-153
48
180
67
-133
-129
30
141
19
-102
-59
14
64
10
-29
18
15
-47
-52
47
111
22
-85
-43
79
89
-47
-91
32
140
78
-136
-160
73
233
74
-176
-163
72
203
50
-124
-115
8
87
59
-30
-37
-22
-46
-20
61
81
-12
-98
-93
6
90
79
-11
-119
-91
13
128
119
-87
-199
-73
139
186
-2
-167
-146
47
165
79
-70
-144
-59
99
112
-12
-88
-62
58
82
21
-67
-60
55
90
37
-57
-71
9
5
-18
44
47
6
-87
-80
57
81
-24
-96
-22
69
22
-78
-64
31
86
-11
-107
-69
56
96
18
-86
-85
22
83
56
-40
-86
-42
59
111
34
-44
-68
-7
39
49
33
-2
-42
-51
-21
73
119
10
-111
-116
37
169
88
-62
-176
-80
121
181
30
-180
-154
66
204
97
-147
-175
-3
143
103
-71
-119
-41
52
74
-17
-65
-46
7
36
42
1
-30
-64
2
66
51
-8
-30
-23
28
50
4
-27
-23
56
69
-22
-92
-19
97
117
-5
-105
-73
58
139
42
-123
-141
43
176
70
-120
-136
-4
104
73
-62
-90
-4
48
-29
-49
35
69
16
-91
-89
57
130
38
-122
-166
9
205
126
-122
-209
-37
175
182
-77
-228
-70
164
175
-41
-178
-48
146
99
-66
-93
-8
60
65
12
-23
-25
-29
-2
34
20
21
-16
-84
-35
62
68
-46
-103
-12
70
60
-62
-127
-5
143
76
-121
-191
8
178
106
-113
-193
-19
180
140
-66
-166
-64
91
113
42
-65
-65
10
24
19
58
53
-19
-114
-68
95
153
25
-146
-115
49
158
76
-64
-123
-52
100
135
7
-142
-102
74
152
39
-125
-139
34
155
61
-134
-135
31
154
46
-114
-115
40
133
1
-137
-18
125
20
-86
-47
82
93
-20
-90
-31
82
79
-26
-65
34
100
-8
-126
-17
149
116
-80
-138
-9
131
117
-46
-138
-47
62
95
30
-68
-83
-38
39
80
34
-61
-70
-44
15
28
27
35
-20
-95
-88
65
176
34
-165
-210
29
270
150
-188
-279
-28
269
184
-105
-259
-74
188
179
-39
-181
-121
103
170
47
-103
-107
28
101
61
-54
-90
0
53
28
-20
-11
-9
-45
-31
52
42
-48
-65
-11
68
0
-85
-59
59
76
-26
-96
-40
25
43
34
-28
-70
-51
45
100
25
-72
-88
15
94
60
5
-69
-53
35
71
67
9
-66
-60
-23
83
122
9
-100
-136
37
183
103
-65
-183
-73
145
178
16
-183
-121
68
184
66
-119
-155
16
138
77
-79
-111
31
70
-20
-40
-6
15
-5
-36
-10
73
79
-77
-143
17
156
99
-78
-108
35
97
20
-41
-16
38
39
3
-50
-15
79
76
-23
-72
-35
51
94
6
-109
-69
44
111
25
-70
-68
-7
29
-12
-1
30
8
-68
-84
14
111
65
-82
-160
-31
132
136
-25
-166
-106
38
131
101
-69
-164
-67
123
143
-9
-134
-121
45
140
31
-70
-90
17
101
24
-54
-34
20
27
23
-7
-11
-24
-12
-5
31
34
-9
-61
-52
31
54
-18
-72
-17
66
23
-62
-89
-16
103
76
-78
-146
-8
119
82
-78
-152
-25
151
131
-55
-168
-84
122
174
29
-122
-99
43
104
30
-46
7
55
-40
-107
-5
162
142
-106
-205
-24
207
162
-60
-200
-86
133
188
23
-177
-151
62
181
82
-95
-128
-40
90
110
-19
-112
-63
61
83
-19
-84
-36
50
32
-13
4
43
-20
-63
-31
92
96
-38
-113
6
114
59
-62
-72
41
86
14
-57
-21
35
48
32
-14
-55
-11
64
54
-28
-69
-32
44
78
9
-43
-84
-35
44
64
12
-58
-82
-18
34
51
47
-38
-119
-60
81
167
32
-159
-151
24
170
117
-89
-174
-90
110
202
41
-200
-178
76
244
89
-189
-215
74
229
65
-142
-137
65
170
24
-97
-56
33
32
-16
-17
44
40
-78
-104
24
117
13
-146
-66
102
82
-59
-134
-45
121
92
-79
-137
-41
108
100
-53
-139
-26
101
87
-38
-77
-32
17
45
40
32
-23
-53
2
33
47
37
3
-62
-90
-7
155
125
-69
-191
-61
140
182
15
-177
-140
60
187
96
-141
-171
26
160
82
-87
-136
0
116
93
-70
-142
1
73
47
-9
-59
-32
7
35
32
-11
-28
-42
-1
48
69
5
-64
-29
67
52
-34
-52
8
95
62
-63
-81
12
83
99
-10
-120
-63
92
139
8
-136
-108
64
151
2
-104
-57
24
14
-6
12
26
10
-52
-100
-7
112
73
-53
-135
-71
72
145
51
-129
-148
-26
143
140
-38
-179
-97
85
164
49
-155
-142
47
166
73
-90
-126
-5
104
66
2
-55
-49
48
57
10
-54
-39
6
46
30
-14
-16
-22
-23
-4
8
20
-37
-40
-2
45
3
-81
-39
68
55
-69
-111
-26
100
75
-32
-117
-48
75
103
18
-83
-92
9
106
80
-12
-66
-25
37
33
-5
25
40
-37
-85
-30
120
120
-40
-172
-83
163
212
-13
-215
-133
101
199
68
-129
-174
-5
154
104
-28
-111
-90
43
142
60
-125
-123
36
97
48
-68
-103
-20
89
69
-22
-54
-49
24
61
21
-29
-37
19
55
13
-19
-36
8
31
48
14
-28
-29
22
65
57
-39
-85
-11
92
92
-50
-116
-54
60
123
41
-89
-122
-26
75
51
-2
-56
-59
-41
-13
82
105
-12
-152
-108
73
157
54
-124
-161
-19
156
120
-79
-148
-46
110
118
-11
-105
-96
33
132
75
-67
-139
-16
153
101
-67
-118
-16
90
81
-9
-81
-30
41
19
-3
30
-18
-44
-43
31
54
-7
-53
-62
19
49
-26
-61
-36
59
63
-48
-96
-34
40
94
10
-90
-87
19
124
63
-65
-120
-58
106
137
37
-93
-107
6
92
91
21
-48
-70
-27
39
99
75
-58
-155
-51
150
152
-12
-165
-106
78
147
74
-77
-143
-59
103
174
11
-175
-124
83
170
3
-141
-75
58
85
14
-84
-87
47
85
0
-60
-24
14
17
6
5
15
7
-12
35
34
-24
-33
-4
75
64
-33
-75
-32
83
101
-27
-67
-35
36
90
44
-38
-112
-42
84
99
15
-87
-108
-21
75
77
-25
-59
-23
-36
-19
28
85
53
-110
-151
30
162
89
-93
-178
-46
118
177
-16
-213
-117
136
206
-4
-188
-126
80
175
13
-115
-87
39
112
44
-59
-72
13
76
35
-42
-42
7
20
-2
2
26
6
-43
-53
-4
55
35
-83
-52
37
45
-27
-97
-35
86
75
-41
-129
-47
81
74
-11
-126
-62
92
98
-4
-88
-74
-1
83
93
13
-71
-63
42
68
5
-11
27
13
-34
-60
41
109
35
-95
-123
26
173
134
-103
-201
-21
196
139
-111
-204
-12
195
122
-68
-171
-53
103
119
-12
-105
-28
44
35
-22
-49
3
35
14
-37
-21
52
45
-37
-77
1
120
85
-47
-116
0
107
59
-42
-52
38
90
20
-92
-39
101
95
-36
-109
-38
105
142
-25
-170
-101
129
167
-45
-144
-71
67
93
-19
-91
0
59
-21
-70
-34
83
80
-46
-156
-54
130
154
-47
-187
-99
113
172
9
-197
-125
106
199
11
-165
-122
51
157
42
-110
-105
28
101
52
-22
-68
-39
49
75
16
-35
-48
-34
-4
65
60
-25
-80
-66
45
82
-32
-86
-31
59
36
-60
-95
-32
69
85
-17
-102
-93
36
102
37
-80
-112
-17
121
115
-60
-158
-42
123
118
-23
-71
-12
22
7
21
54
28
-35
-88
-28
102
119
7
-141
-85
99
118
27
-81
-97
-28
87
127
18
-125
-99
33
134
86
-72
-145
-29
109
111
-52
-104
-36
66
82
-32
-100
-25
50
54
-5
-4
-9
-37
4
29
31
18
-30
-12
47
31
-24
-33
41
81
7
-75
-45
77
88
3
-61
-70
25
104
62
-22
-106
-80
45
117
62
-82
-133
-17
88
67
-41
-81
-18
15
10
6
14
11
-25
-54
-35
41
105
5
-137
-114
50
169
67
-142
-159
25
168
78
-78
-140
-20
116
124
-43
-136
-50
94
95
-6
-61
-47
27
59
4
0
-13
-36
-20
46
46
5
-65
-51
18
54
0
-65
-27
33
25
-50
-67
-6
63
40
-41
-77
-23
24
43
17
-63
-48
11
43
70
-10
-92
-47
36
95
61
-11
-61
-59
11
70
83
23
-67
-92
-1
96
106
6
-121
-138
64
221
106
-151
-241
5
236
163
-126
-232
-45
164
165
-10
-157
-113
57
142
26
-111
-87
29
90
5
-53
-66
-20
51
46
-3
0
-45
-36
21
54
58
-44
-56
-4
81
51
-58
-65
29
99
55
-78
-89
15
120
98
-43
-112
-53
77
109
40
-99
-117
3
124
102
-48
-153
-78
47
107
40
-60
-53
-38
-34
20
100
51
-78
-147
-36
153
155
-48
-200
-129
106
234
52
-197
-197
33
232
115
-118
-215
-43
190
158
-62
-198
-66
150
162
-20
-135
-63
95
101
2
-83
-46
67
3
-40
6
26
22
-54
-51
30
51
8
-76
-58
20
48
-10
-72
-18
73
24
-81
-108
12
113
61
-99
-126
-2
140
70
-55
-98
-46
59
113
25
-53
-37
24
9
-18
31
71
6
-79
-78
60
145
53
-117
-149
25
179
123
-67
-192
-79
147
176
18
-187
-163
100
217
70
-175
-189
54
199
84
-148
-159
35
137
33
-101
-84
35
82
0
-75
0
72
-6
-58
-14
93
72
-75
-63
30
83
10
-71
-19
80
97
-34
-135
-11
162
124
-62
-181
-46
157
160
-32
-196
-93
132
139
-28
-100
-29
37
-22
-30
11
34
37
-81
-115
24
139
79
-94
-169
-40
140
138
-55
-171
-78
92
152
22
-139
-131
40
116
82
-51
-113
-49
79
99
-20
-75
-30
46
71
2
-72
-40
40
81
21
-59
-46
17
16
-6
16
4
-15
-38
-44
31
44
-26
-74
-24
71
30
-108
-99
59
109
4
-132
-97
47
111
40
-87
-95
14
93
61
-38
-70
-10
36
20
39
55
-47
-93
13
107
66
-39
-69
-8
40
35
37
37
-36
-88
-18
109
128
-5
-155
-111
107
211
10
-184
-124
73
179
63
-107
-137
-11
128
97
-79
-122
-2
100
28
-68
-33
8
36
-7
-24
29
31
-41
-41
38
68
-15
-50
15
55
19
-50
-6
67
79
-14
-77
-36
52
108
44
-90
-83
32
89
58
-21
-75
-52
26
63
40
-23
-67
-37
-6
33
15
-10
-14
-50
-49
28
79
33
-59
-124
-47
90
131
13
-141
-164
35
188
92
-102
-174
-25
117
108
2
-138
-110
55
143
54
-101
-142
45
143
56
-84
-95
8
72
59
-15
-65
-10
14
17
17
-1
-9
-39
-28
15
1
3
-12
-26
-11
8
-20
-34
-15
26
14
-24
-43
-49
25
87
24
-96
-100
44
142
45
-107
-121
29
150
81
-60
-111
-12
106
40
-29
0
22
-13
-49
14
78
82
-25
-141
-55
114
160
31
-147
-139
44
180
80
-131
-177
24
192
136
-122
-204
-14
178
124
-102
-165
-1
130
73
-90
-115
13
98
42
-57
-67
30
61
38
-56
-53
38
67
13
-34
-32
17
38
18
12
12
-5
-19
-16
36
88
32
-98
-90
50
141
62
-118
-137
26
137
73
-80
-132
-12
87
60
-58
-81
38
50
-80
-70
61
123
0
-153
-112
53
168
103
-139
-229
-29
210
202
-103
-266
-81
192
220
-43
-220
-126
114
204
39
-147
-132
62
158
42
-105
-71
52
107
9
-83
-29
64
19
-65
-2
68
26
-60
-89
12
70
12
-47
-47
20
56
-29
-100
-23
118
76
-90
-166
-20
138
104
-75
-155
-32
115
116
-22
-117
-59
51
92
57
-31
-87
-22
71
61
-6
5
6
-55
-65
19
95
96
-31
-125
-74
118
180
-1
-187
-153
102
221
63
-175
-179
38
203
93
-106
-168
-9
125
92
-53
-143
-34
97
76
-42
-100
-27
65
65
-34
-42
25
13
-29
-36
37
69
5
-72
-36
62
73
-22
-48
30
94
21
-98
-70
91
140
-1
-123
-56
79
108
17
-87
-75
18
89
40
-75
-55
2
2
-11
14
35
17
-66
-110
-2
141
93
-85
-157
-53
123
141
-14
-159
-108
62
122
51
-62
-111
-45
88
125
20
-133
-136
48
176
62
-105
-125
22
105
59
-43
-63
16
52
17
-27
-8
39
-37
-58
36
90
9
-145
-61
92
94
-42
-129
-9
106
35
-131
-106
81
126
-25
-142
-73
47
118
28
-84
-96
2
106
72
-44
-110
-14
83
44
-9
8
5
-9
1
2
21
46
21
-52
-86
8
110
92
-43
-149
-13
121
97
-10
-105
-77
31
129
87
-86
-150
-36
136
123
-35
-142
-70
84
128
-14
-128
-58
60
82
14
-97
-72
54
84
-18
-48
3
7
-15
-26
14
79
40
-54
-42
39
47
-15
1
20
37
36
-28
-58
23
84
40
-46
-93
2
100
81
-60
-133
-10
114
74
-26
-85
-56
-15
14
55
6
-18
-31
-44
-30
30
48
11
-62
-75
15
116
49
-79
-140
-35
130
124
-42
-164
-96
104
186
4
-172
-123
81
182
24
-136
-116
56
143
32
-96
-77
28
102
47
-52
-66
-4
61
25
-46
-31
30
36
-56
-38
12
20
-15
-19
0
18
-17
-59
-27
47
69
-37
-107
-53
54
80
9
-81
-72
36
98
41
-74
-66
1
61
76
6
-37
-41
12
38
1
47
40
-68
-90
29
127
88
-56
-119
-56
82
162
49
-131
-158
5
164
149
-63
-210
-70
157
169
-8
-183
-119
114
197
1
-196
-105
84
143
1
-129
-100
58
122
8
-92
-17
48
21
-35
-13
48
-4
-39
7
48
51
-41
-54
45
118
22
-100
-84
62
136
27
-107
-80
51
123
31
-104
-77
19
60
42
14
-34
-69
-40
28
33
2
-9
-9
-48
-56
21
112
56
-112
-177
16
199
82
-130
-165
-24
114
140
-13
-159
-107
112
167
-1
-162
-110
64
146
38
-99
-102
44
88
22
-31
-18
-11
12
31
25
16
-22
-74
-49
82
91
-19
-112
-74
56
85
-16
-80
-39
48
36
-41
-103
-30
85
85
-83
-132
-16
128
79
-71
-132
-35
90
117
1
-99
-82
10
92
49
0
-28
-12
15
7
1
39
63
-25
-115
-35
100
133
21
-160
-151
81
252
104
-183
-237
7
255
177
-141
-279
-27
229
168
-104
-211
-41
168
137
-76
-167
4
110
18
-66
-29
61
38
-73
-61
64
100
-27
-103
-41
88
117
-33
-95
-19
78
72
-32
-54
20
71
40
-36
-57
20
100
70
-63
-118
0
110
107
-51
-137
-28
111
66
-15
-72
-45
-8
8
20
5
1
-3
-51
-43
30
111
40
-105
-128
-11
139
109
-96
-191
-34
172
154
-78
-196
-47
129
146
-36
-164
-81
79
141
30
-105
-102
29
119
43
-37
-55
-47
52
94
13
-87
-42
27
46
30
-32
-63
-26
10
32
25
-18
-78
-21
64
26
-67
-85
8
90
48
-76
-134
-24
87
92
-11
-111
-88
26
130
83
-96
-129
-14
94
99
10
-76
-54
65
54
-49
-8
69
35
-76
-94
62
139
30
-106
-123
58
154
78
-80
-137
-18
114
91
-34
-113
-52
91
102
-4
-107
-87
57
119
20
-102
-81
22
74
53
-43
-101
-20
94
57
-46
-57
5
36
4
-10
-7
17
34
7
7
4
-24
17
68
57
-26
-107
-37
83
136
32
-127
-65
62
98
33
-76
-85
-4
55
50
2
-12
-40
-63
-29
56
69
4
-75
-87
-2
80
51
-19
-79
-78
28
102
64
-44
-137
-79
74
139
37
-122
-122
24
129
90
-37
-165
-88
118
179
2
-157
-99
87
139
-6
-92
-53
57
78
-3
-52
-3
42
-11
-40
-17
48
64
-47
-78
-25
45
29
-32
-38
-15
19
-2
-47
-2
52
-5
-91
-61
64
109
-11
-107
-103
62
134
21
-96
-90
24
83
47
-17
-23
-18
17
27
-16
9
53
5
-62
-37
38
107
61
-92
-141
13
159
148
-69
-204
-66
148
175
-20
-187
-99
83
188
48
-150
-152
53
159
24
-122
-73
55
72
-3
-61
-38
31
43
1
-44
-6
17
-19
2
18
39
12
-60
-18
65
54
-49
-57
60
112
-13
-108
-45
88
111
10
-79
-82
14
101
109
-56
-147
-50
95
99
-11
-80
-56
1
14
26
7
-2
-2
-57
-43
8
74
52
-44
-113
-62
105
139
-11
-175
-135
84
200
39
-160
-152
39
222
66
-155
-175
29
196
94
-110
-155
34
153
43
-70
-58
17
44
30
-10
-19
1
5
0
-10
39
40
-54
-87
-15
78
44
-80
-83
35
88
1
-138
-72
103
113
-42
-151
-69
74
110
0
-87
-87
5
87
62
-40
-61
-24
38
62
12
-18
-25
-2
31
7
11
39
5
-46
-56
27
122
53
-88
-150
0
188
123
-77
-182
-32
151
108
-53
-135
-34
83
94
13
-89
-64
34
91
-16
-82
-22
57
29
-48
-33
-5
26
13
-12
2
27
12
-22
-41
-18
58
49
-16
-54
26
57
4
-21
21
50
22
-44
-30
21
74
46
-39
-44
-6
48
72
-5
-86
-59
43
74
28
-54
-64
-15
36
16
-22
0
22
-58
-73
-15
99
105
-55
-199
-68
173
182
-49
-215
-97
115
145
9
-128
-111
24
119
79
-37
-119
-79
64
109
37
-101
-98
49
111
38
-64
-49
-6
45
54
-3
-51
-38
-1
55
30
-19
-26
-44
-22
32
37
-29
-74
-10
46
9
-62
-59
26
70
-21
-83
-81
15
113
37
-88
-117
27
114
59
-58
-84
-9
73
48
-32
-6
28
13
-33
-8
67
77
-16
-107
-56
85
126
26
-110
-85
47
86
67
-15
-94
-71
79
134
13
-120
-92
47
134
57
-92
-110
6
97
61
-54
-66
5
49
20
-12
-29
-36
-3
47
30
3
-34
-46
31
31
21
-7
1
35
21
-18
-30
21
84
27
-44
-29
-10
34
66
39
-43
-57
12
58
55
-18
-79
-35
50
49
8
-31
-55
-16
10
9
4
16
-11
-77
-64
29
99
50
-67
-108
-63
94
137
-27
-165
-82
71
124
29
-108
-101
6
114
76
-72
-104
-28
61
84
-5
-75
-56
43
69
26
-41
-77
-10
98
56
-25
-51
-29
17
12
27
-5
-15
-24
-32
-5
49
-12
-34
-18
5
-16
-28
-4
-1
37
8
-62
-90
-14
118
90
-66
-146
-74
104
163
-4
-149
-105
48
137
74
-39
-93
-5
47
40
17
30
-10
-29
-47
3
105
84
-70
-149
-14
166
152
-37
-200
-118
127
205
29
-174
-155
43
224
98
-156
-192
38
197
48
-143
-126
65
133
12
-108
-66
31
74
-14
-53
-1
35
6
-52
-18
59
55
-26
-58
20
81
-4
-75
-3
107
70
-75
-106
16
133
79
-55
-96
-40
80
110
-12
-93
-65
35
78
47
-35
-79
-52
11
55
14
-33
-30
17
-13
-57
15
93
11
-121
-101
68
163
31
-145
-147
25
172
96
-103
-160
-39
135
136
-12
-164
-96
94
154
32
-145
-103
90
120
3
-99
-35
81
53
-34
-43
40
69
-23
-102
-7
97
85
-55
-155
-51
119
106
-67
-129
-25
69
35
-61
-30
39
19
-33
-66
-26
53
61
-8
-91
-84
75
151
-4
-165
-68
106
132
0
-91
-25
61
35
-40
-39
68
85
-31
-126
-46
124
147
-40
-174
-64
151
149
-25
-161
-92
97
150
40
-134
-130
54
155
51
-126
-126
21
139
84
-119
-135
44
98
21
-61
-64
11
49
12
-17
-12
-13
-16
-3
24
20
15
-20
-25
28
84
-13
-80
-23
84
112
-23
-136
-49
136
144
-21
-136
-54
69
109
42
-92
-110
8
95
80
-29
-70
-37
-15
19
33
18
-18
-48
-66
-4
82
55
-50
-92
-37
61
90
15
-91
-90
-24
95
122
-17
-143
-93
85
166
0
-152
-108
72
169
47
-133
-127
69
148
11
-82
-45
26
58
-5
-41
15
58
-9
-93
4
100
26
-105
-80
74
64
-57
-93
-13
93
32
-85
-93
21
123
38
-131
-142
13
169
91
-130
-161
35
150
62
-91
-83
18
50
8
22
49
-4
-59
-21
43
66
31
-26
-43
-36
24
87
54
-42
-94
-29
97
107
5
-112
-95
36
129
69
-55
-152
-16
134
100
-51
-137
-31
96
82
-24
-106
-32
76
55
-37
-78
-23
64
45
-43
-43
27
34
-28
-31
10
73
16
-64
-7
74
43
-40
-40
16
76
44
-75
-68
85
113
-11
-91
-39
42
83
28
-35
-83
-37
71
85
5
-92
-93
12
93
40
-64
-72
-5
24
-27
-7
36
40
-49
-97
7
106
64
-104
-165
9
152
99
-85
-161
-41
114
122
13
-127
-128
26
172
110
-132
-184
32
176
81
-96
-116
26
107
60
-61
-60
5
40
2
-15
-10
11
10
-20
-46
-18
38
30
-34
-42
-23
6
-1
-20
-10
10
11
-57
-53
39
89
9
-110
-104
53
152
40
-123
-85
19
98
84
-13
-66
-33
33
44
28
10
-15
1
-39
-9
56
75
2
-95
-38
56
80
52
-51
-119
-19
122
121
-60
-183
-28
153
148
-69
-174
-55
105
148
-33
-135
-39
61
65
-26
-58
-7
43
17
-42
-23
17
17
6
-13
-11
33
10
-13
27
24
-18
-13
18
19
46
52
-63
-97
23
154
97
-104
-163
14
193
109
-137
-214
16
207
105
-93
-148
-36
71
49
-10
-57
-29
3
5
-15
-36
42
50
-42
-80
-27
97
81
-61
-134
-63
104
174
-46
-202
-93
129
207
-2
-192
-143
88
208
21
-137
-129
72
153
2
-113
-41
79
96
-37
-89
6
96
-2
-105
-6
78
30
-54
-75
-15
63
32
-46
-54
20
41
-46
-99
2
141
74
-131
-192
-18
179
117
-89
-189
-36
145
130
-41
-131
-47
65
68
22
-22
-19
22
13
-16
-7
86
53
-69
-105
0
139
100
-63
-140
-51
107
143
33
-132
-140
37
159
90
-72
-147
-40
102
137
10
-164
-91
100
141
-22
-155
-45
105
64
-71
-96
35
95
0
-101
-21
115
44
-108
-101
79
137
-17
-112
-23
111
54
-92
-47
101
141
-31
-169
-57
157
152
-14
-132
-92
58
159
54
-110
-133
11
116
82
-11
-94
-89
41
83
14
-54
-42
24
-11
-66
6
76
50
-65
-125
-7
143
91
-76
-157
-34
95
127
5
-154
-112
73
153
56
-101
-130
-9
127
96
-82
-116
4
130
55
-78
-41
42
17
-24
14
17
25
-36
-60
13
71
30
-71
-80
10
69
24
-81
-48
45
40
-53
-78
-17
74
69
-60
-127
-31
92
83
-22
-104
-69
33
110
39
-53
-91
-17
69
72
-6
-51
-16
38
-9
4
63
72
-36
-129
-14
122
112
-15
-155
-79
108
130
11
-105
-83
20
89
75
-4
-97
-86
48
122
36
-78
-93
14
95
34
-55
-84
-16
66
67
-27
-78
-40
41
32
11
-9
-44
-6
50
13
-5
-5
31
29
-8
-40
-6
46
52
28
0
-69
-32
54
84
42
-53
-78
7
88
54
-35
-95
-19
65
87
-1
-84
-59
8
31
17
-11
-3
0
-56
-46
13
102
47
-118
-132
9
161
90
-113
-135
-31
77
116
12
-99
-101
0
120
92
-42
-144
-50
108
124
-12
-128
-74
84
105
-3
-65
-19
50
36
-11
-51
-6
59
6
-31
-11
33
21
-49
-49
26
56
-34
-71
3
21
1
-34
-48
6
67
1
-101
-60
46
101
10
-130
-93
65
145
19
-117
-54
46
65
29
-12
-6
-9
24
2
-12
38
42
-13
-46
-38
36
86
31
-82
-99
64
126
30
-71
-91
13
81
93
-14
-143
-74
84
149
24
-156
-107
66
171
34
-167
-128
77
134
22
-114
-93
39
83
20
-49
-32
20
-13
-17
37
54
-5
-56
-6
98
48
-78
-56
52
107
27
-103
-88
54
159
52
-112
-109
25
136
90
-78
-145
-39
121
84
-31
-68
-43
-5
31
-2
-13
7
3
-48
-46
12
70
49
-82
-121
-5
117
105
-49
-156
-78
86
162
9
-149
-118
47
161
64
-118
-131
14
137
98
-78
-147
-18
133
101
-67
-89
26
78
41
-48
-26
39
8
-50
2
57
-6
-51
-42
16
52
-5
-72
-52
60
62
-45
-120
-32
122
79
-59
-133
-82
93
139
-13
-153
-103
90
148
23
-136
-96
60
104
28
-40
-23
18
12
16
-3
6
42
23
-46
-41
27
81
52
-62
-113
-1
152
102
-105
-158
5
139
105
-50
-151
-52
108
144
-13
-149
-70
75
115
-18
-92
-41
76
74
-47
-71
-14
-2
32
36
-26
-62
-2
59
58
-47
-67
28
97
48
-44
-51
3
44
70
22
-25
-48
-24
46
102
35
-76
-88
31
107
54
-44
-94
-24
57
73
10
-61
-53
-26
10
34
24
-12
-33
-60
-38
26
84
37
-78
-117
-30
125
149
-65
-189
-96
106
144
17
-113
-126
12
149
79
-65
-117
-45
89
80
-17
-67
-39
26
68
51
-18
-82
-42
62
72
-27
-51
-14
16
8
23
1
-29
-38
-13
36
13
-48
-64
12
64
-6
-102
-61
55
101
-15
-134
-70
44
116
31
-91
-95
-32
84
103
-30
-92
-57
32
80
54
-8
-51
-16
17
31
49
25
-27
-69
-43
79
119
9
-98
-78
40
111
72
-35
-109
-77
66
141
64
-111
-134
28
138
101
-78
-167
-43
167
144
-68
-177
-48
121
102
-60
-108
-2
87
38
-52
-41
15
35
-6
-44
14
78
34
-46
-45
44
60
-8
-25
43
53
-33
-58
3
87
82
-17
-95
-73
91
121
-7
-101
-69
57
82
2
-59
-44
8
11
-33
-20
22
42
-58
-108
28
123
34
-93
-83
10
55
38
3
-27
-50
-57
4
98
42
-95
-102
52
156
27
-160
-127
110
194
-9
-196
-97
140
152
-40
-127
-47
107
88
-46
-90
21
68
-16
-80
-4
79
43
-74
-80
19
68
-9
-103
-1
83
7
-110
-93
69
139
-4
-166
-104
103
146
-23
-147
-75
63
116
40
-90
-105
12
71
60
24
-20
-49
-17
54
42
1
-4
27
3
-41
-18
61
90
-25
-114
-43
85
132
28
-117
-132
24
158
94
-107
-160
16
169
63
-119
-123
38
122
36
-83
-60
37
38
-20
-44
-16
46
11
-55
-58
34
79
-10
-69
-46
72
84
-5
-73
-3
66
16
-43
8
62
42
-65
-69
44
101
50
-51
-65
-3
29
55
21
-44
-60
-16
62
60
4
-77
-92
4
84
29
-55
-45
-7
3
-16
13
68
7
-107
-98
37
156
70
-129
-175
0
182
108
-95
-161
-20
161
121
-76
-177
-39
141
121
-24
-140
-62
103
122
-22
-109
-17
89
64
-53
-63
37
87
-47
-82
21
77
7
-76
-61
58
64
-48
-89
-19
110
50
-115
-124
28
163
51
-161
-156
34
178
79
-123
-167
7
163
82
-99
-99
16
69
35
-13
9
22
3
-33
-41
53
128
29
-117
-123
49
174
65
-126
-135
37
128
69
-7
-114
-71
79
108
30
-115
-91
20
112
70
-61
-110
-28
77
76
-22
-59
-22
-10
27
34
-23
-53
-41
15
58
41
-37
-68
-1
54
46
-14
-45
-15
71
54
-43
-70
33
114
43
-65
-84
-6
99
79
-9
-69
-71
46
96
30
-48
-105
0
79
53
-17
-71
-17
9
-27
2
53
44
-62
-125
-23
96
90
-25
-128
-68
72
92
17
-59
-75
-30
44
84
24
-58
-106
-7
133
92
-88
-158
1
169
87
-138
-135
73
159
27
-132
-68
85
115
-1
-87
-38
50
46
-21
-64
-1
67
20
-76
-73
40
51
-22
-62
-7
26
-6
-38
-28
39
28
-64
-99
2
100
59
-66
-122
-15
114
92
-67
-120
-1
85
60
-27
-37
14
51
1
-38
14
66
39
-76
-82
42
114
82
-66
-127
-39
96
122
32
-88
-131
15
155
91
-92
-128
-7
110
82
-47
-122
-14
111
97
-91
-132
17
128
30
-113
-67
31
61
-6
-60
24
54
-17
-50
2
84
26
-72
-13
53
52
-26
-68
16
92
89
-64
-134
21
130
96
-60
-123
-10
93
92
3
-88
-76
23
98
54
-65
-93
-35
39
50
-8
-38
-33
-8
-8
-11
6
50
25
-44
-91
-22
81
75
-55
-137
-55
104
164
-8
-185
-134
111
227
25
-212
-185
112
230
52
-159
-144
54
160
36
-97
-80
47
91
1
-68
-33
73
42
-76
-37
31
61
-6
-98
-33
59
39
-51
-69
15
25
-11
-80
-27
78
57
-34
-105
-53
51
93
9
-106
-96
39
146
29
-97
-75
32
79
32
-23
-8
7
0
-14
16
81
42
-46
-114
-1
122
115
-45
-140
-39
111
135
-15
-124
-88
69
128
37
-86
-119
17
118
89
-48
-127
-18
104
69
-53
-100
2
66
19
-32
-31
3
10
-11
4
14
24
-21
-49
17
61
50
-19
-73
11
87
30
-59
-41
58
85
7
-84
-64
62
129
37
-94
-119
39
133
56
-80
-111
-15
114
90
-29
-105
-63
16
47
6
-12
-2
-18
-57
-27
45
74
-7
-104
-77
47
108
39
-88
-126
-9
104
93
-26
-108
-61
33
107
25
-88
-79
32
98
33
-85
-75
39
78
25
-20
-21
-18
35
32
-15
-23
11
-9
-26
10
53
15
-56
-58
-1
54
14
-56
-33
31
23
-51
-101
-2
124
65
-104
-144
-5
149
109
-90
-193
-49
164
163
-55
-188
-37
132
87
-50
-47
50
45
-37
-68
38
128
38
-116
-118
56
149
76
-89
-131
-1
134
103
-44
-128
-47
86
93
16
-64
-85
-26
94
98
-38
-130
-42
97
105
-54
-95
-19
48
23
-50
-17
18
-11
-14
-15
21
28
-13
-13
-11
16
43
-15
-17
3
49
27
-43
-27
56
77
-3
-99
-44
92
135
16
-134
-110
84
151
38
-124
-96
50
120
14
-91
-42
49
12
-70
-45
59
73
-27
-113
-33
76
91
-16
-120
-53
48
96
36
-75
-115
-29
127
105
-60
-120
-52
64
122
11
-100
-89
22
105
61
-45
-94
-7
76
36
14
-9
-38
-3
35
44
3
-41
-34
-2
54
29
-11
-43
-54
11
64
-16
-90
-26
62
31
-82
-82
21
80
34
-71
-120
-24
94
93
-36
-131
-44
72
104
24
-93
-86
8
96
49
-10
-29
-1
19
-19
-18
72
67
-39
-88
-10
72
90
-5
-103
-69
60
111
57
-81
-136
18
154
70
-68
-131
-29
86
107
12
-124
-83
38
111
65
-76
-112
-17
59
70
-30
-73
-9
51
7
-24
10
17
2
-27
0
41
23
-23
-10
24
30
-2
-17
27
48
2
-46
-10
54
43
9
-35
-58
-11
103
112
-31
-169
-82
124
164
-17
-147
-84
50
76
-1
-51
-25
24
-19
-47
13
51
10
-47
-62
1
66
45
-52
-95
-18
68
79
-20
-92
-57
54
105
13
-115
-89
29
114
56
-50
-103
-1
103
53
-38
-68
-35
63
81
-16
-48
-32
32
12
10
-6
-13
-6
10
0
-40
-38
-5
31
15
-36
-40
-51
13
56
22
-53
-89
-7
75
55
-32
-113
-51
87
112
-1
-97
-49
20
68
46
0
-23
0
42
6
-46
14
93
3
-101
-45
98
151
13
-187
-121
110
201
55
-160
-160
37
164
91
-95
-135
-21
114
109
-44
-135
-36
109
114
-37
-131
-50
55
90
13
-72
-91
0
55
7
-3
9
1
-14
-33
9
95
19
-77
-25
63
65
-17
-60
-7
97
75
-67
-100
22
151
104
-138
-163
59
186
53
-117
-124
10
92
77
-7
-92
-47
25
23
-24
-66
20
60
8
-89
-91
51
147
-6
-168
-95
118
157
-9
-165
-142
82
197
48
-155
-173
33
192
91
-118
-189
2
166
94
-53
-114
-27
71
77
-6
-51
4
26
15
1
-1
4
-3
-31
-12
41
54
-19
-111
-38
106
58
-86
-101
33
90
-19
-131
-46
131
82
-103
-133
-3
83
46
-2
-52
-55
-11
36
66
3
-44
-38
4
60
47
-8
-33
7
25
-5
35
54
-1
-54
-63
26
118
65
-92
-149
36
167
95
-88
-156
-21
138
120
-46
-157
-49
105
114
-4
-103
-62
35
100
16
-82
-78
40
76
0
-65
-51
20
30
-3
0
1
9
-3
-2
-22
24
45
-7
-26
15
21
4
9
56
33
-19
-53
-13
56
48
4
-27
-23
-6
67
60
-17
-61
-50
49
45
-7
-25
-16
4
-26
-26
24
30
13
-53
-74
-12
72
98
-23
-156
-83
108
176
-12
-209
-123
94
209
46
-194
-169
58
210
81
-154
-178
28
171
83
-83
-128
-23
121
77
-36
-60
-12
13
21
26
2
-14
-19
-11
-3
28
-11
-39
-7
-9
13
-14
-28
16
-5
-42
-34
4
0
-5
32
-3
-73
-83
26
99
38
-98
-96
16
102
49
-39
-86
-24
32
73
48
-25
-44
-32
24
54
39
-13
-32
-22
21
13
31
30
-32
-42
7
60
47
-18
-61
-31
77
81
-18
-91
-62
42
105
40
-76
-79
0
113
87
-75
-153
-27
109
99
-64
-122
-9
103
41
-36
-40
0
30
-8
-8
14
50
33
-44
-42
23
59
6
-36
21
84
20
-94
-30
85
96
-16
-88
-33
61
99
8
-96
-70
37
86
38
-82
-63
10
8
2
1
4
11
-52
-55
12
77
10
-49
-61
-15
65
67
-23
-122
-92
76
154
20
-123
-125
2
128
118
-60
-168
-46
136
144
-33
-161
-51
108
114
-35
-181
-129
204
244
-38
-231
-61
175
78
-103
-96
73
141
-66
-174
-36
147
57
-99
-91
32
78
-39
-106
-23
125
56
-137
-111
34
127
47
-95
-120
-3
147
88
-82
-116
-6
100
78
-44
-50
28
62
-14
-49
40
78
22
-81
-89
43
123
59
-109
-97
70
124
18
-86
-91
9
70
75
-7
-102
-50
60
116
31
-120
-129
49
155
46
-120
-125
57
123
8
-111
-82
54
89
-26
-61
5
50
-3
-31
-14
51
30
-13
-35
22
36
-1
-31
-5
54
71
-12
-97
-39
103
123
-24
-137
-79
103
160
-8
-130
-105
50
113
31
-76
-82
27
56
-4
-64
-20
75
10
-90
-81
26
109
16
-92
-92
29
133
30
-127
-109
59
142
28
-105
-92
26
109
53
-79
-94
-11
82
67
-23
-85
-33
70
56
-46
-22
54
28
-24
-36
19
60
18
-66
-44
54
51
-8
-54
-21
22
7
-30
-18
21
26
-33
-75
-45
77
75
-25
-106
-72
51
100
42
-91
-130
8
136
90
-82
-130
8
119
61
-41
-51
46
47
-24
-53
3
97
56
-64
-75
4
80
66
-47
-90
-13
107
81
-35
-111
-50
87
104
3
-99
-89
32
111
37
-70
-79
12
85
13
-69
-46
31
10
-22
8
-5
-7
-18
-9
17
7
-8
-12
29
9
-27
13
30
-18
-21
38
28
-27
10
51
39
-46
-71
32
94
51
-37
-86
-24
77
103
-28
-102
-4
68
13
-52
-11
57
1
-73
-66
35
73
8
-81
-70
11
82
41
-49
-103
-29
95
91
-53
-116
-29
79
63
-23
-70
-39
20
32
34
1
-49
-31
6
45
55
-20
-101
0
104
64
-59
-95
3
125
68
-74
-100
25
65
14
-45
-37
46
25
-52
-46
15
32
-1
-57
-30
0
17
-28
-33
20
43
-19
-90
-60
52
103
-10
-109
-87
68
129
20
-97
-69
29
49
50
49
-53
-53
7
27
51
46
-28
-62
-6
58
47
12
-41
-50
19
64
45
-9
-61
-39
27
66
51
-52
-97
-13
102
113
-48
-126
-18
102
79
-70
-94
-30
70
80
-44
-73
-4
56
4
-20
13
21
2
-24
-23
11
41
27
-13
-13
27
16
-27
-11
65
99
-17
-130
-36
152
113
-46
-106
-37
82
91
2
-89
-87
54
94
3
-67
-60
13
40
-10
-35
-11
20
15
-35
-58
-12
62
43
-18
-101
-57
79
109
-60
-117
-23
65
65
-5
-90
-69
73
112
-22
-132
-73
112
159
-33
-174
-69
127
140
-36
-135
-22
92
77
-36
-114
16
119
25
-97
-91
45
111
6
-108
-87
39
93
2
-74
-57
5
20
-33
-14
19
17
-54
-68
6
51
56
-28
-87
-21
37
69
13
-67
-46
14
88
46
-36
-33
5
44
6
-14
-5
36
56
-17
-61
-12
71
69
-30
-95
-19
115
66
-49
-108
-13
122
102
-62
-161
-18
148
104
-58
-135
-2
77
74
-34
-84
-22
46
43
-30
-45
-3
37
12
-52
12
45
12
-38
-30
36
41
-29
-39
36
83
-14
-62
-27
61
118
18
-107
-81
67
159
32
-130
-96
72
139
21
-113
-99
35
123
43
-92
-76
-2
44
24
-50
-28
35
35
-69
-107
14
118
62
-89
-124
2
122
44
-80
-99
-3
87
45
-44
-49
1
33
37
6
-57
-55
32
104
24
-94
-75
46
104
34
-58
-43
3
52
7
-10
16
27
-43
-49
27
57
16
-60
-55
14
38
-12
-64
-16
75
11
-77
-95
24
111
15
-99
-75
26
73
17
-35
-62
-43
52
65
13
-33
-56
-16
49
49
24
5
-15
-30
-32
33
100
29
-76
-94
30
106
51
-45
-86
0
80
53
-10
-65
-35
35
43
-10
-11
-13
-12
26
40
-1
-67
-44
22
70
23
-77
-72
38
60
-2
-58
-42
42
52
-22
-83
-7
55
47
-20
-60
13
26
18
27
-11
-21
-2
38
66
17
-46
-74
8
116
97
-33
-137
-54
116
145
-22
-133
-75
64
88
-14
-50
-27
17
13
-21
-10
-13
22
49
-37
-103
-38
104
86
-61
-112
-58
100
112
-30
-129
-58
75
109
8
-101
-112
51
155
63
-123
-138
38
149
55
-97
-101
19
129
42
-90
-21
44
73
-3
-103
-13
93
36
-64
-66
22
74
16
-90
-65
44
70
-35
-80
-2
53
-5
-93
-29
73
62
-67
-122
-6
96
50
-51
-88
-14
45
42
24
-25
-47
-16
13
51
52
-22
-44
-16
33
-3
16
48
4
-35
-38
26
91
29
-85
-87
44
123
59
-88
-143
21
156
89
-94
-148
3
147
95
-71
-125
-28
64
85
6
-78
-85
8
78
65
-51
-107
-9
91
48
-28
-70
-16
43
41
-4
-26
2
28
5
-7
20
11
34
9
-4
-3
-9
14
12
36
27
-9
-40
-33
44
67
9
-60
-67
19
78
22
-44
-65
-13
17
29
-10
-12
19
-19
-63
-21
58
74
2
-129
-105
69
162
31
-155
-154
66
199
51
-169
-166
70
205
53
-166
-154
63
168
45
-95
-117
21
115
32
-51
-50
19
52
12
-7
-18
9
-8
-10
26
4
-6
-18
-30
-4
19
-5
-23
-25
26
14
-62
-63
20
54
-1
-30
-39
-53
6
80
37
-74
-108
13
130
77
-91
-109
24
96
58
-38
-60
38
71
-24
-62
38
91
29
-92
-93
42
165
50
-140
-113
74
153
62
-129
-123
55
146
43
-101
-94
41
100
39
-38
-85
-29
56
69
-5
-89
-36
51
68
-22
-75
-35
48
63
-16
-61
-20
32
31
-8
-14
20
24
13
-7
-9
-3
21
38
5
-11
23
-18
-10
32
50
44
-25
-80
-4
89
74
-34
-88
-47
47
69
-15
-35
-10
-29
-23
7
29
38
-27
-107
-53
58
87
9
-51
-77
-26
53
92
-8
-115
-85
62
110
29
-105
-100
26
135
43
-96
-112
38
107
16
-63
-50
21
63
13
-22
-5
9
7
-3
-9
50
26
-70
-63
30
84
4
-58
-68
11
78
-25
-96
-26
87
63
-97
-120
17
130
53
-106
-164
-29
144
123
-73
-177
-37
127
130
-22
-144
-35
106
49
-34
-16
47
7
-43
-32
30
106
38
-58
-88
-7
94
98
-33
-102
-35
77
89
3
-64
-66
13
93
74
-47
-106
-43
94
131
-15
-149
-93
92
146
19
-161
-116
92
142
-24
-128
-61
101
92
-65
-81
6
77
32
-50
-35
29
22
-13
15
55
15
-60
-24
77
97
-17
-102
-40
79
129
32
-115
-84
71
109
12
-81
-47
14
56
15
-22
-8
-21
-50
-20
32
35
3
-8
-46
-70
-15
74
57
-9
-68
-89
14
101
41
-86
-83
21
96
38
-48
-96
-8
93
58
-65
-103
26
101
28
-35
-64
-9
54
47
-23
-28
11
1
11
3
-5
2
4
-5
7
-1
-17
-12
-23
0
14
13
-43
-46
33
32
-55
-76
-3
58
46
-69
-92
-8
77
30
-35
-79
-37
68
52
-1
-45
-39
31
36
-8
-13
32
52
19
-54
-72
31
119
65
-78
-114
-8
126
110
-60
-149
-35
139
113
-33
-131
-51
69
127
7
-99
-61
41
67
32
-51
-67
-32
77
72
-26
-78
-23
28
28
-26
-26
22
28
-11
-53
2
47
19
-26
-53
26
74
8
-24
-5
0
24
34
27
2
-10
-1
7
-7
15
63
53
-72
-89
45
139
56
-130
-134
52
150
4
-108
-53
37
46
-23
-47
-3
43
1
-60
-64
20
87
43
-58
-119
-19
131
86
-112
-147
8
142
63
-72
-85
3
89
61
-64
-109
-1
107
64
-59
-76
4
63
38
-36
-34
9
59
13
-53
-39
47
65
-34
-92
7
86
51
-59
-100
4
58
9
-45
-33
19
2
-52
-48
51
77
-24
-118
-77
70
131
7
-138
-93
35
125
65
-59
-127
-17
98
86
-19
-50
28
45
-5
-60
25
93
50
-86
-82
42
86
43
-47
-87
0
88
67
-27
-87
-37
87
112
-32
-134
-57
99
121
-6
-131
-120
78
148
7
-120
-82
69
100
-30
-97
-30
65
32
-50
-35
30
30
-17
-26
4
44
35
-50
-63
58
98
-1
-79
-24
95
94
-59
-143
25
173
72
-131
-122
53
137
50
-83
-92
18
48
16
-10
-24
-9
-14
-1
-11
-11
6
18
10
-79
-72
36
100
52
-116
-143
30
145
71
-107
-148
-18
152
106
-59
-170
-57
160
144
-57
-189
-42
132
114
-30
-116
-38
70
62
-29
-28
28
25
-15
-17
40
63
-35
-107
-12
95
55
-37
-82
-15
39
31
-47
-60
12
63
14
-93
-77
52
96
-14
-117
-59
57
86
15
-82
-90
35
124
17
-88
-64
34
85
1
-59
12
69
40
-47
-69
48
102
39
-89
-79
42
87
42
-62
-54
33
58
34
-14
-63
-16
50
88
-18
-116
-19
58
82
-6
-86
-66
34
72
15
-61
-38
28
33
-25
-20
-3
10
-1
-41
-18
50
29
-36
-37
9
47
22
-53
-5
64
38
-53
-46
77
93
-22
-93
-18
97
71
-25
-60
-31
22
64
31
-15
-36
-26
-15
18
25
6
-5
-15
-53
-38
51
31
-5
-48
-26
13
6
13
12
-27
-53
-20
46
59
-18
-94
-67
92
115
-30
-132
-54
91
114
-36
-102
-36
58
52
14
-39
-54
17
75
2
-30
-20
20
28
-10
-4
29
3
-62
-24
64
37
-34
-55
-42
40
55
-17
-59
-44
22
27
-30
-75
-1
88
23
-82
-134
12
135
86
-95
-163
-14
143
121
-65
-139
-11
97
40
-35
-22
57
52
-23
-67
-4
84
47
-39
-70
-9
86
83
-16
-127
-48
132
129
-26
-140
-66
90
130
2
-109
-92
59
124
56
-122
-122
38
131
68
-78
-120
-4
100
51
-65
-74
16
68
0
-60
-25
61
38
-16
-31
26
44
-4
-37
9
58
19
-50
-16
67
83
-11
-103
-23
115
120
-10
-135
-81
79
158
43
-137
-151
42
155
47
-82
-81
-13
43
15
-30
-18
30
21
-48
-85
20
81
50
-71
-105
-15
123
78
-100
-134
6
131
93
-71
-169
-23
128
90
-52
-115
-46
75
103
-8
-80
-53
33
78
23
-61
-25
19
50
4
-47
-3
45
-17
-39
13
33
25
-55
-78
-2
65
9
-62
-39
59
14
-104
-89
47
130
6
-142
-112
50
111
44
-70
-113
-16
118
84
-43
-114
-43
78
84
4
-41
-13
50
26
-30
-23
44
65
-26
-62
-15
55
102
-6
-94
-49
61
114
17
-108
-63
65
105
8
-100
-43
31
73
33
-69
-75
11
65
72
-20
-90
-31
51
45
-39
-66
26
45
-31
-64
41
72
-20
-58
-1
69
24
-64
-4
61
32
-21
-46
7
77
65
-51
-102
29
135
73
-55
-122
-28
101
101
-1
-104
-102
48
129
28
-119
-95
42
102
1
-94
-56
63
69
-43
-91
-3
57
23
-45
-76
-7
82
46
-63
-98
-14
96
71
-46
-112
-3
113
29
-80
-64
34
74
42
-33
-39
-29
17
55
25
-17
-25
-31
36
58
11
-35
-23
-9
24
37
-26
-18
-12
-11
32
12
-42
-52
27
43
-29
-100
-35
80
82
-32
-108
-91
48
108
34
-75
-77
6
68
71
-26
-97
-25
63
80
-19
-64
22
53
20
-17
-47
19
73
32
-47
-57
34
83
-1
-77
-21
64
60
-4
-73
-22
56
62
-3
-72
-40
36
42
1
-36
-57
14
44
22
-20
-76
3
57
20
-34
-53
-25
37
13
-16
-3
2
20
-5
-22
0
32
12
-27
-6
61
23
-58
-39
83
126
-43
-146
-36
136
161
-21
-151
-72
75
136
7
-124
-57
52
90
-28
-69
-5
39
9
-76
-47
48
71
17
-89
-79
43
88
7
-79
-69
5
75
47
-50
-79
-16
61
55
-12
-72
-36
32
79
35
-76
-76
23
75
79
-50
-97
3
88
57
-56
-46
24
74
9
-64
-29
67
34
-56
-42
34
46
-25
-70
-7
39
34
-20
-52
-41
13
18
-38
-33
23
31
-23
-67
-43
64
69
-30
-110
-73
96
120
-19
-119
-43
83
75
-4
-49
-3
60
37
-49
-64
44
88
3
-76
-41
43
74
43
-50
-58
-20
66
103
-11
-124
-54
92
138
-20
-164
-95
110
183
-3
-163
-106
86
174
-5
-159
-70
98
95
-61
-99
23
74
0
-78
-25
73
47
-36
-37
4
27
33
5
-20
1
18
-2
20
23
11
12
-8
1
21
51
46
-32
-90
1
108
70
-61
-116
-19
80
82
-40
-89
-8
40
22
-55
-56
36
55
-21
-65
-59
45
78
2
-102
-55
55
81
-11
-92
-71
63
106
-1
-109
-90
66
136
-16
-135
-56
99
99
-11
-109
-73
77
94
-28
-87
18
97
27
-82
-57
47
83
-4
-84
-37
44
63
-4
-78
-37
53
33
-63
-43
15
33
-31
-82
-6
65
49
-59
-105
-33
79
91
-38
-119
-45
82
105
-10
-101
-45
64
101
-5
-102
-24
85
95
-28
-104
-24
125
134
-72
-171
-1
169
67
-99
-94
54
99
22
-59
-52
30
87
21
-75
-60
41
86
16
-85
-63
31
77