#4
395
-179
-413
94
622
352
-310
-392
220
645
262
-359
-304
343
600
87
-441
-179
490
562
-49
-413
-29
512
430
-142
-348
126
536
275
-251
-251
247
499
118
-308
-105
398
395
-141
-324
116
508
236
-317
-282
264
551
128
-383
-211
370
504
11
-381
-61
447
395
-130
-305
125
497
206
-241
-184
297
469
54
-317
-80
442
458
-115
-419
8
597
472
-210
-494
47
643
414
-251
-409
116
547
271
-255
-208
209
383
77
-210
-46
267
259
-61
-170
96
319
149
-186
-127
240
325
13
-232
-40
298
257
-78
-207
89
340
179
-161
-201
175
374
153
-183
-166
222
369
60
-202
-36
287
263
-45
-171
89
291
164
-146
-153
176
344
70
-246
-113
254
317
-19
-271
-57
324
293
-88
-279
6
329
272
-128
-271
58
319
145
-171
-115
196
239
-40
-188
58
336
153
-227
-198
232
447
57
-350
-166
369
438
-73
-408
-51
468
395
-173
-394
67
491
256
-251
-296
212
504
90
-357
-186
341
431
-55
-348
-43
377
283
-195
-288
122
381
128
-294
-205
248
411
17
-345
-129
318
341
-58
-299
-10
353
243
-131
-198
123
307
100
-148
-87
183
270
-5
-166
30
260
169
-97
-169
129
355
127
-269
-184
268
406
57
-290
-167
232
361
58
-259
-129
245
304
-24
-224
-62
228
224
-48
-177
33
233
98
-135
-104
138
216
-1
-177
-45
199
195
-64
-159
51
222
84
-141
-99
187
270
15
-220
-71
253
286
-17
-233
-53
283
230
-86
-190
50
271
137
-154
-158
146
274
13
-246
-90
244
235
-113
-266
46
303
142
-204
-235
123
328
97
-255
-214
161
309
28
-208
-109
152
190
-32
-127
35
193
73
-132
-63
156
190
-24
-176
14
252
154
-126
-197
98
324
107
-188
-165
142
291
55
-185
-72
223
230
-77
-192
-7
223
200
-51
-193
-18
179
117
-63
-82
52
122
29
-98
-31
127
103
-69
-90
47
167
53
-88
-61
97
180
29
-97
-44
112
169
57
-98
-44
133
134
-16
-44
55
115
46
-57
-4
181
172
-83
-208
25
307
200
-119
-240
-8
289
204
-107
-218
-10
240
175
-121
-179
45
218
135
-125
-155
52
169
53
-112
-59
103
109
-45
-111
4
136
105
-65
-107
38
147
43
-109
-44
163
176
-72
-170
13
247
173
-119
-205
70
256
116
-159
-153
120
222
54
-180
-97
127
167
-33
-177
-16
176
98
-123
-137
103
200
-9
-216
-86
181
207
-27
-244
-141
157
275
21
-231
-158
95
208
66
-100
-77
28
53
57
53
7
-48
-34
69
115
61
-81
-99
64
178
88
-111
-104
91
179
35
-125
-45
157
158
-45
-152
-16
163
143
-34
-130
-65
84
129
21
-86
-52
49
74
-3
-61
2
63
1
-44
13
71
63
-6
-52
-12
85
107
20
-50
-26
65
109
12
-47
9
49
64
74
14
-12
-16
13
69
99
58
-58
-75
61
139
81
-13
-94
-46
115
138
-13
-109
-42
108
132
-3
-137
-61
103
123
1
-97
-27
74
67
-16
-70
14
63
-10
-34
-25
5
65
67
-20
-64
5
58
29
8
27
36
22
-22
-24
93
119
-4
-114
-34
122
135
-1
-99
-51
79
82
9
-40
-11
26
8
-47
1
49
14
-80
-38
55
108
-13
-136
-77
95
145
6
-163
-119
83
158
52
-93
-138
-25
101
98
-6
-86
-40
35
87
41
-40
-47
21
80
44
-28
-50
10
91
40
-34
-26
19
45
50
39
-4
-35
14
85
44
-55
-80
53
135
61
-81
-100
-7
97
58
-26
-68
-36
44
63
-16
-69
-31
53
76
-4
-74
-24
80
63
-29
-39
8
83
73
-25
-45
11
98
54
-15
-58
23
115
83
-53
-75
17
121
95
-12
-85
-44
79
124
58
-37
-66
-15
73
88
16
-52
-58
45
95
5
-84
-75
71
126
7
-101
-58
56
91
5
-77
-24
51
19
-22
-40
1
45
34
-9
-27
19
2
1
26
53
19
-19
-10
17
33
41
16
-21
-5
55
72
6
-51
-30
40
75
13
-58
-43
29
45
-34
-53
19
31
-27
-30
11
50
-7
-75
-42
24
73
53
-80
-163
-5
175
130
-92
-207
-63
143
128
-13
-105
-62
48
96
27
-63
-45
39
44
50
3
-73
-18
61
62
-16
-28
14
62
32
-32
-16
60
54
-16
-35
-21
46
79
6
-43
-45
2
40
-6
-6
-4
-14
-5
-18
-5
33
18
-16
-55
-13
51
-6
-9
12
2
-25
12
79
65
-39
-65
25
96
65
-46
-64
41
100
43
-51
-43
33
53
54
30
15
0
-39
-1
83
102
10
-131
-69
97
150
32
-140
-105
65
162
38
-148
-120
56
173
37
-138
-96
78
120
-7
-128
-65
93
93
-39
-144
-61
120
153
-30
-158
-61
93
113
-18
-87
7
101
52
-63
-34
66
97
-27
-89
2
113
82
-69
-102
-2
133
89
-73
-128
-14
83
55
-31
-90
-31
52
35
-16
-25
-14
-15
-18
-20
23
46
-16
-125
-77
96
138
-7
-168
-114
83
176
35
-154
-136
45
164
82
-106
-117
19
119
77
-36
-91
-21
87
91
-22
-61
-6
52
51
-22
-54
34
100
51
-76
-105
38
107
44
-28
-70
-25
19
31
-3
11
-15
-53
-25
32
36
3
-60
-56
41
75
-15
-61
-7
22
36
25
-7
5
33
19
-3
15
44
30
-3
-24
-5
68
68
-15
-69
3
88
107
12
-99
-45
75
110
39
-31
-56
-49
50
91
49
-63
-94
21
94
40
-72
-98
24
99
37
-60
-72
-13
56
25
-60
-43
37
33
-43
-68
4
55
33
-46
-42
5
-1
12
41
37
12
-39
-35
35
68
33
-26
-17
-16
52
76
8
-79
-63
47
94
44
-82
-100
17
84
-17
-95
-28
71
44
-87
-84
45
104
-39
-156
-50
138
99
-101
-179
-29
141
76
-49
-132
-91
64
128
29
-79
-79
-10
65
71
-27
-65
-8
48
83
-18
-98
-18
91
69
-50
-60
61
77
-19
-76
7
84
74
-9
-63
-18
29
25
5
36
30
-57
-97
-21
105
86
-50
-122
-71
72
98
7
-81
-83
16
96
18
-45
-23
15
31
17
-13
2
30
34
6
-17
17
66
51
-45
-50
37
77
54
-28
-69
32
126
62
-86
-102
37
140
104
-22
-115
-64
69
144
48
-83
-127
13
112
67
-94
-112
38
118
12
-97
-44
50
32
-3
-60
-26
22
28
-27
-80
-11
63
68
-32
-99
-40
64
74
22
-45
-26
16
26
28
20
-2
-9
13
8
30
28
0
-16
2
15
11
-35
-12
40
14
-63
-71
36
65
10
-82
-78
23
70
-2
-80
-62
18
55
20
-64
-97
-27
63
76
-14
-90
-100
-15
106
95
-37
-142
-83
83
150
11
-142
-109
97
159
34
-124
-104
59
158
9
-101
-52
64
99
-16
-82
1
110
55
-77
-75
42
108
2
-83
-34
43
40
-14
-47
1
13
-33
-11
-5
-4
7
16
-19
-41
-20
34
45
-9
-47
-15
27
53
31
-3
-30
-17
19
46
72
6
-54
-36
57
101
28
-53
-72
22
147
78
-98
-127
25
183
120
-82
-146
-19
137
118
-25
-104
-62
51
83
3
-81
-54
42
85
-7
-73
-49
5
79
17
-81
-54
65
35
-74
-65
29
77
18
-71
-59
21
58
-3
-37
11
62
31
-33
-36
46
65
2
-45
-13
41
58
-6
-40
-4
25
24
-23
-26
22
12
-43
-56
7
70
15
-81
-101
9
115
24
-112
-98
26
92
28
-58
-125
-42
84
66
-25
-94
-92
2
106
87
-24
-128
-99
54
149
61
-138
-127
94
156
-7
-130
-53
82
100
-10
-53
-15
40
7
-21
9
44
59
-16
-81
-2
75
38
-35
-32
29
16
-35
-44
24
39
-20
-63
-37
9
44
14
-33
-59
0
40
7
-18
-29
-5
32
46
2
-13
23
19
-10
-6
22
69
32
-42
-45
39
88
26
-42
-52
22
112
81
-67
-115
17
140
101
-4
-118
-96
62
163
65
-110
-137
24
125
47
-104
-77
52
83
-12
-79
-27
50
45
-41
-71
-4
47
1
-56
-37
23
51
1
-44
-37
10
31
5
-4
6
16
3
-19
11
56
37
-1
-56
-9
61
59
8
-52
-51
15
60
46
-33
-78
-31
46
37
-40
-48
3
7
-32
-1
10
-23
-50
-21
25
31
-3
-63
-65
-11
31
54
12
-92
-100
-21
84
122
0
-124
-141
55
179
59
-122
-135
63
160
38
-128
-84
54
133
17
-77
-65
63
95
-4
-67
-12
86
55
-59
-79
18
104
43
-64
-77
21
67
-3
-79
-23
43
16
-45
-40
12
30
1
-51
-42
6
49
47
-22
-79
-27
67
75
13
-10
-25
-10
19
40
42
8
-29
-33
31
56
41
-5
-43
-12
82
104
-32
-125
-25
129
133
9
-107
-112
10
155
99
-61
-172
-57
132
139
-54
-179
-50
126
112
-27
-129
-68
46
62
-8
-39
-14
-10
-22
-8
-8
18
23
-14
-46
-24
20
46
19
8
-29
-27
25
55
19
-5
-37
-4
45
70
5
-68
-14
37
30
-24
-31
14
35
-25
-59
-27
31
23
-24
-15
-34
-26
20
10
-9
-58
-46
21
41
6
-68
-103
0
84
39
-59
-119
-41
105
98
-17
-117
-99
41
158
65
-119
-126
48
149
57
-118
-104
61
119
34
-63
-47
45
44
-4
-4
12
60
20
-60
-53
37
63
6
-8
-8
-14
-28
5
-1
16
-6
-31
-53
-4
57
20
-76
-81
43
107
8
-117
-34
69
55
-19
-48
14
82
51
-63
-72
28
115
83
-50
-108
-15
113
115
-14
-118
-46
123
173
6
-189
-112
125
223
67
-193
-162
82
210
86
-163
-171
37
183
88
-147
-153
52
155
33
-112
-86
35
49
-28
-47
15
48
-18
-85
-35
45
61
-16
-47
-41
-17
24
35
27
-4
-26
3
14
19
38
14
8
-21
-34
14
81
58
-35
-74
-8
79
50
-46
-88
-17
44
11
-36
-29
0
12
-36
-68
4
79
0
-110
-69
50
96
13
-128
-139
19
129
71
-110
-176
-44
149
144
-53
-160
-97
98
167
-4
-137
-56
75
95
-19
-83
-31
76
79
-53
-65
5
93
40
-60
-49
60
103
10
-86
-84
41
111
46
-74
-112
11
81
15
-55
-31
26
0
-30
-31
-4
42
7
-55
-28
8
34
3
-13
1
16
-19
-7
62
54
-38
-44
21
52
58
4
-50
-28
55
86
25
-62
-50
40
121
54
-61
-51
8
61
90
44
-50
-111
-22
105
120
-4
-151
-72
86
127
-24
-154
-48
113
116
-27
-140
-57
82
78
-45
-78
-5
42
8
-63
-48
44
89
-15
-103
-48
49
79
25
-53
-23
42
37
-23
5
41
15
7
-20
1
34
42
-12
-39
-36
15
60
33
-19
-60
-63
4
64
32
-52
-63
-23
-10
46
43
-58
-131
-34
104
94
-46
-159
-98
58
121
18
-111
-113
19
86
74
-25
-105
-61
33
101
39
-57
-100
-6
120
73
-72
-109
4
99
67
-56
-66
30
77
-12
-42
26
85
11
-88
-46
57
84
8
-57
-33
23
12
-59
-41
57
57
-52
-97
-9
63
28
-31
-63
-30
40
43
-1
-39
-36
-13
32
55
22
-16
-22
-10
31
44
42
1
-46
-22
44
58
38
-11
-57
2
92
89
-17
-104
-36
93
145
3
-108
-67
30
75
50
-6
-66
-32
45
44
-41
-69
8
56
46
-27
-82
-45
54
65
-5
-94
-14
48
-3
-71
-44
59
93
-12
-95
-83
43
109
2
-50
3
45
5
-28
-2
69
72
-36
-75
9
89
62
-44
-90
-6
73
47
-22
-52
-25
-3
22
21
-22
-48
-9
-8
-15
-3
25
-19
-56
-16
11
9
-1
-43
-86
-33
80
78
-67
-142
-44
87
126
-20
-127
-99
54
159
50
-123
-113
47
146
50
-88
-119
18
134
68
-63
-73
6
59
4
-24
32
61
13
-76
-45
60
89
2
-49
-69
15
60
2
-74
-50
61
51
-54
-80
-25
66
52
-95
-96
25
91
28
-62
-26
-2
25
36
12
2
8
-7
-20
-5
83
56
-45
-46
1
65
59
6
-34
-50
34
119
62
-66
-118
10
154
122
-68
-161
-47
128
142
-15
-152
-66
98
114
-24
-126
-80
87
112
-22
-121
-50
69
53
-46
-58
27
39
-51
-87
-16
70
91
-15
-128
-76
59
127
33
-73
-69
25
59
31
1
9
11
-4
-6
-11
39
58
24
-67
-84
42
108
32
-85
-117
15
88
13
-57
-39
27
15
-75
-61
60
72
-33
-129
-51
80
89
-79
-176
-13
127
90
-62
-158
-47
88
91
-9
-76
-69
-7
79
69
-15
-95
-20
89
84
-39
-129
-19
133
99
-64
-97
29
57
9
-22
27
56
3
-71
-24
41
71
14
-22
-39
-19
9
1
-2
8
-6
-38
-26
26
12
-31
-24
-4
-10
-3
11
15
-16
-34
-1
45
35
6
-25
-4
33
21
-12
-5
52
48
-45
-48
41
113
49
-84
-79
56
164
64
-103
-122
38
173
110
-81
-172
-27
149
134
-41
-165
-51
132
94
-65
-134
-5
114
79
-78
-130
-7
83
51
-59
-77
25
73
-23
-113
-64
96
101
-37
-124
-51
82
76
-37
-17
25
13
-3
-27
30
65
13
-59
-23
59
54
-31
-61
2
55
30
-31
-31
3
17
-30
-44
0
32
9
-23
-75
-57
32
72
16
-109
-102
22
117
34
-140
-147
26
133
87
-84
-182
-84
131
154
-1
-154
-127
47
165
42
-105
-84
29
99
36
-65
-67
16
75
15
-24
20
5
-34
-20
34
82
45
-24
-78
-42
61
104
27
-68
-94
6
70
17
-60
-49
43
46
-56
-93
0
84
41
-83
-86
9
82
60
-54
-71
1
53
29
2
29
10
-16
-1
5
54
55
2
-63
-54
45
127
63
-59
-122
11
196
112
-126
-164
49
234
119
-141
-183
22
177
109
-88
-139
-15
113
68
-58
-124
-20
99
91
-36
-105
-46
72
49
-50
-48
0
16
-6
-31
-50
18
77
20
-93
-91
62
95
16
-47
-27
33
30
6
-15
-2
49
32
-8
-18
-2
59
26
-39
-76
27
73
23
-39
-74
-27
34
18
-6
-32
-20
-34
-48
6
56
29
-56
-75
-26
46
39
-40
-111
-38
48
77
-7
-101
-100
7
102
82
-45
-151
-49
114
124
-37
-143
-36
126
107
-51
-125
-30
126
96
-57
-105
31
77
-2
-56
6
104
62
-87
-72
17
66
56
20
-38
-86
-21
47
41
-15
-44
-39
-5
4
-7
21
-6
-43
-60
16
58
38
-37
-69
-13
63
56
-2
-19
-4
5
28
3
10
47
26
-31
-39
33
71
34
-43
-48
36
107
76
-61
-113
20
157
115
-60
-145
-57
91
146
9
-134
-82
65
127
-13
-114
-58
64
69
-10
-77
-12
49
13
-59
-48
70
81
-80
-147
-17
134
71
-68
-115
-19
86
76
-31
-65
5
57
45
-28
-41
29
69
40
-41
-49
48
76
-2
-81
-46
49
77
14
-52
-60
-11
39
4
-30
-18
18
-24
-84
-3
80
42
-81
-103
-5
87
63
-100
-165
-15
148
86
-87
-162
-35
102
111
-21
-135
-102
40
133
71
-81
-125
9
124
73
-57
-122
-30
117
131
-26
-133
-51
88
72
-27
10
63
16
-84
-84
66
135
7
-103
-75
49
57
-15
-35
-8
34
-27
-64
-28
7
46
15
-59
-83
-4
98
81
-57
-128
-42
113
134
-16
-110
-15
73
47
-28
-14
85
42
-84
-100
64
166
61
-106
-117
62
187
72
-105
-142
33
187
88
-86
-105
-5
65
73
-9
-67
-38
56
50
-17
-82
-53
58
75
-4
-80
-58
14
58
-7
-42
10
51
-41
-133
-43
126
116
-53
-174
-43
120
88
-42
-65
-2
52
42
-15
-26
25
39
17
4
-4
17
14
-12
-5
-9
19
35
16
-31
-60
-26
21
22
-8
-34
-13
1
-35
-30
3
32
6
-45
-59
-20
70
28
-108
-111
33
126
37
-125
-146
4
133
116
-81
-181
-38
158
144
-76
-166
-16
141
109
-61
-123
-27
94
66
-22
-38
19
47
-29
-45
41
97
44
-81
-90
48
90
56
-38
-71
-51
30
48
2
-21
-24
-29
4
25
-20
-41
-14
12
-10
-19
-5
30
7
-46
-46
44
89
20
-36
-7
31
-13
-20
54
82
-5
-81
-37
94
129
-17
-131
-44
121
137
10
-115
-66
87
129
39
-54
-72
-33
47
75
30
-44
-85
-2
88
54
-64
-93
-2
62
61
-40
-79
-45
42
81
-19
-71
-31
-10
-10
-4
-9
36
22
-56
-93
8
103
63
-39
-98
-16
101
56
-46
-37
37
63
4
-30
-5
60
33
-64
-82
42
107
17
-86
-68
20
22
-20
-35
4
36
-46
-85
9
71
50
-83
-111
-31
74
77
-61
-142
-47
83
119
-22
-166
-115
66
169
56
-137
-158
6
162
100
-83
-142
-14
137
119
-50
-145
-40
120
114
-55
-84
22
77
-18
-67
52
122
40
-103
-135
62
161
40
-106
-93
33
60
11
-53
-45
40
37
-29
-83
-35
67
55
-60
-88
13
65
35
-29
-55
-28
40
57
16
-1
12
3
-14
-30
38
133
39
-116
-123
59
203
80
-126
-138
48
199
91
-107
-147
31
206
101
-113
-161
18
129
69
-25
-57
-66
31
83
29
-69
-74
14
63
7
-43
-46
-3
32
5
-23
0
17
-50
-101
-5
118
89
-76
-151
-21
109
85
-49
-68
22
48
19
-33
-32
52
63
8
-29
-9
24
39
10
-37
-38
28
82
5
-67
-60
8
25
10
-33
-47
22
42
-61
-83
29
95
13
-143
-102
48
127
1
-154
-104
61
145
23
-185
-159
65
189
56
-129
-167
-1
156
101
-67
-124
-21
111
61
-64
-65
32
85
4
-43
-14
37
26
-42
-29
72
114
-5
-122
-71
69
117
8
-71
-63
14
50
9
-44
-38
13
20
-22
-50
-21
49
20
-40
-59
-19
38
43
6
-49
-55
26
76
38
9
-26
-32
5
43
58
35
-13
-68
-8
74
64
9
-36
-18
26
48
50
2
-32
-21
32
76
65
-48
-110
-14
142
95
-84
-129
-1
108
45
-84
-65
13
60
54
-37
-89
-59
38
109
4
-69
-51
-32
15
6
27
17
-17
-56
-13
32
15
-8
25
33
-12
-56
1
62
51
5
5
-17
-27
29
64
38
-61
-54
14
67
51
-40
-83
-37
32
44
-28
-49
-3
-16
-35
-10
25
46
-35
-85
-53
38
84
-17
-102
-85
17
85
39
-90
-123
-19
104
92
-24
-129
-79
71
149
-21
-121
-42
101
93
-54
-83
-11
53
49
-5
6
6
-27
-21
31
65
39
-25
-63
-10
53
35
-22
-19
-10
-3
29
10
-64
-32
47
29
-44
-74
-34
70
71
-60
-114
-21
92
100
-53
-130
-30
102
92
-40
-47
45
52
-14
-50
9
105
65
-65
-93
13
101
83
-2
-93
-50
101
130
9
-111
-75
85
148
43
-93
-134
-7
140
126
-46
-160
-43
126
111
-77
-147
1
127
54
-74
-102
-11
77
50
-34
-56
-8
16
-36
-46
18
87
48
-93
-108
5
92
73
-23
-58
-5
37
40
11
-13
13
25
13
-10
-5
46
24
-30
-67
25
97
19
-90
-79
21
74
-5
-71
-52
48
53
-71
-106
34
119
16
-129
-125
28
151
34
-165
-149
66
174
15
-157
-138
19
123
93
-32
-140
-78
50
147
53
-112
-108
32
166
54
-138
-105
62
138
25
-78
-25
54
5
-55
21
121
54
-105
-133
52
172
54
-127
-99
40
91
17
-61
-62
-1
49
3
-57
-48
10
41
9
-65
-54
31
87
4
-103
-64
56
120
34
-85
-39
53
44
-41
-28
84
104
-36
-141
-34
153
147
-37
-145
-25
123
128
-5
-106
-60
95
141
13
-113
-92
36
128
87
-103
-161
-6
161
97
-128
-146
11
157
70
-94
-139
-3
89
32
-57
-20
27
-42
-80
-6
96
60
-73
-98
-10
46
39
-1
12
7
-27
-9
43
47
-4
-21
3
9
16
23
13
15
0
-19
-11
9
38
16
-40
-92
-18
60
40
-24
-56
-41
-11
13
23
20
-19
-63
-73
-22
92
59
-90
-145
-45
136
110
-110
-171
-51
133
159
-37
-166
-104
96
156
16
-110
-78
30
100
31
-56
-66
12
93
50
-15
-44
-25
8
26
70
65
-21
-81
-40
31
100
36
-42
-50
-17
22
19
-6
-35
-12
5
-4
-20
-41
-20
27
-3
-11
-14
3
44
-21
-64
-3
69
49
-7
3
-7
-12
8
-11
16
94
63
-64
-107
20
150
94
-56
-134
-9
164
126
-36
-120
-59
101
134
25
-99
-97
33
122
61
-64
-98
23
82
6
-77
-60
48
62
-8
-52
-41
20
52
1
-62
-11
55
1
-105
-81
71
140
1
-135
-117
57
124
43
-61
-71
14
85
24
-58
-13
77
50
-30
-55
9
65
61
-32
-78
-31
81
77
-34
-108
-66
44
70
-21
-76
-16
47
-38
-66
16
74
8
-111
-119
19
129
42
-108
-153
-15
116
98
-103
-165
-33
113
117
-31
-128
-56
66
63
-11
-50
-2
31
37
-13
-49
-17
60
43
-29
-40
57
39
-57
-59
70
127
19
-144
-110
78
154
36
-99
-98
20
78
55
-75
-85
33
66
-4
-95
-58
26
72
20
-81
-100
31
115
42
-100
-104
44
135
51
-63
-58
28
76
-13
-57
34
117
31
-119
-84
125
186
4
-162
-94
138
198
6
-166
-96
117
192
23
-144
-112
55
157
80
-79
-145
-26
120
101
-53
-143
-18
100
91
-47
-110
-53
42
69
29
-35
-31
-40
-50
1
43
78
-13
-98
-61
31
88
20
-44
-16
24
19
-10
-6
45
47
20
-40
-29
20
52
31
-3
-68
-42
37
94
37
-88
-104
-11
64
39
-58
-19
0
-48
-33
25
61
20
-86
-124
-26
118
78
-90
-144
-44
96
93
-50
-143
-80
69
134
46
-104
-140
-16
141
101
-54
-130
-43
117
105
-14
-113
-56
79
92
11
-62
-55
3
47
57
61
-9
-74
-64
35
98
51
-44
-92
-17
74
48
-64
-85
22
80
-25
-68
-43
37
67
-22
-93
-50
40
95
6
-105
-63
61
117
12
-78
-40
65
68
-41
-76
55
143
25
-138
-104
125
191
15
-163
-98
126
171
32
-116
-106
71
145
50
-82
-108
15
125
61
-50
-102
-33
65
61
-32
-67
-23
44
68
-3
-83
-48
31
50
23
-22
-32
-53
-42
8
39
48
-9
-84
-51
33
75
22
-28
-21
13
37
9
-36
8
87
41
-66
-61
40
115
24
-96
-48
66
67
0
-70
-37
-10
4
12
-6
0
20
2
-57
-86
-29
75
117
-58
-179
-65
97
122
-49
-149
-103
74
146
-3
-172
-129
84
161
35
-127
-126
20
119
65
-45
-98
9
87
47
-52
-63
35
74
7
-18
11
7
-16
-38
41
98
48
-75
-101
-1
95
92
0
-100
-80
30
80
8
-75
-26
46
12
-61
-84
-5
78
55
-69
-121
4
121
59
-94
-110
36
136
30
-76
-24
65
21
-40
-24
62
114
1
-150
-53
119
156
21
-127
-81
59
164
65
-100
-125
51
161
84
-88
-145
-14
110
105
5
-124
-109
67
151
9
-140
-109
59
137
47
-88
-115
-29
71
63
10
-34
-84
-78
24
88
52
-39
-97
-23
42
54
-5
-38
8
18
39
6
-32
-15
41
68
16
-51
-18
22
39
17
-47
-27
25
57
26
-70
-79
-19
32
20
-23
13
-1
-73
-62
27
74
28
-80
-134
-32
104
88
-48
-139
-80
60
126
6
-150
-137
19
167
89
-105
-165
-8
175
105
-107
-140
10
155
76
-83
-135
10
136
61
-42
-32
-9
-10
-12
63
107
8
-94
-90
40
148
45
-83
-77
1
65
13
-47
-22
-2
21
-19
-21
-14
-10
-4
-5
-11
-24
-19
41
49
-12
-66
-49
58
98
30
-52
-55
14
57
26
20
14
18
-32
-64
46
147
57
-88
-101
60
147
52
-59
-85
-2
106
101
-8
-122
-89
72
161
51
-140
-143
41
155
57
-115
-152
41
159
40
-139
-120
47
107
20
-53
-17
-27
-85
-20
72
79
4
-123
-107
51
113
29
-69
-55
47
71
-17
-32
8
25
15
3
14
16
26
4
-20
-4
-31
26
57
1
-69
-99
19
119
44
-140
-101
84
67
-73
-111
12
132
20
-146
-127
71
124
-19
-128
-89
53
82
-12
-109
-68
59
76
24
-68
-84
-12
83
70
-44
-68
11
75
46
-23
-82
-43
83
98
-19
-60
-15
23
26
31
54
19
-61
-76
9
85
71
-4
-78
-51
37
45
-15
-68
-13
68
20
-78
-89
35
90
12
-100
-83
29
106
37
-88
-89
43
101
56
-67
-68
38
94
10
-79
6
121
61
-91
-91
42
137
85
-72
-122
22
162
121
-67
-159
-14
183
143
-73
-176
-43
139
136
-37
-149
-46
90
74
-45
-107
-23
94
82
-45
-111
-30
52
32
-2
6
0
-35
-87
-44
66
116
-3
-137
-87
43
115
55
-85
-113
34
164
43
-131
-75
106
149
-16
-148
-47
134
136
-40
-166
-53
132
111
-51
-142
-64
66
96
-12
-108
-21
83
18
-111
-90
92
132
-58
-197
-90
123
172
-32
-220
-133
106
186
5
-200
-138
76
183
28
-127
-133
11
131
82
-74
-100
4
84
58
-30
-63
-19
43
54
23
-3
-47
-59
5
69
117
2
-100
-80
29
121
48
-52
-76
-26
44
51
-25
-49
-5
17
-3
-33
-52
-6
57
10
-61
-61
6
84
45
-70
-101
9
116
79
-61
-67
38
63
-4
-63
8
133
67
-106
-107
51
160
90
-54
-114
-8
123
90
-26
-69
-20
74
112
18
-104
-91
48
134
40
-88
-106
27
90
36
-58
-73
2
77
41
-69
-87
4
60
25
-23
-38
-4
-54
-47
75
79
-5
-83
-74
38
46
-2
12
27
16
-44
-25
33
64
43
-34
-50
18
51
34
2
-7
-34
-25
71
89
-24
-136
-61
77
89
-48
-114
-13
89
18
-106
-84
61
125
-9
-166
-118
104
110
-37
-131
-66
52
74
4
-111
-85
33
89
47
-73
-90
17
66
50
-21
-72
-29
80
73
-15
-70
-49
37
70
20
-12
-16
-38
-31
75
106
4
-93
-73
49
123
23
-73
-61
4
63
6
-66
-25
27
12
-28
-33
-31
0
16
16
-20
-49
-19
44
52
-37
-95
-1
96
61
-50
-66
37
76
-7
-93
11
144
82
-101
-161
18
220
167
-114
-222
-16
223
180
-79
-215
-23
199
154
-50
-163
-84
110
155
17
-116
-139
17
155
63
-119
-129
44
135
29
-101
-91
-1
53
61
-21
-26
-38
-69
-32
49
106
31
-118
-121
41
112
47
-61
-58
31
51
20
-32
-24
30
88
32
-75
-45
63
81
-4
-85
-40
94
65
-45
-86
-28
28
27
0
-31
-6
-1
-58
-55
21
52
59
-34
-136
-95
83
130
-9
-117
-114
4
118
46
-121
-147
46
180
71
-150
-194
5
180
118
-85
-104
14
66
18
-16
-6
-3
21
22
3
9
-16
-41
-3
59
105
30
-82
-110
-22
133
130
-28
-125
-76
75
90
-23
-82
-53
21
48
20
-60
-86
24
104
-16
-116
-55
83
79
-37
-106
-36
92
117
-13
-99
-24
82
78
-54
-45
92
81
-63
-128
24
164
116
-63
-129
-15
138
118
-37
-115
-11
104
102
-4
-97
-57
39
84
41
-30
-87
-44
46
66
17
-85
-41
43
58
-9
-73
-63
-5
61
44
-21
-74
-81
-8
78
78
-2
-116
-77
71
75
15
-49
-38
43
52
15
-51
-12
58
50
4
-29
-16
17
52
35
-49
-84
19
103
38
-60
-121
-36
74
41
-14
-32
-20
-14
-32
-25
16
67
8
-107
-118
17
140
55
-128
-150
4
112
42
-107
-117
18
110
70
-62
-134
-29
109
89
-35
-72
2
42
39
3
-49
-36
53
63
7
-14
11
-51
-52
61
162
66
-149
-151
44
164
92
-112
-105
38
78
-8
-77
-25
31
36
-19
-58
-32
11
41
-4
-35
-57
-21
81
44
-36
-92
-13
98
58
-8
-48
-26
30
45
3
4
48
53
-58
-92
22
152
118
-66
-145
-9
154
158
-35
-156
-38
139
127
-30
-107
-41
58
93
15
-76
-54
21
52
25
-50
-49
20
65
9
-49
-47
-18
14
14
30
39
-26
-139
-74
117
141
-17
-148
-102
69
113
24
-72
-56
54
71
12
-60
-19
60
70
-11
-58
-30
56
88
42
-107
-95
49
118
38
-95
-116
0
89
45
-61
-60
15
25
-75
-89
67
125
-14
-164
-123
63
165
11
-160
-142
-3
134
66
-105
-124
10
100
42
-61
-69
-25
28
48
24
0
-38
-42
19
73
-1
-60
-46
42
94
34
-67
-96
5
103
106
21
-100
-119
-1
141
122
-37
-126
-88
49
113
3
-98
-66
40
57
-25
-76
-39
44
53
-13
-64
-48
34
75
4
-78
-65
63
102
22
-60
-56
13
70
20
-5
21
68
-10
-103
-51
143
201
9
-185
-131
134
228
41
-181
-119
118
188
23
-116
-120
37
168
64
-102
-128
6
110
64
-62
-98
-6
48
49
-10
-46
-30
-1
33
42
-3
-64
-92
-7
72
73
-4
-83
-82
-5
89
62
-28
-59
9
49
32
-18
-28
30
58
20
-20
-36
15
72
28
-51
-70
-5
81
65
-57
-115
-31
84
62
-46
-73
7
21
-48
-66
16
111
24
-126
-156
19
160
73
-123
-186
-34
128
103
-47
-161
-92
70
162
34
-167
-134
82
160
30
-98
-101
37
140
36
-136
-92
76
137
26
-66
-76
-15
65
63
42
5
-40
-65
-11
81
50
-16
-29
-22
-5
-20
5
20
7
-20
-30
4
-3
-45
-11
33
9
-58
-60
42
87
-1
-117
-69
85
143
21
-107
-50
68
47
-13
-18
50
64
-21
-102
-14
122
127
-24
-120
-39
90
150
44
-116
-98
39
156
83
-89
-124
-9
118
78
-59
-102
-22
82
67
-56
-72
0
62
31
-54
-50
-26
-2
18
46
28
-49
-108
-56
78
99
27
-93
-114
-1
90
64
-31
-48
15
46
15
-17
8
18
11
57
17
-38
-27
36
70
-19
-86
-18
79
84
-31
-108
-56
61
61
-49
-46
37
12
-81
-85
17
150
72
-148
-197
-18
203
112
-146
-218
-35
170
106
-111
-147
-18
111
88
-43
-132
-60
91
93
2
-70
-32
49
48
-24
-10
8
23
3
-23
34
55
-46
-74
17
147
96
-88
-165
-29
143
130
-18
-100
-79
18
72
44
-30
-88
-23
60
22
-61
-45
30
30
-48
-53
3
61
37
-44
-87
-28
98
98
-20
-92
-34
77
74
-41
-59
77
133
-23
-171
-70
213
217
-76
-213
-67
190
178
-44
-160
-27
138
121
-26
-106
-57
67
82
10
-62
-40
11
33
11
-16
-44
-34
30
61
-11
-89
-47
53
48
4
-34
-38
-27
-38
4
64
51
-49
-108
-35
76
88
-13
-83
0
56
42
-35
-47
46
105
13
-74
-65
60
104
34
-92
-89
31
110
45
-92
-112
-14
102
44
-80
-69
37
78
-62
-144
9
131
84
-115
-202
-23
157
107
-92
-192
-74
117
138
-45
-171
-60
93
108
-17
-100
-68
41
83
22
-39
-19
20
39
6
-27
-37
8
73
56
-23
-47
-38
3
69
86
20
-58
-87
-13
95
53
-7
-22
-30
-6
6
-8
-18
15
5
-12
-22
-34
-11
30
13
-47
-51
-26
55
75
2
-106
-69
74
105
14
-55
-39
44
46
-12
-3
45
52
-17
-76
-10
97
100
4
-47
-32
-3
75
100
4
-79
-45
78
110
-1
-95
-56
61
96
7
-83
-73
34
96
0
-71
-56
-1
85
42
-51
-87
-45
50
86
25
-78
-107
-44
65
112
2
-111
-93
14
91
57
-31
-68
-11
54
69
-6
-67
9
70
40
-37
-37
20
55
41
-57
-83
17
81
45
-66
-90
-6
63
35
-60
-67
34
37
-43
-107
5
112
66
-95
-188
-55
145
125
-49
-177
-112
79
128
-7
-129
-93
27
100
72
-65
-118
-22
91
53
-21
-11
-6
-5
15
18
-2
-6
12
7
45
23
-80
-60
52
143
91
-92
-179
-20
180
113
-84
-114
-2
76
30
-65
-51
17
51
18
-77
-64
4
61
22
-62
-88
19
100
46
-93
-111
20
124
96
-33
-110
-12
93
60
-45
-65
64
138
19
-159
-110
128
226
62
-161
-173
49
217
129
-91
-177
4
187
124
-87
-167
-14
148
104
-62
-133
-22
114
64
-80
-94
22
77
19
-45
-47
-8
19
9
-3
10
8
-61
-99
9
111
79
-79
-145
-28
98
112
-27
-103
4
71
48
-44
-53
54
84
7
-47
-26
18
64
36
-54
-82
4
138
68
-90
-139
-51
110
121
-88
-146
29
115
-43
-157
-27
150
126
-108
-233
-65
176
134
-69
-183
-79
74
107
-2
-116
-82
21
87
65
-64
-118
-25
108
113
-29
-134
-49
107
131
-69
-130
-11
129
95
-42
-126
-47
80
106
47
-13
-70
-68
9
59
77
10
-51
-51
22
45
-2
-57
-33
25
30
-17
-74
-65
47
96
-16
-118
-80
82
102
-12
-126
-58
88
109
-2
-60
-36
64
42
-32
-52
61
130
-15
-138
-69
140
179
-1
-127
-99
52
165
83
-60
-107
-9
114
92
-10
-98
-101
44
157
62
-117
-150
20
159
59
-121
-144
42
162
46
-133
-134
36
100
49
-43
-68
-64
-29
68
92
-12
-97
-69
26
56
32
2
-10
1
-5
13
18
5
9
26
4
2
19
53
-4
-29
-23
2
24
24
29
-2
-87
-76
29
98
22
-86
-69
28
17
-69
-29
95
82
-103
-180
-34
129
98
-52
-135
-69
51
96
-1
-108
-89
15
94
50
-45
-82
-35
33
70
26
-31
-57
10
75
21
-53
-56
34
99
49
-52
-111
-24
96
106
33
-65
-82
-29
69
93
20
-72
-75
1
78
-2
-69
-20
53
10
-59
-24
25
-12
-29
-26
-20
22
50
16
-58
-61
-13
50
80
22
-44
-40
8
51
14
-19
29
68
19
-76
-91
59
184
82
-115
-157
9
191
134
-61
-151
-20
135
111
-33
-117
-45
79
115
7
-112
-82
55
87
-10
-110
-12
64
43
-34
-60
-40
30
37
17
-2
-55
-61
-26
19
67
35
-36
-100
-33
71
67
-6
-53
-6
36
17
-1
-3
9
28
26
45
-6
-64
-13
73
33
-77
-61
71
108
-3
-151
-97
86
125
-6
-131
-59
75
26
-90
-65
75
132
-40
-212
-104
100
157
-11
-175
-111
72
125
-2
-125
-97
34
91
68
-59
-116
-26
109
87
-52
-113
-8
111
57
-40
-50
-5
43
37
47
15
-76
-70
48
145
96
-96
-152
-10
123
106
-24
-80
-24
41
24
-5
-27
-32
-33
16
54
-24
-102
-25
68
56
-37
-107
-32
81
75
-51
-111
2
130
97
-67
-111
8
79
49
-34
-31
84
90
-73
-146
25
232
147
-128
-200
-8
219
179
-58
-195
-80
185
191
-38
-186
-93
130
162
-6
-126
-105
41
96
31
-66
-82
15
78
23
-53
-62
-22
14
41
43
-14
-110
-83
10
130
79
-100
-126
-38
80
118
2
-102
-48
51
69
18
-25
-6
28
47
-15
-41
18
39
17
-30
-56
17
83
44
-75
-105
2
85
35
-69
-70
26
65
-23
-117
-36
107
117
-62
-213
-135
116
215
23
-221
-187
75
191
24
-156
-127
36
108
34
-71
-89
9
57
58
3
-67
-51
41
87
37
-35
-70
-34
73
110
24
-129
-113
93
173
56
-112
-127
14
122
90
-39
-97
-63
24
88
21
-99
-42
66
76
-57
-142
-42
114
84
-82
-129
1
115
75
-73
-120
-21
112
104
-39
-94
-2
91
40
-43
-40
43
93
47
-89
-119
37
202
132
-82
-202
-46
195
192
-10
-167
-82
112
169
2
-137
-84
88
123
7
-86
-52
8
68
53
-47
-78
-24
49
56
0
-98
-104
40
155
71
-124
-172
-24
126
134
-27
-146
-81
50
98
31
-52
-36
38
39
-17
-2
-21
-8
63
59
-10
-51
-11
63
61
-31
-98
-10
101
41
-51
-79
-26
75
49
-86
-83
69
70
-54
-137
-36
112
130
-68
-211
-118
99
178
45
-183
-191
9
166
83
-131
-171
16
148
93
-73
-151
-45
108
105
-30
-111
-22
75
87
-22
-107
-22
78
86
-2
-66
-59
17
80
71
6
-57
-51
6
28
33
18
-8
-15
-4
-21
-33
8
22
-8
-45
-1
-18
-25
-16
10
41
-27
-78
8
87
42
-87
-120
34
171
72
-91
-121
18
124
36
-46
-3
106
18
-115
-79
98
179
39
-105
-87
19
126
114
-33
-94
-60
92
145
23
-106
-94
44
114
68
-71
-117
-15
106
66
-72
-103
-2
100
27
-60
-49
-27
29
60
24
-52
-100
-63
62
127
28
-109
-121
26
82
28
-34
-29
42
42
-20
-26
21
39
40
-2
-19
-8
27
18
8
15
-33
-44
45
105
-15
-121
-69
41
85
-7
-83
-21
47
3
-67
-48
61
97
-12
-182
-162
78
201
41
-186
-167
36
131
40
-106
-92
37
66
19
-30
-71
-50
45
86
5
-62
-46
40
77
22
-52
-75
12
101
79
-28
-115
-72
81
150
70
-82
-144
-47
96
125
27
-66
-85
-11
60
31
-43
-52
-2
29
3
-30
-31
-8
11
-3
-11
-23
-3
33
4
-40
-51
12
90
66
-42
-67
12
32
14
-9
27
99
35
-111
-125
65
207
90
-94
-134
-20
120
141
29
-86
-93
30
123
71
-66
-112
15
95
47
-40
-78
-30
30
64
11
-71
-47
26
89
-11
-85
-63
1
90
74
-40
-131
-121
60
143
46
-97
-124
10
95
57
-55
-77
40
85
9
-32
-27
29
78
22
-42
-30
34
54
15
-34
-30
-1
58
58
-35
-109
-64
65
88
-25
-92
-19
55
32
-92
-96
81
149
-31
-212
-140
84
193
43
-177
-196
24
198
89
-136
-179
-17
103
108
-20
-129
-57
48
92
45
-37
-58
-20
66
58
-35
-71
-11
64
79
34
-84
-115
52
143
73
-55
-115
-25
75
84
12
-32
-50
-50
11
54
10
-10
-32
-50
11
31
-12
-38
-15
-4
5
-21
-4
35
21
-50
-82
32
114
48
-53
-84
23
67
14
-18
13
95
20
-84
-81
56
149
77
-36
-91
-60
88
123
55
-54
-100
-10
137
85
-71
-119
-7
134
94
-69
-110
-44
61
38
11
-12
-56
-29
55
55
-48
-99
-42
65
98
-9
-133
-128
18
163
90
-91
-141
-24
78
83
-10
-55
-13
52
22
10
-5
-20
11
41
38
-15
-47
-6
62
43
-42
-66
36
104
13
-137
-123
57
135
12
-109
-63
37
52
-14
-109
-25
100
86
-121
-201
-26
152
147
-72
-221
-136
121
193
-11
-191
-127
73
154
51
-110
-147
-10
149
115
-63
-158
-12
131
104
-58
-134
-7
118
104
-20
-120
-72
84
134
44
-63
-111
-18
104
66
-24
-50
0
24
-4
-20
-26
15
36
-21
-40
-44
7
16
5
-6
-43
-25
7
55
26
-54
-59
1
78
65
-7
-52
-6
19
32
8
28
66
26
-68
-108
29
169
133
-57
-146
-47
131
134
21
-68
-62
5
64
58
16
-28
-32
-2
53
58
-45
-74
-8
74
33
-78
-60
21
84
22
-96
-85
11
84
95
-51
-152
-57
80
119
9
-102
-111
22
126
46
-87
-76
70
106
-33
-116
-5
117
97
-44
-107
0
105
62
-40
-74
1
45
26
16
-28
-56
-56
28
70
-8
-59
-4
20
-25
-73
-42
46
128
19
-208
-165
83
186
63
-169
-197
21
160
62
-125
-142
3
83
76
-38
-91
-27
40
71
13
-53
-35
37
62
3
-58
-31
36
83
42
-52
-59
-9
44
73
50
-23
-79
-60
50
125
59
-74
-109
16
73
5
-54
-13
34
-12
-22
-28
-13
-6
1
-1
-23
-50
3
79
52
-75
-123
-6
143
104
-46
-135
10
121
38
-72
-47
92
113
-38
-160
-49
190
225
-41
-223
-114
145
259
44
-190
-138
95
207
30
-125
-92
68
100
9
-43
-48
-24
-5
20
42
-4
-53
-44
24
58
3
-68
-82
27
117
33
-100
-132
-15
123
104
-52
-139
-58
58
103
17
-53
-22
7
26
25
4
-3
7
46
25
-22
-31
-1
62
45
-34
-58
-1
80
27
-96
-81
44
83
-11
-89
-5
73
7
-101
-89
58
131
22
-143
-154
14
152
67
-97
-157
-62
88
105
-28
-118
-75
42
101
4
-76
-56
17
71
58
-31
-72
-26
62
86
-13
-90
-30
57
117
4
-102
-76
53
116
55
-49
-80
-33
45
85
21
-39
-32
-24
-3
10
2
7
-25
-15
11
-25
-49
-12
32
19
-35
-65
-2
52
61
-27
-79
-32
66
91
1
-80
-40
43
52
14
0
41
20
-30
-70
12
116
81
-11
-66
-62
53
134
73
-53
-106
-29
106
117
-12
-102
-68
51
99
39
-69
-97
-25
95
76
-54
-88
-5
57
33
-44
-77
-16
81
82
-58
-145
-70
62
145
28
-114
-98
9
90
49
-57
-24
16
31
-10
-9
36
28
11
6
11
15
-5
12
30
8
-24
-39
18
77
20
-105
-105
52
143
1
-103
-50
48
43
-106
-97
65
132
12
-154
-165
18
157
110
-97
-200
-92
101
168
-1
-146
-126
31
121
62
-59
-113
-57
106
132
-17
-109
-56
73
103
8
-84
-64
37
105
49
-57
-104
-16
127
142
-12
-170
-95
102
161
35
-116
-102
20
87
38
-61
-84
2
56
18
-53
-60
-5
18
19
-2
-44
-35
46
42
-30
-74
-10
73
77
-7
-93
3
81
11
-25
-16
74
99
-46
-133
-51
149
201
-5
-179
-131
109
210
59
-84
-104
-17
110
109
-12
-106
-67
79
102
30
-94
-138
-3
137
107
-79
-145
-27
111
80
-63
-138
-24
95
92
-32
-128
-84
36
123
31
-101
-99
40
77
9
-50
1
40
-8
-33
7
44
15
7
39
16
-46
-2
51
43
-7
-67
-23
74
64
-7
-119
-95
63
109
-12
-104
-60
46
69
-47
-111
-25
140
82
-133
-205
-25
150
148
-65
-210
-128
81
167
40
-161
-144
30
158
65
-92
-124
9
111
69
-35
-76
-32
76
82
-22
-92
-15
87
55
-11
-68
-26
68
78
11
-12
-16
-46
-8
61
48
21
-30
-53
-37
14
45
22
-49
-33
21
-6
-66
-15
62
29
-60
-86
3
67
42
-16
-70
-32
47
111
43
-96
-88
43
97
18
-50
16
82
16
-96
-77
117
164
64
-110
-149
10
189
163
-33
-195
-105
145
211
29
-174
-138
66
180
90
-138
-189
23
178
90
-118
-158
28
147
54
-117
-130
23
133
65
-118
-136
10
108
59
-67
-78
15
38
-35
-38
34
62
23
-31
-55
3
87
18
-37
21
22
4
-16
5
46
18
-54
-62
68
115
-12
-146
-96
86
141
-32
-121
-19
94
38
-144
-141
72
169
49
-177
-222
19
211
112
-131
-199
-60
84
127
6
-143
-98
14
102
51
-51
-85
-39
54
95
30
-64
-64
-1
72
49
-24
-64
-11
100
62
-59
-114
-1
124
110
-5
-111
-94
59
134
34
-81
-77
22
77
-12
-81
-29
48
43
-28
-55
-39
6
11
-5
-16
-26
-15
41
34
-43
-88
5
138
70
-86
-119
63
134
12
-106
-52
128
170
-49
-226
-83
237
255
-37
-256
-120
154
236
59
-114
-125
26
139
74
-46
-70
-34
50
71
14
-44
-63
-5
33
45
6
-54
-58
-6
68
55
-71
-101
16
121
63
-124
-132
8
100
61
-39
-72
-26
1
36
23
21
8
-16
-33
17
38
30
-6
-10
30
24
10
13
-11
-19
-1
14
53
17
-30
-51
-50
24
38
7
-34
-4
15
-7
-65
-79
10
129
83
-131
-213
-37
143
148
-28
-189
-119
48
112
14
-79
-96
-28
77
62
-26
-75
-20
49
57
10
-38
-47
32
55
3
-59
-40
37
89
34
-72
-57
6
87
72
7
-60
-71
13
100
49
-50
-70
-7
38
8
-53
-25
37
20
-40
-56
-15
33
3
-34
-39
-8
23
-2
18
-16
-52
-46
59
116
18
-69
-55
28
67
23
-50
4
114
55
-111
-129
76
220
104
-119
-210
19
228
157
-70
-181
-40
155
135
-9
-115
-63
46
79
47
-36
-96
-37
68
84
-25
-111
-21
92
64
-65
-128
-17
115
101
-51
-154
-60
99
90
-39
-81
-22
14
10
10
8
12
11
16
-4
-17
29
39
3
-14
1
34
25
4
-3
6
20
-14
-17
27
42
-19
-88
-30
54
59
-20
-59
-31
26
-5
-78
-37
106
112
-97
-219
-51
122
146
-13
-183
-128
35
131
42
-102
-110
-30
86
98
-16
-92
-74
45
126
59
-85
-124
8
121
70
-57
-101
16
123
54
-87
-83
31
113
78
-36
-103
-47
90
96
-2
-79
-40
36
42
-39
-41
13
20
-17
-20
5
-28
-42
10
18
-4
-36
-15
20
13
-27
-53
8
66
54
2
-68
-15
55
3
-2
-3
48
67
-33
-91
-11
87
129
51
-66
-126
-4
153
125
-26
-91
-42
50
93
35
-43
-87
-24
69
90
10
-115
-82
36
104
57
-89
-117
-4
102
61
-51
-110
-46
87
71
-59
-119
-23
70
52
-19
-55
-18
-1
22
32
-10
-18
20
5
-6
7
38
-1
-7
27
41
-17
-35
33
64
-19
-76
-1
106
51
-105
-126
24
130
17
-141
-31
96
53
-93
-146
-3
174
109
-135
-208
-55
140
147
-49
-194
-114
65
151
25
-124
-132
-12
117
100
-57
-129
-36
75
108
10
-83
-73
40
114
13
-85
-33
62
81
9
-75
-68
37
99
66
-17
-70
-49
25
69
61
-6
-54
-38
25
38
-41
-43
27
34
-38
-64
0
48
-1
-49
-27
-2
10
28
34
-13
-97
-61
93
154
8
-138
-70
86
109
-13
-95
10
131
44
-116
-119
103
215
110
-128
-193
-6
204
158
-42
-137
-42
78
114
28
-85
-85
25
91
52
-34
-106
-40
82
86
-33
-110
-23
77
55
-57
-94
2
45
54
0
-95
-67
11
66
47
-34
-57
-64
30
74
4
-23
-6
36
28
-52
-32
48
56
16
-24
-16
31
24
4
-13
-20
-9
21
71
15
-55
-113
-27
111
62
-80
-97
9
78
-12
-128
-48
109
114
-68
-188
-95
83
160
32
-161
-173
-1
139
99
-92
-176
-37
123
96
-38
-118
-47
73
86
6
-63
-56
17
91
36
-56
-60
4
90
46
-46
-75
-8
118
89
-28
-109
-72
71
100
20
-51
-47
17
25
-34
-42
1
66
5
-84
-30
34
17
-22
-52
-24
22
45
15
-56
-35
21
23
26
21
4
-23
-10
30
10
-13
31
44
41
-4
-58
-53
37
149
117
-45
-163
-57
136
170
44
-126
-117
72
155
53
-86
-105
-11
94
97
-11
-113
-83
53
109
24
-95
-72
39
73
-1
-90
-65
89
86
-43
-118
-58
54
86
28
-92
-67
40
50
-16
-37
9
59
6
-32
-17
32
24
-2
32
16
-33
-5
27
70
19
-67
-60
51
69
-4
-78
-58
33
74
-8
-70
-28
22
29
-23
-100
-47
106
131
-55
-223
-130
106
198
29
-196
-167
22
113
73
-54
-111
-54
60
72
-9
-63
-43
-6
39
76
26
-84
-65
44
118
14
-97
-6
87
46
-84
-98
64
127
39
-54
-63
-33
59
77
9
-40
-46
-13
39
33
-10
-50
-32
27
29
-19
-47
-56
0
55
20
-72
-57
44
92
-10
-96
-64
67
127
17
-105
-64
69
91
-14
-60
29
100
39
-105
-101
73
173
92
-73
-147
-23
145
131
10
-81
-88
27
127
88
-61
-124
-29
81
110
3
-125
-81
61
99
12
-76
-68
12
84
0
-89
-48
55
52
-10
-69
-51
23
36
-10
-33
-12
19
6
-13
-16
23
38
-7
-26
2
27
30
-12
-4
30
48
5
-44
12
49
-4
-41
-10
63
45
-28
-79
-58
46
93
-8
-70
-26
23
16
-72
-74
65
111
-19
-153
-119
26
148
61
-90
-157
-88
77
144
20
-136
-136
10
173
98
-132
-197
26
197
96
-92
-146
-2
156
80
-87
-102
11
139
77
-81
-137
-1
161
108
-54
-129
-44
107
79
-10
-56
-41
15
25
6
1
-25
-28
-11
-10
-8
-2
-11
-4
-30
-7
21
-4
-19
-19
-7
5
0
27
43
-1
-26
-16
23
-7
2
15
8
54
52
-54
-100
17
161
132
-34
-167
-93
116
180
77
-87
-164
-11
183
127
-60
-137
-47
93
94
-12
-95
-64
25
56
68
-30
-111
-36
68
72
-55
-118
4
111
58
-93
-130
-1
97
64
-55
-77
-22
24
41
14
-30
-24
41
46
-17
-42
-1
59
58
-20
-37
16
68
16
-32
-47
-7
76
72
-29
-83
-52
13
50
32
-31
-55
11
39
-4
-79
-71
44
133
22
-161
-176
6
168
113
-86
-214
-102
126
157
-16
-186
-101
80
129
23
-99
-87
6
88
74
-34
-96
-10
95
64
-57
-76
23
91
53
-60
-90
4
115
81
-38
-79
-37
33
72
30
-20
-20
-9
-7
8
-11
-41
-15
25
34
-2
-71
-48
23
32
-7
-61
-14
31
24
-8
-33
-14
13
61
34
-30
-38
8
48
40
-14
-33
42
65
-3
-86
-35
127
144
11
-155
-137
106
243
85
-134
-152
33
163
109
-73
-150
-38
88
137
18
-148
-137
35
163
54
-123
-131
39
146
14
-141
-98
70
129
21
-145
-126
42
113
43
-58
-80
-13
18
30
5
6
17
-1
-24
-8
29
35
-7
-6
15
29
20
-12
-9
33
-12
-38
6
65
38
-38
-67
-46
48
60
-12
-54
-44
13
23
-46
-59
11
73
64
-126
-193
-28
183
157
-114
-250
-109
138
198
3
-211
-169
84
215
34
-148
-135
49
138
60
-78
-121
5
130
67
-72
-91
32
115
46
-80
-79
17
94
101
0
-92
-81
48
107
21
-43
-54
32
35
-64
-34
54
55
-46
-96
-6
55
26
-39
-57
-7
28
14
-18
-24
5
-1
-46
20
109
55
-103
-102
77
123
3
-109
-15
136
90
-76
-138
3
161
155
5
-152
-117
66
193
135
-63
-192
-57
175
179
-36
-190
-53
126
112
-18
-117
-61
45
68
12
-65
-49
27
60
15
-65
-85
6
91
67
-89
-132
-15
91
63
-25
-86
-26
36
23
-15
-12
32
28
-19
-8
2
22
41
-6
-26
29
56
26
-30
-48
12
19
21
33
-12
-31
-15
-26
3
30
-6
-32
-11
4
14
-67
-112
47
163
22
-185
-187
32
203
86
-139
-218
-36
138
76
-33
-91
-58
7
31
46
21
-68
-85
28
121
57
-72
-109
34
128
28
-101
-86
69
136
11
-126
-79
117
141
5
-137
-87
84
121
27
-82
-84
35
66
-17
-64
-44
34
36
-8
-44
-49
8
24
-19
-25
-12
17
14
-15
-12
-10
-6
-4
24
56
9
-43
-40
22
44
15
0
28
52
-18
-94
-8
129
129
10
-137
-107
65
179
119
-67
-143
-24
119
115
-10
-85
-43
15
58
49
-37
-85
-31
43
89
16
-81
-76
34
85
-2
-85
-58
42
81
-4
-73
-54
-16
56
58
10
-67
-100
18
97
51
-38
-60
-4
54
20
-15
2
38
34
1
-6
27
9
-12
-6
12
8
9
17
-4
-37
-53
8
53
-15
-40
-3
31
-13
-95
-45
67
95
-10
-142
-125
-5
124
140
-73
-224
-134
113
199
9
-194
-166
69
184
73
-109
-159
-25
149
130
-34
-160
-71
106
159
8
-134
-85
88
132
4
-131
-78
91
143
0
-99
-84
35
120
30
-62
-72
24
55
-27
-52
-14
33
26
-25
-41
-26
16
20
-24
-57
-46
47
81
-33
-87
-30
50
73
15
-46
-18
17
26
2
-11
12
35
27
22
-28
-38
-24
67
135
68
-109
-165
36
225
156
-75
-199
-65
145
202
2
-166
-119
69
164
56
-133
-137
34
135
63
-88
-141
-13
121
107
-80
-164
4
142
77
-84
-146
-32
107
101
-37
-131
-30
96
57
-42
-73
39
86
29
-79
-66
72
116
6
-92
-28
108
62
-61
-51
26
55
28
-39
-45
42
29
-50
-58
20
73
12
-68
-84
-3
47
-9
-21
44
21
-95
-125
-24
98
107
-26
-168
-122
52
135
46
-108
-139
-16
122
106
-41
-127
-56
63
106
60
-83
-116
13
132
72
-94
-94
63
132
5
-120
-46
103
105
5
-90
-75
38
102
34
-63
-58
26
56
-13
-45
-47
20
58
-17
-55
-40
13
33
-20
-43
-22
37
19
-40
-37
-14
31
54
19
7
-30
-35
-8
62
60
-45
-49
41
120
-5
-136
-71
125
205
49
-186
-162
86
232
134
-83
-163
-57
107
156
37
-86
-125
-12
136
124
-74
-162
-49
113
99
-54
-119
-2
88
34
-93
-71
49
59
9
-78
-86
-7
80
75
-66
-111
-12
78
53
-34
-74
6
74
40
-56
-41
53
71
15
-50
-18
58
12
-12
10
0
10
0
-3
19
-3
-53
-34
27
60
-15
-95
-31
75
53
-95
-140
30
183
60
-182
-209
-22
198
171
-114
-268
-117
139
196
8
-189
-151
62
165
42
-102
-114
4
93
74
-9
-52
-49
13
71
47
-25
-68
5
77
37
-42
-67
29
92
43
-69
-53
40
74
-4
-34
-3
49
8
-74
-52
38
70
-8
-84
-61
49
40
-46
-68
-18
70
17
-41
-29
3
12
-14
25
50
-10
-43
18
30
-2
-33
7
60
35
9
-26
-31
-12
53
112
60
-67
-117
2
169
164
-44
-149
-66
120
147
-11
-121
-61
40
126
50
-90
-112
10
103
28
-70
-86
3
84
66
-69
-119
-4
95
50
-76
-108
44
70
-17
-54
-22
46
15
-63
-33
28
89
34
-85
-51
62
51
18
-12
1
29
17
15
-2
-12
-5
-10
50
33
-39
-46
-17
13
35
-14
-53
-13
42
3
-45
-59
-22
47
54
-3
-78
-123
-49
73
103
21
-125
-199
-40
191
156
-134
-251
-35
199
142
-93
-169
-21
119
94
-30
-99
-34
63
89
9
-89
-75
66
139
10
-125
-74
91
140
19
-84
-86
23
95
34
-19
-41
-8
21
12
-41
-47
32
41
-25
-54
-16
22
0
-40
-49
7
44
23
-34
-49
-10
53
36
6
-27
-8
52
-5
-30
-19
32
64
46
11
-46
-58
11
88
118
38
-67
-114
0
149
166
-10
-192
-115
149
211
8
-149
-117
45
174
81
-117
-148
-13
129
77
-61
-105
-11
73
72
-57
-99
-7
61
31
-41
-59
6
38
-11
-24
-2
-2
-24
6
20
-2
9
20
13
-11
-16
41
22
-1
-8
20
50
20
-59
-22
63
38
-35
-23
11
19
-24
-57
8
50
4
-55
-31
27
29
-54
-95
-5
110
79
-107
-183
-65
132
176
-23
-219
-172
36
177
70
-87
-165
-54
103
122
23
-123
-120
65
162
46
-126
-116
67
141
23
-105
-73
62
125
8
-98
-47
72
98
-3
-61
-59
34
67
22
0
-37
-29
25
2
-25
6
3
-3
-23
-24
-5
-16
-2
-36
-9
7
-2
0
-3
-19
-4
-3
19
33
21
-10
-27
-34
45
50
20
-36
-20
61
43
-40
-61
34
149
101
-90
-156
-4
170
164
-12
-163
-118
110
180
51
-102
-118
7
112
86
-65
-152
-41
118
111
-56
-154
-35
126
86
-80
-129
-18
104
79
-60
-120
-2
69
10
-29
-20
7
4
-36
-15
37
40
-9
-25
11
23
17
8
5
25
11
-9
-2
30
44
-34
-55
29
94
24
-76
-93
-15
75
56
-21
-62
-26
23
19
-26
-65
-24
65
59
-39
-141
-103
52
162
57
-163
-224
-15
208
150
-111
-231
-62
158
163
-32
-179
-93
82
186
37
-131
-147
69
203
54
-178
-126
109
201
-6
-188
-96
138
169
-11
-128
-46
84
77
-18
-49
-14
41
11
-26
-34
14
3
-36
-7
24
-15
-61
-23
31
24
-49
-38
33
39
-27
-60
-24
56
70
13
-54
-62
27
60
22
-52
-28
73
84
-14
-110
-30
103
137
40
-94
-116
31
120
138
17
-118
-103
39
162
99
-66
-149
-48
117
138
-19
-155
-113
66
165
47
-173
-154
71
184
14
-163
-85
59
112
-24
-135
-51
64
89
-10
-79
-60
26
68
4
-63
-17
57
70
-13
-85
-8
98
81
-31
-69
22
61
19
-45
-40
27
69
1
-22
-31
-28
14
31
-11
-37
5
8
7
-18
-45
-59
13
78
63
-61
-150
-104
49
152
38
-131
-186
-45
137
155
-39
-201
-112
102
186
29
-190
-173
101
222
75
-159
-178
64
203
63
-111
-126
1
152
77
-63
-123
-9
148
82
-79
-95
9
105
54
-46
-53
12
60
-12
-72
-36
29
39
-17
-49
-2
3
-7
-35
-15
12
-1
-7
-16
1
8
-17
-14
30
46
-10
-41
6
30
20
-3
-21
41
76
-6
-84
-33
59
126
86
-46
-122
-45
113
169
48
-87
-121
-7
129
109
-18
-100
-86
36
131
51
-100
-97
40
77
-7
-74
-40
39
70
-25
-93
-30
54
43
-38
-88
-15
97
35
-64
-82
14
72
7
-67
-54
55
102
-6
-80
-47
75
108
-28
-82
-12
84
77
-47
-61
9
59
40
-25
-52
-3
23
10
-7
-38
-10
21
-2
-14
-27
-18
-19
-18
29
33
7
-91
-159
-11
152
122
-107
-241
-85
161
189
-39
-222
-112
74
182
49
-153
-130
64
169
58
-138
-119
49
141
60
-87
-98
54
104
-1
-86
-40
86
106
-3
-90
-36
41
31
-8
11
23
-1
-36
-26
14
33
-2
-23
-33
-21
-5
13
-5
-25
-27
-4
34
34
-43
-69
4
64
24
-23
15
-5
3
21
-12
-4
14
33
23
12
8
-25
-54
8
119
142
-34
-171
-58
163
211
29
-159
-143
58
198
80
-90
-118
-53
81
156
17
-173
-143
101
202
8
-182
-133
81
171
-2
-145
-56
60
76
-38
-81
-19
39
29
-35
-34
28
7
-38
-17
18
60
17
-49
-26
31
56
3
-25
14
34
29
4
-21
2
17
8
9
19
1
-52
-40
38
41
-4
-41
0
14
-6
-35
-44
-43
17
74
31
-83
-120
-62
53
108
33
-99
-149
-76
69
156
32
-150
-160
37
168
50
-115
-93
16
114
64
-69
-71
18
75
36
-36
-59
5
99
54
-84
-99
34
114
54
-61
-75
9
84
41
-36
-45
16
33
-11
-31
-18
1
42
1
-77
-53
20
55
-21
-68
-32
19
42
15
-41
-40
-10
41
97
-6
-101
-47
63
72
-11
-25
-16
43
76
1
-71
-40
47
99
108
3
-133
-89
85
188
105
-90
-180
5
178
100
-52
-119
-54
87
111
13
-101
-97
34
89
54
-74
-127
28
127
40
-141
-103
71
124
-5
-137
-52
93
74
-72
-108
1
93
56
-64
-77
54
115
-10
-104
-12
80
89
-9
-81
-11
101
65
-67
-41
22
36
39
3
-32
-28
-18
-10
33
16
-14
-34
-14
26
-3
-41
-69
8
67
52
-39
-118
-121
3
147
98
-81
-216
-112
104
169
40
-148
-154
22
148
75
-98
-137
-7
142
117
-84
-142
-12
132
78
-64
-114
23
126
50
-114
-81
84
115
11
-91
-55
56
86
22
-73
-41
53
28
-51
-36
27
16
-9
-38
-13
3
0
-19
-20
-20
-37
4
57
13
-62
-47
14
49
43
-16
-43
3
36
25
6
-34
-4
62
64
-3
-54
-46
2
109
148
-19
-155
-83
104
177
86
-97
-146
-3
163
131
-51
-150
-72
114
117
-18
-100
-91
45
105
31
-103
-111
28
132
26
-93
-82
33
67
-18
-73
-23
64
23
-56
-51
14
37
12
-17
-40
21
55
15
-18
-41
26
68
17
-45
-52
64
112
1
-109
-61
91
127
-21
-124
-55
83
56
-47
-63
12
63
-1
-74
-33
32
-17
-36
15
69
3
-121
-136
-26
141
97
-64
-150
-133
46
183
53
-159
-181
27
171
83
-92
-130
-24
110
103
-9
-97
-62
81
120
3
-125
-59
124
103
-65
-108
13
125
42
-73
-46
42
68
8
-61
-22
67
58
-72
-111
10
106
67
-100
-142
21
112
36
-75
-82
4
40
29
0
-47
-51
15
60
43
1
-39
-32
16
44
37
-20
-43
14
76
50
-50
-67
-18
116
173
25
-158
-131
84
228
85
-125
-152
29
161
104
-51
-122
-59
77
116
0
-110
-74
31
75
41
-61
-90
-24
54
56
-26
-32
-21
-14
12
-3
-28
0
15
-12
-17
12
-25
-8
-17
-18
51
53
-33
-51
15
62
5
-26
25
36
14
8
-22
-17
18
41
7
2
-10
-25
-5
-20
-8
1
-7
2
-19
4
3
-28
-51
-37
53
61
18
-98
-160
-36
135
127
-88
-225
-79
123
144
-14
-156
-85
62
79
15
-58
-47
10
54
29
-25
-16
6
0
36
42
-41
-56
28
54
19
-20
12
39
35
-54
-55
57
65
-6
-54
-24
75
56
-58
-108
2
104
15
-84
-57
37
65
-26
-109
-29
57
46
-1
-34
-33
-15
17
33
27
4
-21
-14
36
28
-11
-12
3
44
47
7
-39
-49
40
80
71
5
-54
-47
23
112
137
-24
-139
-84
86
174
49
-111
-140
21
166
79
-101
-159
-2
138
96
-82
-165
-16
140
79
-103
-97
21
88
14
-87
-47
31
36
-22
-27
18
-11
-32
-19
41
60
3
-50
-27
18
74
32
-41
-48
29
102
27
-55
-54
16
61
37
-34
-49
9
32
-10
-41
-21
19
28
-3
-33
-32
2
-20
-32
5
43
-1
-83
-90
-15
85
83
-57
-142
-108
20
135
84
-111
-191
-45
118
165
-3
-168
-106
97
173
7
-150
-99
94
157
-13
-120
-55
89
89
-29
-68
4
62
48
-34
-55
21
66
23
-56
-34
39
66
-39
-95
5
70
32
-59
-79
-11
60
32
-55
-87
-20
65
84
-27
-123
-48
84
87
-1
-70
-47
46
66
16
-44
-24
38
22
33
55
-24
-78
-36
113
180
41
-144
-168
39
233
177
-58
-217
-105
159
213
25
-175
-155
85
191
47
-141
-124
43
110
45
-77
-124
12
118
36
-107
-60
73
72
-54
-112
-4
107
26
-109
-75
75
95
-39
-102
-42
85
109
-21
-88
-13
47
56
18
-26
-27
30
50
23
-1
-2
-7
-11
25
14
-27
-55
-1
63
1
-48
-2
7
5
-42
-47
1
6
16
20
-12
-63
-111
-41
93
101
-40
-172
-101
47
142
50
-128
-153
4
143
107
-82
-156
-11
114
126
-15
-150
-67
111
138
-21
-120
-34
95
86
-41
-95
8
118
70
-83
-85
54
100
-22
-69
2
78
13
-82
-51
23
51
2
-68
-36
27
32
-36
-33
-3
6
-15
-8
-14
-12
26
9
-13
-2
26
13
-15
-24
-11
47
76
-3
-53
-10
70
38
-59
-82
53
206
115
-150
-220
43
259
171
-98
-221
-70
193
209
-35
-184
-98
95
159
30
-122
-113
46
102
34
-97
-85
19
94
23
-104
-60
68
60
-48
-80
-4
80
33
-98
-96
79
91
-32
-103
-24
83
99
-26
-79
-5
59
51
7
-11
-27
3
55
48
-17
-67
-14
79
69
-2
-88
-83
57
81
-35
-72
5
48
30
-57
-61
-1
7
10
22
12
-53
-106
-69
62