#4
475
-63
-345
39
472
307
-201
-253
231
503
144
-329
-202
350
565
89
-427
-211
437
558
-5
-412
-70
483
406
-163
-338
125
539
255
-314
-257
312
492
67
-320
-101
412
385
-123
-302
132
482
223
-277
-262
274
528
92
-355
-137
371
430
9
-321
-80
391
377
-75
-290
55
406
227
-180
-178
207
384
76
-235
-88
330
362
-58
-287
19
411
261
-197
-238
207
441
94
-284
-147
344
416
-15
-360
-101
407
426
-68
-333
-13
406
269
-137
-205
141
352
101
-192
-92
291
324
-60
-271
15
383
262
-134
-254
100
409
219
-233
-240
178
436
159
-270
-206
234
415
68
-273
-158
275
380
-1
-270
-39
349
254
-144
-210
156
377
83
-253
-114
274
351
-30
-285
-40
374
310
-154
-296
101
424
187
-233
-232
219
405
55
-287
-125
327
348
-59
-289
9
327
224
-117
-193
104
332
103
-209
-114
263
335
-63
-313
-6
397
292
-193
-311
110
427
195
-277
-240
215
409
65
-301
-141
271
343
-20
-275
-28
313
250
-112
-202
77
317
114
-222
-128
247
311
-45
-272
-24
344
290
-131
-313
44
392
212
-203
-251
135
384
128
-268
-205
222
382
21
-304
-109
296
323
-54
-285
-13
303
205
-141
-183
132
277
58
-193
-96
265
301
-96
-303
4
372
272
-189
-327
71
425
211
-240
-266
138
378
123
-259
-174
237
321
-35
-266
-37
308
245
-129
-275
76
346
142
-187
-181
146
333
44
-271
-130
267
303
-51
-278
-52
307
243
-125
-225
38
269
127
-126
-128
111
219
28
-150
-41
170
187
-19
-171
-3
231
146
-105
-146
74
233
66
-132
-100
162
237
-15
-206
-45
231
215
-72
-198
-8
246
167
-118
-163
81
230
36
-123
-39
163
135
-70
-138
84
212
68
-137
-107
117
200
42
-142
-59
127
143
-17
-99
9
127
114
-34
-88
33
127
73
-37
-54
52
99
33
-29
3
52
85
26
-83
-4
174
104
-94
-119
65
189
90
-120
-91
99
172
17
-118
-42
126
159
-11
-149
-13
182
125
-83
-143
61
173
75
-55
-54
41
86
31
-37
31
107
10
-104
-22
135
175
-3
-165
-92
137
249
41
-158
-127
109
210
31
-130
-47
137
115
-36
-111
36
163
67
-113
-51
135
130
-50
-134
27
189
71
-122
-101
95
194
49
-157
-135
126
233
25
-170
-97
107
198
15
-149
-48
140
140
-58
-138
40
180
79
-134
-112
111
207
18
-173
-66
153
161
-39
-154
8
188
120
-114
-176
86
256
48
-211
-134
163
238
3
-197
-67
155
165
-39
-137
25
157
37
-97
-50
94
128
2
-108
-36
101
123
-17
-116
-6
121
88
-44
-101
3
151
91
-94
-107
51
163
65
-108
-74
61
128
51
-73
-76
59
128
24
-115
-26
112
78
-45
-72
32
141
51
-100
-85
75
114
39
-93
-75
87
113
10
-90
-5
112
62
-68
-103
40
165
64
-100
-108
53
159
49
-84
-62
40
72
30
-47
-8
84
53
-72
-67
91
132
-24
-129
-2
138
53
-64
-63
74
105
-6
-70
-39
97
74
-44
-52
43
98
9
-67
-27
69
73
-21
-85
14
114
42
-75
-64
47
98
42
-35
-44
-15
47
64
-3
-23
0
60
25
-30
-21
26
66
16
-43
0
41
49
-3
-19
10
53
28
-40
-9
54
47
-16
-56
21
106
46
-69
-81
42
131
54
-87
-79
30
88
57
-2
-13
-20
-15
12
37
45
18
-3
-22
-32
8
72
52
-36
-56
18
62
36
-23
-20
17
29
25
-1
-30
3
38
39
0
-55
11
89
55
-53
-54
25
52
1
-6
21
21
3
-20
-22
60
67
-9
-72
-14
55
72
11
-65
-26
56
60
-30
-60
39
66
-12
-69
-2
101
73
-49
-108
-10
124
99
-41
-78
-41
31
70
26
13
-10
-31
-19
34
87
40
-51
-69
-7
80
75
-25
-39
5
37
11
-25
17
56
18
-51
-26
66
52
-46
-46
36
74
2
-47
-35
47
65
25
-38
-60
30
77
23
-35
-42
-20
67
78
5
-75
-51
41
73
35
-35
-29
31
42
6
-28
-8
42
16
-17
-13
5
38
18
-7
6
5
-12
-16
39
74
-1
-78
-60
65
101
17
-76
-59
26
67
31
-32
-50
-12
61
61
-15
-59
-17
51
46
-42
-64
29
79
26
-50
-51
20
68
3
-62
-9
66
38
-20
-36
-10
49
69
-36
-83
2
113
103
-80
-143
36
153
25
-90
-71
49
69
11
-64
-19
74
64
-58
-83
32
122
1
-98
-45
86
83
-26
-101
-14
107
66
-76
-105
55
143
13
-119
-82
81
143
24
-117
-111
47
163
34
-81
-49
24
34
1
7
21
-10
2
11
1
-8
19
22
7
-9
-23
21
23
33
-6
-24
15
39
2
-53
-6
80
35
-74
-65
40
96
54
-79
-101
10
134
76
-102
-116
60
93
23
-49
-42
27
34
11
-42
-36
55
70
-20
-65
-5
48
25
-20
-27
31
29
-12
-12
-28
45
68
-25
-99
-9
114
81
-43
-127
-35
76
102
19
-90
-85
38
99
29
-61
-53
27
39
14
-27
-13
5
36
-9
-51
5
61
37
-36
-67
-11
71
84
-55
-106
13
99
68
-68
-118
51
143
18
-119
-69
54
122
21
-84
-72
48
110
-26
-67
28
38
-4
-40
-14
63
65
-23
-66
-8
51
45
-28
-53
7
58
45
-40
-50
11
41
25
-35
-36
36
79
28
-81
-78
40
109
36
-87
-79
21
109
31
-82
-33
70
31
-42
-19
54
46
-53
-79
39
95
40
-59
-85
4
74
54
-25
-72
4
71
28
-20
-64
-2
63
34
-31
-36
-1
4
3
31
28
-35
-77
17
89
34
-47
-43
-18
33
50
-2
-28
-38
-7
48
27
-29
-17
21
6
5
7
-2
-22
-12
26
15
-13
-26
22
58
1
-50
-37
25
70
30
-35
-55
-46
46
91
19
-76
-67
-2
48
55
14
-36
-59
-2
66
67
-14
-88
-44
48
68
14
-55
-65
57
85
-5
-88
-50
31
78
18
-44
-20
18
6
-5
18
23
-17
-40
10
70
40
-48
-63
12
49
17
-25
-7
13
5
-8
5
18
9
-16
-29
-8
49
40
-16
-55
-25
49
63
-25
-63
-3
62
28
-54
-61
60
87
-17
-84
-37
62
81
-4
-65
-44
36
56
0
-17
5
3
-18
-13
32
56
-18
-61
-19
36
33
12
10
-16
-35
-3
22
40
27
-18
-67
-7
64
23
-26
-32
15
43
-4
-34
-23
24
48
11
-78
-65
55
121
13
-107
-72
56
87
22
-68
-64
48
79
-24
-66
1
70
16
-57
-15
44
34
-5
-34
-50
21
75
9
-60
-17
54
2
-41
-11
21
54
27
-58
-79
13
90
75
-41
-81
-31
57
71
0
-72
-55
18
34
21
7
-1
-3
-21
-45
4
55
25
8
-56
-38
50
51
-15
-48
-33
-7
54
58
-33
-53
9
59
22
-38
-52
42
85
-2
-80
-30
49
37
-4
-21
-8
5
8
5
9
15
2
-9
-28
-9
34
34
-10
-53
-4
47
21
-47
-34
31
35
-36
-43
47
80
-10
-95
-56
62
100
2
-88
-70
34
90
27
-37
-32
-28
-28
44
70
17
-37
-39
-7
19
4
16
21
1
-26
-2
23
18
6
-32
-8
50
20
-35
-44
1
50
47
-32
-73
-23
72
77
-30
-119
-32
97
102
-38
-109
-36
74
71
-20
-68
-18
46
12
-27
-6
37
39
-45
-80
49
83
6
-86
-51
41
93
10
-79
-59
50
87
4
-113
-53
100
131
-25
-177
-87
119
172
9
-164
-89
69
106
25
-69
-45
16
18
7
12
16
-24
-15
-9
5
15
6
3
-16
6
5
-1
-19
-3
29
37
-7
-49
-17
20
35
29
7
-45
-28
17
44
21
-37
-47
17
52
5
-18
-8
2
-10
5
10
29
28
-26
-43
-9
41
46
-38
-76
32
98
-2
-80
-40
73
59
-44
-93
7
102
76
-63
-144
-18
104
97
-29
-102
-45
53
89
11
-81
-24
43
21
-28
-5
40
20
-45
-42
21
19
40
11
-37
-38
8
48
26
-25
-14
-11
40
-5
-43
-3
41
28
-27
-44
-5
23
26
0
5
-36
-41
46
65
-13
-79
-39
49
67
2
-63
-46
16
53
17
-49
-55
37
66
-1
-46
-15
1
40
-2
-39
-10
12
40
13
-22
-16
-3
9
-23
-16
51
35
-47
-76
24
108
28
-68
-49
-15
47
54
-11
-23
-21
-21
18
39
20
-22
-36
2
-10
-3
24
25
-2
-38
1
47
12
-55
-32
54
40
-26
-48
-10
70
24
-37
-25
-6
1
37
35
-31
-42
19
43
3
-13
-5
-16
-1
7
2
32
-1
-14
-3
-17
12
17
-2
-10
-13
-13
-15
3
46
45
-42
-43
14
35
12
-3
-18
-44
-9
58
20
-23
-23
-17
12
33
-2
1
-17
-7
11
7
36
18
-36
-34
-5
30
14
-2
-12
-7
3
11
-2
-3
24
13
-5
-9
-13
-7
16
18
-21
-11
22
2
-29
-20
34
57
-31
-84
16
52
15
-30
-34
34
14
-28
-6
33
25
-37
-17
13
3
14
2
-39
-3
45
10
-51
-4
56
18
-39
-30
37
55
-11
-57
-55
29
93
31
-55
-48
-18
22
55
23
-38
-54
-15
36
46
-1
-21
-7
-16
-30
37
39
-2
-27
-25
-7
1
23
27
0
-27
-32
35
28
-24
-32
8
21
16
-21
-32
4
44
31
-36
-51
-18
58
68
-14
-91
-19
42
40
21
-18
-53
-21
56
32
-32
-27
14
11
-51
-20
90
35
-78
-83
46
120
-11
-126
-6
76
29
-49
-36
29
61
5
-69
-60
31
68
37
-40
-70
6
68
41
-21
-59
-20
28
21
41
4
-41
-31
11
55
-8
-26
-9
26
5
-13
-13
14
31
-24
-25
39
35
-32
-41
-4
48
68
-25
-96
-21
86
67
-40
-100
-39
84
92
-11
-79
-57
21
76
42
-43
-48
-1
21
23
-6
-18
10
33
-22
-45
9
55
21
-65
-47
40
80
-14
-80
6
83
18
-76
-71
52
97
12
-102
-94
56
127
48
-91
-87
-8
69
65
-2
-55
-46
1
47
22
1
-8
2
-34
-10
19
33
-4
-17
-20
-15
6
41
9
-47
-12
21
21
5
-40
0
47
14
-27
-47
-30
54
63
-5
-63
-15
31
36
26
-33
-48
4
38
15
-17
-7
7
-29
-3
41
34
-30
-46
3
47
25
-34
-48
19
41
9
-51
-45
42
81
6
-108
-66
67
105
5
-82
-81
15
85
34
-30
-32
7
2
-13
13
44
38
-43
-101
-13
91
94
-30
-126
-52
104
78
-23
-60
-20
46
49
-12
-41
-35
4
40
46
-18
-63
-27
43
61
-27
-81
-21
58
47
-17
-13
-24
-23
2
11
40
37
-50
-87
-7
91
67
-38
-77
-41
45
94
23
-77
-70
17
85
35
-64
-38
32
50
-19
-59
-14
78
41
-41
-49
-5
47
56
19
-70
-72
10
58
48
5
-39
-57
-25
50
76
4
-55
-32
10
12
27
7
-38
-16
39
27
-28
-17
1
3
5
-18
-5
23
2
-22
24
44
-23
-48
-14
48
71
-30
-91
-12
59
26
-8
-3
-14
-35
13
51
4
-55
-14
27
34
-1
-34
-14
0
16
21
-9
-34
-17
28
35
-17
-42
-14
38
50
-13
-81
-55
56
85
50
-50
-111
-13
103
79
-33
-93
-26
43
49
16
-19
-26
-32
21
42
-19
-2
14
2
-21
19
9
1
1
-1
4
4
-3
-21
8
14
11
10
-23
-34
-15
27
81
26
-108
-98
52
152
20
-128
-70
73
79
-1
-75
-20
32
21
-18
-1
8
4
-5
-5
16
-9
-22
1
46
29
-38
-41
-9
49
48
-12
-82
-58
66
85
34
-62
-86
4
73
57
-16
-68
-52
7
63
57
-21
-44
-50
-19
40
65
-10
-71
-8
51
3
-32
-37
24
54
13
-58
-33
36
25
-18
-10
-2
29
-2
-44
3
41
13
-16
-57
-15
68
78
-34
-106
-29
75
42
-30
-47
-6
41
2
-16
-10
27
12
-18
-37
0
46
13
-35
-37
2
50
10
-33
-18
16
25
-14
-24
11
57
27
-86
-60
55
88
47
-53
-119
-27
110
95
-25
-94
-49
51
64
34
-15
-43
-8
18
8
-26
2
51
35
-31
-75
-1
87
53
-56
-83
43
101
-2
-112
-44
76
117
-41
-140
-37
122
88
-61
-88
-18
78
58
-47
-74
10
41
19
-25
-49
13
64
18
-76
-56
56
84
-9
-97
-24
84
50
-69
-65
46
68
-6
-47
-8
47
29
-29
-83
-32
63
75
3
-69
-81
48
111
11
-109
-75
45
105
25
-82
-68
33
49
-7
-17
16
7
-25
-20
18
11
-5
-17
15
16
-26
-40
42
14
-40
-2
40
-3
-34
-13
39
52
-2
-61
-29
32
70
16
-63
-63
40
75
-2
-71
-11
45
20
-51
-24
56
66
-22
-86
-7
60
34
-52
-42
18
36
14
-24
-35
11
58
30
-85
-78
72
126
10
-139
-80
89
132
11
-109
-93
57
105
-19
-83
-5
56
15
-29
2
46
12
-73
-42
56
62
-9
-49
-3
21
13
-14
1
9
9
6
12
-3
-50
-10
35
53
17
-80
-64
52
70
6
-44
-94
-12
99
63
-62
-87
12
68
15
-44
-32
11
30
-12
-16
26
41
-34
-29
-12
31
46
-17
-42
-8
46
34
-50
-57
31
77
25
-74
-90
30
122
29
-74
-82
4
79
58
-32
-78
-28
55
38
-17
0
11
-8
-33
-19
34
57
-25
-70
6
45
12
-12
-14
-3
9
4
-32
-12
23
24
7
-32
-20
12
21
12
-18
17
-5
-39
-25
45
58
-9
-70
-11
50
15
-5
7
-6
-22
-22
-7
25
39
1
-50
-24
33
39
-29
-27
27
35
-7
-56
-20
72
54
-72
-85
23
105
56
-82
-104
18
121
48
-69
-73
5
59
29
-26
13
16
-16
-53
-15
81
62
-36
-88
-31
50
59
5
-51
-1
19
-7
-25
4
46
38
-23
-46
-8
25
23
-22
-18
13
1
-12
3
15
17
-16
-41
-23
40
57
-3
-41
-35
-12
37
40
-13
-40
-5
25
-8
-11
19
-5
-9
6
28
-1
-34
17
22
-20
-3
10
7
-4
26
30
-48
-64
-4
60
55
4
-64
-47
16
79
53
-65
-93
-48
91
108
0
-91
-79
28
93
30
-69
-48
18
38
1
-30
1
57
15
-57
-72
32
71
-19
-50
1
21
15
1
-34
-9
39
41
2
-66
-64
48
113
16
-125
-65
65
99
12
-104
-61
72
65
-28
-59
6
60
19
-66
-59
47
87
-17
-80
-25
47
18
-4
2
0
-5
-38
-19
47
50
2
-71
-57
37
82
37
-48
-95
-33
112
94
-44
-100
-12
49
42
1
-20
-26
-12
4
26
-7
-8
15
12
-11
-13
10
15
7
-17
-18
46
41
-46
-61
-18
57
83
-7
-106
-55
65
94
24
-109
-106
39
141
45
-90
-85
-3
67
68
-18
-57
-47
17
57
28
-36
-48
28
19
0
-1
-9
0
17
17
-38
-33
39
50
-9
-40
-11
0
7
19
15
1
-16
-54
22
65
28
-53
-61
-10
32
55
35
-57
-82
-7
67
61
-37
-72
-7
50
17
-22
-19
14
49
-19
-96
-25
118
43
-90
-78
47
95
-1
-98
-11
87
60
-34
-91
-31
105
88
-85
-122
13
130
42
-64
-60
0
49
35
-9
-36
-3
21
-22
-26
15
55
17
-67
-29
38
53
-11
-57
17
64
6
-84
-44
55
88
-7
-105
-57
63
98
36
-77
-86
-5
96
61
-36
-65
-15
23
32
33
13
-49
-50
7
43
23
-16
3
9
-24
-37
11
53
33
-41
-70
20
85
15
-77
-60
38
114
-16
-124
-51
110
126
-41
-157
-68
103
126
-24
-112
-55
70
63
-21
-55
-14
36
12
-23
-29
12
47
-18
-38
-1
38
17
-29
-34
25
29
-12
-61
18
128
17
-171
-89
103
179
45
-138
-128
16
112
83
-35
-102
-50
35
66
32
-47
-57
-37
13
54
63
-30
-86
-31
57
45
-8
-16
-32
10
25
-30
-12
42
-10
-27
17
30
-11
-33
-15
44
51
-14
-64
-40
26
65
45
-38
-72
28
22
-9
31
25
-46
-35
21
56
21
-28
-33
-15
34
39
-10
-27
-31
20
19
9
-12
-6
22
1
-36
-37
21
54
27
-39
-33
-2
3
23
28
-9
-55
-43
46
73
18
-48
-56
-1
28
68
37
-64
-92
17
89
30
-67
-55
35
63
-11
-47
-15
22
22
-3
20
34
-17
-56
-7
45
59
-28
-99
-24
68
95
-5
-109
-69
53
99
1
-80
-44
28
45
27
-5
-30
-35
5
45
15
-14
-3
-4
-5
7
9
11
-11
5
33
-6
-65
-46
67
114
-12
-118
-67
84
106
-1
-68
-59
3
73
54
-42
-72
12
35
18
5
20
18
-39
-70
-8
78
51
-50
-45
5
40
18
-25
-21
20
34
-25
-49
4
38
-9
-12
6
5
-18
-15
15
39
2
-42
-55
-4
74
77
-41
-100
-13
84
41
-28
-60
-27
39
15
17
2
-21
-20
-1
10
3
-1
-14
-5
16
-13
-18
1
32
15
-9
-30
-28
-2
36
55
11
-75
-61
17
88
73
-42
-138
-48
132
113
-23
-129
-69
55
106
41
-71
-105
-10
97
73
-61
-81
44
64
-11
-67
6
60
38
-50
-74
25
81
-3
-57
-30
45
56
-29
-78
9
86
34
-50
-84
-7
100
38
-63
-59
31
49
8
-18
-38
13
32
-11
-12
3
12
1
-13
6
0
-13
6
21
0
6
1
-17
7
-2
18
29
-20
-93
-23
123
97
-66
-122
-52
97
134
-9
-130
-74
59
76
21
-35
-62
-15
44
65
-15
-56
-28
45
39
-50
-50
29
58
-7
-53
-30
19
50
0
-52
-14
47
25
-20
-51
-6
77
33
-61
-66
29
87
28
-65
-76
25
55
4
-15
-5
-11
-13
10
17
26
12
-44
-43
-3
54
48
-53
-55
17
33
4
-15
20
27
-35
-52
-8
38
56
6
-44
-60
-7
61
50
-5
-60
-38
1
42
43
11
-38
-44
-11
27
62
27
-63
-75
-5
85
63
-10
-75
-23
37
41
-11
-35
-12
43
33
-15
-13
-20
9
21
-8
-9
-6
-14
-28
4
64
27
-61
-66
25
72
12
-34
-35
4
17
17
5
-13
-35
-35
43
63
-20
-66
-3
31
43
15
-50
-42
36
42
-13
-53
-13
71
56
-32
-94
-46
53
101
33
-76
-79
4
85
47
-31
-74
-20
44
33
-9
-6
7
-10
-51
2
63
47
-42
-66
-7
45
30
-2
-26
-20
11
-2
-3
0
1
11
13
-18
-31
15
37
31
-10
-29
-34
3
49
26
-37
-43
2
46
15
-28
5
20
-5
-32
-14
34
18
-25
-29
-7
43
34
-37
-58
21
60
4
-58
-27
66
71
-55
-89
-20
67
57
-4
-52
-38
-6
33
52
-2
-53
-24
28
40
1
-26
0
21
-26
-17
40
53
-13
-82
-27
81
53
-26
-48
2
28
7
-13
1
11
17
-19
-14
41
27
-39
-33
16
31
4
-44
-28
29
63
11
-68
-72
39
91
2
-74
-22
24
47
-9
-49
-3
28
20
-5
-23
-27
30
49
-17
-30
6
17
-6
-6
-15
8
16
18
-13
-17
-9
6
7
-4
26
14
-5
-36
-19
7
28
46
-17
-50
-35
19
67
23
-41
-37
-15
11
24
0
-19
13
17
0
-17
-39
-10
49
42
-52
-72
51
57
-15
-58
-21
52
30
-65
-12
52
47
-41
-77
4
93
50
-72
-79
17
42
17
10
-14
-41
-19
42
61
-3
-63
-56
9
66
38
-60
-58
26
41
-2
-15
7
-2
3
-19
-16
12
-6
-2
28
32
-44
-60
11
55
53
-14
-87
-61
100
110
-10
-101
-50
40
49
20
7
-25
-45
-12
42
66
-1
-49
-38
29
17
-4
-6
22
-4
-43
18
84
17
-72
-60
30
82
18
-82
-55
41
86
33
-69
-109
24
120
31
-75
-63
8
67
38
-49
-41
17
30
-24
-37
32
61
-22
-65
16
63
8
-40
-29
10
26
0
-10
10
15
-7
-26
-45
7
56
54
-4
-73
-67
31
101
42
-94
-105
24
104
59
-46
-92
-25
37
46
6
-23
-32
4
4
-12
7
22
7
-30
-18
-3
22
10
-13
-40
20
61
0
-60
-29
30
40
16
-18
-44
-15
38
52
-26
-65
-11
34
41
20
-35
-53
5
45
28
-21
-14
-4
-19
-18
21
57
14
-59
-55
28
56
11
-48
-17
55
26
-70
-72
42
109
28
-119
-80
75
102
24
-78
-91
2
94
86
-11
-92
-65
25
79
60
-23
-77
-35
54
57
-15
-37
-3
15
20
10
-16
1
14
-2
-28
-2
48
12
-36
-28
33
57
-30
-75
-16
69
56
-24
-82
-39
86
71
-59
-86
12
58
20
-34
-22
29
20
-40
-28
14
44
8
-46
-41
35
56
12
-64
-56
47
67
-8
-78
-18
91
54
-85
-101
20
137
48
-92
-106
-4
86
93
-7
-86
-65
22
66
23
-32
-29
-11
16
-6
16
32
-22
-41
-35
41
51
-10
-53
-4
35
3
-21
-2
0
-6
22
9
-15
-13
-37
19
86
35
-73
-108
31
116
64
-85
-106
23
97
25
-45
-55
-2
49
26
-16
-31
-2
12
30
-2
-49
-24
37
30
10
-23
-28
-14
35
36
-11
-55
-48
32
54
31
-1
-75
-46
26
94
41
-68
-94
10
101
44
-38
-32
-40
8
36
60
19
-59
-84
-8
92
58
-35
-75
-23
46
67
-6
-58
-4
44
5
-13
7
-4
-27
-19
25
54
6
-67
-45
57
72
6
-97
-58
37
107
13
-81
-38
13
42
29
-29
-31
7
22
8
-4
-7
-4
8
-14
15
31
-30
-28
20
58
-5
-60
-35
57
63
-16
-79
-39
41
83
40
-50
-91
-26
85
80
-21
-61
-44
7
47
56
5
-50
-81
-18
82
91
-36
-119
-16
62
56
-25
-37
-18
48
16
-68
-44
79
42
-65
-57
40
78
-7
-84
-22
68
70
-38
-81
-18
96
68
-51
-79
2
66
37
-27
-36
-20
8
2
26
15
-26
-15
-7
7
0
12
5
-7
3
-14
9
-1
-3
15
4
-39
-43
4
59
71
-24
-90
-60
57
106
24
-101
-88
11
105
66
-55
-63
-27
31
36
40
-30
-55
4
49
19
-49
-31
29
47
-15
-36
3
25
11
-6
-17
14
19
-11
-21
-9
31
37
-40
-70
-1
84
54
-52
-113
-18
107
85
-73
-93
18
56
23
-6
-55
-9
27
24
5
-16
-28
10
19
-9
-6
14
24
-5
-36
-9
38
12
-47
3
71
28
-68
-77
15
109
63
-86
-116
-23
100
85
0
-78
-52
1
39
60
28
-62
-95
-13
69
89
-48
-97
19
69
3
-52
-12
47
20
-50
-42
21
74
-25
-93
-3
102
42
-71
-69
43
72
6
-66
-51
33
73
12
-68
-61
38
90
7
-53
-34
17
55
-8
-48
-28
41
53
-1
-75
-36
61
48
-30
-39
4
42
13
-23
-7
-4
-6
-15
-9
44
63
-16
-99
-48
81
95
5
-92
-85
38
134
30
-72
-80
-3
47
56
35
-38
-53
-26
40
34
12
-18
-44
-1
27
27
-4
-20
-5
-6
24
39
3
-45
-27
30
49
13
-81
-62
39
82
4
-35
-46
-25
35
51
-28
-37
1
18
8
5
-7
-31
2
29
4
-16
15
2
-37
-6
24
-2
-6
-2
29
12
-16
-23
-23
17
51
7
-68
-64
34
101
29
-74
-68
3
49
58
-7
-61
-17
16
24
35
6
-34
-67
-19
47
85
-9
-70
-13
37
4
-33
12
19
13
-14
-28
8
25
-7
-35
27
27
-27
-34
0
32
53
1
-51
-41
-5
67
55
-37
-71
0
62
31
-5
-13
-31
-15
6
31
29
-6
-35
-25
23
22
-3
-34
-14
34
35
-20
-28
-7
58
25
-50
-76
3
90
59
-61
-86
-12
73
80
-16
-99
-20
60
59
-25
-46
15
9
-43
-19
56
63
-14
-93
-18
90
51
-55
-79
12
72
30
-35
-58
6
62
20
-14
-30
-31
14
41
23
-23
-67
-30
49
78
36
-65
-95
1
75
59
-36
-91
-2
71
58
-18
-77
-29
43
67
-32
-61
20
48
-4
-33
13
28
-12
-23
17
35
-27
-58
-4
61
70
-18
-110
-47
82
129
-18
-101
-69
32
87
33
-33
-51
-7
6
16
42
16
-49
-57
7
58
45
-35
-49
14
32
-9
-22
-11
15
43
1
-56
-32
39
41
-13
-44
-2
22
6
-5
4
11
20
2
-44
-25
28
74
-12
-85
-33
81
34
-33
-43
-10
27
29
-16
-25
6
44
2
-36
-12
16
9
-9
-17
-13
17
3
-21
7
18
-20
-41
-10
40
66
1
-107
-70
60
108
18
-70
-80
16
90
36
-25
-73
-30
35
56
19
-41
-46
-14
32
34
-18
-24
31
25
-18
-28
-3
34
19
-40
-27
41
47
-40
-61
10
67
38
-58
-88
0
98
86
-36
-120
-34
81
88
-29
-107
-17
72
50
-28
-41
-7
12
16
5
-17
-11
31
31
-23
-37
25
33
-5
-31
-3
31
-1
-14
-13
26
33
-31
-45
-14
56
69
-22
-64
-46
9
79
75
-31
-118
-68
92
112
10
-118
-77
49
88
23
-64
-63
49
65
-29
-62
-4
57
21
-48
-23
23
37
-23
-72
0
100
40
-73
-102
27
121
34
-79
-99
-3
110
78
-50
-91
-5
50
38
-5
-38
-18
19
15
-20
-5
17
-3
-27
-8
16
35
-13
-57
5
53
15
-53
-21
39
20
-36
-35
21
43
21
-13
-23
-42
2
48
50
-21
-70
-23
65
58
-20
-62
-13
13
31
17
-10
-13
-20
17
8
-15
-10
17
23
7
-37
-27
26
50
-11
-63
-7
46
26
-23
-38
37
67
-43
-80
-9
81
80
-56
-120
-8
117
71
-101
-114
43
126
20
-98
-49
65
40
-35
-40
33
31
-16
-37
-13
48
23
-27
-36
16
23
2
-31
-13
53
38
-21
-63
-23
39
55
17
-43
-36
-11
29
72
9
-80
-52
20
57
24
-35
-56
-19
32
31
11
-24
-12
12
-5
-39
3
56
19
-64
-62
32
66
32
-57
-72
15
75
13
-31
-50
14
77
23
-52
-78
-3
95
56
-53
-70
29
66
-17
-44
3
36
-5
-45
11
49
27
-25
-57
-13
38
41
-16
-29
13
22
-17
-16
1
17
3
-9
-37
-17
56
64
-24
-80
-46
50
81
8
-52
-26
-18
10
38
53
-2
-79
-51
35
98
25
-64
-63
-12
54
50
-2
-31
-30
1
14
31
19
-17
-11
-15
23
21
-21
-35
4
51
27
-29
-72
-30
69
88
-1
-122
-67
86
113
-16
-117
-37
53
72
16
-67
-43
23
46
0
-32
-18
2
41
14
-25
-15
21
14
-15
4
7
-24
4
7
27
5
-32
-31
5
58
17
-37
-42
-4
48
45
3
-43
-35
-12
16
58
34
-56
-80
-22
76
81
-8
-88
-55
33
50
21
-29
-36
-1
13
23
-4
-16
-20
3
31
0
-9
-24
-14
39
46
-4
-40
-44
-4
76
56
-51
-82
-14
64
62
-4
-70
-51
25
61
33
-43
-54
6
63
29
-24
-35
-1
-9
14
9
-3
-25
-8
32
6
-9
-55
-19
49
54
23
-72
-83
4
83
77
-9
-80
-71
52
103
22
-107
-79
47
99
20
-49
-52
-21
38
45
-5
-21
10
13
-3
-15
-41
28
94
8
-89
-16
66
26
-39
-42
23
73
-29
-68
-14
38
59
6
-57
-78
37
93
19
-67
-46
30
67
0
-75
-40
50
73
-22
-63
4
62
10
-57
-30
47
45
-21
-54
12
44
8
-46
-15
74
41
-68
-89
11
101
69
-51
-110
-38
70
103
-2
-110
-67
43
81
32
-36
-79
-27
64
58
-15
-39
-20
-14
14
23
-4
-19
9
24
-13
-47
15
21
-12
-38
24
57
-9
-41
-53
51
86
-7
-93
-66
56
118
14
-130
-70
90
89
-14
-90
-49
46
45
-12
-37
11
27
23
-19
-59
30
45
-23
-56
17
39
9
-34
-15
28
35
-15
-76
-27
53
86
2
-94
-70
58
99
37
-81
-90
-3
94
60
-10
-70
-47
19
63
52
-11
-69
-52
34
72
20
-26
-38
1
26
36
-2
-27
-8
-27
9
71
26
-54
-68
0
87
62
-62
-118
-22
135
80
-81
-108
-8
100
74
-80
-82
31
56
-18
-35
28
38
-7
-47
-24
30
26
14
-32
-51
28
81
-2
-61
-18
52
31
-32
-65
-9
86
63
-58
-117
-41
109
143
-27
-161
-92
122
161
-40
-169
-54
112
104
-32
-94
-33
18
57
41
-33
-59
-16
63
47
-32
-71
2
59
18
-32
-15
12
22
-53
-30
75
49
-64
-95
17
123
51
-88
-73
37
62
22
-18
-34
-7
25
-6
-22
24
23
-17
-38
8
31
25
-4
-41
-18
28
39
17
-28
-50
6
35
3
-37
-9
43
44
-17
-111
-54
122
131
-38
-166
-86
102
166
32
-147
-139
71
163
34
-113
-94
35
78
32
-10
-24
-37
-16
33
45
-14
-56
7
44
-12
-30
-4
57
51
-60
-88
34
117
1
-116
-54
96
89
-43
-132
-23
127
83
-67
-132
-13
122
77
-82
-76
35
29
11
4
-8
2
-4
-11
-22
-11
34
55
-8
-91
-5
74
13
-38
-26
24
17
-24
-11
37
52
-3
-48
-78
-16
99
88
-49
-126
-16
95
64
-33
-72
-2
23
11
25
10
-14
-62
-35
67
83
-24
-105
-13
74
39
-34
-22
-11
29
30
-32
-56
31
53
-31
-30
14
22
-1
-35
-1
17
35
-6
-64
-9
67
63
-45
-79
11
74
19
-44
-31
-2
32
14
-8
-13
1
10
-16
-31
2
58
23
-61
-38
22
60
9
-50
-50
37
66
-45
-64
29
97
19
-107
-73
41
94
15
-54
-47
1
47
31
10
-41
-47
-14
50
81
15
-75
-97
16
111
34
-73
-66
29
87
11
-102
-26
98
26
-80
-10
90
26
-70
-68
32
93
-9
-103
-32
79
92
-4
-114
-52
84
74
-64
-61
22
31
15
-10
-24
-19
13
6
-1
11
0
5
-5
-18
12
21
-5
-4
-13
5
-4
-25
-9
35
26
-8
-22
-37
-6
52
47
-13
-61
-47
48
81
15
-80
-70
14
69
47
-7
-67
-70
34
78
50
-52
-85
-14
74
21
-59
-21
39
30
-23
-31
-4
34
12
-35
-25
52
54
-44
-99
32
117
27
-110
-96
49
138
56
-121
-100
53
80
12
-22
-31
1
21
7
-4
-3
19
-2
-27
-35
11
54
20
-38
-24
18
5
0
6
8
-6
-20
-22
-2
42
26
-8
-48
-59
25
109
63
-65
-113
-18
116
84
-34
-97
-59
48
98
23
-27
-42
-41
-6
55
28
0
-20
-22
9
16
19
0
-22
-13
16
32
26
-57
-42
39
61
19
-75
-80
7
107
90
-57
-141
-45
118
84
-70
-103
9
75
48
-52
-45
9
47
7
-64
-18
55
50
-26
-71
-32
67
60
-33
-84
-10
79
33
-49
-31
25
45
5
-74
-31
54
66
-7
-84
-52
66
96
2
-98
-50
23
59
30
-26
-39
-45
25
63
28
-43
-49
18
40
-16
-16
-2
-7
24
32
-31
-58
15
41
-2
-4
-10
-7
-7
-1
28
22
-12
-32
-1
6
32
20
-34
-43
55
30
-49
-10
51
18
-44
-48
3
53
31
-28
-49
-2
48
72
-31
-93
-29
56
67
-24
-59
7
32
19
-42
-39
30
85
-2
-112
-58
72
107
45
-83
-120
-8
143
102
-60
-148
-41
100
94
-2
-69
-45
23
26
-10
-12
28
29
-23
-60
-10
58
51
-29
-66
-3
100
17
-97
-39
57
13
-46
5
82
17
-98
-93
68
117
-10
-116
-72
66
118
15
-131
-74
62
110
22
-77
-79
15
79
24
-24
-12
-15
-4
4
10
-1
9
10
-11
-24
20
54
32
-51
-85
8
76
70
-45
-94
1
61
42
2
-21
-30
-11
5
4
39
23
-32
-73
-12
81
64
-31
-87
-34
82
57
-40
-71
-1
61
44
-65
-53
52
35
-50
-10
50
44
-51
-81
35
79
20
-60
-55
2
69
61
-41
-74
4
38
27
-6
-36
-35
11
36
11
-11
-11
-15
-9
12
36
4
-47
-42
6
63
-10
-52
-4
47
11
-41
-32
13
42
24
-12
-65
-41
43
72
29
-46
-92
-22
100
76
-24
-107
-36
27
77
42
-39
-87
-26
94
60
-68
-59
21
59
12
-49
-39
57
39
-48
-47
57
44
-47
-57
6
72
58
-55
-121
-27
111
91
-23
-99
-55
57
79
-28
-64
-8
18
35
-1
-22
-17
0
20
-7
-1
20
-4
-10
-7
14
6
7
-6
-7
14
0
-34
-13
65
79
-26
-125
-57
105
125
-14
-109
-57
27
78
40
-37
-60
-37
31
63
25
-15
-64
-58
40
95
11
-72
-71
51
80
-7
-84
-13
75
61
-58
-78
11
69
3
-76
-11
59
27
-45
-62
42
98
34
-59
-91
-2
100
84
-57
-126
-6
91
59
-25
-80
-28
46
41
-12
-22
-10
22
17
-29
-35
9
69
1
-67
-56
45
56
7
-40
-42
-6
27
23
8
16
-23
-54
-21
21
82
38
-64
-93
5
99
49
-36
-69
-27
30
58
24
-13
-37
-35
0
60
17
-16
-19
-1
17
14
-34
-11
39
4
-13
20
19
-26
-46
8
70
51
-69
-131
3
125
72
-45
-127
-57
107
115
-33
-135
-43
101
94
-45
-97
-14
59
43
-12
-40
-14
56
23
-63
-32
58
46
-27
-66
20
63
0
-52
-5
59
42
-49
-101
-18
95
99
-10
-122
-72
88
115
3
-115
-98
31
119
79
-57
-108
-46
51
70
25
-35
-58
8
33
4
-29
-18
37
20
-22
-27
-1
31
-27
-45
44
65
-21
-81
-33
94
75
-62
-94
4
62
60
11
-62
-44
37
50
-10
-45
-30
7
38
22
4
-26
-2
13
2
8
0
-8
-20
-11
15
7
-13
-5
14
26
-24
-25
-39
0
73
71
-56
-124
-24
122
120
-45
-143
-53
74
114
19
-80
-67
27
44
24
-13
-7
20
-28
-22
18
20
17
-13
-31
-5
15
12
3
-34
-4
45
37
-26
-50
-19
44
55
15
-91
-79
49
92
22
-56
-82
3
86
56
-82
-76
33
73
-5
-21
-9
12
-5
-19
9
-2
35
6
-34
-31
51
67
-26
-75
-18
51
61
-52
-58
62
89
-23
-105
-38
64
99
17
-95
-83
9
101
61
-49
-115
-13
100
57
-33
-59
-6
-5
-2
28
37
-19
-39
13
27
-15
-35
-9
36
49
-10
-42
-29
19
31
-15
-23
13
34
-30
-52
10
69
20
-66
-56
20
93
69
-85
-116
38
113
17
-86
-58
51
58
-24
-53
41
50
-21
-66
-24
54
54
-34
-58
2
43
-7
-45
7
56
7
-60
-61
33
108
30
-88
-99
15
125
52
-50
-73
-37
31
54
15
-23
-14
-32
-35
42
67
13
-45
-83
-6
80
49
-47
-37
25
38
-2
-63
-24
72
38
-64
-43
52
64
-29
-61
8
64
26
-71
-56
37
68
20
-74
-61
40
85
17
-62
-60
29
71
2
-66
-26
33
30
-10
-25
20
24
-2
-56
-12
56
52
-25
-61
6
37
5
-5
8
13
-4
-29
-14
7
25
37
2
-45
-69
-1
111
61
-105
-118
31
123
96
-44
-133
-62
49
84
40
-35
-72
-27
40
32
-3
3
-1
-17
-13
2
17
0
-30
-4
48
20
-37
-49
3
65
35
-6
-45
-46
1
62
51
-34
-60
-11
17
26
40
-13
-57
-11
35
46
-7
-44
-34
17
32
-6
-10
2
-2
-35
-21
41
48
-2
-64
-36
41
33
-39
-32
56
50
-55
-77
39
105
26
-103
-87
50
99
6
-65
-49
25
37
33
30
-25
-55
-28
32
57
-11
-46
-4
39
18
-32
-59
36
71
0
-42
-12
38
13
-56
-5
45
14
-41
-61
17
74
40
-45
-71
-23
56
60
-16
-45
-16
-14
26
32
-22
-17
8
20
-4
-10
20
6
-49
-41
48
72
-26
-77
-25
73
55
-47
-48
8
64
23
-63
-57
28
70
23
-50
-62
-8
53
62
7
-73
-40
15
45
22
-22
-29
-30
12
63
24
-27
-70
-11
58
14
-55
-31
36
51
-15
-55
-5
37
-5
-15
13
20
13
-52
-34
38
83
-11
-105
-44
70
95
6
-90
-59
52
86
8
-65
-57
33
80
2
-82
-10
70
32
-56
-48
25
59
1
-57
-26
38
36
-8
-44
-1
27
-11
-37
-4
28
43
-4
-49
-33
30
42
41
-19
-49
-31
31
56
-3
-49
-37
-2
58
62
-15
-80
-50
39
70
-9
-44
5
-1
-10
8
21
6
10
-14
-22
22
45
-20
-75
5
84
17
-87
-72
74
102
-14
-100
-57
63
93
4
-112
-29
87
37
-64
-43
24
53
9
-74
-39
48
50
-3
-38
-12
15
21
12
6
-8
-7
14
-14
-21
7
62
27
-75
-87
8
116
85
-43
-139
-57
120
136
-21
-146
-93
60
120
32
-45
-77
-42
51
68
27
-50
-61
-12
31
44
7
-38
-26
8
29
5
-23
2
-6
-28
8
51
30
-63
-80
55
103
20
-89
-90
47
129
24
-103
-77
66
84
-12
-54
-23
12
-2
-10
-1
48
51
-27
-76
-30
41
84
-5
-96
-56
67
82
-3
-91
-30
61
37
-53
-51
23
89
39
-56
-92
-16
73
93
-24
-121
-59
105
118
-10
-112
-82
47
110
42
-84
-69
-10
27
41
19
-4
-2
-12
-20
27
27
-11
-32
-27
31
70
1
-69
-61
56
86
20
-123
-87
78
115
1
-66
-80
-11
77
56
-32
-67
-5
44
14
-1
12
-4
-13
-37
-8
34
28
-19
-27
1
13
7
6
-5
-13
-4
1
-14
31
52
12
-47
-57
-2
51
43
7
-55
-43
-3
43
39
6
-54
-57
0
50
69
0
-82
-68
11
83
58
-33
-90
-20
55
58
-13
-56
-19
36
28
-34
-27
8
5
-3
3
23
3
-20
-26
1
48
23
-27
-41
-22
36
57
-14
-52
-20
29
46
8
-56
-9
24
28
-4
-17
1
0
-2
-23
9
36
-23
-36
14
32
15
-21
-51
26
69
-15
-94
-35
78
92
-12
-90
-48
50
89
22
-75
-79
-11
88
86
10
-105
-100
43
123
72
-60
-134
-35
118
79
-68
-84
30
70
17
-53
-49
38
78
2
-91
-7
95
30
-101
-71
83
113
-42
-148
-44
147
135
-78
-189
-42
166
136
-99
-147
13
115
50
-95
-82
54
91
8
-85
-53
58
83
-23
-73
-24
32
54
20
-58
-36
23
30
1
-25
-27
62
36
-86
-79
60
109
13
-95
-85
16
94
70
-54
-104
-27
73
90
-8
-87
-64
18
74
43
-18
-54
-14
18
-13
-13
37
23
-4
-33
-40
24
59
-14
-72
3
58
28
-50
-29
52
61
-6
-58
-55
32
77
26
-83
-52
42
73
-17
-64
-28
66
44
-30
-56
7
51
39
-71
-68
55
90
-29
-97
-11
84
59
-48
-76
10
86
9
-112
-59
100
124
-29
-120
-56
58
99
25
-79
-96
-9
109
103
-54
-106
-46
68
80
16
-62
-48
15
39
13
-31
-27
30
43
5
-36
-47
31
41
-15
-27
36
38
-37
-45
13
80
28
-99
-99
41
127
44
-85
-108
-6
92
63
-31
-53
1
22
-9
-1
20
18
-26
-39
-14
38
45
-4
-40
-32
46
56
-9
-70
-27
79
62
-68
-92
32
129
48
-118
-155
53
194
62
-143
-147
21
132
83
-41
-115
-38
59
73
34
-12
-71
-62
43
86
22
-70
-48
29
39
-14
-16
30
-8
-22
17
1
-27
-18
9
19
27
-17
-22
4
-7
27
13
7
-22
-32
-6
48
45
-36
-67
-2
42
36
-6
-12
-8
-23
-16
25
51
1
-66
-46
23
65
22
-83
-53
62
59
-40
-66
9
83
15
-65
-90
16
122
62
-97
-131
26
108
61
-15
-86
-86
28
113
55
-64
-70
-15
29
28
30
-11
-49
-59
40
89
6
-59
-41
7
57
12
-55
-38
31
64
2
-39
4
22
-13
-11
8
22
-14
-39
0
26
29
1
-74
-59
69
113
-14
-92
-27
21
58
-3
-35
-17
12
21
-10
-14
-10
14
19
5
-21
-22
21
38
-2
-32
2
2
-7
8
56
26
-61
-91
24
130
37
-85
-94
12
78
63
3
-80
-63
8
77
67
-38
-78
-49
39
86
40
-48
-95
-5
74
58
-40
-71
-18
74
70
-61
-94
26
60
12
-41
-36
37
42
-40
-45
30
69
-10
-88
-12
81
68
-49
-93
18
89
9
-63
-36
20
48
-8
-20
-10
18
17
-30
-31
15
53
-16
-40
9
39
-4
-37
-26
45
26
-24
-61
-1
82
68
-26
-99
-49
33
85
37
-51
-105
-12
126
81
-65
-111
-20
78
61
-4
-36
-19
-12
11
48
0
-31
-23
17
14
1
15
23
-8
-39
-16
53
30
-34
-66
3
80
67
-77
-100
5
112
64
-74
-124
-11
94
78
-49
-86
-5
66
40
-18
-45
-19
23
27
-11
-32
-4
34
26
-48
-44
28
42
14
-27
-20
19
4
-14
-15
40
47
-40
-89
-18
106
119
-56
-158
-58
116
130
-17
-132
-73
61
100
25
-64
-79
14
61
30
-40
-36
44
42
-43
-51
26
44
-1
-3
-27
-42
24
60
-17
-68
12
57
11
-48
-36
39
77
10
-91
-77
43
120
39
-104
-94
56
107
-16
-82
-32
61
60
-44
-68
29
92
9
-89
-74
22
106
26
-72
-79
41
89
-3
-71
-16
54
11
-84
-30
93
110
-24
-131
-74
51
113
56
-58
-125
-32
124
112
-28
-125
-69
49
119
43
-57
-83
-27
59
50
-14
-19
-4
-10
-6
4
8
21
-10
-22
17
65
19
-95
-34
47
74
8
-74
-80
27
105
40
-85
-96
28
99
9
-88
-28
55
56
-32
-51
17
50
4
-42
-50
13
69
35
-27
-76
-5
76
21
-59
-28
25
52
-11
-43
11
72
24
-78
-88
28
118
53
-62
-110
-33
94
112
-22
-119
-59
43
78
39
-21
-77
-60
38
100
38
-82
-69
26
64
23
-33
-26
-1
16
12
-19
-30
13
11
-13
3
23
8
-21
-40
-4
70
47
-58
-82
0
77
67
-40
-72
0
28
14
31
-4
-59
-42
40
70
5
-56
-41
-9
23
20
28
-13
-46
-11
22
32
-13
-18
-3
17
-16
-48
-19
77
92
-26
-132
-75
78
131
15
-117
-77
25
103
54
-45
-66
-28
12
53
56
5
-65
-72
-1
90
68
-41
-90
25
77
2
-71
-15
42
44
-18
-17
-4
-27
-6
47
35
3
-50
-54
8
49
52
8
-64
-64
22
77
34
-45
-55
3
41
14
-6
-36
-19
23
39
4
-25
-3
-3
-13
8
17
22
-3
-9
0
4
-41
-7
63
64
-41
-74
-15
49
67
-17
-42
-49
-24
47
114
15
-128
-97
47
109
66
-43
-120
-69
77
115
31
-96
-96
30
95
28
-75
-51
33
80
22
-65
-64
22
51
-19
-45
15
28
-13
-28
12
67
29
-66
-54
11
68
30
-61
-43
39
44
-7
-22
-33
-10
34
25
3
-16
-18
-7
5
-8
-12
24
27
-50
-50
42
50
-18
-41
7
42
11
-62
-57
72
107
-3
-122
-81
65
116
21
-66
-95
-3
89
57
-23
-65
-42
35
54
40
-14
-31
-13
-9
21
3
-6
4
13
-18
-4
1
24
30
10
-36
-12
11
44
-9
-38
-7
20
14
-34
-33
14
64
19
-57
-41
18
42
3
-25
-28
6
17
-4
-4
21
14
-29
-36
4
63
36
-43
-82
12
91
36
-56
-59
38
53
-28
-50
26
87
7
-112
-103
39
162
70
-109
-159
-13
178
143
-81
-204
-52
137
135
-27
-122
-78
24
87
60
-17
-59
-21
32
12
-42
8
46
14
-52
-53
26
65
12
-71
-56
58
71
-2
-91
-66
92
114
-28
-142
-54
95
118
2
-128
-63
85
98
-29
-61
-27
28
34
0
-13
1
11
-8
-22
-7
15
25
-9
-41
-8
50
39
-26
-58
-15
51
50
-57
-92
62
148
-15
-169
-88
119
163
7
-161
-118
67
154
64
-74
-100
-37
40
68
82
-8
-121
-85
68
142
15
-119
-67
83
81
-42
-51
4
50
10
-18
-14
37
0
-58
-24
64
68
-55
-112
-12
102
81
-37
-111
-41
70
93
-27
-75
5
16
-14
17
53
6
-55
-73
9
74
48
-26
-90
-3
64
44
-36
-26
-1
25
14
-40
-32
55
89
-16
-104
-78
58
143
39
-132
-122
13
133
87
-70
-132
-9
104
72
-5
-66
-72
-18
46
70
11
-71
-43
38
26
-14
-18
11
15
4
3
-26
-21
-4
14
-2
-7
22
1
-34
-11
54
46
-31
-84
-10
71
75
-11
-96
-34
60
53
-18
-20
-8
13
2
-21
5
19
20
-8
-25
-4
22
30
-9
-56
-9
49
50
-46
-58
36
54
-26
-77
-11
86
113
-39
-152
-79
96
146
7
-132
-87
40
122
49
-67
-96
-6
77
64
-10
-46
-53
-12
68
37
-46
-33
11
25
28
-8
-19
-34
15
45
-1
0
-11
-36
-23
58
59
-19
-96
-36
63
72
4
-71
-61
15
47
57
-22
-76
-19
42
50
-18
-65
-19
43
37
-7
-20
-21
-24
31
38
-11
-57
15
71
3
-32
-27
-27
11
57
53
-29
-98
-59
61
120
22
-98
-94
10
87
80
-24
-124
-52
99
93
-10
-61
-45
-33
27
64
52
-48
-96
-2
72
55
-28
-83
-8
93
27
-99
-61
76
50
-24
-35
-6
14
-2
-6
18
19
0
-24
-47
-17
66
87
-46
-104
-13
83
57
-38
-69
-2
80
30
-33
-49
10
47
-14
-67
9
90
27
-102
-56
56
80
13
-59
-27
5
44
-9
-48
23
69
-3
-84
-63
49
114
41
-102
-113
9
125
76
-42
-83
-67
20
93
106
-30
-123
-76
90
113
-29
-92
-7
55
35
-37
-46
1
68
33
-45
-55
35
41
-4
-43
-22
46
38
-36
-43
12
57
9
-62
-51
33
68
13
-32
-49
-17
45
36
-13
-28
-4
15
12
-25
-28
29
32
-23
-32
24
44
-6
-50
-3
54
11
-47
-25
52
46
-46
-95
4
110
56
-75
-99
-6
92
76
-40
-73
-39
11
45
76
16
-102
-105
4
137
96
-85
-118
37
71
0
-47
-23
25
40
-7
-41
-6
20
0
-16
12
41
1
-57
-55
55
103
4
-117
-60
65
101
31
-99
-73
65
82
-12
-55
-28
38
21
-10
-45
15
47
-12
-53
-7
37
55
-9
-79
-31
62
53
-49
-60
21
66
4
-84
-55
84
112
-32
-145
-63
89
118
22
-102
-98
34
112
47
-64
-87
-16
42
58
45
-43
-63
-7
59
58
-53
-79
11
94
13
-71
-43
30
59
16
-43
-40
27
42
11
-13
-41
-5
8
9
-7
-14
33
32
-48
-56
30
67
-12
-64
2
38
21
-42
-12
42
10
-20
-42
-10
52
44
4
-78
-29
71
31
-26
-29
31
31
-48
-47
38
93
29
-117
-106
71
157
46
-113
-142
-6
146
117
-50
-149
-57
85
103
18
-67
-76
6
45
24
2
-20
-15
10
15
-19
-11
30
23
6
-38
-43
20
34
0
-25
2
29
4
-42
-13
49
50
-48
-51
7
57
52
-15
-98
-16
82
33
-31
-32
-2
14
31
-9
-37
-6
35
-7
-20
4
35
-1
-34
-39
8
38
5
-24
-13
22
17
-38
-30
9
52
47
-52
-90
-12
62
65
-4
-76
-75
37
112
44
-54
-95
-39
53
83
32
-36
-64
-49
26
69
25
-36
-46
-18
36
52
-12
-60
1
71
20
-26
-3
-14
-32
4
44
36
-43
-57
-19
60
51
-21
-61
-49
29
63
27
-31
-50
-13
50
21
-13
-26
-13
6
9
-13
-21
27
17
-30
-17
44
35
-27
-48
23
48
-8
-37
11
39
9
-39
-55
21
86
39
-57
-83
-3
80
53
-23
-68
-46
5
55
44
11
-31
-59
-35
65
100
-6
-115
-48
59
88
-26
-88
-4
57
43
-46
-53
-12
19
30
38
7
-28
-59
-28
75
86
-29
-98
-45
38
107
54
-74
-80
-5
57
48
10
-73
-60
43
81
30
-59
-79
11
77
8
-41
7
1
-10
-16
6
39
16
-42
-20
31
14
-46
-21
45
47
-4
-60
-41
29
60
38
-30
-71
-38
51
82
15
-55
-88
-22
95
105
-6
-122
-84
75
124
-7
-104
-44
74
80
-25
-90
-6
90
43
-77
-44
59
59
-30
-78
9
93
7
-88
-61
53
90
12
-107
-65
74
95
-32
-67
-29
5
61
33
-19
-30
-28
21
21
-26
-2
31
-2
-39
4
47
8
-37
-31
17
42
-19
-22
19
43
10
-68
-47
37
67
-20
-30
-12
-18
-5
76
76
-58
-139
-39
97
134
-7
-136
-110
58
140
63
-75
-131
-15
83
53
-36
-44
12
53
-26
-66
9
78
7
-67
-30
38
51
-25
-69
15
91
33
-93
-89
38
118
45
-112
-92
69
117
-27
-83
-16
61
38
-40
-66
25
57
0
-50
-14
56
47
-50
-88
-18
69
68
-34
-80
29
90
-21
-103
-36
113
126
-61
-169
-76
132
164
0
-165
-123
67
158
62
-73
-110
-30
50
89
38
-27
-69
-62
47
91
1
-64
-47
26
43
18
-31
-5
21
12
-19
14
35
-24
-74
8
109
43
-109
-104
36
128
60
-97
-121
9
102
73
-72
-81
22
52
30
-12
-34
-15
17
11
8
-1
3
-2
-20
-1
30
12
-10
-16
-7
42
21
-55
-30
44
63
-5
-92
-60
42
111
30
-61
-82
-15
95
94
-29
-127
-50
67
96
35
-68
-81
-14
47
48
14
-18
-48
-4
19
14
-7
2
29
1
-42
-42
48
44
-48
-59
24
78
16
-60
-47
39
77
-8
-70
-31
45
58
28
-49
-78
27
74
-9
-42
-22
17
-3
-15
11
34
10
-34
-53
9
64
29
-62
-58
22
67
-14
-62
-19
78
43
-51
-101
-24
108
96
-43
-160
-59
110
146
-2
-151
-103
70
162
25
-93
-96
-15
48
63
59
-24
-109
-62
65
99
-7
-67
-18
18
32
8
-43
-16
42
35
-1
-33
-27
1
26
24
11
-21
-37
-22
33
60
35
-47
-92
-18
57
77
-20
-59
-19
42
31
0
-23
-31
-15
19
26
15
-9
-17
-5
9
26
-5
-33
18
24
-1
-16
-22
-11
43
82
-2
-110
-100
72
163
54
-133
-137
19
157
71
-59
-116
-26
50
54
24
-28
-46
-22
13
48
40
-26
-75
2
54
17
-16
-42
9
66
-1
-70
-40
49
34
-27
-23
19
11
-29
-11
51
49
-17
-94
-46
73
88
1
-87
-59
68
71
-21
-48
-9
18
10
-20
-4
7
-3
-1
-2
-3
1
5
11
-13
-24
-22
23
31
-29
-41
23
28
-26
-35
42
66
-26
-88
-32
64
83
21
-79
-82
1
85
83
-12
-96
-72
19
134
86
-81
-136
-19
121
84
-63
-100
-13
94
56
-41
-80
4
73
38
-25
-39
-6
48
17
-34
-12
34
0
-61
-49
54
94
-10
-118
-35
100
59
-46
-55
-10
24
34
0
-10
-33
-4
10
4
1
3
24
8
-38
-14
10
9
19
7
-5
-9
-22
-2
26
35
7
-64
-64
28
91
70
-61
-141
-50
131
163
-18
-170
-109
53
157
94
-66
-170
-87
91
171
42
-149
-115
56
127
25
-97
-63
63
72
-38
-76
14
64
-2
-74
-15
95
43
-64
-98
15
128
71
-93
-150
11
164
102
-122
-138
37
94
32
-29
-68
2
32
30
-3
-19
-12
7
5
-16
13
26
-15
-30
-10
18
6
-28
-8
41
28
-51
-69
26
127
70
-107
-131
8
109
81
-15
-85
-78
37
108
73
-54
-119
-51
65
137
43
-103
-112
24
96
40
-73
-56
61
72
-37
-83
3
78
56
-52
-60
35
75
15
-90
-41
42
59
-35
-66
-16
63
74
-34
-97
-23
71
52
-26
-54
7
24
5
-2
3
-2
-21
-18
6
12
-3
23
17
-43
-13
40
23
1
-22
-37
-14
30
38
1
-22
-5
-3
-13
-17
50
35
-17
-58
-45
60
108
-8
-130
-78
57
119
34
-78
-92
8
60
39
-14
-22
6
7
-33
-16
30
22
1
-32
-31
15
27
-10
-30
7
43
17
-40
-38
-5
64
56
-22
-71
-56
76
117
-9
-143
-76
106
103
-29
-71
-19
33
24
-10
-42
16
55
-12
-58
-19
55
58
-49
-69
-11
62
43
-51
-32
42
45
-46
-70
11
84
42
-47
-117
-27
105
125
-22
-102
-84
25
92
55
-31
-67
-42
35
61
51
-20
-84
-36
36
42
-7
-18
17
42
-33
-80
11
82
46
-44
-52
14
46
2
-39
-27
45
50
-31
-88
-11
78
52
-33
-93
-15
75
45
-37
-56
7
42
20
-26
-10
23
-12
-41
-18
46
46
-5
-37
-51
16
66
9
-38
-33
26
24
-25
-27
35
81
-7
-112
-68
94
151
-10
-143
-95
63
131
12
-92
-45
28
20
-3
16
47
-26
-113
-36
91
111
-28
-118
-38
73
50
-16
-48
-5
21
1
-36
22
46
-41
-77
27
96
45
-113
-115
60
147
45
-120
-125
21
142
93
-94
-135
26
95
36
-48
-67
11
30
36
13
-33
-6
-2
-3
-6
-1
25
23
-18
-32
5
1
-17
-1
41
17
-52
-52
37
85
29
-57
-92
-19
76
82
8
-78
-89
24
114
46
-47
-65
-37
16
64
36
-10
-49
-38
3
65
48
-20
-49
-23
33
45
-23
-42
20
50
11
-41
-10
17
15
-13
-14
40
15
-74
-41
63
84
-8
-109
-79
73
108
-12
-87
-33
38
53
11
-45
-58
14
56
23
-33
-27
32
26
-17
-23
13
7
2
23
-14
-42
-15
54
67
2
-67
-80
-22
103
77
-35
-79
-25
17
39
61
14
-89
-106
10
132
91
-54
-129
-49
71
102
7
-86
-29
42
17
-32
-17
55
35
-44
-76
20
76
34
-90
-71
46
95
11
-80
-72
80
104
-32
-115
-47
82
103
4
-86
-74
47
76
10
-56
-48
17
47
6
-47
21
59
1
-75
-50
50
72
-7
-76
-21
55
10
-23
7
45
-19
-89
-35
62
74
11
-62
-51
-10
57
68
23
-70
-109
7
129
78
-59
-114
-39
69
85
14
-62
-36
-6
12
18
23
17
-3
-8
-55
4
42
23
-11
-34
-9
41
27
-41
-62
29
57
1
-47
-46
6
53
37
-41
-64
-6
65
50
-53
-61
0
39
64
-3
-79
-32
56
44
-43
-73
32
96
20
-99
-63
79
94
-23
-87
-9
75
12
-68
-14
91
55
-90
-126
52
176
54
-154
-132
40
144
74
-85
-122
-31
57
119
57
-59
-108
-81
51
138
70
-89
-118
25
92
10
-42
-18
25
27
-19
-33
21
30
-47
-31
51
46
-13
-65
-44
72
83
-23
-94
-36
43
93
36
-81
-66
31
68
9
-48
-35
39
53
-33
-47
9
48
13
-56
-35
48
55
-19
-68
-20
67
20
-68
-8
68
33
-84
-99
17
122
79
-79
-144
-16
103
101
-12
-86
-86
13
116
65
-41
-101
-54
31
90
75
-24
-110
-67
62
100
-9
-74
-15
43
22
-38
-28
34
42
-13
-50
15
52
-22
-81
-6
100
67
-81
-137
-1
140
87
-58
-137
-29
111
89
-49
-92
-8
43
20
-4
-14
6
-8
-18
-9
33
45
3
-59
-27
39
36
-25
-15
40
18
-28
-56
12
75
45
-42
-106
-30
90
112
6
-111
-74
22
95
66
-52
-89
-47
28
71
54
9
-80
-103
-8
129
104
-58
-126
-47
82
82
-7
-84
-27
56
73
-45
-68
10
21
4
1
28
-12
-49
-27
49
74
-12
-77
-50
39
103
40
-88
-79
37
63
26
-40
-53
-4
46
36
-2
-12
-15
-21
3
17
7
11
-24
-26
-9
13
30
0
-18
3
-3
-29
9
10
24
29
0
-51
-55
11
85
61
-54
-108
-16
106
100
-22
-116
-75
33
113
72
-41
-108
-54
68
112
-6
-89
-22
57
38
-41
-29
5
30
4
-14
18
28
-7
-46
-20
55
57
-46
-116
-20
108
115
-29
-161
-64
110
95
-63
-73
13
32
16
-22
-9
25
17
-35
-51
18
70
16
-40
-48
-5
70
44
-38
-63
0
47
34
-26
-19
12
27
-34
-52
7
72
51
-43
-97
-30
89
109
2
-118
-109
21
155
87
-82
-144
-50
76
101
45
-70
-88
-7
63
38
-12
-38
14
16
-20
-31
19
41
-16
-77
-14
90
37
-69
-88
32
140
43
-106
-109
17
149
99
-87
-159
5
137
82
-67
-92
-16
53
28
-13
-23
27
30
-48
-61
13
74
49
-30
-101
-25
61
61
6
-47
-54
10
21
-10
19
68
16
-107
-94
61
142
32
-113
-129
26
160
76
-71
-124
-54
50
125
71
-69
-128
-40
98
94
-22
-78
-42
58
57
-38
-70
20
84
-8
-82
11
93
-2
-111
-37
106
86
-67
-129
-4
123
84
-58
-140
-24
123
102
-62
-119
-24
82
56
-39
-51
40
38
-32
-57
25
89
13
-72
-64
29
79
26
-46
-34
33
23
-34
-44
34
91
8
-104
-84
54
148
39
-104
-110
6
102
74
-43
-97
-46
39
90
74
-44
-119
-55
68
102
10
-99
-38
65
54
-48
-82
16
121
41
-93
-104
46
119
-11
-122
-37
93
72
-56
-109
39
123
8
-105
-68
61
129
8
-120
-70
77
105
-42
-106
-17
64
53
-31
-57
12
56
29
-64
-69
35
93
-6
-106
-18
66
69
-35
-78
0
65
6
-87
-42
78
102
-10
-155
-91
109
152
13
-148
-128
59
156
76
-82
-124
-31
47
90
61
-40
-101
-47
67
58
-13
2
9
-41
-58
7
63
74
-26
-77
-18
70
65
-39
-90
2
100
53
-97
-109
27
122
52
-64
-114
-13
99
74
-55
-65
16
37
7
-35
-12
24
7
-19
-1
29
33
1
-47
-40
40
59
-13
-47
-9
52
34
-59
-30
69
57
-29
-120
-54
82
146
12
-128
-109
45
132
67
-54
-92
-57
23
79
76
-23
-112
-81
66
118
33
-67
-71
-7
42
28
7
3
-36
-4
0
-24
11
63
7
-96
-36
75
51
-26
-76
7
86
45
-45
-83
-19
86
78
-42
-92
3
68
13
-12
-17
-25
-4
16
8
7
5
-10
-30
-4
46
14
-36
-49
0
39
15
-9
-6
11
-12
-37
-28
28
67
30
-55
-73
-31
78
106
22
-117
-127
18
133
88
-66
-119
-56
80
135
30
-102
-92
3
80
58
-25
-52
7
35
-4
-19
7
15
9
-24
1
50
26
-63
-63
43
107
-9
-98
-65
37
75
37
-11
-79
-60
49
88
11
-88
-65
18
88
50
-49
-72
-7
49
36
-29
-30
14
20
-30
-33
21
53
15
-49
-35
9
2
10
38
37
-12
-63
-39
52
63
28
-51
-89
-26
66
105
24
-100
-117
-3
106
120
-10
-151
-124
56
176
66
-143
-137
73
139
-9
-112
-32
89
58
-60
-97
11
107
16
-80
-40
35
87
-6
-93
-41
104
89
-55
-122
-19
125
117
-68
-147
-11
103
50
-47
-76
4
77
41
-39
-38
5
34
1
-34
-6
19
-1
-18
1
11
-8
-2
14
28
-15
-65
-29
29
94
48
-58
-124
-25
99
100
-20
-104
-48
55
81
32
-36
-64
-40
17
83
81
-37
-104
-63
69
118
1
-96
-48
63
60
-7
-44
-11
44
2
-34
-10
29
27
-34
-44
48
82
-32
-91
-45
67
108
-2
-147
-94
107
148
-40
-132
-26
86
71
-30
-94
4
69
17
-57
-44
36
67
6
-78
-33
49
56
-19
-53
-5
29
13
4
-11
32
21
-55
-73
34
112
47
-101
-112
30
128
64
-66
-110
-20
45
61
60
-23
-87
-81
30
98
57
-60
-67
0
30
11
-10
-14
6
18
-11
-28
10
20
-41
-47
38
72
4
-85
-79
61
150
24
-145
-106
68
157
31
-117
-102
67
108
-12
-93
-26
58
37
-42
-20
34
45
-28
-70
-19
50
81
-28
-123
-22
109
72
-74
-89
35
98
-23
-116
-35
120
101
-32
-128
-84
72
149
30
-122
-113
28
145
87
-61
-130
-54
70
117
15
-45
-45
-23
11
51
26
11
-35
-36
-10
26
19
12
-13
-18
17
31
16
-44
-53
31
72
11
-60
-65
14
85
61
-53
-98
-17
81
70
-36
-85
-31
22
58
33
-26
-34
-25
13
29
-4
-18
0
-8
-3
19
49
-10
-68
-2
78
28
-78
-63
54
106
2
-124
-87
87
160
7
-140
-106
36
122
66
-50
-104
-30
22
53
72
11
-107
-104
18
132
79
-79
-120
0
79
53
-18
-53
-14
46
28
-48
-44
19
22
-8
8
-2
-21
-14
1
38
50
-12
-72
-44
45
94
31
-77
-83
31
73
7
-46
-40
17
36
7
-4
4
-6
-14
11
1
2
4
-25
-2
9
1
-16
-16
14
52
-9
-80
-56
51
92
45
-70
-120
-13
118
94
-45
-105
-55
43
93
56
-39
-75
-55
16
105
75
-31
-112
-75
58
123
40
-98
-89
29
101
32
-90
-40
70
73
-7
-97
-17
51
29
7
-11
-24
-28
-23
31
35
5
-29
-49
2
51
35
-6
-41
-33
-8
35
34
-3
-45
-28
8
40
25
-29
-50
18
44
19
-31
-44
10
55
44
-58
-83
10
103
101
-50
-163
-62
117
147
1
-116
-114
23
123
77
-60
-110
-18
54
69
20
-32
-68
-38
31
82
54
-42
-89
-26
56
70
-9
-79
-6
78
9
-84
-26
66
36
-30
-26
3
22
-8
-50
10
71
26
-27
-65
-6
84
79
-49
-111
5
70
33
-38
-56
8
61
8
-36
-41
11
83
26
-83
-55
20
70
16
-69
-66
51
97
26
-70
-89
-12
53
41
12
7
-13
-54
-54
22
102
68
-61
-132
-22
101
123
0
-129
-116
22
149
106
-65
-160
-45
102
119
-16
-116
-46
70
51
-31
-36
28
50
-9
-53
-18
58
18
-54
-32
44
62
-32
-107
-22
104
69
-42
-116
-48
98
107
-35
-117
-32
54
62
14
-56
-25
23
23
2
-39
-28
43
59
-7
-81
-24
68
64
-27
-60
-22
26
39
20
21
-19
-85
-57
68
153
44
-141
-150
16
192
120
-104
-205
-28
136
119
21
-116
-112
-1
87
91
-4
-78
-57
30
57
-13
-36
11
40
11
-44
-19
34
10
-59
-37
82
71
-58
-77
-13
79
68
-7
-111
-49
83
121
-2
-131
-72
93
93
-23
-93
-28
53
49
-26
-30
12
30
-4
-46
-39
41
88
-6
-87
-38
49
56
-39
-47
37
37
-41
-70
6
101
58
-64
-122
-33
111
113
-8
-116
-107
47
148
54
-86
-95
-12
87
79
5
-67
-75
1
63
45
-36
-20
18
38
-46
-60
34
93
-5
-84
-54
75
103
-23
-123
-36
105
106
-64
-139
-26
102
80
-37
-108
-29
62
71
-36
-59
12
37
-2
-15
-9
13
18
-12
-32
-20
36
49
-23
-63
-4
57
32
-16
-36
5
14
-44
-2
64
61
-24
-122
-78