#4
243
-182
-237
195
513
241
-262
-323
203
586
311
-247
-348
146
524
316
-167
-234
128
359
209
-59
-95
118
233
106
-16
42
172
143
-26
-20
168
255
47
-163
-8
286
287
-53
-236
22
399
296
-160
-291
95
434
257
-198
-268
113
424
210
-197
-199
197
388
67
-199
-55
273
274
-28
-149
99
289
145
-115
-71
212
276
9
-196
16
359
276
-146
-294
63
437
304
-158
-314
67
402
237
-126
-155
93
201
65
-13
80
133
20
-104
31
224
221
-37
-208
-7
308
287
-62
-264
-1
354
309
-114
-275
44
340
224
-61
-172
56
279
156
-51
-71
74
184
105
-19
34
153
117
-5
-36
104
221
82
-118
-76
201
295
30
-213
-55
272
246
-58
-182
22
228
181
-53
-124
66
219
153
-65
-130
66
223
128
-44
-38
116
91
-15
-7
138
214
24
-188
-86
283
366
50
-315
-214
299
494
106
-321
-224
232
405
120
-214
-174
160
311
91
-143
-82
144
200
12
-80
52
159
38
-75
37
169
112
-98
-103
136
224
57
-138
-126
119
252
77
-144
-125
103
230
103
-97
-105
67
193
109
-47
-48
67
139
50
-22
24
92
77
-6
-23
100
107
4
-39
91
148
43
-109
-82
128
263
58
-180
-129
118
244
99
-90
-135
-6
146
147
35
-47
-62
1
52
128
114
-47
-109
-11
139
158
20
-147
-72
163
239
16
-162
-98
130
231
72
-131
-102
128
206
71
-89
-75
90
164
61
-25
5
64
89
35
19
64
53
-22
0
54
132
70
-70
-88
87
184
52
-130
-73
113
207
49
-159
-109
143
235
57
-168
-115
81
223
123
-82
-107
30
123
75
3
48
72
-46
-65
77
248
158
-145
-280
44
414
289
-180
-365
-26
396
319
-120
-335
-26
343
258
-127
-261
3
288
181
-136
-137
97
165
-29
-109
36
177
35
-136
-56
171
165
-79
-208
-32
251
192
-134
-241
11
257
194
-125
-233
-6
265
186
-116
-218
38
265
152
-127
-198
79
257
89
-145
-110
121
139
-5
-72
32
122
2
-104
-27
158
159
-66
-201
-50
196
259
7
-269
-202
153
337
111
-225
-232
34
227
165
-86
-176
-38
123
119
19
-68
-53
50
86
32
12
3
-11
-21
32
109
56
-41
-70
54
152
69
-79
-98
42
174
126
-48
-142
5
179
159
-36
-140
-1
146
103
-35
-59
39
72
34
-14
-13
33
17
11
32
27
-10
-20
-1
53
99
46
-93
-101
75
203
97
-138
-166
50
201
135
-59
-113
-28
43
135
141
-1
-136
-118
82
238
174
-93
-212
-30
200
237
-26
-218
-68
185
193
-16
-171
-58
113
130
26
-36
-40
-44
26
96
65
-29
-99
-34
113
125
-15
-121
-87
58
172
53
-153
-140
36
184
131
-87
-179
-39
172
174
-67
-157
-12
160
108
-46
-95
1
106
81
-16
-37
-23
29
54
44
37
-10
-74
-52
62
167
69
-88
-129
-48
118
168
52
-163
-214
35
253
186
-129
-288
-64
222
203
-52
-196
-77
101
138
16
-83
-56
22
66
57
13
-32
-41
6
45
81
49
-52
-70
26
129
79
-75
-102
44
181
86
-86
-124
35
185
111
-76
-124
-6
134
97
-34
-72
6
80
51
-26
-62
0
57
28
0
-16
-34
6
21
74
62
-64
-113
-17
149
125
-45
-103
-35
55
101
18
4
-3
-46
-52
44
181
117
-107
-218
-24
268
235
-54
-267
-143
206
298
25
-249
-178
137
276
61
-199
-157
70
195
72
-78
-116
-19
100
83
-18
-69
-60
28
92
60
-58
-91
-30
65
74
10
-67
-65
-10
57
80
-3
-67
-46
21
82
64
-44
-93
20
124
56
-55
-65
29
90
42
-34
-68
-3
94
111
-25
-108
-62
42
95
50
-3
-72
-54
-2
54
106
43
-100
-153
-25
149
164
-15
-193
-180
50
234
130
-157
-255
-12
247
176
-118
-238
-57
195
201
-46
-210
-55
136
115
-48
-80
-2
78
60
2
2
-15
-49
9
85
97
14
-83
-64
74
150
33
-112
-94
49
125
81
-49
-105
-5
105
95
-60
-121
-11
113
59
-48
-64
-11
26
48
67
-3
-112
-74
89
142
34
-96
-73
-7
76
98
44
-34
-89
-70
70
199
122
-120
-245
-23
246
242
-40
-236
-141
148
271
47
-223
-164
139
240
25
-204
-94
109
159
9
-107
-60
39
85
25
-50
-35
-3
-7
9
67
43
-60
-108
-40
101
98
-43
-121
-87
76
138
17
-93
-100
32
116
59
-86
-96
56
126
28
-81
-74
61
83
-1
-39
-10
34
6
-3
33
41
-41
-110
-9
131
99
-59
-141
-49
76
122
84
-104
-202
-72
152
219
0
-238
-187
95
226
76
-186
-194
46
190
74
-107
-125
24
116
39
-50
-59
17
16
-4
24
41
2
-24
-31
37
80
6
-92
-25
87
92
36
-77
-67
76
129
24
-121
-78
95
127
8
-100
-44
81
59
-8
-51
-21
36
27
7
-14
-32
-5
16
51
35
-29
-81
-29
58
98
33
-54
-82
-25
48
115
73
-29
-138
-88
122
229
59
-184
-201
23
250
206
-82
-254
-88
179
230
36
-161
-153
20
189
104
-84
-140
-24
114
114
-1
-110
-118
26
154
69
-92
-146
-16
128
90
-52
-130
-75
45
104
45
-81
-126
-29
89
102
-1
-111
-93
27
129
76
-84
-108
11
120
55
-48
-70
-12
86
68
-60
-69
-6
63
63
9
-42
-71
-29
25
94
64
-46
-132
-70
90
165
49
-158
-171
-42
157
186
-18
-197
-164
54
204
104
-135
-223
-46
178
181
-39
-210
-83
119
151
4
-117
-83
36
79
39
5
-41
-30
20
66
64
-40
-101
5
98
99
25
-95
-68
55
134
77
-74
-125
-13
160
105
-69
-135
-23
118
89
-47
-98
-11
57
29
-5
-36
-39
18
44
44
0
-77
-75
13
118
108
-38
-130
-82
62
159
69
-97
-165
-39
160
214
39
-184
-191
33
235
185
-69
-236
-97
188
226
-3
-211
-126
105
207
33
-153
-120
40
155
57
-85
-91
12
47
11
-6
2
-24
-41
20
69
33
-84
-139
-9
126
83
-86
-134
-29
90
103
-23
-138
-61
98
110
-10
-108
-83
66
120
21
-74
-46
28
58
25
-16
-21
-11
0
32
49
18
-51
-84
-11
99
87
-29
-104
-73
24
110
86
-30
-147
-112
50
174
97
-121
-254
-73
232
228
-89
-305
-124
191
229
-19
-221
-114
120
169
-11
-146
-72
72
110
14
-79
-48
48
62
-12
-8
23
-19
-29
24
56
64
-31
-87
12
103
92
-16
-114
-71
87
150
25
-134
-93
55
127
41
-110
-109
28
98
34
-105
-57
58
83
7
-80
-74
4
61
45
13
2
-40
-82
8
110
98
-10
-161
-123
83
245
139
-166
-274
-18
274
254
-61
-268
-139
178
271
24
-223
-163
86
232
77
-148
-168
24
168
84
-89
-101
6
65
23
-40
-3
10
-10
-9
11
14
-6
-54
-39
10
69
9
-97
-83
39
117
39
-101
-114
13
127
62
-85
-115
27
159
61
-100
-117
12
142
69
-81
-85
7
74
56
-27
-49
-14
23
-2
-34
33
75
-22
-123
-60
136
157
-55
-242
-125
126
237
63
-230
-247
30
238
151
-128
-249
-67
181
198
-56
-236
-78
155
163
-35
-168
-71
88
83
-16
-47
2
39
-17
-18
52
38
-40
-63
13
126
97
-94
-157
19
218
132
-137
-190
9
207
123
-109
-169
-26
158
140
-88
-207
-47
167
137
-87
-170
-4
149
39
-72
-38
33
-16
-51
19
133
51
-141
-155
58
201
102
-115
-182
-36
143
194
32
-133
-161
1
181
177
-24
-154
-120
52
173
122
-54
-169
-59
97
137
31
-126
-127
42
152
105
-94
-177
-20
131
99
-37
-118
-75
80
110
-15
-80
-72
-33
42
75
-12
-98
-59
33
81
21
-89
-62
32
54
25
-35
-34
18
29
17
-16
-6
-7
8
20
20
-8
-32
-34
30
103
48
-120
-156
5
190
131
-106
-195
-66
100
157
63
-105
-181
-85
93
181
59
-158
-185
5
133
133
-30
-187
-111
75
175
32
-152
-146
37
154
67
-79
-92
-12
59
50
16
-6
-60
-27
65
81
-2
-91
-18
73
79
18
-37
-47
31
57
31
-9
-31
-16
19
55
28
-4
-15
-53
-13
66
30
-76
-61
35
87
6
-97
-60
45
101
30
-101
-112
30
150
96
-82
-145
-46
99
140
32
-70
-115
-56
104
152
23
-78
-103
-40
97
186
34
-143
-146
36
218
152
-143
-229
-6
240
145
-120
-212
-54
185
170
-53
-171
-88
85
135
3
-88
-89
-10
73
70
-8
-66
-85
-37
17
105
49
-108
-148
7
142
79
-88
-141
-16
102
88
-43
-115
-11
118
86
-55
-111
-30
102
98
-36
-91
-48
59
86
19
-57
-60
-25
10
55
81
-6
-84
-75
-2
90
116
-22
-189
-141
76
219
81
-166
-222
-20
178
148
-50
-216
-108
137
192
1
-197
-157
88
200
66
-151
-155
55
131
47
-55
-75
-15
54
51
42
-24
-71
-12
66
74
28
-43
-82
17
113
75
-39
-88
-36
76
132
14
-137
-122
63
184
47
-154
-142
41
162
39
-131
-104
59
105
25
-59
-75
-21
35
55
29
7
-27
-61
-30
59
97
53
-72
-148
-34
175
210
-14
-247
-191
155
304
102
-205
-241
47
259
148
-111
-195
-26
153
129
-50
-147
-33
96
95
-23
-62
-20
2
18
11
1
-17
-32
-23
20
39
23
-69
-121
4
118
84
-101
-174
-9
166
112
-107
-183
-26
166
121
-90
-189
-8
206
107
-110
-127
12
101
60
-49
-50
-6
43
34
13
-17
-30
-48
-26
18
84
34
-56
-108
-22
88
133
18
-177
-202
55
227
124
-147
-244
-65
174
202
-22
-271
-168
132
230
45
-202
-162
60
155
61
-91
-95
9
47
22
9
-1
-14
-17
7
67
30
-59
-35
38
69
54
-13
-88
-24
96
110
-15
-134
-73
115
141
12
-148
-81
101
135
-46
-118
-23
82
54
-59
-60
-16
59
54
-26
-50
-19
-7
-2
21
51
39
0
-94
-59
91
140
20
-152
-150
58
228
158
-104
-229
-80
166
215
12
-138
-126
12
176
143
-59
-185
-70
156
155
-25
-120
-66
22
66
58
7
-76
-88
14
107
51
-103
-117
19
143
89
-110
-190
-33
149
122
-75
-182
-65
116
116
-8
-129
-55
46
60
6
-31
-28
-2
26
13
6
11
10
-36
1
50
-3
-40
-35
29
78
40
-57
-111
-37
91
118
6
-119
-113
6
135
111
-42
-172
-128
35
195
93
-127
-198
-53
135
143
10
-174
-166
60
194
96
-162
-206
49
191
77
-106
-137
1
87
57
17
-48
-65
2
63
65
9
-54
-63
22
78
86
-11
-89
-40
84
105
-8
-96
-39
77
92
8
-78
-79
25
114
45
-82
-69
5
45
18
-39
-32
17
37
0
-15
-30
-23
19
32
26
21
-37
-50
-8
37
66
40
-28
-112
-65
122
193
38
-200
-188
85
254
135
-133
-208
-34
191
197
-60
-197
-82
132
171
-1
-159
-118
75
157
35
-90
-100
-31
83
71
-29
-77
-48
38
53
-11
-41
-43
-27
-11
46
51
-31
-135
-54
106
104
-31
-119
-32
55
62
-7
-65
-36
54
63
10
-40
-43
18
74
55
-49
-84
-5
56
70
12
-69
-76
-15
52
97
22
-97
-99
-1
88
112
11
-135
-178
-10
190
173
-85
-256
-142
140
264
35
-246
-205
77
228
60
-161
-151
43
167
74
-120
-162
19
148
64
-74
-90
8
91
32
-28
-30
11
13
-14
3
76
73
-54
-106
35
148
67
-120
-157
37
202
111
-127
-201
-5
200
117
-113
-182
-10
145
92
-80
-140
-21
116
99
-40
-143
-59
72
110
24
-46
-38
-18
-16
24
68
62
-24
-149
-70
127
232
40
-224
-223
88
326
148
-196
-251
12
259
185
-112
-239
-57
193
191
-44
-203
-81
142
157
-34
-122
-29
24
43
27
-10
-49
-48
16
34
41
-6
-79
-107
1
140
71
-155
-168
38
178
84
-134
-156
19
131
81
-87
-132
2
144
91
-77
-135
13
109
96
-27
-104
-27
29
52
45
-10
-47
-69
8
40
42
24
-30
-92
-85
64
188
57
-168
-239
-2
254
182
-130
-314
-124
210
257
-27
-276
-164
137
196
17
-180
-126
76
143
30
-94
-77
17
38
5
16
37
-9
-74
-42
88
128
-21
-164
-69
151
183
-34
-201
-56
189
187
-62
-189
-72
131
171
-16
-149
-60
97
110
-29
-105
-50
54
74
-8
-68
-34
33
44
-21
-25
0
-22
-21
3
88
72
-37
-120
-62
66
121
55
-46
-133
-71
127
215
62
-191
-210
44
246
192
-90
-272
-70
224
230
-64
-215
-59
142
143
-21
-123
-81
58
118
38
-48
-79
-66
9
113
51
-81
-125
11
120
50
-93
-110
-31
53
86
9
-110
-105
21
99
33
-66
-79
2
46
24
8
-25
-49
-14
37
69
-5
-70
-18
61
56
-29
-63
-25
37
79
7
-60
-59
-16
19
72
53
-46
-105
-50
58
91
72
-95
-190
-54
145
217
-22
-252
-195
82
262
92
-199
-237
-4
208
142
-89
-204
-54
129
151
-7
-146
-119
50
157
59
-82
-110
17
94
65
-54
-94
3
106
68
-24
-19
-6
5
13
50
44
-18
-55
-24
41
67
20
-47
-39
25
74
6
-79
-56
44
73
-18
-97
-26
64
64
-3
-58
-62
14
64
47
-12
-15
-56
-36
33
54
64
16
-107
-130
57
239
140
-164
-260
-22
262
219
-63
-241
-139
161
254
51
-215
-195
108
257
49
-207
-188
67
226
83
-122
-142
3
116
49
-63
-78
-17
42
32
2
-17
-49
-60
-40
59
111
-25
-161
-110
85
181
29
-161
-143
48
169
49
-119
-119
23
148
70
-72
-118
-8
126
76
-39
-94
-39
58
74
37
-37
-107
-75
61
121
66
-70
-128
-75
86
174
35
-156
-197
-14
203
152
-41
-220
-169
64
254
121
-196
-296
-24
257
201
-97
-268
-76
197
174
-64
-186
-55
102
83
-7
-56
-9
28
16
15
6
-10
-13
-4
12
64
54
-35
-91
14
127
92
-71
-141
-20
156
131
-51
-171
-57
126
126
-51
-138
-34
94
59
-42
-77
-23
42
38
5
-3
-42
-43
-22
56
108
15
-106
-113
38
163
103
-75
-172
-111
131
246
92
-202
-251
28
290
235
-127
-297
-79
222
250
-60
-273
-94
201
211
-40
-179
-84
89
100
8
-21
-31
-40
-33
35
60
10
-64
-81
19
97
42
-71
-124
-24
94
89
-31
-131
-86
70
123
27
-136
-115
64
128
24
-111
-81
46
117
43
-85
-81
51
112
6
-81
-27
47
10
11
10
2
-19
-48
-27
54
85
3
-107
-106
23
148
126
-98
-244
-94
183
248
-57
-292
-139
143
204
8
-181
-140
57
149
32
-90
-80
-3
39
58
26
-46
-40
-9
5
32
36
1
-67
-41
88
92
-31
-120
-42
113
134
29
-119
-114
51
172
66
-106
-131
22
144
93
-75
-131
-36
123
119
-74
-152
-38
108
117
-62
-166
1
111
67
-45
-79
-31
3
38
64
45
-14
-92
-79
51
136
91
-63
-165
-72
120
205
67
-156
-199
1
220
162
-38
-160
-103
76
189
62
-123
-162
40
190
87
-115
-131
22
105
25
-28
-15
-22
-28
28
44
-4
-72
-47
43
67
38
-95
-121
-4
135
73
-107
-164
-1
120
79
-54
-116
-44
60
83
9
-71
-63
37
88
-2
-40
-34
-10
45
49
-11
-42
-35
7
50
66
10
-95
-107
14
143
93
-61
-149
-90
64
166
83
-112
-226
-81
148
211
28
-193
-212
-9
202
181
-64
-285
-153
168
247
7
-227
-161
116
222
18
-186
-138
68
156
60
-104
-118
52
98
50
-14
-32
-39
-31
46
96
60
-65
-108
13
150
112
-69
-161
-10
155
99
-49
-136
-64
120
130
-37
-155
-43
103
86
-47
-118
-26
94
41
-28
-11
-46
-51
23
91
67
-19
-94
-70
57
90
25
-19
-54
-82
14
138
123
-33
-193
-117
160
256
49
-217
-199
104
261
108
-154
-218
1
217
141
-91
-200
-48
153
132
-25
-126
-68
30
70
28
-34
-54
-17
21
43
9
-40
-79
-70
53
102
20
-161
-130
78
166
20
-150
-105
61
116
19
-91
-69
48
81
10
-62
-58
22
87
58
-57
-81
-15
61
65
3
-55
-28
-6
12
13
17
20
-14
-92
-84
77
191
30
-240
-213
102
294
100
-243
-304
15
296
180
-177
-294
-32
231
184
-84
-253
-63
177
182
-57
-193
-80
99
128
13
-91
-53
43
43
8
5
2
-11
-13
27
50
85
-23
-114
-34
121
132
-20
-137
-64
89
128
-11
-111
-46
54
82
-23
-72
-15
51
42
-38
-83
-10
57
77
-1
-85
-64
24
85
33
-41
-27
38
1
-78
-11
134
101
-101
-203
-19
256
218
-128
-307
-95
257
297
-22
-279
-152
146
272
53
-219
-172
93
239
68
-172
-169
24
193
66
-94
-82
-7
28
31
17
-11
-45
-58
10
92
50
-109
-137
-9
143
107
-99
-166
-28
130
93
-79
-126
-10
87
52
-16
-51
-55
14
73
48
-27
-44
-22
48
59
-17
-50
-13
8
25
49
30
-50
-98
-45
85
139
3
-147
-123
2
164
138
-69
-236
-125
135
233
44
-215
-218
21
218
138
-125
-228
-39
163
135
-45
-159
-85
67
126
39
-85
-99
6
54
48
32
-35
-57
-9
47
77
-4
-76
-53
38
103
70
-68
-121
11
153
89
-61
-120
-33
95
101
-14
-88
-47
41
62
23
-56
-51
-7
28
23
-5
-23
-7
-19
14
46
18
-64
-78
5
124
79
-55
-134
-60
128
145
18
-141
-155
34
238
131
-105
-215
-60
160
231
45
-186
-176
53
217
117
-87
-175
-10
110
89
-14
-89
-55
49
80
28
-39
-60
-45
46
66
7
-74
-69
31
86
7
-47
-67
-50
9
52
34
-42
-103
-24
83
69
-32
-98
-43
49
64
11
-54
-68
17
87
29
-50
-39
18
22
15
12
-16
-47
10
97
46
-103
-109
14
101
70
-35
-102
-40
28
51
48
11
-117
-140
29
171
102
-115
-201
-92
134
192
12
-222
-194
104
268
40
-231
-173
77
209
76
-153
-164
30
148
81
-46
-130
-51
104
104
-2
-79
-83
52
118
29
-38
-58
-10
46
85
50
-49
-89
-18
102
92
-44
-73
-21
38
43
18
-41
-43
-20
20
48
2
-75
-62
68
110
33
-120
-131
32
147
73
-76
-116
-22
78
76
20
11
-45
-95
-29
137
198
2
-208
-174
76
281
169
-163
-292
-40
298
240
-115
-295
-67
271
216
-120
-246
-43
195
135
-65
-141
-41
71
63
-6
-66
-41
9
42
10
-10
-26
-28
-57
-15
70
59
-48
-151
-73
122
131
-12
-137
-103
56
130
29
-125
-95
93
145
-4
-120
-52
63
104
12
-94
-58
37
71
28
-33
-40
-36
-22
17
71
65
-30
-123
-91
55
198
78
-199
-259
-8
268
208
-149
-310
-93
199
219
-21
-222
-175
105
208
55
-182
-195
51
223
98
-148
-170
27
132
53
-53
-50
18
18
3
43
29
-50
-59
33
83
35
-5
-69
-12
69
95
17
-69
-65
12
83
70
-38
-102
-14
105
73
-82
-140
14
138
50
-113
-119
47
104
35
-62
-67
-5
46
21
-16
25
45
-60
-101
20
129
120
-84
-227
-53
229
267
-42
-307
-171
190
304
76
-216
-223
61
246
150
-115
-239
-32
218
171
-82
-215
-43
149
93
-53
-72
10
-8
-44
14
92
38
-116
-100
70
117
-15
-142
-108
76
162
22
-167
-158
35
187
75
-140
-156
17
148
70
-92
-125
33
150
36
-108
-88
59
109
20
-101
-60
66
67
-24
-56
37
54
-42
-103
-9
130
113
-79
-211
-62
166
185
-31
-239
-177
92
237
139
-174
-280
-60
214
209
-44
-236
-150
81
221
73
-185
-208
45
217
96
-146
-170
40
155
53
-89
-76
27
62
16
-17
0
4
-27
-19
62
128
1
-124
-80
117
157
-24
-142
-57
104
104
-10
-104
-20
69
53
-17
-61
-25
23
18
-6
-8
-24
-8
5
28
20
-23
-44
-54
41
104
46
-62
-109
-29
83
119
57
-104
-165
-13
180
183
-16
-183
-141
74
232
113
-128
-204
-33
201
198
-41
-237
-106
174
204
-10
-177
-142
86
184
51
-116
-117
7
102
44
-33
-51
-58
-9
76
69
-20
-120
-101
72
126
12
-150
-130
37
147
62
-103
-129
3
104
65
-59
-99
6
79
51
-29
-60
-4
25
46
9
-39
-32
-21
17
89
63
-56
-128
-43
70
97
50
-62
-127
-85
106
165
21
-164
-191
-2
186
148
-71
-212
-139
96
203
50
-172
-172
47
177
59
-118
-131
-10
116
114
-66
-143
-26
98
87
-14
-75
-48
28
91
24
-56
-39
18
77
21
-1
-15
-19
11
34
31
31
0
-40
-15
60
54
-21
-74
-1
66
57
-29
-80
-34
23
56
24
-52
-84
19
97
85
-51
-163
-66
119
176
7
-134
-94
13
95
95
12
-60
-118
-58
113
218
70
-186
-234
11
283
239
-81
-303
-135
203
297
20
-269
-170
127
244
57
-193
-174
59
193
69
-101
-122
2
91
43
-27
-51
-27
12
-2
7
35
-21
-94
-57
64
92
-7
-132
-97
66
120
10
-126
-85
68
100
13
-82
-72
56
108
15
-113
-70
84
108
-10
-91
-48
41
63
35
-14
-30
-43
-32
15
58
61
-15
-116
-93
59
166
63
-147
-212
-29
189
179
-52
-236
-162
114
248
51
-229
-208
65
237
89
-180
-188
48
196
69
-115
-148
10
128
57
-50
-52
14
27
-2
0
44
11
-68
-36
67
116
24
-137
-93
110
186
13
-150
-101
72
154
68
-110
-145
2
147
95
-83
-149
-32
120
91
-61
-121
-12
90
62
-19
-58
-56
-26
45
68
27
-26
-52
-30
1
51
100
17
-139
-148
99
263
83
-210
-237
64
290
150
-114
-237
-52
202
214
-40
-238
-100
171
190
-24
-190
-87
117
139
-18
-111
-38
31
15
14
19
-10
-76
-52
54
121
-6
-152
-114
72
162
9
-164
-138
46
171
75
-124
-156
10
98
99
-14
-121
-61
82
91
6
-63
-28
28
56
4
-17
-11
-35
-5
60
92
-39
-125
-84
58
176
62
-140
-157
-25
139
148
-5
-177
-169
-1
185
178
-49
-244
-186
117
249
61
-213
-210
36
210
95
-138
-156
29
122
79
-47
-108
-30
26
39
44
20
-42
-70
-16
91
95
-33
-117
-26
100
119
-18
-127
-38
83
129
17
-93
-71
32
103
17
-54
-45
18
39
8
-25
-33
-18
24
30
-14
-75
-16
72
30
-28
-27
-25
6
11
37
23
0
-19
-61
-28
70
111
18
-169
-126
114
246
101
-189
-209
14
213
187
-41
-186
-107
81
214
98
-137
-191
-10
191
156
-70
-236
-64
188
188
-46
-195
-108
92
158
28
-102
-108
-18
107
75
-73
-114
-25
58
73
-2
-74
-84
-29
64
82
-9
-109
-60
55
83
16
-91
-76
74
92
-10
-72
-36
40
64
30
-60
-61
9
29
34
37
4
-56
-88
-12
103
95
-37
-172
-96
86
172
90
-143
-240
-63
183
215
-21
-237
-192
48
243
111
-116
-242
-110
190
221
-27
-240
-158
132
251
16
-219
-161
105
196
22
-132
-71
62
93
2
-58
-9
32
22
-11
47
55
-37
-81
21
120
90
-73
-129
-17
132
110
-10
-113
-80
48
127
29
-110
-99
31
109
31
-92
-87
11
120
85
-45
-134
-55
73
105
21
-27
-53
-55
3
79
97
7
-129
-114
78
220
98
-154
-235
5
258
193
-62
-220
-113
152
213
54
-187
-173
59
218
77
-151
-176
27
202
73
-104
-114
19
85
18
-52
-30
10
13
-5
8
6
-35
-64
-32
47
56
-33
-104
-83
44
131
46
-115
-128
24
129
48
-78
-110
9
123
69
-74
-110
6
128
67
-94
-100
31
102
24
-36
-30
5
-23
-44
20
106
32
-91
-170
-31
188
183
-68
-294
-164
195
317
28
-304
-292
81
292
149
-171
-283
-37
227
165
-83
-221
-90
145
163
-17
-155
-66
65
53
5
28
23
-41
-64
18
114
33
-75
-103
12
158
140
-82
-176
-14
176
142
-56
-170
-68
132
163
-21
-154
-69
95
113
-14
-126
-69
65
87
-7
-99
-36
75
58
-16
-54
-42
8
17
24
39
18
-52
-94
17
109
85
-22
-122
-107
72
219
108
-153
-224
-16
236
202
-64
-238
-87
166
229
0
-221
-115
124
170
14
-133
-92
29
111
52
-54
-58
-6
0
16
21
11
-8
-56
-44
49
66
-31
-113
-67
71
105
-4
-164
-119
99
182
-10
-191
-106
114
145
-15
-118
-63
76
85
3
-72
-36
44
47
26
-15
-31
-37
-1
50
63
14
-75
-98
6
93
72
-38
-94
-54
19
105
119
-55
-205
-123
126
211
8
-210
-177
67
209
79
-175
-182
32
149
68
-96
-139
-20
126
105
-44
-135
-30
79
56
-14
-37
-8
-16
5
30
55
-25
-80
-4
97
85
1
-90
-59
52
126
50
-92
-104
25
136
56
-86
-97
17
101
44
-74
-86
6
47
11
-30
-18
3
17
4
19
15
-39
-84
-11
103
92
10
-123
-130
34
182
101
-89
-172
-77
150
215
47
-168
-163
24
172
144
-5
-141
-127
43
199
133
-105
-212
-41
168
172
-24
-176
-100
71
154
72
-59
-136
-53
84
118
-1
-114
-95
50
117
32
-97
-118
-32
93
99
-18
-132
-94
33
143
66
-127
-149
8
140
92
-87
-143
-9
138
107
-58
-97
-13
74
56
-23
-61
-32
22
38
54
5
-87
-69
4
87
99
-22
-129
-97
38
120
88
-50
-162
-120
63
176
91
-139
-239
-38
201
193
-102
-264
-105
168
201
-6
-188
-141
71
153
51
-102
-110
10
80
69
-6
-63
-40
22
69
47
-44
-87
13
96
67
3
-49
-59
28
94
61
-32
-72
-33
66
81
4
-78
-71
35
91
24
-96
-71
54
90
-10
-84
-35
46
31
-3
-6
-19
-37
-17
66
60
0
-45
-43
-17
26
98
53
-64
-144
-36
171
205
-19
-241
-177
161
306
74
-225
-209
71
257
139
-140
-213
-33
191
185
-66
-221
-83
155
183
-31
-180
-77
83
129
-20
-103
-62
23
74
10
-58
-38
-28
-2
31
41
-16
-97
-88
21
123
58
-91
-152
-1
134
101
-83
-135
-16
114
112
-33
-137
-39
114
97
-56
-101
-14
72
53
-1
-22
-11
-47
-35
5
69
69
-46
-145
-73
123
193
14
-236
-211
53
279
163
-172
-323
-81
243
250
-81
-319
-138
198
249
-34
-253
-116
133
200
9
-176
-97
87
83
-16
-30
-15
7
16
5
26
35
-21
-53
-15
87
116
-22
-124
-49
129
149
-24
-154
-70
101
166
18
-150
-103
62
151
25
-128
-103
49
122
10
-99
-58
37
68
-2
-13
-26
-37
-15
24
63
52
-3
-100
-99
63
192
84
-152
-215
-4
268
223
-111
-294
-104
222
290
15
-225
-180
75
245
111
-135
-196
-14
159
137
-22
-128
-74
52
83
32
-32
-73
-43
18
73
34
-58
-72
-19
51
40
-17
-84
-84
35
133
17
-152
-126
57
141
39
-109
-119
21
101
36
-50
-75
-26
67
73
-1
-64
-10
48
40
-34
-22
22
-19
-45
56
103
-23
-147
-94
81
188
35
-141
-173
-8
179
179
-67
-264
-150
137
239
51
-206
-239
25
230
127
-109
-222
-74
128
168
1
-151
-124
30
121
97
-69
-116
-12
50
48
21
-18
-47
-35
55
104
14
-118
-80
86
155
42
-91
-133
35
186
77
-91
-130
6
129
60
-47
-82
-5
65
40
-21
-81
-16
67
28
-41
-39
2
29
10
-28
-5
31
-16
-56
-26
83
112
-26
-151
-56
106
136
33
-122
-146
1
195
205
-62
-239
-114
158
236
46
-181
-151
54
180
89
-90
-118
-6
99
98
-14
-94
-64
43
86
22
-29
-53
-63
27
92
54
-76
-145
-5
140
79
-92
-143
-56
96
129
-43
-154
-68
70
97
-13
-82
-42
8
47
34
-19
-51
-29
38
86
-2
-61
-45
21
74
29
-70
-59
12
71
54
-15
-51
-55
-5
36
59
5
-78
-63
8
77
69
-25
-139
-106
60
129
84
-84
-198
-91
149
203
-43
-238
-123
137
208
-14
-191
-123
75
160
35
-127
-92
51
113
-30
-73
10
27
35
-31
6
40
-9
-41
-13
59
80
12
-76
-35
81
106
-1
-91
-65
47
104
24
-32
-67
-28
58
67
-43
-99
-28
94
87
-40
-130
-67
99
121
-8
-131
-93
39
133
74
-53
-67
-41
3
48
82
61
-54
-129
-66
140
206
17
-217
-171
90
291
141
-156
-253
-29
238
211
-74
-251
-94
201
203
-33
-204
-104
114
153
19
-107
-94
16
56
38
7
-28
-53
-41
33
87
10
-104
-125
3
129
54
-96
-134
5
95
73
-16
-104
-77
37
96
39
-93
-70
49
110
15
-98
-62
62
136
1
-124
-69
84
94
-16
-64
-17
28
-24
-53
49
105
-9
-127
-124
48
203
102
-180
-272
-22
271
187
-119
-292
-123
205
247
-24
-264
-143
114
190
22
-165
-123
77
140
54
-98
-120
32
70
29
10
-14
-42
-14
27
52
18
-44
-40
26
78
82
-9
-113
-60
86
142
42
-106
-89
29
110
67
-53
-115
-20
100
74
-61
-117
5
92
42
-68
-95
23
88
51
-59
-68
-3
23
24
5
33
36
-26
-93
-22
121
112
-64
-187
-60
166
236
21
-231
-183
89
269
153
-135
-261
-36
219
198
-79
-214
-53
164
151
-43
-164
-53
82
105
-1
-56
-38
-24
8
47
23
-36
-68
-23
60
62
-25
-100
-70
36
90
32
-112
-138
13
147
81
-111
-140
6
117
65
-58
-102
5
105
81
-53
-121
-6
104
88
-30
-96
-16
54
29
4
9
5
-59
-64
16
115
85
-75
-156
-69
105
186
35
-188
-217
18
221
132
-97
-226
-104
129
198
8
-175
-163
9
185
132
-96
-207
-63
167
173
-55
-203
-89
122
152
22
-97
-94
20
90
60
-22
-64
-50
27
86
81
-4
-107
-56
113
123
-8
-108
-68
62
96
10
-62
-42
20
64
19
-63
-80
-10
79
56
-23
-73
-38
32
58
8
-29
-54
-39
26
95
73
-31
-146
-62
108
141
49
-105
-153
-26
160
210
-19
-217
-171
130
298
79
-193
-213
31
239
139
-109
-175
-41
143
135
-6
-130
-110
43
136
82
-48
-97
-70
30
107
46
-100
-128
-10
154
95
-112
-148
-21
103
58
-52
-105
-20
39
22
10
-1
-48
-50
29
71
28
-90
-89
51
118
21
-77
-50
17
74
55
-42
-64
-22
31
68
40
-63
-98
-28
41
96
45
-61
-98
-84
58
164
60
-149
-213
-9
198
148
-65
-244
-153
102
237
94
-209
-245
22
232
153
-139
-239
-41
176
163
-54
-174
-66
104
77
-9
-44
-23
21
42
20
-16
-12
-18
20
26
32
35
-24
-54
24
72
46
-45
-87
3
117
63
-45
-86
-3
83
33
-32
-66
-21
38
51
5
-62
-61
48
69
4
-60
-73
16
82
46
-12
-38
0
-4
10
12
52
41
-80
-117
42
225
103
-169
-202
22
244
178
-101
-210
-83
155
213
19
-194
-137
119
209
3
-180
-103
100
167
-20
-126
-53
75
80
-26
-87
-11
41
-5
-34
10
35
-26
-81
-34
24
64
-9
-110
-55
76
94
4
-114
-78
30
92
45
-88
-109
45
135
24
-84
-66
36
103
17
-82
-46
39
49
10
-28
-5
8
-41
-50
47
115
0
-119
-109
25
161
118
-131
-251
-61
218
210
-64
-262
-170
113
259
56
-203
-238
23
240
135
-129
-216
-52
170
155
-47
-170
-52
113
76
-31
-40
-6
20
-2
-2
53
21
-48
-64
49
157
65
-140
-153
95
236
54
-178
-161
71
194
61
-136
-119
27
128
74
-81
-134
-13
108
84
-51
-111
-51
85
80
-22
-57
-35
-18
14
52
59
23
-64
-98
-31
116
148
0
-169
-147
89
231
140
-132
-277
-50
273
240
-53
-272
-145
183
261
12
-200
-155
81
187
70
-125
-129
9
95
69
-6
-41
-72
-38
55
84
7
-100
-102
37
121
63
-115
-189
-22
188
103
-122
-198
-14
169
119
-89
-155
-14
83
60
-29
-58
-33
43
69
14
-24
-54
7
57
42
-12
-43
-44
12
55
75
-2
-89
-89
-11
114
112
-17
-128
-124
39
151
106
-82
-233
-105
160
235
15
-252
-192
67
217
71
-158
-190
-1
185
132
-107
-193
-33
138
132
-35
-136
-84
71
107
29
-68
-83
10
68
67
3
-58
-57
24
101
40
-43
-55
9
74
79
-15
-79
-34
54
68
-10
-32
-4
11
9
-8
-9
-10
-28
-6
28
28
-37
-51
-5
26
48
15
-45
-65
-16
78
77
11
-97
-109
44
141
90
-42
-158
-108
108
204
81
-127
-182
-29
185
193
6
-186
-150
80
220
76
-143
-162
5
197
135
-94
-196
-63
163
181
-25
-182
-111
96
155
-15
-138
-81
84
100
-13
-97
-40
21
-11
-6
22
10
-60
-70
24
83
44
-73
-97
7
93
55
-70
-94
24
99
57
-55
-76
8
83
42
-66
-47
20
25
16
12
21
-42
-83
-8
98
88
-16
-113
-111
4
146
147
-75
-258
-154
152
282
51
-253
-268
25
275
157
-152
-274
-81
204
220
-56
-270
-109
191
224
-59
-239
-76
153
127
-45
-90
-22
52
12
-7
15
28
-6
-52
-19
95
115
-36
-134
-29
149
143
-53
-157
-44
121
120
-33
-99
-58
67
100
-5
-116
-72
80
101
-25
-108
-44
43
65
41
-16
-87
-81
47
118
55
-54
-91
-30
51
61
49
13
-75
-121
15
209
153
-72
-249
-95
212
267
29
-252
-214
127
332
113
-268
-277
117
333
100
-249
-247
90
282
71
-172
-155
61
140
6
-102
-44
46
16
-47
-15
48
19
-64
-98
14
109
22
-129
-118
39
138
50
-99
-128
-1
113
72
-57
-102
-23
105
75
-32
-105
-24
63
88
-1
-93
-54
50
65
44
-39
-66
-37
-1
38
84
18
-87
-128
-30
142
139
-30
-236
-164
117
262
102
-239
-270
27
235
153
-133
-254
-51
203
164
-85
-236
-52
187
136
-61
-163
-31
113
53
-61
-49
35
45
-16
-11
32
34
-41
-48
15
113
81
-47
-125
-11
136
125
-48
-143
-28
131
106
-51
-121
-20
98
68
-58
-86
14
72
18
-46
-47
8
51
21
-25
-26
-4
-12
-24
37
75
35
-69
-111
-2
109
117
14
-159
-135
68
249
128
-146
-238
-37
232
212
-58
-230
-91
131
188
46
-133
-120
39
136
65
-64
-116
-43
82
106
20
-61
-93
-27
77
57
-6
-78
-105
25
121
63
-104
-157
-42
123
156
-64
-211
-78
124
148
-34
-169
-64
78
86
15
-97
-66
45
107
34
-81
-73
48
91
21
-62
-61
5
28
42
10
18
-21
-82
-40
37
105
27
-75
-109
-55
117
182
-27
-220
-167
91
246
76
-185
-231
-14
198
144
-93
-195
-63
118
154
-11
-166
-97
63
133
36
-68
-82
-6
56
32
3
-28
-37
10
55
67
-16
-98
-35
75
108
44
-57
-101
12
123
91
-50
-104
-28
107
71
-31
-54
-28
14
45
16
-17
-62
-27
45
31
-13
-40
-27
16
25
47
-3
-79
-73
35
127
60
-53
-128
-66
115
175
10
-158
-177
69
256
130
-132
-224
-55
183
199
35
-146
-189
2
223
188
-68
-252
-91
182
209
-8
-201
-143
94
186
44
-119
-113
9
94
54
-52
-80
-12
41
50
-5
-46
-76
-53
45
80
-10
-86
-89
16
107
53
-65
-122
-15
88
86
-49
-118
-11
107
66
-25
-64
-10
27
64
18
-64
-52
12
74
73
-29
-95
-37
10
59
51
-22
-65
-58
19
68
83
-7
-133
-149
-15
189
182
-85
-289
-143
171
273
-1
-281
-187
127
247
63
-218
-212
50
227
110
-133
-174
8
138
84
-63
-105
2
90
58
-35
-39
2
23
9
11
44
25
-28
-55
29
123
52
-97
-120
22
123
87
-61
-133
-31
130
115
-91
-160
-21
147
81
-95
-143
11
145
82
-90
-143
4
114
69
-25
-47
-3
15
-23
-11
70
96
-43
-174
-64
190
234
-36
-262
-135
166
256
43
-188
-174
63
221
131
-108
-198
-34
176
169
-64
-214
-63
164
177
-71
-161
-42
93
73
-34
-60
0
9
-2
-2
32
-22
-85
-51
41
65
-4
-95
-73
18
93
43
-64
-91
-20
75
83
-16
-117
-47
77
111
3
-89
-55
51
84
6
-76
-55
24
69
43
-32
-33
-11
-28
-4
71
73
-66
-130
-52
92
144
19
-185
-168
64
203
93
-140
-221
-54
172
213
-55
-275
-164
145
270
45
-254
-204
112
270
58
-203
-189
67
188
39
-94
-81
23
79
34
-1
-18
-39
-28
21
90
82
-48
-95
-15
110
116
-26
-112
-64
80
111
17
-82
-76
15
90
48
-75
-92
24
70
20
-58
-48
35
44
-18
-22
8
-2
-24
-6
39
57
18
-86
-101
41
170
89
-105
-211
-48
252
228
-68
-281
-137
183
267
56
-204
-195
52
253
121
-142
-199
7
183
100
-99
-130
3
102
58
-40
-46
12
11
-30
-15
17
23
-41
-76
50
101
-6
-120
-123
36
139
63
-123
-157
7
135
87
-57
-150
-52
70
115
17
-122
-85
62
128
23
-98
-66
60
65
0
-35
-1
-3
-15
22
56
11
-82
-81
34
121
69
-89
-120
-35
100
135
-4
-194
-159
56
191
67
-97
-166
-60
80
115
44
-84
-135
-34
105
107
-48
-131
-44
80
112
-16
-111
-41
66
45
16
-6
-42
-23
51
39
9
-41
-26
25
44
52
-12
-44
0
67
55
-3
-59
-29
15
75
42
-20
-70
-25
58
54
-5
-73
-39
18
67
-10
-60
-51
23
71
41
-53
-80
-31
56
107
25
-72
-89
-7
77
90
28
-73
-108
-10
149
152
-17
-165
-143
58
204
144
-90
-204
-47
179
166
-47
-178
-78
144
170
-9
-183
-82
83
129
19
-71
-49
-6
19
36
10
-33
-74
-10
61
34
-26
-59
-65
-8
73
36
-60
-91
-36
58
83
6
-104
-81
31
88
35
-52
-65
-5
100
66
-77
-111
28
121
84
-64
-139
-46
102
136
-4
-107
-97
7
70
56
16
-40
-90
-39
64
103
28
-120
-165
-12
166
158
-51
-236
-162
97
236
70
-200
-235
44
255
129
-180
-251
11
231
150
-113
-214
-14
163
82
-70
-72
-1
56
18
-7
2
-15
-10
6
51
61
14
-67
-59
76
131
29
-84
-123
-5
129
103
-18
-107
-62
73
91
2
-94
-86
46
119
-1
-121
-70
76
102
-2
-96
-79
25
96
39
-17
-17
-10
-25
-14
68
84
-29
-124
-66
112
220
47
-189
-222
41
293
186
-156
-279
-23
279
209
-107
-269
-45
223
173
-77
-221
-60
169
130
-46
-117
-16
40
-4
-7
14
25
-30
-100
7
110
52
-86
-150
-42
141
129
-95
-210
-51
170
141
-61
-194
-65
122
130
-30
-145
-50
105
121
-8
-128
-69
84
130
-24
-130
-10
84
27
-48
-15
74
28
-113
-109
59
176
62
-147
-207
9
260
174
-205
-353
-19
305
233
-114
-317
-140
165
243
10
-216
-164
66
183
82
-125
-160
10
139
78
-76
-118
6
98
36
-53
-30
31
17
-8
-7
37
-1
-33
8
47
61
25
-78
-68
53
139
62
-98
-131
7
171
101
-117
-150
24
150
41
-111
-104
55
102
0
-82
-78
38
98
-2
-59
-28
20
9
-44
-5
80
73
-54
-142
-26
171
154
-72
-230
-104
190
260
22
-250
-199
96
287
147
-162
-261
6
235
172
-78
-191
-73
97
181
32
-129
-109
17
99
58
-27
-56
-45
13
59
19
-38
-76
-18
58
79
-20
-112
-78
30
100
43
-96
-136
-11
133
82
-89
-137
-12
106
66
-36
-83
-5
77
60
-40
-47
6
28
14
20
19
-15
-47
-23
65
81
-12
-104
-97
55
130
66
-99
-154
-26
101
134
38
-151
-171
-9
172
134
-60
-210
-121
87
194
62
-156
-207
-4
223
137
-121
-216
-41
164
125
-47
-135
-64
65
83
43
-48
-84
4
54
49
8
-50
-38
33
65
59
1
-62
-26
62
71
-6
-52
-25
28
45
20
-26
-32
-10
25
47
-11
-64
-51
59
53
-21
-70
-17
29
47
14
-20
-68
-63
51
103
41
-58
-79
-16
32
86
71
-45
-106
-68
99
182
36
-138
-141
14
181
179
-28
-219
-142
130
261
77
-230
-199
107
243
80
-171
-153
44
142
55
-82
-81
-2
50
37
-2
-42
-51
24
74
33
-58
-90
-27
49
35
-17
-54
-45
-19
25
53
12
-47
-55
-17
51
71
-18
-134
-27
138
107
-54
-128
-25
125
82
-60
-111
-4
93
65
-35
-29
-30
-28
1
43
52
2
-49
-85
-38
74
149
-23
-214
-132
125
221
26
-220
-198
47
217
106
-167
-206
-14
194
145
-109
-208
-60
160
155
-58
-154
-35
92
67
-37
-59
-2
53
61
-20
-55
-6
48
13
-30
28
65
-15
-49
-23
61
98
-12
-96
-48
73
103
-3
-83
-42
59
76
-13
-81
-47
57
66
-15
-97
-29
90
49
-54
-66
6
56
18
-21
7
33
13
-59
-53
72
117
11
-126
-102
60
228
103
-162
-243
6
262
208
-89
-237
-101
169
224
10
-188
-132
104
193
29
-145
-131
44
152
41
-99
-76
28
58
-11
-40
-16
16
3
-17
2
35
-10
-94
-69
51
117
-18
-149
-102
73
146
0
-142
-97
54
126
40
-115
-123
55
158
58
-120
-119
41
144
60
-115
-107
33
99
30
-44
-26
0
-10
-41
5
108
43
-123
-147
14
178
141
-131
-251
-75
200
213
-45
-272
-174
127
264
49
-212
-233
19
240
148
-136
-231
-36
172
165
-43
-190
-79
134
100
-35
-52
2
9
-17
10
70
16
-73
-57
60
141
57
-107
-130
53
170
70
-75
-119
-21
130
119
-30
-125
-67
85
112
-20
-121
-35
54
57
3
-60
-51
32
61
14
-45
-35
27
0
-20
41
75
-9
-117
-69
89
160
21
-140
-144
67
217
117
-115
-217
-24
196
184
-34
-188
-68
105
182
38
-161
-140
64
170
77
-124
-148
26
150
52
-103
-63
34
20
-10
11
16
-56
-56
20
63
21
-59
-101
-27
86
77
-59
-130
-37
82
82
-25
-92
-48
39
54
11
-34
-39
-2
46
30
-20
-40
2
50
33
-10
-36
-19
12
38
41
-6
-53
-59
-14
58
63
-11
-81
-76
34
106
75
-69
-159
-68
82
153
50
-141
-186
-2
176
140
-112
-225
-73
172
168
-36
-179
-98
89
137
7
-104
-93
21
101
46
-34
-63
-11
67
70
-7
-76
-43
44
68
55
-6
-71
-46
75
127
24
-112
-79
56
128
17
-84
-41
30
36
16
-16
-44
-18
10
5
8
-1
-19
-16
2
32
28
-37
-66
-20
51
92
42
-72
-114
-3
120
111
-12
-152
-116
77
227
112
-160
-210
-8
210
194
-29
-197
-126
104
211
67
-129
-148
5
154
116
-66
-169
-57
132
146
-44
-139
-60
65
110
8
-80
-64
8
61
21
-45
-39
-16
-15
21
37
-10
-82
-69
13
73
69
-53
-120
-49
86
124
-6
-150
-64
128
141
-44
-155
-57
122
149
-31
-114
-85
45
127
43
-61
-94
-29
58
25
23
11
-49
-92
-39
118
155
-46
-227
-155
123
242
58
-213
-227
17
203
132
-84
-212
-96
138
187
-19
-222
-115
159
182
-16
-194
-119
104
139
-15
-85
-18
45
47
-10
-42
0
56
31
-40
-28
70
64
-41
-94
19
132
81
-98
-147
37
165
79
-90
-148
1
138
69
-114
-117
30
136
45
-111
-110
52
122
9
-68
-52
0
18
14
37
53
5
-89
-78
67
147
33
-127
-158
28
235
168
-117
-279
-71
247
302
-13
-298
-177
148
282
91
-209
-224
60
245
112
-139
-216
12
190
97
-95
-110
5
45
24
-27
-13
13
-19
-43
14
71
12
-117
-135
43
156
62
-145
-175
18
177
116
-137
-204
9
170
103
-95
-140
14
133
63
-82
-77
19
70
28
-19
-30
-4
6
-19
19
51
3
-73
-68
42
112
35
-110
-106
6
94
103
-22
-158
-134
40
179
89
-116
-207
-79
150
190
-35
-207
-130
92
200
32
-167
-152
50
175
69
-116
-135
31
109
29
-48
-24
-2
27
12
0
16
5
-36
-16
65
71
1
-77
-20
93
93
-7
-94
-59
56
136
11
-115
-61
61
96
-1
-86
-59
35
69
0
-67
-56
26
81
36
-42
-48
-16
6
34
13
-6
4
0
-41
-10
96
70
-62
-142
-8
175
161
-58
-221
-98
167
228
26
-176
-168
65
231
100
-147
-167
14
155
110
-58
-137
-46
87
105
-9
-73
-59
-25
49
69
3
-66
-89
6
99
74
-66
-163
-63
122
144
-55
-187
-75
91
120
-16
-121
-79
64
80
21
-58
-62
-5
68
50
-21
-64
-13
59
64
-24
-31
-9
-7
14
53
41
-36
-100
-50
60
106
14
-104
-101
4
131
110
-45
-169
-135
68
205
80
-164
-222
-24
185
142
-54
-191
-133
98
196
51
-154
-181
12
200
156
-111
-232
-42
163
145
-28
-140
-52
97
84
1
-53
-31
4
32
63
65
-31
-95
-13
111
100
-40
-95
-41
62
118
25
-82
-98
23
124
47
-91
-103
21
78
26
-35
-75
-3
59
36
-13
-46
-29
-3
9
56
53
-5
-85
-69
47
139
63
-86
-148
-14
154
150
-7
-156
-141
57
221
153
-93
-236
-55
203
226
-53
-240
-100
170
204
-26
-209
-115
119
165
3
-109
-73
12
66
28
-31
-31
-31
1
45
31
-31
-80
-42
38
60
-9
-110
-83
44
91
12
-56
-55
-12
28
47
11
-70
-41
65
82
-1
-82
-38
47
82
-6
-70
-34
20
48
40
-25
-39
-16
10
9
27
16
-20
-66
-34
32
104
26
-122
-156
16
159
115
-85
-198
-107
129
213
-6
-237
-172
122
225
12
-194
-154
76
181
62
-121
-123
1
86
50
-7
-49
-37
23
82
17
-57
-49
20
62
59
12
-70
-52
36
83
96
-20
-111
-34
58
96
34
-66
-96
-21
106
106
-72
-155
-35
138
107
-79
-144
-9
105
93
-46
-88
-36
20
53
20
18
10
-56
-94
35
142
89
-88
-177
-35
162
221
-15
-253
-144
141
277
105
-193
-233
34
265
155
-143
-228
-5
204
144
-83
-178
-54
123
157
-17
-130
-62
39
75
18
-52
-52
-39
23
62
58
-49
-113
-64
37
90
29
-87
-123
-12
103
104
-29
-146
-98
88
157
22
-120
-117
52
141
49
-98
-97
51
105
25
-77
-75
-4
73
64
3
-48
-68
-38
32
93
57
-51
-134
-67
82
172
50
-181
-245
27
277
154
-165
-289
-72
216
225
-50
-281
-159
166
249
-17
-225
-153
115
208
19
-149
-116
63
113
-22
-58
13
35
3
-33
28
35
-9
-43
-16
80
86
-9
-93
-55
76
128
21
-90
-93
36
126
41
-70
-97
10
89
45
-34
-95
-15
67
27
-32
-61
13
57
16
-37
-45
13
24
-24
1
58
72
-49
-151
-32
180
158
-61
-223
-80
190
241
-16
-243
-142
130
223
80
-125
-166
-5
154
136
-34
-142
-71
85
127
34
-119
-109
41
109
47
-55
-58
-6
4
8
23
15
-45
-58
19
51
16
-65
-96
-1
78
59
-66
-123
-27
79
102
-9
-132
-89
53
144
27
-140
-86
101
127
-24
-112
-21
90
75
-34
-80
3
34
7
-10
30
19
-60
-69
26
77
50
-41
-129
-49
107
111
-11
-150
-111
53
130
69
-70
-168
-68
73
128
37
-122
-154
11
179
86
-141
-159
37
167
72
-107
-152
5
141
79
-93
-77
47
84
-5
-76
5
63
-15
-36
28
78
13
-48
-35
16
109
57
-75
-80
18
84
48
-41
-56
-12
41
45
-29
-43
-18
18
20
2
-20
-31
0
32
30
-24
-56
-50
27
95
50
-35
-67
-38
38
95
61
-87
-115
10
131
123
-30
-135
-69
53
136
124
-31
-162
-93
133
228
1
-232
-124
155
209
-3
-185
-152
85
211
30
-122
-97
5
62
37
6
-47
-57
10
46
43
-23
-86
-58
8
83
46
-83
-137
-23
117
99
-41
-135
-62
61
105
30
-90
-71
29
79
51
-26
-109
-13
128
86
-90
-124
-8
124
82
-48
-83
-24
9
1
23
54
1
-85
-78
9
125
93
-95
-197
-64
148
179
1
-187
-197
15
226
139
-135
-285
-46
239
211
-116
-274
-79
212
181
-58
-208
-70
130
107
-28
-88
2
56
3
-11
-1
16
33
-23
1
61
53
-36
-88
18
128
71
-91
-102
36
115
50
-61
-84
-21
80
88
-16
-138
-57
97
111
-35
-147
-78
121
142
-12
-126
-96
55
115
8
-63
1
48
-25
-66
50
143
28
-138
-143
73
232
122
-158
-232
24
253
164
-89
-220
-66
196
227
-40
-238
-109
140
207
11
-183
-127
92
173
15
-118
-51
50
22
-20
-38
3
34
-6
-33
-11
46
5
-100
-66
35
100
18
-135
-105
39
142
49
-139
-142
40
154
63
-133
-127
61
161
21
-139
-78
91
102
-10
-86
-24
67
18
-41
0
53
6
-87
-84
73
156
1
-176
-147
92
221
69
-191
-263
-4
249
179
-98
-270
-117
170
193
-34
-194
-129
66
176
79
-152
-186
13
202
119
-115
-170
-9
118
56
-24
-46
-36
32
49
24
2
-32
-49
2
73
95
8
-92
-67
70
155
39
-121
-99
73
157
-1
-111
-61
45
86
6
-65
-40
34
40
0
-44
-47
21
49
16
-18
-16
-3
-21
-37
56
95
9
-94
-90
23
121
92
-54
-146
-53
120
175
43
-127
-150
6
193
144
-56
-150
-84
100
185
47
-140
-176
38
218
109
-139
-196
3
175
105
-72
-114
-40
42
50
31
-6
-90
-58
64
108
-11
-134
-108
45
124
61
-105
-156
-33
130
89
-77
-138
7
108
38
-70
-67
39
52
13
-12
-3
19
-5
-34
21
39
18
-56
-50
39
109
31
-103
-140
11
157
102
-72
-157
-67
102
165
28
-153
-189
-8
173
132
-49
-183
-122
64
150
71
-127
-162
-14
125
117
-40
-151
-66
78
155
28
-159
-117
65
149
27
-107
-75
57
77
22
-44
-26
-9
7
58
85
-6
-72
-31
55
88
34
-56
-64
-6
65
64
-9
-67
-50
23
83
15
-77
-54
42
55
-3
-40
-40
-7
15
42
34
-45
-73
-10
56
81
10
-61
-92
-8
96
119
-11
-153
-95
99
190
85
-129
-188
-5
166
187
2
-192
-146
88
244
108
-170
-228
22
249
136
-164
-203
35
196
61
-125
-80
52
46
-15
-48
4
40
-6
-53
-25
34
29
-61
-65
-4
66
45
-74
-98
-4
81
77
-68
-123
-31
101
112
-25
-128
-37
114
86
-37
-93
-3
86
57
-53
-78
-1
53
47
10
-23
-35
-54
-21
63
93
0
-126
-95
63
120
39
-89
-149
-50
99
154
13
-165
-189
9
196
136
-110
-234
-78
195
195
-78
-230
-76
147
159
-13
-172
-111
78
155
13
-100
-81
44
93
8
-32
-21
15
16
18
35
21
-10
-29
-1
60
73
-10
-106
-66
90
154
10
-140
-105
84
150
-7
-145
-60
76
97
-22
-121
-44
80
82
-23
-69
-46
17
34
24
40
13
-37
-68
-26
80
144
-4
-168
-129
110
247
99
-156
-227
-24
215
200
-22
-189
-136
100
237
87
-168
-202
41
211
112
-109
-197
-5
167
96
-70
-117
5
58
13
-12
-2
-9
-20
-25
35
50
-17
-125
-88
84
171
-11
-206
-124
102
167
-11
-174
-77
95
111
0
-94
-74
29
96
49
-84
-73
36
103
17
-79
-56
35
49
0
-20
42
2
-78
-78
53
150
36
-135
-138
1
154
145
-83
-252
-111
168
206
7
-189
-186
-3
178
132
-76
-197
-96
131
172
-11
-164
-122
57
170
78
-127
-140
18
110
55
-32
-47
-22
6
29
73
13
-59
-77
16
144
77
-69
-124
22
153
78
-86
-100
4
119
81
-47
-102
-45
72
97
4
-103
-65
61
66
-36
-61
8
64
4
-62
-19
41
12
-57
-31
98
96
-31
-141
-63
121
170
-14
-190
-123
117
231
68
-145
-175
0
158
162
17
-155
-131
65
205
104
-117
-206
-26
176
158
-56
-167
-85
110
129
3
-94
-76
0
62
54
-19
-70
-57
49
81
-13
-110
-86
24
75
37
-64
-97
-23
60
61
-6
-68
-75
5
73
53
-28
-71
-12
56
64
-13
-52
-27
36
63
9
-41
-44
-12
40
72
9
-59
-89
-36
85
108
-18
-113
-44
47
49
36
-2
-106
-105
19
146
92
-90
-189
-78
150
197
-44
-262
-144
172
249
-10
-248
-168
110
247
50
-191
-157
86
169
16
-117
-77
56
100
28
-59
-65
16
71
34
-7
5
7
-16
6
59
58
-21
-84
-38
78
96
-7
-90
-51
49
97
11
-88
-64
19
87
13
-48
-35
10
16
12
5
-10
-61
-26
57
86
35
-79
-95
0
96
104
-23
-110
-92
38
173
116
-59
-181
-97
139
250
41
-200
-181
79
231
113
-154
-219
24
239
143
-147
-256
6
252
140
-149
-193
17
155
46
-79
-81
12
28
15
-5
-13
-7
-46
-58
28
70
7
-100
-84
33
96
61
-59
-114
-52
74
108
-8
-125
-58
107
117
-35
-109
-33
81
97
-7
-84
-41
32
40
13
2
4
-38
-82
-8
125
84
-78
-162
-45
134
150
-17
-204
-182
85
242
94
-166
-228
-35
174
167
-40
-225
-135
133
225
-12
-238
-113
117
189
7
-166
-126
95
128
-27
-82
-6
55
21
-41
-19
54
47
-30
-69
20
103
47
-63
-81
75
120
29
-102
-117
44
169
47
-100
-128
39
118
20
-91
-69
39
62
4
-34
-43
-18
49
39
-24
-36
-27
-2
29
56
33
-3
-82
-90
54
143
85
-95
-189
-19
212
211
-60
-236
-126
138
280
85
-209
-223
61
262
143
-134
-216
-19
187
148
-72
-190
-54
113
119
-15
-71
-13
-6
12
18
10
-2
-26
-52
14
58
7
-96
-105
35
139
54
-143
-174
53
180
56
-134
-147
31
135
66
-77
-110
4
86
67
-40
-60
12
63
19
-39
-45
15
18
4
22
25
-11
-46
-69
-1
107
80
-50
-152
-68
114
175
-15
-226
-173
116
235
54
-187
-212
-1
200
136
-89
-211
-109
129
200
-23
-216
-88
115
168
9
-152
-112
53
113
25
-61
-41
22
44
16
-20
1
19
-9
-22
35
87
-2
-85
-26
107
116
-30
-139
-44
118
132
-29
-124
-58
64
110
21
-93
-106
13
105
58
-48
-95
-32
54
72
22
-46
-98
-42
77
113
43
-83
-118
0
99
106
-22
-87
-91
28
163
109
-71
-153
-73
107
188
66
-114
-164
-8
167
149
-27
-175
-123
120
204
33
-175
-163
75
187
51
-92
-104
-28
60
81
5
-80
-93
1
113
68
-77
-139
-42
78
95
4
-132
-93
28
100
36
-78
-91
13
91
35
-61
-75
5
86
40
-27
-39
0
29
39
17
-14
-53
-34
35
65
42
-38
-101
-42
58
108
31
-91
-125
-21
126
114
-43
-154
-107
63
145
59
-85
-153
-93
64
167
72
-144
-202
-15
214
127
-120
-225
-28
194
165
-86
-208
-42
175
100
-63
-109
-12
82
24
-20
-36
12
32
-9
22
49
33
-51
-48
49
90
28
-70
-81
42
86
43
-26
-56
-8
27
20
-3
-28
-22
3
26
-8
-48
-28
39
55
22
-47
-56
-10
28
50
32
-6
-58
-63
46
102
37
-57
-90
-16
75
128
31
-108
-135
29
186
143
-73
-194
-56
157
196
-30
-199
-99
135
188
-5
-190
-96
128
164
-21
-141
-50
47
74
15
-62
-50
-12
37
35
-6
-25
-67
-43
41
52
1
-88
-62
11
56
25
-36
-49
-14
17
46
2
-35
-24
19
55
20
-73
-19
66
45
-29
-61
9
29
10
6
1
-17
-33
-20
41
39
-17
-36
-42
-25
9
89
61
-104
-183
-48
180
190
-84
-268
-116
194
208
-58
-219
-130
107
200
20
-199
-146
93
199
42
-171
-139
71
161
5
-137
-43
76
79
-18
-53
-10
36
11
-32
31
91
27
-62
-59
48
126
41
-114
-109
50
158
36
-85
-113
-2
137
72
-103
-124
19
116
33
-74
-73
30
58
-1
-30
23
19
-37
-51
26
89
46
-69
-116
2
146
118
-73
-188
-53
175
207
-14
-198
-145
93
227
105
-126
-191
-8
218
160
-100
-196
-38
168
168
-49
-182
-78
125
141
-21
-128
-33
59
30
-36
-8
32
-10
-57
-18
53
42
-67
-113
-19
122
83
-107
-175
-32
148
128
-58
-174
-70
109
137
-15
-129
-79
81
121
-4
-113
-51
83
99
-29
-106
-11
69
14
-53
10
93
4
-142
-90
106
165
-30
-203
-135
130
247
22
-235
-205
69
205
81
-106
-172
-65
65
141
42
-117
-178
26
175
60
-119
-132
14
119
50
-55
-76
5
33
13
15
4
24
-14
-43
23
56
18
-67
-55
84
133
18
-120
-87
91
147
27
-117
-100
72
114
20
-70
-65
30
58
16
-45
-66
-12
69
42
-39
-56
-5
39
25
-4
-6
-13
-37
-2
48
72
10
-87
-117
41
177
73
-99
-151
-29
144
174
-8
-183
-109
92
183
96
-89
-163
-24
129
152
-3
-157
-95
91
147
27
-103
-94
18
99
60
-47
-64
-30
23
40
14
-8
-57
-45
55
54
-8
-107
-63
26
59
42
-55
-107
-19
81
65
-45
-113
-32
34
63
43
-45
-73
5
85
44
-41
-39
6
33
21
3
-34
-28
3
48
38
-1
-77
-85
42
139
47
-104
-129
-16
92
101
14
-101
-133
-18
101
119
-16
-150
-121
12
151
109
-88
-196
-66
160
169
-76
-191
-66
133
147
-15
-131
-84
60
87
20
-33
-39
-7
10
27
36
-9
-53
-23
69
102
12
-81
-54
62
114
21
-97
-80
52
117
19
-67
-49
0
52
35
-10
-47
-40
11
42
46
-50
-95
-3
90
58
-32
-74
-46
56
86
13
-39
-53
-10
19
35
74
9
-87
-93
60
176
80
-123
-178
-14
188
196
-36
-250
-126
192
284
38
-283
-212
149
290
51
-236
-187
110
215
33
-149
-88
45
79
15
-54
-57
2
37
14
-20
-10
-6
-57
-63
49
114
-4
-166
-138
97
199
8
-208
-137
98
203
22
-169
-110
61
173
63
-109
-127
20
129
62
-64
-97
-4
69
52
-16
-41
-1
-3
-41
-15
73
55
-69
-121
0
148
124
-97
-221
-80
157
198
-4
-244
-195
93
228
99
-188
-245
0
227
130
-111
-208
-24
174
135
-82
-189
-34
142
85
-48
-76
0
72
32
-51
-47
26
42
9
0
25
38
12
-39
-32
40
78
12
-78
-41
39
110
53
-105
-115
52
144
14
-146
-89
84
118
-19
-130
-47
106
85
-37
-79
-31
42
30
-16
21
28
6
-60
-91
69
151
56
-128
-203
37
275
182
-155
-296
-48
264
254
-42
-269
-135
197
250
-11
-250
-98
146
199
-2
-172
-98
78
152
39
-130
-91
45
65
-8
-45
7
29
-10
-22
1
28
-23
-77
-51
69
81
-37
-140
-60
95
131
-26
-163
-68
83
111
-10
-121
-39
84
82
-23
-91
-35
87
67
-26
-78
17
53
-14
-33
12
64
15
-89
-90
43
134
40
-133
-147
55
167
69
-131
-192
-8
131
146
-50
-172
-96
74
125
5
-117
-93
21
97
52
-59
-84
-21
68
71
-14
-87
-52
36
63
9
-7
-18
0
10
-19
8
26
-8
-17
30
72
41
-44
-86
27
153
76
-97
-121
15
113
68
-29
-86
-37
59
76
-3
-78
-69
16
71
26
-28
-33
-8
12
29
35
-16
-69
-36
39
95
53
-62
-136
-18
147
147
-45
-207
-77
158
211
16
-163
-134
21
148
146
31
-157
-156
81
236
95
-176
-205
43
206
106
-108
-202
12
163
93
-63
-117
-16
67
43
-44
-66
-4
31
8
-24
-11
-18
-39
-19
44
61
-38
-135
-48
72
77
1
-92
-42
18
44
5
-15
-11
-31
45
54
-5
-32
-54
-9
90
66
-33
-88
-67
58
118
38
-103
-125
4
129
83
-71
-106
-23
25
75
57
-56
-152
-86
94
172
49
-150
-193
-32
162
157
-51
-206
-101
116
177
25
-179
-144
87
182
45
-143
-144
45
117
47
-31
-57
2
63
15
-44
-25
30
29
-5
30
56
7
-38
-25
53
80
23
-96
-57
60
110
11
-95
-81
63
120
11
-139
-92
77
120
-6
-109
-75
56
101
-4
-62
-57
-8
54
43
7
-17
-20
-27
1
45
49
16
-58
-73
20
140
100
-89
-183
-16
164
162
-14
-156
-89
82
185
48
-119
-112
16
130
69
-66
-115
-29
112
95
-54
-108
-17
55
42
-31
-41
5
24
-3
-23
4
7
-43
-83
-6
102
58
-122
-149
21
168
62
-130
-131
2
113
103
-27
-123
-42
70
98
2
-96
-41
69
81
-6
-100
-21
60
61
-9
-26
-13
-22
-34
-3
75
66
-49
-143
-43
149
150
-78
-222
-89
154
171
-2
-169
-160
8
162
129
-96
-223
-81
192
198
-57
-230
-114
158
205
-45
-177
-96
71
117
5
-58
-56
43
68
-16
-19
2
-7
-23
17
97
38
-78
-86
38
150
87
-97
-145
-1
157
101
-48
-117
-46
77
114
-27
-140
-65
106
109
-51
-135
-37
98
82
-26
-75
-32
35
30
-22
-4
58
36
-87
-93
60
166
51
-140
-159
39
231
130
-124
-204
-42
192
203
-22
-207
-121
158
200
19
-163
-124
60
138
76
-52
-121
-62
72
129
7
-83
-56
-9
33
21
29
-7
-74
-55
38
101
12
-144
-112
76
152
-5
-163
-106
68
143
11
-133
-84
41
110
38
-74
-88
-13
99
90
-49
-74
-23
57
63
-11
-54
-15
22
22
24
19
-16
-73
-57
54
115
27
-91
-117
-11
124
85
-47
-148
-81
68
124
51
-88
-167
-50
127
120
-39
-161
-81
80
134
2
-125
-92
43
126
46
-90
-102
17
81
25
-4
-11
-28
-21
15
58
29
-46
-72
40
128
35
-65
-87
54
123
25
-77
-66
18
106
38
-71
-37
32
38
-1
-36
-15
24
14
-18
-30
-1
12
-10
-15
25
48
4
-79
-68
43
99
42
-61
-96
-15
92
82
-8
-86
-61
23
121
100
-35
-121
-71
68
162
61
-116
-144
21
173
114
-83
-151
-29
153
130
-70
-146
-51
88
123
7
-112
-73
37
75
18
-51
-67
-2
51
28
-27
-47
-15
6
-3
-5
-1
-25
-70
-12
63
45
-52
-86
2
48
49
5
-59
-41
38
75
14
-71
-51
45
98
4
-79
-38
37
60
1
-17
-14
-25
-20
3
47
53
-31
-104
-49
70
143
18
-159
-178
19
203
122
-113
-227
-74
141
194
-20
-201
-161
111
203
19
-194
-144
98
181
16
-134
-124
76
138
-3
-108
-41
55
82
-26
-61
6
62
26
-25
-5
27
30
-9
-34
24
90
50
-91
-85
52
114
46
-67
-77
-19
60
69
-13
-97
-55
40
91
11
-81
-61
57
65