#4
626
-755
-1004
344
1081
130
-1084
-666
734
963
-299
-1140
-285
950
722
-604
-1031
40
970
411
-764
-806
310
891
85
-851
-493
571
685
-250
-833
-195
745
520
-558
-776
135
816
245
-714
-629
389
818
-2
-880
-424
724
706
-416
-919
-51
866
500
-628
-858
212
956
189
-838
-546
531
792
-169
-885
-238
756
561
-455
-759
102
786
282
-682
-573
412
767
-59
-805
-344
622
643
-311
-815
-111
748
448
-524
-679
168
730
176
-660
-496
438
672
-169
-719
-172
632
444
-444
-669
114
731
244
-646
-580
352
737
-1
-751
-376
556
664
-258
-795
-165
721
504
-486
-751
124
797
254
-704
-606
370
761
15
-747
-399
538
648
-253
-784
-109
683
399
-470
-667
143
697
157
-671
-521
384
689
-81
-778
-352
582
656
-294
-874
-106
775
441
-568
-727
165
778
206
-724
-566
464
776
-134
-887
-295
715
636
-407
-857
-16
811
425
-617
-767
218
864
220
-789
-617
477
824
-90
-854
-308
665
603
-366
-819
0
782
346
-597
-637
268
728
59
-724
-440
495
651
-196
-746
-179
623
482
-399
-690
47
749
274
-642
-556
377
724
-9
-699
-354
530
614
-244
-718
-74
685
394
-510
-615
249
737
92
-710
-409
526
688
-180
-772
-222
706
591
-455
-792
61
823
369
-612
-667
275
786
96
-710
-408
479
615
-137
-640
-164
558
392
-416
-574
166
617
103
-549
-410
346
627
-73
-674
-254
549
532
-326
-687
12
681
302
-525
-555
242
686
87
-682
-419
456
642
-137
-709
-212
574
461
-353
-613
39
598
226
-546
-494
303
602
-20
-651
-302
473
548
-225
-682
-131
618
416
-426
-612
85
604
230
-515
-523
228
581
29
-592
-310
409
478
-194
-616
-108
561
370
-412
-595
118
657
180
-596
-497
366
686
-29
-718
-338
564
577
-264
-710
-80
659
366
-501
-605
206
670
139
-618
-444
385
600
-117
-624
-223
519
469
-284
-637
15
662
267
-509
-493
266
605
57
-604
-318
464
543
-165
-617
-161
554
423
-321
-595
42
616
275
-459
-496
201
595
90
-530
-341
384
529
-119
-621
-152
572
417
-359
-602
55
631
269
-476
-497
240
625
57
-573
-334
390
540
-129
-584
-126
485
323
-298
-440
76
474
190
-403
-371
232
479
-27
-476
-210
371
422
-170
-526
-74
479
300
-352
-453
128
487
72
-450
-274
301
410
-124
-465
-113
402
272
-268
-424
39
444
157
-426
-356
273
446
-133
-522
-113
420
297
-262
-466
-18
493
252
-392
-468
140
499
98
-442
-318
244
390
-75
-404
-98
328
229
-240
-347
79
393
101
-352
-275
239
391
-94
-476
-159
435
370
-249
-528
-27
524
289
-363
-496
98
536
145
-457
-374
255
495
-4
-526
-274
400
448
-188
-571
-65
543
333
-387
-505
138
532
131
-438
-355
287
499
-88
-528
-137
473
372
-278
-486
47
494
246
-325
-390
153
470
117
-373
-294
225
413
0
-402
-173
330
321
-185
-396
27
423
163
-348
-333
180
439
33
-448
-229
362
406
-161
-473
-128
406
379
-207
-478
-40
486
233
-360
-385
177
457
4
-458
-180
340
330
-165
-376
-53
375
236
-287
-365
119
406
77
-362
-250
214
384
-15
-399
-173
338
356
-172
-439
-48
412
284
-291
-490
44
480
179
-410
-403
210
460
-8
-460
-251
322
401
-161
-498
-47
436
241
-338
-439
117
483
103
-484
-352
278
489
-52
-504
-199
385
326
-209
-402
15
345
149
-292
-272
181
305
-44
-331
-111
306
235
-223
-318
74
383
114
-340
-280
219
359
-22
-363
-194
251
351
-119
-434
-79
380
221
-222
-340
5
375
199
-326
-362
166
406
57
-367
-240
241
358
-66
-358
-83
326
222
-209
-332
63
392
134
-313
-245
184
355
-1
-330
-176
249
317
-83
-347
-65
300
219
-169
-281
67
331
82
-267
-220
198
334
-41
-314
-119
251
290
-97
-376
-84
396
297
-298
-451
76
485
179
-368
-392
167
489
56
-446
-246
315
398
-110
-433
-109
367
267
-222
-368
58
420
156
-377
-333
207
427
-10
-432
-162
329
261
-212
-359
51
358
124
-314
-261
130
305
63
-297
-237
203
318
-91
-339
-68
264
187
-146
-272
-17
287
143
-282
-273
130
296
2
-323
-179
222
274
-83
-327
-78
256
207
-181
-305
32
298
73
-236
-153
121
172
-69
-164
26
169
19
-155
-113
96
160
-27
-183
-89
139
146
-64
-209
-58
203
165
-178
-244
39
260
109
-193
-243
111
318
18
-260
-154
156
259
-3
-241
-144
174
234
-85
-269
-13
279
133
-175
-228
86
298
70
-250
-189
176
277
-36
-264
-88
260
186
-138
-238
33
251
112
-170
-200
98
238
-8
-203
-68
162
163
-95
-236
-7
299
119
-228
-240
122
329
91
-286
-254
160
371
49
-373
-239
285
391
-102
-389
-108
333
271
-187
-362
13
371
198
-308
-323
149
394
37
-356
-222
229
352
-95
-373
-78
294
222
-207
-336
46
342
57
-302
-201
171
274
-66
-294
-68
207
136
-145
-238
-7
199
119
-158
-214
40
197
8
-182
-97
110
151
-71
-207
-57
203
169
-122
-258
-23
234
136
-178
-212
60
233
64
-224
-191
131
225
7
-200
-96
119
141
-65
-146
26
152
-1
-164
-45
127
87
-58
-121
-8
165
57
-169
-146
112
171
-29
-157
-74
108
120
-37
-146
-67
112
148
-7
-181
-89
131
191
-9
-169
-57
173
160
-77
-203
38
233
72
-156
-122
120
192
-42
-210
-31
208
152
-110
-228
3
246
140
-158
-174
62
227
-1
-196
-82
180
152
-132
-182
104
205
-19
-203
-80
189
178
-133
-254
37
259
94
-219
-195
90
208
58
-184
-143
113
181
-39
-169
-50
145
129
-78
-158
-4
174
102
-133
-141
31
169
59
-135
-127
41
141
12
-162
-72
162
92
-137
-145
52
128
38
-112
-144
25
153
22
-172
-90
103
110
-41
-113
-10
88
4
-77
-42
29
47
-11
-103
-51
83
69
-69
-118
-34
89
56
-21
-115
-67
107
135
-26
-177
-64
112
129
-26
-144
-44
118
103
-61
-146
-5
127
62
-122
-109
65
155
-1
-168
-52
117
92
-56
-145
2
168
65
-142
-123
102
167
-40
-171
-61
168
149
-72
-172
-41
176
132
-118
-152
57
171
26
-135
-64
103
132
-11
-116
-42
110
46
-72
-46
63
105
0
-90
-42
77
130
-8
-122
-37
94
54
-39
-48
-12
63
44
-63
-41
78
61
-73
-58
64
127
5
-164
-64
145
130
-63
-173
-18
165
144
-92
-188
18
206
102
-165
-191
65
213
66
-178
-135
114
163
-37
-172
-74
117
130
-20
-158
-55
115
109
-70
-144
2
100
53
-59
-118
-16
112
74
-120
-168
67
164
9
-184
-114
95
180
-25
-229
-56
182
130
-149
-218
43
249
39
-266
-152
215
228
-92
-286
-76
226
198
-120
-280
-28
252
166
-183
-277
19
281
138
-206
-253
27
250
128
-206
-251
80
264
21
-222
-93
131
129
-29
-126
-32
134
79
-144
-152
76
181
7
-180
-99
157
154
-92
-170
25
177
67
-141
-163
90
222
12
-173
-83
145
152
-31
-114
-18
121
105
-61
-121
32
147
19
-104
-90
91
158
-17
-153
-59
126
132
-33
-116
-41
83
97
-25
-74
12
97
12
-58
-8
15
3
29
28
-12
-28
-22
-13
17
61
20
-60
-73
10
95
70
-48
-89
21
102
33
-55
-98
30
130
41
-99
-65
67
95
-18
-90
-1
93
21
-69
-35
31
-23
-25
14
20
-10
-13
-25
-35
22
8
-39
-17
-28
-35
14
10
18
-30
-50
5
56
-2
-55
3
-13
-9
-5
-32
-23
5
-8
-35
-18
40
28
-56
-99
14
127
19
-136
-75
87
137
-30
-167
-77
145
132
-71
-142
-2
145
86
-96
-160
62
179
-22
-173
-49
112
91
-56
-125
-22
121
53
-98
-82
25
91
43
-47
-72
4
93
27
-80
-53
75
106
-39
-125
-31
132
82
-67
-123
19
154
66
-107
-115
47
176
44
-148
-78
144
127
-76
-149
22
177
57
-111
-90
64
146
75
-138
-108
83
156
7
-142
-57
102
109
-42
-100
-27
65
64
19
-53
-45
30
28
-28
11
22
-30
-24
40
55
-11
-55
-33
50
63
-7
-35
-44
-6
62
12
-51
-28
34
43
-8
-55
-49
24
68
26
-70
-86
45
99
-25
-117
-42
80
68
-33
-87
-29
63
77
-81
-158
11
157
47
-161
-105
82
117
-18
-148
-55
76
73
-46
-87
-12
57
42
-48
-63
-20
82
46
-69
-91
19
108
11
-121
-84
95
132
-79
-208
-31
237
120
-191
-210
68
225
82
-152
-197
49
233
32
-201
-104
133
137
-51
-153
-5
157
63
-127
-88
37
118
31
-109
-79
99
110
-56
-102
9
92
43
-67
-61
35
96
17
-58
-43
46
67
26
-14
-26
28
62
-10
-41
-19
22
78
19
-71
-61
75
98
-41
-106
47
139
-2
-129
-26
85
93
-24
-76
-26
67
72
-33
-51
-2
47
70
13
-36
-62
-21
60
75
-15
-100
-39
75
76
-15
-54
-4
64
45
-64
-77
42
78
12
-61
-23
61
43
-45
-47
37
36
-46
-18
79
21
-83
-88
3
80
56
-96
-94
40
64
-17
-72
-37
50
43
-69
-103
31
80
-25
-79
-29
70
66
-56
-92
-1
118
26
-125
-101
36
83
7
-61
-65
40
55
-25
-65
-30
58
48
-53
-54
14
90
2
-103
-64
77
97
-22
-89
-41
72
91
-25
-103
-31
56
47
-50
-79
-13
73
45
-67
-92
19
93
5
-67
-57
45
99
-5
-126
-37
87
85
-24
-60
-9
72
18
-60
-10
71
29
-54
-26
62
52
3
-34
-34
68
75
-8
-63
0
-8
80
81
-44
-58
51
63
0
-21
-7
-9
73
31
-87
-51
48
118
31
-112
-70
91
104
-42
-112
-1
134
81
-88
-181
1
226
103
-175
-179
72
197
33
-169
-78
99
137
1
-126
-67
69
107
7
-100
-48
86
90
-36
-116
-24
85
74
-47
-51
0
68
-2
-115
-16
120
78
-112
-136
43
134
31
-121
-131
45
125
-9
-144
-61
72
104
-60
-124
-2
85
14
-86
-39
37
23
-51
-55
-13
49
38
-49
-52
15
25
-2
-40
-27
38
12
-46
0
35
-43
-37
9
22
33
18
-81
-71
74
98
-43
-114
-20
70
63
1
-58
-40
27
81
30
-74
-70
53
91
-25
-116
-34
83
103
-35
-137
-37
96
127
-18
-118
-42
74
63
-9
-73
12
96
18
-59
-45
61
96
5
-68
-12
57
77
-8
-87
-3
71
28
-29
-15
11
37
34
-18
-15
29
38
-35
-32
27
58
18
-34
-44
46
92
23
-113
-70
100
160
21
-166
-110
104
170
-13
-184
-81
134
140
-63
-155
-14
145
100
-106
-113
11
97
47
-39
-54
17
30
19
-1
-40
-10
65
-20
-66
-1
41
1
-43
0
11
35
-45
-70
13
23
-10
4
-11
-36
-26
-2
16
5
-20
-26
9
25
-5
-30
-16
-13
-22
15
30
-16
-56
-50
15
58
9
-68
-54
10
25
5
6
-31
-44
1
69
14
-65
-38
-28
26
72
44
-77
-98
49
124
2
-115
-67
60
78
-4
-121
-43
63
78
-17
-83
-19
31
35
-11
-51
-21
59
67
-24
-61
-1
27
47
15
-35
-37
14
50
23
-20
-15
38
48
-16
-66
0
134
74
-112
-80
75
121
25
-99
-93
60
153
27
-132
-58
85
129
30
-115
-55
80
55
-39
-34
17
47
20
-34
-48
55
71
-66
-63
75
74
-12
-90
-49
79
110
-16
-103
-64
77
122
1
-121
-61
119
121
-64
-154
-31
136
114
-95
-142
32
161
49
-141
-128
65
181
14
-174
-78
106
80
-65
-129
17
166
32
-152
-111
70
143
-17
-138
-78
36
87
2
-110
-81
46
73
4
-99
-56
57
50
-44
-81
-10
57
18
-67
-44
52
73
-10
-104
-60
73
135
-19
-167
-72
117
117
-47
-155
-61
120
137
-21
-155
-45
105
85
-67
-95
33
114
-9
-107
-45
69
61
12
-49
-45
24
47
-10
-52
6
36
-14
-19
14
-3
10
4
-35
0
48
21
-22
-58
-17
83
64
-39
-35
16
46
1
4
27
9
-2
20
21
-15
17
1
-35
23
66
19
-32
-29
14
48
52
0
-34
-28
35
32
10
33
-4
-39
-15
18
61
23
-48
-40
45
73
11
-45
-73
21
72
29
-64
-81
31
112
15
-78
-81
59
106
-7
-95
-23
36
78
33
-117
-50
123
81
-89
-80
18
70
55
-49
-92
13
69
23
-40
-76
37
65
-12
-87
-63
67
82
-47
-90
-15
82
37
-68
-84
42
74
1
-71
-51
47
46
-61
-80
-21
75
37
-95
-92
37
103
32
-107
-111
-1
113
54
-72
-102
-11
102
95
-62
-165
-27
162
99
-112
-140
24
127
47
-72
-93
1
81
28
-71
-69
-3
85
50
-66
-81
23
104
-6
-103
-48
89
87
-27
-93
16
80
-32
-44
27
64
-11
-53
-26
63
41
-46
7
33
-7
12
34
2
-37
52
44
-48
-31
63
62
-36
-41
16
79
45
-40
-47
19
80
48
-58
-79
29
107
7
-79
-18
59
67
-20
-66
-9
51
49
-6
-29
9
46
-31
-48
43
72
0
-69
-24
66
80
-30
-96
-34
112
92
-75
-141
-20
151
103
-102
-132
35
119
20
-53
-87
-18
107
35
-81
-52
35
18
-9
-31
17
-17
-27
13
-23
-26
-11
-4
24
-32
-59
6
50
-22
-56
-13
31
35
-33
-81
-5
55
21
-56
-68
28
41
-7
-60
2
52
-5
-66
4
27
6
-32
-51
-13
78
48
-103
-78
35
60
23
-27
-38
-23
23
50
28
-37
-82
11
67
36
-46
-57
12
82
42
-118
-104
41
100
-13
-77
-40
53
102
-33
-118
16
86
38
-50
-49
24
53
-11
-20
23
36
26
11
-26
11
63
38
-45
-34
55
50
7
-35
-8
15
32
13
0
13
11
-26
12
41
28
-14
-30
-9
63
33
-20
-11
12
17
-38
-3
75
25
-85
-15
67
70
-29
-112
-37
100
104
-40
-150
-27
90
93
-8
-124
-60
92
132
-46
-128
-14
118
87
-66
-112
16
137
65
-143
-133
57
200
39
-192
-116
118
157
-40
-158
-35
80
60
-35
-102
-46
85
68
-44
-92
-34
69
61
-40
-88
-17
57
31
-45
-68
-18
35
-15
-44
6
27
-44
-57
-3
16
16
6
-16
-36
-48
36
77
-23
-84
-20
93
35
-76
-86
22
125
39
-102
-106
24
140
55
-127
-109
75
140
-2
-134
-92
97
131
-20
-140
-73
114
99
-59
-106
2
99
59
-62
-57
36
44
-31
-41
7
30
36
-37
-50
57
104
-2
-106
-10
70
60
12
-52
-46
61
105
-27
-68
17
52
49
-31
-28
57
33
-48
-12
48
27
4
-23
-27
6
57
15
-32
-20
41
9
-2
32
17
-29
-6
41
37
-10
-54
-18
52
58
3
-67
-45
45
86
18
-101
-59
87
87
-67
-102
32
107
23
-75
-72
35
87
-20
-64
-5
65
4
-33
9
36
-37
-47
12
43
4
-17
-45
-8
8
6
-18
-25
8
-1
-28
-6
13
-11
-17
-12
-14
-2
9
-11
-15
-22
14
20
16
-44
-87
-1
96
0
-107
-42
32
29
-9
-30
-38
34
38
-59
-21
34
-4
-32
-43
8
73
-5
-62
-21
61
39
-29
-47
-27
36
73
-14
-91
-26
65
63
-56
-110
-3
89
32
-48
-57
1
55
34
-24
-35
-11
20
42
19
-22
1
4
-16
67
52
-17
-51
7
59
12
-10
9
-13
3
44
25
-16
8
-5
-14
28
32
9
-35
-16
43
46
6
-24
4
25
24
-20
-18
42
41
-10
-69
-15
74
53
-26
-68
-10
104
49
-89
-89
67
108
33
-88
-127
38
172
34
-108
-68
46
78
50
-37
-80
4
80
9
-60
-19
50
28
-33
-59
-14
51
16
-22
-2
-2
-34
-5
16
9
8
-34
-70
-32
66
69
-29
-68
-39
12
56
1
-66
-43
24
29
-2
-70
-57
28
57
-24
-74
-36
49
30
-19
-68
-49
65
96
-40
-134
-40
93
64
-34
-85
-39
81
75
-48
-107
-10
109
59
-69
-104
-15
72
65
-33
-83
-5
59
42
-30
-74
-20
70
53
-21
-82
-40
91
67
-70
-88
18
81
57
-82
-81
27
79
-24
-75
17
68
9
-17
-12
16
51
33
-72
-44
74
94
23
-77
-25
110
93
-43
-78
6
81
62
-38
-84
39
86
37
-52
-64
45
79
31
-76
-50
52
87
-3
-112
-36
97
96
-7
-90
-50
94
121
-27
-153
-64
125
146
-20
-180
-90
117
166
-57
-177
-34
134
109
-44
-145
-60
106
134
-28
-133
-7
83
79
-26
-99
-36
116
68
-86
-81
43
68
-29
-100
20
79
-15
-85
-38
46
36
-12
-52
-37
-7
38
-1
-60
-46
23
75
9
-89
-41
57
26
-62
-23
11
2
-15
-50
-31
46
21
-49
-28
14
-7
-10
1
23
-3
-56
-19
45
17
-53
-26
60
36
-11
-32
-36
27
71
9
-66
-46
39
49
7
-75
-51
52
63
-4
-73
-26
51
14
-28
-29
21
7
9
3
-21
-5
-12
-8
38
65
-7
-83
-25
96
69
-43
-70
-7
72
49
-56
-37
55
59
-20
-49
5
83
35
-72
-42
24
77
42
-44
-45
26
80
25
-24
-42
7
22
8
22
16
-16
-65
16
91
21
-75
-31
79
49
4
-49
-85
45
148
19
-132
-90
78
117
26
-86
-70
55
121
16
-118
-86
76
127
-15
-143
-13
115
44
-51
-62
-31
53
55
-40
-28
15
3
-26
-15
16
38
-9
-31
-59
19
60
-16
-52
-17
-22
-18
20
6
-2
-24
-63
9
76
-10
-66
-49
28
30
-36
-43
8
36
-14
-7
-14
-26
14
3
-27
-20
29
-2
-42
-32
26
45
-43
-68
2
68
36
-56
-65
-7
50
42
-35
-35
-5
4
15
22
-22
-28
5
32
23
-33
-57
7
68
8
-78
-27
64
16
-26
-1
-6
-21
26
34
-21
-18
32
9
18
15
-19
33
40
5
-15
3
43
66
-17
-70
44
72
9
-55
-44
51
58
23
-22
-30
19
55
17
-27
-19
12
14
40
13
-32
-16
42
23
-28
1
20
15
-19
9
28
44
-36
-100
22
147
16
-110
-84
47
126
61
-112
-157
46
215
68
-188
-147
86
200
48
-174
-105
134
126
-32
-113
-68
65
84
-5
-53
-56
-20
36
47
-39
-55
2
19
0
-33
-26
3
41
-15
-96
-18
48
23
-21
-33
-43
-6
83
-6
-106
-28
61
-2
-40
-24
-22
-8
19
4
-21
-30
0
15
-25
-35
6
51
-1
-36
8
35
-20
-30
-27
9
76
23
-106
-65
85
124
-16
-139
-52
71
81
-12
-116
-44
93
68
-31
-85
-17
50
39
-33
-65
16
68
13
-26
-8
1
-4
-10
19
29
8
-14
-47
22
77
6
-41
-24
22
39
13
27
17
-2
4
13
10
17
22
-14
0
36
28
12
1
-15
21
19
15
-4
-9
0
11
32
-20
-10
25
38
-9
-43
17
58
-12
-53
23
73
-27
-67
16
48
68
-16
-93
-40
100
64
-42
-89
-6
104
61
-108
-83
64
76
8
-99
-50
88
90
-47
-95
-5
72
15
-47
14
38
-31
-42
8
44
-6
-45
-57
-1
45
26
-33
-55
-2
29
-11
-24
-25
-3
27
-30
-49
28
25
-31
-21
-17
17
27
-40
-61
18
19
-29
-42
33
26
-68
-42
48
41
-25
-70
-48
65
86
-60
-108
-13
97
107
-58
-143
-41
114
106
-39
-82
-10
53
52
-32
-77
-21
88
53
-71
-72
18
90
-7
-85
-36
72
34
0
-41
-54
36
56
-11
-45
18
34
21
-23
-23
34
42
19
-1
-4
-3
1
30
17
-23
28
26
-23
-9
18
-7
28
18
8
17
-6
-41
26
71
31
-23
-62
3
65
38
-33
-35
42
49
-9
-44
-1
39
13
-3
12
22
-5
-50
3
63
33
-31
-90
-4
100
70
-52
-66
-1
57
85
-31
-100
-24
78
104
-41
-100
8
46
30
4
-48
-42
15
22
28
12
-63
-68
29
78
-8
-79
-64
43
66
-15
-76
-38
43
46
-58
-61
34
22
-20
-8
-33
-38
0
38
-1
-72
-37
41
60
-16
-87
-40
41
33
-13
-23
-31
2
25
10
-9
-8
-22
-16
45
19
-57
-88
-24
103
82
-65
-148
-24
146
91
-72
-165
-30
146
99
-94
-158
35
168
34
-129
-117
53
113
23
-75
-63
26
55
19
-47
-53
-1
51
45
-24
-56
19
29
30
-23
-23
61
58
-40
-59
33
82
50
-34
-51
28
74
31
5
-51
-15
32
6
9
16
2
7
22
19
10
-17
-8
52
13
-68
3
83
1
-69
11
56
12
-39
13
27
41
31
-63
-88
51
95
30
-101
-108
70
111
6
-75
-51
34
119
11
-120
-71
102
129
-25
-129
-3
75
45
-25
-48
-11
40
28
-11
-9
-7
-38
-24
16
28
-1
-48
-39
16
25
-30
-41
11
-13
-54
20
57
-16
-46
-20
-19
19
36
-25
-97
-12
90
27
-76
-67
-15
47
20
-44
-42
-7
18
-12
-11
-15
15
17
-32
-32
1
48
-5
-71
-17
90
88
-76
-131
29
143
36
-120
-80
59
101
5
-115
-97
94
109
-45
-93
-19
35
61
-37
-81
37
81
-7
-31
-6
22
13
-23
-22
39
47
-33
-47
16
67
9
-12
-19
-9
23
29
7
30
5
-24
-6
55
55
-10
-57
-15
60
61
26
-24
-26
29
60
-6
-31
14
51
8
-45
-30
65
66
-30
-84
26
99
-4
-74
-12
67
58
-60
-110
5
154
78
-100
-112
11
114
58
-71
-72
27
60
34
-51
-57
-14
40
59
-35
-82
25
98
26
-84
-98
26
122
14
-112
-65
64
63
-18
-70
1
72
-38
-78
-4
23
43
-7
-62
-66
11
74
-26
-90
14
71
-13
-66
-40
29
65
-38
-87
-17
48
41
-13
-86
-21
61
16
-45
2
8
-40
-18
23
12
-62
-4
65
16
-98
-67
52
91
10
-71
-83
0
83
74
-34
-87
-26
56
61
-4
-59
-30
9
76
59
-79
-112
33
96
8
-57
-31
-5
60
36
-50
-59
29
65
-5
-11
23
-3
-51
25
93
35
-46
-64
6
66
43
-3
8
-6
10
15
10
-3
12
0
-2
20
38
-5
-57
19
86
-3
-72
-7
76
41
-48
-35
20
55
54
-17
-83
19
113
-7
-89
-3
82
86
-86
-130
56
131
34
-107
-101
40
128
58
-98
-108
62
157
16
-108
-60
51
90
0
-42
-26
5
30
31
5
-49
-51
20
62
28
-87
-85
33
105
22
-90
-100
20
88
-14
-84
-29
33
18
-35
-51
28
31
-5
-43
-41
28
29
-18
-26
-41
-31
40
21
-32
-68
-23
46
33
-12
-38
-42
15
29
-19
-35
7
16
17
18
-29
-73
-12
60
51
-3
-81
-51
20
72
17
-49
-65
0
38
36
17
-78
-71
48
71
-4
-85
-42
47
52
19
-63
-34
29
46
14
-44
-60
13
78
34
-58
-57
-10
63
99
-32
-99
23
116
35
-87
-47
83
108
-33
-96
14
116
63
-73
-71
50
86
23
-52
-21
40
58
-21
-67
5
44
25
-23
-14
11
45
48
-37
-70
37
55
-30
-44
46
65
-1
-36
-28
15
46
44
-23
-100
-44
111
88
-56
-118
-4
107
86
-75
-148
16
168
73
-131
-90
64
119
-2
-98
-53
72
78
-7
-50
-36
-32
49
59
-68
-49
25
31
-55
-44
10
14
22
-4
-87
-52
76
64
-52
-85
-48
76
73
-59
-81
15
61
1
-50
-42
4
42
-22
-75
-12
53
14
-68
-53
23
79
-16
-109
-41
120
76
-121
-133
50
152
75
-140
-165
77
184
39
-158
-105
75
105
11
-58
-73
4
79
39
-73
-69
22
93
34
-105
-108
45
126
14
-105
-34
50
43
-22
-32
12
71
23
-48
-43
23
96
30
-67
-56
52
74
15
-50
-18
48
45
-20
-17
10
9
17
38
30
-42
-24
80
32
-35
4
64
-5
-27
4
13
61
27
-77
-63
89
124
-23
-127
-53
133
134
-66
-150
-22
115
106
-35
-117
-43
114
76
-66
-51
27
30
11
20
-6
-52
-17
34
53
-23
-59
-5
16
14
-15
-32
27
36
-27
-37
-4
7
-1
-17
-31
32
36
-40
-67
3
39
3
-36
-25
-22
23
26
-68
-47
34
2
-24
12
6
-14
-35
-30
1
33
-10
-34
-15
11
-6
-23
-23
18
33
-22
-56
-13
77
28
-44
-76
0
35
34
-47
-60
57
61
-70
-61
24
66
32
-61
-77
28
103
27
-95
-42
56
54
-18
-80
-21
62
51
-28
-49
-43
56
76
-37
-69
32
36
3
7
-2
-39
1
64
55
-41
-50
42
75
-19
-64
12
131
70
-99
-82
73
107
-17
-68
-21
60
58
-19
-40
7
50
-3
-41
22
35
-19
6
43
-4
-33
12
13
37
12
-32
4
26
6
-22
26
56
-3
-96
-32
102
97
-74
-147
-12
141
111
-78
-120
-10
96
87
-28
-100
-36
82
109
-28
-115
7
83
47
-37
-68
-40
68
53
-28
-81
-11
42
13
-18
-7
-25
-37
24
-10
-57
10
57
17
-78
-94
61
86
-28
-100
-54
65
83
-41
-109
-39
61
47
-36
-68
2
37
6
-30
-35
-5
-1
22
-22
-43
15
45
-10
-72
-6
85
6
-83
-49
65
108
-5
-120
-70
79
115
-6
-144
-71
102
94
-45
-117
-18
90
55
-23
-83
-68
66
83
-35
-65
8
29
9
-4
-29
-4
50
13
-18
-13
-7
9
-22
11
62
19
-43
-33
39
72
10
-40
-1
20
34
31
9
-14
-41
-5
83
48
-56
10
64
13
-11
-11
-15
45
32
-32
-45
15
59
39
-43
-67
40
98
17
-67
-36
49
71
24
-48
-67
-2
70
72
0
-104
-73
71
124
18
-114
-82
73
145
4
-164
-89
114
152
-53
-142
-8
123
84
-89
-135
20
150
30
-118
-58
65
81
-35
-85
35
56
-28
-70
-32
34
12
-7
-20
-36
-31
0
27
18
-11
-70
-61
56
75
-45
-68
-22
33
24
-36
-54
22
12
-36
-32
12
40
-2
-66
-70
22
87
10
-120
-60
104
37
-73
-33
0
58
36
-85
-86
35
115
4
-90
-21
26
40
40
-40
-74
16
62
21
-54
-108
42
121
9
-127
-46
63
75
-6
-81
-36
87
62
-71
-44
34
71
1
-58
-9
71
85
-19
-115
-1
101
92
-40
-93
9
102
30
-72
-27
60
43
-50
-39
69
54
-17
-34
16
33
41
-17
-38
40
64
-39
-25
30
52
0
-25
3
-6
-6
34
63
15
-56
-79
22
108
63
-62
-117
-11
116
89
-61
-104
-2
97
87
-31
-149
-34
140
118
-70
-127
-11
85
66
-48
-124
20
102
4
-47
-34
-28
0
95
-23
-93
7
31
-7
-30
-38
10
45
-4
-51
-19
3
-15
3
-1
-37
-39
21
10
-5
3
-69
-51
47
67
-22
-88
-34
40
88
-10
-82
-37
38
39
-17
-35
-6
19
24
-8
-41
-33
1
3
42
62
-46
-127
-16
138
81
-69
-111
-14
70
90
-51
-119
-19
94
66
-16
-91
-41
91
61
-74
-66
32
62
14
-65
-30
25
58
2
-10
-16
3
13
29
-3
1
67
26
-48
-26
23
67
83
-21
-71
39
44
-4
38
5
-67
4
82
35
-23
-43
11
32
44
-10
-49
25
50
15
-49
-22
46
44
-17
-48
-7
64
21
-23
-14
24
30
-12
-54
-5
81
41
-87
-81
28
113
13
-81
-72
35
126
33
-113
-85
80
125
-8
-134
-32
122
70
-87
-118
51
135
-21
-93
-8
18
2
-26
-24
33
42
-51
-73
-10
27
13
-5
-19
-38
-36
23
20
-6
-22
-32
-10
24
-2
-32
-11
2
-43
-27
2
-6
24
-13
-60
-11
56
22
-68
-61
24
71
-19
-74
0
68
50
-56
-74
-19
58
87
-22
-86
-44
36
65
37
-7
-83
-50
34
72
14
-104
-24
55
65
-32
-95
-33
88
70
-58
-107
1
119
52
-105
-102
109
105
-41
-102
20
83
16
-75
-38
66
86
-9
-62
-35
32
86
50
-67
-59
70
79
6
-10
-40
-14
47
60
-25
-45
1
75
73
-25
-90
-12
145
59
-147
-115
135
201
-31
-181
-59
153
116
-80
-128
27
129
36
-106
-71
64
109
32
-114
-97
73
130
31
-94
-90
32
148
35
-140
-137
48
186
58
-168
-95
65
95
40
-65
-62
36
80
-28
-81
-5
76
31
-62
-55
51
55
-51
-83
10
54
14
-48
-49
-32
22
27
-28
-27
30
-35
-31
9
25
-17
-46
-27
6
24
-31
-44
-6
27
30
-22
-54
4
38
-12
-65
-29
38
32
-37
-34
3
-6
-30
-19
40
43
-33
-77
-10
70
60
-35
-67
-26
38
37
-8
-58
-24
41
40
26
-62
-69
16
32
3
15
-28
-20
19
41
-18
-16
-17
16
58
4
-40
-35
-4
62
57
25
-46
-44
33
83
17
-46
-7
40
35
-18
-18
14
48
43
-35
-48
45
77
1
-67
-39
86
110
-34
-117
2
114
26
-48
-20
21
39
15
8
-16
-30
0
75
48
-43
-63
17
74
-4
-32
-27
-11
35
42
-20
-1
2
-10
26
32
-36
-12
22
13
-15
-9
41
26
-45
-50
11
42
-6
-47
-27
56
31
-69
-60
26
89
-21
-92
-24
55
17
-65
-51
39
39
-44
-71
9
26
11
-25
-55
-7
34
-25
-11
16
-11
-34
-31
-4
30
-2
-55
-12
53
-6
-61
9
-1
-12
0
31
-22
-3
26
-28
-54
11
31
3
32
2
-76
-39
33
79
23
-80
-60
45
60
2
-48
-60
28
104
19
-118
-79
62
93
-21
-76
-16
36
51
5
-50
-14
51
24
-18
-44
10
33
35
8
-13
-19
18
24
26
-10
-51
37
108
-4
-72
-2
95
88
-27
-105
-32
106
109
-39
-120
7
113
33
-63
-35
19
47
20
-14
-13
31
42
-16
-60
-12
44
38
-6
-23
24
47
-10
-64
-18
70
87
-55
-148
-25
147
88
-48
-155
-62
174
174
-106
-190
-8
145
118
-60
-179
-10
177
76
-130
-95
100
78
-25
-78
-42
48
43
-16
-33
-11
-23
-15
7
-31
-34
40
40
-25
-76
-43
58
70
-32
-83
-35
31
43
7
-52
-31
-9
18
-2
-41
-6
-6
-32
-31
24
29
-11
-35
-41
3
49
-3
-47
-4
30
-11
-32
7
-2
3
47
27
-69
-51
17
76
67
-66
-107
19
87
34
-95
-80
47
104
-1
-100
-77
77
110
-33
-98
-24
52
95
8
-110
-39
52
45
4
-33
0
20
2
-1
36
49
-23
-39
5
4
0
67
3
-44
12
30
-4
32
42
-27
-40
15
58
37
-48
-43
83
56
-29
-30
27
27
11
-35
-28
64
85
-46
-86
-2
126
43
-108
-22
94
67
-50
-107
9
105
62
-54
-116
6
116
55
-108
-51
41
73
13
-49
-28
8
2
19
10
-27
-35
9
53
16
-45
-71
18
92
11
-91
-47
50
54
-20
-57
-26
21
30
10
-76
-18
52
50
-80
-108
12
83
12
-47
-78
1
37
18
-4
-24
-50
-36
57
5
-44
-55
36
54
-40
-36
8
-9
-22
9
7
-35
-25
13
1
-1
-9
-44
-30
37
83
6
-132
-68
109
124
-39
-117
-91
78
118
-6
-122
-44
109
75
-64
-73
-11
44
15
-58
-39
43
45
-2
-42
-49
34
65
-2
-9
6
16
0
7
16
-3
3
36
21
-30
-13
37
83
12
-52
-10
38
39
-4
-34
-3
50
22
-20
-17
46
43
-15
-45
2
56
23
-9
-9
-3
0
27
38
14
-25
-13
25
36
-5
-8
9
20
11
-51
-20
61
57
3
-108
-77
131
146
-67
-159
-27
143
133
-55
-199
-52
202
152
-134
-170
44
155
70
-116
-123
49
118
18
-92
-65
19
67
16
-73
-41
25
-16
8
5
-49
-39
20
41
-1
-84
-55
37
68
7
-79
-57
27
28
-4
-26
-37
-31
15
14
-22
-48
-34
42
58
-9
-88
-49
61
70
-33
-87
-3
61
27
-33
-73
-17
54
42
12
-31
-60
-19
14
48
64
-37
-114
-18
111
64
-100
-134
26
150
65
-118
-129
44
140
-23
-101
-54
65
99
2
-116
-59
113
83
-63
-50
3
1
40
44
-17
-37
33
41
23
-23
-38
2
110
67
-72
-87
32
120
85
-92
-116
90
134
-15
-83
-2
49
31
-15
-32
14
53
-2
-45
4
71
31
-39
-53
5
94
29
-94
-55
64
98
16
-92
-78
72
127
13
-128
-88
85
103
-16
-85
-67
57
123
-5
-140
-71
100
130
6
-105
-68
17
110
61
-95
-80
40
92
5
-72
-53
40
83
-25
-64
-17
-8
32
4
-49
-49
31
49
-36
-68
-20
25
8
-8
-7
-28
-25
16
15
-20
-46
29
30
-68
-31
57
17
-69
-50
-4
8
47
-35
-105
30
82
3
-74
-53
45
81
-7
-108
-26
103
73
-91
-120
14
120
100
-78
-141
30
121
35
-90
-102
22
113
73
-87
-126
0
130
24
-99
-48
54
72
-22
-70
-34
59
76
-13
-73
-18
69
79
-37
-104
23
110
19
-34
-41
-23
62
109
-25
-95
4
86
52
-6
-48
-26
43
57
-11
-39
0
77
20
-44
-20
39
56
-19
-52
4
70
59
-47
-85
-6
108
27
-68
-37
85
75
-29
-137
-50
152
149
-97
-186
-9
158
116
-69
-157
-34
160
124
-83
-126
-9
85
98
-42
-91
-8
69
26
-43
-51
7
81
31
-76
-51
12
41
18
-43
-27
2
13
22
-7
-90
-30
66
58
-41
-94
-28
75
40
-68
-79
-1
69
27
-23
-52
-13
7
-5
-45
6
26
-37
-42
-4
22
45
4
-71
-91
54
96
-25
-106
-17
77
29
-73
-61
-3
61
44
-29
-90
-17
79
76
-11
-87
-50
30
61
14
-60
-41
40
53
24
-86
-68
62
81
-15
-98
-28
79
59
9
-71
-79
40
125
13
-103
-5
57
27
-5
-17
9
65
63
-58
-79
42
131
46
-90
-56
82
91
0
-78
-35
38
82
32
-63
-53
68
105
-25
-91
-19
102
101
-56
-117
4
111
82
-58
-109
34
110
11
-76
-23
65
77
-31
-95
-34
77
99
-33
-108
-43
99
98
-43
-105
13
123
57
-100
-114
7
115
80
-64
-55
11
46
1
-30
-32
8
22
-14
-8
-40
-3
46
-4
-39
-29
-4
2
4
-10
-49
-9
45
22
-58
-63
8
48
21
-69
-94
40
74
-16
-50
-40
-15
32
26
-86
-59
69
57
-70
-80
36
78
5
-111
-66
109
83
-76
-117
34
96
-5
-74
-37
64
91
-35
-91
-32
67
61
-28
-82
-30
48
69
1
-70
-48
67
79
-23
-98
-31
88
19
-49
-12
24
33
-13
-24
-43
15
49
23
-29
-32
15
29
-7
30
12
1
-4
17
17
-4
-11
34
80
4
-67
-17
58
73
13
-58
-8
62
35
-13
-32
26
41
-10
-45
-8
67
51
-41
-71
20
79
31
-67
-27
67
53
-36
-52
53
102
-57
-99
12
73
57
-22
-92
-53
97
83
-57
-61
4
23
49
15
-60
-28
-10
17
88
-2
-65
-25
42
51
-13
-44
-50
33
69
-26
-89
2
86
33
-80
-52
10
50
-27
-88
-15
62
47
-56
-77
-18
24
15
6
-43
-33
15
35
-22
-18
-1
-17
-22
-21
-25
43
30
-67
-70
39
45
-21
-62
-20
19
18
-9
-44
-23
31
4
-47
-37
26
57
20
-43
-63
-9
22
80
21
-69
-74
38
98
25
-124
-78
82
118
-47
-147
-10
123
27
-73
-41
17
52
29
-67
-33
76
31
-54
-17
26
-3
37
34
-46
-15
47
39
-3
-28
-21
44
76
-11
-58
3
40
46
30
-41
-22
65
35
-57
-43
51
91
-1
-94
-33
82
123
-23
-134
-42
131
137
-45
-126
-55
98
122
-52
-129
10
133
70
-74
-105
-9
148
83
-108
-138
46
129
30
-47
-86
-30
118
97
-104
-120
46
136
40
-110
-54
66
52
-12
-66
-33
44
46
-31
-56
-6
33
27
-33
-38
34
-6
-44
-20
15
13
-8
-13
6
-25
-60
8
50
-12
-52
3
-12
-24
36
24
-27
-9
2
-44
-6
59
-23
-73
-7
42
24
-39
-44
-37
33
43
10
-40
-62
9
72
15
-74
-66
42
77
-7
-83
-68
42
105
21
-105
-79
47
92
8
-72
-77
24
91
30
-77
-72
34
52
9
-18
-42
4
46
-18
-37
7
19
8
52
6
-59
-29
53
49
-11
-15
-10
54
42
-42
-30
59
101
-4
-39
-26
13
60
33
-13
-15
-13
27
53
-16
-39
16
52
43
-26
-58
35
59
6
-70
-18
58
31
5
-22
-43
0
73
57
-26
-27
-1
-9
25
34
13
-16
-41
-47
61
54
-10
-27
-34
10
71
18
-76
-65
69
90
-14
-64
-22
20
28
19
-28
-55
19
69
13
-54
-59
14
45
11
-37
-55
5
28
-19
-48
-38
34
62
-43
-106
-30
31
53
8
-53
-75
-15
111
46
-83
-87
6
34
-9
-39
-19
-21
7
-5
-5
16
32
-57
-71
30
64
1
-53
-22
20
10
-7
3
-9
28
12
-34
-59
29
98
39
-61
-93
-8
73
62
-44
-105
-31
87
128
-23
-184
-44
156
49
-86
-61
36
55
39
-57
-83
40
111
13
-98
-58
78
90
-30
-83
25
81
7
-35
-15
31
70
52
-57
-60
67
82
-3
-46
-12
54
40
-15
-36
21
54
31
-40
-56
53
105
-3
-81
-44
52
79
21
-85
-53
58
86
5
-78
-36
72
53
-14
-74
-45
66
96
24
-117
-123
70
168
25
-137
-107
81
132
-7
-149
-43
99
141
-48
-154
10
113
44
-65
-74
-1
78
51
-44
-92
-18
68
47
-57
-69
17
68
14
-99
-78
65
105
-49
-123
-43
54
77
8
-87
-59
45
50
-47
-54
22
24
-41
-60
-34
76
63
-69
-85
-7
39
81
-1
-132
-88
83
107
-24
-103
-27
55
29
-35
-69
17
65
26
-68
-66
6
90
56
-59
-90
-1
91
49
-59
-94
1
115
45
-98
-102
38
130
-3
-116
-47
62
87
16
-90
-70
58
86
-11
-58
-24
52
27
-31
-12
22
40
51
-21
-36
-17
45
73
32
-23
-79
-22
88
90
-31
-87
-19
86
68
-16
-52
6
48
14
-23
-11
5
-3
47
40
-36
-35
56
60
-50
-45
12
20
48
21
-44
-16
26
-1
20
15
-8
-11
-33
-8
56
51
-7
-82
-11
70
46
-24
-62
-40
72
89
-37
-73
-35
26
82
-11
-86
-39
64
106
-32
-115
-18
98
45
-65
-100
1
106
15
-102
-63
34
66
17
-73
-84
5
84
17
-45
-52
-47
32
81
-14
-113
-48
102
37
-84
-82
16
62
20
-44
-55
23
25
-41
-31
20
48
-12
-41
-1
1
20
-27
-18
41
22
-47
-54
-8
73
54
-35
-87
-44
30
110
27
-142
-87
87
128
-11
-102
-83
17
110
38
-92
-82
60
64
-19
-36
3
18
10
13
-5
-6
-3
17
38
-15
-14
46
30
-21
-15
25
69
-3
-25
13
24
34
42
-6
-48
25
36
9
-21
-14
31
66
-5
-54
-15
83
30
-38
-63
11
111
44
-69
-70
43
90
17
-42
-63
7
95
15
-107
-9
112
41
-66
-52
27
39
-5
-36
-8
23
45
-7
-46
-26
26
64
1
-55
-12
43
16
-28
-19
11
22
25
-15
-37
-2
-6
5
21
-15
-25
-15
0
-12
-7
-35
-10
48
5
-102
-30
70
-5
-49
-18
8
-7
0
-24
10
16
-43
-54
0
25
46
-28
-92
-32
55
40
-32
-25
-52
-1
40
27
-28
-53
3
39
-9
-46
-30
47
62
-6
-73
-66
46
140
28
-140
-118
74
148
0
-181
-79
152
123
-39
-154
-65
120
108
-61
-142
10
138
48
-91
-91
46
86
28
-78
-39
56
88
2
-68
-29
52
64
27
-71
-54
50
112
49
-67
-77
35
109
40
-72
-42
41
85
6
-60
-7
55
58
-6
-27
-18
21
67
1
-88
-21
87
47
-27
-46
9
59
45
-26
-42
11
52
37
-83
-76
85
130
-40
-158
-13
122
91
-68
-118
5
123
87
-108
-148
35
160
52
-141
-77
85
95
-39
-90
-23
63
58
-60
-63
29
36
-14
-42
-1
31
-16
-56
10
42
-27
-46
4
25
-20
-55
-16
50
43
-57
-82
19
73
-13
-87
-34
36
24
-53
-28
30
8
-34
-22
1
1
18
-4
-51
-37
41
62
-9
-73
-27
27
28
-27
-39
18
46
-10
-53
-28
27
83
11
-111
-35
80
58
-33
-78
-45
80
98
-29
-134
-32
138
42
-105
-45
54
71
-12
-73
-21
62
43
-3
-25
-53
41
83
7
-78
-22
89
56
-29
-20
4
36
37
-18
-16
28
51
-24
-33
22
52
-6
-43
-43
81
80
-20
-79
-11
65
56
-18
-36
-21
-2
46
54
6
-48
-37
38
87
-40
-76
36
89
-2
-79
-61
75
115
-24
-96
-41
51
67
-21
-25
-10
30
33
-3
-42
-33
24
53
19
-27
-33
4
28
2
10
-1
-22
5
24
-41
-38
23
30
-14
-17
-29
-37
39
33
-72
-50
47
34
-21
-77
-48
53
61
-21
-39
-32
-21
12
27
-26
-13
21
-8
-75
-10
56
4
-46
-48
-3
46
35
-31
-90
-27
57
62
-8
-97
-40
53
68
-32
-69
-9
47
37
-3
-53
-34
39
29
-46
-29
9
-5
25
1
-44
-18
31
26
-35
-54
25
30
13
-31
-19
14
55
-10
-54
-33
36
51
23
-44
-39
52
52
-17
-50
11
54
50
-14
-74
2
122
56
-55
-69
34
90
31
-49
-30
39
52
8
20
-30
-18
73
42
-48
-48
39
39
21
-34
-48
33
98
13
-90
-57
76
93
4
-78
-30
82
46
-63
-59
33
98
37
-119
-125
87
184
-1
-179
-81
162
153
-75
-190
-23
182
124
-135
-151
68
152
-2
-110
-56
53
100
-1
-94
-66
56
72
19
-59
-76
8
56
-22
-74
-20
47
26
11
-47
-110
11
102
16
-79
-49
-13
4
38
-20
-50
-7
11
-4
-39
6
37
-23
-80
-50
37
59
5
-89
-50
40
55
10
-45
-60
13
53
8
-59
-22
58
78
-77
-129
23
159
42
-113
-96
23
107
83
-106
-115
62
110
20
-84
-93
31
59
3
-35
-13
23
26
9
-42
0
42
3
-28
-3
23
25
1
19
0
5
3
19
19
-10
-15
60
73
1
-61
-46
39
75
25
0
-19
-24
14
35
33
-2
0
-12
-10
34
33
2
-17
-29
15
71
47
-67
-72
51
89
-9
-65
17
61
24
-55
-63
14
100
40
-59
-92
6
86
39
-75
-67
45
97
31
-86
-100
7
127
64
-58
-96
5
79
37
-75
-54
38
64
-12
-34
-49
-14
51
30
-66
-36
35
13
-43
-35
4
28
21
-20
-48
-58
34
42
-19
-42
-17
25
-15
-35
26
12
-36
-54
14
24
-10
-19
-27
-1
-19
-31
22
42
-21
-61
-7
62
38
-51
-73
10
45
18
-51
-35
45
21
-34
-26
13
22
7
7
-44
-38
25
61
-19
-85
-8
75
72
-23
-110
-27
92
57
-41
-91
13
104
36
-102
-88
72
127
29
-123
-64
105
89
-55
-91
22
114
45
-85
-80
84
120
9
-71
-30
57
23
-8
-6
-29
18
65
-5
-68
25
85
20
-33
-30
-8
29
60
7
-69
-25
40
103
23
-104
-43
59
60
8
-18
-20
-16
28
16
-12
12
46
-7
-85
-41
72
84
-21
-89
-14
81
67
-22
-91
-27
74
78
-45
-66
23
31
-7
7
-8
-35
-17
61
25
-40
-81
12
60
14
-35
-43
-4
32
-28
-58
7
50
5
-63
-55
8
53
-9
-41
-18
20
-7
-8
-1
-1
11
-22
-53
-21
36
7
-38
-8
13
-8
-17
4
-13
-20
-6
15
20
9
-78
-28
70
31
-64
-29
53
47
-33
-76
-32
94
106
-76
-117
-20
65
85
-24
-135
-21
131
50
-83
-95
8
69
57
-25
-65
-17
44
22
2
-12
-36
5
64
32
-47
-49
17
68
20
-35
-16
33
47
3
-50
10
57
56
-2
-46
-33
47
57
8
-1
5
-39
-8
67
79
12
-63
-53
34
72
26
-52
-20
2
21
72
26
-71
-69
69
77
-7
-75
-20
67
65
-22
-103
-25
118
73
-72
-127
-5
121
92
-67
-145
9
153
107
-133
-192
48
235
40
-178
-86
80
85
18
-72
-74
41
81
-17
-66
-14
27
25
11
-49
-54
16
32
-23
-45
-28
18
54
-20
-92
-26
75
43
-22
-78
-73
32
103
-16
-122
-26
85
18
-113
-67
71
83
-42
-117
-42
98
82
-65
-126
-13
98
82
-85
-132
13
75
47
-58
-74
28
82
14
-97
-78
94
109
-53
-116
-14
76
85
-33
-111
-28
112
86
-76
-124
28
121
14
-99
-62
35
79
12
-61
-47
42
67
6
-49
-27
57
42
-24
-28
43
48
12
-26
-26
42
50
31
8
-30
-28
34
43
-14
-7
31
-13
-18
43
32
-24
42
9
-52
5
26
57
22
-62
-25
67
70
-32
-69
7
63
61
-54
-62
43
90
-8
-104
-41
82
102
-7
-98
-65
52
106
24
-86
-70
37
118
32
-92
-109
42
147
42
-138
-65
73
102
20
-95
-85
51
69
-20
-51
-19
14
29
-18
-25
-10
33
-33
-87
3
60
35
-29
-84
-51
50
64
-8
-68
-28
22
5
-57
14
43
14
-73
-70
20
60
5
-70
-22
33
-7
-42
13
21
-35
-29
40
16
-35
-17
23
-2
-24
-16
-5
37
75
-38
-117
-24
93
83
-50
-123
4
101
35
-66
-88
20
103
23
-86
-88
32
120
-19
-91
-5
75
26
-49
-30
20
19
-3
-3
33
-5
-21
18
32
7
-2
-7
32
40
-29
-37
13
71
75
-34
-53
25
34
25
19
11
-46
10
42
34
-20
-31
4
30
35
-46
-17
50
37
-50
-49
83
117
-73
-151
-2
147
95
-77
-110
34
124
26
-104
-55
93
95
-56
-123
-22
109
94
-74
-114
35
152
18
-127
-73
49
109
43
-85
-67
47
89
-14
-64
5
-10
9
40
3
-79
-35
50
71
-4
-97
-57
73
38
-56
-55
15
44
4
-60
-65
-8
57
15
-42
-43
-17
12
25
27
-14
-82
-44
62
49
-21
-69
-39
12
35
14
-17
-35
-7
15
-15
-29
6
53
-6
-75
-45
53
51
-8
-47
-18
46
14
-59
-6
74
11
-94
-44
103
70
-59
-134
-2
139
41
-100
-126
57
124
-13
-100
-52
68
70
13
-83
-61
57
92
32
-66
-66
43
70
37
-34
-65
35
107
8
-114
-15
132
98
-57
-118
-9
143
104
-92
-114
72
98
-2
-86
-3
128
64
-113
-95
100
139
-18
-94
-39
45
64
14
-52
-20
43
9
3
24
28
-12
-30
-17
13
31
49
-9
-62
-49
14
75
35
-37
-49
25
50
25
-28
-80
-43
72
109
-35
-99
22
49
30
-26
-60
-12
76
14
-57
-70
28
64
-7
-62
-32
30
31
-48
-49
24
31
5
-48
-48
-19
15
19
-4
-29
-2
-18
-37
4
22
28
-35
-57
-38
0
47
20
-52
-95
-15
119
83
-103
-131
8
88
66
-47
-146
-6
139
42
-115
-94
52
94
29
-101
-71
60
102
-23
-90
-37
49
101
-8
-127
-48
113
109
-47
-113
-30
72
78
-27
-84
-24
72
60
-60
-102
37
120
17
-99
-60
66
117
-19
-108
0
94
70
-26
-72
12
98
43
-54
-22
63
22
-30
-14
37
46
-10
-57
-9
77
18
-4
38
0
-49
-25
70
85
-23
-98
-42
114
107
-57
-109
-2
118
64
-44
-88
4
89
52
-55
-66
25
67
-11
-78
-40
107
53
-52
-34
1
34
44
-16
-96
-25
113
35
-91
-8
55
6
5
-15
-43
22
43
7
-63
-62
22
78
-1
-51
-31
-8
21
-2
-44
-38
-1
74
12
-109
-68
60
82
-32
-87
1
40
-15
-28
-4
28
6
-52
-61
-15
60
43
-62
-83
-2
81
30
-54
-52
-8
32
0
-12
-30
18
9
-30
3
14
-17
-16
40
-18
-76
4
88
43
-56
-87
-15
84
58
-63
-98
19
111
38
-95
-110
54
99
20
-76
-49
26
42
12
-11
-35
-17
34
90
4
-108
-45
119
75
-90
-39
73
90
-21
-79
-50
87
135
-1
-126
-29
89
73
5
-36
-26
42
46
0
8
26
3
-29
-19
24
27
17
-37
-30
37
71
21
-75
-19
64
46
-50
-42
52
83
-5
-85
-51
50
77
18
-51
-50
-8
65
52
-22
-53
-32
86
70
-59
-121
9
120
72
-74
-86
13
71
32
-41
-41
24
22
-2
-26
-10
-12
2
44
14
-50
-49
21
8
-22
-44
-2
59
38
-55
-105
-7
81
33
-37
-75
-30
28
40
-10
-53
-13
15
-51
-24
62
33
-93
-65
25
34
26
-3
-58
-57
40
49
5
-36
-38
-27
19
15
2
-22
-7
29
33
-58
-79
32
103
9
-86
-58
69
117
-16
-167
-65
171
127
-91
-222
-20
187
77
-95
-126
25
107
38
-82
-89
44
127
18
-99
-71
67
83
-17
-46
19
43
26
-4
-37
-8
55
69
-34
-60
27
85
39
-42
-26
22
23
8
-7
-7
12
40
34
-35
-20
48
42
-2
-46
-32
91
96
-63
-130
14
129
53
-82
-70
63
105
-14
-121
-46
113
89
-30
-86
-51
37
97
30
-116
-72
111
77
-23
-77
-59
43
141
0
-169
-14
115
77
-84
-140
32
171
37
-162
-110
100
130
-27
-135
-74
106
122
-58
-167
-46
117
104
-35
-123
-63
32
53
6
-43
-47
-13
24
27
-3
-32
-23
-6
-7
-35
-4
36
20
-31
-87
-34
76
98
-56
-140
-42
119
101
-68
-132
-10
111
34
-82
-57
40
99
-25
-133
-50
106
97
-47
-107
-25
61
76
-24
-86
-32
69
72
-34
-77
-21
80
63
-26
-89
-14
77
60
-12
-110
-25
111
55
-79
-48
55
77
-26
-51
14
63
51
-38
-78
56
91
0
-30
2
30
22
-2
-1
40
19
-33
-20
29
34
0
25
-6
-45
5
35
15
1
-2
-7
10
9
8
17
35
-24
-31
21
67
2
3
-19
-32
-8
77
57
-40
-111
-56
93
121
-50
-110
-14
108
66
-29
-104
-73
97
124
-31
-103
-16
60
25
-33
-19
22
-21
-32
9
46
-11
-53
-1
32
-39
-31
13
4
-37
-36
17
41
0
-82
-67
30
42
-34
-30
25
18
-39
-71
6
115
45
-165
-127
72
108
32
-95
-122
7
155
34
-147
-58
71
61
-23
-67
-33
50
34
-59
-38
42
20
-17
-3
2
-30
-21
27
42
18
-57
-53
26
79
7
-90
-75
61
104
-8
-119
-65
86
91
-60
-85
10
63
20
-15
-17
0
41
25
-10
-4
-19
-24
70
36
-23
-7
29
9
-8
6
19
33
35
1
-35
1
55
11
-7
6
-12
-9
26
49
20
-2
-20
-38
23
65
30
-18
-40
-28
28
68
12
-56
-35
26
51
26
-10
-3
-22
9
35
3
-67
8
80
-27
-88
17
83
45
-1
-96
-65
115
124
-85
-141
-1
157
89
-98
-132
55
146
-12
-134
-21
105
84
-83
-112
8
92
33
-67
-73
40
78
-24
-92
-36
34
37
13
-34
-68
-32
49
36
-7
-61
-47
2
29
9
-1
-41
-6
12
-40
-84
35
79
-11
-75
-39
38
73
18
-108
-68
72
56
-45
-60
27
20
-45
-14
19
40
13
-47
-69
-22
103
94
-50
-141
-40
113
108
-45
-169
-55
185
137
-109
-218
-14
203
128
-128
-221
-4
257
101
-216
-184
113
197
19
-136
-107
101
129
-20
-124
-10
104
59
-11
-47
-29
55
79
35
-42
-71
13
108
36
-56
-27
37
51
-24
-19
43
44
8
-35
-25
20
46
57
-16
-69
-4
100
40
-65
-38
45
52
-14
-25
21
40
-10
-54
-50
54
83
2
-75
-45
47
76
-3
-78
-67
58
105
-15
-96
-62
80
111
-7
-101
-14
51
36
-32
-42
13
30
22
-19
-66
-15
35
64
-21
-80
-39
40
53
-28
-75
-17
50
50
-29
-106
-18
77
10
-69
-16
25
-28
-15
32
7
-24
-3
-47
-32
32
17
-47
-19
6
-4
-24
-13
25
6
-86
-23
85
55
-82
-76
37
62
-11
-14
-7
1
3
-47
-58
58
111
-17
-112
-41
63
63
-30
-72
-22
57
46
-21
-36
-31
31
11
-6
13
-4
5
-12
16
12
-38
25
98
-1
-127
-29
120
65
-42
-74
6
84
58
-68
-82
42
144
49
-87
-105
47
121
21
-21
-18
28
18
-31
-11
47
48
-27
-61
-5
60
59
10
-40
-51
24
67
35
-43
-30
26
39
2
5
-24
15
42
-21
-52
33
54
24
-24
-93
-25
110
52
-80
-47
23
69
63
-42
-140
15
139
35
-102
-52
49
67
5
-72
-35
40
45
-20
-47
-10
14
40
-4
-70
-21
47
26
-64
-64
-2
56
41
-52
-123
-8
86
34
-48
-62
2
15
-36
-25
23
40
-28
-70
-29
30
37
9
-25
-59
8
42
-4
-16
-30
-49
-9
47
54
-42
-98
-32
62
77
-12
-73
-43
25
31
1
4
1
-19
13
25
-2
-8
-12
-50
-6
33
62
20
-105
-108
92
144
-61
-146
24
110
26
-50
-66
3
110
29
-88
-26
50
36
19
-18
-23
42
39
20
-7
-12
-34
37
125
2
-103
-2
83
37
-19
-26
-26
24
67
2
-48
6
59
5
-29
-12
39
58
-2
-67
-18
61
31
-4
-39
-22
19
50
26
-37
-14
20
-20
1
9
-5
25
13
-51
-51
58
72
-33
-89
-26
82
126
-42
-176
-44
154
158
-60
-178
-24
148
90
-89
-110
31
92
2
-77
-22
12
34
29
-37
-69
-12
37
8
-12
-28
-17
11
41
-3
-84
-56
35
80
-29
-82
-8
8
12
28
-24
-83
-37
70
14
-41
-16
-7
0
-12
-13
5
41
-41
-68
11
65
13
-40
-62
-4
64
40
-55
-75
28
81
-10
-97
-46
108
85
-57
-116
-28
107
59
-74
-114
28
101
61
-59
-103
3
78
53
-39
-83
0
54
28
-33
-28
20
19
9
-20
-11
31
46
-32
-61
61
96
3
-87
-58
76
92
37
-34
-75
-1
85
62
-38
-18
23
18
-24
-12
28
56
31
-34
-52
25
78
64
-43
-90
-17
96
106
-42
-128
27
139
30
-88
-18
55
31
-8
-53
-45
52
70
-23
-43
-21
39
57
-14
-55
14
50
24
-21
-60
-46
73
113
-9
-124
-62
83
113
-28
-109
-26
76
72
-51
-89
-1
89
41
-85
-69
16
58
-7
-77
-43
37
60
-9
-79
-70
29
80
-16
-96
-10
87
1
-65
-18
32
30
-17
-69
-20
16
27
-27
-42
-12
-10
27
28
-37
-95
-13
97
32
-80
-58
38
38
-26
-41
15
56
-21
-73
-12
46
52
-18
-60
-20
17
54
36
-104
-92
62
128
-26
-104
-38
38
60
4
-50
-33
32
48
-7
-41
-14
59
68
-9
-59
-6
57
24
-30
-36
16
68
29
-58
-54
45
109
28
-48
-64
42
77
14
-41
18
25
1
-17
-10
44
65
21
-71
-68
49
111
22
-64
-84
21
100
57
-52
-62
-3
47
53
5
-43
-26
30
58
-3
-52
9
50
23
-33
-53
44
88
1
-81
-58
58
87
11
-123
-52
106
106
-55
-106
23
78
11
-65
-36
45
48
-14
-55
-44
10
46
3
-34
-21
18
-6
-46
-7
15
-28
1
45
-57
-95
12
66
0
-52
-52
1
49
-1
-78
-4
69
-8
-76
-80
36
119
33
-132
-83
62
88
-12
-67
-60
2
70
49
-76
-45
30
11
-21
-20
8
22
4
-25
-52
-2
68
37
-27
-28
-19
-11
39
8
-7
-28
-1
48
24
-64
-51
58
41
-37
4
8
-43
-14
59
-5
-33
16
29
7
-30
-3
26
52
-4
-36
11
76
45
-43
-64
48
114
42
-78
-86
50
98
14
-50
-49
7
55
23
-27
15
74
11
-62
-39
25
107
53
-113
-77
67
96
-15
-53
-51
25
87
20
-79
-15
70
19
-22
-43
-22
70
43
-68
-86
36
87
-1
-65
-59
42
107
12
-97
-59
68
107
-9
-80
-24
45
12
-38
-3
53
7
-66
-40
25
48
5
-39
-26
11
6
-25
-5
-4
-37
-35
37
50
-27
-89
-34
37
66
-14
-81
0
29
-10
-15
5
-8
-19
-19
-36
-14
49
16
-54
-96
-12
98
53
-69
-116
6
99
37
-75
-58
48
40
-7
-51
-29
33
42
4
-74
-51
52
92
4
-110
-60
93
76
-65
-64
-20
46
94
-9
-136
-31
103
51
-18
-68
-39
40
69
-29
-45
16
23
23
-1
-30
2
44
-10
-40
42
60
-24
-31
-23
13
44
62
-13
-54
6
84
52
-52
-12
53
27
-26
-37
11
43
42
5
-65
-10
51
88
8
-73
-44
26
66
91
-18
-105
-21
111
69
-33
-70
-10
52
23
-18
-48
50
67
-57
-111
49
130
17
-124
-75
96
136
-28
-139
-80
99
161
-8
-172
-74
88
119
-19
-142
-14
111
65
-66
-88
-1
62
36
-18
-68
-38
52
51
-84
-80
27
102
7
-79
-88
-39
84
102
-38
-137
-30
56
64
-18
-93
-20
92
7
-91
-64
94
63
-41
-110
-55
86
91
-52
-115
-41
113
59
-103
-117
46
99
-21
-110
-33
74
77
-35
-90
-22
82
72
-54
-49
-27
42
57
-20
-87
-32
84
87
-52
-114
-52
93
96
-12
-109
-37
97
57
-45
-83
12
89
42
-34
-72
7
86
53
-48
-55
35
80
23
-50
-59
42
117
44
-92
-65
51
84
-1
-22
4
24
5
6
-12
-12
39
46
-44
-19
48
50
11
-37
-50
7
84
47
-74
-57
56
57
5
-37
-15
50
29
-32
-36
9
43
63
-17
-116
-33
108
96
-48
-109
12
103
49
-56
-77
-4
83
53
-16
-24
-36
-4
47
8
-25
-45
-6
35
14
-50
-46
45
12
-28
-20
17
-11
-47
-14
17
20
11
-40
-63
-15
24
24
12
-36
-66
-23
47
46
-12
-73
-60
30
30
-21
1
11
-25
-39
-11
33
21
-8
-29
-45
-23
23
53
47
-63
-102
29
96
8
-85
-35
35
8
-24
-4
7
17
22
-43
-57
35
32
-32
-13
34
22
9
-28
-66
38
85
-42
-72
1
45
25
-17
-50
-5
85
25
-43
-29
-3
32
56
1
-43
-6
56
42
-8
-58
-15
108
97
-20
-116
-32
99
84
-2
-61
-37
43
40
-36
-18
81
36
-51
-41
16
58
41
-44
-63
13
100
14
-39
-21
10
16
17
-10
9
40
12
-49
-52
21
96
43
-75
-100
-30
112
85
-21
-129
-53
115
143
-56
-191
-37
173
106
-112
-121
27
124
50
-101
-68
46
52
45
-67
-125
46
163
-15
-139
-35
95
32
-68
-108
-54
115
113
-72
-159
-32
78
76
4
-105
-30
58
26
-60
-4
50
3
-42
-64
-46
76
86
-57
-145
-50
135
106
-83
-140
-29
113
70
-62
-90
17
61
10
-71
-48
64
96
-19
-120
-53
97
103
-16
-127
-65
102
118
-58
-145
-24
84
105
-2
-126
-80
85
93
-30
-86
3
38
14
-34
-26
51
68
-4
-85
-25
57
72
-13
-76
-28
87
83
-43
-80
12
60
79
3
-68
-20
70
64
-24
-40
17
55
20
-77
-23
89
66
-25
-57
-17
51
90
20
-99
-72
84
104
32
-89
-76
38
98
33
-56
-37
40
59
2
-63
-56
54
120
-30
-131
-41
124
98
-56
-102
-26
100
86
-73
-125
9
128
68
-79
-74
-4
64
36
-60
-33
17
42
-6
-59
-27
60
7
-52
-7
4
-23
-10
-10
-1
-20
5
20
0
-31
-59
-1
50
16
-41
-50
-8
-13
-17
23
30
-27
-69
-7
13
20
-3
-5
-22
-31
-1
30
25
-12
-74
-44
6
65
24
-68
-86
11
69
38
-61
-94
53
120
-48
-122
55
102
-38
-105
8
68
15
-42
-57
40
74
-6
-73
-45
61
56
-33
-29
4
36
4
-45
-6
32
11
12
17
-12
-44
-2
57
54
-32
-9
39
71
-13
-82
-8
97
98
-35
-119
2
117
55
-55
-37
42
13
-5
-4
15
52
57
-63
-98
43
121
11
-75
-29
58
34
-10
-27
13
35
4
-34
-12
34
56
2
-42
-30
16
65
33
-51
-91
8
100
17
-54
-56
29
85
38
-58
-83
11
86
63
-46
-72
17
41
30
-34
-46
3
55
11
-83
-27
40
45
-13
-75
-27
54
38
-68
-76
18
67
13
-58
-58
3
22
-2
-30
23
9
-50
-47
-14
65
56
-39
-108
-45
42
82
11
-106
-67
43
46
-9
-17
-24
-51
19
78
1
-71
-42
31
44
-11
-24
3
10
7
-48
-35
37
42
-20
-42
1
16
15
2
-41
-26
28
63
15
-72
-76
54
82
-21
-70
-28
70
68
-48
-99
-2
109
74
-55
-110
-5
103
74
-61
-88
46
118
21
-67
-78
12
95
107
-23
-141
9
144
34
-67
-18
39
43
12
-33
-29
60
72
-55
-104
57
115
63
-69
-118
10
137
48
-50
-91
-18
95
71
-17
-91
8
92
10
-73
-49
52
101
-12
-97
-58
70
81
2
-94
-48
75
112
-4
-139
-81
82
131
-8
-114
-47
75
79
-47
-76
34
48
16
-19
-43
-26
59
55
-62
-91
30
57
0
-55
-45
7
42
12
-65
-73
9
60
14
-39
-61
11
25
0
-34
-4
-9
21
2
-57
-44
55
75
-34
-140
-45
85
98
-35
-145
-30
105
45
-46
-33
-44
1
33
-2
-25
28
30
-56
-18
41
0
6
0
-27
-9
23
18
-19
-39
-11
47
45
-45
-81
3
70
3
-27
3
9
28
-7
-42
-22
54
80
-12
-96
-19
78
88
-47
-129
-2
140
104
-70
-120
-9
132
112
-38
-109
-32
95
90
-19
-66
-25
75
57
-73
-57
68
106
13
-79
-80
49
136
10
-104
-24
81
69
-37
-72
9
86
15
-52
-18
60
65
-45
-73
4
79
71
-50
-121
-26
94
99
-58
-115
4
114
40
-47
-66
-5
30
53
38
-31
-63
15
25
-13
31
21
-66
-23
47
3
-58
-6
24
-11
-29
-16
33
13
-66
-66
59
85
-44
-91
-37
55
64
-52
-98
27
103
-55
-151
-7
154
72
-137
-132
8
134
54
-100
-95
7
77
38
-63
-46
-4
23
14
-15
-16
-15
-12
-32
21
12
-15
-20
2
-5
-5
-20
20
40
-28
-50
11
20
9
-17
-23
-8
49
36
-34
-72
-7
76
24
-36
-44
40
37
-41
-42
36
75
20
-78
-69
47
108
8
-82
-53
91
106
1
-76
-56
80
102
-1
-89
-11
73
27
-9
-23
16
83
33
-104
-81
115
102
-1
-55
-57
26
82
25
-45
-41
11
29
37
27
-31
-19
12
22
14
33
-10
-53
8
70
6
-80
11
92
-3
-81
-37
55
76
-15
-89
-17
100
72
-88
-119
40
137
22
-107
-61
48
91
-3
-72
-49
59
84
-28
-103
-26
69
75
-42
-88
-22
73
12
-65
-86
5
96
35
-103
-118
11
99
59
-72