#4
722
-490
-947
96
918
286
-752
-633
397
776
-33
-782
-329
605
546
-343
-692
-37
609
331
-433
-558
150
624
119
-591
-390
402
563
-151
-638
-169
552
404
-363
-568
96
608
195
-533
-462
322
600
-43
-621
-228
500
451
-294
-612
-1
633
336
-491
-564
208
638
113
-555
-383
369
569
-131
-616
-153
521
434
-342
-595
41
603
272
-495
-506
234
597
93
-552
-370
358
518
-177
-636
-62
520
295
-349
-499
65
539
219
-496
-484
245
586
9
-586
-279
430
488
-208
-616
-105
525
388
-340
-568
18
566
266
-460
-514
211
575
33
-571
-321
386
505
-169
-650
-133
559
357
-414
-572
102
619
195
-538
-470
311
577
-70
-610
-227
451
419
-272
-602
-47
585
321
-457
-564
169
613
125
-584
-399
373
536
-130
-603
-173
496
403
-316
-604
21
646
292
-487
-535
216
653
116
-633
-430
439
625
-164
-677
-147
571
410
-379
-597
84
635
216
-514
-464
285
588
-21
-626
-264
519
486
-288
-594
7
575
291
-416
-500
171
607
117
-524
-339
363
508
-114
-552
-177
411
410
-213
-518
-17
542
265
-417
-462
169
599
126
-533
-378
360
551
-97
-584
-183
529
429
-347
-570
75
605
226
-468
-444
207
571
89
-533
-335
367
446
-182
-467
-55
375
228
-255
-371
49
380
142
-326
-322
154
398
41
-396
-243
307
380
-153
-440
-129
375
339
-234
-460
34
458
168
-376
-362
183
433
0
-483
-247
364
410
-196
-557
-67
507
296
-405
-520
199
592
74
-572
-385
345
511
-76
-554
-214
451
381
-311
-528
73
542
169
-464
-434
229
566
43
-576
-325
384
474
-117
-542
-185
447
388
-278
-517
34
561
219
-458
-425
259
547
42
-562
-314
403
503
-145
-573
-140
532
378
-364
-526
107
538
174
-432
-394
239
503
-16
-508
-195
401
362
-215
-444
6
441
231
-311
-392
131
442
100
-351
-256
205
345
-4
-314
-188
247
322
-88
-360
-85
367
258
-250
-365
103
429
110
-380
-292
243
396
6
-376
-196
305
344
-143
-406
-42
404
239
-297
-385
91
455
151
-398
-335
203
420
-7
-400
-173
299
278
-154
-356
-56
319
191
-243
-322
83
348
92
-311
-213
194
301
-65
-347
-89
313
229
-249
-341
101
378
72
-365
-266
214
344
-30
-361
-145
278
271
-176
-388
-7
373
166
-313
-312
181
335
11
-380
-224
255
340
-124
-406
-102
342
242
-231
-363
49
362
119
-339
-311
206
390
-15
-400
-227
323
390
-151
-472
-80
433
257
-319
-404
141
466
93
-414
-308
251
448
-38
-475
-161
361
354
-178
-442
-35
438
211
-325
-347
133
369
72
-300
-250
182
345
-16
-343
-157
279
299
-116
-353
-71
370
254
-254
-361
73
400
109
-325
-273
195
399
24
-373
-212
267
350
-90
-389
-83
376
239
-262
-336
132
408
63
-344
-211
236
369
-45
-391
-134
339
300
-216
-345
19
347
164
-261
-290
129
373
69
-359
-292
217
414
-9
-429
-177
320
315
-182
-409
-1
401
158
-315
-322
168
395
30
-385
-232
239
348
-86
-400
-82
355
228
-276
-334
107
360
70
-342
-263
211
352
-62
-383
-126
266
242
-154
-340
-6
315
131
-256
-241
135
298
18
-309
-213
198
311
-62
-333
-129
220
204
-117
-266
-16
228
100
-195
-192
97
226
10
-268
-163
204
235
-111
-279
-36
239
143
-144
-200
78
193
2
-145
-66
117
112
-49
-101
-26
91
129
-62
-173
14
197
50
-160
-148
96
192
27
-192
-149
139
215
3
-215
-144
171
265
-52
-288
-37
288
168
-179
-274
92
348
73
-303
-198
211
298
-57
-316
-100
264
246
-133
-292
29
303
100
-214
-191
140
267
-18
-296
-88
292
225
-162
-281
-5
300
167
-203
-248
105
296
33
-254
-153
156
254
-20
-309
-172
271
325
-161
-405
-39
359
238
-271
-371
94
381
106
-328
-262
189
339
-5
-323
-190
254
299
-117
-322
-46
277
183
-199
-272
59
294
28
-301
-159
200
193
-102
-233
-20
194
119
-153
-210
68
184
20
-135
-113
46
144
2
-181
-85
132
146
-71
-224
-52
202
169
-133
-247
-29
197
96
-138
-169
47
192
40
-221
-144
143
208
-20
-263
-106
224
229
-123
-243
-25
195
135
-93
-177
25
186
70
-141
-118
102
170
-26
-193
-67
185
123
-157
-183
83
206
-1
-188
-106
133
190
-41
-214
-66
207
146
-143
-177
65
233
34
-230
-136
205
256
-98
-300
-35
313
212
-199
-314
28
361
178
-250
-298
102
350
94
-288
-214
197
299
-72
-285
-41
262
182
-171
-264
56
306
85
-232
-193
123
250
11
-224
-97
176
170
-93
-230
-3
232
75
-181
-171
67
203
1
-201
-89
120
153
-41
-188
-49
148
151
-64
-199
-46
163
141
-97
-198
-11
170
96
-113
-173
33
182
49
-184
-123
145
156
-61
-187
-41
138
118
-119
-190
10
191
94
-167
-162
79
166
-24
-183
-70
133
151
-86
-230
-19
211
132
-149
-204
6
189
84
-154
-166
66
169
-1
-177
-117
109
173
-40
-212
-56
199
169
-93
-220
-34
214
148
-155
-178
66
187
52
-166
-125
128
203
-30
-250
-72
195
160
-94
-180
22
170
20
-154
-100
138
165
-73
-190
0
163
95
-85
-116
17
131
76
-132
-89
95
127
-42
-112
18
101
28
-56
-63
63
120
20
-95
-59
70
98
21
-84
-48
84
68
-66
-69
60
93
-22
-77
-27
38
84
30
-99
-37
105
88
-76
-85
17
92
30
-115
-65
76
102
-35
-125
-28
124
71
-91
-126
17
126
48
-75
-79
7
84
48
-89
-95
32
104
35
-77
-96
-2
101
56
-107
-122
45
165
-12
-186
-76
166
141
-120
-240
-1
239
110
-205
-242
74
314
62
-297
-235
132
260
4
-221
-132
131
162
-90
-200
4
206
48
-203
-156
127
224
-29
-271
-113
177
162
-104
-185
-2
156
125
-146
-170
89
216
19
-199
-124
120
169
-6
-193
-75
183
138
-89
-155
9
151
88
-139
-162
78
208
36
-189
-102
160
152
-76
-196
0
248
103
-196
-180
117
230
4
-205
-116
154
190
-48
-155
-23
143
88
-64
-64
33
71
7
-59
-5
77
52
-19
-69
-22
57
98
27
-74
-70
55
103
58
-44
-89
19
104
66
-89
-78
92
92
-36
-113
-15
117
61
-79
-83
20
59
-3
-43
-31
60
38
-71
-33
31
22
2
-26
-39
31
56
-13
-75
-1
68
12
-79
-64
28
112
16
-113
-84
57
93
6
-92
-90
52
140
-40
-179
10
168
41
-174
-131
96
163
5
-227
-146
173
227
-80
-253
-77
184
158
-107
-212
7
162
56
-145
-132
79
148
-27
-182
-76
121
126
-63
-148
-16
72
46
-25
-101
-5
99
34
-80
-43
75
97
8
-143
-74
136
158
-59
-215
1
196
84
-110
-141
33
155
40
-122
-109
56
129
48
-99
-90
59
103
-7
-84
-23
53
42
-1
-59
-29
55
74
-31
-81
21
83
48
-41
-76
33
101
16
-60
-51
62
89
-29
-84
9
112
23
-92
-24
71
80
-24
-89
11
116
70
-70
-74
68
85
-16
-48
-28
44
92
-12
-108
-29
115
99
-83
-137
-24
79
72
-20
-66
-44
34
65
-4
-75
-62
48
65
-2
-55
-19
31
-7
-11
13
7
7
-40
-20
61
61
-71
-78
33
52
1
-39
-24
17
19
-29
-40
2
32
-17
-74
-31
38
60
-12
-92
-46
95
90
-42
-111
-35
68
69
-27
-68
-16
24
-1
-19
-9
-6
-14
-19
0
-29
-10
16
9
-24
-39
7
6
-4
-15
-24
13
22
-5
-56
-4
139
25
-129
-111
41
172
79
-163
-149
111
225
6
-220
-95
202
155
-106
-198
-7
194
100
-124
-176
22
186
67
-108
-124
55
131
22
-102
-80
113
122
-58
-118
10
86
75
-13
-86
4
101
48
-76
-102
28
165
56
-124
-98
83
127
-26
-106
-19
140
113
-103
-146
58
185
23
-130
-66
111
124
-42
-147
-15
136
102
-88
-113
26
120
51
-56
-106
-57
84
149
-28
-179
-68
113
112
-34
-145
-57
128
117
-103
-151
50
132
9
-85
-72
54
104
-57
-97
42
111
-40
-90
8
43
28
-35
-69
-26
62
44
-72
-90
22
52
-10
-52
-23
17
-8
-43
7
26
-4
-22
-28
-24
16
20
-26
-19
11
-19
-24
1
4
-20
-21
24
-6
-57
-1
49
34
-43
-110
-29
91
92
-50
-139
-42
121
105
-51
-112
2
100
39
-79
-37
57
38
-6
-32
12
46
-12
-63
22
64
-15
-72
-7
77
58
-53
-60
14
37
16
-19
13
4
-7
-4
10
0
-10
47
14
-50
-9
41
55
18
-66
-33
77
72
-29
-60
-14
66
102
27
-118
-38
90
90
-47
-51
16
71
38
-51
-62
37
117
25
-89
-41
25
70
27
-13
-25
18
41
1
-35
-6
59
44
-58
-115
-29
137
64
-117
-107
25
130
27
-145
-86
75
95
-36
-72
-14
48
56
10
-102
-48
96
71
-77
-81
50
75
-17
-67
-28
31
36
-40
-56
-26
82
60
-64
-97
-15
67
44
-44
-76
-39
32
42
-11
-50
-9
5
-17
-40
33
39
-27
-59
-34
13
84
-3
-106
-29
53
31
-63
-49
33
59
-19
-108
-41
99
46
-53
-43
2
31
0
-45
27
95
-5
-146
6
168
50
-136
-76
70
113
15
-75
-67
14
99
25
-58
-64
52
98
17
-93
-68
61
85
-4
-64
-39
33
58
4
-27
-25
40
31
-10
-26
-11
38
87
-8
-69
9
70
37
-42
-48
17
59
50
-13
-40
4
42
17
-2
-9
0
72
44
-71
-64
69
109
4
-93
-62
69
120
-17
-93
-17
92
69
-61
-97
20
113
15
-136
-78
114
123
-61
-152
-55
133
137
-113
-162
15
127
76
-98
-121
51
113
5
-101
-67
34
96
13
-121
-63
113
106
-79
-120
27
87
25
-51
-64
-35
48
47
-18
-72
-55
37
61
-16
-82
-58
74
100
-62
-127
-5
95
2
-93
-42
74
58
-81
-97
41
109
0
-108
-93
54
109
-8
-110
-45
55
46
-35
-28
-20
8
60
-21
-70
-1
72
74
4
-136
-90
104
176
-37
-175
-71
151
148
-66
-161
-39
160
99
-114
-115
55
138
12
-84
-40
27
36
9
-21
-11
11
-3
-38
23
71
-1
-71
-18
54
68
-2
-99
-20
135
50
-93
-57
105
82
-56
-94
-12
112
88
-75
-88
52
105
-7
-54
-7
38
53
15
-30
-45
26
84
16
-53
-34
54
48
-11
-24
-18
17
27
25
-7
5
-8
-74
-30
89
88
-32
-139
-71
120
132
-35
-162
-49
106
114
-68
-134
38
138
25
-119
-67
50
78
26
-71
-51
48
47
-22
-76
-2
45
17
-18
-75
-16
74
43
-65
-83
4
54
30
-35
-46
-21
2
38
0
-43
-41
-20
-5
24
18
-14
-22
-37
-46
38
40
-42
-11
28
-22
-67
23
58
-27
-38
5
-36
2
31
6
-8
-9
-46
-12
69
86
-33
-125
-6
118
71
-67
-118
-9
124
97
-60
-142
3
137
90
-113
-143
32
172
68
-144
-108
90
112
-38
-104
-18
62
70
4
-36
-22
3
73
41
-61
-47
39
49
18
0
-13
-14
30
50
-5
-63
11
57
42
18
-41
-31
10
65
56
-28
-12
8
46
2
-12
18
6
10
23
-14
14
18
29
7
-23
-16
0
28
15
-23
-6
46
-2
-97
-5
84
10
-60
-65
15
65
0
-67
-19
12
11
28
-18
-68
21
95
-19
-108
1
83
13
-26
-41
-18
15
58
2
-87
-58
50
63
-37
-88
-14
51
41
-13
-62
-49
7
68
18
-102
-52
84
72
-52
-126
-47
115
99
-88
-150
14
108
-10
-92
-29
46
55
-35
-104
-21
88
61
-72
-89
-7
54
50
-43
-68
30
81
-22
-98
-11
94
104
-65
-151
3
173
98
-107
-147
53
154
32
-108
-82
59
128
-2
-136
-59
110
106
-42
-111
17
92
13
-49
-15
17
0
-6
34
47
9
-38
-29
55
57
-64
-35
101
28
-37
-16
9
55
47
-44
-72
57
85
-21
-55
25
60
-6
-44
3
34
38
2
-51
9
89
44
-53
-53
39
68
12
-46
-6
36
27
-16
-42
-6
43
50
-1
-92
-68
66
127
-9
-136
-67
90
134
-75
-145
9
119
27
-73
-51
22
47
14
-40
-42
37
40
-33
-38
23
37
-14
-50
-14
28
9
-32
-30
3
-15
-8
21
12
-17
-47
-31
33
46
-25
-88
-15
47
4
-20
-36
-25
10
36
6
-44
-24
-7
0
9
-25
-7
4
-43
0
41
3
-71
-25
5
53
58
-62
-107
22
134
23
-140
-73
76
122
32
-99
-107
38
136
43
-106
-107
60
147
13
-97
-78
56
102
-19
-108
-36
88
57
-30
-90
-7
98
33
-71
-64
44
91
18
-70
-61
55
108
-10
-95
-15
59
44
21
-23
-33
29
62
20
-10
-69
-6
74
42
-27
-45
46
46
-9
-42
51
75
-17
-50
-37
32
85
26
-37
-47
15
76
36
-64
-37
48
68
-3
-91
-26
90
66
-60
-105
-44
85
133
-49
-162
-28
133
93
-72
-129
-31
129
88
-107
-110
61
100
2
-91
-57
47
73
-15
-69
15
67
-5
-70
-35
62
47
-70
-73
22
51
26
-48
-52
35
53
-30
-93
-9
75
11
-93
-11
62
26
-54
-89
18
69
21
-33
-71
-5
7
7
-9
-26
-14
-10
6
10
-16
-22
5
-1
-18
-13
-1
0
-18
10
21
-13
-34
-13
34
68
1
-84
-34
83
82
-45
-104
2
114
73
-58
-123
-22
146
73
-106
-87
27
81
35
-40
-65
-12
75
38
-39
-39
-1
28
47
14
-26
-1
36
-27
0
38
-22
18
74
-12
-67
1
89
61
-59
-75
18
127
61
-89
-83
61
94
-12
-87
27
102
40
-83
-57
81
94
-29
-79
3
93
21
-54
2
54
32
-29
-59
21
85
27
-52
-67
-35
39
110
-10
-120
-71
88
103
-24
-108
-56
70
104
-28
-121
-41
118
86
-66
-100
-21
60
53
-11
-72
-26
44
35
-33
-38
4
27
26
-33
-75
10
78
14
-68
-83
-14
40
41
-10
-107
-62
77
85
-33
-93
-49
51
79
-43
-96
12
44
-57
-16
54
-4
-20
-40
-46
9
49
-15
-55
9
13
-58
-17
50
15
-27
1
9
-14
-37
5
66
38
-55
-64
49
112
11
-91
-67
48
132
43
-113
-101
50
123
-10
-96
-53
69
92
-35
-79
23
41
0
-10
21
-20
-28
38
43
-40
-39
75
64
-20
-47
-17
78
82
-42
-93
-6
124
82
-101
-103
56
148
38
-121
-70
76
114
0
-84
-7
99
50
-77
-68
53
89
-7
-73
-32
79
102
-64
-84
31
86
15
-41
-59
16
89
13
-115
-77
72
124
7
-137
-107
69
153
-34
-148
-17
98
50
-33
-62
-31
67
86
-58
-120
6
93
31
-77
-49
30
74
-14
-72
-16
46
6
-38
-17
-8
9
-8
-19
-1
-29
-42
-10
54
26
-77
-56
59
79
-28
-75
-63
44
60
-21
-98
7
81
-3
-94
-55
77
103
-45
-160
-52
138
109
-104
-155
30
128
31
-103
-85
39
97
-8
-110
-30
116
118
-12
-168
-66
154
133
-47
-170
-39
154
112
-78
-147
12
148
61
-86
-106
23
105
25
-65
-49
19
22
18
-13
-23
12
5
-25
-6
41
39
-16
-26
-4
48
42
-5
-16
-9
31
22
9
17
-31
-49
14
84
57
-42
-50
19
71
32
-14
-26
10
44
9
-45
-6
64
48
-32
-56
25
52
5
-19
21
22
-10
-20
-23
35
50
0
-58
-45
13
69
53
-99
-119
35
154
32
-155
-85
100
68
-29
-66
-10
43
14
-3
-26
2
-4
-21
2
38
12
-25
-26
-14
30
15
-30
-20
-21
-18
16
19
1
1
-27
-47
12
58
-5
-96
-87
78
140
-40
-171
-47
119
71
-47
-95
-37
81
23
-83
-55
61
45
-37
-60
-25
12
32
-19
-52
12
28
-18
-61
5
62
31
-66
-71
13
65
56
-24
-70
-11
62
49
-39
-76
-8
83
82
-51
-79
0
78
40
-58
-64
30
64
-2
-41
1
33
0
-19
18
26
-7
-42
-23
52
73
-10
-49
-7
40
16
-25
6
60
41
-53
-53
29
101
36
-101
-73
82
117
11
-78
-49
40
73
2
-4
0
14
11
-8
24
31
-6
8
-9
-7
17
21
9
6
24
-18
-32
17
57
11
-16
-26
-55
23
95
1
-80
-32
19
31
36
-44
-58
24
48
-1
-28
-28
9
19
12
-13
-6
-23
-6
33
55
-20
-78
-34
71
47
-62
-90
-15
71
0
-58
-19
37
41
-66
-75
-3
55
63
-52
-135
22
145
17
-160
-79
78
80
-48
-93
-21
91
56
-93
-117
49
127
-13
-143
-60
81
87
-61
-105
13
72
-6
-54
-41
7
78
22
-91
-67
75
133
-5
-160
-68
128
143
-49
-164
-44
118
106
-43
-134
-5
130
49
-101
-77
29
76
69
-46
-101
21
98
-8
-78
-9
41
35
15
-30
-26
49
77
-35
-48
16
56
24
3
-33
2
33
38
27
-23
-35
0
58
56
-3
-33
-17
35
28
10
3
6
31
-2
-13
20
36
28
-8
-39
-15
76
47
-52
-39
39
46
-45
-57
18
59
75
-66
-173
-29
183
126
-115
-176
-24
141
115
-76
-136
-26
102
69
-46
-99
-34
104
87
-55
-105
-19
67
46
-17
-69
-17
46
29
-24
-27
-27
20
47
-26
-70
8
33
-14
-52
-60
7
65
38
-86
-103
14
106
71
-67
-143
-28
122
38
-94
-52
22
55
0
-65
-29
70
40
-101
-91
65
70
-49
-108
42
122
-15
-129
-81
91
135
-34
-118
-45
98
114
-10
-145
-65
144
142
-69
-141
-1
128
82
-53
-108
6
122
30
-82
-46
6
55
89
-33
-121
-8
86
34
-48
-27
24
47
-13
-55
7
71
16
-39
-27
15
17
1
19
33
7
-33
20
63
12
-63
-24
46
55
2
-15
-25
8
36
11
11
9
13
-23
-9
51
43
-1
-21
14
29
-10
-37
11
58
11
-25
-6
-10
3
34
6
-26
-42
-27
31
100
-12
-127
-64
111
97
-97
-118
13
81
50
-53
-89
-4
112
68
-79
-112
6
108
20
-78
-40
54
33
-67
-44
66
28
-68
-50
28
31
-29
-57
21
69
-38
-91
2
50
2
-22
-12
-5
22
0
-68
-23
67
32
-66
-37
8
18
2
-33
-23
33
35
-33
-78
-1
58
8
-33
-21
-10
4
-11
-39
5
37
2
-46
-23
9
58
47
-33
-72
-12
78
46
-38
-64
33
67
4
-52
-61
29
107
6
-87
-40
36
31
14
-20
-27
40
32
-44
-40
72
70
-51
-57
43
92
12
-58
-40
20
68
32
-24
-27
8
31
12
20
1
-40
2
62
46
-9
-43
14
19
24
5
-15
-1
20
35
20
-27
12
62
34
-25
-29
27
38
6
-30
-26
20
37
-28
-55
45
82
3
-89
-88
20
131
60
-115
-150
47
178
27
-169
-76
92
105
-15
-102
-32
92
62
-74
-79
17
74
8
-63
-34
36
59
-7
-87
-27
67
32
-26
-60
-40
54
74
-34
-129
-42
78
67
-48
-128
-62
121
132
-73
-138
-6
58
33
-34
-49
-22
23
21
-66
-21
24
12
-23
-50
-13
5
9
3
6
-18
-54
-13
26
-2
-20
16
16
-31
-41
16
68
49
-54
-96
19
108
61
-65
-114
15
111
60
-73
-104
26
131
26
-140
-65
69
124
19
-103
-70
57
94
-21
-85
-27
67
71
-8
-56
-47
52
89
-7
-52
-28
32
62
28
-12
-32
0
56
50
-27
-71
-6
73
63
-7
-50
-17
43
53
-14
-14
54
4
-54
22
51
28
31
-15
-81
24
87
17
-18
-22
-9
38
34
-46
-24
72
27
-78
-70
20
84
26
-72
-105
22
133
21
-133
-85
63
128
26
-122
-94
79
108
-7
-90
-59
49
72
-16
-85
-25
55
32
-20
-37
-33
23
55
-6
-92
-55
65
50
-31
-91
-48
74
80
-36
-132
-12
129
64
-88
-111
-11
72
39
-66
-72
34
49
-39
-81
2
69
28
-68
-98
33
83
11
-49
-20
12
-19
-17
6
19
-18
-33
-18
25
12
-1
45
6
-70
-6
60
73
-11
-101
-18
119
60
-83
-87
59
73
1
-51
-37
50
58
-16
-88
28
69
-21
-74
10
73
30
-39
-55
19
99
32
-54
-51
10
52
19
15
-18
-11
14
8
31
7
-54
-31
59
67
9
-9
-21
20
33
18
5
13
17
-15
-44
46
56
2
-19
-20
1
35
33
-31
1
67
1
-46
-13
-8
37
59
11
-83
-88
39
125
41
-131
-123
40
137
16
-128
-61
49
78
1
-66
-29
38
55
-3
-59
-56
44
70
-41
-63
24
51
-27
-58
-14
44
40
-32
-94
-22
88
57
-42
-76
-58
4
87
7
-85
-77
15
102
73
-74
-123
-20
116
58
-85
-91
34
86
-30
-74
-31
50
42
-41
-76
-14
71
24
-46
-52
-22
17
12
2
-37
-34
60
54
-16
-103
-8
142
75
-106
-125
47
152
41
-153
-107
123
118
-48
-112
4
107
36
-85
-52
34
83
25
-64
-48
38
44
-28
-22
-7
40
24
-13
-35
29
65
3
-33
-33
38
40
20
6
-21
-26
10
68
71
-31
-112
-25
95
99
-23
-69
-29
39
66
5
-3
-35
19
60
8
-32
-1
47
17
-10
-36
31
83
-3
-51
-10
43
23
-32
-16
20
29
4
-79
-74
73
127
-34
-138
-35
148
78
-132
-108
66
109
-8
-96
-28
86
42
-57
-46
25
45
-12
-13
-37
25
28
-8
-30
-33
8
25
-4
-44
-13
27
7
-30
-7
-10
-31
-20
34
3
-36
-52
6
48
13
-65
-66
21
64
-4
-66
-36
32
9
-25
-17
-7
26
-1
-57
-45
16
56
21
-67
-75
-20
63
61
-48
-75
11
47
-12
-34
-9
107
62
-132
-115
97
158
-20
-144
-57
110
141
-20
-187
-82
173
140
-102
-146
-17
96
101
-20
-98
-35
71
46
-31
-70
-10
49
43
5
-16
16
33
-14
-9
20
15
1
-8
24
14
-19
-2
62
31
-76
-54
84
119
-7
-78
-14
54
22
4
30
43
-35
-62
17
86
59
-31
-49
23
42
23
-24
-2
29
8
1
11
-7
-5
28
25
-43
-79
-3
83
53
-60
-102
-22
94
50
-57
-83
-22
44
57
-36
-87
49
97
-8
-71
-1
32
1
-43
-19
55
27
-86
-57
53
67
-38
-41
-13
-31
22
60
-52
-56
37
7
-32
18
13
-67
-47
40
53
1
-62
-63
6
56
9
-63
-2
16
-21
-42
-7
47
16
-56
-75
-2
70
23
-73
-55
17
52
7
-67
-47
78
77
-59
-104
13
96
75
-19
-135
-49
119
104
-40
-114
-40
107
126
-32
-150
-42
128
133
-69
-147
-9
149
72
-86
-99
51
75
-7
-27
8
-6
20
28
-16
-10
13
26
4
-10
-1
14
33
19
11
13
-30
-8
82
43
-61
-79
1
94
90
-40
-147
-18
130
83
-40
-43
-16
43
51
-25
1
66
17
-58
-19
75
25
-23
-2
1
26
2
-76
-27
100
90
-82
-158
-5
178
104
-133
-159
37
195
24
-186
-93
106
107
-7
-124
-59
93
77
-41
-115
-35
99
74
-52
-104
19
102
2
-85
-19
22
16
3
-36
-64
-2
84
8
-73
-12
-8
-19
0
8
-27
-48
0
44
42
-44
-87
-21
50
61
-32
-48
-18
8
1
-28
7
56
24
-109
-108
41
114
57
-113
-127
28
117
23
-91
-69
62
85
-30
-127
-13
144
74
-90
-142
18
176
79
-153
-133
119
136
-18
-84
-39
17
40
19
-25
-26
-5
9
20
29
10
-61
-83
72
124
-14
-127
-52
101
83
-25
-66
18
75
-13
-56
-8
119
58
-76
-94
41
161
30
-140
-82
92
128
31
-81
-90
58
121
-13
-82
12
64
42
-31
-45
34
79
1
-77
-25
77
45
-2
-36
-47
35
69
-18
-60
21
83
25
-97
-99
31
125
23
-136
-85
70
103
-35
-115
-20
69
48
-60
-30
32
36
21
-38
-27
26
21
-27
-33
35
34
-30
-37
0
44
13
-43
-35
5
11
-5
11
-4
-52
-55
3
75
40
-67
-105
19
115
35
-86
-111
23
81
-3
-51
-35
-4
-19
-16
7
2
10
-9
-59
9
38
27
-40
-76
-10
49
23
-54
-42
18
51
13
-73
-48
46
90
11
-90
-31
56
71
27
-76
-66
55
102
2
-88
-51
72
93
-37
-94
-16
75
73
-27
-82
-12
62
38
-18
-32
-24
27
35
35
-10
-48
-6
45
49
-16
-73
5
124
73
-73
-100
27
146
73
-152
-129
115
173
-22
-118
-17
55
49
-9
-50
49
84
-25
-97
15
129
67
-65
-100
18
141
81
-106
-108
59
131
13
-126
-78
106
124
-29
-137
-76
113
137
-35
-176
-71
130
140
-44
-168
-53
132
129
-65
-184
-11
176
69
-143
-137
66
132
-12
-89
-30
69
47
-32
-54
5
37
-9
-31
-21
-15
22
-8
-26
-27
-24
-7
18
8
-54
-36
0
44
47
-35
-59
-32
31
19
-4
-4
-21
-50
-21
11
11
16
-16
-76
-14
57
24
-39
-34
-14
-2
-1
-15
-12
26
17
-39
-23
23
-2
42
41
-75
-75
78
88
2
-74
-46
56
59
-6
-58
-12
42
48
1
-55
-36
30
58
-10
-59
32
31
-33
-33
38
38
-5
-27
6
57
20
-49
-28
39
42
6
-12
14
38
31
-9
-43
13
72
11
-71
-19
86
75
-7
-76
-31
80
71
-16
-44
0
34
14
-13
3
31
11
-4
-7
33
-4
-10
27
31
23
3
-47
-32
60
71
-38
-101
-44
85
98
-60
-143
-17
105
45
-74
-37
22
-14
-2
17
7
-11
-15
-16
53
24
-62
-29
16
38
41
-22
-109
-21
119
33
-114
-57
56
37
-32
-41
-13
36
55
-95
-94
32
107
16
-102
-71
41
121
18
-130
-114
25
111
41
-89
-96
17
60
1
-38
-3
18
-3
-21
-7
16
17
-13
-72
-44
34
48
-18
-54
-6
37
16
-33
-33
53
91
-17
-105
-18
106
93
-35
-133
-14
130
63
-73
-79
23
78
22
-66
-54
34
80
13
-86
-37
29
-5
13
23
10
-22
7
55
33
-54
-41
46
48
-39
-34
16
93
65
-103
-103
69
181
17
-143
-68
74
126
25
-92
-54
75
60
-62
-33
79
60
-29
-96
-23
106
112
-49
-134
5
155
70
-105
-49
65
57
-21
-66
-23
66
63
-31
-119
-79
77
149
4
-175
-92
137
151
-74
-175
8
147
63
-119
-122
66
144
-10
-133
-61
46
101
24
-110
-28
79
34
-44
-40
18
27
-22
-16
-30
3
21
6
-32
-18
-18
-53
30
59
-39
-90
-20
92
81
-48
-140
-53
97
69
-70
-98
23
84
7
-81
-54
48
56
-39
-100
-39
58
55
-49
-87
-11
63
65
-39
-106
23
103
-18
-101
-11
85
109
-28
-152
-76
149
175
-70
-214
-19
202
122
-102
-167
-3
170
112
-105
-166
7
185
84
-120
-128
36
128
41
-127
-109
94
149
-26
-113
-14
98
58
-58
-71
32
82
40
-6
-45
-23
37
91
-6
-86
-21
90
96
-26
-97
-9
85
60
-47
-81
52
110
-6
-60
-17
68
83
-7
-75
-32
74
88
-20
-68
-21
51
45
-33
-67
23
109
20
-101
-83
42
95
38
-75
-119
10
110
30
-94
-73
23
70
16
-53
-45
57
32
-40
-22
28
1
-25
1
1
8
-2
-16
-47
16
15
0
7
-33
-58
45
57
-27
-74
-35
14
43
14
-37
-73
-12
58
45
-33
-86
-40
35
26
18
-26
-41
-32
16
39
-10
-62
3
51
-16
-55
-27
41
36
-29
-71
-22
59
22
-60
-43
40
22
-41
-26
39
73
3
-95
-51
57
87
15
-74
-49
68
104
-5
-94
-37
68
50
-56
-61
13
88
15
-78
-35
38
47
6
-33
-40
39
77
-8
-57
2
49
43
-11
-45
-5
50
52
-16
-9
-22
-18
101
91
-87
-112
76
100
-14
-27
-4
23
25
-23
-9
55
45
-60
-27
60
56
15
-35
-29
6
48
15
-64
-17
62
42
-18
-30
-12
70
60
-59
-93
-26
50
65
18
-63
-74
9
99
1
-90
-60
41
77
42
-83
-89
62
103
-13
-87
-38
21
38
12
-13
-18
-17
-22
28
43
-28
-53
2
30
-8
-38
-30
37
36
-70
-54
15
30
-9
-65
-40
43
53
-9
-113
-11
100
25
-85
-56
50
42
-34
-86
-17
72
35
-74
-77
5
31
27
3
-65
-21
15
14
12
-8
-35
4
44
-2
-63
3
91
45
-81
-87
48
118
34
-102
-83
80
124
-15
-114
-41
78
89
-24
-103
-41
84
90
-24
-92
2
53
25
-24
-39
-4
8
10
39
-2
-62
-11
103
37
-62
-40
73
67
-17
-52
-4
67
50
-40
-67
27
95
30
-51
-33
32
42
5
-30
29
43
14
-42
-40
47
121
37
-100
-66
44
97
23
-59
-54
21
93
6
-78
-33
56
119
-2
-180
-109
147
182
-80
-187
-57
125
129
-62
-145
-27
87
59
-4
-57
-54
63
94
-49
-117
-14
88
27
-51
-32
18
41
-5
-44
-34
42
55
-37
-82
-31
38
39
-4
-60
-69
43
82
-13
-79
-63
43
83
6
-90
-67
42
50
-13
-90
-27
77
43
-107
-91
64
113
-31
-125
-38
74
80
-54
-119
-26
81
9
-54
-28
16
22
-30
-3
-8
25
69
1
-80
-42
43
71
-8
-48
0
39
3
-25
0
7
28
-2
-32
-22
15
47
39
-24
-83
-4
87
15
-44
-3
28
15
-18
-12
11
48
26
-45
-11
25
-19
1
81
35
-67
-30
25
74
48
-68
-97
28
138
57
-74
-72
19
71
41
7
-23
-9
4
5
35
54
-12
-52
-8
71
24
-52
-25
58
52
-21
-25
-32
39
58
9
-55
-70
15
88
40
-76
-83
28
81
45
-86
-96
46
117
12
-110
-74
79
85
-7
-70
-58
52
79
-22
-67
-20
37
35
-30
-80
-16
65
54
-69
-109
30
65
-7
-45
-19
0
2
-6
-2
-26
-14
-2
15
5
-7
-57
-27
5
-7
20
13
-47
-76
25
87
19
-60
-64
-22
55
27
-71
-31
25
10
-10
-1
-7
-22
20
4
-11
-8
-22
2
86
62
-83
-113
32
130
44
-93
-104
61
140
-6
-123
-28
86
63
-22
-76
-7
66
47
-31
-58
-5
21
15
-3
11
-11
-20
17
25
-6
0
41
20
-22
-29
15
57
26
-26
-27
44
63
17
-32
-44
-1
54
36
12
5
-10
-16
23
35
30
26
-13
-47
10
54
49
4
-25
-18
1
36
24
14
-10
-68
26
71
-28
-73
20
74
-15
-78
-72
40
163
33
-178
-117
112
125
-22
-129
-79
84
120
-46
-128
7
86
33
-58
-61
7
56
8
-32
-23
9
13
12
-8
-26
-11
52
7
-75
-61
50
71
6
-111
-91
12
135
73
-127
-170
19
163
99
-134
-181
28
132
29
-96
-70
14
19
7
1
-11
3
2
-36
-30
7
-20
9
6
-35
-49
-5
58
16
-63
-23
42
54
-34
-65
44
99
-4
-116
-62
80
160
-4
-178
-76
156
182
-43
-194
-75
181
151
-140
-174
67
186
12
-150
-92
93
128
-14
-111
-22
60
49
33
-31
-87
26
128
1
-109
-24
74
71
23
-52
-59
43
129
12
-122
-52
96
87
14
-46
-57
27
77
13
-40
-4
51
16
-16
-18
29
66
-3
-44
-16
50
40
2
-15
-40
13
33
-17
12
39
0
-44
-23
-15
15
73
3
-110
-32
57
47
-32
-38
-27
4
83
6
-88
-39
60
67
-7
-77
-28
36
13
-11
21
10
-31
-46
14
45
-38
-37
-19
-2
30
9
-41
-22
-3
-10
5
16
-27
-29
-32
22
68
-11
-72
-36
32
4
-27
-35
-5
66
-21
-108
-46
100
84
-50
-126
-55
65
110
4
-125
-65
63
49
-30
-39
-20
32
20
-40
-57
24
101
10
-103
-71
90
111
33
-88
-129
45
164
50
-115
-121
38
134
42
-96
-101
52
112
24
-99
-56
70
92
-21
-99
5
85
-1
-45
2
25
38
21
-43
-59
54
92
17
-67
-55
51
72
16
-49
-17
37
52
-3
-22
27
33
-22
-24
-3
60
61
-12
-63
-16
58
86
39
-61
-75
36
120
2
-92
-28
66
47
-24
-55
-43
49
104
2
-134
-61
92
106
8
-124
-102
56
151
-5
-152
-24
94
55
-53
-74
30
83
-7
-78
-34
38
56
-7
-86
-31
71
29
-41
-47
11
41
29
-46
-95
27
79
8
-82
-78
2
49
16
-45
-57
-9
44
35
-8
-36
-7
7
-44
-51
39
70
-9
-106
-68
81
108
-58
-121
-22
85
7
-66
-5
29
8
-29
-37
7
34
8
-40
-11
37
-3
-38
22
64
-12
-66
-39
63
75
-10
-105
-39
107
73
-65
-96
36
122
6
-96
-89
62
105
-11
-76
-4
53
3
-2
-13
-28
0
42
12
1
-29
-10
47
68
-11
-87
-14
92
64
-33
-67
21
94
63
-55
-85
44
67
38
-20
-41
35
51
4
-19
11
8
35
9
-37
1
85
66
-55
-86
5
87
75
-22
-102
-29
62
78
-26
-63
16
42
-10
-92
-34
91
93
-59
-152
-19
145
89
-124
-141
70
140
12
-145
-75
109
91
-31
-88
-41
64
66
-13
-64
-30
-5
35
32
-36
-63
6
48
19
-39
-39
-35
50
73
-78
-120
9
125
25
-114
-116
57
176
-18
-196
-63
101
65
-26
-59
-70
15
62
-37
-48
36
39
-64
-55
29
55
41
-24
-106
-34
64
56
-48
-80
1
79
21
-67
-36
48
95
1
-104
-63
78
149
15
-147
-65
94
102
-20
-96
-38
89
110
-50
-157
-13
176
87
-107
-102
10
86
61
-46
-88
31
105
22
-80
-43
57
81
-3
-63
-20
31
43
25
-24
-33
-7
51
50
0
-52
-20
42
62
30
-18
-36
20
18
25
26
13
-21
-7
-15
15
66
13
-55
-28
38
52
13
-55
-23
83
64
-71
-75
12
85
59
-79
-186
-6
234
81
-165
-147
24
144
70
-110
-131
32
154
36
-121
-94
88
106
-23
-132
-81
83
120
-33
-126
5
102
20
-75
-58
31
84
4
-104
-62
54
70
-29
-87
-54
40
74
-43
-68
-1
34
14
5
-29
-42
11
21
-47
-15
42
23
-35
-47
-32
16
64
19
-70
-92
-6
74
78
-41
-116
-41
57
70
-31
-90
-26
64
63
-29
-70
9
92
60
-107
-122
81
120
-28
-115
-33
101
66
-40
-74
-4
92
56
-67
-95
26
107
47
-93
-98
68
106
-17
-91
-13
29
32
31
-6
-25
-6
43
52
-17
-39
-17
53
89
-4
-77
-21
88
91
-34
-76
-53
53
108
23
-45
-64
18
56
33
22
-9
-30
-17
31
49
23
-31
-13
37
10
-14
21
44
-7
-20
10
-6
-7
13
6
4
2
-69
-46
104
68
-87
-104
31
138
45
-125
-71
67
76
-23
-114
-2
92
43
-18
-60
-26
37
51
-26
-30
1
-7
-37
3
74
11
-101
-47
53
40
-41
-55
3
53
3
-93
-41
69
34
-60
-64
14
56
31
-61
-103
9
73
17
-54
-21
26
2
-46
-16
14
22
-22
-52
-25
28
61
9
-81
-43
14
24
11
-29
-23
23
19
-42
-23
37
80
15
-88
-66
74
118
-16
-110
-45
87
88
-55
-94
0
121
31
-117
-54
71
79
-17
-59
-36
29
36
-5
1
38
5
-48
-37
84
57
-48
-46
23
64
12
-67
-26
86
67
-73
-89
46
144
20
-116
-76
93
159
-1
-102
-60
57
80
18
-26
-6
3
16
7
-16
48
74
-26
-63
9
62
12
6
-14
-10
25
4
-37
5
45
1
-45
-26
-5
26
73
-17
-119
-55
68
70
-17
-79
-60
60
114
-15
-102
-22
55
48
-17
-66
-15
48
7
-40
-16
2
-10
23
9
-53
-29
45
19
-31
-17
-12
16
22
-6
-58
-34
47
44
-59
-80
11
85
26
-87
-94
19
106
-3
-86
-28
56
44
-93
-109
66
132
-28
-155
-91
73
117
-16
-125
-20
73
36
-61
-43
11
75
24
-98
-71
58
136
5
-141
-56
80
94
16
-113
-79
114
130
-24
-90
-61
53
116
-36
-139
11
118
41
-31
-37
-33
34
99
-6
-109
-37
84
87
-6
-84
-50
85
112
-20
-103
-42
99
134
-9
-126
-69
115
136
-42
-148
-32
133
101
-66
-103
35
103
24
-89
-26
113
81
-55
-85
-9
119
114
-57
-125
17
105
26
-15
-39
-44
56
54
-57
-53
86
55
-52
-104
-21
146
96
-128
-151
42
146
63
-122
-143
35
143
36
-129
-101
70
130
0
-115
-76
75
93
-50
-67
13
19
-12
-12
11
-16
-26
-3
5
11
-30
-26
24
30
-54
-55
7
42
6
-62
-76
10
106
18
-81
-30
31
-6
-16
-25
-6
43
6
-94
-58
58
78
-5
-99
-72
47
84
-3
-78
-38
31
3
4
-4
-16
2
28
-38
-57
31
103
43
-111
-82
81
131
-13
-141
-46
145
75
-84
-94
-3
79
57
-36
-90
14
78
20
-36
-20
25
-8
-12
-8
2
37
0
-10
6
-6
10
54
46
-86
-75
76
114
17
-81
-47
42
68
2
-22
-14
-20
21
66
25
-30
-6
35
-6
-12
11
26
57
-42
-68
41
106
25
-49
-57
-5
89
43
-49
-21
54
43
-18
-60
3
55
38
-28
-105
-38
84
102
-78
-114
24
77
38
-61
-70
16
62
37
-52
-52
33
70
30
-72
-64
38
86
-23
-100
-7
56
35
-13
-59
-4
35
-4
-46
-13
-9
21
47
9
-55
-66
11
55
11
-54
-68
17
86
16
-81
-81
25
49
-20
-58
-34
52
28
-66
-45
61
38
-50
-73
-18
39
31
-8
-35
-31
-9
4
-7
9
3
14
-20
-34
-10
27
62
16
-63
-53
50
78
-11
-48
-24
50
60
-30
-73
-5
67
10
-27
7
-26
-17
64
54
-50
-86
9
102
56
-89
-83
34
82
20
-42
-27
45
44
0
-36
-21
38
83
50
-93
-64
72
112
-12
-101
-33
65
88
2
-65
-10
71
50
-27
-36
45
83
1
-73
-27
85
93
-4
-97
-29
85
100
-29
-90
20
77
11
-61
-34
48
56
3
-87
-107
50
156
4
-129
-91
70
127
-3
-144
-45
79
83
-55
-109
-6
68
59
-4
-81
-77
49
117
10
-108
-69
38
122
1
-139
-72
82
109
-46
-121
-37
61
87
-31
-137
-75
116
106
-48
-119
-35
96
64
-86
-94
18
74
3
-72
-24
59
33
-87
-90
27
114
17
-129
-113
47
119
7
-120
-64
45
55
-6
-63
-25
67
52
-71
-84
25
117
83
-92
-143
31
134
68
-73
-116
16
133
56
-89
-96
7
104
66
-42
-95
-48
88
99
-10
-100
-56
74
95
-17
-85
-28
78
71
-33
-72
1
75
47
-47
-35
50
66
24
-56
-75
54
126
14
-106
-76
62
122
30
-98
-39
69
12
-39
17
71
19
-20
-19
-48
69
101
-26
-80
0
72
59
9
-57
-87
68
109
-4
-86
-21
57
36
-53
-98
11
127
38
-98
-129
24
156
54
-133
-117
56
158
22
-142
-77
77
104
-28
-129
-39
106
72
-67
-63
5
25
23
-9
-45
-27
39
19
-38
-56
-7
36
54
-11
-91
-42
63
55
-27
-121
-51
107
89
-84
-121
-3
55
21
3
-28
-24
-20
-6
0
14
6
-20
-35
-25
-1
28
11
-54
-40
16
21
-8
-17
-15
0
50
-12
-74
8
97
55
-61
-95
-18
119
99
-81
-120
43
121
53
-60
-112
-1
134
41
-145
-87
103
126
-20
-106
-52
73
84
-4
-69
-22
39
33
18
-7
-24
7
29
17
-35
0
21
34
22
-23
-10
31
42
12
-17
-27
-9
47
71
-19
-44
23
28
-17
15
43
-3
-6
19
-12
8
67
10
-63
-9
27
31
3
6
8
8
-9
-41
0
45
41
-8
-67
-88
6
135
53
-127
-114
20
150
44
-135
-116
78
118
22
-103
-104
31
146
46
-111
-93
36
92
29
-75
-77
23
77
16
-46
-61
-6
51
-4
-77
-44
87
49
-53
-73
-23
49
56
-28
-97
-31
67
40
-42
-51
-8
34
4
-27
-38
7
17
-23
-68
-10
48
35
-27
-91
-36
70
67
-13
-90
-36
20
53
11
-73
-53
68
62
-49
-77
33
107
18
-114
-91
113
161
-27
-175
-32
128
103
-34
-120
-55
97
119
-28
-154
-65
123
133
-31
-150
-39
106
69
-56
-68
43
70
12
-55
-52
50
99
-2
-95
-40
81
121
14
-112
-53
71
105
21
-68
-71
11
76
51
-5
-37
-32
38
59
-7
-5
33
29
-2
-22
-9
66
66
-39
-86
13
99
48
-55
-64
24
52
35
-18
-20
6
42
4
-90
-41
75
75
-49
-85
-20
64
42
-55
-61
21
59
11
-38
-26
-12
25
19
-24
-25
4
44
20
-40
-72
6
64
15
-59
-56
31
60
-6
-88
-64
52
89
-5
-116
-80
78
104
-19
-120
-85
54
115
21
-117
-108
46
101
19
-80
-79
41
63
-39
-64
-10
50
14
-79
-66
21
87
30
-91
-102
19
80
33
-28
-81
-22
56
39
-45
-14
67
22
-47
-60
-2
99
74
-83
-90
58
91
-18
-84
-35
80
76
-46
-107
1
102
34
-42
-65
-8
80
40
-53
-42
34
60
7
-40
-22
58
64
-42
-50
12
72
35
0
-23
-29
22
95
42
-98
-72
82
103
-12
-78
5
71
25
-45
-36
74
96
-35
-86
-29
66
105
9
-65
-59
16
89
35
-47
-33
43
39
-30
-62
37
86
3
-86
-78
28
103
16
-82
-82
26
76
26
-59
-89
24
98
32
-81
-61
26
69
28
-62
-87
31
65
10
-19
-44
-59
43
81
-58
-81
39
66
-9
-85
-56
44
64
-22
-100
-40
51
56
-10
-76
-22
52
47
-35
-70
9
26
-18
-43
-27
22
43
-48
-94
34
95
0
-83
-54
31
55
6
-56
-51
21
18
-19
-28
13
37
-3
-9
-39
-36
75
97
-17
-111
-53
67
117
20
-125
-75
94
151
1
-170
-77
122
143
-47
-168
-26
147
88
-102
-144
16
134
55
-113
-67
52
95
22
-77
-71
76
140
-13
-123
-29
82
76
23
-68
-54
35
98
21
-53
-70
-3
123
79
-86
-102
36
102
28
-25
-46
26
86
4
-78
3
101
31
-61
-30
9
38
37
2
-31
-10
41
-11
-44
18
66
17
-70
-86
-1
100
57
-63
-95
-31
110
73
-88
-111
23
104
57
-86
-93
30
109
25
-105
-68
78
87
-82
-65
45
69
-13
-56
-7
29
0
-25
-29
8
9
6
-5
-10
-44
-29
31
5
-7
-47
-49
29
79
9
-76
-65
15
45
28
-54
-41
30
-10
-38
-7
34
29
-29
-75
-51
55
47
-27
-48
-43
-19
26
52
-28
-21
8
6
8
-28
-47
69
107
-46
-147
23
153
50
-103
-95
43
115
39
-109
-84
84
144
-18
-142
-43
106
66
-40
-86
-7
46
32
6
-21
-30
-15
25
52
-5
-35
6
73
47
-52
-80
20
98
24
-67
-21
55
52
4
-38
-42
40
80
-7
-31
-15
4
39
26
2
-14
7
30
-2
-8
45
49
-43
-14
14
26
25
12
4
-18
-21
37
16
-17
9
14
-19
-44
-21
33
85
9
-132
-72
89
73
-45
-91
-47
54
127
-12
-131
-22
73
57
-31
-71
-43
77
52
-89
-52
53
26
-32
-9
25
-13
-29
-2
4
1
-22
1
19
-41
-60
0
43
16
-56
-60
45
84
-21
-99
-30
49
26
-23
-46
-4
36
-9
-58
-26
53
64
-46
-133
-9
102
69
-44
-104
-36
49
61
-51
-104
-5
116
12
-104
-52
74
147
15
-172
-119
124
184
-19
-183
-68
158
140
-56
-152
-31
104
111
-46
-115
-31
105
72
-50
-117
-21
146
52
-83
-90
43
100
-3
-43
-2
30
33
-1
-29
-9
36
37
25
4
-50
-30
89
81
-46
-58
-11
53
73
15
-49
-2
50
1
-25
36
63
-38
-56
17
26
70
44
-55
-63
33
72
19
-26
-17
9
33
32
-34
-42
7
75
46
-86
-145
43
171
26
-154
-124
83
157
-7
-186
-94
149
148
-57
-166
-1
131
66
-78
-105
0
105
53
-90
-76
54
77
-25
-82
-36
62
36
-57
-52
18
6
-5
3
-8
-34
-43
-8
56
12
-86
-49
45
61
-26
-49
-29
-14
31
42
5
-45
-50
-54
24
70
-33
-47
-30
1
15
39
-13
-89
3
55
-23
-36
-7
1
22
33
-50
-50
52
70
27
-50
-62
6
98
74
-106
-94
73
129
-17
-117
-43
110
105
-57
-145
0
116
50
-52
-57
28
55
-16
-48
7
21
-11
8
22
-7
2
42
21
-34
-17
34
23
32
7
-22
-22
31
54
-14
-12
-16
23
48
24
-38
-15
47
22
-16
7
24
18
-28
-9
39
44
-2
-8
2
2
10
13
7
12
5
-4
-6
-15
-15
36
68
-1
-106
-66
86
113
-45
-107
-59
40
116
36
-142
-89
85
89
3
-84
-91
54
100
-6
-53
-7
-4
-31
38
62
-46
-68
22
74
-6
-77
-44
36
62
4
-56
-36
17
11
-29
-57
-27
48
63
-69
-90
35
108
31
-78
-97
-21
83
34
-38
-66
-1
-10
2
50
-13
-61
-14
9
-9
0
-1
-12
4
-17
-79
33
74
-8
-76
-14
14
-11
-10
33
45
4
-87
-37
98
101
-49
-126
-16
104
80
-24
-123
-33
103
92
-42
-111
-11
98
72
-75
-45
40
9
-22
13
15
2
-12
-8
4
28
27
-12
-23
1
25
10
7
19
38
-8
-72
46
110
-5
-116
-10
125
79
-57
-98
2
92
34
-54
-11
82
74
-65
-96
43
116
20
-74
-63
41
87
8
-35
8
49
15
-24
-32
1
54
61
-62
-144
-25
163
83
-110
-143
6
187
71
-175
-144
80
158
36
-122
-126
61
174
21
-155
-89
78
99
-12
-65
-69
27
81
-22
-75
-55
40
71
-14
-89
-49
65
85
-59
-114
-14
89
62
-53
-108
-34
63
72
-35
-103
-26
66
31
-47
-54
-6
50
5
-68
-40
59
48
-66
-83
6
53
29
-46
-72
10
52
3
-50
-24
21
45
-10
-82
-29
93
111
-60
-150
-23
189
116
-144
-185
68
225
29
-170
-112
109
174
-40
-177
-45
136
122
-33
-147
-41
128
89
-65
-96
19
90
45
-48
-69
9
105
46
-52
-62
1
94
75
-22
-99
-17
114
93
-36
-107
-41
117
119
-46
-110
21
108
23
-88
-28
97
91
-22
-128
-44
98
112
-6
-65
-41
43
53
11
-15
-22
10
19
-12
-26
11
32
25
-37
-102
7
136
38
-120
-94
39
120
44
-133
-115
79
138
-37
-126
-8
77
53
-30
-97
3
56
24
-20
-24
-4
18
7
-23
10
22
-27
-48
-19
22
17
-7
-42
-25
15
-6
-40
14
24
-52
-68
24
98
16
-100
-92
21
85
37
-85
-100
27
93
-3
-98
-28
79
19
-78
-63
27
86
2
-82
-61
41
55
-13
-48
-19
56
17
-52
-15
29
57
9
-84
-54
80
89
-26
-57
-23
57
70
15
-57
-35
42
42
-30
-15
1
-14
24
62
-12
-53
-52
11
75
62
-74
-109
29
132
18
-55
-22
7
63
20
-82
-19
115
42
-76
-29
75
71
-23
-92
-18
98
94
-37
-50
-8
50
34
-18
-11
36
16
-18
-9
52
58
-10
-41
-16
23
30
25
14
-26
-23
14
29
19
-12
4
25
-24
-79
-17
90
50
-34
-88
-50
70
79
-65
-136
34
148
24
-127
-76
65
100
2
-92
-41
46
50
-15
-46
-29
45
22
-30
-32
0
27
-5
-36
-37
17
43
18
-31
-57
-18
4
33
4
-65
-61
40
96
8
-111
-95
39
108
-24
-127
28
88
-20
-95
-36
59
90
-28
-143
-62
119
83
-73
-92
-18
33
50
-2
-92
-38
75
46
-56
-77
29
84
50
-91
-75
66
131
12
-126
-70
85
109
8
-116
-65
84
88
-34
-83
-19
41
61
19
-83
-35
55
48
3
-27
-21
14
66
6
-56
-15
71
31
-27
-16
-15
44
53
-20
-46
-1
71
47
-25
-58
-14
80
57
-18
-49
-17
71
27
-49
-15
79
55
-75
-68
69
123
1
-105
-34
59
91
-12
-40
-17
17
36
10
-44
-1
77
34
-103
-83
37
105
54
-109
-138
56
147
-11
-140
-29
64
55
27
-71
-83
52
116
11
-110
-42
36
45
-27
-45
22
22
-6
-37
0
49
30
-41
-82
-22
58
52
-27
-75
-31
20
35
-10
-28
-47
-31
25
53
37
-63
-93
-11
97
24
-107
-67
75
45
-32
-53
-17
40
37
-56
-57
15
41
3
-35
-26
-14
13
22
-16
-13
35
3
-61
-48
80
118
-8
-149
-84
137
139
-67
-146
-20
132
69
-72
-66
5
81
25
-40
-45
25
39
-33
-41
44
32
-12
-14
-14
6
56
3
-49
-8
20
19
30
27
-29
-45
28
83
46
-34
-81
22
114
28
-67
-50
48
67
-4
-57
12
79
27
-74
-37
87
88
-22
-123
-19
142
116
-74
-127
-5
114
69
-51
-70
15
81
28
-54
-71
11
89
46
-63
-102
-15
95
76
-62
-122
-13
111
63
-110
-80
57
56
-11
-40
-15
25
21
-19
-51
12
43
10
-45
-14
33
10
-25
-17
15
26
-6
-18
-42
-3
9
23
11
-53
-58
-27
35
45
-16
-73
-54
59
103
-64
-118
8
77
-21
-72
-12
14
62
-14
-123
-23
125
30
-90
-99
8
91
39
-78
-86
51
56
-45
-82
-5
93
49
-74
-73
30
67
42
8
-55
-57
29
99
20
-83
-43
33
93
7
-63
-21
50
47
-43
-49
12
49
16
-26
0
25
-7
-8
13
10
-9
-22
-9
70
39
-28
-41
19
49
-1
-27
0
67
50
-78
-65
85
130
-14
-154
-73
147
167
-34
-119
-20
87
77
-44
-74
29
118
17
-114
-33
107
72
-31
-63
-23
65
69
1
-46
8
-6
-8
29
-2
-4
38
4
-99
-36
92
43
-40
-45
-65
23
119
-15
-135
-19
63
53
5
-58
-41
12
100
43
-106
-104
37
126
31
-108
-84
76
88
-21
-93
-56
53
65
-38
-75
17
61
15
-68
-83
5
83
50
-80
-104
28
135
5
-109
-52
40
41
4
-50
-41
26
50
-47
-63
14
33
-2
-54
-41
4
40
26
-26
-30
-39
9
38
-18
-49
5
51
2
-46
-23
55
79
-32
-121
-13
109
71
-24
-104
-62
109
150
-52
-161
-37
95
83
-5
-84
-70
57
99
4
-65
-82
-8
138
81
-135
-117
117
146
-48
-124
8
115
60
-95
-98
70
144
6
-108
-58
98
123
0
-142
-82
117
158
-34
-130
-20
113
60
-53
-41
44
71
-7
-85
-8
102
64
-35
-89
-13
109
78
-58
-73
32
66
2
-47
-38
26
96
7
-139
-98
116
171
-16
-153
-120
72
145
-11
-106
-69
58
96
-22
-91
-15
93
43
-48
-70
13
75
10
-72
-48
50
76
-38
-81
-29
60
67
-29
-103
-30
75
37
-60
-60
-20
55
62
-71
-92
24
80
-34
-50
-14
4
12
-21
-42
26
53
-13
-91
-32
49
48
-12
-51
-76
-19
59
26
-59
-26
18
9
-13
25
2
-41
9
28
-16
-44
-8
62
56
-44
-119
22
130
52
-76
-88
12
105
38
-60
-81
11
71
32
-28
-57
-18
70
64
-52
-64
29
29
-11
2
2
-14
20
39
3
-13
-17
6
27
2
-2
8
48
28
-29
-5
18
38
32
4
-32
-15
5
23
52
28
-41
-24
11
55
47
-30
-35
29
62
20
-19
-38
38
72
-24
-73
35
102
22
-58
-70
-15
70
58
-13
-43
-47
-44
38
122
-6
-143
-57
83
111
-14
-143
-76
90
139
-5
-152
-46
116
99
-69
-124
-8
105
46
-78
-70
44
49
-31
-42
15
28
2
-35
-47
-19
19
38
-3
-47
-48
-20
55
34
-21
-59
-44
30
52
6
-78
-95
35
78
-9
-51
-10
10
-7
-22
-24
11
32
-40
-55
0
50
4
-72
-41
21
49
-13
-46
17
31
-4
-65
-8
28
37
58
-16
-88
-57
85
136
-39
-155
-27
109
113
-16
-140
-50
118
86
-67
-84
12
62
51
-42
-82
21
86
-8
-43
-6
28
22
10
-23
-22
55
38
-34
-25
25
46
21
0
-24
5
11
21
30
-3
-39
9
63
39
-35
-52
30
57
6
-44
34
78
-7
-57
-21
83
75
-39
-78
5
78
26
-20
8
2
9
-12
11
7
30
6
-28
-11
-45
-23
55
38
-49
-76
-15
79
41
-67
-61
33
68
22
-72
-56
55
71
-6
-78
-29
12
54
36
-34
-72
0
50
-4
-48
-21
10
50
-24
-109
-21
109
30
-72
-74
-35
36
116
-8
-182
-38
127
66
-54
-73
-34
30
46
-38
-46
47
28
-69
-52
33
14
16
-20
-56
-14
41
31
-21
-62
-44
-1
62
11
-36
-30
18
2
-10
-12
19
62
6
-77
-48
56
89
-5
-80
-10
68
60
-23
-70
-18
80
44
-61
-55
6
28
62
27
-65
-41
41
39
-28
-20
-1
45
20
-39
-34
50
94
-14
-83
-21
70
83
7
-60
-41
36
98
37
-85
-81
50
84
22
-16
-21
-12
24
17
-15
6
88
17
-70
-24
32
33
59
-8
-100
1
107
36
-47
-72
12
124
83
-139
-110
123
142
-85
-190
-31
188
131
-134
-213
20
228
71
-185
-142
99
169
0
-155
-113
120
158
-25
-153
-54
108
94
-43
-95
-19
65
48
-43
-51
-3
40
23
-60
-85
39
97
-29
-117
-33
56
24
-11
-12
-53
-41
53
69
-30
-98
-63
47
58
-20
-48
18
1
-20
-26
30
18
-40
-39
-44
9
39
-6
-20
-16
-41
-21
39
21
-24
-47
12
47
-17
-45
53
90
-36
-136
-40
88
137
17
-151
-120
114
197
-22
-170
-84
92
145
-24
-156
-24
131
64
-63
-64
29
30
-14
-37
11
48
7
-18
4
31
30
0
-5
3
-19
-2
59
46
-15
-37
-22
49
107
3
-120
-58
109
120
-24
-80
-17
61
35
11
-3
30
-9
-46
15
73
92
-11
-94
-41
95
77
-39
-70
32
68
23
-52
-68
22
98
49
-88
-140
5
172
82
-106
-156
-17
157
85
-135
-110
30
86
37
-54
-53
16
54
-8
-74
-12
67
33
-73
-49
52
64
-15
-84
-40
50
76
-43
-94
-25
42
35
1
-60
-63
12
42
-22
-13
15
-60
-24
66
56
-67
-100
0
62
48
-26
-66
-13
18
-7
-10
-5
9
-12
-45
-19
20
33
-19
-26
-22
-8
4
12
-7
-21
-15
26
4
-27
-2
71
44
-51
-91
6
76
60
-22
-102
31
111
20
-67
-44
27
65
38
-60
-76
42
90
3
-79
-3
56
-1
-18
27
5
-16
14
8
2
13
8
5
9
-4
-16
11
74
25
-55
-40
47
84
19
-95
-68
61
118
10
-66
-43
12
88
32
-73
-22
82
70
-38
-93
12
87
64
-27
-96
-4
117
46
-58
-59
-10
65
34
-38
8
29
-25
-74
12
85
31
-47
-102
-19
101
80
-61
-128
-19
86
84
-43
-95
-39
73
81
-16
-94
-38
72
76
-38
-109
-17
87
54
-78
-81
38
72
-19
-86
-38
60
67
-27
-92
-54
85
73
-61
-116
-35
79
60
-33
-81
-40
40
60
-13
-41
-2
4
-39
-22
0
22
37
-2
-54
-59
11
81
22
-59
-95
-17
70
32
-61
-30
49
19
-70
-31
40
91
60
-150
-142
127
189
21
-142
-136
73
200
25
-216
-100
168
143
-80
-141
-28
117
96
-68
-101
22
93
14
-58
-36
19
65
12
-56
-42
46
74
-4
-54
-23
9
75
68
-28
-80
-18
86
88
-19
-109
-34
100
73
-2
-45
-19
1
39
20
-23
-7
27
18
-25
-6
58
52
-40
-42
9
49
25
-9
-38
11
51
7
-50
-48
50
79
-28
-108
-32
91
92
-51
-125
-31
113
73
-81
-103
0
105
63
-73
-122
49
140
-41
-160
-12
117
42
-55
-66
8
63
15
-59
-20
9
11
45
-16
-104
-26
78
15
-23
-39
-76
0
114
34
-142
-80
77
100
1
-107
-80
52
84
-12
-97
-27
48
26
-55
-65
44
53
6
-98
-68
44
76
14
-67
-84
5
78
28
-88
-51
63
40
-33
-41
-22
62
79
-68
-105
41
96
22
-70
-60
51
109
27
-137
-63
120
109
-80
-119
21
114
48
-97
-76
81
77
-43
-65
18
63
-11
-48
1
58
43
-34
-45
31
52
-11
-38
37
93
7
-107
-23
114
96
-63
-135
5
164
87
-97
-107
72
108
-14
-31
2
25
34
4
-64
23
127
20
-101
-46
61
74
5
-26
-38
30
56
-34
-35
45
57
-45
-97
2
95
68
-62
-103
-22
74
84
-57
-115
-20
78
62
-39
-105
-3
111
30
-83
-50
19
46
4
-37
14
33
-30
-56
17
39
-18
-26
-6
-31
-6
37
-23
-52
-13
0
8
24
-3
-56
-41
30
56
-13
-63
-38
16
10
-33
-33
25
36
-33
-74
-32
79
43
-60
-97
-24
114
70
-113
-133
37
129
-7
-95
-65
54
106
-17
-148
-61
111
149
-5
-126
-86
45
133
51
-97
-93
28
93
64
-34
-85
-16
93
67
-55
-106
27
113
27
-100
-46
69
39
6
-41
-25
40
58
-17
-66
-8
89
70
-38
-101
-6
88
82
-14
-100
-28
86
111
-21
-86
-40
63
88
21
-50
-43
30
69
-1
-22
18
29
-11
-43
-5
63
77
1
-77
-25
65
57
3
-30
-33
20
54
-7
-48
-9
48
24
-48
-67
-1
68
57
-49
-84
-1
87
13
-74
-22
26
18
14
-40
-41
34
43
-45
-25
16
-5
-4
8
-25
-20
57
42
-59
-79
-12
68
47
-57
-115
10
149
36
-150
-113
58
145
32
-131
-121
37
108
42
-66
-101
-20
55
54
-8
-68
-25
30
-6
-18
16
5
-1
-47
-44
26
40
-17
-72
-28
51
48
-27
-51
-14
63
44
-77
-84
21
110
74
-75
-109
-5
109
106
-61
-142
-19
151
99
-91
-141
-1
116
84
-44
-105
-29
102
96
-55
-119
-4
99
49
-43
-68
9
56
15
-31
-26
18
46
37
-31
-74
30
110
27
-86
-59
48
112
43
-106
-85
83
109
-22
-67
-21
54
85
-26
-105
27
142
16
-108
-60
81
120
2
-107
-60
116
83
-72
-71
48
77
-30
-71
-14
74
65
-55
-130
-44
117
127
-18
-159
-88
114
156
-40
-172
-67
111
109
-37
-131
-20
129
67
-102
-96
62
81
-8
-78
-12
46
19
-39
-45
48
38
-42
-42
22
7
-6
-34
-11
40
-2
-45
-28
37
7
-62
-32
27
48
9
-62
-57
11
54
-6
-39
-26
2
0
-18
-30
31
25
-53
-72
-1
52
37
-38
-69
10
53
6
-48
8
12
-24
-21
-2
14
39
25
-71
-56
68
62
1
-8
-36
-18
67
81
-44
-89
9
82
33
-68
-71
14
83
28
-42
-35
10
20
19
-20
-12
44
64
-35
-99
-2
112
79
-72
-93
13
99
60
-44
-56
9
61
64
23
-56
-96
19
110
41
-17
-62
-5
86
79
-37
-52
34
50
13
-8
-7
39
26
-32
-32
46
27
-12
42
26
-21
-38
1
37
27
3
-32
-36
-9
3
27
24
-20
-35
-40
40
53
-37
-84
13
88
8
-76
-38
45
43
-15
-68
-25
68
37
-67
-32
-3
21
41
8
-83
-48
65
70
-81
-116
18
109
40
-74
-120
-20
99
75
-59
-122
-24
79
64
-13
-90
-54
37
45
-8
-48
2
12
-36
-55
-10
63
42
-67
-103
-9
74
59
-24
-126
-40
101
73
-78
-99
4
97
39
-80
-104
60
145
20
-155
-70
133
142
-18
-145
-61
94
121
-19
-118
-32
84
84
-59
-118
-14
114
87
-64
-97
31
94
28
-64
-44
13
48
68
-23
-82
-3
102
58
-46
-78
-36
126
128
-86
-152
27
168
67
-73
-106
-22
145
96
-80
-89
11
94
20
-44
0
55
34
-52
-32
56
64
-20
-77
12
85
47
-48
-41
38
42
9
-22
-35
12
55
24
-68
-78
17
80
44
-63
-93
-8
100
63
-59
-101
3
106
38
-86
-72
54
70
-9
-61
-48
21
53
-7
-35
0
0
-14
7
22
-11
-14
13
-52
-52
15
50
22
-40
-73
-43
38
69
18
-91
-107
38
137
43
-142
-131
78
130
-27
-127
-15
56
-10
-43
-9
19
38
-31
-63
0
43
-26
-57
13
4
-26
36
5
-36
-5
31
-13
-17
-25
-3
84
61
-94
-111
75
160
1
-137
-77
89
132
-19
-105
-49
83
102
-10
-124
-61
77
90
-13
-66
-15
41
15
-28
-24
6
50
21
-16
-19
35
40
-12
-22
-24
15
53
70
-8
-101
-21
111
59
-59
-67
28
78
43
-16
-39
21
46
-13
-50
15
91
51
-61
-87
49
134
53
-115
-114
86
149
1
-80
-60
53
82
-42
-85
-21
92
58
-63
-98
-11
98
90
-70
-152
-7
152
52
-118
-103
47
100
40
-104
-113
84
104
-38
-72
-20
39
74
-12
-98
-9
99
11
-105
-32
63
55
4
-96
-74
44
70
3
-44
-48
-27
22
44
-3
-84
-38
47
53
9
-69
-42
15
13
-8
14
19
-42
-43
-17
23
30
-25
-47
-48
14
49
-6
-54
-31
3
6
36
-18
-47
9
40
8
-58
-6
47
54
9
-59
-46
21
80
34
-76
-76
36
126
15
-101
-38
63
66
-7
-65
-43
38
82
-1
-57
-54
17
79
9
-86
-41
69
86
-5
-56
-19
52
50
-43
-54
37
64
22
5
-48
-64
78
99
-29
-73
-1
71
27
5
-14
-16
36
18
-4
13
48
-2
-38
19
38
18
2
8
30
11
-24
-37
54
61
-24
-74
-19
54
75
8
-74
-66
18
40
17
-3
-24
-15
-26
9
45
-28
-46
-34
16
89
31
-92
-43
48
77
-13
-97
-48
65
85
-22
-103
-36
71
64
-23
-132
-30
140
74
-145
-152
84
164
-8
-156
-113
83
140
-2
-165
-93
82
97
11
-115
-72
56
69
-24
-72
-12
66
-8
-81
-19
58
23
-41
-53
-47
7
79
21
-84
-69
14
53
38
-25
-82
0
69
6
-97
-21
115
79
-70
-83
-1
103
77
-43
-106
-27
117
102
-41
-115
-34
103
79
-62
-113
5
117
65
-81
-65
33
62
39
-25
-56
3
74
35
-49
-44
22
101
26
-87
-63
84
125
4
-100
-55
76
151
-23
-134
-50
105
109
-27
-74
-33
77
60
-29
-20
46
50
-52
-60
16
101
84
-50
-87
-35
63
86
26
-64
-83
20
112
63
-83
-98
61
107
-53
-139
-21
124
101
-87
-172
-11
167
41
-131
-76
53
93
-15
-88
-35
104
71
-95
-72
51
57
-33
-84
11
71
21
-69
-37
17
24
17
-34
-71
-5
61
41
-40
-102
-53
66
100
-44
-131
-17
90
50
-63
-85
15
88
-9
-108
-32
97
97
-86
-187
-20
175
113
-104
-183
-15
122
95
-55
-133
-33