#4
558
-437
-711
148
657
94
-557
-358
413
495
-227
-606
-61
539
300
-424
-529
136
568
106
-496
-368
270
453
-108
-510
-160
402
311
-246
-437
14
392
185
-325
-326
116
382
60
-336
-211
257
327
-125
-383
-65
335
231
-205
-355
13
373
148
-316
-277
167
360
-22
-391
-144
306
295
-150
-355
-59
346
238
-246
-380
23
395
193
-310
-350
131
385
28
-346
-192
237
290
-148
-369
-47
359
269
-297
-438
54
465
182
-349
-351
135
401
87
-347
-241
244
340
-102
-375
-43
362
259
-292
-383
131
413
60
-343
-230
200
321
-26
-363
-134
324
281
-205
-428
-31
422
238
-318
-398
106
456
78
-427
-288
281
401
-95
-460
-124
397
303
-232
-439
13
419
203
-327
-390
112
464
105
-409
-273
242
335
-45
-358
-119
303
283
-203
-403
14
425
231
-338
-371
142
414
68
-361
-213
254
299
-151
-397
-23
370
175
-297
-338
123
385
32
-340
-248
186
325
-47
-337
-110
253
221
-163
-294
21
307
128
-275
-260
140
321
41
-261
-194
180
291
-46
-297
-80
243
210
-122
-292
4
305
134
-261
-258
139
318
6
-321
-175
273
290
-155
-377
3
359
171
-279
-335
121
418
85
-405
-289
228
405
-12
-413
-212
293
344
-143
-415
-30
435
210
-382
-381
182
475
96
-425
-316
226
433
25
-420
-194
292
359
-100
-398
-78
382
265
-237
-389
62
445
153
-386
-341
237
441
-20
-443
-182
349
332
-240
-464
18
445
210
-346
-370
177
401
0
-371
-170
266
266
-137
-314
-22
260
160
-188
-290
55
332
88
-275
-240
154
313
40
-283
-188
193
269
-48
-279
-99
245
243
-148
-315
45
340
91
-259
-239
100
283
95
-251
-212
166
237
-77
-233
-29
190
106
-180
-225
61
254
44
-244
-197
131
218
-17
-245
-109
184
199
-93
-254
-61
234
154
-142
-221
11
264
134
-191
-203
118
188
-9
-157
-63
125
146
-46
-163
-21
171
91
-116
-163
51
193
24
-188
-98
130
160
-54
-183
-25
154
95
-134
-155
91
189
-15
-203
-91
151
157
-68
-206
-38
137
114
-114
-145
53
189
20
-219
-126
192
247
-81
-266
-78
236
221
-94
-266
-10
211
138
-106
-152
16
204
75
-214
-143
167
233
-61
-246
-37
210
134
-146
-200
85
258
31
-299
-187
213
317
-72
-362
-125
304
262
-167
-340
15
301
128
-212
-253
71
292
55
-278
-173
168
234
-35
-265
-122
225
231
-98
-305
-69
269
215
-142
-282
26
277
71
-219
-166
162
244
-33
-261
-132
180
268
-35
-296
-107
227
205
-138
-263
-1
258
96
-239
-243
152
312
-31
-376
-171
294
304
-156
-384
-51
319
240
-221
-363
68
402
101
-365
-297
205
404
37
-371
-219
255
328
-82
-360
-88
320
275
-181
-358
35
388
115
-321
-223
186
296
-8
-307
-141
231
272
-124
-325
-43
305
158
-230
-212
124
254
-17
-262
-122
214
262
-81
-316
-92
247
250
-149
-274
-6
245
90
-176
-165
124
239
23
-269
-119
239
244
-105
-254
-8
237
122
-151
-154
73
189
6
-162
-60
152
113
-92
-139
-20
119
91
-62
-113
-14
91
27
-95
-61
96
92
-42
-128
-53
111
115
-76
-176
6
157
46
-117
-104
48
141
7
-148
-102
83
142
-12
-145
-78
93
176
-14
-215
-65
173
157
-67
-181
-58
176
149
-127
-187
62
174
49
-185
-160
133
262
0
-276
-161
160
246
-30
-244
-100
162
150
-113
-196
41
204
44
-224
-159
127
206
-29
-247
-111
221
204
-131
-263
49
244
53
-192
-166
145
257
-9
-267
-131
232
240
-115
-268
-8
285
129
-195
-217
91
257
33
-230
-154
154
246
-17
-268
-110
207
187
-80
-221
-35
183
111
-98
-162
7
136
60
-111
-127
55
159
-12
-167
-70
102
111
3
-99
-86
35
83
-5
-40
29
35
-40
-76
26
162
91
-139
-136
73
181
69
-125
-134
67
177
9
-150
-57
102
104
-19
-121
-31
98
91
-69
-116
10
102
11
-109
-54
55
82
-5
-78
-63
57
97
-4
-96
-84
59
122
-16
-122
-12
101
23
-70
-32
40
35
-18
-65
8
70
55
-83
-116
51
154
29
-136
-99
106
151
-11
-132
-47
117
118
-86
-184
27
211
109
-156
-213
35
193
70
-146
-173
60
178
8
-155
-94
88
121
-56
-173
-21
167
72
-130
-174
42
204
20
-189
-117
151
170
-88
-186
-18
208
147
-149
-258
45
284
69
-235
-154
177
240
-36
-269
-88
251
183
-130
-237
2
233
139
-171
-224
43
262
88
-215
-207
88
246
38
-211
-168
133
225
-43
-228
-50
183
115
-155
-175
36
206
115
-141
-216
20
200
55
-111
-79
68
109
-57
-113
61
148
54
-126
-124
69
183
67
-121
-141
58
186
69
-155
-158
59
207
36
-185
-119
127
183
-27
-200
-118
124
158
-18
-118
-79
62
135
-28
-145
-22
160
66
-161
-135
87
159
23
-149
-91
97
121
-35
-145
-42
108
111
-70
-114
49
108
-44
-98
37
60
21
-22
-85
-3
89
51
-61
-50
44
40
-62
-52
81
96
-35
-146
-52
99
123
-36
-147
-65
86
81
-16
-103
-53
80
38
-71
-80
28
97
16
-129
-92
117
146
-83
-165
15
133
19
-114
-71
110
139
-19
-177
-71
141
173
-67
-188
-17
162
117
-62
-157
-12
149
84
-121
-139
72
174
-1
-138
-61
101
111
-57
-135
-15
122
78
-64
-111
9
79
35
-60
-65
31
92
-42
-109
2
98
78
-23
-107
-70
77
96
12
-38
-13
-18
5
55
46
9
-6
-27
-32
52
60
15
12
-27
-34
29
89
22
-68
-72
29
111
2
-104
-37
85
63
-81
-135
3
139
77
-123
-150
38
183
32
-183
-120
103
131
-37
-141
-23
113
92
-75
-141
27
140
14
-127
-47
89
60
-43
-81
27
68
-14
-65
5
92
53
-72
-112
-4
142
78
-73
-135
-2
168
36
-153
-61
132
126
-94
-200
-20
193
165
-138
-264
-8
212
88
-136
-162
16
140
39
-119
-103
83
115
-71
-117
39
118
28
-108
-75
70
85
-59
-71
31
66
37
-45
-89
30
119
24
-93
-41
24
74
61
-24
-69
-23
64
74
-49
-113
40
180
23
-178
-105
142
185
-59
-224
-79
177
206
-50
-239
-89
166
159
-89
-166
8
132
38
-115
-93
55
180
5
-208
-112
133
194
-5
-195
-89
118
151
-23
-143
0
153
62
-107
-67
106
109
-18
-136
-45
145
118
-57
-169
-33
147
106
-101
-141
7
168
69
-164
-178
104
229
13
-238
-107
130
163
-33
-193
-54
157
81
-121
-107
51
111
32
-132
-83
109
97
-49
-106
-11
45
82
12
-91
-66
56
72
-17
-49
1
57
43
-42
-83
14
111
38
-95
-82
3
109
64
-53
-60
6
15
3
-11
25
25
-60
-27
23
8
25
-21
-40
-36
11
13
1
-17
-27
-14
29
50
-43
-52
19
64
-8
-75
-42
71
74
13
-72
-51
5
82
40
-75
-58
56
85
-17
-83
-32
85
81
-38
-112
-15
76
84
-20
-82
-32
75
73
-32
-62
-31
18
36
53
-29
-105
-20
82
43
-51
-69
8
75
5
-82
-48
37
113
42
-143
-126
95
167
25
-124
-87
47
114
73
-92
-109
65
121
-15
-83
4
111
70
-114
-113
86
152
21
-157
-101
126
151
-49
-186
-19
182
95
-148
-191
60
199
40
-164
-139
70
171
18
-190
-76
136
111
-105
-138
66
159
6
-112
-86
65
121
4
-121
-88
92
120
-7
-89
-39
5
42
35
1
2
-13
-15
-4
11
40
33
-23
-47
3
-10
3
46
17
-6
-35
-54
-5
54
50
-29
-89
-42
27
60
-2
-85
-49
36
35
3
-55
-31
28
12
-28
19
13
-42
23
36
-39
-62
8
41
43
19
-30
-60
-4
59
58
-43
-54
32
69
6
-80
-20
95
38
-82
-62
46
89
27
-71
-51
45
89
-22
-89
3
43
-24
-45
41
41
1
-59
-57
39
84
45
-88
-91
17
85
18
-88
-17
85
13
-100
-53
83
119
8
-125
-76
79
156
30
-132
-51
113
108
-28
-82
26
85
36
-57
-59
51
87
-7
-136
-36
139
97
-139
-107
92
111
-16
-122
-74
82
135
-39
-180
-33
136
83
-93
-155
18
119
-2
-98
-14
58
38
3
-55
-70
53
62
-36
-85
7
60
51
4
-35
-54
-8
63
26
-33
-7
37
4
-41
-13
51
48
-2
-58
-83
5
136
80
-78
-142
-6
116
60
-72
-86
1
60
36
-50
-80
5
77
-10
-92
-35
55
51
-38
-79
-18
57
56
-37
-72
-6
74
1
-67
-20
78
90
-17
-105
-29
74
97
-8
-106
-34
94
74
-50
-93
15
88
23
-67
-54
45
88
-18
-55
13
57
28
-21
-45
-22
18
0
36
33
-45
-77
16
51
5
-24
-41
25
55
-44
-62
16
99
63
-101
-108
10
132
79
-107
-109
31
106
45
-31
-53
26
53
-18
-35
35
78
11
-58
-28
32
61
29
-43
-69
8
94
20
-85
-62
71
92
-20
-130
-81
106
167
-53
-181
-49
120
91
-83
-131
-2
117
73
-89
-105
23
130
40
-111
-91
39
111
15
-117
-72
81
91
9
-77
-87
30
116
43
-83
-98
28
121
33
-92
-69
59
104
12
-156
-87
170
157
-72
-183
-57
100
94
4
-121
-102
65
136
-17
-124
-35
96
48
-105
-98
86
100
-39
-112
-38
81
78
-34
-139
0
159
17
-153
-60
112
141
-27
-136
-48
110
123
-50
-154
-2
170
89
-130
-145
83
182
0
-167
-81
121
146
-51
-137
-51
94
101
-10
-106
-45
36
55
-13
-13
-12
12
-18
-14
11
38
10
-71
-58
12
83
33
-35
-28
-21
0
15
-15
-1
21
45
-8
-64
2
102
60
-31
-70
-58
61
148
34
-128
-80
74
119
5
-90
-72
47
96
-20
-111
-7
108
59
-76
-104
-27
102
52
-75
-58
12
55
10
-58
-35
52
38
-48
-45
22
34
2
-37
-42
20
53
-7
-52
-7
40
24
-10
-15
8
34
0
-48
-8
55
41
-6
-45
-6
24
35
18
-20
-16
40
-22
-81
33
114
18
-48
-72
-31
49
77
-2
-105
-58
44
81
-10
-76
-40
26
17
-52
-47
18
21
-14
-51
-24
52
30
-32
-33
29
38
-30
-52
0
79
73
-36
-115
-33
119
89
-50
-122
-3
118
44
-93
-59
74
84
-13
-83
-41
80
87
-48
-110
-4
98
51
-54
-96
-25
98
71
-58
-83
-25
67
68
-37
-113
6
107
5
-90
-56
26
106
87
-108
-155
9
134
110
-21
-123
-26
72
65
17
-29
-21
4
38
27
-10
-25
3
57
18
-32
-5
10
37
12
-3
3
0
-2
-2
33
40
-48
-100
-30
92
53
-45
-69
-14
82
39
-61
-51
9
52
9
-55
-31
31
45
3
-57
-32
30
18
-23
-9
13
5
-6
5
54
-30
-93
-20
99
96
-42
-122
-31
122
99
-73
-83
34
85
-10
-107
-19
102
86
-40
-134
-62
105
118
-26
-130
-86
87
72
-50
-52
-19
36
24
-58
-75
31
100
-46
-129
-4
127
35
-109
-83
54
115
0
-148
-53
146
123
-54
-173
-61
180
153
-113
-162
28
177
73
-121
-120
80
148
28
-145
-117
80
162
-6
-157
-48
117
95
-34
-120
-19
86
86
-34
-95
3
79
31
-62
-51
26
68
-23
-81
-37
55
73
51
-68
-103
-4
85
83
-7
-70
-40
50
58
12
-52
3
48
-1
-48
12
95
57
-93
-70
76
109
-12
-108
-68
57
113
8
-122
-59
76
103
1
-147
-100
112
142
-11
-159
-98
113
133
-42
-159
-14
130
49
-114
-75
25
78
33
-84
-76
60
85
-26
-99
-16
76
62
-29
-48
-4
22
15
-6
5
9
12
-24
-31
8
41
40
-13
-37
-34
-23
71
70
-10
-88
-35
49
38
-29
-48
10
10
-14
-12
-1
-13
-17
-36
-39
4
27
5
-2
-27
-29
-1
45
5
-44
8
19
-1
-8
-18
18
47
33
-9
-58
-30
53
87
10
-58
-9
32
17
12
-36
15
34
-13
-27
-18
19
30
33
-33
-70
16
90
20
-60
-70
4
60
39
-47
-26
-6
-13
27
36
-10
-42
-23
-2
14
23
21
51
-20
-109
-51
40
117
47
-64
-77
0
78
51
-22
-29
2
10
-6
36
68
2
-65
-22
24
59
51
-26
-99
-9
129
32
-134
-77
102
129
-20
-181
-92
128
155
-48
-202
-51
177
113
-126
-174
58
162
21
-158
-103
133
133
-30
-156
-46
97
116
-47
-131
-47
96
98
-37
-78
18
47
-3
-10
3
5
37
30
-51
-36
85
94
-24
-93
-42
24
53
72
-12
-38
-44
-20
13
10
38
9
-81
-84
63
89
-42
-59
-2
-38
-22
31
38
-58
-49
2
34
18
-10
-31
-12
9
17
-11
-33
3
50
49
-27
-81
-44
73
105
-7
-97
-25
82
86
-32
-105
-19
117
43
-46
-60
-18
56
42
-56
-71
14
70
23
-49
-47
0
41
60
17
-53
-61
-16
65
64
-51
-78
-19
70
39
-76
-59
90
89
-76
-138
-13
136
129
-59
-151
-45
117
114
-21
-67
0
41
12
9
41
23
-9
-55
-5
76
31
-47
-71
-11
90
80
-37
-129
17
118
49
-70
-150
-8
162
123
-122
-166
35
155
30
-119
-110
74
112
-34
-143
-6
135
95
-64
-153
-30
126
100
-70
-127
5
114
53
-53
-63
-34
28
79
7
-48
-5
11
-10
-3
31
8
7
-6
-31
-60
0
96
78
-35
-106
-59
65
64
-25
-50
-15
-10
11
4
-20
-8
5
-30
-60
-11
41
23
-30
-63
-33
53
83
-29
-73
-18
57
46
-53
-64
34
85
11
-53
-27
19
47
14
-32
-34
20
60
-6
-14
-14
-10
21
5
3
-31
17
38
24
-34
-23
45
44
-45
-52
-7
39
63
-4
-88
-23
99
31
-72
-60
50
76
-17
-86
-33
75
125
-26
-153
-88
102
134
29
-97
-68
49
83
-1
-8
28
1
-6
14
5
4
31
25
-12
-23
31
22
3
-17
-37
18
53
-14
-73
3
84
31
-104
-100
53
104
21
-81
-98
34
106
-17
-76
-26
57
48
-76
-69
3
104
24
-97
-67
59
85
-15
-96
-34
58
60
7
-44
-30
-8
22
39
1
-36
-1
24
12
-39
-19
56
59
-39
-65
-35
53
82
-6
-65
-28
-1
-3
5
4
-17
-11
1
-21
-50
8
62
-9
-66
-91
14
121
32
-99
-77
13
79
38
-76
-86
37
89
14
-82
-53
71
116
26
-97
-87
58
154
21
-137
-43
132
83
-69
-115
32
126
66
-104
-138
45
166
44
-164
-91
169
138
-100
-175
23
155
16
-111
-44
70
57
-39
-72
-24
58
57
-37
-88
-38
72
45
-3
-15
-47
-47
-1
52
44
9
-19
-32
-6
27
65
10
-53
3
-8
11
73
49
-62
-46
34
76
0
-54
-39
11
43
37
-4
-61
-30
74
85
-58
-117
-17
76
74
-23
-142
-34
113
45
-73
-56
10
52
5
-57
-4
7
18
-8
-18
4
7
-20
2
16
14
-12
1
3
40
31
-54
-87
37
104
1
-67
-31
27
61
32
-18
-36
-1
25
-37
9
66
51
-34
-100
-19
85
77
-32
-137
-64
90
94
-53
-109
7
63
4
-55
-43
28
26
-35
-58
17
90
11
-71
-42
41
58
-28
-72
-10
108
73
-77
-106
6
110
61
-50
-99
-5
124
34
-68
-60
78
51
-7
-60
-36
61
53
-25
-33
-5
5
35
22
-50
-49
13
70
43
-61
-88
2
88
35
-38
-56
-32
6
45
12
-52
-21
72
45
-73
-88
13
91
100
-25
-135
-48
129
134
-68
-103
17
72
29
-18
-14
42
39
-38
-47
53
85
4
-102
-6
123
25
-121
-58
84
110
-17
-147
-98
63
179
44
-177
-130
104
167
-2
-172
-64
107
118
-48
-117
-7
83
68
-58
-99
-3
113
55
-112
-102
46
116
53
-67
-93
-3
96
55
-52
-47
10
20
22
-11
-24
3
30
11
-66
-73
47
124
28
-127
-99
36
92
18
-22
-74
-29
58
-11
-55
1
62
-17
-115
-59
87
110
-76
-168
-21
145
131
-81
-179
-3
151
88
-119
-143
30
193
85
-143
-159
56
185
65
-145
-140
101
176
-12
-171
-53
147
96
-70
-142
-27
131
99
-73
-148
26
155
41
-116
-78
45
77
-20
-56
14
59
-7
-64
-22
38
40
-19
-58
-61
35
70
12
-35
-35
11
21
-20
6
43
20
-9
5
-11
21
45
8
-39
-30
15
53
82
9
-83
-33
64
86
3
-69
-53
47
78
-30
-46
-21
15
59
31
-82
-98
24
100
58
-79
-105
2
97
16
-69
-43
20
21
-27
-28
33
20
-6
-2
-24
12
39
-18
-36
14
11
-13
3
39
-7
-48
6
38
32
-12
-23
-23
-9
25
30
16
-9
-7
-22
-25
-3
79
68
-59
-102
-28
68
89
-20
-103
-65
47
62
-29
-60
-15
25
-8
-36
-8
17
8
-22
-46
-13
31
55
-14
-66
12
65
-16
-56
11
44
30
2
-50
-58
68
107
3
-87
-37
64
74
-21
-44
13
38
10
-17
-24
13
61
11
-86
-15
78
30
-61
-61
41
39
8
-31
-18
15
8
-6
-21
-4
28
14
-34
-56
10
57
27
-27
-32
-7
-35
-26
59
79
-29
-67
-40
45
92
36
-101
-47
87
84
-2
-26
-11
12
24
19
-5
-7
19
-2
-33
9
32
9
-30
-7
40
-8
-47
-40
14
62
28
-63
-52
10
45
-4
-36
-15
18
1
-24
-21
34
54
-23
-82
-7
68
21
-53
-31
-4
-14
33
35
-1
-28
-52
-10
74
52
-24
-49
-16
48
59
16
-39
-8
9
-34
-12
27
10
21
28
-46
-106
-1
112
85
-84
-128
-17
96
22
-20
-4
-16
-34
-25
10
11
10
-19
-34
-18
53
54
-65
-74
54
72
-11
-90
-43
93
107
-46
-132
5
132
54
-83
-65
59
95
-24
-62
-35
73
54
-31
-72
-38
54
67
-12
-64
-49
44
80
13
-59
-48
7
26
42
2
-54
-20
13
21
10
-11
-14
-36
-18
-4
26
-1
49
29
-84
-96
48
104
36
-54
-74
10
105
51
-64
-31
51
41
-29
-54
34
120
26
-88
-68
77
116
14
-116
-95
62
156
-7
-158
-51
156
131
-95
-203
-30
210
125
-151
-224
49
216
34
-180
-99
105
140
-45
-153
-11
133
60
-98
-88
52
84
6
-61
-59
24
71
16
-14
-4
-30
-20
65
51
-31
-46
23
41
-12
-25
-1
65
11
-57
-79
-10
118
93
-65
-123
-21
97
65
-38
-79
-29
46
20
-67
-72
36
88
-31
-129
-52
115
123
-80
-163
-30
174
112
-129
-170
20
164
73
-158
-159
125
243
-4
-218
-121
135
211
-57
-200
-21
180
105
-94
-149
13
170
65
-142
-110
89
122
-10
-101
-73
82
123
-31
-126
-34
68
35
-4
-5
-19
-19
8
6
-6
-8
8
-1
-26
-23
-9
35
102
14
-164
-102
95
119
12
-64
-32
46
31
20
-14
10
55
15
-39
-2
64
63
-14
-45
-1
30
39
7
-50
-51
47
66
-14
-69
27
76
12
-75
-81
17
100
44
-66
-122
34
96
21
-98
-87
79
97
-62
-139
-7
112
90
-59
-152
-37
127
81
-90
-112
29
117
28
-40
-26
-3
4
19
31
-5
-47
-7
34
7
2
20
-12
-2
-11
-58
-35
85
94
1
-90
-84
10
88
48
-53
-97
-18
77
19
-60
-34
13
-10
-41
-18
22
35
-37
-50
44
17
-24
-42
38
24
-22
-40
-34
41
94
-21
-54
12
41
-17
-5
41
-2
-30
-18
41
21
-19
-26
25
29
-5
-35
-15
54
45
-27
-41
19
49
16
-43
-36
-4
4
33
40
-22
-70
-39
42
78
31
-93
-65
20
48
4
-24
17
50
-23
-81
-27
74
70
-17
-65
-33
32
85
45
-67
-25
6
30
31
14
-29
13
28
-1
-4
23
44
8
-57
-3
49
19
-20
-26
25
25
-16
-54
-64
12
98
20
-109
-79
63
73
-11
-62
-6
8
-14
-14
11
18
14
7
-35
-22
34
21
-27
-21
2
4
24
21
1
-45
-50
39
57
6
-40
-18
1
30
16
16
18
2
-7
-37
-17
43
89
18
-83
-90
1
83
56
-50
-78
-48
50
41
-31
-21
8
-11
-57
-21
57
61
-27
-63
-52
35
111
-19
-115
-41
99
64
-51
-93
2
125
59
-80
-93
19
113
58
-88
-103
53
135
34
-86
-56
23
59
14
-35
-56
22
57
-10
-58
12
26
4
-18
-23
-13
11
24
43
-18
-61
-6
66
61
-56
-73
31
46
-44
-36
1
62
56
-39
-112
-34
102
99
-54
-95
-11
65
76
-3
-57
5
77
5
-66
-2
108
65
-63
-84
28
77
58
-52
-92
10
100
38
-86
-102
47
137
6
-163
-109
108
156
-43
-185
0
163
61
-126
-91
35
88
-4
-128
-52
117
75
-61
-106
-37
78
97
-31
-98
-3
86
45
-47
-34
6
36
8
-14
2
29
-2
-20
-21
18
57
32
-26
-37
-19
-23
23
78
26
-65
-54
-12
51
51
-29
-93
-31
59
49
-59
-75
1
58
-23
-78
-34
71
62
-98
-153
28
198
46
-172
-80
103
117
-17
-166
-57
162
153
-84
-178
-1
187
59
-126
-113
68
142
-7
-132
-43
111
128
-74
-151
-11
137
97
-76
-138
24
144
24
-93
-56
41
43
-21
-17
21
-5
-34
-10
28
-22
9
26
-36
-49
-16
22
52
47
-51
-66
2
54
41
20
11
-29
-59
-3
80
73
-37
-66
-12
53
82
54
-60
-84
19
90
55
-3
-61
-43
58
100
-20
-104
-51
88
107
-24
-131
-63
115
91
-54
-121
6
95
3
-70
-49
43
70
-11
-111
-20
89
43
-56
-54
7
50
17
-37
-61
9
47
45
-15
-38
10
24
-25
-30
7
45
21
-44
-26
29
60
14
-31
-50
-5
22
22
7
-2
-13
-14
-20
-15
19
43
-19
-78
-42
16
60
46
-76
-113
0
69
19
-25
-58
-35
36
48
-11
-56
-21
49
42
-37
-70
-10
77
47
5
-51
-33
17
58
24
-58
-26
47
62
-15
-45
13
67
14
-94
-33
61
42
-23
-15
14
21
-8
-19
14
32
-30
-45
31
98
8
-79
-45
18
38
30
-25
-40
-56
14
48
5
-11
30
-2
-35
-45
2
44
82
2
-82
-61
58
114
28
-78
-58
35
71
21
-34
-2
9
14
16
7
6
22
-36
-54
45
66
-29
-93
-9
123
44
-114
-91
25
80
40
-63
-100
2
90
45
-81
-79
35
53
-11
-57
-60
66
86
-26
-88
-41
88
78
-58
-83
18
56
38
-19
-50
-45
44
72
-15
-63
15
23
9
1
8
20
-8
-19
19
-27
-36
31
102
-1
-94
-76
33
103
14
-72
-81
9
55
19
-68
-48
40
13
-64
-50
30
83
-4
-93
-37
73
96
-42
-103
-6
90
50
-58
-87
38
142
42
-141
-120
90
196
4
-164
-66
139
99
-63
-96
35
97
9
-83
-62
53
95
-1
-96
-32
46
67
26
-80
-87
16
95
52
-69
-78
10
56
31
-47
-42
30
44
-21
-56
-7
62
89
-29
-129
-43
73
62
5
-31
-43
9
40
17
-10
-5
25
18
-33
14
59
49
-23
-70
-13
74
68
-26
-60
-50
61
76
-28
-80
-23
68
73
-49
-104
-36
83
102
-52
-151
0
136
45
-112
-54
62
71
-40
-102
17
115
50
-100
-100
19
89
42
-70
-78
20
87
37
-43
-61
-16
73
78
-44
-72
24
85
15
-64
-24
89
52
-71
-81
-15
52
81
23
-67
-77
25
42
-6
-1
6
-44
-26
27
-5
-27
11
10
-59
-55
11
58
6
-69
-58
25
61
21
-61
-71
15
99
10
-134
-42
123
122
-35
-124
-73
102
159
-36
-152
-7
116
70
-61
-101
30
113
-16
-104
-43
50
84
-8
-66
-41
65
55
-1
-81
-26
71
20
-45
9
39
-13
-56
1
31
23
-9
-53
-38
24
41
-34
-19
38
3
-65
-56
48
101
38
-69
-69
37
77
58
-21
-44
-6
25
7
60
31
-30
-52
-6
67
40
-25
-49
9
64
1
-50
-7
53
38
-4
-35
-53
-16
65
58
-66
-84
25
58
5
-27
-19
28
-4
-61
-26
68
50
-25
-83
-48
63
79
-15
-110
-35
74
68
-17
-75
-5
46
-6
-3
15
22
-2
-58
-46
28
74
16
-61
-30
49
16
-51
4
65
54
-20
-105
-59
47
109
7
-132
-90
78
82
-11
-96
-55
16
29
-16
-36
22
17
-37
-67
25
93
21
-100
-51
56
80
-22
-80
7
109
48
-86
-98
25
134
37
-88
-79
57
115
4
-106
-35
89
66
-28
-65
-35
62
66
-4
-83
-22
71
9
-31
-6
8
-28
3
67
-15
-60
-14
33
37
-2
-39
-48
21
70
20
-83
7
128
15
-167
-82
119
150
-10
-137
-82
94
131
10
-92
-44
76
79
-30
-65
46
98
-14
-97
-20
72
107
-27
-144
-67
111
150
-11
-177
-65
160
97
-165
-164
76
185
17
-171
-96
108
142
-65
-163
19
129
10
-110
-59
76
68
-26
-62
-25
35
23
-18
-36
-19
13
34
36
-12
-57
-26
67
51
-47
-50
18
63
19
-34
-28
29
39
6
-56
-36
63
57
10
-75
-98
22
115
46
-111
-97
40
50
-5
-30
-1
33
-8
-99
-45
47
92
-14
-125
-81
94
149
-22
-156
-48
116
89
-74
-128
32
169
53
-119
-108
50
164
47
-143
-109
103
159
4
-142
-55
101
82
-34
-62
-40
67
98
-37
-125
5
120
49
-67
-125
-19
83
101
-10
-103
-71
52
86
14
-88
-57
48
51
-37
-66
-9
67
84
-55
-133
-16
146
101
-44
-114
-31
63
82
1
-73
-4
101
13
-89
-14
130
81
-97
-120
28
150
43
-67
-96
1
114
64
-95
-113
81
138
-55
-164
-55
106
122
-39
-149
-21
106
60
-79
-122
38
143
14
-151
-82
117
119
-42
-155
-84
141
159
-52
-177
-48
137
133
-58
-130
-28
71
63
-28
-64
12
72
32
-65
-60
46
90
24
-58
-49
-4
75
55
4
-72
-85
11
81
61
-33
-85
-41
44
51
-28
-77
12
73
-29
-142
-12
138
53
-157
-112
91
141
-22
-141
-26
121
42
-100
-109
82
156
4
-147
-64
77
101
-1
-106
-32
111
87
-57
-94
12
80
51
-55
-128
-18
129
84
-68
-127
-3
110
76
-51
-111
0
80
33
17
-13
-58
-29
18
33
20
-61
-29
33
9
-29
-9
30
55
-27
-86
-39
65
80
-11
-32
-18
6
17
39
12
-7
-8
-8
-2
45
44
26
-26
-14
24
44
4
-23
-36
5
66
8
-84
-14
97
57
-78
-118
13
117
79
-91
-113
49
126
-11
-126
-41
101
33
-78
-69
45
92
-8
-60
-16
38
37
-23
-37
15
10
-26
-21
37
56
-22
-93
4
85
50
-31
-67
-16
30
13
31
18
-43
-24
31
8
-42
7
51
9
-29
-66
-50
82
78
-64
-116
-16
97
32
-89
-70
26
37
-53
-24
30
15
-11
-53
-47
55
67
-45
-44
8
17
22
-26
-33
48
61
18
-56
-77
31
99
29
-55
-65
18
47
15
-34
9
29
23
-9
-32
-16
29
48
-12
-71
3
90
33
-41
-74
-18
60
82
-29
-118
-43
94
85
-39
-111
-12
98
38
-66
-69
53
113
-25
-127
-59
86
137
0
-86
-50
35
71
53
-30
-56
17
76
14
-37
12
60
24
-57
-66
47
119
6
-123
-41
94
61
-23
-89
-5
89
39
-115
-111
21
133
57
-132
-89
35
69
-15
-84
3
60
31
-48
-68
32
89
21
-90
-94
18
105
14
-88
-62
48
71
34
-20
-63
-46
24
73
28
-53
-51
33
66
-14
-18
36
12
-7
-45
-69
16
123
67
-55
-97
-53
69
86
-18
-105
-37
41
18
-51
-15
27
12
-39
-56
-41
48
85
-16
-119
-53
99
126
-65
-132
-19
116
59
-93
-103
38
155
58
-122
-134
88
169
5
-131
-52
129
120
-89
-117
41
133
4
-99
-50
35
97
39
-101
-66
77
94
-10
-102
-43
43
56
26
-13
-70
-21
40
3
-44
-1
55
-6
-65
-33
24
38
51
-6
-75
-85
45
66
2
-25
11
-1
-1
24
41
12
10
-35
-18
39
81
44
-42
-75
-1
98
55
-60
-75
3
83
30
-88
-81
66
135
-19
-144
-74
104
106
-21
-115
-64
75
102
-49
-115
-31
98
77
-88
-132
36
141
40
-115
-121
72
151
-9
-148
-51
99
93
-45
-69
6
47
17
-37
-44
34
68
-22
-108
-17
99
82
-16
-100
-26
33
45
-2
-16
35
14
-39
-24
5
23
-3
-6
-39
-30
-18
28
30
-17
-48
-59
17
70
20
-100
-65
32
63
35
-74
-60
30
52
10
-62
-41
66
89
-15
-78
-48
62
64
1
-88
-9
65
41
-34
-66
10
50
43
-41
-55
44
78
-18
-65
-21
52
36
-12
-51
-29
23
32
28
-37
-54
30
46
-42
-68
14
91
16
-100
-85
71
111
23
-55
-88
-34
29
78
38
-41
-56
2
46
61
10
-63
-27
57
52
-17
-19
40
2
-36
18
19
9
16
32
-21
-28
45
29
-33
-37
26
50
-47
-85
-14
80
68
-21
-95
-44
64
84
-10
-83
-38
47
27
-25
-11
44
23
-30
-54
4
34
29
-25
-39
-13
52
38
-4
-10
-53
-5
45
45
-13
-39
-10
48
20
-31
-10
24
10
-5
-30
-68
34
91
30
-74
-77
2
45
29
-19
-65
-32
53
28
-49
-18
11
4
-43
-39
12
45
-25
-53
-22
46
61
-32
-57
-15
62
22
-57
-54
57
102
17
-103
-84
82
160
-19
-171
-23
162
74
-85
-102
23
109
36
-111
-89
55
121
10
-110
-67
82
98
6
-85
-88
42
92
21
-74
-51
74
51
-38
-72
-15
66
54
-72
-85
7
69
53
8
-85
-67
7
91
74
-17
-74
-27
52
67
23
-28
-14
40
13
-35
22
65
43
-37
-64
-14
104
100
-61
-143
-4
151
61
-98
-102
24
146
41
-178
-167
128
214
-21
-245
-97
185
184
-96
-225
-42
174
100
-145
-165
42
193
60
-147
-135
69
156
7
-134
-70
73
104
0
-81
-45
8
42
61
-5
-61
-28
22
23
12
1
-10
21
41
-20
-87
0
117
70
-71
-132
-5
86
53
-46
-85
-31
56
26
-65
-18
44
6
-62
-57
30
71
-8
-90
-68
50
117
-28
-112
-4
116
43
-91
-86
39
146
80
-119
-157
28
173
66
-123
-114
62
201
23
-217
-74
213
134
-110
-159
5
124
104
-82
-162
25
174
67
-112
-117
27
115
42
-61
-52
18
-1
-2
15
5
5
-13
-27
4
-10
-11
45
38
-52
-99
-20
80
91
1
-83
-62
63
90
-11
-48
13
19
-10
-16
45
61
11
-28
-44
25
91
24
-66
-84
33
104
-16
-89
-33
91
83
-71
-166
-18
141
115
-84
-175
-6
154
59
-111
-130
51
161
-2
-165
-63
139
103
-67
-151
-10
128
68
-88
-102
28
118
0
-63
-15
28
2
-7
-11
29
40
-18
-44
-8
62
19
-31
2
22
-58
-57
33
114
35
-48
-73
-26
10
57
51
-44
-106
-5
49
28
6
-31
-39
-26
13
26
17
-32
-57
-22
49
74
-19
-97
-6
71
28
-95
-53
81
127
-10
-117
-31
76
62
-10
-53
-41
58
76
-41
-70
47
86
0
-110
-54
53
47
1
-15
-16
6
30
19
-20
-11
-3
-15
11
56
-19
-38
-10
-22
-24
44
34
-16
-51
-50
30
34
19
1
-16
-43
-32
39
66
26
-41
-45
-10
35
75
29
-47
-44
48
43
0
-10
13
13
-1
0
6
33
22
-60
-43
81
54
-49
-76
43
89
-3
-115
-73
76
98
-32
-118
-20
92
24
-68
-36
49
39
-37
-80
11
89
20
-64
-34
35
52
-1
-71
-7
63
-12
-51
40
74
-25
-66
-34
62
87
-22
-84
-17
78
43
-23
-8
-25
15
25
-35
-33
35
75
20
-74
-97
34
110
22
-110
-97
14
84
-13
-74
-34
51
2
-82
-40
87
82
-69
-128
-6
125
57
-106
-85
47
107
-19
-127
-27
115
103
-33
-115
-70
100
127
-25
-103
-3
71
57
-30
-55
15
74
11
-60
-59
33
81
18
-68
-64
41
86
15
-87
-60
21
66
48
-33
-66
-4
49
8
-27
2
27
-14
-46
-25
35
32
27
-12
-56
-78
37
104
48
-72
-64
11
75
58
-23
-59
34
52
-13
-34
54
71
6
-51
-31
54
53
6
-37
-73
24
119
-5
-99
-34
89
82
-57
-123
-17
106
79
-92
-113
57
101
-28
-106
-21
79
64
-72
-101
20
80
32
-35
-70
-13
57
11
-44
-49
-5
86
42
-40
-12
7
-7
23
18
-17
-16
24
14
-31
-6
54
26
-31
-51
-59
16
87
66
-35
-84
-28
68
33
-25
-43
-12
17
-3
-45
-4
46
20
-81
-96
22
101
37
-91
-104
3
105
51
-61
-75
9
65
16
-56
-46
56
104
5
-114
-35
102
56
-59
-56
28
73
9
-64
-45
75
88
-23
-113
-43
96
84
-52
-67
1
50
55
10
-72
-36
33
42
19
-47
-34
36
23
-21
-15
21
14
-35
-27
-13
28
42
31
-7
-92
-45
60
56
19
-35
-41
-13
43
70
1
-51
-18
22
32
34
-10
-12
9
7
7
34
35
-12
-59
-26
97
67
-74
-100
15
129
43
-137
-108
60
112
7
-89
-90
49
95
-27
-106
-17
95
40
-85
-82
61
89
-19
-58
-27
-7
40
38
-44
-66
20
48
13
-27
2
1
-28
-2
42
50
-15
-63
-8
43
68
-5
-69
-27
49
29
-37
-17
48
36
-17
-63
-62
10
84
30
-99
-84
41
65
-3
-71
-42
29
28
-17
-33
-15
-4
-3
14
43
9
-54
-19
5
15
30
-24
-40
41
90
-8
-64
-30
23
96
47
-91
-101
66
120
-1
-104
-5
95
27
-87
-63
48
99
-6
-84
-23
54
48
-42
-52
15
40
6
-11
-12
4
11
15
-19
-26
7
29
-3
-67
-43
15
65
60
-34
-96
-34
28
43
12
20
-36
-18
26
13
47
43
-33
-56
0
62
64
-3
-53
-20
42
26
18
-10
-36
-30
61
52
-39
-51
3
44
35
-40
-44
-3
26
18
-28
-45
25
17
-40
-13
39
38
-36
-47
-1
26
23
14
-7
-60
-28
54
42
-14
-44
-18
37
67
42
-26
-88
-26
56
53
3
-44
-37
31
74
4
-34
-35
43
61
-72
-114
32
148
66
-118
-146
9
140
79
-81
-129
-42
91
59
-35
-78
-6
42
-13
-76
-17
56
27
-76
-70
36
101
21
-104
-70
82
104
-54
-104
7
119
68
-83
-137
30
157
54
-111
-101
50
119
-14
-107
-6
105
30
-55
-44
13
65
45
-62
-68
20
79
49
-30
-94
-56
26
86
54
-69
-99
-15
100
37
-57
-68
30
42
-27
-44
-3
70
73
-62
-121
-18
120
93
-68
-94
17
64
33
15
-41
-24
67
49
-21
-52
42
94
11
-80
-25
82
99
-41
-142
21
162
16
-143
-80
119
143
-50
-194
-60
143
144
-56
-173
-43
161
94
-108
-144
22
122
44
-119
-89
61
149
22
-188
-96
99
137
-15
-122
-77
46
93
23
-42
-75
-25
69
55
-2
-48
-30
36
55
-14
-31
30
11
-43
-56
-3
69
72
-36
-99
-11
54
-3
-16
5
5
-13
-39
-39
17
65
8
-72
-79
11
59
38
-39
-83
-47
63
109
-33
-127
-14
97
40
-72
-67
48
110
35
-93
-108
58
133
15
-97
-47
91
95
-36
-142
19
162
41
-138
-116
45
173
55
-134
-144
79
177
8
-162
-90
113
121
-28
-95
-3
83
34
-77
-77
27
100
19
-127
-88
78
115
12
-62
-59
-17
52
30
-17
-12
41
17
-50
-26
67
64
4
-49
-38
33
59
45
-15
-55
2
64
13
-31
-31
-21
18
44
5
-12
1
16
3
-13
-35
-9
22
12
-1
-29
-22
14
2
-39
-6
37
13
-51
-77
24
110
-7
-76
-52
49
32
22
-31
-68
1
86
53
-44
-57
-19
9
39
3
-17
-6
10
-1
-8
8
8
11
14
18
-43
-65
47
111
37
-94
-105
31
96
34
-69
-86
0
46
9
-65
-27
56
14
-63
-59
-14
62
68
-39
-122
-6
111
54
-76
-79
43
81
-3
-98
5
116
68
-64
-127
2
139
64
-85
-101
55
114
36
-110
-69
91
99
-36
-114
-54
89
129
-3
-134
-77
93
109
-21
-102
-53
22
56
50
-38
-92
-18
70
59
-17
-53
-27
1
23
9
-23
-12
69
18
-75
-79
-2
110
99
-83
-127
34
121
27
-68
-32
36
71
-13
-51
33
108
15
-98
-49
89
104
-38
-138
-32
139
91
-87
-126
15
152
45
-145
-146
55
177
48
-146
-126
51
146
14
-148
-90
106
121
-72
-125
-8
97
64
-28
-115
-43
72
85
-17
-107
-43
74
80
23
-61
-105
18
113
49
-63
-52
31
57
-24
-25
32
48
-26
-66
-22
40
66
36
-52
-62
-18
42
55
-12
-33
-55
-24
36
19
-14
-15
-32
-33
-41
23
84
-8
-121
-52
68
94
-15
-107
-62
60
89
-12
-99
-1
100
79
-50
-99
4
115
63
-84
-91
13
112
60
-73
-103
51
134
1
-168
-59
105
113
-23
-113
-25
75
77
-15
-84
-46
53
73
21
-73
-68
40
67
-27
-60
-25
39
57
-40
-93
-1
102
92
-67
-131
-25
73
86
12
-65
-15
36
34
-7
-25
15
44
2
-42
-7
77
72
-34
-71
-3
70
36
-26
-76
-26
114
90
-61
-138
-1
168
72
-141
-139
44
146
40
-132
-109
92
132
-54
-153
3
119
31
-97
-79
48
131
7
-143
-83
85
113
-26
-97
-34
64
67
-16
-32
-8
-4
17
-19
6
26
19
-34
-51
3
70
57
-11
-57
-11
11
-10
28
50
5
-78
-67
7
87
44
-73
-92
-5
66
15
-42
-39
11
11
-44
-3
35
-22
-50
-13
18
30
8
-57
-17
68
43
-70
-99
30
136
36
-96
-89
56
109
20
-75
-68
40
117
11
-93
-54
82
124
-61
-144
-24
117
92
-43
-126
-15
124
90
-85
-113
12
105
2
-38
6
14
-25
-37
36
37
5
-9
-17
-27
-1
-16
2
86
35
-97
-96
26
141
54
-92
-84
43
98
22
-38
-38
42
54
-18
-22
22
52
31
-36
-34
43
68
-29
-62
-23
68
16
-60
-31
56
53
-34
-114
-33
76
86
-27
-127
-30
128
86
-113
-141
29
134
14
-130
-105
94
119
-42
-109
-35
72
50
-25
-56
-8
34
31
-22
-2
39
14
-69
-38
60
91
-11
-103
-60
64
109
19
-58
-80
18
48
7
6
16
-2
-6
-34
-44
43
92
-1
-141
-76
104
91
-53
-105
-38
46
52
-36
-75
4
58
8
-69
-14
59
10
-16
-40
-16
30
34
3
-27
9
61
21
-76
-53
75
71
-11
-70
-9
69
36
-21
-34
22
17
0
-23
3
36
11
-24
-27
28
14
-17
-20
14
23
-29
-13
62
-12
-57
-30
9
28
18
-2
-52
-22
27
28
2
2
17
-26
-45
-12
36
35
16
-47
-67
18
87
60
-48
-38
6
35
26
-8
-16
44
48
-42
-46
40
85
17
-107
-43
100
85
-77
-95
44
98
-16
-142
-41
93
85
-30
-95
-42
59
59
-35
-69
12
65
-15
-67
12
53
24
-15
-74
-21
39
62
6
-70
-42
24
75
31
-64
-68
8
86
44
-38
-50
10
42
-5
1
38
27
-17
0
-28
-54
6
95
67
-60
-124
-24
107
106
-65
-141
-2
97
8
-81
-17
27
12
-68
-48
44
99
-15
-115
-95
80
137
-45
-138
-40
117
91
-110
-148
61
190
55
-166
-114
113
162
-26
-146
-54
175
118
-105
-146
13
150
48
-147
-96
70
155
33
-130
-125
57
141
38
-110
-95
22
105
87
-29
-126
-36
91
57
-66
-65
33
65
-28
-92
-18
95
86
-42
-106
-86
65
108
19
-67
-16
29
11
-14
29
49
12
-50
-30
46
83
16
-63
-49
22
86
54
-56
-96
-5
113
74
-89
-117
26
149
61
-144
-141
52
158
25
-105
-89
37
99
23
-115
-89
74
142
-35
-158
-41
123
103
-39
-137
-49
110
101
-49
-127
-34
100
100
-16
-90
-40
19
51
15
-2
-14
-13
-17
-1
18
29
23
-31
-26
-31
0
25
82
1
-58
-37
-17
28
10
12
-6
-62
-60
29
47
-7
-41
-26
-45
-1
47
-10
-48
-14
16
10
4
-24
-25
30
45
-24
-73
4
98
55
-57
-75
11
60
40
-30
-48
6
67
48
-33
-50
8
43
15
-8
-21
-13
23
42
-18
-45
20
32
-17
-16
-9
-7
3
20
22
3
-30
-50
-4
66
42
-50
-62
-17
34
40
-19
-10
22
15
-12
-76
-29
75
118
-9
-111
-46
65
102
36
-59
-65
1
89
63
-29
-30
13
35
20
-19
-18
22
-1
-37
7
47
25
-25
-34
-11
24
5
-43
-48
52
33
-17
-26
-6
-23
-3
33
-4
-42
1
22
23
-5
-19
5
5
-41
-27
66
39
-73
-76
20
98
30
-55
-54
17
61
25
-35
-30
26
46
-25
-68
34
114
10
-96
-61
-1
96
59
-22
-72
-45
16
35
1
7
-29
-85
-11
76
30
-51
-59
-8
15
-14
-59
-10
65
20
-94
-60
97
82
-40
-130
-12
106
25
-66
-43
70
112
-21
-121
-17
96
70
-68
-70
76
93
-43
-92
-14
114
68
-88
-98
18
113
58
-79
-80
2
95
76
-67
-111
4
81
38
12
-46
-49
-3
43
10
-49
9
21
-40
-46
-8
48
34
-5
-41
-41
1
44
53
12
-43
-63
13
87
60
-48
-85
41
96
10
-83
-35
93
87
-47
-117
-4
135
80
-106
-101
60
106
2
-71
-39
76
51
-87
-112
28
166
1
-163
-45
121
70
-67
-118
7
121
56
-130
-107
76
121
20
-97
-100
45
135
-2
-112
-69
54
102
29
-69
-52
-36
48
57
11
-22
-28
11
9
3
43
6
-17
-13
-10
-39
17
86
49
-35
-83
-33
36
52
15
-45
-51
10
4
-15
4
16
-25
-27
-31
-5
43
10
-43
-53
12
75
47
-68
-72
25
88
-11
-93
-30
93
122
-32
-139
-56
113
127
-56
-139
2
149
79
-97
-129
56
161
-2
-126
-58
81
87
-25
-99
-30
93
79
-64
-102
-6
61
27
-10
-39
-1
13
-9
-3
18
13
-11
-29
-31
-14
39
28
11
21
-48
-76
1
77
52
-30
-82
6
56
44
-17
-28
42
48
-24
-37
43
82
-2
-80
-40
90
95
-35
-129
-36
113
100
-31
-111
-28
115
68
-90
-131
15
101
69
-77
-117
48
117
-17
-118
-6
116
35
-110
-80
77
93
-6
-80
-55
30
71
6
-48
-39
12
57
9
-15
-8
-33
-8
59
20
-35
-36
22
28
-2
-14
18
38
8
-87
-79
38
97
30
-26
-66
-56
17
84
33
-58
-96
-23
84
31
-48
-53
-11
1
-14
-22
22
25
-41
-70
-15
45
45
-24
-53
-3
34
-2
-19
40
43
-11
-41
-14
30
41
13
-47
-20
42
33
-15
-38
-4
61
24
-52
-26
-2
41
49
-23
-64
14
84
0
-68
-24
21
17
5
3
5
-7
-36
-22
34
42
12
-61
-49
-2
39
33
-23
-19
25
-5
-35
-15
9
58
62
-8
-92
-35
96
145
3
-114
-90
74
160
27
-105
-59
44
78
62
-36
-80
2
36
31
-6
-24
-13
30
31
-20
-58
-16
24
13
5
-15
-46
-36
27
58
-1
-63
-33
27
45
-21
-44
16
32
-14
-30
-15
22
3
-3
-6
-55
-3
70
78
-34
-130
-62
113
121
-32
-106
-33
74
55
-26
-17
22
10
-19
-49
-5
62
77
-11
-111
-56
79
76
-4
-51
-64
-47
53
63
-31
-75
-13
45
1
-51
-17
21
18
-34
-54
11
69
6
-56
-23
60
15
-56
-44
58
88
-10
-72
-62
53
147
9
-139
-92
116
165
-22
-148
-44
111
107
-49
-144
-13
137
69
-71
-95
0
86
93
-40
-121
-50
75
119
14
-132
-107
71
129
-1
-115
-64
46
87
-20
-97
-17
139
74
-132
-154
65
166
13
-135
-48
94
82
-40
-42
14
61
30
-59
-15
61
78
-19
-81
-20
49
71
41
-70
-105
34
114
24
-89
-62
52
102
-15
-136
-68
110
127
-51
-159
5
125
38
-102
-79
40
99
-24
-104
-31
81
82
-24
-112
-56
71
95
-32
-76
-37
56
83
14
-52
-97
10
106
40
-87
-68
48
95
-29
-74
45
101
-13
-83
-58
4
98
70
-47
-99
-16
44
53
-15
-72
-41
32
42
-25
-57
22
47
-3
-88
-37
68
58
-46
-107
-10
108
50
-66
-66
10
66
26
-63
-69
67
104
4
-88
-46
47
84
-24
-73
-22
94
56
-60
-74
29
125
19
-108
-77
32
114
62
-93
-141
44
176
23
-131
-109
50
100
11
-45
-29
-1
-3
-24
8
45
31
-31
-76
-34
60
72
-2
-56
-53
5
21
19
28
12
-13
-29
-5
35
49
-1
-27
13
11
2
36
22
-35
-25
39
29
34
-9
-57
-32
59
25
-24
-47
-10
64
55
-59
-128
10
152
50
-125
-105
70
111
-37
-121
-19
125
54
-91
-146
46
182
36
-128
-145
31
150
55
-117
-118
66
123
-1
-70
-27
64
42
-30
-43
35
63
10
-59
-51
45
92
-2
-49
-42
-26
13
58
34
-12
-27
-49
-30
55
33
-35
-42
-13
37
-8
-52
4
34
-21
-84
-35
48
60
-24
-100
-23
59
64
-42
-84
5
76
21
-81
-62
60
108
19
-80
-61
57
94
-19
-65
3
60
45
-68
-72
49
118
-15
-114
-31
60
66
11
-63
-59
38
61
21
-43
-36
4
61
16
-30
-36
-16
1
26
22
2
-42
-24
-4
-11
17
2
8
48
-5
-96
-57
66
113
17
-67
-55
5
66
89
31
-72
-76
24
96
33
-40
-3
32
7
-19
56
26
-9
-51
-22
56
77
-45
-102
51
118
-13
-145
-77
90
125
-32
-139
-51
104
66
-53
-96
-6
40
11
-29
-26
22
11
3
0
-25
-22
23
8
7
-9
1
7
21
8
-40
-44
31
48
-27
-48
16
32
14
-26
-21
43
63
-20
-103
-41
93
112
-11
-85
-81
11
74
45
-51
-58
-44
40
38
-35
-32
20
4
-74
-35
60
43
-39
-65
-34
42
51
-7
-73
-34
42
71
-14
-98
-37
115
111
-28
-149
-48
129
121
-74
-132
44
152
22
-130
-80
83
113
-8
-108
-57
110
119
-24
-144
-45
109
91
-42
-100
-18
33
51
41
-25
-51
-22
26
32
1
-27
-19
13
-18
-23
-2
46
42
-10
-76
-57
36
87
32
-58
-63
2
42
49
24
-26
-27
2
33
27
44
3
-52
-16
54
55
-4
-45
-43
18
64
-15
-49
1
28
18
-2
-60
-61
25
75
30
-87
-78
36
106
-13
-97
-83
65
123
-41
-136
-3
142
89
-90
-152
5
145
56
-132
-95
61
97
5
-49
-32
20
26
-3
-8
3
18
13
-25
-15
50
38
-27
-21
13
-47
-19
107
78
-77
-112
7
80
26
-47
-29
13
-10
-3
-8
9
9
-25
-48
-22
17
23
13
-26
-67
27
91
-3
-105
-30
80
67
-37
-119
2
149
90
-83
-159
-15
178
115
-115
-152
67
181
18
-169
-102
146
183
-68
-222
-52
183
146
-90
-198
7
207
84
-146
-165
40
168
45
-97
-61
17
52
-2
-70
-23
86
44
-88
-108
18
99
44
-18
-76
-25
31
9
12
24
28
-9
-47
-8
63
66
-18
-48
-16
14
33
80
3
-59
-28
45
92
0
-70
-43
65
62
-50
-87
12
99
46
-92
-101
1
79
53
-31
-85
-3
97
17
-90
-51
83
55
-47
-104
-12
97
72
-52
-101
-13
100
63
-54
-83
-8
80
53
-36
-32
31
-3
-30
6
42
8
-22
-5
13
-11
14
36
26
-34
-70
-31
43
90
29
-50
-40
-28
6
12
8
-25
-25
-23
-25
-2
48
1
-59
-23
-17
2
22
18
-37
-97
-45
112
95
-55
-107
-13
76
33
-77
-50
86
105
-36
-101
-23
87
64
-27
-48
-7
83
21
-70
-25
104
62
-86
-87
26
60
39
-26
-58
-14
42
39
8
-25
-42
-17
20
61
30
-53
-57
1
51
24
-43
-53
-5
49
13
-48
-13
74
32
-80
-107
18
124
96
-44
-126
-58
101
129
-1
-82
-59
50
111
35
-84
-26
118
39
-90
-44
47
98
15
-91
-38
62
65
-23
-41
12
42
11
-63
-54
37
90
-3
-121
-60
83
81
-48
-111
7
120
15
-129
-80
89
138
-23
-127
-76
86
108
-17
-103
-42
38
77
48
-50
-137
-4
129
69
-47
-82
-52
62
112
-12
-77
-12
56
11
-67
-56
71
106
5
-94
-63
45
78
-9
-56
-74
4
54
14
-57
-54
4
18
-27
-27
15
44
-17
-82
-33
71
81
-57
-84
-13
81
60
-80
-101
87
128
-6
-124
-75
65
125
0
-116
-61
121
119
-44
-133
-34
146
99
-107
-126
40
129
44
-84
-88
47
108
3
-97
-38
55
39
-9
2
-2
-10
-28
-9
10
37
29
-54
-68
-18
48
45
14
2
-44
-63
2
63
58
-20
-71
-23
67
61
6
-45
-22
35
31
-52
18
97
18
-78
-29
77
80
-35
-86
-35
83
79
-40
-99
-11
109
73
-114
-138
13
146
56
-125
-128
69
147
-11
-148
-81
116
121
-58
-151
-12
146
70
-92
-135
2
154
55
-138
-94
63
91
30
-62
-52
32
29
3
-28
26
41
-10
-63
-46
49
92
12
-70
-39
1
1
49
31
-15
-46
-14
3
6
17
-3
-14
-37
-2
-22
10
7
-26
-21
-17
4
37
1
-56
-42
30
38
0
-41
-21
51
47
-42
-77
45
102
31
-41
-50
-25
57
76
-24
-69
19
69
45
-30
-57
15
66
12
-81
-88
37
138
37
-117
-100
69
132
7
-112
-68
56
71
-8
-26
-32
-7
21
0
-20
-3
30
17
-52
-54
32
24
4
22
-19
-78
-25
55
63
2
-23
-40
1
37
82
2
-69
-5
27
28
33
10
-26
-26
41
64
7
-39
-50
-1
50
43
-51
-44
42
60
16
-69
-93
-4
82
73
-49
-106
-3
90
30
-87
-74
36
65
16
-61
-46
26
48
16
-52
-44
-10
61
36
-4
-59
-17
53
64
2
-42
-104
10
152
84
-110
-116
40
101
43
-51
-33
18
31
-24
-32
11
56
57
-23
-81
-61
23
129
30
-104
-122
4
106
48
-87
-99
11
73
5
-81
-58
57
73
-46
-90
18
56
-14
-45
2
26
-5
-19
-8
51
52
-38
-81
20
98
-2
-94
-34
84
79
-38
-65
17
86
9
-73
-36
8
50
41
-23
-69
12
69
10
-48
-20
17
-20
4
35
16
-10
-42
-48
22
60
31
-63
-79
-19
47
54
24
-7
-62
-63
42
56
15
10
17
-44
-49
33
91
27
-49
-22
12
46
22
13
15
0
-37
19
76
38
-60
-94
19
120
46
-97
-81
79
140
-26
-161
-75
102
138
-9
-180
-63
93
128
-36
-150
-21
123
61
-115
-120
77
107
-11
-106
-68
45
93
29
-93
-83
37
91
7
-33
-40
-11
33
20
-18
9
5
-33
-17
28
66
23
-61
-50
6
13
7
58
37
-77
-80
-7
86
52
-42
-92
-57
59
90
-41
-94
2
92
-11
-121
-61
100
94
-81
-126
15
120
34
-98
-74
74
91
-38
-128
10
169
86
-130
-153
13
186
128
-138
-184
54
226
43
-192
-117
132
179
-39
-174
-83
159
174
-65
-208
-35
178
126
-85
-158
-18
128
85
-49
-83
-44
49
64
-10
-76
-22
62
64
-22
-100
-30
119
108
-95
-153
-2
146
63
-50
-88
9
67
31
-23
6
8
15
-29
-19
50
84
13
-73
-43
62
77
13
-56
-71
33
95
11
-106
-60
100
109
-63
-156
-29
139
103
-87
-143
1
115
36
-125
-110
90
140
-37
-166
-39
133
100
-52
-130
-44
103
101
-50
-109
-20
76
63
-17
-57
-19
22
23
-34
-4
73
49
-59
-79
0
108
77
-56
-100
-22
18
17
36
47
3
-48
-61
-9
72
61
-48
-110
-12
63
38
-19
-62
-34
14
-7
-18
20
31
-54
-56
23
87
12
-100
-64
71
108
-28
-121
-12
135
122
-88
-158
-9
183
90
-109
-120
43
157
38
-130
-101
97
152
-31
-153
-57
118
113
-54
-115
9
85
23
-62
-40
43
34
-26
-26
30
29
-27
-57
-37
40
68
-20
-96
-54
45
101
1
-52
26
4
-66
-49
64
81
-4
-78
-59
40
116
59
-86
-92
28
104
40
-57
-27
41
50
5
-28
-22
24
35
-19
-24
-1
16
17
23
-4
-26
-36
-28
7
67
27
-76
-87
38
77
-3
-80
-9
43
5
-30
-40
9
47
20
-51
-63
28
88
-5
-78
-32
61
41
-12
-27
13
-2
-3
-4
29
26
-16
-27
-7
17
40
11
-33
2
29
-20
-54
47
86
21
-89
-109
2
133
63
-86
-137
-11
112
46
-85
-86
10
27
0
-21
-25
3
33
-33
-87
37
113
-14
-59
-31
-2
29
21
-49
-9
65
36
-63
-48
55
91
-10
-80
-13
83
38
-67
-39
49
66
-14
-74
-45
85
68
-22
-81
-12
74
74
-32
-90
-26
47
16
18
20
-29
-54
-25
72
48
-64
-85
21
68
-5
-43
-23
57
69
-83
-113
18
119
71
-58
-80
-20
77
87
-8
-66
-13
49
35
13
-16
7
41
-7
-39
20
78
29
-87
-54
91
70
-54
-102
15
92
64
-60
-125
-30
138
114
-105
-173
37
175
44
-164
-141
87
193
-10
-221
-62
154
137
-45
-169
-52
127
125
-68
-161
-17
113
67
-36
-76
-4
33
50
-10
-22
-18
28
11
-22
9
12
30
4
-39
-67
-17
95
100
-35
-117
-49
73
62
-29
-78
-19
9
32
-16
-41
13
35
-44
-71
-22
52
58
-27
-119
-52
111
99
-83
-98
4
89
23
-85
-39
84
91
-33
-83
-41
85
81
-44
-84
5
97
62
-92
-61
48
106
-22
-114
-39
84
85
-33
-94
-22
93
59
-43
-80
-6
52
8
-22
20
24
11
-41
-52
9
64
10
-83
-38
48
24
-17
24
43
-33
-66
-25
33
96
61
-86
-114
27
144
75
-96
-91
25
114
45
-67
-56
56
72
-14
-55
-9
58
21
-51
-18
31
42
4
-46
11
25
0
-71
-61
38
73
-27
-73
11
39
-2
-22
-26
27
23
-72
-95
63
116
-6
-92
-67
26
78
42
-62
-68
9
53
8
8
16
-15
-50
5
59
57
-34
-67
-10
29
57
30
-13
-63
-16
19
24
23
16
-37
-16
9
-1
-3
6
19
-5
-64
-23
23
31
-23
-44
-10
5
-3
17
15
-32
-48
-3
51
47
-53
-74
31
95
5
-137
-44
140
137
-44
-165
-38
136
134
-66
-125
34
131
32
-84
-77
66
110
-22
-122
-22
104
95
-46
-96
-22
87
52
-42
-78
0
25
-10
23
33
-25
-41
-26
-4
34
56
-13
-58
-43
-4
20
-2
37
35
-55
-95
-7
92
85
-10
-73
-57
35
64
39
-33
-75
32
75
9
-39
-4
50
37
-9
-26
-9
46
34
-51
-32
17
9
7
20
18
-15
-66
-21
48
65
-19
-43
-34
26
23
-24
-60
19
35
-2
-47
-21
26
45
19
-65
-52
15
54
3
-45
-10
38
15
-10
12
37
-7
-70
-30
73
58
-6
-35
-31
-9
34
41
0
-14
-19
-28
-32
49
112
25
-99
-77
22
79
13
-52
-36
-18
4
17
-2
-18
-1
-5
-53
-32
34
29
-42
-50
-14
18
57
-4
-72
-20
51
32
-29
-40
21
66
25
-68
-69
19
96
29
-54
-62
27
85
49
-39
-96
-1
96
36
-75
-83
34
109
51
-91
-97
17
119
53
-110
-102
32
110
65
-54
-115
-28
116
43
-89
-41
47
25
-27
-59
-24
81
116
-49
-166
-61
123
130
-37
-108
-39
74
99
7
-50
-22
34
30
-18
-10
43
52
-38
-58
32
104
33
-48
-80
0
91
80
-85
-114
18
152
22
-136
-113
69
169
3
-170
-90
129
129
-71
-153
-10
132
69
-131
-110
73
150
30
-109
-111
-2
110
89
-53
-119
-40
93
103
-28
-117
-53
81
104
-26
-105
-13
86
60
-56
-59
54
91
-31
-107
-74
67
132
11
-115
-81
30
107
43
-61
-106
-25
87
23
-91
-43
48
25
-41
-68
6
92
50
-118
-111
55
123
-9
-85
-19
53
28
-29
-62
-4
79
80
-14
-127
-33
111
103
-42
-107
9
117
38
-69
-94
32
126
41
-103
-117
47
155
36
-140
-116
84
139
1
-146
-52
106
77
-36
-52
-5
27
8
-42
-18
63
42
-66
-108
-9
81
91
-6
-80
-67
20
63
52
3
-34
-31
4
13
38
43
-1
-45
-24
52
77
11
-26
-7
0
4
20
15
-31
-17
33
49
-24
-49
14
47
9
-13
-64
-36
51
62
-28
-84
-27
40
42
-31
-87
11
112
10
-121
-65
87
96
-38
-113
-14
65
39
-40
-56
11
65
5
-7
-3
10
2
-3
-13
13
13
5
-15
-25
-15
37
65
3
-46
-63
-17
80
68
-24
-62
-23
5
-2
2
12
-9
-48
-17
18
17
11
-19
-72
-23
46
33
-41
-71
-22
40
62
-11
-71
-43
60
59
-1
-80
-21
77
80
-20
-97
-36
67
78
3
-66
-10
59
37
-8
-35
-9
41
53
-33
-56
-13
37
37
0
-45
-3
22
7
-2
11
-9
-34
-19
44
45
-5
-42
-47
12
59
4
-45
-24
-5
21
0
4
24
15
-52
-81
19
81
36
-26
-71
-10
76
86
-4
-76
-13
30
14
5
41
18
-5
-15
6
40
40
-2
-54
-54
51
66
23
-69
-64
64
74
-57
-116
-20
81
93
-18
-111
-50
100
92
-85
-131
21
121
-4
-107
-42
95
84
-43
-96
-37
78
67
-34
-66
-8
33
31
-8
-35
-8
28
29
-9
22
33
-13
-62
-4
46
65
29
-32
-69
-57
42
104
50
-45
-98
-34
74
55
-48
-33
7
-16
2
12
-17
-21
22
-5
-65
-25
29
46
-4
-79
-39
36
51
-10
-50
-41
38
33
-36
-20
40
62
4
-50
-37
48
74
-19
-71
-21
64
62
-38
-81
6
98
60
-83
-111
22
161
37
-152
-86
106
130
-28
-96
-49
7
57
56
1
-40
-41
5
18
2
-11
-1
-4
-44
-11
30
18
17
0
-41
-46
14
64
38
-29
-61
-29
35
84
51
-74
-74
47
106
29
-47
-25
41
56
-14
-49
10
48
-7
-60
6
73
9
-54
-5
94
25
-99
-102
35
129
71
-139
-142
69
158
-12
-137
-54
82
84
-72
-92
38
92
-3
-62
-21
25
7
6
-22
0
-4
7
27
11
-12
-57
-41
48
50
-2
-20
0
-9
-2
2
49
29
-57
-58
4
42
38
22
-9
-68
-49
25
33
19
-33
-61
-29
49
18
-13
-28
-10
-18
-44
3
35
7
-66
-65
5
89
41
-79
-92
54
127
-6
-130
-64
94
136
1
-137
-88
98
135
-14
-112
-31
121
60
-95
-102
68
154
9
-143
-96
83
137
6
-109
-86
69
101
20
-71
-70
14
50
17
-13
-11
-22
8
3
-4
-6
37
4
-71
-32
47
68
15
-55
-48
-16
36
27
13
14
-4
-23
-9
48
71
0
-63
-18
12
47
56
-2
-19
-13
4
18
30
26
-28
-52
25
72
-25
-73
13
95
17
-103
-75
33
90
16
-71
-32
50
12
-37
-50
5
42
16
-71
-54
37
70
-2
-34
-43
-8
33
46
-37
-63
21
52
6
-40
4
44
-19
-43
-3
61
39
-48
-73
7
75
73
-12
-59
-17
-21
-19
72
60
-22
-56
-27
8
53
30
-39
-89
-10
30
6
-9
-28
-6
-5
-22
-7
12
21
-12
-40
-39
13
58
0
-49
-28
18
43
-1
-18
-6
41
60
3
-72
-20
78
43
-27
-44
25
56
-17
-54
22
105
8
-111
-56
77
81
9
-49
-56
14
83
28
-74
-56
24
45
4
-18
-7
-1
-17
-46
10
81
26
-79
-84
3
67
27
-12
-1
-19
-24
-17
16
63
50
-75
-93
5
94
78
-41
-89
3
95
47
-26
-28
33
37
-34
-31
35
61
14
-82
-55
53
94
-5
-91
-17
75
29
-95
-65
53
101
13
-105
-74
42
76
-4
-76
-9
42
16
-31
-21
3
29
-16
-18
-21
2
28
17
-24
-26
0
-1
30
30
-18
-74
-3
71
70
-20
-73
-33
66
55
5
-51
-6
69
-6
-92
3
90
84
-56
-158
-59
155
122
-75
-177
-29
136
86
-94
-127
24
132
-12
-146
-56
108
96
-81
-146
-11
159
80
-125
-123
65
124
-42
-134
-12
164
91
-95
-136
27
162
39
-105
-61
40
75
15
-39
-24
0
27
32
-34
-58
4
77
6
-55
-21
25
35
16
-26
-78
-2
68
66
-52
-99
9
95
-1
-64
-22
45
31
-52
-62
8
103
59
-95
-133
14
128
64
-66
-82
14
75
40
-27
-43
41
49
-31
-39
18
102
74
-78
-117
42
164
35
-131
-90
51
98
-1
-75
-66
76
109
-9
-125
-80
83
125
-15
-127
-49
93
89
-51
-119
-22
103
65
-88
-122
79
126
-11
-138
-61
95
124
-44
-131
-11
121
62
-69
-67
32
53
-9
-10
6
15
-22
-16
0
6
33
46
-19
-46
-35
7
25
35
38
-10
-59
-39
-10
60
41
-33
-112
-27
60
13
-23
-36
-24
10
9
-7
-14
-16
-21
-31
29
73
0
-93
-62
68
113
-35
-121
-4
114
89
-51
-115
-16
115
97
-61
-108
22
117
22
-90
-50
46
112
-1
-119
-75
96
97
-46
-101
-1
96
36
-65
-65
38
53
-27
-17
26
11
-24
-43
-20
50
46
-31
-64
-25
39
20
3
35
19
-80
-80
8
110
80
-62
-109
-2
98
83
-15
-78
8
57
41
-30
-17
51
39
-6
-44
-7
71
32
-72
-42
86
54
-45
-56
10
45
14
-69
-70
30
101
23
-92
-67
39
61
-32
-54
7
42
-5
-71
-32
62
38
-31
-50
-8
18
23
-1
-27
0
9
10
-6
-2
16
-40
-23
34
41
30
-26
-28
-12
11
45
32
-55
-47
41
4
-59
-6
111
49
-99
-117
18
162
45
-145
-129
65
114
-19
-88
-55
38
42
-51
-69
26
92
-13
-116
-36
122
80
-103
-129
34
130
17
-110
-62
107
146
-8
-129
-74
116
125
-30
-118
-38
95
107
-25
-111
-5
95
29
-51
-46
0
57
72
-26
-86
12
73
15
-35
-12
-4
-23
39
30
-28
-54
-15
65
17
-60
-32
4
0
2
-6
3
55
23
-60
-78
18
95
54
-30
-81
-49
46
89
26
-73
-44
29
51
29
-3
-28
-9
51
45
-22
-5
35
-31
-54
19
84
3
-93
-18
103
63
-77
-143
9
107
56
-84
-93
19
102
7
-101
2
71
9
-84
-34
70
30
-54
-27
4
42
-9
-6
-10
-26
-9
37