#4
72
-76
16
189
163
9
-22
135
205
62
-64
-2
147
216
104
-12
-29
75
189
149
63
3
33
117
148
45
-19
69
203
119
-49
-61
92
217
115
-58
27
129
127
54
45
87
106
83
41
62
148
130
33
-42
64
225
188
37
-77
11
202
231
66
-44
4
137
156
88
17
31
134
127
-1
-4
118
163
41
-59
55
175
143
-22
-49
104
178
75
-28
1
159
204
51
-120
-55
220
311
54
-173
-70
183
245
64
-48
-20
95
118
34
40
105
93
58
13
16
99
112
74
51
34
87
100
38
-10
72
177
78
-55
-41
115
166
59
-55
-32
112
176
49
-90
-46
127
165
44
-67
12
130
94
-45
-32
123
152
11
-63
14
136
117
-3
-45
50
160
97
-33
-21
98
154
70
-54
-33
114
187
46
-108
-40
105
179
114
-51
-106
22
150
122
2
-17
67
87
48
5
61
113
49
-38
-8
130
102
-9
-21
60
109
44
-56
-9
98
134
24
-39
-1
70
124
70
-31
0
97
118
42
-6
41
82
52
35
67
94
42
9
20
77
126
88
2
-38
23
123
123
3
-36
59
114
90
-56
-50
105
168
33
-110
-25
131
137
27
-72
-19
105
117
29
-5
36
83
11
-33
57
188
110
-102
-121
78
196
118
-39
-78
18
75
88
61
-14
-3
63
105
27
-31
35
82
101
44
-12
46
45
7
20
88
101
-10
-77
-18
114
134
-1
-109
-35
140
171
-34
-170
-60
163
212
6
-161
-75
103
154
27
-75
-31
76
93
21
-68
-12
75
104
27
-27
7
65
64
17
-27
45
98
31
-22
5
37
46
-11
-17
72
109
24
-83
-52
61
117
40
-3
28
1
-32
37
108
118
-14
-107
-18
108
121
-24
-78
25
103
49
-93
-59
94
109
23
-45
-8
50
47
6
26
45
42
25
13
46
59
37
-42
5
131
115
-32
-74
10
118
111
27
-18
-3
60
69
14
6
7
54
94
18
-40
-47
61
127
30
-64
-32
77
97
-16
-62
36
106
60
-41
-30
93
95
-20
-83
31
165
144
-52
-160
-47
131
192
58
-117
-126
21
159
136
-62
-107
60
139
45
-65
-57
89
153
62
-68
-59
59
66
12
23
70
23
-62
-55
50
126
62
-94
-83
74
121
-6
-130
-53
116
127
-26
-122
-36
88
69
-10
-45
-4
59
47
-13
-30
-6
44
65
19
-18
-26
44
97
-8
-76
0
104
72
-27
-52
17
61
-4
-63
17
125
64
-82
-127
10
145
92
-19
-82
-50
66
65
34
19
4
-5
-11
33
12
-7
20
15
21
8
-42
-35
39
55
36
-7
-33
-24
44
73
45
-17
-49
22
109
65
-51
-88
21
138
127
-3
-84
-37
79
94
42
-13
-19
44
55
-5
10
35
40
16
-5
34
24
-19
-6
38
32
11
-2
14
-4
13
28
25
15
5
24
59
35
-27
-65
17
112
91
16
-84
-66
61
91
24
-9
-11
5
-27
11
70
56
-22
-30
62
39
-30
1
29
67
57
-3
-25
-13
17
67
62
20
-72
-51
30
87
56
-63
-109
15
129
70
-110
-140
20
120
52
-55
-48
10
27
-29
-21
52
50
-21
-60
2
28
27
1
5
6
12
19
29
17
-7
-19
47
59
-26
-54
20
74
26
-89
-72
75
151
27
-127
-108
19
117
65
-17
-21
-39
-39
38
83
82
-14
-107
-19
102
66
-72
-88
40
95
-10
-94
-24
89
48
-29
-36
1
8
21
15
13
15
22
0
-12
39
28
16
-5
9
65
77
1
-51
-42
45
113
62
-19
-75
-7
89
70
-17
-37
9
46
34
-11
-45
2
60
40
-33
-34
11
37
26
0
-13
-19
42
54
21
5
-46
-19
28
65
58
-4
-41
-44
-13
37
120
86
-91
-147
-14
135
109
-51
-98
8
120
54
-81
-90
68
153
57
-85
-63
26
44
37
50
-28
-55
0
40
28
-15
-27
-5
3
7
25
6
-58
-63
10
64
45
-30
-77
-29
47
49
7
-57
-47
30
44
10
-47
-9
57
31
-28
-43
7
56
52
-20
-45
-12
33
57
27
-42
-83
-14
61
65
23
-15
-68
-88
2
112
94
-17
-85
-31
21
47
44
15
-37
-9
34
27
-34
-49
13
89
38
-96
-107
18
107
47
-56
-61
16
50
10
-25
-5
36
17
-24
6
61
65
-22
-103
13
145
100
-59
-124
22
138
64
-19
-65
-6
49
57
27
-25
-29
25
72
36
-73
-68
37
75
34
-46
-24
23
20
-15
-5
-1
21
9
6
20
53
-11
-94
-26
118
149
9
-147
-90
51
105
48
-12
-41
-55
-5
76
50
-18
-48
-12
63
50
-30
-50
-1
84
65
-36
-30
39
31
-24
-12
49
24
-33
-46
14
53
-20
-93
-22
83
84
-50
-148
-41
107
80
-33
-84
-32
7
26
13
-16
-44
-28
29
64
11
-80
-61
56
97
-11
-90
-32
76
90
-20
-67
-5
44
15
-16
-10
25
-33
-47
-21
87
122
-44
-171
-112
113
199
23
-144
-112
23
116
60
-25
-54
-20
21
28
9
-24
-16
24
25
-40
-66
-13
34
20
-4
20
0
-39
-24
33
78
13
-67
-43
45
119
27
-88
-54
46
144
43
-86
-86
44
107
76
-22
-50
-19
28
45
43
-14
-24
15
61
10
-47
-35
32
75
-5
-73
-4
62
38
-31
-70
1
70
59
-38
-20
30
12
-35
-40
51
100
23
-56
-72
12
63
46
1
-33
-44
-3
39
15
0
-14
6
36
21
-23
-39
3
81
80
-10
-66
-19
28
34
20
3
-39
-41
5
55
23
-64
-53
6
57
31
-50
-100
-24
72
53
-25
-55
-48
-20
26
25
2
-34
-52
14
47
23
-63
-62
54
85
-7
-81
-27
70
70
-28
-68
0
35
7
10
13
-34
-45
-37
35
106
31
-84
-133
-29
118
99
-22
-106
-67
21
92
80
-10
-78
-58
31
69
16
-78
-48
36
55
0
-75
-69
24
75
31
-31
-53
-37
2
63
42
-36
-40
0
51
72
2
-56
-43
58
106
38
-66
-62
18
38
35
46
17
-14
-31
18
60
32
-34
-18
28
62
-16
-81
0
64
56
-30
-70
-29
37
53
-8
-29
-10
12
42
56
2
-31
-55
-15
66
77
51
-55
-94
-36
78
114
36
-90
-112
-27
73
113
20
-113
-75
106
134
-58
-126
6
150
91
-84
-104
22
83
60
-15
-61
-15
2
31
10
-13
-20
-5
0
6
13
-24
-76
-24
42
51
-12
-38
-27
-29
-13
30
18
-27
-28
-5
29
6
-53
-24
67
63
-23
-68
-19
42
59
-24
-39
14
25
0
-27
-33
48
26
-74
-69
87
132
-49
-178
-94
119
169
-5
-143
-104
36
119
49
-36
-57
-17
46
37
-49
-53
15
74
17
-87
-108
-15
101
59
-81
-68
20
46
-1
-10
10
27
3
-16
4
31
37
-22
-47
14
101
73
-66
-74
17
73
58
-9
-19
9
10
17
-6
14
2
23
38
-12
-51
-22
39
87
1
-82
-47
45
40
-25
-37
15
22
4
-16
47
43
-7
-64
-75
78
161
43
-109
-131
5
126
96
-14
-116
-70
44
61
24
-15
-27
-5
46
27
-32
-46
33
105
41
-64
-55
19
58
17
-10
-14
-20
11
-8
-10
9
0
-30
-20
20
29
-32
-90
-57
63
95
-2
-80
-72
-19
35
47
1
-90
-52
75
85
-36
-129
-40
111
117
-43
-149
-27
119
84
-55
-79
18
68
18
-53
-38
27
4
-41
-29
59
94
-37
-178
-101
156
193
-26
-172
-106
82
127
8
-60
-22
26
23
-22
-34
-28
31
65
-14
-54
-59
-24
35
15
3
-14
3
-5
-40
-2
56
30
-22
-42
-10
92
51
-77
-72
56
152
68
-117
-117
58
126
35
-30
-42
30
61
8
-14
-28
-6
50
53
9
-48
-65
21
72
22
-57
-31
40
13
-45
-15
65
34
-36
-54
37
90
13
-131
-78
118
175
27
-152
-150
61
150
44
-63
-58
-17
7
10
27
8
13
-4
-7
3
11
3
-1
36
35
1
-7
-27
-31
18
83
24
-74
-92
16
71
49
-44
-101
-33
70
72
-42
-130
-50
69
91
-3
-86
-44
20
-7
0
-3
-6
-26
-22
29
-1
-32
-26
31
49
-11
-50
0
32
11
4
6
2
-13
-3
36
-2
-45
-49
-17
35
79
16
-109
-101
31
110
36
-43
-30
-5
-38
-28
52
88
26
-86
-83
29
89
8
-70
-41
28
50
-32
-84
-34
47
64
26
-60
-89
4
68
81
11
-93
-55
69
127
14
-123
-70
79
157
39
-91
-68
29
52
38
3
14
12
7
0
4
22
11
10
-4
2
8
0
-7
-5
-4
1
-3
5
-4
-3
25
10
-49
-12
57
46
-5
-42
-47
-14
44
93
51
-60
-105
-22
64
93
39
-46
-124
-66
82
109
18
-90
-43
63
69
-33
-84
43
118
40
-59
-60
-1
50
26
17
-3
-46
-37
18
50
10
-49
-48
12
47
10
-56
-83
-33
59
63
-7
-61
-56
-5
17
-14
-3
10
-16
-29
28
15
-39
-52
34
78
2
-77
-39
76
57
-31
-61
0
57
26
-56
-33
6
9
-6
-12
38
45
-48
-102
-55
76
118
-10
-76
-60
0
30
41
61
-11
-82
-36
66
38
-79
-70
59
79
-21
-116
-67
55
71
-4
-65
-25
19
21
-4
7
0
8
-7
8
35
47
-12
-81
-13
92
110
-4
-103
-45
45
99
51
-48
-72
13
103
63
-59
-79
31
86
22
-63
-59
20
78
27
-54
-55
28
42
-25
-54
25
88
-6
-95
-9
121
72
-105
-157
49
183
122
-92
-174
-37
111
135
18
-97
-76
-21
42
63
17
-35
-33
21
78
24
-56
-36
56
92
5
-54
-55
4
54
61
5
-56
-53
-11
64
40
-22
-85
-41
50
71
-8
-112
-71
31
97
34
-75
-86
-16
33
17
-17
-16
-12
-17
1
19
-7
-28
-10
35
-12
-31
7
45
6
-23
-15
31
-1
-27
-14
25
27
-35
-81
-2
72
79
-73
-147
-19
91
81
-14
-63
-57
-15
22
77
31
-12
-75
-35
59
52
-66
-84
15
64
17
-51
-79
-20
49
24
-3
-24
-38
-2
13
49
25
-48
-33
21
91
59
-59
-92
-6
133
117
-69
-133
0
139
66
-53
-47
28
76
-3
-57
23
61
14
-38
-39
6
37
25
-2
-45
-25
52
42
-36
-52
31
78
-32
-85
5
103
65
-30
-119
-55
89
169
57
-145
-141
33
135
70
-51
-78
-32
34
37
0
-27
1
21
51
13
-52
-28
36
75
20
-29
-34
14
18
-1
17
46
-14
-77
-42
33
63
-6
-68
-73
67
98
-59
-130
-40
109
85
-73
-107
-16
40
-10
-56
-10
53
20
-59
-46
25
7
-13
0
20
35
-20
-40
-10
37
32
8
-25
-40
5
35
49
-7
-74
-69
-1
130
75
-123
-167
-6
163
113
-80
-121
-9
64
15
-9
29
27
-24
-61
8
67
-23
-74
7
60
15
-88
-82
32
94
9
-74
-52
23
36
7
-14
15
17
8
-3
25
61
-10
-68
-36
111
118
-42
-94
-28
44
67
49
-4
-47
-1
36
44
21
-39
-42
7
63
45
-70
-63
34
73
24
-66
-46
-9
53
35
-22
-45
29
32
12
-29
25
11
-77
-27
109
118
-26
-135
-50
37
82
70
-42
-116
-51
53
104
28
-78
-92
51
124
5
-95
-29
78
106
-23
-75
-19
35
25
6
-11
9
-4
-35
-18
15
17
-13
-41
-16
36
15
-50
-46
-16
22
19
9
-13
-107
-104
92
148
-14
-162
-93
121
112
-59
-128
-3
105
73
-76
-98
29
85
15
-41
-35
13
21
15
-18
-35
-19
-5
15
53
44
-59
-115
-37
73
76
17
-49
-33
-35
11
64
39
-36
-58
-10
25
32
11
-29
-25
11
29
-34
-79
-23
73
26
-38
-30
-17
16
21
21
30
-6
-37
-18
53
51
-12
-34
-23
72
109
-12
-82
-23
71
58
8
-18
-41
9
58
46
-22
-55
3
88
33
-77
-60
34
77
6
-74
-27
49
26
-49
-26
47
40
-24
-50
14
78
51
-74
-112
38
164
82
-94
-130
-22
84
54
10
-20
-62
-47
21
71
37
-46
-67
36
91
-4
-74
10
64
55
13
-36
-50
8
35
56
12
-40
-57
-35
13
83
33
-106
-106
41
142
16
-151
-157
49
181
30
-145
-128
22
100
21
-74
-46
12
24
13
-33
-19
-14
21
31
-4
-26
-32
19
29
-7
-9
-7
10
14
-14
4
1
-13
-39
-22
55
75
-57
-115
-69
71
118
14
-72
-72
-1
64
35
0
-2
-5
-30
-22
20
-2
-1
17
8
-19
-58
-68
20
64
10
-32
-6
-17
-16
15
31
27
-19
-35
0
68
66
-39
-107
3
144
115
-49
-140
-52
115
107
-2
-64
-13
65
31
-18
-9
-16
28
48
16
-26
-45
-16
29
44
1
-48
-14
21
15
15
-30
-11
27
-4
-3
53
52
-55
-137
22
192
106
-118
-169
1
132
81
-24
-46
-42
-32
21
55
18
-11
-45
19
78
3
-76
-24
83
92
-14
-56
-25
-6
22
76
23
-68
-71
0
65
33
-34
-73
-34
55
69
-22
-116
-71
50
66
9
-43
-48
-28
0
17
-11
-4
-6
-33
-12
28
0
-33
-22
42
39
-31
-58
8
32
-4
11
8
9
-32
-2
17
22
-26
-80
-25
106
95
-52
-176
-70
91
139
7
-113
-57
10
30
30
39
27
-73
-50
32
54
0
-90
-23
60
48
-34
-111
-50
52
73
33
-67
-102
4
100
66
-32
-85
-22
71
80
0
-64
-47
71
87
21
-45
-37
12
40
-2
-3
29
40
-13
-23
23
52
3
-49
-9
69
32
-49
-60
25
61
0
-33
-6
-24
-11
25
27
-8
-18
6
41
54
-6
-90
-72
58
146
69
-88
-117
-15
92
78
-8
-60
-67
1
66
46
-34
-59
5
101
37
-80
-74
45
113
56
-50
-80
-13
45
65
35
-44
-64
-25
31
53
-1
-85
-40
25
64
33
-61
-95
-31
36
78
19
-62
-82
-26
33
44
0
-50
-68
18
95
31
-79
-85
12
97
35
-66
-62
36
79
1
-63
-33
57
57
-35
-58
9
33
-21
-64
19
96
23
-104
-143
25
148
82
-37
-125
-102
54
144
42
-76
-69
-3
63
25
-63
-62
61
68
-37
-96
-62
35
68
1
-48
-18
25
2
-7
-10
2
32
18
-12
-4
37
9
-53
-39
82
95
-15
-77
-38
49
64
32
13
-14
-23
18
44
15
-61
-7
54
44
-16
-69
-14
42
51
5
-77
-23
58
13
-39
-5
29
16
-25
4
50
64
-29
-142
-35
156
156
-48
-197
-67
116
128
9
-77
-73
-14
41
66
4
-42
-14
22
37
-14
-9
16
34
46
-19
-21
32
-20
-49
31
82
26
-88
-71
37
83
27
-84
-116
6
129
81
-142
-175
24
160
78
-96
-158
-17
66
52
-32
-62
2
13
18
-20
-39
-15
27
58
17
-64
-40
23
55
-21
-44
18
45
-13
-35
2
45
-9
-113
-29
120
144
-84
-230
-71
171
160
-44
-140
-42
41
47
35
-11
-26
-24
17
8
2
-14
-31
1
47
5
-60
-70
1
27
11
28
20
-51
-91
5
119
90
-65
-131
-2
126
88
-40
-129
-2
139
118
-65
-124
-5
111
74
-43
-43
55
63
1
-31
-20
24
42
34
-18
-50
-9
20
21
15
-24
-23
12
23
-16
-17
20
9
-14
-19
41
82
-12
-112
-58
83
131
52
-90
-99
-9
68
62
10
-30
-44
-35
12
46
14
-25
-5
28
9
-28
-3
21
34
36
27
-31
-55
3
40
47
29
-75
-72
9
70
56
-73
-93
-13
45
72
3
-125
-99
41
128
16
-123
-63
26
17
-13
-29
-6
24
11
-2
-18
-43
-22
39
66
-30
-52
-19
48
27
-60
8
71
9
-70
-43
62
62
-63
-118
-21
105
123
-31
-181
-80
104
129
29
-72
-100
-31
59
88
28
-29
-56
-44
9
74
11
-90
-39
57
57
-31
-111
-48
80
64
-15
-68
-41
7
29
43
27
-8
-52
-33
61
94
7
-101
-50
114
113
-19
-90
-34
71
75
-15
-13
26
36
-11
-35
16
31
26
-5
-6
-6
-25
0
34
31
-6
-35
-11
18
-6
-5
25
-2
-20
-21
29
61
23
-56
-87
18
126
95
-55
-133
-68
51
132
83
-85
-119
-39
71
70
-5
-45
-23
33
75
-10
-58
-20
53
82
27
-70
-48
5
53
57
12
-44
-70
-19
56
41
-18
-66
-42
27
70
22
-96
-128
17
126
48
-81
-114
0
40
18
-26
-4
13
-37
-31
21
26
-17
-38
19
48
-36
-63
17
70
29
-56
-28
16
40
17
-19
-20
-34
-33
24
60
58
-36
-156
-81
87
155
29
-122
-96
-9
60
91
30
-57
-85
-13
104
56
-101
-141
51
151
36
-154
-161
13
155
84
-91
-99
-17
62
40
2
-22
6
-4
-12
29
53
-6
-52
-22
70
102
5
-101
-59
55
112
9
-53
12
45
22
-24
-15
32
17
-2
6
-3
-16
-11
36
45
-68
-71
48
79
-21
-66
-4
44
20
-7
0
50
36
-55
-112
2
173
137
-90
-205
-57
124
157
29
-125
-127
17
128
59
-73
-93
28
125
47
-91
-89
31
121
78
-48
-69
-2
26
2
27
33
-11
-64
-34
31
71
-8
-90
-54
32
86
8
-97
-105
37
113
11
-110
-79
17
53
-16
-56
-6
32
22
-44
-40
-5
10
13
18
1
-18
-13
13
-1
-12
22
31
-1
-53
-19
27
53
-42
-109
-41
130
163
-71
-236
-137
140
249
32
-209
-164
65
176
31
-104
-42
67
26
-68
-40
45
2
-39
8
24
-13
-92
-38
56
54
8
-26
-78
-41
42
96
25
-63
-67
25
84
51
-27
-81
1
91
84
-26
-88
-16
88
50
-26
12
24
17
-15
-19
28
31
11
-16
6
10
-19
-11
42
29
-42
-58
43
57
-13
-40
-3
35
-4
-33
25
70
36
-75
-142
5
197
145
-86
-212
-44
156
124
-22
-128
-54
46
43
-2
-29
9
38
-4
5
5
-44
3
31
73
38
-45
-39
-2
10
47
38
-30
-51
-37
24
60
6
-75
-73
17
91
28
-88
-113
11
103
6
-71
-53
5
13
-28
-28
3
19
-25
-9
8
-18
-18
4
37
35
-40
-65
6
69
22
-26
-2
5
-7
-2
31
15
-58
-120
-8
168
149
-101
-271
-83
210
208
-59
-206
-58
119
84
-49
-26
42
24
-53
-51
31
27
-22
-30
6
40
4
-94
-84
55
94
19
-48
-89
-16
98
68
-33
-77
4
59
43
8
-43
-31
28
86
55
-53
-47
34
47
19
13
8
15
-23
-10
36
52
-16
-63
28
81
17
-63
-57
11
82
29
-60
-48
12
34
27
-8
-32
-34
9
54
65
-14
-83
-70
29
127
91
-44
-125
-79
38
134
67
-75
-122
-44
81
91
-25
-67
-24
36
63
16
-41
-31
11
67
63
-16
-89
-44
37
88
50
-59
-94
-16
49
46
-11
-74
-45
24
71
21
-82
-113
-9
88
50
-36
-82
-74
19
57
15
-38
-65
-10
56
51
-38
-100
-30
114
84
-60
-98
-17
81
61
-18
-44
-26
6
31
43
-14
-83
-44
12
82
71
-34
-133
-94
57
152
48
-90
-104
-19
66
60
28
-14
-54
-26
37
40
-11
-95
-9
86
50
-61
-131
-57
102
118
-30
-98
-58
35
63
21
-27
-20
12
13
23
24
0
-35
-28
66
73
37
-48
-66
36
56
8
28
23
-4
-43
18
76
28
-43
-21
63
13
-43
-50
18
50
21
-46
-56
36
31
-11
-31
-2
29
-10
13
52
32
-64
-121
-6
171
129
-57
-169
-82
110
133
23
-95
-85
-11
50
75
-22
-71
-23
51
91
15
-84
-29
53
79
27
-55
-31
18
15
20
20
-13
-58
-43
27
60
16
-84
-75
44
88
17
-111
-112
39
98
25
-69
-88
9
30
18
-16
-59
-37
14
77
22
-102
-95
46
129
29
-127
-73
55
107
-5
-77
8
62
-2
-43
-33
57
34
-90
-81
69
146
23
-173
-187
48
213
106
-119
-172
-39
115
138
22
-110
-103
34
103
16
-81
-70
40
99
-6
-133
-89
49
80
9
-53
-9
-12
-34
4
72
49
-56
-96
33
128
76
-93
-130
28
166
109
-67
-141
-6
110
81
-25
-38
26
25
-5
-6
29
10
-3
33
17
-19
-40
9
31
33
-38
-48
12
39
-5
-51
27
75
-34
-107
5
150
109
-86
-214
-47
213
226
-56
-250
-125
121
206
42
-144
-141
-2
135
66
-64
-72
28
74
33
-21
-66
-28
71
79
12
-36
-37
-4
13
31
60
-14
-73
-48
39
73
-13
-71
-44
20
78
24
-115
-114
20
110
33
-68
-70
-32
6
30
3
-13
-14
-39
-20
24
17
-35
-52
51
83
-5
-90
-46
61
69
-19
-57
-13
39
21
4
-5
-40
-45
-29
42
124
19
-150
-160
30
225
113
-138
-179
-32
118
134
22
-97
-106
6
102
60
-51
-99
-34
72
50
-20
-99
-56
40
87
16
-65
-82
-9
78
74
-32
-70
-2
46
28
3
-6
8
-1
40
28
-17
-26
23
48
-11
-3
45
27
-23
-12
5
56
15
-41
-25
31
74
-33
-86
-1
93
36
-54
-67
11
28
39
5
-35
-46
-5
41
77
45
-74
-118
-9
132
144
-36
-170
-73
108
100
12
-31
-62
-27
1
42
26
-9
-28
-14
44
53
-42
-49
23
96
64
-42
-91
-43
93
99
-29
-86
-34
40
35
-32
-39
4
21
-12
-26
24
-2
-77
-54
42
58
-25
-47
-27
-17
4
20
0
-31
-41
13
33
-35
-43
10
62
17
-62
-71
42
103
-2
-84
-27
54
31
-6
2
-19
-24
-44
-8
64
88
-2
-155
-136
36
185
107
-103
-166
-39
113
131
-4
-87
-54
30
63
-25
-66
-32
43
88
5
-109
-102
6
110
32
-45
-59
-15
33
28
-11
-7
12
33
9
-35
-14
42
24
-32
-14
76
87
-33
-96
-31
94
132
-3
-114
-57
59
135
2
-130
-49
133
123
-67
-173
-21
136
111
-72
-129
6
84
27
-65
-36
48
36
-34
-26
64
81
-62
-132
-38
139
192
-8
-206
-122
86
162
66
-75
-127
-65
74
116
-21
-80
-17
62
83
-7
-94
-62
67
137
30
-84
-62
11
52
34
13
-26
-46
-22
22
48
7
-46
-60
-8
64
49
-62
-130
-55
70
124
15
-132
-125
25
118
9
-83
-65
29
70
3
-63
-52
7
77
25
-68
-50
57
69
-37
-62
23
46
23
-32
-45
25
29
-47
-84
27
137
67
-129
-188
-2
196
121
-101
-181
-50
119
115
20
-65
-83
21
61
-1
-42
-47
27
37
0
-16
-55
-38
1
44
35
-10
-34
-53
-28
81
92
-29
-94
-38
104
107
-49
-116
-23
116
128
-13
-106
-47
73
98
-16
-48
6
85
24
-81
-34
42
75
36
-46
-60
-6
46
62
0
-64
-38
49
46
-45
-49
37
68
-18
-102
-15
142
118
-85
-209
-52
222
225
-65
-250
-116
151
185
24
-132
-117
26
65
32
-17
-46
-3
33
64
1
-70
-33
46
85
31
-20
-32
-61
10
78
69
-32
-120
-52
93
89
-44
-125
-56
92
116
-26
-162
-117
68
147
9
-108
-70
4
63
-13
-70
-34
30
32
-9
-33
-48
-8
27
39
10
-41
-52
38
66
13
-43
-29
28
29
-48
-17
71
27
-124
-114
98
196
29
-223
-192
91
229
71
-146
-136
29
97
27
-51
5
33
-28
-20
10
18
-33
-46
37
41
8
-98
-104
41
110
49
-69
-111
5
86
53
-43
-55
2
57
46
1
-32
-46
9
73
86
9
-81
-42
51
65
29
-8
-8
14
24
17
11
-19
-28
27
52
-2
-43
-46
25
76
4
-74
-35
41
39
-25
-45
17
29
-3
11
39
41
-28
-97
-51
111
173
2
-183
-136
73
184
91
-97
-156
-43
94
114
-18
-89
-46
51
88
27
-74
-57
18
98
71
-9
-78
-56
20
95
64
-51
-86
-38
63
65
-27
-81
-16
34
66
-4
-91
-96
3
99
32
-68
-70
-7
4
-14
-24
26
38
-44
-63
11
22
1
-7
18
4
-10
-19
-9
29
4
-13
11
3
-18
-13
36
36
-41
-102
-54
83
179
22
-198
-173
30
216
114
-121
-165
-35
89
106
12
-72
-70
28
50
30
-34
-79
-19
64
64
-46
-121
-49
67
70
-4
-43
-39
-42
-12
67
66
-10
-75
-43
57
98
24
-99
-69
90
142
11
-126
-43
98
86
-38
-50
33
80
2
-68
-31
55
63
21
-44
-14
-11
-3
18
37
-7
-42
5
40
-18
-39
20
36
0
-47
-12
101
85
-37
-159
-87
158
219
4
-242
-142
134
178
19
-119
-113
52
93
6
-64
-28
37
33
11
1
-7
-19
6
78
83
-42
-95
-17
61
59
10
-37
-50
-14
49
43
-18
-61
-63
33
88
14
-70
-122
-45
96
60
-18
-69
-41
-6
2
20
-6
-45
-29
13
33
-33
-39
11
36
20
-22
-36
16
26
-7
-34
15
50
-12
-62
5
85
28
-131
-149
90
235
57
-241
-217
70
267
109
-195
-195
42
141
89
-51
-109
-21
82
54
-66
-65
-9
54
37
-31
-67
-22
3
-11
15
36
30
-61
-84
18
83
45
-11
-77
-29
68
87
6
-77
-54
78
127
31
-109
-90
67
118
44
-74
-39
69
49
-22
-49
27
47
9
3
5
-22
-15
-14
36
40
-33
-13
6
-16
-18
51
88
-62
-119
-22
148
159
-68
-232
-81
186
232
-10
-221
-153
104
193
42
-98
-121
-11
89
21
-27
5
15
-18
-3
24
10
-4
-26
35
72
32
-51
-80
-10
84
95
-12
-133
-59
88
93
-13
-134
-71
52
103
6
-112
-126
1
116
72
-80
-115
-3
69
13
-83
-38
75
23
-35
-46
-22
18
18
-7
-13
-6
13
-1
20
6
0
-2
5
-20
-34
41
60
-44
-115
-46
92
154
0
-160
-147
39
189
72
-107
-107
-21
62
59
2
0
-18
-13
6
6
25
-42
-63
12
85
54
-106
-153
8
137
81
-58
-120
-46
70
110
8
-85
-48
54
80
13
-61
-44
31
65
79
13
-65
-45
31
71
33
-33
-14
41
44
-23
-21
15
15
30
14
-6
-25
-16
16
50
22
-51
-74
8
50
24
-10
-31
-12
-6
26
74
36
-39
-124
-56
122
165
26
-149
-160
41
182
84
-81
-136
-31
70
65
-5
-68
-16
33
34
23
-41
-14
20
55
46
-3
-29
-34
-37
43
88
-10
-89
-68
55
109
-4
-123
-82
48
111
11
-127
-110
23
102
18
-58
-42
3
3
-46
-14
25
1
-34
-28
27
9
-22
-38
-9
81
51
-64
-74
-3
103
38
-61
-48
14
24
18
32
-6
-94
-81
74
180
27
-205
-179
72
229
80
-132
-144
-10
92
63
16
-41
-44
-35
41
72
-6
-116
-68
111
117
-44
-163
-84
88
104
1
-75
-64
-19
55
67
14
-41
-54
27
72
56
-17
-102
-43
106
138
19
-103
-96
60
123
30
-50
-28
48
30
1
-12
-2
-8
18
76
45
-83
-105
12
125
36
-82
-58
30
52
-11
-28
0
1
-6
32
47
39
-26
-108
-73
96
184
64
-148
-186
16
179
131
-62
-170
-97
76
152
24
-106
-85
64
127
10
-117
-51
86
101
-12
-26
19
-17
-25
18
49
13
-46
-50
18
30
15
-9
-53
-44
7
67
16
-92
-95
18
91
44
-60
-93
-40
28
38
25
-42
-74
20
76
-16
-89
-58
82
107
-29
-113
-30
103
58
-62
-59
30
66
-15
-62
3
64
-11
-133
-64
176
177
-122
-265
-67
194
199
-42
-205
-116
98
166
25
-93
-68
22
58
4
-49
-64
12
79
27
-57
-104
-47
84
62
-28
-58
-17
22
9
19
21
-23
-14
18
-1
19
16
2
-12
6
59
56
-14
-53
4
60
34
16
-12
-19
23
32
-1
-23
-4
62
23
-29
-50
-3
64
10
-39
-27
29
33
-22
-27
1
39
11
-57
-38
85
140
-42
-186
-106
172
261
5
-254
-195
136
225
40
-132
-119
11
73
28
-6
-17
4
22
-1
-3
-8
7
22
31
45
16
-25
-36
-46
55
97
8
-85
-90
22
82
26
-47
-89
-17
105
65
-85
-156
-28
113
73
-50
-96
-12
35
-17
-27
-8
0
-5
-18
-1
10
-17
-16
-37
35
43
-1
-41
-39
34
44
10
-36
-31
-6
31
52
-6
-105
-100
70
185
64
-196
-240
49
265
109
-152
-166
6
110
56
-22
-36
9
-14
-34
28
38
-49
-65
9
77
36
-81
-110
-8
93
91
-8
-130
-95
64
133
54
-93
-97
31
97
33
-14
-58
-40
49
98
56
-49
-52
9
48
29
7
15
0
-18
14
15
32
3
-27
-1
27
48
-25
-77
20
58
19
-33
-47
-17
24
39
24
-57
-71
39
116
39
-71
-111
-4
95
116
30
-106
-122
7
90
106
1
-111
-113
20
106
74
-40
-104
-28
104
88
-34
-86
-5
97
56
-13
-41
-53
-3
49
69
40
-63
-112
-25
104
100
-46
-156
-63
111
125
-72
-170
-38
102
90
-51
-106
-19
49
19
-61
-48
30
18
5
-17
-30
-62
0
93
57
-56
-113
5
110
55
-66
-61
16
47
10
-9
13
-9
-73
-39
39
126
60
-114
-171
-38
155
162
-47
-169
-90
72
136
30
-67
-74
-4
74
43
-43
-79
-18
75
38
-27
-97
-66
51
57
14
-4
-54
-47
0
35
69
3
-38
-19
32
35
3
-25
-21
25
81
33
-20
-38
12
36
16
26
21
5
5
-26
14
61
-18
-11
21
45
-30
-93
-10
111
80
-79
-137
3
129
67
-72
-129
19
112
27
-35
-8
34
-31
-87
9
155
99
-105
-167
-15
139
107
-7
-113
-89
26
95
49
-38
-79
-24
74
103
-56
-117
5
114
93
-29
-79
-27
21
41
42
1
-32
-50
-6
53
48
-37
-132
-52
108
136
-43
-232
-91
167
158
-66
-177
-63
77
71
-28
-66
-23
20
20
3
-38
-33
16
31
4
-17
-23
22
55
-7
-80
-26
78
37
-45
-52
19
82
-29
-156
-43
190
162
-147
-282
-32
268
197
-106
-245
-54
152
112
-17
-63
-57
7
58
53
-45
-99
-21
74
78
-27
-94
-78
1
81
59
-22
-65
-68
2
93
67
-22
-105
-34
91
112
14
-110
-90
69
163
64
-109
-100
39
111
40
-41
-9
49
27
-31
-44
35
56
-2
-23
-6
9
0
17
10
-27
-16
45
20
-71
-44
64
80
-33
-105
-18
124
134
-29
-195
-106
147
218
17
-221
-143
99
175
38
-74
-87
-20
35
43
-15
-25
14
32
21
-7
-32
-1
22
46
28
6
17
-33
-40
-7
79
65
-57
-114
-9
80
71
-81
-98
11
90
44
-87
-129
-17
100
79
-52
-120
-48
45
42
-30
-67
-15
29
47
-12
-66
-42
31
50
7
-38
-21
6
29
-2
-23
17
34
-11
-45
1
60
26
-97
-112
33
170
92
-148
-223
-6
187
162
-59
-154
-65
67
103
26
-54
-45
-1
40
-4
-37
-34
9
54
3
-48
-62
-20
47
13
-3
-20
-10
-9
-26
13
60
18
-23
-40
11
60
27
-31
-66
16
127
80
-75
-109
20
121
39
-35
-14
46
32
-48
-62
56
82
8
-66
-9
54
-6
-49
-6
39
11
-27
-7
11
-18
0
17
-19
-15
7
76
45
-35
-83
-66
78
159
38
-111
-134
6
106
94
3
-91
-94
3
69
71
-8
-89
-26
71
80
5
-85
-32
60
126
33
-95
-93
6
126
94
-69
-120
-30
64
72
9
-63
-83
15
92
28
-66
-106
-22
71
55
-17
-71
-31
20
-11
-35
6
21
-19
-50
3
34
-16
-42
-5
45
58
-44
-86
-11
68
35
-19
16
2
-52
-10
57
47
-84
-120
32
163
84
-121
-207
-31
153
144
-23
-140
-77
12
73
88
-9
-71
-48
-1
67
46
-59
-84
1
97
24
-98
-116
-40
122
93
-26
-102
-74
25
85
53
-26
-63
-22
43
54
17
-48
-40
32
105
63
-69
-94
32
87
29
-10
3
9
2
9
10
9
14
12
22
-1
-8
-25
-23
13
32
2
-18
-4
-3
-4
0
40
6
-65
-40
69
117
21
-130
-144
46
251
127
-166
-245
-3
212
159
-56
-169
-93
63
122
38
-70
-46
20
53
41
-34
-40
-5
53
59
59
-34
-80
-37
41
103
40
-57
-105
-6
96
59
-89
-104
6
88
56
-60
-138
-42
81
89
-21
-91
-47
1
33
-9
-39
-16
-9
7
18
-10
-42
-21
21
68
10
-59
-69
13
76
44
-22
-44
-27
18
37
34
-37
-67
-63
14
111
100
-52
-195
-115
142
199
-1
-161
-141
26
189
87
-98
-131
24
136
15
-118
-79
38
125
-6
-98
-65
-8
40
35
-6
-13
-1
-41
-37
27
83
21
-49
-59
8
92
71
-60
-119
40
183
72
-129
-135
54
178
35
-93
-42
76
74
2
-70
-21
34
37
45
-4
-55
-51
45
93
11
-89
-53
68
47
-64
-41
48
52
-47
-89
41
164
55
-174
-205
93
296
99
-209
-242
40
242
106
-98
-151
-25
77
49
-18
-53
8
47
29
27
-50
-64
22
84
69
-13
-55
-44
-9
55
102
2
-109
-105
31
128
42
-92
-136
-12
129
77
-77
-194
-62
149
110
-80
-128
-9
72
5
-78
-51
42
58
-39
-69
-4
25
-3
-10
11
30
-8
-29
-14
1
42
30
-22
-45
-25
45
76
-7
-98
-111
27
168
115
-103
-230
-99
184
211
3
-178
-130
41
137
80
-41
-96
-43
51
77
-5
-93
-63
60
96
-26
-92
-70
17
61
22
-19
-15
-44
-33
53
79
-2
-73
-46
61
97
5
-90
-55
91
131
11
-95
-59
62
85
3
-10
1
32
18
-22
19
28
-15
-30
32
72
-14
-102
-35
96
76
-44
-74
-22
22
27
17
-16
-23
-26
2
56
74
0
-128
-107
93
210
79
-162
-196
26
189
90
-76
-106
-49
43
56
9
-11
-14
-44
17
80
17
-58
-57
21
114
78
-47
-107
-42
74
119
18
-126
-119
54
138
17
-118
-94
50
74
-2
-59
-70
-30
52
39
-28
-65
17
31
-69
-59
25
63
-2
-92
-51
68
73
-44
-76
11
62
13
-58
-25
57
27
-8
-8
-9
-14
12
38
-1
-68
-80
6
151
100
-115
-192
-39
142
115
-36
-87
-72
9
78
78
2
-83
-73
48
85
-13
-96
-71
80
112
-11
-150
-116
63
131
11
-78
-63
-4
41
39
-2
-38
4
27
-1
-14
8
36
19
-22
13
86
17
-83
-36
64
80
22
-9
-19
-2
23
-1
-9
7
17
13
27
-8
-57
-17
75
49
-47
-60
-7
40
20
16
6
-31
-57
-7
101
102
-12
-124
-131
53
211
121
-112
-216
-45
173
163
0
-161
-99
30
90
64
-38
-51
3
50
49
-29
-42
38
55
17
-13
-18
-3
5
25
13
2
-2
-20
-38
-9
40
38
-38
-83
-17
64
62
-60
-137
-30
105
56
-38
-69
-53
-37
32
71
-6
-84
-52
56
63
-57
-75
19
77
28
-70
-61
47
51
-21
-23
6
21
-10
-17
-1
4
-3
-94
-36
100
137
-14
-208
-161
129
229
44
-174
-164
13
168
104
-47
-144
-36
86
47
-30
-73
-27
52
56
-44
-78
-30
6
22
15
10
4
-59
-72
41
114
23
-104
-78
69
132
30
-99
-98
64
131
56
-65
-94
19
95
41
-21
-9
22
38
-8
-22
10
31
32
21
3
-41
-50
26
62
2
-63
-11
46
-5
-55
13
69
18
-72
-45
67
117
2
-135
-109
71
175
86
-101
-161
-40
126
137
-4
-119
-66
38
57
2
-35
11
33
-1
-6
-23
18
33
13
3
38
54
-42
-87
18
98
44
-69
-117
23
86
33
-59
-75
-4
51
42
-33
-95
-30
49
51
-12
-73
-19
20
-21
-49
-20
38
4
-49
-34
11
31
-16
-25
26
17
-50
-13
48
31
-28
-32
23
22
-13
-19
16
42
-27
-88
-48
83
145
-18
-193
-123
109
196
29
-142
-127
35
106
47
-25
-51
-15
25
25
3
-40
-67
-4
91
59
-78
-153
-16
96
93
8
-100
-107
24
113
75
-67
-120
-7
114
103
-16
-110
-59
75
119
41
-81
-67
32
71
38
-30
-9
66
21
-32
-15
29
9
10
6
3
12
-16
-24
6
18
23
-21
-26
-10
-2
23
10
-16
-15
-29
14
126
64
-120
-180
30
230
155
-130
-250
-27
174
135
-29
-110
-77
29
55
19
-17
-21
-2
22
51
-4
-73
-40
76
114
8
-68
-68
16
86
71
-26
-77
-40
22
42
4
-46
-53
-22
59
82
-14
-131
-95
52
107
11
-87
-84
5
49
-14
-48
-9
26
17
-19
-44
-13
37
15
4
0
-15
-19
-4
7
9
18
42
-14
-65
-12
52
46
-30
-109
-53
105
153
-24
-192
-110
85
174
71
-113
-156
-49
100
149
44
-115
-136
21
138
56
-77
-118
-10
117
52
-119
-141
28
128
36
-95
-61
25
19
14
13
14
-19
-34
8
70
65
-31
-103
7
139
90
-68
-106
-6
96
61
-5
-46
30
36
-18
-25
32
42
-4
-9
20
0
-48
-11
39
42
-20
-36
1
2
8
-3
-7
-6
-15
2
45
58
19
-76
-116
-4
168
159
-67
-205
-86
120
175
24
-147
-129
9
117
73
-55
-79
-13
67
94
-34
-95
-28
91
114
-5
-78
-34
41
28
-2
12
2
-42
-41
13
49
9
-53
-74
-6
100
59
-109
-146
11
113
67
-64
-115
-31
58
38
-49
-48
1
20
32
-18
-61
-11
22
44
-3
-43
-25
21
38
-9
5
15
2
-32
-6
16
6
-12
-31
-46
36
128
25
-157
-178
45
235
112
-126
-197
-54
156
171
-49
-135
-41
78
55
-43
-65
-31
59
52
-51
-67
-14
18
1
-13
5
9
-22
-22
-5
51
29
-30
-29
8
52
40
-10
-40
-10
100
77
-38
-87
-11
83
76
-10
-53
-10
65
76
-40
-81
11
99
46
-59
-73
-1
62
44
-24
-48
0
44
1
-53
-37
66
58
-52
-88
40
149
80
-129
-212
-3
251
201
-129
-284
-68
227
201
-54
-198
-81
108
100
-58
-83
54
91
8
-70
-42
20
65
30
2
8
16
-9
-33
-5
76
46
-39
-89
-64
64
88
4
-111
-74
47
114
9
-149
-128
66
150
15
-129
-86
34
63
-23
-44
-16
14
7
-15
-19
-16
-24
23
58
2
-53
-18
42
17
-21
3
41
-2
-64
-22
72
65
-38
-141
-59
153
176
-68
-242
-118
145
195
0
-147
-107
43
83
27
-22
-4
13
-4
-25
-13
-5
2
12
-16
-17
-15
-27
-8
-12
3
24
-3
-30
-40
-3
60
64
-12
-67
-24
74
77
-27
-102
-39
123
125
-29
-126
-11
97
54
-3
-3
9
9
1
-6
11
28
-2
-18
24
22
-12
-39
0
38
19
-18
-39
-7
21
34
12
-38
-69
-14
89
123
12
-139
-169
55
225
135
-97
-208
-57
130
138
9
-105
-83
-7
81
76
-40
-55
1
21
19
28
5
-31
-21
60
89
19
-84
-78
47
120
48
-94
-112
3
97
38
-44
-83
-8
72
43
-60
-99
-11
62
16
-51
-48
35
22
-38
-67
-9
59
36
-51
-40
-11
39
-1
-39
12
38
-12
-37
-19
28
51
-7
-26
-17
7
31
13
-2
-50
-74
-10
87
115
-23
-138
-108
11
147
112
-66
-150
-101
91
178
30
-124
-106
51
101
-16
-97
-67
66
116
-21
-130
-98
39
105
28
-66
-53
-3
14
3
13
15
-2
-26
-9
43
62
-20
-81
-29
124
125
-76
-112
3
81
60
14
-16
-23
-1
59
41
-29
-53
6
78
64
-54
-94
-6
87
66
-35
-94
-36
67
50
-50
-31
8
40
-23
-37
79
115
-46
-222
-73
218
257
-41
-301
-169
177
247
37
-179
-158
18
131
87
-37
-85
-38
47
94
14
-76
-39
58
111
34
-89
-54
38
52
22
-1
-28
-30
-16
12
48
14
-63
-90
19
83
40
-91
-119
28
113
30
-76
-114
-18
69
37
-59
-68
-1
39
48
-28
-81
-34
57
88
13
-89
-79
72
97
-34
-82
11
82
-10
-79
-24
84
86
-116
-178
66
246
78
-223
-261
39
268
170
-125
-249
-80
180
169
-16
-126
-67
24
78
48
-68
-112
39
117
11
-113
-93
24
75
21
-55
-24
21
-3
16
11
16
-4
-31
-1
43
52
-20
-88
-20
135
136
-75
-161
14
172
96
-105
-132
70
164
40
-115
-72
58
106
39
-53
-63
-17
53
41
-24
-47
-3
37
0
-48
-6
74
43
-83
-100
32
152
107
-124
-228
29
250
157
-112
-228
-70
153
149
2
-108
-93
-7
77
57
-14
-42
-18
8
63
5
-48
-39
36
93
22
-39
-35
-13
59
65
25
-63
-120
-20
72
103
-10
-153
-94
96
156
-22
-204
-113
125
154
-45
-173
-54
110
49
-94
-98
29
99
0
-97
-49
38
40
-24
-14
16
5
0
-16
-17
-6
30
51
-2
-83
-39
56
88
-16
-141
-78
124
192
-2
-229
-186
97
248
67
-140
-164
-24
145
118
-25
-97
-39
40
34
0
-25
-41
-11
61
31
-40
-94
-45
53
56
32
-34
-93
-30
64
105
0
-95
-32
61
90
-3
-71
-30
50
106
54
-77
-82
35
105
33
-54
-34
46
82
4
-63
-18
66
30
-25
-23
36
20
-44
-33
21
44
16
-57
-29
5
25
44
-4
-39
-43
21
85
64
-60
-154
-49
181
206
-28
-240
-160
117
230
69
-150
-174
11
140
89
-60
-100
9
63
45
-19
-43
12
29
33
45
8
-35
-43
3
78
58
-42
-121
-27
90
75
-67
-91
-19
78
65
-49
-128
-69
87
79
-41
-91
-17
40
-12
-61
-28
36
40
-33
-58
-1
25
6
-16
-3
21
5
-38
-26
54
44
-24
-25
5
-30
-35
32
81
12
-139
-101
94
198
34
-206
-205
55
228
113
-114
-189
-42
116
145
20
-113
-94
28
83
29
-57
-73
-8
55
48
-48
-80
-32
11
38
33
-3
-35
-63
8
77
51
-40
-71
20
97
35
-55
-61
14
77
82
-16
-88
-8
86
40
-18
0
30
29
-20
-10
14
-1
1
45
27
-15
-46
-25
30
61
13
-63
-10
7
-6
5
18
12
-41
-29
34
111
74
-88
-190
-38
198
212
-12
-225
-151
82
194
103
-125
-196
-17
178
134
-105
-150
32
141
64
-102
-85
40
110
60
-49
-41
4
29
28
8
10
-38
-47
11
50
20
-51
-60
1
41
35
-7
-84
-87
10
75
50
-52
-88
-26
37
28
-41
-56
8
12
7
6
-36
-30
18
67
0
-87
-44
57
90
-4
-87
-23
70
33
-57
-18
53
21
-86
-88
45
151
47
-162
-173
3
189
151
-67
-192
-127
107
179
34
-107
-108
28
91
-1
-45
-47
14
39
2
-37
-86
-31
38
28
31
-31
-55
-35
17
100
17
-73
-34
23
60
44
-23
-53
-25
66
130
-3
-108
-43
67
89
13
-46
13
66
37
-56
-57
50
61
30
-30
-31
-7
-4
21
34
-5
-55
-17
28
21
-21
14
8
-5
-18
0
58
85
-19
-149
-79
122
207
42
-189
-195
82
224
91
-141
-196
4
171
85
-92
-124
37
100
42
-58
-67
21
75
56
8
-12
-28
-30
0
56
65
-6
-81
-66
17
86
41
-69
-105
-8
104
45
-117
-140
30
127
31
-100
-88
23
55
-17
-77
-30
48
38
-14
-48
-44
-18
48
57
0
-68
-40
65
72
-61
-51
34
64
-20
-60
-1
65
23
-99
-123
48
190
74
-176
-229
17
251
149
-112
-220
-59
119
154
21
-125
-78
33
67
6
-43
-41
10
41
14
-36
-39
-15
-6
-7
22
47
-34
-89
-18
115
95
-53
-124
3
134
70
-87
-119
38
180
84
-102
-120
38
144
34
-99
-44
88
89
-14
-47
-34
36
53
8
-22
-22
-15
14
40
3
-40
-34
38
42
-36
-36
30
42
-40
-64
19
115
84
-105
-188
9
194
149
-64
-190
-85
93
142
37
-89
-99
-25
65
69
-18
-59
0
37
47
5
-50
-50
58
106
16
-52
-44
-8
33
55
6
-28
-51
-23
23
36
-8
-60
-33
37
47
-33
-87
-40
32
47
3
-74
-53
35
-3
-50
-10
45
-5
-91
-14
85
25
-63
-72
48
98
-17
-86
-26
43
48
6
-13
-27
-43
35
74
7
-58
-103
-37
112
161
-22
-206
-139
78
214
77
-145
-127
-30
82
112
28
-63
-79
12
54
50
-31
-118
-50
111
109
-67
-181
-65
135
122
-15
-140
-99
64
140
16
-83
-46
65
81
-33
-63
7
61
20
-16
41
36
-41
-29
25
43
32
14
0
-8
-2
39
25
11
-47
4
63
30
-44
-82
-9
100
62
-57
-90
3
61
19
-10
-6
-6
-31
-15
79
94
-33
-157
-89
131
215
28
-179
-174
41
172
104
-46
-142
-99
50
136
39
-110
-81
55
110
19
-92
-40
59
95
29
-49
-28
32
-3
-17
29
51
-6
-103
-55
63
94
-36
-152
-35
148
82
-117
-196
-9
164
87
-111
-131
21
74
-12
-76
-29
39
52
-25
-64
-62
25
68
17
-27
-22
-12
25
8
-20
10
43
3
-80
-53
96
106
-53
-155
-89
112
195
30
-186
-214
28
254
128
-151
-187
-18
119
119
0
-116
-59
67
75
5
-74
-78
35
80
19
-88
-102
11
64
26
-23
-24
-12
-24
-29
34
62
22
-43
-46
41
67
20
-59
-45
72
102
14
-92
-58
68
92
10
-24
-24
47
51
-17
-42
-9
25
53
48
-42
-93
-11
81
54
-29
-80
4
81
-4
-75
-5
76
15
-99
-46
139
149
-80
-219
-55
205
216
-35
-246
-134
142
218
25
-170
-119
51
103
12
-73
-17
62
37
-32
-58
6
55
43
5
-15
9
22
-6
-38
15
72
46
-82
-117
27
133
35
-99
-117
14
106
44
-111
-121
24
112
18
-97
-66
26
54
-13
-87
-62
67
83
-13
-89
-83
15
87
42
-8
-69
-20
44
23
-39
-27
81
41
-80
-86
55
98
-9
-136
-99
103
209
47
-224
-227
46
269
142
-139
-218
-55
148
138
-8
-109
-84
20
94
33
-60
-73
1
65
31
-9
-96
-104
14
107
59
-49
-117
-42
71
98
7
-92
-45
60
76
23
-49
-63
22
92
64
-25
-71
-10
48
51
16
-9
8
23
17
-18
3
23
-8
1
28
47
-13
-103
-39
102
97
-34
-121
-41
92
64
-20
-70
-27
25
39
56
25
-42
-92
-44
106
148
4
-118
-113
18
108
86
-3
-81
-94
15
72
56
-13
-59
-51
48
116
-8
-74
-24
76
93
6
-62
-78
-5
113
99
-58
-141
-36
102
85
-43
-105
-32
63
80
-14
-119
-108
38
130
24
-106
-100
29
77
-28
-80
-19
61
40
-29
-67
-17
24
21
34
-7
-38
-29
25
33
3
-9
1
7
-1
-22
18
39
-1
-91
-72
43
134
51
-119
-167
-20
146
144
-30
-159
-86
55
100
65
-19
-92
-54
25
80
30
-88
-70
43
69
-18
-115
-51
51
65
-7
-40
-32
-28
24
66
26
-66
-66
44
96
23
-74
-71
32
123
74
-64
-110
29
130
31
-76
-33
59
89
-6
-90
-13
72
49
-21
-14
38
-32
-70
23
98
37
-82
-68
19
44
12
-3
-14
-16
-13
26
59
33
-31
-112
-47
103
159
53
-167
-159
44
150
93
-42
-119
-104
47
143
42
-89
-74
32
103
38
-102
-81
46
128
86
-57
-79
-26
54
55
22
-56
-64
-6
54
31
-15
-63
-41
17
51
36
-67
-117
-13
70
65
-46
-83
-5
11
10
-21
-32
2
10
5
-6
-49
-31
14
78
56
-95
-113
51
114
35
-91
-51
58
54
-45
-59
41
80
-57
-150
-24
207
150
-144
-273
-55
243
214
-79
-235
-115
117
216
29
-139
-116
61
130
1
-106
-76
39
110
7
-78
-86
-33
70
52
-25
-37
-35
-21
16
48
58
-30
-54
0
39
60
16
-73
-66
87
156
11
-120
-58
83
112
-14
-55
4
74
58
-44
-65
17
53
41
-13
-29
-3
-17
-2
57
22
-43
-32
-12
23
23
37
-26
-60
-36
20
92
74
-22
-147
-90
126
207
30
-190
-165
55
174
94
-70
-134
-67
47
97
32
-54
-49
16
50
25
-32
-30
58
63
-6
-24
-21
18
6
19
32
-7
-58
-50
22
64
-15
-78
-33
44
54
-11
-100
-96
20
101
8
-84
-38
20
-4
-51
-12
32
18
-19
-52
-23
27
7
-30
-17
35
30
-6
-24
-33
4
52
48
-9
-94
-41
76
88
-24
-121
-95
66
171
65
-151
-204
10
197
113
-78
-143
-34
47
49
43
25
-42
-73
15
74
2
-85
-36
41
63
1
-102
-66
37
62
29
-35
-67
-30
22
71
42
-26
-65
5
76
31
-23
-40
-19
57
97
25
-84
-55
79
88
-15
-59
8
88
42
-57
-62
18
78
48
4
-45
-36
11
29
20
-5
-15
5
-24
-50
3
92
38
-74
-117
25
167
112
-96
-202
-39
178
207
-3
-243
-163
124
223
53
-136
-127
-12
91
79
-42
-83
18
54
32
-8
-38
-4
27
31
63
24
-21
-82
-49
55
112
28
-91
-104
28
103
49
-101
-121
22
131
48
-137
-147
49
125
14
-112
-79
45
22
-39
-24
10
29
-35
-37
-2
35
-4
-55
-15
63
30
-50
-69
6
95
61
-45
-80
-34
40
67
13
-55
-74
-22
37
100
59
-102
-167
-63
115
186
23
-142
-168
-13
172
157
-51
-193
-72
114
129
-4
-157
-103
104
121
-50
-132
-59
36
62
26
-25
-66
-31
20
54
38
-27
-70
11
87
44
-30
-37
-22
34
94
29
-55
-63
34
88
16
-29
7
32
21
2
-2
-16
-17
50
57
-7
-77
-51
32
84
29
-54
-71
-1
69
41
-15
-75
-20
65
49
1
-4
-2
-38
-50
37
144
64
-109
-125
4
119
86
-17
-98
-78
39
79
26
-41
-37
11
54
54
-33
-84
0
122
104
-23
-112
-45
47
99
65
-54
-103
-32
49
86
0
-98
-68
32
82
10
-80
-110
-14
103
65
-67
-95
-11
32
0
-12
-28
-25
11
32
15
-57
-75
11
87
44
-31
-85
-22
69
44
-14
-40
-13
22
14
1
-2
-8
-32
-72
-21
122
116
-103
-206
-39
184
158
-73
-179
-50
98
92
-10
-53
-15
18
6
-20
-4
-11
-10
27
9
-26
-62
-29
23
1
6
3
-33
-36
14
63
19
-20
-23
0
36
26
-7
-42
-33
63
113
28
-104
-57
89
92
-22
-41
24
39
12
12
-20
-33
10
91
69
-54
-135
-25
131
76
-64
-108
1
100
21
-90
-27
76
44
-76
-66
85
141
18
-177
-141
116
222
55
-194
-166
46
171
97
-64
-146
-51
71
88
14
-62
-37
17
40
25
-2
-26
-33
40
94
14
-34
-41
-10
-1
71
75
-59
-136
-5
122
64
-97
-128
24
121
50
-127
-149
20
145
57
-111
-140
16
109
26
-106
-90
32
108
4
-93
-85
35
93
39
-59
-92
9
73
32
-26
-40
24
56
-46
-74
21
97
59
-105
-169
8
217
164
-170
-294
-32
268
205
-117
-221
-44
108
120
20
-67
-49
2
37
5
-1
-6
-43
6
30
-1
-52
-45
12
7
28
45
-44
-70
-21
35
84
20
-55
-52
42
108
37
-93
-100
90
176
18
-135
-85
91
129
-16
-93
11
119
48
-86
-86
61
90
16
-32
-41
7
32
-7
4
-4
-13
9
-8
-19
-32
51
83
-46
-124
-15
137
142
-61
-210
-86
147
200
29
-136
-160
0
147
101
-44
-95
-67
5
76
61
-40
-56
20
52
9
-26
-24
21
40
26
27
-1
-24
-46
1
63
56
-42
-117
-29
99
84
-68
-116
-19
96
57
-79
-144
8
109
25
-88
-47
38
8
-53
-62
18
70
3
-88
-57
46
62
-30
-37
38
27
-39
-55
40
49
-2
-31
-10
7
10
-4
18
13
-39
-53
-3
97
67
-53
-166
-83
122
154
3
-140
-107
49
112
67
-23
-77
-28
28
29
-22
-26
14
30
-18
-33
-56
-18
15
11
19
4
-37
-31
7
55
43
-24
-66
16
97
3
-67
-28
60
64
31
-19
-36
3
57
14
-28
22
48
29
-12
-53
41
56
-27
-49
39
96
-44
-123
-14
133
102
-82
-164
5
134
61
-72
-81
11
42
41
26
-12
-6
-64
-63
52
135
93
-57
-174
-53
116
172
4
-167
-125
50
150
49
-108
-76
48
134
20
-132
-53
94
130
14
-89
-43
38
15
18
19
11
-54
-46
16
77
38
-87
-113
4
105
76
-63
-165
-63
101
114
-28
-132
-72
39
79
-7
-87
-49
48
55
-21
-80
-47
40
78
38
-77
-76
25
69
16
-66
-18
53
37
-40
-29
14
65
-30
-139
-45
150
165
-53
-243
-140
161
250
11
-201
-190
34
211
116
-90
-157
-21
123
61
-67
-83
-22
99
49
-79
-87
-29
59
25
-35
2
19
-29
-54
13
74
50
-43
-77
-3
119
78
-68
-125
6
178
100
-113
-136
41
155
66
-76
-67
50
103
16
-97
-40
60
78
49
-61
-78
0
41
60
-18
-64
-24
35
31
-6
-13
12
1
-4
-40
22
102
35
-140
-124
58
215
104
-148
-204
10
198
101
-63
-143
-53
84
87
-20
-76
9
57
26
7
-42
-33
42
79
34
-28
-39
0
24
9
30
14
-18
-42
-29
21
47
-1
-92
-76
72
126
-46
-172
-76
124
131
-76
-161
-42
88
88
-68
-144
-16
134
90
-64
-133
-42
58
114
11
-103
-78
41
80
9
-34
13
37
-6
-72
-12
81
54
-75
-139
-3
175
100
-122
-216
-40
186
151
-44
-147
-90
40
94
70
-15
-84
-25
27
39
20
-57
-66
13
90
1
-105
-74
43
59
0
-19
-14
-54
-27
74
87
-6
-101
-86
88
157
-3
-151
-100
139
224
-6
-191
-96
134
145
-33
-97
-9
105
80
-58
-93
-6
86
84
-18
-43
-33
-5
25
13
12
-12
-35
-13
4
23
46
6
-48
-67
-3
121
114
-42
-197
-128
146
262
47
-211
-197
68
198
80
-89
-130
-23
86
66
-33
-58
16
45
24
2
-10
-2
6
8
51
54
-12
-100
-55
113
137
-29
-168
-84
103
133
0
-141
-109
61
124
17
-123
-129
25
116
23
-77
-85
37
76
-37
-104
-32
53
65
0
-46
-53
-21
22
40
39
-9
-65
-8
53
29
-16
-22
19
10
-39
-12
11
80
-30
-131
-51
125
148
-54
-197
-70
107
148
19
-129
-103
13
115
67
-35
-85
-11
52
16
-27
-24
-15
24
14
-11
-49
-70
-23
76
44
-22
-62
-52
4
60
80
-6
-84
-30
63
75
7
-55
-35
37
77
23
-63
-28
52
46
4
-21
31
62
-23
-41
-1
59
22
-18
8
20
5
-53
-41
60
66
-26
-83
-11
31
31
-6
-8
-12
-20
10
54
78
-11
-129
-92
58
184
112
-104
-204
-48
150
166
-16
-161
-95
58
103
33
-67
-50
13
69
49
-42
-68
8
71
66
15
-47
-59
19
54
43
-24
-66
-28
21
31
6
-26
-46
-32
26
70
-53
-122
-27
81
77
-53
-106
-9
54
-3
-62
-44
36
55
11
-46
-54
-26
5
70
53
-34
-94
-15
85
66
-59
-44
24
49
-35
-51
20
82
7
-141
-79
143
183
-60
-267
-119
185
221
3
-189
-148
52
176
87
-82
-149
-13
125
80
-67
-99
-10
85
49
-64
-114
-32
73
35
-19
-3
0
-43
-52
37
83
32
-55
-85
35
119
34
-71
-93
45
141
48
-62
-109
26
136
53
-84
-41
91
78
-13
-70
-27
18
53
40
8
-44
-49
29
57
14
-36
-52
2
10
20
20
5
-29
-47
11
84
77
-6
-130
-84
70
148
87
-90
-157
-48
111
160
2
-139
-96
37
109
34
-79
-44
43
82
21
-92
-38
66
88
21
-33
-10
-27
-23
40
62
37
-62
-111
3
109
76
-72
-168
-24
141
92
-85
-195
-52
169
124
-104
-171
-9
122
21
-102
-78
58
77
-52
-59
-7
20
-2
5
47
7
-59
-47
14
70
24
-15
-3
-34
-52
19
95
52
-85
-155
-34
165
175
-68
-230
-116
127
202
26
-150
-125
24
106
65
-29
-49
-37
14
21
5
8
-34
-22
-1
0
17
-28
-68
-33
56
108
-18
-151
-89
98
180
18
-152
-105
85
158
22
-133
-96
77
166
56
-118
-99
73
129
-6
-89
-9
99
75
-46
-102
28
110
46
-59
-51
25
46
-4
-37
-20
22
32
-10
-21
-26
26
71
-30
-73
-25
65
115
-4
-119
-111
68
194
101
-111
-199
-41
153
148
-18
-156
-107
45
120
27
-69
-18
43
29
-2
-8
-13
-1
51
30
-5
5
-23
-33
29
70
29
-70
-71
22
76
34
-76
-95
-13
86
65
-73
-131
-18
111
60
-89
-90
7
53
17
-52
-49
-6
34
30
-2
-61
-63
8
95
51
-58
-85
-14
63
53
-18
-20
-15
-2
-16
4
40
20
-54
-92
-8
114
118
-53
-199
-106
131
200
11
-179
-123
58
125
68
-37
-110
-39
63
57
-9
-71
-37
23
30
3
-51
-71
-21
46
75
-13
-82
-52
-3
59
67
-19
-51
-13
36
64
-13
-45
-21
37
73
36
-50
-69
51
98
6
-52
-8
44
72
-15
-55
-11
49
44
1
-6
-20
-18
1
11
32
-4
-19
-8
-26
19
47
13
-26
-39
0
73
87
-20
-103
-90
64
143
96
-72
-168
-51
96
130
62
-91
-154
-47
149
121
-56
-117
-11
105
78
-43
-105
-2
130
91
-54
-65
13
3
24
37
36
-46
-72
11
55
27
-34
-87
-15
59
59
-55
-122
-46
80
86
-25
-76
-51
7
14
-22
-26
-1
12
-3
33
-23
-65
-15
34
83
13
-103
-69
63
100
2
-68
-24
43
17
-33
-19
38
6
-79
-73
69
158
8
-200
-174
96
244
61
-157
-159
-2
134
96
-33
-103
-42
69
67
-4
-68
-75
15
71
38
-55
-90
-56
45
87
15
-60
-87
-21
80
102
-21
-95
-33
54
95
32
-86
-79
49
150
66
-108
-96
57
140
39
-96
-47
102
94
-19
-98
-13
58
66
10
-71
-63
19
91
47
-51
-76
-4
72
30
-69
-32
66
38
-65
-80
55
152
50
-170
-190
74
261
124
-163
-249
-23
234
172
-79
-202
-62
107
97
-43
-70
16
52
17
-15
5
-7
-29
44
113
3
-112
-57
61
71
25
-41
-53
-8
38
13
-31
-40
-11
7
-4
17
-31
-59
-43
43
74
-37
-98
-30
51
61
-78
-88
23
75
9
-66
-78
16
59
47
-22
-55
-3
41
39
-34
-41
45
70
-30
-99
-15
123
78
-122
-181
-7
223
170
-119
-273
-130
223
267
-48
-225
-114
98
152
22
-80
-51
8
42
-3
6
-24
-63
-7
84
52
-78
-150
5
120
49
-41
-74
-36
21
61
36
-25
-38
-8
52
60
-13
-44
-20
41
79
33
-28
-64
9
89
48
-37
-30
47
64
-10
-43
12
26
12
34
3
-42
-38
-1
63
47
-39
-72
-9
23
21
27
12
-43
-73
-3
124
108
-58
-160
-96
120
190
63
-127
-197
-1
177
105
-53
-111
-54
42
52
25
-17
-29
-9
30
37
-10
-29
-27
14
79
53
-18
-73
-61
59
128
31
-120
-140
43
158
40
-116
-128
17
102
32
-88
-104
12
81
14
-65
-70
17
68
-13
-76
-66
31
71
1
-44
-32
14
11
-23
2
48
23
-36
-53
-13
73
52
-6
-90
-59
79
121
-25
-129
-104
55
175
87
-136
-178
-57
114
156
35
-109
-128
-9
107
89
-19
-67
-47
9
41
23
-34
-63
5
67
7
-48
-78
-32
47
45
17
-16
-61
-51
44
88
30
-89
-48
55
105
11
-109
-36
81
104
6
-82
-37
78
70
-9
-53
23
93
36
-58
-64
43
68
3
-19
-1
19
-34
-43
48
96
-22
-106
-36
50
62
4
-43
-39
23
24
20
50
42
-72
-143
-2
205
174
-114
-262
-56
197
193
-32
-203
-121
97
156
11
-119
-61
55
104
32
-80
-79
47
139
49
-74
-63
14
51
17
-5
11
5
-35
-44
13
70
-11
-88
-60
49
87
-18
-117
-89
60
116
-11
-122
-78
34
83
-6
-86
-54
37
60
23
-61
-86
-17
80
90
-19
-121
-62
95
122
-39
-114
-15
89
33
-45
-35
2
30
-47
-75
44
152
27
-159
-176
48
205
86
-126
-183
-2
162
105
-53
-117
-18
69
56
-25
-73
-60
42
82
17
-94
-107
1
79
39
-23
-44
-23
-8
18
69
42
-55
-82
-30
121
111
-45
-142
-29
161
151
-49
-164
-45
123
123
3
-67
-22
65
40
-28
-58
-22
64
86
2
-70
-55
48
83
1
-79
-68
73
63
-62
-68
43
99
-1
-130
-17
167
104
-143
-233
14
269
186
-109
-281
-84
184
203
13
-189
-132
70
151
32
-92
-56
47
66
10
-44
-31
21
42
49
37
-1
-42
-73
8
103
78
-22
-139
-55
84
82
-10
-116
-80
64
106
-8
-159
-75
76
114
-2
-123
-48
23
26
-8
-46
-43
25
32
13
-46
-72
5
84
29
-43
-55
40
57
-2
-67
-9
85
26
-122
-77
113
139
-58
-227
-46
227
201
-115
-303
-115
198
244
12
-224
-148
78
160
42
-83
-74
22
69
0
-51
-28
-1
10
31
5
-36
-64
-50
13
62
85
-16
-142
-85
75
152
42
-132
-83
68
127
36
-108
-110
51
199
70
-163
-131
109
174
-21
-153
-1
162
109
-85
-175
5
155
90
-66
-107
12
74
-5
-32
-4
2
23
-14
-57
-22
72
77
-52
-123
-14
118
149
-10
-191
-151
104
249
95
-159
-201
-17
166
111
-33
-93
-46
9
46
29
-11
-25
4
23
38
-11
-61
-4
90
67
-5
-38
-19
-21
-4
72
52
-53
-82
-11
63
56
-51
-96
-6
82
58
-77
-126
-31
105
93
-81
-131
-5
81
33
-81
-98
19
111
4
-67
-48
4
20
18
33
8
-51
-40
29
64
7
-19
6
-26
-21
12
69
46
-85
-151
-29
174
182
-86
-257
-124
165
242
5
-196
-116
45
139
47
-53
-49
-14
62
15
-46
-39
-25
35
47
12
-43
-92
-36
48
64
31
-50
-66
-41
53
93
27
-68
-69
14
110
68
-56
-104
34
129
62
-69
-90
40
114
1
-64
18
60
25
-31
-19
43
7
-23
3
46
35
-54
-72
22
71
34
-22
-80
-39
36
69
5
-28
-28
-16
30
80
30
-76
-134
-10
159
178
-9
-235
-158
121
246
69
-196
-191
42
161
81
-86
-79
6
57
79
-24
-68
-14
58
99
25
-45
-68
-40
39
89
34
-51
-89
-30
62
62
-37
-104
-33
68
79
-47
-147
-41
104
68
-76
-108
22
73
-8
-78
-53
24
47
-6
-32
6
-19
-41
3
66
42
-41
-85
19
62
30
-17