#4
368
-59
-265
1
391
340
-68
-260
43
367
250
-126
-193
124
337
135
-156
-76
256
294
-64
-236
81
421
242
-241
-288
175
515
212
-338
-318
268
574
149
-406
-296
349
538
69
-386
-192
356
421
-55
-317
-19
357
249
-154
-245
113
360
143
-212
-168
192
280
-12
-177
64
315
128
-195
-155
236
391
33
-327
-119
380
433
-70
-385
-34
428
329
-148
-323
47
425
229
-218
-249
164
373
56
-259
-97
314
341
-95
-341
17
427
291
-211
-320
109
437
227
-200
-272
86
376
211
-141
-196
88
289
130
-127
-99
161
207
-17
-82
74
203
90
-124
-49
247
279
-71
-276
33
414
264
-215
-282
171
469
161
-299
-220
301
466
39
-355
-191
331
437
3
-323
-138
301
345
-53
-256
-15
270
207
-109
-178
107
318
109
-199
-128
216
304
5
-225
-20
287
255
-102
-237
47
358
213
-188
-245
124
368
104
-194
-105
184
230
-36
-175
80
282
104
-213
-141
209
321
5
-266
-110
276
323
-63
-326
-51
371
314
-143
-339
-4
334
218
-142
-255
42
339
160
-215
-226
111
306
81
-222
-140
135
211
53
-133
-50
125
134
-35
-91
96
195
29
-183
-64
236
271
-60
-273
-41
324
234
-158
-268
51
322
141
-192
-205
133
290
34
-231
-103
244
245
-88
-277
1
355
210
-199
-299
83
426
199
-301
-354
164
493
142
-355
-274
239
412
42
-316
-151
216
295
-1
-192
-53
156
152
-28
-58
96
124
9
-77
16
148
106
-43
-69
87
187
63
-111
-68
187
231
-25
-217
-36
242
243
-41
-243
-94
216
287
-19
-242
-94
222
213
-61
-180
29
215
99
-110
-87
138
213
6
-170
-37
219
215
-80
-232
-3
285
201
-124
-234
25
286
169
-143
-169
39
192
100
-50
-61
20
66
17
10
55
53
-20
-72
36
172
76
-131
-152
90
274
108
-226
-217
94
303
124
-219
-219
102
264
54
-214
-159
122
270
22
-227
-161
134
230
48
-161
-115
74
158
71
-78
-43
53
68
3
0
50
49
-4
-44
36
82
38
-48
-51
31
82
40
-56
-79
7
121
79
-60
-74
49
99
-3
-69
24
132
29
-132
-61
180
196
-82
-253
-41
267
253
-93
-272
-56
268
244
-79
-263
-49
251
205
-88
-215
-37
202
173
-18
-102
-28
77
109
32
-16
-11
13
82
106
17
-32
2
39
71
96
32
-100
-93
107
224
59
-189
-152
94
255
94
-181
-175
83
202
55
-99
-103
89
160
16
-114
-19
146
78
-81
-33
103
124
-28
-121
-11
141
138
-55
-161
-14
159
166
-37
-167
-57
138
168
8
-128
-86
55
130
55
-49
-57
8
46
19
42
39
-34
-87
9
132
93
-60
-154
-45
142
161
-50
-188
-62
157
145
-100
-221
5
249
125
-201
-257
27
272
187
-187
-254
-1
249
172
-109
-195
-3
148
114
-17
-85
-15
81
40
-43
-12
67
19
-89
-54
108
95
-48
-114
-32
110
78
-60
-59
26
76
-3
-49
11
72
26
-93
-46
132
152
-71
-204
-12
233
178
-108
-232
-45
221
193
-39
-198
-80
163
204
-21
-196
-102
137
187
37
-106
-76
72
130
50
-55
-69
54
116
62
-16
-70
-13
109
124
24
-66
-65
14
82
115
40
-106
-108
27
151
101
-66
-144
-31
104
110
-1
-85
-43
81
97
1
-56
-1
53
60
-7
-1
17
34
21
-29
16
70
29
-54
-73
70
144
37
-122
-131
36
202
126
-115
-197
-22
185
142
-56
-141
-29
80
91
-10
-61
-61
20
85
82
-6
-91
-77
-7
97
79
-52
-116
-33
112
70
-93
-127
14
152
54
-130
-160
21
158
107
-75
-156
-62
99
139
17
-87
-75
20
94
63
-19
-68
-24
65
66
-20
-60
-26
25
50
-16
-45
3
25
-26
-7
43
-8
-21
1
6
14
14
-18
6
17
-12
-13
44
83
-3
-120
-63
97
142
3
-147
-117
104
191
30
-164
-125
88
238
32
-193
-134
85
192
61
-85
-100
0
145
90
-59
-96
17
131
88
-32
-88
-6
131
130
-11
-112
-60
53
104
73
-10
-108
-76
49
153
64
-101
-141
18
140
78
-48
-101
5
97
58
-36
-45
69
73
-24
-66
33
87
36
-57
-70
43
124
59
-101
-100
41
164
55
-106
-123
-4
176
145
-61
-177
-75
110
162
24
-146
-111
60
151
34
-90
-75
6
87
59
-18
-67
-57
-15
68
64
-49
-110
-18
102
57
-85
-134
-16
112
84
-53
-151
-73
93
142
24
-131
-139
26
178
96
-85
-153
-27
113
123
-18
-119
-21
61
76
-25
-72
-20
21
48
6
-55
-26
26
9
-51
-28
33
43
1
-51
-39
48
71
12
-66
-70
6
105
92
-53
-164
-37
159
139
-47
-152
-86
104
162
35
-101
-125
23
158
84
-96
-148
7
153
91
-34
-98
-45
76
112
44
-77
-84
88
166
17
-114
-75
94
163
43
-102
-111
1
135
132
-21
-153
-63
81
128
50
-86
-96
-29
84
102
0
-97
-78
66
124
8
-83
-16
89
45
-46
-7
65
48
-55
-63
53
105
27
-71
-90
19
130
66
-71
-130
-20
125
112
-44
-124
-46
75
122
24
-121
-105
51
137
49
-72
-125
-23
101
111
-12
-120
-82
24
80
54
-54
-112
-33
103
85
-81
-161
-41
125
104
-87
-179
-63
130
140
-12
-133
-120
26
167
96
-74
-143
-72
115
164
20
-134
-93
68
107
3
-90
-78
32
71
-7
-69
-22
30
14
-42
-21
22
18
-18
-34
-7
52
49
-19
-79
-42
41
92
66
-87
-140
-5
133
115
-48
-132
-58
95
134
29
-116
-127
44
175
85
-97
-154
-19
160
140
-34
-127
-74
88
169
19
-113
-87
98
160
21
-105
-42
77
97
37
-25
-65
-33
53
97
30
-44
-79
-28
39
88
33
-75
-102
11
106
73
-55
-88
14
110
43
-55
-38
28
55
21
-28
0
46
6
-39
0
59
24
-57
-62
6
74
104
-33
-129
-60
73
162
23
-129
-128
40
162
92
-97
-176
-40
135
147
-17
-177
-95
100
180
10
-171
-92
46
89
25
-53
-82
-35
68
42
-55
-93
-33
83
43
-53
-101
-65
65
96
-2
-91
-84
15
88
78
-17
-124
-85
60
164
43
-145
-97
80
113
-7
-109
-55
39
69
-20
-50
-37
7
15
15
-18
-24
-12
21
-1
-28
18
50
21
-61
-93
29
139
78
-78
-155
-32
144
150
-42
-180
-102
132
192
17
-156
-139
45
203
94
-124
-178
-12
162
127
-27
-141
-53
126
133
0
-120
-64
103
142
46
-93
-89
55
131
106
-68
-136
-50
105
154
36
-133
-138
11
171
94
-83
-153
-46
120
120
-14
-121
-53
73
97
19
-79
-28
67
67
-11
-33
8
46
-7
-58
12
86
44
-50
-110
-14
125
107
-51
-137
-78
100
169
35
-167
-172
63
223
92
-185
-190
62
199
54
-128
-139
24
130
61
-59
-94
-44
41
64
11
-76
-56
3
42
27
-53
-100
-36
76
78
-49
-132
-80
60
113
20
-94
-97
-23
111
119
-26
-134
-92
59
140
71
-78
-126
-20
104
77
-57
-107
-12
62
32
-33
-57
-21
14
-3
-7
13
26
-4
-61
-27
59
45
-2
-80
-65
34
123
51
-99
-130
4
122
104
-25
-137
-59
78
112
21
-80
-76
9
91
97
-35
-114
-70
49
140
89
-86
-157
13
195
90
-109
-143
62
230
83
-149
-155
47
210
127
-98
-174
-23
138
151
-10
-152
-115
59
175
53
-103
-118
-7
83
64
-22
-71
-12
73
34
-24
-33
29
49
11
-5
14
46
28
-55
-49
39
79
37
-60
-83
-16
121
103
-74
-148
-34
135
125
-39
-140
-62
83
118
22
-85
-84
1
66
61
0
-83
-80
33
119
48
-98
-133
-28
101
86
-33
-134
-66
109
102
-41
-182
-100
85
150
-5
-174
-151
76
182
70
-134
-196
-14
170
134
-51
-154
-76
93
131
31
-86
-80
2
60
42
-41
-61
-3
38
-6
-36
-6
10
-23
-35
15
27
9
-20
-44
-17
44
50
-15
-73
-37
34
76
61
-71
-110
-35
93
100
-3
-96
-102
39
150
62
-113
-129
26
152
78
-84
-145
-26
129
107
1
-90
-68
64
128
50
-105
-100
57
161
86
-98
-145
28
170
137
-45
-166
-80
105
176
46
-120
-145
-5
136
107
-54
-133
-53
60
89
24
-57
-68
-11
95
77
-33
-60
19
49
39
-10
-3
20
-7
-27
17
71
-4
-70
-52
65
104
18
-86
-73
-2
61
92
7
-90
-76
22
98
61
-44
-108
-33
65
84
24
-87
-95
17
102
75
-57
-133
-38
85
88
-49
-115
-43
67
96
-35
-151
-75
82
133
-18
-188
-137
99
193
19
-154
-131
23
117
65
-27
-83
-48
22
69
63
-37
-64
-4
52
16
-25
-53
-20
48
14
-18
-30
-21
-10
-15
8
15
-21
-22
-21
9
23
8
2
-16
-63
-19
59
88
18
-131
-130
44
210
96
-172
-213
48
239
84
-175
-167
38
203
95
-111
-151
-25
134
116
-21
-98
-59
56
127
25
-63
-54
15
136
73
-101
-102
66
169
61
-93
-108
8
75
82
12
-30
-80
-49
66
128
-1
-130
-97
61
115
9
-73
-57
37
88
21
-74
-18
77
46
-36
-19
45
53
-18
-57
-6
57
43
1
-65
-50
65
119
28
-150
-147
82
197
72
-162
-171
41
196
72
-112
-136
1
136
72
-83
-118
-9
84
84
-25
-76
-24
10
9
-1
-8
-39
-29
7
58
-7
-103
-79
43
129
1
-164
-154
49
179
69
-96
-170
-43
126
149
-24
-151
-83
71
120
34
-76
-81
5
65
23
-29
-24
-15
-5
-9
-12
21
11
-59
-63
14
76
27
-55
-87
9
86
51
-41
-96
-44
54
101
42
-75
-128
-19
129
109
-29
-120
-88
55
141
35
-83
-115
10
122
90
-24
-139
-84
94
151
43
-111
-115
28
155
120
-77
-145
-2
190
142
-81
-172
-12
189
152
-59
-175
-45
115
147
14
-125
-91
27
95
62
-16
-84
-59
28
78
31
-52
-61
22
61
22
-40
-1
62
12
-32
-3
64
40
-45
-61
17
56
50
-27
-78
-31
70
106
1
-104
-106
32
144
81
-99
-156
-17
128
127
-23
-163
-105
101
173
23
-165
-126
66
143
65
-112
-162
-20
126
97
-61
-132
-57
74
111
-13
-153
-121
59
125
25
-139
-154
24
170
65
-111
-166
-53
129
156
15
-146
-143
40
161
106
-68
-151
-39
100
82
-34
-101
-31
51
35
-27
-25
-7
-23
-42
9
59
6
-51
-28
3
46
13
-34
-29
9
7
11
24
23
-41
-61
-11
83
100
-42
-139
-54
144
154
-66
-177
-48
148
137
-65
-132
-60
79
120
39
-49
-105
-21
134
128
-74
-151
19
195
134
-96
-169
7
162
129
-32
-122
-54
81
96
43
-40
-87
-49
68
96
-1
-90
-60
30
63
8
-18
-36
-15
54
46
-7
-36
10
38
24
-7
-8
51
9
-63
-9
68
50
-35
-68
-1
69
65
-1
-77
-93
26
129
73
-71
-132
-51
126
109
-49
-128
-49
86
111
-20
-133
-45
83
102
20
-104
-130
4
117
75
-71
-128
-25
106
77
-74
-157
-58
75
104
-3
-123
-156
0
148
124
-34
-189
-99
79
179
90
-134
-230
-8
210
149
-77
-188
-52
144
124
-67
-152
-42
99
75
-53
-95
-13
46
-15
-25
3
34
16
-57
-66
13
99
45
-81
-113
1
126
105
-50
-174
-92
145
188
-20
-177
-107
93
145
39
-93
-114
-31
111
125
-12
-138
-106
50
157
90
-74
-160
-4
163
136
-68
-186
-17
173
166
-54
-152
-24
139
142
-33
-122
-34
53
76
45
-9
-93
-91
43
148
80
-106
-165
-12
168
112
-94
-161
24
159
71
-86
-85
48
117
24
-61
-20
53
36
-31
-34
60
59
-18
-72
-23
57
57
11
-42
-95
-4
112
97
-45
-133
-39
76
117
8
-133
-118
83
168
18
-143
-125
51
153
65
-98
-135
-12
79
61
-36
-82
-43
45
59
-25
-107
-87
30
111
47
-118
-163
-34
145
138
-41
-175
-132
68
200
80
-120
-166
-30
144
135
-41
-129
-42
60
91
-53
-106
13
100
18
-96
-60
15
31
-28
-21
31
32
-36
-66
-24
23
45
36
-34
-98
-23
81
94
19
-130
-122
36
159
82
-89
-182
-23
177
153
-83
-178
-55
150
150
-57
-163
-63
109
109
20
-60
-81
12
105
86
-30
-107
-10
122
111
-19
-95
-65
46
158
117
-92
-192
-25
193
203
-63
-256
-144
177
272
10
-246
-151
91
192
33
-131
-102
71
131
-1
-90
-13
77
36
-48
6
63
55
-55
-76
8
87
78
-41
-114
-26
91
119
-1
-108
-86
-6
124
94
-42
-142
-74
112
142
-1
-149
-118
63
128
47
-83
-122
11
105
64
-56
-107
-49
76
63
-22
-77
-65
31
80
19
-117
-150
37
151
58
-147
-218
-7
182
123
-68
-164
-76
89
144
30
-98
-109
-19
70
95
41
-63
-94
-21
89
64
-31
-101
-57
45
87
-5
-96
-69
20
78
14
-31
-34
-27
13
16
42
-11
-46
-45
-23
30
101
49
-110
-127
42
144
82
-105
-162
-12
163
132
-46
-162
-65
119
149
-22
-157
-102
95
142
43
-58
-93
-12
99
119
-8
-123
-40
116
144
-10
-131
-63
125
161
31
-105
-88
2
86
123
21
-135
-121
22
166
126
-80
-215
-65
143
176
-26
-167
-76
127
145
-36
-136
-25
107
61
-44
-30
52
50
-39
-49
42
70
-3
-77
-35
38
75
15
-68
-98
-11
112
121
-22
-150
-84
75
141
32
-123
-100
22
112
67
-81
-112
-9
90
78
-30
-99
-70
21
92
62
-95
-141
-5
146
64
-130
-179
8
146
68
-100
-172
-40
112
122
-6
-138
-156
42
182
103
-106
-206
-34
189
146
-79
-169
-21
118
67
-56
-106
-13
90
26
-74
-61
9
51
-6
-42
-12
15
21
-25
-43
-14
49
42
-17
-65
-38
21
99
62
-88
-154
10
158
110
-85
-149
-27
137
107
-61
-127
-35
97
121
-5
-115
-92
19
132
113
-29
-139
-53
99
148
7
-109
-66
110
136
-14
-105
-56
81
152
48
-112
-85
21
99
101
0
-120
-117
11
161
119
-95
-182
-27
135
122
-61
-142
2
117
83
-56
-101
42
115
-1
-74
-3
89
37
-67
-73
64
114
1
-111
-86
51
153
61
-127
-154
-4
171
137
-85
-176
-59
120
150
-11
-154
-101
94
133
5
-101
-77
13
106
55
-67
-80
-17
19
35
28
-44
-72
-22
47
47
-30
-116
-80
84
122
-40
-199
-117
127
176
25
-165
-185
26
200
121
-103
-177
-48
102
158
22
-124
-97
32
101
38
-84
-85
10
64
29
-44
-53
-26
-6
19
29
-11
-46
-28
10
22
29
8
-18
-60
-70
49
145
52
-143
-149
33
188
109
-117
-207
0
200
132
-85
-173
-30
116
116
-1
-132
-97
46
113
91
-18
-106
-74
89
159
37
-151
-104
96
204
37
-154
-109
96
221
79
-163
-166
11
171
152
-59
-164
-81
71
150
35
-91
-80
-43
71
89
7
-82
-65
56
81
23
-22
-24
21
36
11
17
15
7
-18
-39
10
73
48
-82
-90
37
121
60
-86
-137
-22
131
127
-42
-162
-70
93
146
36
-140
-132
54
142
43
-101
-101
22
83
43
-26
-65
-63
-12
67
57
-42
-114
-43
93
105
-61
-180
-83
118
159
-51
-222
-120
131
188
16
-155
-133
1
143
107
-50
-173
-91
136
168
19
-153
-112
83
118
6
-117
-88
56
82
-13
-78
-38
39
-8
-62
2
77
11
-91
-72
43
93
26
-64
-103
-13
63
114
23
-112
-132
33
173
86
-104
-169
-6
175
111
-98
-153
0
110
95
-11
-111
-88
35
114
82
-42
-79
-18
73
117
14
-86
-96
54
180
78
-125
-148
38
207
129
-89
-198
-47
164
177
2
-164
-142
63
179
93
-128
-173
9
141
98
-67
-132
-22
96
99
-19
-69
-22
48
60
26
-25
5
28
-33
-40
44
92
-10
-109
-43
75
85
3
-56
-63
-23
74
106
-23
-112
-75
61
119
32
-93
-104
9
95
54
-31
-81
-53
54
101
17
-107
-105
10
104
51
-50
-114
-46
80
90
-48
-203
-72
131
137
-51
-182
-84
110
121
14
-94
-145
-26
113
140
5
-139
-135
34
181
98
-94
-141
-24
98
66
-54
-76
-27
45
43
-9
-50
-46
-22
10
46
27
-42
-88
-15
47
71
2
-63
-72
12
57
43
5
-36
-54
-4
53
71
-2
-107
-83
89
145
16
-125
-101
59
143
20
-122
-90
41
115
60
-34
-50
-24
46
86
47
-80
-103
37
179
106
-130
-145
60
193
118
-103
-178
-42
136
193
5
-159
-150
32
184
100
-75
-155
-75
81
139
18
-108
-71
58
103
12
-68
-25
8
41
41
28
3
-24
-33
-11
53
75
-6
-97
-57
70
98
6
-74
-62
-28
52
123
29
-126
-132
51
176
82
-134
-187
8
176
106
-73
-183
-43
134
134
-30
-146
-83
45
85
33
-66
-123
-34
119
114
-92
-186
-68
132
162
-67
-232
-124
137
205
8
-174
-148
28
160
76
-36
-99
-101
19
138
92
-57
-144
-29
127
78
-84
-125
11
106
46
-73
-82
-18
16
-4
13
3
-9
-32
-13
16
22
21
-7
-44
-41
16
83
67
-62
-147
-27
140
124
-16
-150
-107
89
165
39
-101
-130
4
132
90
-45
-132
-54
117
129
4
-115
-104
90
190
34
-136
-104
64
189
60
-128
-144
57
220
103
-102
-155
-33
123
146
34
-122
-149
-8
119
141
3
-163
-141
50
173
58
-113
-99
46
123
33
-74
-60
41
67
11
2
18
16
-41
-37
16
62
54
-44
-81
-17
81
72
-50
-100
-51
91
125
-10
-132
-66
32
91
68
-31
-109
-64
84
119
-12
-136
-71
82
125
-3
-126
-95
49
108
8
-98
-124
7
146
46
-108
-162
-28
139
121
-72
-196
-87
109
139
6
-110
-115
-33
87
135
4
-135
-108
40
139
92
-77
-124
-34
76
67
-23
-63
-45
14
42
-5
-29
-34
-58
-6
68
54
-44
-81
-26
39
69
35
-47
-78
-41
27
66
86
-33
-119
-66
66
160
26
-163
-139
93
224
56
-181
-173
68
196
55
-159
-142
60
154
76
-59
-109
-17
95
101
21
-102
-88
69
181
78
-104
-131
33
155
118
-39
-122
-95
37
192
125
-91
-217
-73
151
190
6
-180
-158
64
171
60
-84
-129
9
133
71
-41
-96
-12
96
65
-11
-36
-13
-10
22
63
26
-19
-36
-34
20
55
45
-14
-88
-87
45
147
83
-120
-194
26
215
98
-169
-192
31
205
101
-141
-174
22
163
89
-83
-125
-14
63
42
-22
-66
-57
-1
70
34
-65
-100
-68
55
109
-2
-157
-141
57
184
74
-124
-174
-50
131
179
5
-186
-139
72
186
62
-92
-132
-27
104
84
-48
-116
-43
98
68
-64
-90
-19
34
9
-16
1
6
-25
-21
-6
13
28
16
-8
-80
-64
84
119
-24
-151
-48
112
124
-8
-146
-92
77
143
26
-143
-108
60
155
55
-133
-123
40
119
60
-39
-58
-3
48
67
11
-40
-86
25
154
92
-84
-135
13
179
129
-74
-136
-48
61
112
74
-54
-132
-75
96
148
34
-138
-124
32
127
52
-55
-72
1
49
80
-7
-47
-21
30
65
29
-15
-13
-23
-14
53
60
-2
-69
-62
30
106
69
-48
-132
-68
81
175
48
-159
-148
45
180
87
-109
-155
-20
111
108
-31
-117
-59
83
106
9
-72
-96
-33
65
103
8
-137
-124
57
157
6
-164
-169
54
189
65
-176
-211
25
197
120
-93
-205
-105
125
227
15
-184
-139
44
177
93
-100
-143
-8
107
72
-45
-90
-51
38
67
0
-63
-52
-14
-3
33
25
-21
-31
-27
1
36
33
-13
-66
-27
25
61
58
-52
-103
-34
104
103
-30
-124
-76
74
115
24
-77
-80
6
81
76
-47
-102
-37
84
93
16
-67
-47
40
83
62
-39
-124
-7
144
139
-31
-156
-39
155
167
-30
-164
-89
74
156
74
-79
-131
-43
74
115
57
-83
-119
-16
89
94
-5
-102
-42
54
77
15
-36
-26
5
36
63
34
-27
-54
-28
67
64
2
-44
-36
-15
56
67
6
-72
-85
15
105
88
-72
-156
-8
134
113
-63
-155
-43
108
128
-22
-145
-70
81
118
30
-109
-94
9
28
41
-2
-50
-69
-7
77
36
-111
-144
-6
149
96
-128
-206
-34
168
130
-50
-183
-129
88
199
90
-148
-207
1
193
138
-87
-176
-24
137
91
-81
-127
-14
58
56
-20
-60
-44
-1
31
4
-21
-12
13
-3
-26
-3
18
42
-1
-82
-41
61
121
-12
-166
-80
117
161
4
-145
-87
59
132
40
-95
-91
-4
105
84
-55
-95
-13
59
71
30
-28
-70
3
94
91
-50
-114
-21
157
164
-40
-170
-49
170
177
-26
-192
-98
117
159
64
-72
-143
-50
85
144
29
-116
-140
3
143
106
-73
-127
-29
114
111
-6
-104
-59
62
104
30
-32
-51
-10
39
63
8
-37
-32
-20
8
33
50
24
-79
-111
9
185
100
-133
-193
8
187
108
-114
-173
-7
159
96
-81
-144
-37
94
114
15
-114
-98
1
65
67
-10
-114
-78
43
107
24
-130
-148
19
144
65
-124
-199
-17
156
134
-56
-171
-106
75
139
59
-68
-108
-68
59
140
48
-96
-126
3
133
49
-107
-105
31
109
2
-90
-68
24
35
-21
-17
31
20
-57
-75
11
123
66
-93
-163
4
180
124
-97
-205
-37
203
148
-65
-175
-80
110
146
11
-104
-94
25
130
51
-87
-79
12
81
42
1
-30
-45
3
78
73
-29
-111
-14
143
146
-48
-159
-30
149
157
-12
-138
-73
46
118
94
-33
-129
-94
67
145
63
-93
-155
-30
118
140
-17
-146
-68
108
130
-26
-96
-20
82
65
-2
-44
17
49
-35
-41
40
86
2
-119
-71
90
138
20
-129
-136
28
160
98
-100
-165
-15
158
121
-77
-183
-21
139
86
-42
-109
-62
75
107
-5
-92
-71
35
64
0
-51
-65
-23
57
65
-36
-137
-91
53
119
44
-123
-179
1
175
87
-89
-146
-80
81
146
54
-94
-139
-33
106
94
8
-80
-86
-5
86
46
-35
-66
-7
9
-8
24
5
-77
-70
48
98
1
-113
-87
51
114
8
-54
-52
-21
10
52
87
3
-149
-91
72
149
60
-110
-149
-1
159
104
-81
-153
-39
129
119
-17
-137
-74
69
135
47
-81
-111
2
143
116
-50
-161
-35
184
187
-20
-196
-113
137
220
67
-151
-158
-23
169
158
-22
-180
-117
67
174
82
-92
-186
-40
151
131
-52
-141
-11
108
85
-51
-79
16
58
15
18
35
22
-36
-51
23
89
44
-73
-86
16
71
75
1
-68
-104
-19
125
124
-64
-178
-57
141
156
-30
-185
-88
115
122
-1
-118
-116
49
150
42
-91
-119
-11
89
88
-25
-152
-97
85
158
4
-187
-160
46
165
52
-131
-167
-11
130
88
-44
-138
-85
45
137
81
-61
-142
-100
85
173
49
-108
-142
9
134
48
-98
-97
13
85
16
-51
-54
-44
11
18
37
31
-48
-71
-32
49
81
-10
-60
-68
24
87
48
-50
-109
-43
98
146
-1
-178
-118
108
197
15
-153
-120
30
150
85
-67
-136
-18
96
81
4
-27
-44
-25
55
122
28
-138
-103
113
222
35
-192
-154
112
263
83
-189
-198
22
201
171
-46
-207
-113
75
189
85
-103
-176
-49
120
133
9
-126
-89
81
129
30
-74
-66
38
75
22
-9
-2
6
-13
-12
38
61
-10
-82
-63
47
122
54
-110
-145
-3
195
120
-102
-201
-48
149
181
-28
-216
-114
146
197
-20
-214
-114
101
194
22
-167
-124
68
120
28
-102
-92
-13
48
63
10
-96
-132
-30
134
106
-96
-191
-66
134
150
-19
-161
-131
23
159
124
-45
-192
-97
107
187
35
-148
-130
61
145
45
-123
-121
26
116
54
-72
-113
-33
30
48
9
-10
-12
-52
-40
49
71
-4
-57
-43
-4
17
84
51
-94
-131
17
175
100
-130
-174
3
176
122
-71
-160
-21
128
118
-76
-147
-16
124
81
-11
-37
-49
-2
62
93
-7
-101
-42
107
142
9
-97
-93
26
174
109
-78
-163
-48
127
196
25
-192
-172
50
221
137
-114
-218
-51
129
142
-16
-120
-55
66
113
11
-79
-53
20
70
70
7
-22
-49
-33
37
86
33
-53
-77
-20
43
92
53
-85
-147
-5
176
108
-94
-190
-44
151
174
-34
-188
-109
119
184
1
-186
-132
85
169
52
-118
-138
7
103
54
-62
-94
-37
18
57
51
-46
-149
-75
100
146
-22
-190
-133
80
175
62
-115
-194
-54
164
195
-16
-207
-139
98
201
43
-141
-109
22
99
28
-58
-77
-13
58
46
-17
-62
-78
-11
48
70
4
-86
-56
27
59
15
-29
-29
-14
-6
36
74
16
-113
-105
82
158
32
-129
-129
41
145
66
-49
-116
-42
89
109
3
-94
-90
9
110
114
-28
-135
-67
100
176
36
-173
-122
123
237
51
-166
-157
72
251
108
-152
-183
-1
179
162
-62
-157
-81
64
130
59
-62
-104
-62
64
98
38
-71
-62
21
81
40
-49
-48
24
80
30
-31
-23
29
5
-24
48
60
-20
-90
-59
71
121
-4
-90
-91
9
110
94
-50
-141
-35
95
118
0
-146
-93
74
130
27
-100
-99
-4
104
97
-36
-118
-89
36
135
59
-136
-173
12
186
117
-140
-253
-46
224
185
-141
-282
-89
191
190
-44
-171
-116
40
145
66
-33
-119
-102
40
117
77
-47
-117
-31
65
71
-17
-107
-40
59
37
-14
-64
-52
-11
40
44
-2
-51
-54
13
15
18
39
7
-75
-75
22
120
68
-78
-130
-11
143
113
-78
-168
-29
149
111
-50
-130
-69
97
140
-10
-121
-86
54
134
52
-58
-80
-11
90
79
-3
-73
-40
73
158
30
-129
-112
69
170
76
-61
-140
-19
81
113
80
-105
-176
-32
165
183
-27
-209
-148
107
225
28
-179
-122
86
168
15
-131
-61
70
116
56
-35
-40
-22
-9
51
75
-2
-81
-62
36
92
60
-19
-90
-80
26
132
70
-77
-131
-33
122
118
-26
-133
-89
68
134
33
-89
-104
7
110
69
-61
-116
-47
56
97
15
-85
-120
-2
130
76
-109
-183
-49
123
129
-24
-199
-121
72
163
88
-117
-203
-59
173
190
-15
-198
-119
58
185
74
-95
-159
-17
143
72
-82
-123
-13
103
56
-63
-97
-35
39
27
-10
-1
-4
-43
-38
9
50
52
10
-123
-95
65
175
54
-152
-181
55
192
118
-109
-205
-49
193
157
-75
-188
-53
139
143
-28
-157
-82
92
151
18
-77
-61
-14
58
79
39
-87
-104
29
191
134
-96
-187
-13
195
201
-51
-225
-119
146
237
35
-174
-169
-8
167
122
-28
-146
-95
46
123
38
-56
-72
9
84
38
-25
-45
11
52
83
-6
-56
-43
4
67
50
-14
-20
-5
-18
-10
31
69
31
-93
-115
31
188
65
-166
-166
73
213
37
-187
-129
110
162
7
-130
-98
53
125
49
-105
-93
10
27
13
24
-7
-40
-77
27
96
3
-143
-147
32
192
63
-161
-207
-5
200
135
-103
-242
-93
196
226
-3
-228
-176
74
228
111
-136
-176
-17
131
84
-42
-105
-30
35
43
-4
-30
-54
-47
5
59
41
-26
-76
-64
43
86
68
-48
-137
-70
78
180
58
-172
-187
48
215
118
-130
-196
-23
162
131
-46
-132
-60
82
106
7
-79
-72
17
60
50
13
-32
-56
20
103
63
-83
-129
45
218
104
-128
-180
41
239
124
-124
-157
-11
93
119
55
-88
-152
-44
141
174
-41
-195
-88
116
153
1
-143
-61
98
94
-22
-64
4
49
8
-7
50
68
-38
-83
-24
77
105
-7
-105
-53
48
100
33
-69
-109
-24
115
121
-40
-162
-57
81
148
8
-149
-110
62
138
32
-71
-88
-21
77
77
-40
-101
-22
45
29
11
-30
-90
-57
75
125
-17
-201
-148
104
203
16
-243
-190
104
224
52
-144
-188
-11
126
130
2
-118
-137
14
135
111
-30
-137
-85
75
97
-3
-88
-57
57
62
-27
-86
-49
31
25
-23
19
26
-56
-72
17
119
64
-128
-137
36
136
77
-36
-106
-60
48
103
55
-60
-114
-42
105
119
-8
-114
-65
47
126
48
-103
-123
18
114
90
-6
-109
-54
62
144
74
-105
-142
2
200
170
-77
-215
-58
206
219
-39
-220
-97
91
191
89
-86
-173
-79
115
167
32
-133
-146
16
138
94
-48
-145
-12
129
87
-62
-74
16
68
46
19
-36
-23
-7
-6
39
57
15
-54
-64
8
71
58
-22
-70
-84
41
139
32
-125
-127
44
167
90
-142
-181
33
153
82
-108
-145
25
118
61
-57
-92
-4
25
15
-5
-30
-70
-56
80
113
-27
-177
-138
74
192
23
-191
-172
52
172
74
-78
-169
-86
112
167
38
-137
-169
-11
149
164
-30
-184
-100
101
145
-16
-139
-67
57
83
27
-66
-105
-52
45
81
6
-64
-55
8
22
16
15
3
-37
-53
-4
101
90
-86
-170
-8
189
149
-102
-216
-46
183
163
-76
-176
-53
128
135
-34
-126
-54
63
95
22
-34
-25
-6
24
48
75
-18
-125
-49
161
170
-33
-178
-59
145
206
6
-185
-155
85
238
109
-151
-206
-39
167
181
-31
-178
-122
66
140
44
-83
-50
22
84
36
-36
-42
0
39
43
26
-6
-17
-36
6
56
56
4
-63
-63
5
107
75
-51
-119
-50
90
136
5
-151
-124
68
169
44
-115
-100
6
98
72
-53
-111
-37
96
101
-19
-111
-64
29
66
20
-34
-82
-63
54
110
-7
-155
-121
33
133
89
-98
-197
-48
133
151
-6
-174
-154
46
196
106
-113
-184
-36
136
125
-18
-107
-57
37
55
3
-34
-42
-2
26
13
-23
-51
-43
-6
35
55
12
-76
-74
-1
94
52
-24
-87
-57
15
87
89
-50
-138
-51
131
123
-47
-171
-73
130
134
-5
-119
-77
60
116
29
-80
-91
14
64
65
31
-65
-83
22
122
92
-69
-121
-2
164
156
-60
-187
-72
175
207
4
-192
-143
66
227
124
-130
-235
-60
173
207
10
-178
-155
47
142
66
-62
-81
-10
59
47
-17
-22
25
26
4
10
57
15
-68
-58
65
96
20
-64
-83
8
86
57
-40
-67
-29
27
73
50
-66
-103
6
123
90
-83
-167
-33
159
131
-78
-181
-30
131
112
-25
-116
-70
25
72
64
-49
-109
-85
76
160
10
-193
-177
59
209
74
-186
-222
-2
194
126
-57
-169
-122
57
153
94
-48
-166
-84
93
162
21
-117
-103
20
95
42
-54
-81
-29
44
73
-8
-95
-92
18
77
41
-36
-56
-37
13
34
44
22
-54
-84
-9
71
125
4
-183
-130
132
236
24
-252
-174
156
260
-16
-235
-114
138
202
-7
-178
-106
82
139
24
-51
-84
-18
84
103
49
-65
-152
-18
194
180
-61
-206
-73
187
224
15
-212
-142
77
175
141
-78
-184
-101
97
179
42
-120
-134
-17
114
125
-17
-104
-57
68
106
-3
-84
-43
72
94
6
-56
-5
23
-1
4
52
33
-42
-80
-20
100
108
-22
-142
-118
82
194
39
-154
-152
39
204
99
-142
-225
-1
214
109
-113
-189
-19
149
143
-59
-145
-54
55
53
20
-50
-63
-54
-6
87
92
-75
-219
-80
181
189
-112
-292
-85
201
218
-22
-253
-185
131
249
61
-170
-190
-15
166
140
-32
-116
-94
32
115
36
-88
-101
16
68
33
-43
-82
-52
52
46
4
-20
-45
-27
3
36
58
10
-62
-96
-5
126
100
-59
-170
-26
169
140
-77
-187
-92
165
178
-24
-182
-97
114
175
21
-155
-114
29
135
62
-36
-49
-31
46
82
37
-74
-99
30
170
145
-78
-172
-49
155
220
-1
-189
-111
64
155
93
-37
-152
-108
27
164
130
-80
-195
-58
158
141
-44
-145
-37
117
92
-46
-63
17
28
10
24
41
2
-67
-56
80
119
-1
-105
-93
43
123
28
-64
-88
-35
68
84
9
-81
-71
18
84
65
-59
-121
-27
72
92
6
-91
-88
36
110
21
-76
-74
-26
58
64
-42
-85
-62
53
95
9
-116
-161
8
166
79
-105
-173
-45
128
126
-29
-141
-149
36
159
111
-41
-154
-90
79
145
37
-100
-112
14
99
45
-73
-86
29
67
7
-48
-48
-38
-3
32
42
11
-66
-58
21
68
46
-21
-84
-38
17
72
89
-44
-135
-45
101
125
3
-159
-104
86
167
48
-136
-131
52
143
53
-103
-119
16
129
52
-19
-46
-39
23
68
87
-28
-133
-27
150
166
-2
-163
-80
100
165
59
-108
-136
-7
134
160
-2
-171
-147
65
189
101
-85
-194
-63
124
135
2
-99
-70
61
115
24
-80
-75
24
105
96
-33
-103
-27
78
56
-5
-17
-20
-8
-11
16
75
13
-63
-94
9
115
78
-89
-136
-16
145
102
-76
-141
-32
121
107
-63
-137
-48
111
132
-15
-140
-93
69
102
16
-74
-98
-46
60
106
7
-114
-131
-14
102
83
-62
-154
-65
79
142
31
-115
-176
-28
163
166
-35
-195
-116
74
173
82
-86
-133
-43
107
80
-46
-134
-43
120
63
-58
-101
-59
39
53
7
-22
-15
-6
-34
-20
35
57
-3
-78
-69
46
137
24
-148
-111
87
158
44
-149
-156
49
189
82
-118
-144
5
136
86
-59
-128
-41
99
117
15
-90
-67
19
124
97
-53
-124
-26
111
177
30
-154
-136
82
249
90
-181
-175
2
194
189
-36
-217
-167
77
251
123
-146
-230
-45
176
164
-53
-184
-65
140
137
-12
-116
-42
84
79
33
-35
-46
12
7
7
46
32
-15
-77
-44
48
113
40
-91
-126
-3
169
109
-97
-182
-30
150
147
-60
-168
-60
105
126
-16
-121
-68
67
114
27
-111
-88
0
65
89
-12
-129
-102
80
128
22
-128
-182
-19
159
133
-87
-210
-97
124
157
-5
-117
-141
4
145
101
-44
-139
-82
53
117
63
-64
-104
-13
81
52
-47
-69
-19
27
55
-8
-72
-82
-14
65
84
-8
-100
-72
38
81
19
-37
-54
-28
19
43
43
4
-109
-53
87
130
-16
-134
-105
75
169
29
-146
-119
57
170
44
-129
-115
24
132
70
-42
-73
-30
70
94
23
-28
-81
-41
52
155
95
-83
-160
-8
180
150
-47
-175
-93
121
221
46
-169
-201
3
220
161
-121
-237
-56
176
171
-43
-146
-49
77
104
6
-57
-47
24
79
46
-22
-50
-3
21
27
36
19
-24
-47
-52
43
122
45
-129
-130
26
180
71
-148
-155
31
170
89
-104
-150
-18
142
89
-52
-134
-39
126
81
-43
-86
-20
7
17
27
-5
-47
-56
-35
73
103
-34
-188
-118
110
165
0
-206
-180
92
240
80
-192
-246
10
226
129
-89
-161
-76
80
152
63
-87
-125
-21
107
49
-44
-77
-21
34
31
4
-46
-75
-36
35
71
43
-39
-77
-34
43
87
36
-72
-139
-25
128
136
4
-176
-118
106
177
30
-161
-131
78
145
43
-93
-82
24
64
63
-41
-80
-18
49
71
31
-41
-34
-16
56
89
8
-82
-48
41
126
95
-56
-131
-23
162
162
-30
-174
-133
90
246
99
-157
-239
-24
220
193
-57
-203
-119
79
171
61
-111
-105
46
110
29
-68
-66
39
94
39
-11
-39
1
-6
-10
44
77
-9
-91
-61
72
108
16
-93
-108
-9
122
120
-69
-172
-66
139
194
-26
-232
-90
132
174
-25
-179
-85
91
121
9
-95
-75
-7
46
72
14
-92
-125
-12
136
109
-100
-209
-75
164
148
-66
-208
-103
112
136
8
-86
-124
-59
76
142
68
-132
-175
-8
183
131
-65
-150
-53
93
94
-57
-104
-24
69
54
-25
-95
-77
34
84
12
-41
-14
-36
4
17
22
27
-15
-69
-49
43
112
40
-108
-134
63
185
41
-177
-137
70
194
49
-118
-107
10
101
83
-40
-94
-35
49
85
61
-40
-114
-15
109
102
6
-127
-89
99
211
86
-141
-177
19
193
160
-34
-185
-101
72
226
128
-150
-246
-45
230
209
-77
-216
-88
94
152
42
-113
-77
37
107
40
-55
-67
-7
77
85
6
-39
-24
-22
12
73
61
-44
-109
-38
85
145
8
-120
-139
15
164
119
-95
-177
-41
137
144
-56
-154
-54
74
108
22
-104
-111
36
151
61
-117
-128
-12
74
91
4
-109
-118
19
118
83
-88
-181
-87
98
164
19
-189
-170
34
184
117
-112
-214
-71
147
176
32
-141
-199
-7
197
132
-69
-145
-54
91
78
-22
-82
-40
17
54
16
-48
-78
-25
7
36
57
-3
-101
-76
34
93
69
-50
-140
-44
95
145
49
-167
-180
68
247
95
-175
-240
16
251
148
-134
-218
-22
219
140
-124
-200
12
158
84
-27
-72
-18
39
29
17
36
9
-89
-55
149
195
-16
-220
-128
189
297
-6
-272
-175
138
267
77
-176
-217
12
186
123
-45
-142
-59
57
89
33
-53
-37
10
61
40
-31
-64
13
73
68
-1
-39
-36
-27
35
102
42
-77
-114
-2
101
91
-25
-85
-42
-8
91
91
-52
-123
-39
105
95
-31
-118
-47
74
75
3
-65
-74
23
105
58
-71
-79
-26
27
67
-6
-83
-54
-8
73
73
-38
-150
-116
75
161
31
-174
-177
39
179
81
-83
-176
-63
77
130
80
-89
-166
-52
145
172
-11
-147
-109
51
132
26
-108
-112
19
103
55
-64
-136
-69
79
121
29
-112
-123
10
104
69
-3
-74
-108
-24
105
150
17
-173
-157
86
202
81
-162
-186
22
196
131
-91
-180
-29
138
118
-24
-126
-85
42
111
89
-8
-124
-98
111
163
47
-140
-160
57
227
133
-89
-201
-47
179
204
9
-182
-158
35
222
146
-121
-229
-53
188
195
-26
-202
-130
70
163
84
-90
-116
21
119
48
-67
-66
16
88
50
-9
-29
-17
17
13
33
28
-18
-53
-25
39
69
19
-58
-72
-20
94
95
-33
-112
-53
77
108
-1
-112
-97
50
147
37
-95
-119
13
148
77
-78
-154
-22
103
54
-30
-85
-65
38
76
32
-65
-132
-54
64
102
22
-142
-142
8
155
108
-54
-201
-96
117
158
19
-101
-117
-31
116
108
-11
-91
-88
25
68
5
-59
-26
10
2
21
-13
-63
-36
0
36
53
-13
-91
-64
44
80
26
-38
-83
-12
55
84
31
-98
-146
27
178
109
-136
-188
14
216
108
-116
-152
4
145
102
-81
-157
-21
137
76
-29
-58
-4
27
34
39
49
-28
-102
-38
160
178
-54
-202
-79
179
215
11
-179
-157
31
235
176
-122
-265
-83
187
240
7
-221
-182
70
204
87
-124
-129
25
117
55
-48
-50
7
41
50
27
6
-15
-47
-19
72
68
-16
-84
-61
62
100
15
-72
-85
-13
62
98
-22
-130
-56
103
116
-15
-142
-92
92
135
-8
-170
-64
124
127
-27
-131
-50
56
22
6
-2
-16
-67
-66
49
121
7
-182
-181
79
221
55
-229
-225
57
244
94
-135
-177
-55
98
145
46
-92
-136
-32
76
118
48
-100
-118
14
112
51
-88
-89
3
77
41
-43
-95
-43
39
77
15
-66
-53
-1
17
33
19
4
-69
-31
59
81
34
-93
-123
29
183
106
-133
-189
10
186
133
-102
-200
-27
150
153
-45
-153
-78
79
146
41
-35
-96
-59
69
152
87
-111
-173
-14
212
184
-52
-213
-107
176
241
29
-189
-160
47
189
152
-62
-220
-131
132
232
52
-181
-171
28
157
76
-44
-88
-27
77
62
-29
-54
8
40
30
22
14
-13
-36
-30
54
81
4
-82
-54
35
97
34
-89
-83
11
104
75
-74
-120
-17
87
84
-18
-86
-54
29
68
25
-39
-81
-9
84
62
-37
-85
-46
40
49
27
-43
-97
-60
63
101
8
-129
-130
2
141
121
-112
-250
-60
198
188
-36
-232
-157
86
190
82
-73
-170
-96
120
174
37
-128
-161
26
160
55
-119
-141
29
133
61
-81
-121
-59
56
77
32
-52
-108
-44
68
87
30
-59
-84
-18
45
96
58
-59
-156
-26
159
139
-66
-203
-67
169
168
-26
-181
-107
72
171
64
-130
-134
15
137
118
-57
-147
-48
138
149
-12
-118
-83
37
147
123
-45
-139
-67
128
161
35
-118
-135
-1
151
166
-21
-204
-139
116
223
44
-160
-140
7
90
92
-21
-66
-1
31
22
12
7
-22
-27
78
101
-16
-89
-40
30
80
65
-46
-91
-34
58
87
24
-40
-62
-71
36
148
65
-142
-161
41
204
89
-170
-175
35
175
116
-118
-188
14
179
90
-109
-150
-7
71
65
-3
-71
-69
-43
36
112
31
-136
-173
10
159
96
-114
-206
-51
141
136
-4
-136
-159
1
172
156
-52
-206
-122
115
210
26
-123
-123
-24
116
93
-67
-140
-17
85
75
-21
-130
-89
44
119
16
-89
-72
14
44
26
28
-3
-56
-77
-7
98
88
-42
-145
-45
148
142
-70
-177
-53
141
150
-38
-180
-89
131
178
-24
-173
-89
81
125
50
-40
-86
-46
65
111
51
-61
-106
-36
129
174
1
-156
-106
102
197
69
-132
-157
-10
161
180
-17
-186
-156
58
193
109
-68
-186
-115
127
213
9
-170
-112
105
176
-11
-119
-67
77
134
21
-76
-54
18
48
38
2
-7
-49
-35
25
93
40
-53
-78
-24
74
95
-18
-85
-86
54
101
33
-73
-101
-15
111
100
-29
-146
-55
98
117
6
-115
-99
34
112
29
-73
-113
-41
65
114
49
-124
-197
-35
162
139
-103
-215
-69
126
179
15
-178
-172
30
179
119
-68
-187
-77
123
155
33
-119
-111
9
118
33
-85
-73
6
45
28
-12
-67
-56
-10
36
53
33
-66
-135
-20
128
146
-29
-164
-109
84
142
41
-97
-128
3
141
99
-76
-157
-31
133
124
-19
-126
-84
50
141
28
-122
-109
41
135
80
-52
-110
-38
91
113
49
-67
-120
-14
123
156
11
-129
-112
71
208
84
-123
-165
-11
150
160
-19
-177
-128
95
189
65
-131
-153
-2
127
88
-33
-109
-31
81
89
6
-90
-82
45
171
87
-94
-113
-14
89
121
9
-109
-93
32
106
34
-36
-48
-16
5
4
59
37
-73
-88
-12
121
110
-73
-152
-46
135
127
-57
-163
-46
127
99
-54
-100
-39
35
66
4
-44
-59
-51
14
67
61
-79
-169
-45
131
141
-59
-227
-121
124
205
17
-221
-194
62
202
126
-73
-191
-77
107
154
16
-111
-75
2
63
43
-47
-57
-19
24
41
-18
-50
-65
-19
44
47
41
-53
-111
-23
109
106
-23
-146
-83
82
129
33
-74
-118
-44
126
153
-11
-160
-104
69
182
64
-115
-147
12
148
72
-71
-127
-20
122
106
-21
-85
-75
58
140
85
-76
-165
-31
177
201
13
-187
-131
92
222
85
-129
-181
-17
159
188
-13
-173
-132
46
154
117
-64
-170
-87
91
150
53
-105
-101
33
111
23
-54
-56
-1
91
113
15
-118
-74
63
100
27
-67
-44
14
25
22
8
1
-37
-61
9
104
62
-104
-157
3
192
125
-121
-214
-30
189
148
-60
-210
-96
151
201
-48
-187
-89
81
105
31
-101
-118
-20
73
102
1
-134
-128
-24
93
113
-33
-163
-111
56
145
62
-99
-186
-63
167
189
-17
-191
-152
51
201
93
-96
-153
-28
100
75
-39
-101
-29
66
39
-24
-99
-58
43
53
-19
-22
-9
-9
-34
12
59
51
-55
-118
-6
108
97
-37
-153
-51
139
139
-39
-178
-63
124
138
-10
-136
-98
65
132
50
-101
-124
7
124
100
-32
-84
-49
57
99
54
-39
-116
-62
117
212
24
-151
-142
59
243
107
-121
-150
-35
98
158
63
-125
-175
-12
179
166
-42
-201
-113
107
173
43
-110
-104
37
88
43
-35
-42
23
33
56
39
2
-44
-81
21
109
66
-63
-134
-17
124
105
-28
-133
-76
62
151
64
-151
-152
34
177
93
-125
-163
19
158
80
-102
-142
-15
147
96
-74
-116
-21
72
35
-34
-32
-17
-25
-11
28
42
-18
-129
-86
49
150
37
-195
-187
58
211
102
-152
-231
-25
197
157
-56
-181
-96
77
146
47
-84
-96
-6
62
50
-8
-59
-68
-4
77
37
-64
-135
-29
101
93
-40
-107
-70
36
91
54
-53
-93
-37
32
97
46
-46
-116
-48
94
131
12
-135
-140
76
192
54
-140
-140
11
169
89
-101
-120
-3
95
72
9
-57
-78
36
104
85
-3
-121
-78
65
165
108
-72
-191
-47
203
225
-32
-238
-136
135
257
60
-205
-211
34
212
131
-77
-162
-48
96
79
-8
-40
-14
29
23
1
1
-22
10
41
61
23
-47
-50
-6
50
72
2
-59
-41
7
50
60
4
-83
-88
10
149
91
-110
-183
-22
185
155
-88
-205
-46
144
143
-36
-183
-79
136
154
-8
-141
-103
35
101
48
-63
-93
-67
13
102
101
-57
-211
-129
139
225
-23
-273
-168
133
226
32
-173
-179
-6
161
120
-16
-106
-123
2
123
111
-12
-133
-100
53
107
29
-95
-76
43
61
2
-78
-100
-6
81
53
-22
-52
-72
3
73
79
-16
-94
-74
30
89
50
-26
-113
-69
96
144
4
-131
-113
38
160
68
-109
-121
30
132
63
-96
-115
28
80
44
31
-29
-76
-10
73
125
4
-123
-108
86
214
113
-135
-218
-29
261
204
-86
-238
-112
157
238
68
-189
-211
32
183
130
-47
-173
-85
59
145
85
-97
-100
-1
75
78
0
-77
-51
56
119
46
-64
-72
-14
60
87
9
-79
-82
11
103
55
-29
-80
-61
8
103
101
-80
-148
-40
149
137
-58
-171
-50
101
125
0
-133
-112
60
162
58
-125
-133
-2
128
112
-86
-171
-68
80
139
44
-123
-175
-47
130
120
-47
-176
-122
55
134
102
-44
-177
-114
70
183
99
-132
-203
-35
155
165
-14
-165
-113
68
132
31
-77
-93
-18
77
64
-62
-135
-53
76
95
-1
-53
-61
-22
29
56
56
-28
-100
-66
53
145
43
-133
-173
88
246
64
-198
-200
72
239
66
-154
-170
18
210
115
-142
-180
7
171
119
-67
-97
-29
44
78
64
13
-72
-96
45
184
110
-106
-150
14
169
127
-59
-134
-60
52
153
118
-90
-191
-61
158
187
-18
-171
-119
52
128
57
-59
-82
-8
89
56
-23
-42
-31
23
84
60
-38
-58
-25
26
87
38
-61
-96
-14
117
82
-52
-112
-62
73
128
26
-108
-144
25
167
80
-110
-143
-14
117
105
-23
-120
-88
60
134
44
-102
-128
-7
100
82
-64
-113
-44
25
51
53
-23
-115
-119
-5
147
95
-136
-206
-30
187
155
-73
-243
-130
159
230
19
-185
-168
12
150
120
-2
-130
-134
53
131
37
-111
-92
33
99
25
-78
-114
-15
66
62
-4
-64
-46
-2
40
57
35
-44
-117
-29
106
100
-12
-107
-89
74
165
26
-165
-127
68
173
47
-113
-117
6
144
104
-80
-150
-23
137
81
-16
-69
-33
39
76
42
-2
-62
-73
31
163
116
-47
-153
-54
139
179
-3
-167
-115
72
183
92
-87
-192
-62
148
177
-13
-170
-101
55
114
54
-41
-72
-15
55
66
12
-62
-55
44
123
56
-55
-91
-19
70
86
30
-51
-98
-29
86
104
4
-94
-106
5
130
128
-97
-200
-46
181
169
-70
-213
-73
133
141
-6
-148
-109
88
164
23
-134
-112
19
86
44
-30
-71
-91
-21
115
130
-46
-215
-155
93
219
39
-216
-185
67
192
68
-111
-173
-34
130
120
6
-101
-130
-25
119
128
7
-110
-120
14
123
60
-97
-98
16
99
38
-86
-129
-30
74
65
12
-58
-70
-10
50
59
12
-68
-61
28
63
8
-41
-31
2
39
49
1
-53
-54
-9
78
75
-38
-97
-45
59
126
13
-112
-88
40
123
57
-48
-109
-17
132
117
-22
-135
-71
90
136
75
-50
-98
-31
88
162
41
-115
-157
-2
142
175
0
-210
-151
86
233
94
-148
-176
-44
136
148
-10
-132
-64
70
121
12
-81
-62
45
138
71
-89
-99
-1
79
94
5
-78
-71
-20
86
84
-1
-65
-88
-15
78
104
-26
-150
-78
108
181
-10
-184
-90
92
124
26
-107
-96
36
111
43
-61
-90
-36
55
67
8
-80
-103
-3
80
89
-19
-155
-135
37
186
64
-156
-183
-6
148
113
-59
-134
-88
43
127
94
-59
-164
-75
93
157
65
-122
-156
24
133
24
-104
-78
49
68
37
-96
-115
-5
98
54
-47
-62
-14
-25
40
54
10
-49
-90
-18
85
96
-4
-113
-107
71
172
56
-135
-154
16
163
92
-75
-147
-33
119
121
-34
-131
-47
94
91
3
-55
-44
17
54
57
23
-44
-83
-19
105
161
1
-156
-111
121
221
37
-167
-154
49
181
135
-72
-177
-111
90
167
84
-96
-166
-59
128
135
-20
-133
-36
102
109
-15
-98
-52
71
159
26
-114
-82
28
107
55
-25
-63
-43
15
37
37
15
-4
-58
-59
60
131
-15
-172
-81
142
156
-11
-163
-88
81
135
3
-128
-74
76
98
-12
-78
-31
20
25
4
-7
-22
-57
-54
17
89
81
-111
-201
-16
173
116
-108
-225
-59
139
170
-12
-168
-181
44
231
124
-125
-207
-69
155
176
-5
-142
-134
39
141
42
-102
-95
21
88
37
-69
-104
-42
73
85
-43
-70
-29
-5
17
49
38
-33
-99
-61
78
115
31
-109
-126
36
179
87
-127
-190
16
192
116
-104
-171
-10
149
113
-77
-128
-38
77
109
13
-47
-62
-14
71
80
41
-42
-98
-44
116
178
23
-170
-122
108
222
56
-140
-173
10
206
170
-63
-211
-129
109
223
67
-148
-172
0
112
79
-3
-73
-30
57
74
4
-59
-57
33
97
54
-39
-47
-18
18
74
47
-54
-91
-14
62
75
0
-67
-57
11
78
61
-51
-129
-41
118
136
-33
-160
-83
95
142
-10
-101
-94
30
105
42
-55
-113
-1
78
33
-22
-71
-40
-37
32
98
37
-114
-174
-28
154
146
-100
-241
-106
147
195
18
-184
-184
43
214
100
-118
-189
-12
125
112
3
-77
-77
-1
66
29
-29
-68
-51
44
98
-11
-150
-95
67
144
52
-94
-164
-35
147
115
-54
-132
-43
76
95
11
-42
-29
-38
13
68
88
-13
-149
-83
105
171
7
-178
-90
99
152
-16
-129
-74
50
124
72
-69
-122
-13
115
99
7
-87
-69
29
121
106
-14
-133
-78
121
180
50
-133
-153
22
148
137
-31
-144
-80
38
138
103
-66
-144
-107
66
184
64
-91
-125
12
131
39
-69
-56
16
98
78
-32
-83
-30
33
78
57
-44
-85
-26
61
61
15
-30
-86
-31
74
112
-20
-143
-72
74
152
30
-149
-120
51
164
60
-125
-153
24
162
82
-107
-128
6
69
46
-12
-85
-75
1
69
65
1
-111
-126
-27
110
112
-61
-194
-70
133
146
-40
-164
-110
70
138
58
-70
-104
-65
27
105
96
-19
-136
-97
80
114
10
-103
-97
29
108
28
-133
-122
27
117
34
-43
-69
-35
30
27
25
-8
-36
-40
8
81
61
-42
-139
-55
157
170
-50
-232
-114
171
225
-33
-216
-93
143
163
-28
-160
-56
91
83
24
-25
-73
-46
72
125
54
-77
-127
-5
122
147
20
-108
-112
50
178
99
-96
-160
-45
121
191
44
-159
-179
12
176
149
-40
-183
-121
108
180
46
-138
-127
75
158
22
-105
-80
50
141
74
-82
-107
25
80
35
18
-19
-47
-46
13
76
56
-29
-119
-54
106
148
-7
-174
-93
100
167
21
-165
-136
67
177
57
-142
-148
25
160
71
-68
-117
-29
35
72
54
-71
-122
-80
46
162
80
-156
-223
-45
188
173
-90
-241
-124
126
210
39
-178
-185
12
146
117
-16
-143
-118
53
135
75
-52
-133
-30
98
72
-48
-99
-30
72
63
-52
-114
-41
41
66
18
-35
-45
-41
10
53
31
-33
-58
-26
32
70
34
-43
-93
-6
108
67
-65
-108
-16
89
66
-27
-66
-34
27
84
36
-96
-92
36
99
62
-36
-107
-36
100
114
29
-67
-108
-32
125
148
37
-120
-107
38
152
121
-33
-143
-87
93
199
50
-168
-175
27
188
127
-58
-153
-87
39
151
74
-86
-99
15
98
69
-28
-75
-42
89
142
-3
-141
-80
59
155
67
-100
-133
9
131
64
-46
-70
-18
17
28
53
-8
-90
-49
53
103
17
-92
-87
20
107
52
-72
-104
-16
103
76
-30
-105
-50
41
64
9
-62
-74
-33
40
66
54
-66
-151
-64
99
149
-36
-211
-112
74
172
88
-126
-212
-50
169
203
-18
-204
-154
65
170
116
-66
-142
-83
76
137
23
-135
-119
55
138
12
-119
-122
-14
116
87
-14
-125
-90
21
86
78
-21
-111
-57
70
118
23
-64
-100
-41
111
121
-26
-163
-81
125
145
-19
-124
-69
45
111
36
-62
-102
-19
103
117
-11
-144
-61
106
143
13
-78
-84
-18
81
147
64
-86
-152
-6
191
179
-54
-202
-103
131
213
31
-163
-141
18
168
122
-51
-156
-100
67
125
55
-63
-94
23
103
51
-65
-88
21
124
96
-43
-119
-9
57
56
9
-18
-25
-30
5
60
40
-20
-59
-53
24
88
50
-85
-113
15
138
75
-89
-151
-22
151
95
-72
-158
-35
148
112
-59
-136
-32
66
35
10
-58
-52
-9
-2
64
45
-62
-157
-86
104
148
-36
-188
-111
82
150
38
-85
-142
-73
83
169
77
-152
-211
-16
190
177
-45
-200
-112
120
149
-23
-181
-64
133
117
-57
-169
-79
95
108
-19
-85
-44
20
10
8
17
55
-21
-117
-8
128
96
-82
-157
-14
170
131
-103
-189
-22
175
140
-39
-174
-75
105
143
-2
-146
-91
84
147
15
-81
-50
12
60
81
13
-39
-54
-11
63
88
55
-27
-94
-22
123
128
34
-143
-149
52
200
142
-121
-240
-52
200
218
-35
-223
-131
101
167
31
-122
-66
59
77
5
-54
-23
7
59
101
3
-62
-51
3
81
61
-6
-87
-73
8
107
71
-40
-99
-66
63
150
42
-163
-162
39
200
108
-141
-212
-6
197
117
-102
-172
-21
161
93
-70
-108
-36
37
65
43
-52
-99
-64
2
108
98
-78
-199
-82
111
145
-8
-190
-137
64
145
61
-71
-142
-68
84
152
33
-120
-141
-16
117
123
-4
-98
-104
19
104
34
-87
-86
14
83
27
-58
-106
-32
72
81
28
-81
-113
-11
91
87
-1
-104
-71
50
96
78
-47
-135
-63
128
144
-10
-170
-109
83
196
50
-135
-145
32
167
114
-110
-198
-8
173
88
-29
-86
-66
39
88
97
17
-100
-125
33
223
152
-135
-211
-4
238
161
-88
-200
-56
139
194
11
-153
-120
21
96
82
12
-50
-120
-42
92
133
-2
-121
-53
87
98
-10
-103
-55
103
160
29
-154
-116
56
139
77
-59
-120
-17
65
72
9
-83
-39
24
19
24
5
-41
-52
20
81
36
-42
-92
-16
54
60
3
-77
-41
49
74
8
-80
-71
8
61
43
-23
-82
-69
0
78
89
-39
-157
-109
54
141
54
-150
-164
8
153
89
-80
-157
-62
107
113
20
-65
-103
-47
64
138
49
-117
-113
20
96
36
-83
-92
17
108
42
-132
-132
12
125
65
-40
-110
-65
33
85
66
-15
-91
-73
36
114
77
-79
-142
-18
140
129
-36
-178
-90
106
174
22
-161
-104
92
126
8
-116
-71
41
79
34
-7
-48
-54
32
105
91
-33
-135
-77
84
191
98
-82
-181
-35
178
168
-7
-138
-130
32
162
123
-42
-162
-109
70
202
104
-121
-221
-68
172
187
-14
-153
-76
75
114
-9
-75
-40
60
127
49
-95
-126
20
138
111
-56
-121
-36
42
89
37
-55
-77
-6
33
63
65
-78
-137
-34
140
135
-59
-162
-72
119
142
-19
-165
-81
95
157
16
-132
-83
11
57
77
-28
-110
-86
6
99
88
-31
-156
-106
53
121
47
-99
-163
-40
122
165
11
-189
-185
47
237
118
-144
-213
-70
187
201
-10
-191
-128
98
130
-15
-121
-75
48
123
23
-104
-161
-23
141
94
-42
-100
-81
33
66
42
-2
-67
-63
-5
82
77
-12
-125
-101
105
167
19
-149
-146
48
191
86
-127
-178
-12
175
137
-84
-186
-31
158
105
-33
-94
-54
71
95
35
-25
-55
-44
25
90
131
21
-134
-123
78
222
66
-141
-183
5
219
191
-86
-244
-110
151
226
31
-173
-175
15
170
126
-47
-150
-37
122
110
-24
-121
-64
87
165
53
-135
-144
28
139
106
-26
-114
-82
23
124
83
-43
-121
-70
86
138
32
-120
-151
10
168
107
-95
-173
-40
154
159
-45
-223
-81
177
178
-51
-190
-82
101
112
-11
-77
-60
-24
3
27
54
0
-90
-130
-28
136
144
-68
-234
-106
142
188
-8
-196
-164
82
189
92
-97
-182
-42
104
123
28
-78
-113
-5
92
36
-59
-83
1
81
44
-61
-123
-53
80
109
9
-104
-132
-21
162
135
-59
-179
-68
130
143
4
-103
-110
-1
126
113
-47
-178
-78
115
193
13
-154
-112
62
150
38
-129
-104
45
91
43
-2
-34
-46
-24
85
103
17
-109
-124
60
223
119
-95
-174
-28
152
154
-4
-141
-88
49
124
95
-32
-108
-97
27
157
87
-90
-176
-79
145
194
-11
-184
-85
125
150
-24
-144
-54
112
173
19
-170
-80
90
127
13
-76
-44
-6
21
43
36
-12
-57
-58
40
120
19
-133
-142
64
184
82
-143
-168
14
139
100
-41
-150
-87
80
167
51
-131
-130
-17
102
95
-31
-122
-87
23
84
65
-9
-106
-130
-24
133
120
-89
-197
-84
124
167
1
-170
-174
28
194
131
-75
-202
-92
132
178
14
-119
-133
-1
129
68
-68
-127
-5
102
63
-67
-124
-74
72
117
17
-100
-95
18
89
48
-27
-57
-44
15
68
52
-41
-72
-38
83
114
-3
-130
-92
48
142
45
-90
-105
9
113
99
-69
-141
-49
128
135
2
-95
-97
22
134
93
-31
-90
-57
27
122
113
-5
-117
-87
88
175
50
-100
-139
-13
147
168
0
-188
-169
83
221
89
-137
-167
-30
112
138
-2
-118
-65
70
131
18
-131
-84
93
177
42
-148
-133
70
154
46
-93
-57
36
44
2
-21
6
10
-18
-44
19
107
-2
-150
-85
117
178
-11
-196
-120
110
182
9
-144
-138
63
180
49
-135
-130
40
104
48
-68
-109
-4
36
-10
37
40
-57
-143
-93
117
164
-35
-222
-120
120
183
15
-161
-182
32
213
129
-93
-206
-67
99
132
50
-65
-131
-8
80
53
-46
-88
-33
78
72
-52
-150
-68
89
116
-2
-83
-86
-22
74
77
-4
-79
-69
10
91
83
-19
-118
-88
80
173
29
-154
-157
52
190
76
-131
-152
22
172
90
-81
-167
-40
127
120
-12
-89
-59
39
99
52
-8
-47
-72
-18
110
171
53
-165
-175
86
240
109
-137
-195
-30
181
226
-9
-252
-161
118
222
74
-133
-170
-19
105
106
15
-97
-59
44
104
43
-60
-104
30
156
104
-58
-129
-35
82
100
27
-50
-83
-38
37
114
74
-80
-151
-20
123
149
-42
-220
-81
169
196
-36
-222
-93
133
181
-20
-181
-83
109
178
-17
-151
-93
47
95
33
-51
-78
-36
13
27
71
35
-134
-177
8
143
95
-73
-164
-74
98
115
11
-106
-129
-12
113
111
-19
-119
-108
17
160
109
-70
-164
-50
95
96
-25
-110
-55
67
86
-20
-136
-100
54
116
15
-57
-75
-45
40
93
25
-55
-78
-14
62
71
7
-68
-85
36
142
40
-133
-135
49
170
63
-111
-131
-4
141
112
-50
-148
-67
90
122
17
-81
-96
20
122
91
1
-88
-86
15
111
113
6
-89
-68
51
126
63
-47
-127
-60
115
184
42
-176
-194
43
212
136
-91
-204
-62
127
165
6
-147
-64
69
97
37
-71
-71
18
111
104
-25
-106
-54
36
116
67
-77
-110
-22
100
112
-12
-121
-83
44
127
51
-99
-139
-13
168
116
-68
-156
-59
96
122
9
-111
-103
52
133
66
-103
-139
13
105
68
-57
-114
-36
22
39
23
6
-76
-108
-38
101
115
-50
-175
-101
88
145
26
-112
-130
-21
107
126
3
-130
-123
12
136
109
-24
-125
-85
47
89
16
-89
-75
33
96
3
-107
-103
26
97
36
-57
-93
-21
53
51
25
-23
-46
-32
16
70
55
-65
-122
-7
150
115
-83
-190
-25
186
132
-54
-168
-68
111
159
-20
-161
-79
78
129
52
-80
-101
-13
110
118
7
-103
-112
20
159
137
-30
-120
-77
86
159
55
-79
-132
-17
116
151
23
-121
-148
-6
158
149
-49
-164
-108
74
156
51
-93
-102
25
123
65
-66
-127
9
146
123
-58
-137
-33
72
89
24
-40
-94
-25
62
90
11
-84
-87
0
113
100
-61
-184
-65
166
185
-44
-204
-112
105
182
42
-143
-171
30
175
86
-109
-158
-25
116
91
-35
-116
-79
9
56
58
8
-61
-132
-65
96
118
-45
-157
-91
68
126
33
-90
-125
-48
86
143
47
-138
-152
4
133
136
2
-171
-118
89
135
-9
-120
-84
72
124
-16
-157
-125
77
135
3
-74
-77
-18
41
71
22
-34
-87
-48
83
137
26
-136
-150
42
242
96
-164
-223
17
245
150
-134
-219
-28
175
155
-75
-178
-47
127
104
-3
-84
-53
40
64
46
28
-1
-60
-67
24
175
140
-76
-206
-30
216
179
-60
-213
-80
153
212
37
-185
-188
53
171
89
-42
-113
-66
21
76
79
-23
-71
-17
67
72
-38
-91
-6
131
110
-39
-127
-27
78
92
21
-70
-69
-23
55
60
11
-34
-81
-19
67
82
-10
-111
-73
62
150
43
-138
-143
32
146
99
-78
-201
-16
193
117
-117
-160
-20
90
117
6
-126
-126
12
121
58
-40
-100
-102
-31
72
88
-11
-121
-93
-9
99
104
-28
-170
-101
77
187
74
-172
-193
0
182
154
-9
-196
-139
89
176
8
-177
-115
94
158
-2
-179
-126
64
134
24
-74
-72
-26
31
62
33
-1
-71
-59
23
90
85
-70
-145
-12
163
125
-100
-209
-12
186
148
-82
-194
-32
152
136
-60
-144
-48
72
83
43
-19
-84
-36
75
104
30
-52
-87
-47
90
153
73
-73
-142
-8
138
139
-21
-141
-80
77
173
68
-128
-142
-13
110
129
17
-89
-125
-30
110
130
-4
-120
-81
95
142
7
-119
-75
95
151
30
-126
-121
64
169
54
-95
-118
-11
101
104
-32
-121
-50
59
82
35
-52
-111
-49
90
133
2
-160
-90
87
126
12
-98
-103
23
132
77
-94
-126
-8
89
70
-36
-85
-52
0
21
37
42
-1
-138
-143
19
186
94
-154
-221
-24
177
168
-84
-229
-81
155
171
-9
-129
-122
-8
107
106
22
-84
-119
-17
82
86
-16
-118
-61
80
97
-59
-168
-43
115
97
-26
-133
-71
75
105
13
-77
-55
7
46
65
4
-43
-77
-9
106
104
-54
-148
-63
120
153
-7
-155
-101
74
161
31
-147
-133
61
147
74
-53
-123
-48
98
143
38
-106
-91
9
89
111
61
-73
-117
13
145
94
-44
-95
-40
38
93
80
-9
-115
-122
51
189
92
-120
-182
-39