#4
154
-59
-90
122
232
128
-60
-82
95
250
139
-100
-134
89
247
159
-66
-136
50
209
189
22
-101
-31
121
245
150
-33
-90
40
208
225
62
-37
1
119
139
132
85
63
65
86
94
84
114
96
45
45
141
162
72
17
3
85
176
135
43
-41
-12
89
188
122
-50
-39
92
142
71
-22
-1
131
106
65
12
31
59
62
53
80
91
50
1
19
125
153
57
2
45
158
130
1
-31
124
243
143
-65
-78
103
273
189
-35
-128
41
255
217
-3
-116
-45
179
241
84
-117
-129
89
240
157
-73
-133
38
193
129
-68
-86
53
129
77
-7
-30
18
78
64
24
32
62
65
2
-9
81
115
98
8
-11
91
119
51
-11
46
116
102
45
-17
37
115
83
8
41
105
103
-10
-40
64
157
89
-60
-55
112
164
16
-137
-45
201
201
-70
-229
-39
231
219
-36
-221
-108
194
245
58
-187
-149
112
251
145
-92
-143
31
217
179
22
-98
-19
120
145
68
-2
34
96
56
51
61
91
88
-13
8
119
136
56
-50
1
104
130
61
-48
-11
72
74
30
-11
27
50
51
12
-16
26
74
52
6
59
68
-11
-46
1
94
134
30
-93
-24
119
138
56
-44
-36
101
179
72
-118
-53
176
258
88
-135
-123
125
287
174
-82
-162
-28
195
246
83
-157
-156
79
266
135
-122
-154
18
162
121
-29
-93
10
105
41
-76
-29
103
77
-37
-68
26
81
19
-42
-45
64
123
10
-64
-12
75
92
35
21
-12
15
80
63
29
13
41
27
26
53
71
-1
-33
42
124
92
-35
-72
33
103
89
-10
-52
7
66
66
-22
-80
-1
106
99
-66
-156
-16
124
110
-27
-134
-75
74
172
54
-132
-169
41
244
155
-99
-182
-1
206
173
-27
-108
-20
109
121
42
-26
-24
77
111
32
15
43
47
25
31
84
75
-2
-8
17
54
57
37
16
-19
-11
36
58
38
-11
-44
7
50
56
3
-44
18
78
46
-11
-44
6
66
46
25
-12
-17
27
34
86
48
-39
-52
76
181
73
-97
-78
113
227
115
-108
-156
61
270
179
-91
-187
-23
219
240
1
-194
-126
111
233
68
-137
-125
22
137
84
-26
-86
-46
80
60
-16
-56
-16
54
26
-28
-33
-23
10
6
18
27
-1
6
9
24
15
18
14
23
28
39
11
3
32
59
28
15
22
7
-23
44
71
21
-14
16
48
-13
-33
49
95
40
-75
-74
39
98
22
-95
-67
95
100
-58
-176
-81
153
156
-81
-207
-52
110
135
-1
-127
-90
41
123
92
-12
-134
-70
93
176
92
-94
-118
64
136
72
-34
-19
53
53
61
15
-6
25
17
49
69
35
31
-20
-29
47
101
36
-57
-65
29
82
46
-59
-63
29
82
33
-54
-79
14
81
49
-18
-24
-14
-6
28
16
32
43
-14
-50
-15
88
107
-41
-103
31
200
87
-140
-105
130
257
75
-159
-147
108
241
146
-72
-171
-40
167
205
26
-181
-153
86
237
103
-158
-191
15
194
110
-118
-129
37
93
-7
-117
-32
107
35
-94
-85
59
77
-34
-95
-35
80
80
-35
-85
-15
76
49
-29
-19
39
52
13
-46
19
97
46
-22
-23
9
49
28
5
-9
29
58
21
-27
-37
42
56
18
-37
-65
6
95
22
-116
-71
77
104
-41
-174
-76
78
148
16
-174
-138
28
158
85
-112
-177
-30
150
171
-26
-182
-114
140
225
33
-163
-105
110
155
18
-55
-24
62
46
3
29
38
28
-13
-14
91
85
-1
-50
-7
57
57
19
-19
-15
-19
4
19
26
20
-15
-21
-22
-4
36
7
-16
-8
32
23
-45
-51
6
60
64
-10
-60
-23
23
63
52
0
-54
-9
113
82
-45
-76
52
176
114
-76
-142
25
213
179
-65
-201
-48
190
212
-7
-181
-127
98
217
51
-162
-180
49
188
65
-105
-130
-11
87
48
-63
-88
2
54
-9
-44
-31
0
8
-19
-19
6
11
-1
-3
-27
-21
18
48
33
-10
-13
-12
24
57
25
13
-36
7
62
20
-4
-35
-6
86
49
-17
-66
-24
68
70
0
-86
-35
47
68
-25
-122
-40
87
113
-69
-210
-92
126
146
-28
-191
-145
51
174
88
-120
-217
-34
174
145
-12
-183
-111
102
193
76
-141
-114
43
142
84
-47
-60
43
103
37
-28
-30
39
59
10
24
46
40
-16
-61
19
80
77
-38
-92
-15
36
52
16
-28
-31
-22
-3
34
8
-29
-29
26
18
27
-14
-66
-28
48
71
20
-49
-77
-8
94
95
-22
-88
11
138
77
-73
-116
54
215
137
-98
-207
42
268
162
-115
-201
-2
226
170
-54
-183
-86
116
170
43
-153
-139
26
122
73
-89
-103
15
73
-13
-114
-30
72
38
-66
-96
-8
85
23
-97
-97
26
137
10
-109
-101
25
105
74
-37
-74
-30
60
73
27
-13
-27
-8
43
38
-19
-61
0
69
69
-7
-64
-32
22
73
41
-36
-69
-1
44
43
-54
-104
-16
93
70
-92
-188
-56
129
137
-57
-210
-123
91
145
35
-127
-166
-30
150
164
-38
-188
-90
138
198
-10
-147
-66
102
137
1
-76
1
91
42
-45
-2
80
58
-53
-55
73
132
36
-72
-77
31
142
63
-45
-110
-44
55
74
8
-59
-54
10
29
-2
-14
-48
-6
58
15
-22
-47
-33
9
58
24
-66
-36
44
62
12
-54
-35
35
92
85
-16
-97
-23
106
164
63
-109
-122
53
195
144
-79
-178
-48
190
206
-3
-181
-160
62
216
81
-129
-192
-5
142
116
-65
-153
-31
86
31
-78
-68
13
15
-26
-43
21
0
-58
-79
8
59
47
-33
-53
-49
1
76
66
-25
-59
-7
24
52
27
-18
-31
13
57
28
-29
-37
5
51
54
-11
-41
-10
17
31
10
10
-13
-52
-29
39
33
-67
-70
38
62
-33
-151
-129
71
183
13
-195
-209
30
191
91
-153
-200
2
149
109
-50
-127
-42
71
115
32
-55
-66
31
85
26
-22
7
57
14
-37
26
74
34
-45
-21
108
66
-27
-55
19
58
13
0
31
-29
-40
-33
32
58
12
-63
-61
28
51
-10
-88
-31
73
44
-19
-55
-24
12
7
27
18
-7
-40
-29
47
92
10
-82
-47
99
149
-21
-146
-17
194
194
-58
-186
-39
179
197
-25
-158
-64
111
154
43
-93
-105
-7
113
119
-43
-174
-83
86
118
0
-118
-66
53
52
-66
-77
35
47
-54
-84
-14
66
22
-97
-123
15
125
52
-78
-130
-10
111
83
-32
-80
-17
60
70
13
-64
-28
73
59
-17
-58
-22
33
38
9
15
15
-23
-47
-6
89
65
-72
-120
-17
125
51
-101
-113
14
99
1
-137
-117
8
113
19
-118
-152
-17
130
86
-92
-167
-61
104
149
8
-152
-119
53
174
91
-77
-111
5
105
59
-14
1
19
8
-12
14
74
58
-21
-74
36
137
56
-60
-101
27
108
78
-44
-97
-19
44
38
3
-32
-29
3
18
-20
-41
-11
33
28
-28
-17
2
-16
-46
12
72
14
-57
-54
23
101
30
-67
-55
52
128
25
-96
-43
78
163
55
-85
-88
37
157
109
-48
-118
-33
99
171
69
-115
-177
-41
162
180
-45
-202
-136
106
166
9
-140
-107
33
60
-19
-46
-14
-18
-40
-32
12
4
-33
-71
-28
44
75
-20
-91
-65
36
87
24
-67
-34
33
58
24
-31
-30
46
58
-11
-45
-1
34
22
-8
10
26
-5
-29
-18
35
27
17
-36
-58
21
49
-3
-78
-94
35
98
-4
-151
-143
36
139
64
-134
-205
-42
153
137
-69
-193
-86
116
177
-5
-175
-122
98
167
50
-84
-100
22
106
72
-7
-38
-2
43
64
37
-26
-24
4
43
69
35
7
-28
-20
8
46
52
21
-60
-82
5
69
61
-41
-90
-20
47
36
-48
-97
-13
77
88
-24
-113
-53
44
76
11
-44
-46
-34
23
78
52
-62
-81
28
123
97
-79
-133
48
195
133
-94
-169
-1
217
166
-52
-176
-62
157
182
13
-137
-129
36
160
85
-110
-172
-13
114
78
-65
-127
-15
68
39
-76
-80
14
8
-42
-24
3
-4
-47
-37
0
37
6
-41
-36
-19
23
32
30
-25
-23
-11
35
50
-4
-41
25
60
44
-32
-61
-1
66
31
-34
-2
34
20
-31
-40
45
75
-10
-91
-49
79
53
-84
-95
33
97
-16
-182
-133
59
162
52
-175
-211
11
187
111
-144
-235
-35
165
178
-56
-208
-86
132
177
19
-105
-80
45
88
20
-9
13
45
18
-19
-10
45
92
11
-61
18
95
66
-26
-85
-14
79
86
-8
-107
-76
54
102
22
-71
-69
-10
57
5
-59
-52
37
61
-26
-38
12
-4
-27
-44
21
58
18
-70
-61
60
107
19
-77
-61
107
112
-48
-119
39
170
126
-57
-144
-21
137
183
25
-135
-109
86
181
60
-117
-154
5
167
108
-76
-148
-57
75
67
-22
-53
-47
16
-5
-51
-40
37
3
-61
-49
30
28
-45
-83
-33
36
68
-9
-96
-77
34
103
39
-70
-57
25
49
13
28
1
-19
0
45
27
-33
-22
-1
26
63
20
-38
-68
-15
87
78
-23
-116
-70
57
94
5
-136
-110
71
123
-34
-184
-134
47
131
34
-111
-179
-59
108
120
-9
-154
-142
28
167
87
-102
-166
19
176
113
-94
-142
20
132
54
-55
-31
61
57
-11
-16
38
50
-16
-45
38
142
51
-74
-115
16
108
86
-9
-87
-51
20
74
-2
-79
-14
11
14
-12
-39
12
30
-2
-9
-22
-4
-5
-2
-4
-2
13
-8
-5
-21
2
35
35
-9
-39
53
95
10
-79
-43
118
154
26
-126
-94
116
205
78
-156
-167
74
241
125
-134
-216
-39
187
214
-74
-254
-92
141
154
-51
-139
-47
73
24
-75
-68
27
31
-45
-74
13
71
-44
-125
-35
75
74
-45
-96
-21
43
37
10
-14
3
-4
14
9
4
28
5
-8
8
19
12
-16
3
1
-2
51
31
-47
-64
36
91
2
-73
-59
13
52
13
-92
-74
62
67
-52
-134
-98
32
96
32
-99
-156
-40
93
118
-15
-170
-145
68
208
62
-159
-169
40
188
98
-86
-106
7
81
65
3
-11
-1
38
9
9
49
42
-26
-35
24
115
77
-56
-110
-5
100
103
-23
-100
-61
43
80
12
-67
-73
26
56
-25
-51
-41
21
35
24
-29
-38
-19
6
-22
7
54
5
-36
-67
11
112
57
-83
-80
77
143
-2
-119
-58
159
206
-11
-200
-93
174
265
17
-218
-148
139
260
66
-167
-188
-3
184
145
-71
-207
-89
109
150
4
-139
-99
38
92
-22
-97
-64
5
33
-11
-37
-33
-1
1
-59
-59
40
95
2
-131
-71
83
119
16
-105
-62
49
120
48
-86
-50
79
67
-10
-68
-18
47
45
4
-18
15
24
-44
-19
40
37
-8
-69
-44
61
69
-54
-139
-21
97
26
-116
-141
-24
125
87
-86
-191
-80
102
143
-8
-204
-135
100
184
61
-156
-164
25
194
126
-82
-160
-14
138
90
-37
-63
40
79
-20
-41
51
105
-3
-105
-1
129
107
-34
-115
-20
82
74
-14
-56
-22
-7
4
18
5
-6
-39
-17
26
12
-59
-54
48
73
-13
-57
-59
-28
33
45
9
-1
-72
-30
61
82
5
-82
-43
109
113
-25
-119
-12
149
166
-18
-159
-60
133
181
68
-133
-123
62
180
96
-88
-156
-29
123
131
-24
-177
-73
92
95
-30
-100
-26
42
5
-53
-60
26
35
-58
-77
5
54
-32
-86
-35
4
49
33
-23
-59
-71
17
84
70
-14
-94
-18
86
59
-29
-29
6
34
15
2
-5
3
-5
3
20
28
-17
-29
11
39
22
-37
-76
-32
66
84
-74
-132
-4
107
23
-154
-154
2
142
67
-137
-175
-23
138
92
-84
-181
-74
84
152
31
-146
-118
51
169
61
-105
-74
52
80
24
-57
12
83
32
-44
-47
66
118
20
-96
-35
121
136
6
-127
-91
66
132
42
-55
-97
-34
74
80
-33
-96
-29
39
23
-24
-36
-23
12
37
19
-43
-77
7
44
25
11
-32
-21
-25
23
73
18
-56
-51
87
110
-19
-103
-25
152
174
-13
-141
-89
114
214
71
-136
-156
62
197
143
-110
-215
-53
186
186
-50
-225
-128
92
179
11
-122
-107
13
51
-9
-52
-33
3
-5
-45
-42
1
32
-24
-77
-61
37
79
-12
-90
-67
29
99
33
-68
-70
26
92
45
-53
-39
42
59
-10
-65
-32
70
26
-16
22
12
-15
-51
1
74
42
-61
-99
-2
76
22
-61
-105
-18
97
45
-129
-169
-18
143
87
-122
-193
-65
114
145
-32
-175
-123
41
151
70
-96
-133
-31
142
145
-2
-148
-75
65
99
71
-6
-48
-21
28
59
59
33
-45
-61
47
123
75
-62
-108
-9
88
112
5
-96
-85
30
77
7
-59
-57
26
27
-18
-42
-40
18
21
28
-12
-42
-25
-19
10
18
9
5
-38
-15
33
44
25
-34
-36
25
103
26
-97
-30
115
172
22
-132
-85
94
207
70
-131
-128
56
174
106
-78
-165
-52
138
134
-21
-154
-96
33
102
47
-75
-100
-17
35
-4
-49
-6
9
-21
-68
-38
53
36
-68
-103
-11
89
48
-54
-96
-18
57
55
11
-33
-35
13
49
25
-25
-2
53
48
-40
-56
27
40
13
-30
22
48
-7
-62
-21
62
67
-57
-93
-11
82
61
-92
-149
2
148
39
-161
-189
-4
176
73
-136
-198
-44
118
137
-44
-195
-131
67
184
63
-133
-159
21
181
123
-78
-149
-43
115
116
3
-55
-16
31
46
40
17
-8
10
10
40
82
15
-70
-30
23
58
42
-14
-17
-28
-25
42
41
-21
-69
-29
57
9
-62
-39
13
52
15
-25
-45
-28
13
7
-2
12
7
-8
-29
-2
54
44
-11
-66
16
143
61
-103
-103
98
228
77
-157
-150
91
238
98
-122
-152
-2
204
141
-80
-176
-60
136
150
-28
-164
-98
86
103
-7
-85
-71
12
5
-33
-22
1
-2
-40
-42
-18
31
-7
-50
-50
-14
24
31
-2
-57
-52
28
66
40
-46
-60
26
53
22
-20
-13
24
47
12
-41
-20
19
-10
15
50
53
-26
-116
-26
127
91
-70
-155
-32
129
98
-92
-180
-17
145
69
-155
-206
-24
180
116
-125
-239
-89
164
157
-79
-196
-95
117
145
0
-127
-117
57
148
60
-98
-110
34
113
56
-49
-40
72
68
-23
-20
20
68
28
-23
-10
65
65
15
-86
-54
54
101
50
-53
-95
-33
53
73
4
-78
-51
14
52
-6
-63
-39
28
48
2
-18
-26
-33
-22
11
61
22
-84
-67
43
125
27
-74
-72
47
133
36
-107
-70
114
187
33
-131
-113
119
179
47
-102
-100
52
136
92
-29
-148
-82
89
163
35
-164
-161
33
178
69
-141
-148
20
107
5
-111
-87
37
56
-20
-62
-38
0
1
-27
-34
13
11
-31
-23
-20
2
38
44
3
-53
-26
56
62
-5
-27
-4
45
50
-18
-81
-22
65
75
6
-47
-37
6
40
32
13
-31
-61
-20
55
60
-67
-133
13
125
18
-172
-159
41
158
37
-144
-165
-11
126
81
-83
-142
-42
53
97
42
-78
-132
-9
148
131
-48
-147
-32
99
115
-8
-64
2
70
38
-10
-15
42
70
7
-49
12
99
52
-38
-105
-12
152
91
-67
-135
-30
101
65
-42
-95
-14
43
22
-27
-72
-24
47
67
-15
-74
-48
19
29
9
13
-46
-38
0
60
53
-14
-50
-2
47
73
-8
-59
3
95
121
9
-104
-59
93
152
70
-78
-110
-1
144
100
-7
-133
-108
92
158
11
-149
-111
46
125
1
-98
-52
10
15
-38
-55
27
33
-22
-103
-15
50
5
-79
-80
-6
49
74
-9
-116
-87
48
127
57
-63
-90
4
79
55
-15
-42
-4
58
32
-37
-40
23
35
14
7
-5
28
-25
-22
35
36
2
-44
-63
13
55
4
-108
-83
78
89
-62
-182
-74
98
97
-57
-166
-100
104
142
-16
-197
-132
92
159
37
-117
-126
18
124
77
-34
-76
-4
61
5
-20
32
75
52
-72
-51
80
144
28
-133
-63
118
146
32
-110
-123
43
143
84
-93
-124
18
83
31
-51
-48
0
26
-18
-30
-8
-10
1
16
20
-22
-33
-21
-20
27
57
-5
-57
-45
43
95
43
-84
-90
67
153
67
-128
-79
123
166
41
-96
-86
50
136
117
-35
-127
-48
125
179
12
-198
-125
98
197
53
-186
-177
47
194
52
-126
-131
9
59
5
-70
-21
41
-23
-83
3
63
-7
-117
-100
42
88
11
-67
-61
-18
32
48
28
-21
-63
4
80
37
-30
-49
55
87
-13
-77
-16
33
31
-5
-12
30
24
-28
-18
8
35
6
-53
-51
9
80
-9
-121
-47
77
42
-93
-155
-23
86
74
-64
-178
-78
111
115
-47
-145
-99
18
126
79
-63
-126
-36
98
135
-9
-101
-80
49
144
50
-82
-59
67
91
-1
-47
40
77
-15
-41
31
99
49
-71
-98
27
124
54
-54
-98
-10
55
47
-26
-79
-24
37
14
-41
-31
10
29
7
-14
-2
-33
-36
13
31
38
-27
-53
-12
45
69
-5
-55
-44
45
135
29
-100
-70
87
187
57
-100
-101
42
173
116
-56
-143
-30
154
173
2
-178
-119
74
169
61
-140
-163
4
137
106
-88
-177
-12
136
24
-122
-76
39
44
-44
-56
-19
26
-14
-92
-26
58
69
-17
-88
-74
23
104
67
-62
-99
4
84
57
-26
-41
19
45
22
-29
-25
19
37
14
9
-1
-4
-33
-4
56
25
-19
-80
-67
50
84
1
-127
-78
74
77
-53
-169
-97
73
130
-14
-181
-117
62
133
14
-145
-133
18
147
100
-86
-161
-23
126
117
-19
-104
-31
79
75
7
-57
12
81
39
-30
-7
64
59
-34
-64
57
121
57
-96
-114
25
127
103
-56
-135
-48
93
116
-45
-132
-50
60
70
-9
-84
-38
21
41
1
-28
-12
-43
-15
22
45
7
-54
-36
6
68
69
-25
-98
-9
127
108
-67
-126
51
216
113
-127
-162
52
216
149
-89
-189
-24
181
147
-33
-163
-81
106
162
-6
-163
-116
43
118
65
-94
-142
-4
97
8
-109
-39
60
19
-88
-75
37
39
-58
-80
-19
60
36
-24
-45
-40
-3
55
54
-5
-60
-29
54
60
18
-23
-1
48
24
-35
-34
9
61
24
-34
-13
13
22
-19
2
41
7
-45
-78
20
111
-1
-161
-100
93
128
-48
-218
-115
119
175
-39
-229
-153
103
201
7
-199
-161
40
161
95
-86
-145
-25
105
137
22
-107
-122
59
135
48
-46
-24
43
16
-16
61
67
14
-65
-53
71
122
54
-65
-108
-8
111
137
-39
-163
-81
101
150
-19
-143
-93
68
101
-35
-121
-47
91
73
-49
-49
-12
9
-15
-11
52
32
-51
-81
-12
102
90
-36
-130
1
166
93
-104
-124
75
210
103
-111
-166
40
227
170
-90
-198
-48
201
180
-49
-168
-70
94
149
4
-126
-112
3
93
73
-44
-125
-43
62
35
-48
-66
4
26
-44
-82
-20
56
21
-63
-84
-22
86
78
-57
-142
-49
110
156
-12
-151
-46
91
96
-11
-82
11
69
41
-30
-52
26
29
6
16
24
-3
-45
-7
29
35
21
-62
-65
17
72
10
-118
-71
74
70
-70
-162
-83
80
114
-10
-159
-162
56
170
37
-159
-166
23
155
80
-85
-137
-14
120
99
-15
-76
-48
38
81
47
-14
-19
35
10
-16
15
82
73
-33
-75
32
115
86
-56
-121
-28
106
124
1
-132
-90
48
114
6
-106
-66
40
77
-4
-84
-46
42
59
6
-64
-57
-13
47
10
5
6
-15
-12
-10
-6
50
74
-41
-76
61
134
2
-118
-11
168
139
-55
-147
2
178
164
-59
-168
-39
157
155
1
-162
-97
66
138
50
-132
-142
4
142
79
-107
-112
-26
36
16
-24
-13
0
-55
-72
14
66
-10
-97
-64
-16
36
35
-8
-35
-38
3
56
42
-16
-63
-26
74
69
-17
-64
-28
95
72
-40
-89
-16
83
56
0
-21
-27
31
-2
-33
20
60
-16
-105
-61
90
102
-98
-164
5
148
33
-199
-165
70
182
17
-215
-185
53
206
48
-191
-176
37
180
108
-106
-170
-34
151
159
-20
-152
-72
104
132
24
-66
-37
41
52
17
3
24
30
1
13
12
61
48
-24
-73
-27
91
86
-8
-97
-61
44
75
13
-78
-97
35
94
-7
-93
-66
33
81
28
-46
-76
-6
25
3
35
4
-41
-44
9
72
57
-51
-80
15
128
85
-81
-92
37
177
115
-65
-139
7
189
133
-62
-155
-42
151
164
-2
-144
-118
63
165
61
-133
-148
0
121
55
-81
-94
-4
56
-14
-73
-24
25
6
-44
-44
-11
13
-21
-64
-83
19
89
49
-75
-111
20
85
66
-19
-77
-21
49
60
-7
-26
12
33
48
-2
-70
2
35
3
33
40
-13
-68
-37
71
85
12
-107
-117
47
126
-1
-145
-92
90
110
-57
-174
-106
75
134
-30
-206
-121
89
138
-13
-140
-104
57
99
21
-54
-93
-31
82
107
12
-86
-65
63
98
41
-33
-52
33
90
-4
-46
46
101
0
-98
-25
129
160
-43
-183
-66
126
190
-8
-186
-107
88
130
-13
-108
-50
40
61
-53
-67
15
51
8
-28
-8
3
-27
-47
-1
86
53
-74
-113
9
129
91
-70
-132
19
157
100
-87
-122
67
204
79
-116
-134
78
182
82
-56
-110
-11
117
124
-1
-88
-93
22
125
58
-63
-125
-52
79
108
-43
-130
-24
71
-3
-73
-56
70
37
-129
-95
53
117
-39
-145
-81
56
116
20
-101
-118
-15
117
85
-14
-100
-42
75
99
23
-68
-46
53
61
-3
-50
-15
27
22
9
31
12
-41
-28
11
81
22
-118
-92
46
156
26
-202
-151
94
181
-4
-248
-162
59
195
58
-201
-227
13
192
114
-125
-219
-54
156
149
-51
-186
-51
152
147
-40
-132
-33
91
72
-11
-16
62
38
-21
-35
20
98
42
-29
-51
31
107
65
-23
-92
-43
72
98
57
-83
-133
6
115
64
-75
-120
-6
92
55
-73
-95
-1
70
50
-33
-93
-49
50
61
37
-35
-77
-20
34
72
54
-44
-81
1
123
108
-63
-107
12
168
142
-20
-155
-77
162
209
22
-177
-122
116
200
59
-141
-143
50
161
45
-156
-100
51
88
-16
-71
-38
-2
15
-41
-54
3
58
41
-120
-135
29
128
37
-156
-178
25
159
117
-77
-206
-67
155
182
-13
-181
-113
105
163
25
-113
-74
86
97
2
-100
-26
42
76
37
-36
-32
-2
-7
25
37
18
-33
-103
-14
86
65
-81
-146
7
144
7
-178
-144
60
144
4
-175
-139
57
122
9
-89
-89
-15
69
50
-5
-62
-65
46
103
70
-65
-125
18
109
85
-3
-64
11
69
17
-14
26
66
-3
-64
13
122
108
-47
-156
-19
149
136
-63
-159
-59
112
119
-42
-129
-43
67
62
-27
-94
-35
55
49
-7
-71
-17
34
-7
-27
-7
58
13
-86
-31
70
114
-24
-124
-33
134
130
-61
-135
30
193
113
-84
-144
50
164
93
-53
-92
-12
82
101
24
-84
-98
8
111
108
-56
-164
-73
98
129
-43
-140
-50
60
23
-44
-35
22
-6
-87
-67
68
81
-51
-159
-93
102
149
-8
-160
-111
87
142
36
-77
-116
15
97
65
-49
-53
41
92
19
-81
-51
72
66
-19
-49
8
61
20
-28
-35
32
32
-29
-64
-15
75
39
-104
-112
7
99
-14
-131
-84
37
73
-3
-113
-94
-3
70
34
-57
-109
-65
56
143
27
-140
-102
73
177
38
-140
-108
67
146
27
-80
-2
79
48
-47
-41
90
96
-28
-89
6
119
95
-46
-88
-13
76
78
-4
-66
-71
-2
62
29
-36
-57
-1
40
-19
-40
-26
-8
13
24
21
-25
-40
-29
14
53
29
-47
-73
-10
68
89
11
-105
-60
97
149
3
-110
-21
134
162
-10
-132
-60
107
186
52
-136
-119
76
214
48
-124
-114
16
136
55
-74
-110
-27
70
60
-28
-90
-47
40
2
-39
-21
40
0
-107
-67
42
81
-8
-114
-84
18
93
28
-77
-101
-3
102
57
-24
-63
8
40
28
-13
-12
36
26
-1
-2
-26
4
34
12
10
-2
-12
2
18
5
-17
7
5
-51
-34
46
48
-61
-114
-9
90
23
-117
-139
-6
125
51
-125
-182
-27
158
84
-128
-180
-14
149
104
-59
-141
-56
127
140
-2
-124
-74
58
100
47
-38
-35
51
56
-2
-31
27
70
15
-30
22
61
45
-9
-49
-11
34
64
24
-28
-66
-32
41
51
-15
-47
-26
5
12
-22
-37
14
46
18
-30
-44
-38
10
34
34
19
-65
-63
18
82
70
-38
-107
10
138
92
-70
-88
25
156
118
-56
-140
-8
179
145
-45
-131
-28
110
127
44
-109
-125
24
147
102
-88
-180
-66
104
123
-9
-115
-84
1
63
27
-54
-53
16
-16
-58
-36
20
35
-45
-113
-67
89
127
-22
-154
-95
99
163
16
-119
-87
62
105
-1
-47
-29
64
70
-36
-67
4
56
23
-1
25
24
-35
-53
17
107
26
-100
-109
11
106
68
-104
-145
5
120
33
-141
-152
13
127
47
-147
-150
0
79
91
-46
-151
-74
87
143
2
-128
-109
59
155
47
-78
-94
37
104
26
-46
-13
82
55
-62
-53
100
149
-50
-172
11
215
137
-93
-167
-40
157
143
-43
-119
-72
39
91
31
-81
-88
14
67
-5
-53
-28
11
15
-10
10
2
-45
-71
20
86
34
-75
-99
4
101
98
-53
-99
-14
115
101
-41
-98
25
137
125
-49
-125
-9
145
163
-14
-138
-66
79
170
47
-98
-160
-5
175
106
-85
-188
-52
127
100
-51
-102
-37
19
12
-26
-44
5
22
-60
-84
35
53
-18
-90
-69
5
68
28
-23
-61
-46
26
90
46
-70
-63
41
74
28
-30
-16
21
48
38
-58
-45
25
56
47
4
-56
-32
19
42
32
-17
-9
-26
-46
10
58
-13
-104
-33
82
22
-82
-132
-46
101
55
-73
-154
-44
101
80
-68
-150
-45
108
87
-29
-117
-25
87
105
12
-68
-66
0
65
65
19
-20
7
30
8
-14
55
75
-22
-71
24
84
71
-1
-87
-36
49
105
51
-85
-112
-13
113
58
-70
-101
-15
80
56
-77
-99
2
98
17
-65
-45
19
25
-25
-1
22
-4
-45
-28
29
82
33
-85
-53
98
118
-22
-122
3
176
148
-59
-147
-13
179
149
-50
-146
-36
125
146
11
-113
-79
36
91
33
-11
-80
-69
4
56
53
-45
-86
-47
6
38
8
7
-36
-105
-55
38
72
-19
-93
-70
9
72
39
-48
-69
-56
35
96
29
-92
-55
70
86
-10
-61
-9
79
50
-43
-51
26
38
-1
-9
12
35
7
-45
-18
36
50
-8
-95
-72
75
114
-83
-178
-15
158
66
-177
-204
26
191
58
-195
-192
10
154
80
-117
-149
-39
101
119
-14
-131
-88
76
137
41
-84
-64
42
74
31
-26
-3
46
32
-26
-33
73
94
-35
-76
4
140
111
-69
-117
4
82
72
17
-62
-93
-5
72
61
-47
-89
-9
78
30
-60
-53
9
30
-2
-24
3
5
-8
-62
7
74
23
-62
-83
31
138
64
-94
-116
44
175
47
-93
-70
112
175
8
-108
-81
90
196
61
-121
-130
67
198
78
-118
-141
3
127
85
-60
-125
-61
78
102
-18
-112
-77
38
33
-42
-37
8
14
-45
-96
26
79
-21
-103
-89
31
76
25
-38
-73
-57
27
99
67
-35
-106
-46
81
105
1
-71
-23
42
44
-9
-32
9
29
42
12
-39
-26
8
23
12
35
-3
-66
-63
35
95
6
-162
-83
62
103
-57
-170
-67
85
91
-63
-166
-75
98
117
-62
-157
-87
81
131
15
-135
-109
75
173
51
-104
-114
20
123
72
2
-63
-8
44
43
11
1
52
3
-29
14
77
101
3
-92
-61
49
101
43
-71
-94
5
56
42
-33
-63
-34
14
41
2
-64
-26
22
49
5
-51
-38
-23
29
52
14
-40
-81
6
81
85
8
-112
-86
97
173
18
-163
-42
177
199
-32
-167
-63
152
191
47
-141
-134
69
199
102
-102
-189
-13
172
130
-85
-204
-70
131
139
-26
-130
-74
54
50
-56
-74
34
39
-72
-85
17
63
-6
-108
-94
14
112
32
-59
-104
-21
84
103
8
-92
-58
59
88
2
-56
-15
56
84
-14
-82
-34
35
54
34
-1
-1
-37
-8
26
52
21
-45
-85
-47
71
102
-51
-149
-71
86
93
-90
-191
-61
134
124
-77
-228
-76
120
108
-46
-154
-81
51
113
49
-75
-121
-14
155
121
-62
-138
-16
121
94
-21
-32
0
19
6
12
46
70
10
-52
-23
77
103
39
-82
-111
32
154
72
-85
-151
-26
115
86
-65
-114
-19
87
34
-52
-73
-21
75
66
-30
-86
-40
46
26
-7
12
-9
-53
-51
47
104
30
-72
-75
55
146
40
-104
-53
120
163
21
-137
-73
132
172
15
-128
-61
85
145
53
-91
-118
-10
135
108
-68
-168
-52
118
84
-59
-99
-5
50
-34
-80
-31
86
76
-109
-188
-9
176
82
-148
-220
-24
194
147
-83
-199
-84
128
147
7
-127
-60
69
78
9
-47
-17
63
34
-29
-36
-8
45
25
20
-9
-11
-13
-5
40
23
-28
-42
-47
8
64
25
-80
-106
1
99
24
-120
-151
-24
99
68
-83
-136
-56
96
71
-73
-108
-39
75
85
-1
-76
-100
20
144
113
-67
-149
-38
138
125
-21
-101
10
103
47
-50
-13
79
45
-33
-10
73
74
13
-66
-66
34
103
64
-54
-101
-29
69
90
-40
-105
-17
66
39
-53
-54
1
35
16
-25
-25
-30
10
43
6
-21
-44
-4
32
16
18
3
1
-30
44
69
1
-57
-26
105
136
34
-100
-91
93
173
60
-98
-117
48
160
101
-74
-140
-39
96
122
-26
-148
-88
50
105
13
-69
-70
-9
14
-13
-30
5
13
-70
-84
20
97
-15
-147
-101
69
120
9
-108
-75
8
45
60
-2
-34
-24
17
51
22
-20
-7
27
42
-7
-30
1
3
14
14
46
24
-27
-42
-7
46
22
-11
-65
-34
24
72
-18
-129
-46
71
54
-58
-132
-65
45
94
-24
-177
-110
76
153
-11
-176
-122
67
163
39
-142
-124
54
159
61
-96
-83
44
97
32
-15
-20
39
44
-25
-30
59
116
-9
-106
-6
125
111
-20
-86
-55
28
113
73
-36
-124
-73
73
118
3
-142
-74
110
52
-75
-101
14
104
13
-53
-43
5
12
-41
-25
75
42
-94
-75
56
113
33
-73
-91
31
134
68
-61
-57
63
125
50
-71
-56
42
123
83
-28
-83
-18
102
116
-16
-126
-72
81
124
-17
-129
-73
56
104
-9
-108
-32
32
-3
-65
-36
39
56
-65
-144
-11
102
53
-72
-153
-53
115
93
-34
-124
-65
62
114
49
-80
-73
37
71
29
-49
-9
64
24
-43
-40
66
61
-44
-72
62
89
-19
-88
-50
99
117
-40
-163
-74
89
134
-13
-164
-88
94
77
-74
-160
-61
98
74
-86
-129
-45
81
47
-44
-80
-69
-14
59
106
-11
-160
-73
124
181
-12
-150
-43
90
115
-1
-75
7
60
17
-18
22
77
28
-49
-32
52
97
67
-81
-137
23
166
112
-90
-135
-24
68
63
-40
-54
-38
10
24
-1
-39
-35
14
26
33
-5
-39
-53
-24
30
88
-1
-97
-64
75
97
23
-97
-77
88
160
13
-123
-45
127
155
8
-107
-57
94
144
52
-70
-48
5
60
100
31
-96
-94
44
133
18
-146
-98
67
111
18
-106
-106
28
60
-5
-73
-45
20
0
-64
-34
26
30
-35
-103
-61
64
118
-18
-119
-98
50
133
20
-75
-53
30
59
41
-20
-23
8
50
26
-38
-36
4
13
17
49
9
-56
-31
26
65
29
-49
-95
-42
43
127
14
-156
-140
53
130
6
-179
-139
42
137
4
-164
-173
30
177
60
-139
-167
-4
164
82
-116
-151
18
175
88
-94
-119
20
128
77
-62
-36
55
55
14
-66
3
110
63
-50
-54
48
127
68
-75
-149
-4
166
131
-51
-178
-82
101
123
-10
-120
-61
38
60
-7
-59
-37
25
42
8
-30
-41
-36
7
38
42
-7
-70
-51
11
105
46
-61
-81
28
134
44
-83
-54
73
158
46
-77
-65
47
153
94
-63
-145
20
172
127
-82
-183
-14
163
112
-86
-149
-30
73
77
-20
-85
-42
-5
-10
-39
4
45
0
-63
-93
-21
36
48
4
-99
-124
16
132
61
-93
-142
-10
142
113
-51
-131
-23
103
97
-2
-105
-27
92
57
-18
-68
-8
60
53
-14
-30
11
25
-10
-2
22
32
-43
-85
12
57
13
-87
-78
63
47
-76
-122
-41
75
48
-54
-104
-79
16
73
29
-75
-106
-13
82
74
-42
-100
-25
106
107
7
-114
-71
81
92
34
-29
-30
40
30
-3
27
81
34
-73
-52
61
118
69
-72
-98
-7
119
80
-58
-112
-18
96
65
-69
-118
1
85
2
-73
-51
36
48
-2
-21
-45
-6
7
-22
-1
27
13
-19
-52
-13
53
86
-9
-76
-26
90
96
-23
-99
28
171
90
-97
-112
69
162
82
-54
-107
7
120
88
-27
-120
-48
80
102
5
-123
-79
44
76
29
-53
-74
-34
11
33
-11
-42
-23
-23
-41
-41
-1
49
18
-75
-97
11
82
51
-73
-119
-38
130
142
-39
-140
-47
107
114
-9
-94
-29
92
76
-30
-66
-24
53
61
-3
-22
-20
2
46
25
-22
-32
-20
-13
3
30
4
-72
-79
33
59
-23
-99
-78
-18
68
49
-104
-134
-26
73
57
-43
-97
-42
67
127
-40
-138
-51
95
156
-7
-127
-40
79
82
2
-9
9
13
-11
-15
80
108
-10
-91
-35
98
142
27
-112
-91
35
124
68
-45
-111
-64
74
87
-19
-103
-51
61
46
-53
-61
-10
50
33
-11
-56
-40
2
20
-5
24
14
-31
-66
-9
85
80
-22
-96
-20
124
102
-51
-92
35
165
108
-88
-110
37
172
98
-82
-131
26
167
111
-85
-122
-26
77
107
-5
-105
-106
24
116
43
-75
-105
-9
41
-6
-49
-25
39
-3
-86
-53
41
47
-19
-103
-77
47
98
2
-83
-82
11
71
75
-5
-74
-44
51
96
-5
-80
-2
65
42
-19
-35
-6
28
27
16
2
-9
-28
-7
20
44
12
-74
-74
11
108
38
-124
-131
33
126
-8
-171
-137
63
140
-14
-173
-131
86
124
-23
-124
-96
43
103
20
-67
-95
8
112
63
-23
-51
-27
39
57
35
-10
-7
8
8
10
76
61
-26
-63
16
105
86
-2
-81
-68
40
96
69
-42
-87
-36
54
57
10
-71
-51
-2
27
9
-29
-26
10
21
7
-35
-19
-4
13
-14
3
20
-33
-42
-11
100
83
-50
-120
14
148
91
-77
-110
38
197
105
-81
-119
42
149
99
-23
-95
-10
84
94
10
-69
-72
24
100
47
-85
-125
-16
109
94
-70
-153
-45
101
57
-88
-95
12
68
-15
-91
-47
53
39
-79
-113
-19
108
82
-63
-131
-56
93
140
-13
-114
-54
71
105
8
-66
-48
62
72
-6
-62
-21
38
38
26
12
-2
-50
-27
48
65
-17
-83
-61
45
79
-10
-114
-83
56
62
-40
-129
-78
21
79
25
-120
-118
-22
95
59
-79
-119
-27
105
81
-79
-103
-8
101
117
-28
-123
-38
113
90
-38
-47
24
85
2
-44
14
104
33
-65
-18
70
67
11
-33
-39
13
46
55
12
-65
-78
37
72
4
-53
-47
-12
32
12
-34
-43
-9
14
33
25
-37
-82
-25
77
68
-36
-118
-36
93
101
-24
-76
-33
59
109
27
-72
-31
47
122
87
-36
-75
9
116
106
-23
-81
-42
95
132
9
-107
-98
70
144
17
-132
-119
42
93
34
-84
-83
19
45
-3
-73
-70
31
60
-64
-105
9
88
36
-126
-148
45
150
63
-145
-143
52
149
57
-89
-81
35
74
29
-39
-32
28
59
16
-22
-23
-5
31
19
9
20
0
-49
-3
57
46
-52
-72
-19
30
73
4
-105
-110
52
91
-37
-154
-94
76
89
-56
-126
-70
58
57
-28
-101
-80
33
83
25
-70
-78
7
91
102
-20
-99
-46
64
94
39
-35
-28
17
42
16
20
58
24
-58
-34
67
105
62
-58
-104
-14
99
122
5
-118
-95
-1
105
67
-55
-114
-32
89
49
-63
-107
2
96
62
-62
-107
1
56
29
-6
-26
-38
-10
16
40
47
7
-74
-41
103
136
-9
-113
-35
147
142
-16
-115
-8
117
121
-7
-74
-27
49
76
37
-24
-59
-17
72
41
-67
-79
5
64
15
-54
-38
14
11
-62
-58
25
82
-7
-144
-119
38
136
41
-140
-174
-14
165
120
-103
-186
-30
155
112
-39
-119
-27
94
73
-7
-56
-12
51
35
-23
-28
18
29
9
-21
32
52
-32
-73
8
102
48
-96
-122
-8
128
63
-115
-147
0
123
14
-157
-104
38
83
-42
-131
-38
45
37
-29
-88
-56
40
69
-4
-29
-41
5
36
56
15
-31
-29
21
45
23
20
33
10
-15
-44
24
130
79
-54
-98
26
148
87
-42
-110
-49
78
125
39
-110
-133
4
136
77
-80
-131
2
83
36
-45
-50
-14
44
10
-6
-43
-33
2
15
45
3
-70
-39
-1
90
114
-30
-116
-41
116
118
-20
-101
-8
126
101
-18
-72
-22
128
126
-22
-92
-49
85
119
20
-88
-89
25
132
55
-128
-137
25
124
42
-84
-107
-32
61
37
-72
-60
15
29
-41
-89
-16
65
35
-99
-126
-4
103
72
-67
-128
-23
95
101
-23
-88
-32
58
74
8
-41
-21
26
32
9
-7
-13
-5
-6
72
58
-53
-87
-44
94
113
-14
-124
-106
43
130
27
-136
-134
53
121
4
-145
-161
24
120
64
-112
-186
-40
132
83
-84
-141
-37
109
83
-43
-88
-40
81
97
10
-76
-62
42
104
37
-44
-13
58
26
-26
3
77
81
-53
-84
39
152
88
-114
-121
38
137
83
-41
-123
-46
53
75
1
-61
-49
-2
16
-1
-23
-8
10
-12
-13
15
12
-39
-34
3
39
22
-31
-48
-10
43
100
13
-122
-62
114
151
-3
-113
-27
130
175
-18
-179
-40
184
191
-46
-170
-50
150
151
-18
-144
-80
81
140
38
-136
-135
27
141
50
-117
-108
22
68
-30
-105
-31
81
57
-112
-137
26
96
19
-86
-122
-12
89
94
-26
-131
-91
58
164
64
-123
-119
42
125
35
-60
-33
41
84
-21
-51
-15
39
24
13
24
-7
-41
-22
34
90
17
-101
-109
6
144
53
-159
-153
57
164
-17
-208
-129
99
120
-37
-153
-95
48
80
-17
-91
-62
13
51
29
-28
-71
-9
78
96
-13
-86
-54
59
89
21
-22
-1
49
28
-42
-5
104
78
-46
-81
30
99
88
2
-82
-79
62
135
50
-105
-166
3
161
78
-102
-140
29
121
-8
-86
-86
49
91
-26
-69
-12
42
2
-72
-5
76
36
-66
-83
34
133
51
-101
-81
80
152
4
-132
-49
153
188
-19
-129
-31
129
144
-8
-111
-49
107
127
-24
-84
-41
19
91
40
-50
-113
-43
80
72
-18
-81
-72
4
24
16
-30
-31
-5
-51
-52
23
31
-12
-80
-95
-19
101
81
-43
-134
-59
81
132
22
-92
-83
45
111
51
-83
-55
45
77
25
-56
-47
4
59
76
-10
-70
-59
32
80
43
-41
-84
-43
40
60
6
-106
-113
46
109
-10
-139
-109
-1
74
53
-82
-148
-50
100
68
-49
-130
-55
83
74
-13
-88
-33
72
89
-4
-77
-44
56
80
14
-33
-1
63
28
-46
-41
123
139
-62
-134
-3
171
137
-42
-185
-48
135
157
-7
-154
-97
64
126
26
-93
-76
-1
59
30
-45
-61
5
26
29
-5
-18
-36
-24
4
26
41
-19
-57
-24
32
75
50
-82
-52
51
100
26
-57
-9
100
113
13
-103
-56
126
165
8
-143
-71
128
156
-3
-151
-69
97
106
-3
-107
-80
30
63
33
-70
-74
5
36
-31
-72
-21
37
12
-90
-49
43
46
-48
-116
-62
47
75
27
-59
-66
-42
25
94
49
-56
-105
0
129
78
-25
-87
3
80
33
-29
-56
-25
38
91
48
-32
-72
-41
56
69
2
-61
-54
6
70
27
-98
-126
31
124
11
-161
-140
21
104
52
-119
-137
-21
87
48
-92
-105
13
66
53
-50
-52
26
47
7
-8
23
10
-12
-28
38
96
50
-54
-56
31
83
54
7
-50
-12
22
83
83
-2
-70
-78
31
119
67
-47
-145
-80
100
155
6
-191
-96
119
113
-63
-136
-34
97
53
-40
-80
-12
31
-1
-27
15
31
-5
-64
-24
95
90
-48
-118
10
159
62
-89
-52
86
141
16
-96
-34
103
148
15
-131
-52
110
153
-25
-129
-57
71
109
-8
-113
-84
33
86
19
-47
-73
-20
31
-4
-54
-29
37
27
-95
-100
46
60
-5
-94
-89
30
59
20
-8
-67
-58
-8
99
117
-63
-129
-22
118
127
-39
-104
-8
96
79
-27
-88
-44
54
109
47
-60
-90
-12
94
82
-16
-79
-101
0
118
72
-70
-172
-51
118
84
-116
-178
-24
109
53
-87
-141
-36
91
44
-52
-104
-52
49
91
12
-63
-89
22
110
71
-40
-91
-14
80
85
27
-48
-26
51
15
-16
45
80
1
-58
-14
66
113
36
-96
-79
28
140
80
-100
-169
-14
157
100
-114
-173
-6
164
69
-128
-148
30
148
23
-98
-97
16
73
9
-28
-32
-9
-4
17
32
29
18
-42
-36
43
95
60
-67
-50
71
142
83
-83
-115
62
179
76
-75
-96
12
116
101
-28
-106
-65
81
108
-19
-102
-68
30
68
20
-56
-64
-23
-7
-5
-5
36
-3
-101
-88
38
89
30
-131
-155
1
157
114
-94
-188
-70
121
158
16
-108
-80
55
85
32
-26
-36
-11
53
43
-9
-43
-11
25
17
40
15
-42
-44
27
64
15
-58
-75
-24
87
63
-81
-131
-1
85
19
-108
-126
-13
86
56
-94
-162
-30
88
56
-70
-121
-26
83
87
-21
-112
-53
97
146
-25
-137
-36
101
79
-14
-52
48
75
9
-59
-41
104
144
-30
-124
-35
142
134
-21
-109
-70
59
114
56
-40
-129
-43
88
117
-23
-145
-85
85
118
-26
-132
-63
100
84
-38
-108
-29
61
20
-39
3
25
0
-59
-12
112
72
-67
-111
24
170
84
-85
-100
81
178
44
-109
-78
106
187
28
-154
-72
120
141
7
-103
-65
49
105
27
-93
-126
-7
116
55
-67
-84
-24
22
16
-30
-33
-23
25
-13
-78
-15
30
6
-65
-102
-20
63
80
-3
-118
-92
48
139
62
-75
-104
16
124
57
-66
-82
49
102
32
-83
-81
68
80
8
-20
-22
0
10
36
28
-19
-39
-53
-16
64
53
-56
-142
-41
122
63
-120
-190
-28
154
83
-122
-195
-39
131
74
-71
-127
-29
86
60
-48
-67
-20
57
64
-10
-22
-10
5
3
48
57
9
4
4
-14
-7
74
91
-10
-82
-26
83
148
28
-137
-103
60
141
64
-98
-145
-12
147
89
-76
-150
-15
87
39
-61
-75
7
47
17
-41
-40
5
-11
-25
22
41
-2
-57
-19
44
84
50
-103
-100
74
169
25
-125
-43
128
150
-8
-117
-10
136
105
-11
-63
-1
62
46
-10
-18
-8
11
39
21
-28
-75
-28
37
59
11
-79
-62
-1
14
-6
-33
21
16
-71
-111
10
104
43
-120
-160
-15
158
116
-79
-181
-58
107
149
29
-117
-77
27
84
52
-7
-42
-17
44
40
19
-15
-62
-15
81
108
-14
-118
-46
60
100
19
-91
-100
-5
100
85
-63
-159
-43
93
61
-82
-137
-45
56
64
-45
-115
-63
32
65
-29
-110
-24
85
43
-40
-85
1
58
65
15
-66
-38
23
76
46
-17
21
35
6
-36
-3
102
75
-44
-84
-14
126
130
-17
-146
-59
91
143
35
-130
-122
25
139
55
-97
-110
4
89
21
-81
-60
24
71
10
-46
-57
-11
17
-6
33
23
-24
-31
-28
-6
76
71
-30
-101
0
146
106
-77
-126
53
208
94
-121
-123
46
208
144
-91
-183
-11
192
130
-91
-142
-27
154
110
-85
-161
-44
97
86
-33
-84
-55
5
22
-10
-26
-26
9
-14
-86
-13
42
9
-46
-101
-51
70
99
0
-123
-127
37
165
80
-107
-120
52
102
57
-43
-72
26
106
37
-89
-61
19
73
59
-15
-55
-33
16
32
49
4
-58
-69
-19
55
61
-55
-114
-43
71
60
-63
-150
-64
73
52
-47
-105
-79
20
57
15
-53
-90
-2
88
73
-66
-127
1
107
88
-14
-94
-35
61
95
37
-31
-1
33
1
-23
49
85
28
-60
-60
62
143
74
-77
-154
-18
167
135
-52
-181
-72
77
138
15
-131
-93
46
101
-2
-102
-75
39
99
21
-71
-72
6
12
25
42
-9
-78
-58
46
139
62
-100
-134
26
207
97
-130
-154
117
218
30
-122
-64
120
140
5
-105
-47
96
102
10
-60
-46
27
56
14
-45
-77
-15
39
33
-13
-37
-31
-30
-29
-16
13
35
-4
-92
-87
35
64
-21
-79
-77
-12
47
66
-4
-85
-77
-18
102
101
-24
-120
-60
97
138
1
-110
-65
88
94
6
-111
-50
80
105
22
-79
-70
19
65
41
-21
-32
-45
-30
22
70
-20
-119
-38
48
38
-70
-103
-18
38
23
-39
-115
-59
55
44
-41
-75
-33
6
81
23
-90
-81
46
151
53
-95
-92
35
128
33
-73
-24
88
65
-28
-74
49
161
38
-110
-74
88
162
55
-120
-142
19
169
119
-67
-164
-61
104
103
-6
-106
-63
29
33
-16
-58
-15
62
39
-35
-60
-24
15
14
20
4
-24
-39
10
34
37
3
-37
-44
42
107
32
-47
-41
41
131
74
-45
-63
29
146
86
-83
-104
32
168
66
-110
-94
48
131
24
-118
-109
15
116
19
-101
-60
60
50
-78
-123
6
121
47
-116
-161
28
140
11
-116
-146
-17
115
85
-33
-116
-81
42
117
71
-58
-120
-12
98
83
-16
-71
-23
81
88
-24
-92
-31
70
83
2
-59
-33
25
42
22
-40
-39
4
-17
1
25
4
-88
-82
39
48
-36
-88
-80
16
50
3
-81
-91
1
39
2
-71
-56
39
60
0
-72
-62
81
108
-32
-99
-1
100
51
-64
-40
89
100
-5
-111
-28
131
145
-17
-120
-68
102
148
45
-104
-104
4
98
107
8
-124
-90
39
104
28
-85
-79
-14
60
31
-48
-66
30
74
-6
-61
-31
-11
9
34
10
-21
-17
-20
-1
58
84
-42
-129
14
157
116
-72
-109
35
157
110
-58
-115
62
151
67
-98
-81
81
122
17
-75
-43
52
52
-14
-47
-31
2
9
-15
2
-4
-16
-39
-46
-14
29
26
-40
-84
-52
9
49
44
-57
-123
-55
65
110
23
-79
-97
-31
84
104
-16
-95
-39
56
103
15
-67
-22
44
44
1
-37
-1
31
23
-13
23
13
-17
-22
-3
30
25
-41
-74
-25
83
52
-74
-105
-28
59
-1
-85
-84
14
65
-34
-112
-38
38
25
-32
-58
-19
19
42
-1
-57
-52
33
86
34
-49
-30
27
32
15
10
51
58
-10
-66
-26
90
160
-10
-125
-61
95
171
62
-102
-149
-6
155
127
-40
-161
-96
104
143
-16
-152
-84
87
93
-32
-111
-33
66
54
-46
-47
-11
17
1
-9
2
-7
-2
-24
-16
71
98
-29
-135
-36
155
130
-31
-133
-18
167
145
-13
-129
-44
149
135
-13
-105
-21
101
85
-36
-70
-7
70
46
-80
-89
8
70
22
-63
-24
10
-2
-46
-57
11
64
22
-106
-155
8
132
69
-98
-188
-53
125
142
-25
-180
-107
83
168
50
-119
-115
34
132
75
-57
-95
32
111
16
-62
-35
27
46
3
14
5
-8
-47
14
85
32
-64
-92
-36
72
84
0
-133
-112
41
100
-16
-133
-89
26
68
22
-97
-122
-2
85
39
-77
-95
21
91
17
-70
-81
30
85
54
-30
-55
-1
54
30
7
21
65
2
-84
-35
96
167
16
-144
-83
114
185
33
-128
-98
40
126
56
-42
-71
-63
14
62
60
-34
-115
-26
57
55
-58
-100
10
92
24
-87
-81
13
69
20
-29
-17
-24
-18
37
65
38
-65
-83
33
126
72
-66
-79
54
135
88
-53
-79
15
130
91
-36
-95
17
104
50
-24
-79
-3
61
19
-17
-42
-38
10
14
32
-10
-41
-49
-36
1
11
28
-12
-80
-74
3
62
11
-41
-67
-54
-2
79
46
-57
-106
-57
94
158
-10
-137
-68
71
136
32
-83
-52
58
88
-17
-62
-13
43
27
15
10
-29
-9
26
28
25
-44
-65
-32
51
90
-27
-138
-71
70
62
-91
-124
-13
73
22
-81
-102
-20
64
18
-60
-66
3
25
30
-15
-46
-34
39
45
49
-26
-57
2
69
49
-14
9
13
14
-10
-9
52
125
12
-117
-77
105
168
57
-122
-144
10
166
137
-52
-174
-75
114
125
-27
-98
-77
27
65
-5
-73
-51
57
56
-25
-47
-27
13
-3
19
38
-38
-86
-27
81
115
0
-82
-65
42
122
56
-78
-43
96
127
11
-91
-29
92
121
19
-106
-19
107
89
3
-70
-39
21
61
60
-47
-112
-22
61
51
-29
-46
-34
15
-24
-62
-17
50
42
-52
-140
-44
101
106
-56
-193
-117
116
177
12
-158
-138
43
142
84
-63
-125
-15
98
101
-22
-99
-6
79
63
-32
-70
-4
48
64
15
-34
-27
-23
24
64
4
-29
-75
-46
27
80
28
-90
-113
5
73
-28
-114
-74
41
54
-42
-96
-68
19
42
-8
-15
-51
-18
32
18
-16
-43
3
38
43
-2
-43
-4
40
29
20
19
19
30
-28
-50
51
174
55
-157
-124
111
205
54
-131
-144
25
160
108
-48
-131
-71
63
97
-10
-61
-51
-6
58
40
-93
-94
20
99
50
-69
-95
-36
83
91
-36
-106
-39
71
57
-4
2
20
-14
-35
49
47
14
2
50
50
2
9
22
51
16
-3
21
28
34
16
3
7
-23
-7
31
48
2
-75
-73
32
63
8
-58
-46
-3
-20
-45
-13
45
40
-56
-139
-53
87
84
-40
-151
-106
56
132
62
-84
-134
-59
90
129
43
-60
-113
-24
119
91
0
-74
-22
75
31
-34
-52
26
71
31
-27
-53
2
56
38
4
-55
-56
6
25
16
0
-55
-56
-10
24
4
-84
-65
-2
10
-1
-41
-54
-36
-8
21
15
-48
-55
28
53
11
-73
-47
39
111
22
-67
-48
20
47
36
45
37
-13
-61
-19
74
143
42
-134
-111
63
209
115
-114
-204
-39
194
161
-54
-165
-94
85
132
5
-98
-96
41
63
-21
-47
-34
3
36
1
-20
-27
-8
-33
-20
49
39
-30
-82
-19
99
92
-27
-103
-41
130
129
-32
-111
-15
160
130
-47
-118
-2
165
132
-73
-110
38
130
48
-81
-53
46
82
-7
-76
-37
31
19
-18
-29
20
9
-63
-73
-7
60
50
-60
-115
-68
58
83
-38
-88
-41
1
14
6
31
-4
-85
-67
63
130
11
-132
-62
92
121
7
-101
-59
80
113
-9
-115
-45
84
91
3
-29
-43
-10
21
67
40
-30
-82
-68
34
114
13
-118
-124
47
89
-46
-122
-59
34
21
-39
-26
-52
-49
-8
33
22
-44
-65
12
37
16
-48
-48
40
85
24
-58
-50
33
86
37
-2
3
7
-23
-8
52
115
46
-97
-96
78
163
68
-84
-106
-20
86
119
12
-96
-116
5
127
56
-71
-114
-29
61
51
-33
-69
-29
26
67
16
-78
-73
-13
77
64
-35
-78
-42
44
84
32
-23
-68
-23
78
98
8
-64
6
102
85
-7
-58
10
88
64
-30
-49
31
92
45
-42
-61
14
50
32
-29
-76
-23
33
47
-11
-67
-48
21
14
-60
-47
43
73
-51
-134
-43
53
54
-17
-98
-90
-1
98
58
-49
-108
-75
70
154
42
-111
-105
43
138
72
-89
-94
34
118
43
-70
-56
2
50
62
2
-39
-32
13
36
28
-8
-64
-51
-9
68
52
-73
-111
-19
56
25
-91
-100
-1
49
6
-73
-87
6
51
-7
-73
-43
29
49
-10
-57
-33
58
51
11
-26
-31
21
27
22
3
39
68
-14
-68
-3
57
119
30
-72
-45
38
110
72
-22
-79
-66
43
121
91
-53
-179
-60
115
152
-32
-171
-80
112
108
-54
-156
-25
133
87
-90
-113
-25
60
72
12
-63
-64
11
51
46
21
-42
-36
17
85
55
-34
-35
56
125
37
-87
-68
76
143
47
-75
-46
61
125
19
-92
-53
78
71
-16
-73
-55
24
38
5
-39
-9
18
-42
-79
-25
60
57
-41
-100
-96
2
87
32
-22
-124
-100
20
112
105
-82
-163
-49
108
147
-17
-144
-55
111
116
-22
-109
-31
108
86
-49
-110
6
121
34
-49
-23
34
10
-41
-12
36
58
-22
-120
-55
91
95
-70
-145
-24
68
11
-70
-97
-32
57
43
-56
-98
-40
3
7
-1
8
-10
-17
-22
2
-7
3
38
41
13
-40
-57
26
91
38
-20
1
48
17
-45
-20
93
137
-33
-137
-28
157
174
-32
-181
-79
125
177
9
-139
-122
32
139
39
-111
-112
16
82
29
-91
-82
34
92
14
-70
-59
4
35
16
-5
-24
-12
-11
-1
20
66
25
-62
-43
51
86
15
-34
16
75
57
-18
-25
37
84
22
-11
-12
53
77
-11
-62
-15
61
56
-5
-58
-64
7
58
6
-38
-49
-8
38
-27
-74
-38
36
63
-39
-133
-64
57
101
-23
-135
-99
39
120
54
-96
-132
-10
97
98
-18
-100
-32
45
99
33
-39
-56
29
75
16
-79
-46
41
72
34
0
-46
-43
25
40
35
-31
-71
-50
22
84
8
-105
-60
37
19
-45
-75
-37
11
-1
-32
-37
-29
-26
-20
23
12
-58
-43
8
38
4
-51
-10
29
67
45
-42
-48
6
48
38
38
7
-28
-2
-11
28
115
52
-58
-77
4
145
130
-38
-143
-62
103
147
9
-123
-110
11
130
53
-82
-127
-4
102
44
-77
-103
10
124
33
-56
-101
-27
63
38
9
-29
-42
-15
29
26
-5
24
16
-28
2
71
72
2
-52
2
88
96
-12
-82
13
120
95
-44
-68
36
86
24
-50
-36
27
65
-15
-69
-30
17
35
-32
-46
37
32
-76
-127
-1
132
70
-67
-161
-104
88
129
-20
-148
-115
14
108
80
-41
-140
-68
67
148
52
-120
-133
42
161
77
-92
-105
52
124
41
-84
-86
20
71
54
9
-40
-57
6
65
58
-15
-77
-58
12
64
43
-70
-107
-17
70
10
-87
-94
-20
43
2
-61
-36
-14
-1
-8
-15
-34
-13
15
-20
-13
6
17
24
11
20
12
-14
-10
13
31
67
38
-14
-61
-18
79
106
32
-44
-27
20
75
80
-7
-100
-60
70
126
32
-78
-85
-2
74
42
-73
-75
15
63
6
-62
-70
8
73
43
-36
-90
-60
54
67
0
-48
-37
-9
15
49
48
5
-53
-46
49
96
51
-45
-32
60
84
19
-59
-9
94
77
-6
-46
29
88
21
-63
-66
35
116
10
-72
-72
-11
39
31
-20
-62
-1
33
-50
-98
-14
86
49
-69
-149
-46
96
74
-60
-143
-74
51
77
37
-56
-106
-32
70
112
19
-78
-76
4
104
63
-57
-58
44
67
14
-68
-26
63
49
-1
-7
-19
-26
21
27
42
13
-77
-73
1
93
60
-87
-118
-3
65
22
-91
-110
-2
54
-2
-74
-60
24
51
-34
-107
-28
74
61
-27
-88
-37
77
93
-13
-83
-20
78
46
-27
-28
47
91
24
-71
-62
54
137
64
-55
-56
-27
90
139
31
-130
-131
36
189
116
-94
-198
-25
143
65
-96
-116
24
92
13
-64
-70
2
64
27
-24
-48
-17
-15
7
47
15
-67
-80
19
99
59
-26
-69
-49
60
115
22
-39
-14
68
75
3
-26
5
40
73
25
1
-12
11
36
8
-11
3
4
10
-19
0
-20
-19
13
5
-34
5
-4
-51
-38
11
32
14
-36
-101
-71
48
73
-6
-74
-110
-42
89
123
-26
-166
-82
80
152
54
-113
-97
26
117
55
-49
-38
30
60
17
-50
-31
22
39
36
-2
-61
-12
26
37
25
-1
-39
-55
-33
44
77
8
-135
-104
46
71
-31
-107
-57
25
13
-35
-39
-37
-13
-17
-20
-14
15
2
-42
-27
20
41
17
-16
-11
6
24
28
4
-16
29
89
54
-57
-111
9
174
151
-85
-191
-9
190
170
-54
-163
-35
105
105
11
-76
-100
-10
89
40
-38
-62
-19
11
22
-15
-67
-27
71
56
-61
-88
1
60
18
-7
-46
-18
22
3
10
37
38
-28
-54
10
74
89
10
-27
-17
33
95
43
-5
-27
39
73
11
-5
28
37
-21
-52
28
80
16
-68
-47
1
20
11
-21
-18
-7
-2
-42
-41
-15
20
41
-15
-103
-91
26
105
32
-114
-151
-30
130
109
-52
-138
-88
61
148
65
-88
-109
14
105
59
-37
-54
11
51
23
-29
-6
14
-7
9
43
40
-44
-61
20
81
34
-84
-88
1
67
41
-56
-67
-34
24
-17
-80
-32
3
2
-38
-32
10
-17
-54
-41
-16
25
34
-20
-62
-19
32
32
31
1
-21
-7
22
7
4
39
74
15
-58
-7
22
23
64
80
-18
-101
-21
130
163
8
-174
-155
105
243
61
-188
-181
43
199
72
-168
-165
81
141
-19
-132
-60
61
90
-24
-67
-24
14
16
4
14
-14
-51
-25
31
65
41
-21
-40
-14
32
78
38
-5
-29
22
60
73
16
-42
-18
45
92
88
-25
-114
5
101
65
-21
-72
-18
51
4
-37
-45
14
32
-1
-19
-25
-51
-45
-13
54
44
-45
-125
-97
71
100
-7
-117
-138
-21
134
125
-48
-181
-94
93
191
20
-169
-95
100
144
9
-100
-58
76
115
-12
-86
-37
29
83
50
-15
-72
-38
24
82
38
-63
-62
-27
12
59
26
-19
-91
-52
3
-11
-18
-15
-29
-48
-38
14
-11
-44
-39
-10
17
-5
-49
-21
9
17
1
-24
19
38
34
6
-37
-32
21
56
77
32
-23
-28
-28
14
88
111
-15
-83
-41
64
139
50
-90
-114
14
125
85
-45
-124
-50
63
75
4
-66
-51
-12
4
35
7
-34
-44
13
47
14
-64
-97
16
105
34
-59
-96
-7
67
69
28
-74
-55
16
96
87
-17
-59
18
87
49
-18
-17
55
77
8
-10
-24
30
46
19
-22
-19
15
49
-1
-62
-62
16
56
35
-38
-73
-7
29
-25
-57
-10
70
10
-107
-109
6
97
39
-86
-153
-33
115
107
-25
-125
-75
37
112
73
-43
-95
-47
102
109
-39
-98
-4
112
66
-84
-86
46
127
21
-73
-44
-3
52
56
6
-41
-57
-36
-2
62
46
-27
-81
-47
21
-3
-48
-53
-21
10
-15
-45
-40
-5
-2
-21
-43
-32
18
38
8
-34
-53
13
61
27
0
-36
-5
24
21
14
37
51
-28
-46
-5
53
90
66
-60
-71
26
118
92
-2
-99
-103
46
159
96
-109
-177
-27
162
110
-86
-153
-18
121
40
-71
-94
-17
99
47
-43
-65
-33
32
17
13
-14
-47
-24
22
49
64
-20
-47
-33
76
73
0
-24
-2
45
59
50
3
-1
21
39
26
-9
7
34
36
9
-18
7
14
16
-1
-61
-29
23
26
-22
-35
8
15
-43
-72
-25
24
63
10
-105
-127
-4
111
67
-82
-154
-92
89
172
29
-160
-158
25
190
110
-122
-159
40
133
62
-62
-57
44
51
24
-28
-65
16
74
62
-10
-69
-47
37
82
-4
-55
-22
2
-6
-17
-2
-8
-16
-23
-21
-36
-49
-32
-2
4
-43
-36
-5
11
-7
-78
-58
23
38
7
-61
-40
35
58
31
-39
-40
46
52
-8
-52
-13
75
126
8
-84
-73
16
126
142
-28
-126
-46
109
166
38
-123
-120
32
142
86
-61
-129
-34
78
84
-20
-107
-45
11
65
31
-51
-54
-22
57
53
-41
-86
-13
50
38
-12
-63
-38
62
70
-10
-28
0
20
21
-1
9
67
41
-9
-2
52
38
22
25
15
17
20
30
29
3
0
-16
-7
34
32
-2
-73
-48
29
37
-10
-54
-17
44
-5
-102
-78
57
106
0
-156
-162
67
181
23
-188
-169
11
175
114
-81
-185
-52
109
139
-10
-97
-62
23
96
47
-12
-62
-1
79
28
-40
-71
1
90
48
-22
-54
-34
39
83
4
-58
-53
-3
14
-1
20
9
-72
-70
-15
43
6
-79
-76
-33
38
9
-52
-38
-37
0
7
-31
-24
28
38
-60
-76
30
104
25
-59
-23
29
36
3
-11
26
93
40
-79
-99
39
178
123
-107
-140
16
169
142
-37
-114
-76
47
140
65
-78
-115
-30
94
84
-30
-127
-69
77
74
-16
-116
-68
91
109
-2
-108
-88
30
89
19
-42
-78
-3
43
18
17
20
15
-38
-30
69
83
27
-46
-22
63
79
30
8
-4
30
36
19
9
30
32
-3
-28
6
33
30
-8
-68
-52
37
66
-15
-83
-12
54
-11
-126
-68
91
128
-54
-151
-107
65
103
1
-84
-110
-32
71
77
18
-86
-106
-2
103
115
-21
-131
-37
75
110
10
-67
-14
36
57
-23
-60
5
38
43
7
-13
-7
-12
-2
40
19
-35
-58
-47
29
73
15
-85
-99
-10
34
7
-54
-69
-11
16
-12
-43
-39
-12
-13
-31
-16
18
7
-30
-35
-13
31
59
6
-34
2
39
4
-5
6
50
67
5
-59
-53
21
122
91
-8
-95
-51
86
142
50
-92
-118
16
131
106
-16
-126
-106
46
132
24
-112
-97
10
68
31
-26
-69
-9
57
32
-44
-87
2
41
61
-19
-85
-25
44
61
6
-1
-21
-17
30
38
36
24
5
8
14
42
33
26
33
22
29
10
22
20
13
13
-17
-3
15
13
-7
-33
-17
-3
28
-7
-23
-6
-9
-29
-70
-33
62
62
-24
-144
-110
55
135
28
-150
-164
-16
128
123
9
-142
-164
16
182
106
-74
-146
-52
121
133
-14
-107
-19
80
70
-35
-74
-14
46
88
20
-54
-62
-1
62
47
-2
-52
-61
-18
40
63
10
-66
-77
-40
20
-14
-25
-24
-8
-43
-50
-19
15
-7
-55
-62
2
44
15
-26
-51
-24
48
67
23
-35
-12
4
42
16
-8
7
94
62
-65
-89
14
133
118
-36
-101
-42
103
163
47
-88
-135
11
131
73
-11
-118
-72
61
106
7
-106
-109
39
108
2
-112
-90
59
134
8
-109
-110
21
87
51
-26
-97
-21
60
33
-3
1
29
-7
-64
7
88
95
18
-76
-6
93
82
10
-38
11
47
36
14
3
8
-1
-9
40
28
-18
-46
-38
2
41
1
-29
-39
27
25
-64
-96
-29
73
66
-44
-104
-93
25
72
28
-50
-133
-57
71
92
20
-84
-115
-7
92
127
-7
-134
-77
103
151
1
-133
-55
101
102
-29
-107
-5
77
54
7
-39