#4
465
125
-262
-105
315
381
37
-230
-23
310
297
-9
-106
85
243
112
-119
0
288
220
-104
-193
135
386
204
-165
-181
165
395
156
-176
-131
258
369
38
-194
-36
260
313
29
-192
1
313
263
-61
-193
62
354
273
-117
-239
77
355
199
-106
-101
142
220
18
-110
70
239
115
-123
-75
212
276
-19
-188
-1
282
233
-91
-204
102
357
153
-225
-128
248
334
-13
-269
-30
338
321
-139
-298
65
447
265
-233
-337
140
499
264
-263
-335
139
510
243
-248
-259
171
404
101
-229
-113
278
320
-65
-254
11
338
211
-170
-218
177
353
55
-237
-66
285
261
-77
-213
87
300
96
-169
-91
237
334
-16
-283
-60
339
354
-31
-293
-48
359
373
-56
-313
-39
356
345
-102
-292
67
384
200
-192
-186
195
352
74
-255
-114
302
379
-7
-313
-69
329
355
-53
-296
-18
332
275
-63
-231
27
270
133
-92
-64
114
145
-33
-73
92
197
119
-106
-135
117
280
114
-161
-131
193
305
35
-197
-49
277
258
-125
-261
79
408
214
-252
-297
189
467
93
-329
-215
244
399
65
-281
-165
197
266
-1
-179
-34
193
160
-68
-135
57
187
66
-88
-58
116
153
-20
-83
14
148
83
-42
-49
61
92
27
-38
6
76
72
-5
-34
42
145
47
-99
-64
127
238
61
-183
-130
169
306
68
-192
-132
149
247
53
-156
-62
154
164
-27
-121
0
163
86
-94
-81
107
170
34
-102
-33
98
107
-18
-39
71
84
3
-40
41
158
83
-106
-95
86
224
134
-101
-169
60
279
166
-123
-196
75
306
141
-176
-194
141
334
112
-243
-168
203
303
-10
-272
-17
338
234
-179
-257
103
369
127
-242
-208
157
353
94
-230
-166
143
226
43
-121
-74
90
114
10
-39
20
107
53
-56
-35
99
141
-3
-96
26
168
118
-55
-127
32
217
121
-144
-132
137
244
10
-216
-62
249
226
-100
-267
-55
271
269
-74
-287
-54
222
197
-66
-174
-22
153
97
-49
-92
34
103
-2
-59
4
93
70
-44
-67
20
96
85
-15
-98
-18
84
47
-18
-33
32
80
29
-57
-11
66
36
-18
-19
80
144
-17
-136
-21
177
174
-72
-194
2
189
133
-68
-121
13
153
84
-101
-118
66
165
41
-120
-82
94
128
20
-71
-61
61
105
32
-61
-69
52
128
69
-40
-68
0
59
67
60
19
-1
-14
-6
71
115
39
-64
-63
96
150
26
-114
-39
141
167
-16
-165
-1
194
114
-124
-148
139
274
34
-245
-128
233
263
-40
-237
-103
214
260
-14
-253
-95
174
212
-10
-187
-77
103
119
32
-45
-34
50
52
-15
-18
69
64
-19
-25
44
76
34
-51
-5
69
56
-19
-46
46
108
13
-98
-44
146
158
-44
-209
-101
172
261
4
-187
-138
78
165
37
-93
-104
23
84
45
-14
-54
-19
40
45
1
-49
-24
61
55
-60
-61
75
129
-22
-152
-47
121
112
-58
-139
13
138
55
-74
-97
27
109
53
-47
-18
40
35
-21
2
70
68
-46
-93
32
105
58
-59
-81
30
128
37
-108
-75
83
115
-35
-102
-12
92
73
-18
-77
-46
64
109
5
-98
-75
89
159
30
-91
-121
40
162
83
-49
-76
23
92
57
1
-22
-7
11
85
101
-6
-94
-20
136
142
-61
-150
18
172
84
-113
-98
103
189
51
-157
-118
138
219
-17
-190
-83
169
226
-39
-206
-83
136
159
-5
-144
-87
74
110
20
-50
-13
37
18
-16
2
47
50
-23
-29
31
62
31
-14
-26
60
47
-44
-61
55
123
44
-127
-92
107
170
7
-193
-126
117
224
54
-169
-185
22
171
107
-87
-154
-25
110
100
-34
-116
-68
86
98
-21
-108
-30
86
74
-57
-119
47
147
8
-139
-115
84
147
26
-145
-95
53
119
59
-78
-129
15
124
103
-15
-113
-97
101
184
43
-120
-102
40
81
54
-30
-61
-7
29
23
11
-17
-24
-18
2
46
13
-57
-17
71
48
-64
-89
22
149
72
-151
-135
104
203
54
-156
-166
57
196
74
-99
-69
38
88
46
4
-6
-20
9
39
51
29
11
-3
7
42
10
-30
10
73
14
-63
-28
91
132
-9
-125
-61
120
131
-23
-126
-60
103
166
22
-142
-124
54
150
67
-74
-103
-44
46
99
58
-52
-88
-3
71
46
-22
-19
-4
50
57
21
-3
-64
-10
97
69
-62
-104
24
143
66
-102
-119
80
181
8
-172
-147
111
225
35
-173
-128
45
128
43
-88
-90
3
58
52
-12
-93
-65
75
100
-15
-132
-84
80
137
-9
-126
-47
111
86
-74
-131
-25
110
83
-66
-109
21
77
35
-36
-77
-27
87
77
2
-48
-70
-6
110
108
-10
-119
-77
77
111
18
-68
-65
5
78
13
-59
-68
19
72
39
-40
-107
-23
126
103
-86
-177
-13
189
129
-126
-225
24
235
150
-144
-211
-8
181
150
-37
-117
-41
46
75
76
14
-58
-56
54
105
12
-66
-26
53
78
-17
-100
1
140
72
-133
-109
123
199
12
-194
-103
141
189
-20
-181
-75
146
189
-28
-181
-69
91
116
28
-79
-101
-4
63
59
27
-42
-58
8
56
17
-23
-17
34
25
22
13
-10
21
7
3
23
3
-27
-2
66
35
-53
-39
42
100
9
-98
-81
22
123
80
-59
-144
-74
84
137
22
-124
-143
-7
139
104
-94
-163
5
147
66
-107
-158
33
189
29
-195
-96
173
151
-114
-240
-26
205
147
-120
-229
-2
193
113
-96
-177
-43
117
119
26
-84
-106
2
115
103
-35
-109
-42
64
62
18
-44
-28
-8
2
13
7
4
-34
-50
31
61
-36
-92
18
84
21
-67
-84
45
138
7
-168
-61
141
167
-37
-222
-81
181
189
-21
-185
-68
121
175
14
-123
-71
54
91
41
-24
-37
-4
35
38
4
-22
-3
33
49
-28
-39
49
87
17
-62
-40
56
95
17
-88
-72
55
158
29
-128
-104
29
112
77
-43
-122
-58
63
116
24
-73
-73
15
56
36
-14
-10
-27
25
67
31
-39
-28
20
51
19
-49
-42
54
106
24
-123
-86
88
161
7
-185
-151
104
227
55
-191
-147
37
120
50
-75
-106
-17
67
57
-11
-80
-66
17
62
35
-38
-77
-21
71
54
-52
-98
17
88
8
-119
-86
60
106
-22
-78
-43
35
69
-1
-79
-50
70
70
-5
-51
-45
3
72
50
2
-32
-62
-2
56
47
-6
-43
-9
13
-4
-36
-27
9
30
11
-35
-44
2
57
39
-53
-73
-12
95
77
-78
-154
1
195
116
-103
-173
-45
146
158
-31
-132
-39
108
80
2
-54
-2
25
31
46
0
-18
-12
27
35
-2
-57
-1
89
71
-91
-103
56
175
61
-125
-128
67
169
46
-116
-108
41
145
54
-82
-115
-23
90
79
-2
-95
-78
17
82
70
-6
-85
-52
19
80
38
-57
-33
36
57
22
2
-18
-47
29
73
-5
-83
-4
107
69
-80
-129
21
182
83
-138
-182
-11
185
156
-78
-198
-85
116
154
-10
-144
-114
29
99
57
-62
-134
-16
104
45
-79
-68
23
92
0
-111
-60
123
98
-86
-157
-30
115
101
-75
-159
-14
135
86
-67
-149
-20
109
79
2
-71
-64
3
89
91
-29
-86
-21
44
36
-2
-6
-8
-30
-2
-12
-8
-12
29
13
-56
-40
23
13
-3
6
6
-31
-43
17
63
-1
-94
-35
81
100
-2
-122
-85
84
130
9
-75
-43
24
63
63
11
-59
-48
38
103
37
-85
-60
81
116
-7
-127
-37
123
100
-83
-133
47
193
89
-152
-162
80
215
49
-168
-159
94
212
59
-168
-143
17
134
108
-60
-136
-60
71
96
23
-60
-41
10
7
-9
17
23
23
12
1
5
31
16
-38
-14
69
15
-43
-14
43
56
-27
-76
7
125
66
-101
-155
3
174
119
-81
-167
-90
97
114
19
-105
-104
0
77
60
-39
-109
-33
56
58
-19
-98
-45
60
74
-27
-95
13
101
-10
-123
-94
73
120
-32
-135
-23
97
83
-75
-128
-22
127
84
-62
-74
-8
23
43
44
17
-37
-63
12
51
13
-36
-27
5
45
-5
-48
-40
-23
20
28
6
-33
-62
32
79
-1
-118
-64
71
118
-6
-183
-100
154
201
-29
-199
-127
116
189
38
-119
-102
31
118
84
-18
-87
-37
66
106
32
-76
-74
38
107
35
-69
-67
63
87
-35
-85
35
131
36
-86
-81
63
134
19
-90
-62
21
110
84
-52
-114
-44
70
76
5
-73
-51
9
38
47
10
-16
-52
-43
44
79
4
-71
-8
67
81
6
-61
-62
42
116
21
-111
-71
93
141
-43
-157
-7
158
111
-122
-197
1
184
126
-99
-174
-30
110
87
-40
-117
-36
53
39
-1
-56
-69
4
50
24
-41
-76
-9
67
54
-70
-94
40
83
-12
-120
-62
65
96
-37
-116
-31
68
46
-10
-52
-84
-5
86
91
-4
-104
-99
39
133
93
-29
-148
-101
84
138
35
-105
-105
17
104
26
-81
-90
-10
72
60
-76
-102
14
130
27
-125
-115
84
176
-24
-188
-87
155
185
-29
-187
-110
94
184
56
-107
-104
17
117
72
-31
-55
-13
59
66
-10
-58
-9
67
69
-23
-80
-25
95
85
-75
-119
37
157
91
-96
-118
26
139
92
-82
-134
-16
150
152
-72
-167
-56
86
126
4
-95
-78
-2
60
47
11
-40
-61
8
50
47
-15
-28
-8
42
58
-23
-55
-11
76
60
-27
-96
6
109
38
-75
-78
35
128
32
-113
-125
-2
113
103
-8
-124
-99
14
115
63
-86
-129
-30
101
88
-42
-147
-52
91
76
-5
-102
-39
58
45
-60
-79
56
120
-37
-153
-84
75
133
-5
-137
-100
50
149
64
-120
-180
5
163
122
-33
-173
-99
115
185
38
-131
-122
29
118
43
-52
-47
-4
27
18
-33
-41
-4
23
3
-9
-5
-15
2
-5
6
-21
-13
18
25
-1
-62
-63
38
118
74
-86
-173
9
177
124
-77
-155
-6
130
91
-25
-67
-11
37
77
40
-46
-64
13
97
49
-76
-68
60
74
8
-84
-24
102
119
-36
-131
-35
125
116
-40
-147
-34
127
146
-20
-183
-95
80
155
31
-140
-112
35
82
40
-6
-59
-17
25
-11
-11
23
51
4
-25
10
49
21
-44
-34
30
60
9
-55
-3
56
22
-70
-49
98
105
-46
-176
-71
129
164
-10
-154
-102
48
85
13
-67
-43
-8
-1
27
25
-35
-98
-18
93
42
-89
-87
52
108
-53
-137
7
140
47
-131
-155
37
166
51
-151
-138
60
163
32
-160
-121
66
140
47
-75
-73
-33
43
83
75
-37
-101
-50
55
78
19
-63
-53
8
43
11
-45
-49
-7
39
26
-29
-74
-5
89
25
-88
-71
45
116
10
-135
-98
82
185
39
-157
-156
51
169
91
-72
-86
-22
75
92
14
-39
-50
7
73
56
-29
-47
33
66
9
-65
-29
86
67
-48
-116
11
169
114
-53
-141
-50
139
134
-25
-165
-91
131
186
-9
-176
-91
75
134
16
-108
-91
3
65
53
8
-19
-29
-26
-13
52
60
-14
-66
-19
66
88
9
-81
-46
65
71
-21
-79
5
102
31
-94
-68
98
114
-43
-157
-76
92
157
38
-135
-155
4
130
81
-64
-145
-66
57
120
42
-122
-129
7
124
57
-98
-94
26
94
9
-112
-54
99
70
-98
-136
24
116
42
-107
-99
44
83
20
-72
-97
29
81
19
-24
-29
-22
3
31
79
40
-115
-102
54
130
43
-88
-82
13
31
21
-28
-51
-19
8
32
16
-53
-46
45
73
-20
-114
-62
108
114
-71
-172
4
201
124
-102
-218
-43
190
170
-32
-186
-86
109
170
53
-79
-104
-4
122
96
-52
-99
-10
87
73
-32
-75
-3
108
51
-76
-77
60
146
35
-118
-96
70
134
36
-97
-103
61
157
42
-102
-134
-40
101
145
-6
-165
-118
74
179
29
-130
-98
36
90
28
-28
-57
-10
59
80
0
-56
-32
34
71
-3
-86
-39
99
115
-24
-160
-57
148
161
-50
-221
-106
131
190
9
-154
-92
14
56
36
6
-39
-93
-49
84
86
-32
-119
-56
54
79
-10
-100
-35
82
69
-87
-65
40
47
-33
-84
-61
62
77
-14
-94
-51
30
65
28
-91
-87
44
108
51
-44
-100
-23
97
111
-24
-105
-49
48
62
17
-31
-20
-23
-17
11
9
3
-26
-27
9
21
-27
-41
11
47
-17
-65
-12
88
54
-95
-142
33
194
108
-99
-200
-52
168
176
-5
-141
-122
47
178
94
-70
-130
-25
133
113
-46
-124
-23
102
112
-36
-123
3
108
52
-89
-77
100
137
-15
-143
-28
119
96
-52
-114
-5
98
107
-20
-121
-52
50
75
23
-54
-78
-35
40
64
12
-52
-19
14
8
4
31
1
-30
-14
55
52
-5
-56
-26
64
60
-37
-88
24
125
47
-106
-127
58
196
36
-195
-179
60
227
127
-111
-243
-75
152
175
-29
-200
-116
77
143
32
-148
-113
53
138
27
-132
-135
41
154
29
-154
-93
126
122
-82
-178
-46
138
112
-83
-165
-12
138
71
-79
-131
-27
103
98
6
-92
-80
56
92
36
-35
-79
-19
43
39
10
-13
-9
-18
-2
13
-6
-39
-42
-9
41
42
-43
-62
7
37
-1
-59
-25
82
77
-78
-170
18
196
139
-99
-232
-34
170
151
-26
-138
-26
76
109
21
-52
-60
-18
79
99
5
-107
-38
85
102
-30
-118
9
122
49
-105
-86
79
178
37
-171
-114
138
186
-23
-177
-75
101
160
24
-128
-88
27
80
29
-15
-61
-57
-34
74
91
-9
-117
-45
84
81
-20
-80
-15
69
60
15
-37
-21
-4
44
39
-31
-50
16
69
10
-59
-46
55
117
22
-158
-122
49
196
57
-153
-141
9
115
65
-67
-116
-17
40
31
15
-29
-57
-41
23
49
12
-54
-38
33
16
-59
-23
60
37
-50
-103
-28
84
63
-62
-85
0
73
9
-62
-58
1
62
44
-3
-40
-48
0
69
62
1
-57
-48
-12
50
44
14
-63
-52
43
60
-11
-89
-56
48
44
-44
-76
13
107
29
-106
-97
46
132
29
-119
-130
27
175
104
-96
-172
-32
139
95
-4
-55
-20
13
49
56
5
-42
-30
32
81
20
-59
-38
51
63
-2
-66
-18
71
76
-55
-45
33
73
42
-35
-67
-4
109
63
-50
-66
-23
71
89
-50
-99
-29
54
79
6
-73
-62
-19
53
65
8
-60
-49
9
53
50
-27
-64
14
84
57
-39
-64
1
68
22
-63
-36
72
88
-11
-117
-75
112
152
-19
-175
-103
57
164
85
-87
-132
-44
58
74
-5
-72
-70
-36
67
88
-50
-122
-29
66
76
-23
-106
-45
79
68
-78
-82
59
97
-32
-149
-69
95
119
-49
-131
-39
62
71
-4
-102
-72
65
99
35
-47
-82
-19
75
87
-6
-72
-52
34
48
16
-35
-23
33
22
-44
-58
-14
47
26
-56
-24
-2
20
17
1
-39
-56
16
54
36
-41
-88
-7
102
93
-33
-115
-71
67
111
46
-32
-92
-58
100
159
22
-143
-102
82
151
12
-111
-52
64
123
21
-128
-69
136
130
-101
-182
53
219
88
-151
-158
50
203
62
-137
-119
29
154
100
-80
-142
-47
62
134
36
-99
-133
-8
106
93
-35
-91
-52
41
73
37
-24
-31
-34
29
72
64
-44
-105
35
116
27
-93
-54
89
79
-63
-86
39
135
30
-124
-150
21
186
98
-100
-170
-30
108
90
1
-100
-100
-14
99
87
-51
-142
-61
84
76
-23
-81
-18
49
34
-78
-69
77
106
-60
-172
-44
133
97
-84
-139
-14
94
52
-23
-94
-53
52
97
21
-45
-50
-4
25
56
22
-44
-68
-8
58
40
-5
-61
-42
38
50
-1
-88
-88
38
75
23
-74
-61
31
80
2
-119
-71
96
122
-40
-187
-59
176
165
-49
-183
-113
114
143
29
-59
-54
23
56
38
0
-27
-22
24
44
31
-26
-21
10
25
18
3
9
52
11
-79
-59
77
128
37
-89
-107
60
126
19
-81
-44
41
55
45
-27
-41
-42
-14
50
64
7
-112
-85
76
121
14
-102
-78
60
81
-4
-40
-16
29
51
29
-8
-33
-24
52
66
-13
-85
13
108
57
-96
-116
29
156
104
-143
-210
-5
229
144
-131
-209
-42
136
118
-49
-128
-57
42
59
-2
-44
-48
-18
14
15
3
-23
-23
7
-7
-36
-19
69
55
-83
-115
-24
61
73
-23
-107
-45
55
72
11
-70
-90
25
69
53
13
-80
-73
31
109
95
-37
-136
-66
37
123
51
-93
-115
-1
121
64
-106
-123
9
99
57
-75
-93
24
94
-4
-101
-63
76
121
-30
-166
-60
142
149
-22
-171
-116
102
186
38
-101
-76
38
73
50
8
-39
-44
15
81
63
-18
-73
-10
78
66
-54
-63
46
79
-9
-107
-32
134
130
-26
-160
-50
148
140
-52
-164
-26
155
131
-73
-138
-60
69
108
28
-99
-96
-16
57
105
20
-84
-78
25
78
22
-40
-15
37
61
-21
-35
10
63
28
-58
-40
9
55
75
-18
-85
-68
50
134
57
-122
-140
-7
143
107
-68
-115
-61
16
59
67
-6
-112
-120
0
147
87
-118
-155
21
136
32
-122
-90
61
103
-54
-125
8
112
40
-123
-111
45
114
9
-131
-69
90
70
-41
-89
-35
70
55
-5
-25
-15
-7
14
46
44
-20
-66
-34
38
51
24
-47
-49
9
47
1
-67
-26
32
24
-25
-27
-11
1
15
2
-34
-9
24
59
-16
-112
-85
98
183
25
-149
-136
44
149
87
-42
-83
-36
59
111
44
-58
-103
9
115
88
-41
-87
-2
89
60
-62
-90
37
149
11
-151
-56
122
182
-18
-169
-93
145
167
-58
-147
-48
130
147
-40
-165
-67
75
121
18
-85
-97
-13
67
46
-5
-14
-12
-36
-14
71
55
-31
-81
13
94
55
-49
-79
18
111
39
-87
-75
51
101
6
-107
-67
105
131
-48
-168
-88
122
189
8
-178
-139
17
123
76
-57
-135
-70
65
125
-4
-108
-78
28
40
1
-29
-20
0
34
-30
-74
20
121
18
-134
-136
35
158
44
-134
-118
52
97
2
-96
-60
53
70
9
2
-45
-45
16
46
48
14
-50
-41
-22
53
62
6
-89
-62
60
77
-17
-127
-64
48
99
13
-91
-48
53
58
-32
-107
-2
120
67
-136
-150
63
246
91
-202
-231
37
220
135
-93
-155
-9
125
116
-13
-83
-41
36
74
42
-24
-28
-1
31
41
-26
-32
39
69
-17
-111
-29
154
143
-59
-162
-40
162
123
-76
-149
17
136
69
-56
-80
-20
0
45
55
-9
-92
-63
34
99
43
-43
-74
-26
35
65
27
-47
-43
36
76
26
-2
-27
-26
25
34
-25
-23
55
73
-47
-122
6
145
100
-105
-182
-32
157
138
-45
-150
-88
30
88
73
-29
-129
-76
40
106
28
-100
-115
21
105
38
-80
-105
36
97
-28
-120
-2
127
40
-134
-119
26
105
46
-72
-74
-19
38
30
-1
-53
-61
-2
101
97
-50
-142
-26
100
119
10
-133
-86
55
98
36
-54
-52
-11
19
3
-31
-14
9
-6
-23
4
-8
-13
11
20
-35
-71
25
105
24
-129
-119
85
191
63
-153
-171
26
183
95
-48
-88
-43
26
91
98
-15
-121
-58
105
150
-3
-98
-62
36
104
33
-76
-34
77
61
-71
-84
72
154
28
-129
-125
95
201
24
-164
-106
71
178
48
-114
-137
-10
111
112
-16
-145
-101
63
134
34
-104
-83
42
98
16
-48
-72
19
103
65
-48
-45
16
13
9
3
-22
10
59
29
-55
-83
4
103
92
-50
-158
-64
90
169
37
-152
-145
-10
116
92
-39
-119
-75
28
95
52
-93
-101
-3
50
32
-15
-20
-8
-19
7
-35
-14
49
39
-53
-116
-25
90
81
-86
-118
17
74
43
-21
-90
-39
42
110
51
-76
-127
-19
134
135
-27
-161
-81
96
126
-13
-82
-47
15
40
24
-32
-63
-29
38
46
-22
-69
-32
45
72
-29
-89
-43
94
103
-75
-185
6
217
124
-107
-227
-47
174
174
-18
-136
-71
76
119
53
-54
-82
-12
66
77
3
-46
-41
49
46
-6
-35
22
89
-2
-126
-35
149
124
-45
-137
-49
124
130
-37
-130
-29
82
108
-2
-101
-58
8
64
75
-20
-126
-78
62
103
19
-63
-64
1
44
39
-6
-31
-17
34
41
31
-6
-34
-29
29
53
1
-53
-2
81
20
-63
-83
52
151
23
-183
-148
90
203
51
-144
-145
-25
129
109
-45
-169
-89
74
128
29
-107
-125
16
85
35
-51
-53
7
46
-34
-71
20
96
28
-151
-118
54
153
33
-147
-102
51
113
15
-84
-72
-5
86
66
-6
-74
-65
37
95
51
-16
-86
-65
51
89
5
-52
-46
23
32
12
-47
-55
-14
12
19
18
-21
-35
15
18
-18
-31
-3
55
27
-61
-70
14
112
84
-50
-140
-45
97
97
23
-37
-74
-18
89
98
30
-80
-108
43
140
62
-87
-100
35
109
31
-83
-53
75
74
-55
-99
61
147
67
-105
-122
61
134
0
-90
-46
51
85
10
-63
-42
-23
46
54
10
-88
-76
12
114
66
-67
-105
12
77
42
-30
-61
5
67
57
8
-60
-18
42
29
-12
-30
20
37
20
-20
-47
-23
42
120
21
-142
-139
72
179
57
-110
-172
-33
112
113
-23
-119
-90
-17
79
86
-23
-108
-63
40
71
7
-64
-50
35
41
-41
-58
41
71
-27
-87
-61
25
61
11
-78
-52
6
58
42
-43
-99
6
82
88
-30
-122
-58
108
128
-4
-114
-81
31
113
47
-73
-86
-4
74
25
-53
-54
-9
0
9
4
-4
-17
4
8
-14
-36
-16
66
57
-54
-146
-28
143
158
-8
-206
-120
126
185
47
-101
-106
-10
107
107
-12
-85
-53
49
121
44
-67
-89
26
96
28
-60
-45
45
84
-19
-99
12
144
85
-72
-137
-33
170
124
-74
-141
-31
128
120
-31
-127
-99
48
131
65
-92
-125
-26
76
120
7
-119
-79
38
80
42
-55
-48
21
82
53
-30
-49
-13
41
44
-16
-44
22
69
13
-76
-55
65
136
10
-166
-137
72
188
83
-136
-186
-47
130
146
-17
-140
-121
40
120
50
-96
-133
-2
106
54
-53
-103
6
79
33
-84
-95
63
116
-29
-159
-75
94
119
-45
-147
-39
96
72
-44
-74
-30
61
49
18
5
-60
-58
22
89
31
-42
-59
3
54
42
-10
-48
-44
-1
39
29
-44
-79
-9
64
25
-26
-62
-24
58
35
-49
-70
50
92
-28
-160
-52
158
179
-32
-208
-123
117
202
61
-83
-131
-35
118
134
0
-97
-78
65
121
40
-60
-83
7
131
57
-107
-96
87
126
-43
-130
-5
135
109
-37
-134
-42
122
111
-36
-108
-34
87
104
-13
-75
-64
-22
74
71
-32
-108
-49
54
81
28
-47
-50
-6
50
30
-6
-44
3
62
45
0
-10
-34
7
46
16
-44
-30
41
59
-37
-75
39
132
28
-148
-127
49
147
70
-64
-128
-75
43
93
51
-82
-132
-34
123
73
-67
-115
-16
68
56
-9
-54
-32
19
5
-33
-14
52
35
-54
-113
-21
63
67
-40
-107
-17
72
65
-38
-93
-24
52
18
10
36
-14
-76
-32
101
123
-18
-153
-80
89
122
13
-115
-71
48
72
-21
-99
-43
44
77
-18
-67
-15
26
30
-40
-54
9
71
55
-72
-145
-9
165
122
-70
-172
-81
113
173
18
-94
-88
7
107
85
21
-74
-83
35
103
75
-59
-76
20
29
20
10
-2
33
21
-73
-63
62
140
29
-86
-81
36
130
52
-83
-84
9
68
71
0
-55
-60
-23
58
73
-6
-97
-63
28
82
26
-38
-40
-2
58
50
-43
-44
-16
62
87
13
-49
-61
21
91
21
-73
-46
87
67
-60
-93
26
139
68
-138
-147
30
150
78
-70
-120
-48
50
64
35
-38
-83
-58
8
100
36
-91
-113
-32
114
88
-51
-111
-31
57
52
-43
-38
41
11
-82
-71
47
84
-16
-110
-36
57
60
-14
-89
-53
41
61
38
-6
-73
-38
42
80
48
-28
-84
-57
60
73
8
-47
-66
15
53
-21
-47
-28
9
14
5
-1
-42
-25
27
15
-44
11
38
26
-49
-82
-42
103
134
8
-147
-106
55
128
84
-40
-84
-29
71
86
14
-31
-54
-16
86
96
-2
-92
-60
69
95
-17
-82
6
105
35
-120
-65
116
155
-7
-171
-79
139
157
-20
-164
-76
119
171
-13
-157
-89
61
116
45
-79
-121
-22
69
88
13
-65
-45
27
46
5
-42
5
52
28
-10
-14
1
14
16
7
-27
-4
47
20
-18
-28
-26
24
79
43
-87
-114
-15
85
94
10
-97
-136
-21
137
106
-72
-167
-76
80
131
35
-120
-138
1
117
84
-86
-115
15
88
-7
-102
1
115
27
-133
-138
17
144
72
-109
-113
-5
95
79
-40
-117
-54
58
119
54
-91
-132
15
146
104
-54
-141
-45
99
89
-16
-80
-37
5
26
33
2
-65
-56
25
46
24
-49
-48
36
21
-51
-44
64
89
-23
-145
-83
125
171
1
-133
-108
44
124
61
-9
-84
-67
53
129
67
-60
-117
-14
128
132
-42
-140
-15
120
60
-48
-72
46
93
-15
-121
-30
143
132
-13
-151
-75
111
133
-20
-114
-29
97
94
-12
-84
-67
-7
77
77
-12
-108
-88
38
124
38
-95
-92
16
105
56
-47
-78
4
87
70
-27
-48
-18
30
40
20
-59
-2
83
10
-64
-80
26
151
86
-105
-217
-39
172
156
-29
-152
-122
16
130
78
-57
-144
-64
55
99
24
-99
-114
21
127
42
-109
-97
33
86
-6
-100
-6
92
38
-111
-117
3
91
51
-37
-85
-34
30
37
10
-27
-34
-25
33
87
28
-102
-84
69
152
18
-147
-107
71
132
46
-99
-119
14
104
40
-88
-107
12
81
39
-70
-86
6
105
40
-108
-123
48
174
46
-180
-160
116
243
53
-196
-189
47
204
111
-66
-150
-55
108
149
23
-88
-93
43
114
42
-37
-24
-29
2
66
38
-31
-44
36
51
-29
-46
42
114
38
-78
-93
35
146
42
-101
-100
20
130
74
-40
-115
-69
56
118
21
-121
-91
48
100
31
-54
-59
-15
33
43
40
-4
-36
-12
64
69
-15
-76
-19
62
29
-7
-9
22
22
-22
-32
10
72
58
-57
-113
-49
68
130
30
-117
-124
-30
99
102
-2
-117
-116
23
136
70
-117
-145
-8
104
80
-54
-97
-10
58
11
-62
-13
71
17
-95
-118
26
129
51
-124
-129
33
113
45
-77
-97
-9
79
73
-15
-70
-29
28
61
25
-25
-38
-34
24
49
15
-40
-63
-9
55
25
-45
-78
-21
47
11
-17
-25
23
-3
-32
-29
-11
33
76
-7
-104
-97
63
160
56
-113
-135
19
102
89
-12
-52
-43
17
70
80
-2
-70
-76
50
135
61
-98
-88
33
91
15
-53
-17
75
53
-103
-77
96
156
42
-127
-117
72
172
26
-123
-82
56
124
20
-66
-58
-38
20
85
43
-63
-126
-20
113
93
-50
-107
-19
73
50
-17
-40
20
26
-2
27
25
32
-30
-50
19
34
26
-7
-12
14
-12
-32
17
98
39
-131
-150
25
185
115
-94
-195
-74
107
153
-18
-167
-112
59
141
28
-125
-118
13
89
52
-51
-57
-21
16
35
-26
-37
28
14
-51
-68
-12
43
31
-46
-49
0
37
25
-39
-58
-26
51
53
20
-22
-60
-18
71
79
20
-84
-83
7
82
60
-33
-75
-28
47
60
-34
-83
-31
41
55
-38
-67
-12
66
58
-74
-101
20
113
47
-99
-138
33
185
88
-91
-162
-12
129
127
9
-95
-110
15
148
126
-45
-130
-52
116
119
-33
-97
-8
66
39
-2
-21
10
32
9
-32
-13
27
59
38
-1
-55
-16
65
35
-6
-34
-20
22
37
2
-27
-37
-5
31
47
-26
-90
-54
47
106
24
-86
-89
4
81
76
-14
-87
-20
96
74
-25
-96
-18
98
60
-68
-95
50
131
20
-146
-104
118
187
3
-233
-167
132
254
30
-213
-175
74
185
38
-125
-130
17
68
29
-32
-45
-17
-20
-12
38
32
-19
-44
-35
-10
12
27
22
0
-47
-94
-30
78
83
-28
-111
-49
40
64
31
-32
-78
-30
70
116
14
-136
-111
97
167
19
-121
-103
41
92
52
-19
-81
-38
21
43
27
-59
-93
-14
64
66
-20
-98
-18
56
51
-51
-69
46
83
-42
-153
-17
203
143
-96
-218
-73
165
198
18
-160
-130
36
170
118
-46
-148
-48
118
130
6
-102
-71
32
85
42
-18
-36
7
17
-17
-24
29
86
49
-38
-78
-15
85
66
-25
-63
-20
37
94
2
-97
-105
38
132
52
-68
-122
-37
71
104
20
-68
-102
3
110
72
-63
-75
25
108
41
-60
-55
36
42
6
-39
-24
64
57
-19
-82
-21
112
97
-93
-175
-32
138
117
4
-137
-97
25
80
50
-14
-80
-65
-27
34
67
28
-73
-125
-11
132
76
-95
-98
0
64
6
-33
30
52
-35
-130
-91
88
151
-25
-149
-73
86
106
-14
-113
-78
36
89
71
-10
-111
-52
57
128
73
-104
-160
-7
147
80
-72
-83
-13
69
34
-58
-72
-17
30
27
-20
-49
6
44
15
-79
-47
27
88
17
-81
-117
21
168
103
-76
-175
-60
122
141
6
-87
-49
31
61
51
17
-45
-46
27
88
37
-10
-53
-28
37
47
-1
-16
11
12
-21
-24
18
82
69
-30
-104
15
111
52
-57
-85
1
87
61
-32
-65
-38
16
71
38
-35
-79
-33
48
65
-7
-51
-32
-5
61
62
-30
-59
-14
53
78
12
-52
-54
31
65
-14
-61
16
79
33
-65
-78
39
157
33
-194
-173
67
227
110
-101
-205
-100
97
159
49
-136
-174
-8
152
112
-77
-149
-37
47
61
7
-51
-34
8
-7
-43
1
88
50
-83
-131
-52
87
97
-22
-112
-52
83
56
-32
-77
-33
32
67
27
-28
-58
-28
69
77
20
-55
-76
7
38
40
32
-39
-78
-13
62
47
-67
-87
-16
66
55
-59
-75
34
65
-15
-87
-29
62
87
-59
-127
-26
140
156
-20
-184
-110
106
175
45
-118
-100
30
108
85
-11
-68
-57
42
101
22
-48
-34
5
43
30
-19
-23
41
46
-55
-89
51
173
76
-113
-138
15
156
75
-96
-113
29
147
59
-77
-97
-30
37
67
42
-59
-84
-11
44
61
16
-48
-58
-19
63
71
1
-59
-45
42
101
24
-78
-35
37
35
-9
-14
35
43
-11
-85
-14
92
94
-19
-126
-89
5
110
124
-31
-145
-98
32
119
84
-78
-198
-68
155
187
-58
-221
-100
118
131
-10
-128
-61
55
70
-15
-76
8
42
4
-53
-47
-3
31
34
-27
-53
-6
23
-2
-18
-20
1
-9
39
45
-14
-51
-30
36
90
17
-97
-74
55
111
-3
-105
-65
35
85
9
-100
-76
28
74
9
-54
-46
12
52
10
-74
-64
68
115
-57
-176
-37
165
163
-52
-185
-82
117
154
24
-73
-80
-10
65
90
50
-37
-97
-33
94
107
31
-101
-91
45
93
24
-28
-8
14
-9
-33
20
57
101
10
-94
-95
48
136
47
-117
-99
68
166
35
-129
-144
18
156
93
-89
-164
-41
89
120
17
-95
-84
8
88
98
-29
-85
-4
87
48
-47
-23
35
45
-23
-51
6
69
40
-42
-82
-14
104
100
-22
-155
-117
78
170
69
-103
-149
-36
67
101
26
-98
-124
-28
102
88
-41
-124
-63
45
75
5
-61
-43
24
52
-39
-69
12
61
-1
-74
-77
23
80
0
-52
-33
0
8
9
15
-42
-65
-4
84
97
-49
-134
-7
119
98
-40
-168
-51
131
114
-27
-112
-56
65
62
-16
-62
-69
-29
55
65
-20
-87
-42
75
40
-75
-53
65
92
-45
-171
-49
171
180
-36
-200
-113
101
187
61
-105
-112
-10
103
108
22
-53
-89
-16
103
115
-31
-119
-32
82
92
-26
-62
11
71
3
-81
-18
109
76
-18
-99
-32
116
89
-69
-104
27
99
27
-44
-26
-25
-15
35
50
10
-72
-73
-3
74
72
-14
-87
-64
58
107
15
-73
-50
50
76
18
-30
-42
-2
53
30
-29
-31
18
34
-4
-27
3
89
31
-108
-115
16
136
96
-55
-134
-89
24
122
82
-92
-177
-34
117
134
-47
-174
-81
79
119
0
-129
-62
69
88
-53
-122
43
133
2
-162
-129
50
153
72
-125
-148
13
104
36
-72
-68
15
34
40
35
-28
-62
-6
48
59
22
-38
-88
-11
89
70
-64
-115
-4
107
46
-87
-115
12
99
37
-56
-71
2
70
-18
-74
-8
76
65
-41
-113
-73
106
155
25
-154
-145
49
177
77
-25
-102
-52
43
123
76
-31
-121
-47
110
135
2
-120
-70
72
104
-14
-64
28
62
-23
-77
-4
102
106
-7
-117
-70
96
132
-28
-98
-21
67
79
-12
-48
-52
-27
39
81
3
-91
-104
37
132
57
-77
-118
1
88
93
-14
-107
-25
85
96
-31
-77
-15
67
59
-29
-81
13
97
41
-64
-122
15
164
116
-133
-230
-27
213
192
-82
-230
-79
89
121
17
-90
-113
-15
56
30
26
-52
-57
-30
9
52
28
-23
-42
-53
2
26
39
-4
-41
-54
-23
10
32
16
-45
-44
6
10
-10
26
5
-64
-55
61
115
-2
-116
-66
77
128
30
-111
-109
41
115
50
-90
-102
11
73
36
-46
-87
-32
58
45
-11
-41
-37
37
15
-49
-31
51
79
-27
-145
-76
126
187
-6
-177
-116
89
138
37
-46
-53
-12
40
61
52
-10
-41
-51
44
85
31
-36
-61
-6
65
29
-22
11
20
-22
-44
11
86
62
-16
-60
-32
62
67
-8
-50
-26
36
79
13
-63
-43
-2
16
50
22
-39
-91
-16
78
70
-2
-77
-44
38
82
16
-37
-32
12
56
78
-25
-89
-18
73
62
-19
-41
8
30
1
-50
-26
112
101
-83
-182
-32
130
136
-12
-140
-106
34
94
59
-66
-89
-69
14
83
51
-59
-108
-49
72
87
-12
-93
-51
34
47
-19
-47
33
45
-34
-113
-59
48
100
4
-97
-54
38
48
2
-62
-63
23
89
67
-46
-89
-45
81
106
-17
-99
-50
33
61
13
-19
-40
-21
12
44
-15
-93
-74
38
113
-10
-93
-32
64
39
-91
-72
50
106
21
-118
-131
65
195
74
-114
-158
-40
133
151
23
-99
-120
6
144
121
-5
-117
-77
69
132
49
-56
-99
0
103
57
-65
-45
58
59
-48
-81
17
147
61
-81
-85
40
112
26
-78
-35
22
66
25
-7
-44
-64
22
74
41
-68
-97
-11
76
96
5
-93
-72
42
112
22
-90
-45
68
89
-18
-31
-12
16
14
32
17
-16
-8
36
8
-66
-38
87
110
-48
-162
-73
93
159
17
-116
-143
-30
116
116
-1
-152
-130
12
134
86
-78
-149
-44
79
97
-7
-105
-56
47
50
-38
-38
20
18
-44
-61
-10
50
30
-41
-41
-17
-1
9
17
-2
-42
-39
46
83
-12
-105
-45
92
134
34
-120
-114
21
114
45
-34
-72
-21
26
52
-6
-102
-64
51
93
-10
-72
-39
41
39
-19
-65
12
76
35
-86
-113
57
165
85
-106
-171
-21
137
123
31
-93
-111
3
138
128
-23
-117
-64
79
124
14
-58
-52
43
63
-4
-47
8
79
14
-91
-60
100
138
3
-114
-61
70
110
3
-67
-35
14
58
49
-24
-78
-44
27
59
31
-42
-68
-35
48
96
17
-86
-88
22
93
42
-59
-81
35
126
46
-77
-83
37
86
17
-93
-41
83
108
-19
-166
-63
134
186
-17
-245
-171
120
275
69
-214
-201
26
171
81
-96
-142
-37
56
73
17
-55
-64
-36
6
57
41
-29
-68
-30
25
31
-15
-21
7
-10
-65
-63
23
76
13
-72
-19
14
21
9
-8
-22
-30
20
55
19
-50
-50
15
75
56
-11
-80
-56
40
103
18
-95
-82
50
103
-9
-126
-67
56
60
-27
-38
-5
35
7
-70
-25
42
78
4
-93
-94
16
166
107
-102
-179
-26
144
144
23
-117
-115
9
133
125
-2
-106
-105
30
156
93
-56
-133
-22
93
81
-2
-55
1
20
-36
-39
42
116
81
-62
-133
-5
154
80
-94
-112
30
110
51
-52
-84
-43
47
80
30
-72
-102
-14
87
93
-14
-95
-64
56
99
20
-78
-58
40
72
26
-16
-26
23
32
12
-24
-11
61
36
-56
-76
-11
92
111
-21
-160
-123
75
185
84
-127
-189
-45
116
133
10
-138
-135
16
120
92
-51
-160
-89
106
131
-16
-137
-61
45
59
-5
-49
-2
52
-6
-88
-46
33
46
-10
-57
-33
28
27
-14
-25
-19
-16
10
89
36
-78
-102
17
123
88
-39
-127
-61
86
109
2
-121
-81
57
104
-21
-107
-81
38
54
9
-20
-7
-9
-21
-36
-9
72
17
-36
-44
-44
18
104
70
-44
-119
-71
50
129
87
-39
-144
-69
133
184
21
-167
-120
91
174
62
-98
-121
25
141
41
-98
-50
72
77
-42
-64
11
92
79
-26
-99
-16
76
54
-17
-17
1
19
-7
29
57
-42
-124
-5
112
59
-68
-122
-13
128
109
-62
-134
-36
94
74
-23
-37
-3
35
24
18
0
-12
2
-5
14
42
36
-17
-61
-30
16
62
83
-14
-139
-103
46
147
89
-83
-139
-73
60
116
44
-113
-161
-14
121
98
-56
-118
-45
62
55
-16
-52
1
3
-37
-23
10
65
-3
-73
-85
19
69
32
-68
-75
21
34
7
-15
-8
-10
-34
-12
74
56
-33
-78
-12
55
100
-3
-108
-69
62
99
14
-93
-69
33
45
32
-25
-87
-44
52
54
-24
-82
-8
78
11
-81
-35
76
76
-33
-152
-58
147
211
-19
-256
-172
138
288
69
-170
-171
9
182
133
-19
-134
-86
63
134
66
-46
-92
-23
76
63
-25
-40
18
35
-25
-22
4
61
78
6
-88
-48
65
104
14
-92
-52
39
105
27
-72
-88
-11
82
89
-36
-103
-57
33
76
63
-35
-104
-50
69
131
20
-94
-68
55
100
32
-83
-48
51
66
6
-49
-15
36
25
-23
-59
23
110
32
-123
-122
11
131
94
-40
-112
-112
11
118
86
-87
-160
-48
97
134
-35
-146
-85
44
111
47
-79
-84
4
73
-13
-71
7
74
5
-117
-104
43
142
38
-129
-105
32
109
35
-77
-88
5
83
56
-23
-63
-35
32
68
32
-22
-71
-17
22
88
20
-90
-68
20
89
27
-101
-95
25
84
20
-79
-42
47
43
-37
-77
8
106
54
-98
-157
-20
203
169
-105
-219
-60
145
138
26
-90
-76
14
75
86
13
-42
-81
-16
117
101
-11
-93
-76
55
105
15
-55
-15
48
9
-58
-31
85
108
18
-110
-97
64
138
51
-65
-112
-9
105
89
-22
-138
-86
83
154
13
-147
-118
48
180
62
-131
-129
15
140
90
-46
-109
-40
88
91
7
-46
-35
28
55
-7
-48
12
48
13
-41
-38
38
118
25
-140
-162
31
189
138
-88
-191
-108
76
163
58
-122
-166
-25
124
105
-33
-124
-89
27
106
66
-58
-96
-43
32
44
-1
4
3
-24
-25
-45
-33
19
69
6
-79
-33
20
41
-8
-57
-27
19
74
26
-50
-71
13
109
61
-65
-102
-35
71
94
-11
-77
-37
41
29
-9
-29
-33
-36
1
26
30
-4
-50
-28
11
16
4
2
27
-12
-115
-53
126
168
-20
-173
-104
71
152
62
-42
-97
-33
68
115
44
-67
-106
1
142
100
-53
-106
-8
69
31
-22
-2
34
16
-67
-53
42
118
71
-34
-110
-38
91
129
-25
-113
-25
84
88
-8
-63
-62
25
62
-2
-33
-24
-32
-20
41
89
-15
-78
-63
39
93
43
-72
-75
33
104
84
-40
-92
-47
79
111
1
-78
-33
55
32
-67
-44
90
93
-57
-162
-51
140
158
-20
-164
-138
35
148
94
-79
-188
-86
110
167
-11
-184
-125
67
156
37
-124
-116
29
91
15
-60
-10
18
10
-31
-70
-23
66
43
-60
-69
-9
41
19
-12
-48
-19
49
60
-20
-67
-29
40
63
33
-18
-41
-43
7
35
31
-11
-36
-45
7
56
18
-77
-76
22
56
10
-45
-29
22
13
-29
-7
32
37
-42
-106
-20
114
140
-16
-155
-91
62
131
70
-42
-88
-44
52
131
62
-58
-113
-18
119
99
-26
-102
-45
41
84
47
-29
-24
-1
6
-13
2
57
56
23
-53
-58
35
64
18
-20
11
4
-20
23
40
-11
-57
-40
39
70
-23
-99
-47
88
104
-12
-113
-83
56
139
47
-100
-73
44
97
41
-54
-46
16
48
22
-39
-6
45
6
-29
-34
22
77
55
-78
-165
-46
175
153
-59
-186
-96
83
109
22
-82
-101
-35
47
73
21
-61
-72
-51
9
95
37
-59
-93
-18
62
39
-34
-37
16
13
-47
-63
12
74
-2
-23
-53
-46
9
59
39
-63
-91
31
133
41
-103
-82
41
123
66
-95
-149
-5
134
86
-62
-118
-27
81
63
-59
-125
-32
98
63
-59
-81
1
76
28
-67
-61
35
81
-1
-92
-77
44
154
80
-96
-160
-32
132
164
2
-139
-123
48
198
122
-107
-193
-23
166
144
-22
-129
-53
66
82
10
-65
-29
56
49
-33
-77
13
142
94
-67
-127
-24
110
105
5
-90
-50
32
86
27
-73
-67
10
65
27
-42
-75
-18
71
75
-12
-86
-61
58
97
24
-64
-67
32
103
67
-60
-93
6
92
71
-42
-83
1
57
50
-61
-59
85
103
-36
-165
-89
106
175
27
-122
-150
-55
113
147
9
-177
-169
49
189
82
-128
-179
-2
128
86
-60
-103
-23
49
51
-32
-51
28
52
-43
-99
-51
78
81
-18
-102
-55
24
73
10
-69
-40
21
57
43
-13
-74
-44
77
102
11
-95
-80
9
65
52
-2
-82
-57
14
75
27
-86
-100
23
81
-1
-79
-18
69
28
-78
-69
44
114
20
-134
-125
69
189
71
-121
-154
-9
130
114
-9
-86
-90
22
137
124
-31
-161
-69
126
157
13
-109
-99
28
132
49
-53
-56
30
50
-5
-54
10
89
64
-57
-83
36
102
35
-56
-57
1
85
47
-33
-64
-28
32
51
23
-53
-50
-22
32
77
41
-73
-84
4
87
37
-44
-43
17
48
53
18
-31
-11
0
5
4
23
35
-3
-41
-50
8
98
63
-48
-142
-77
72
141
65
-112
-170
-44
113
143
11
-162
-167
17
170
101
-109
-170
-26
113
73
-9
-72
-73
14
60
-6
-48
23
38
-43
-98
-44
68
77
-22
-92
-36
53
33
-39
-48
11
21
22
7
5
-4
-20
-14
21
56
12
-80
-49
52
80
15
-88
-83
41
107
2
-127
-71
42
86
11
-79
-46
65
55
-69
-69
40
104
9
-127
-119
86
200
71
-152
-166
-6
157
156
13
-114
-124
13
151
109
-25
-115
-40
71
83
56
-14
-75
-54
46
94
11
-44
-8
12
3
-17
28
77
42
-40
-72
10
64
19
4
4
-19
-30
-5
94
38
-114
-111
81
125
-11
-140
-93
60
166
46
-127
-109
10
125
60
-73
-78
30
110
35
-71
-56
58
71
-44
-87
10
122
58
-91
-125
12
154
109
-80
-190
-71
114
163
35
-102
-138
-74
69
147
36
-164
-173
2
170
129
-108
-172
-60
87
121
9
-100
-91
11
73
24
-28
-19
7
-6
-40
-65
9
84
2
-93
-41
31
36
-5
-23
-24
-2
49
42
-24
-59
9
53
22
-18
2
-27
-49
33
79
26
-90
-89
35
92
35
-89
-95
31
64
1
-61
-13
52
-3
-75
-16
61
69
-15
-109
-82
82
159
38
-90
-114
-10
74
90
39
-31
-65
-82
38
179
84
-91
-155
-6
153
141
-49
-170
-40
122
107
-28
-74
-20
45
7
-13
-2
40
59
-1
-38
-22
32
60
16
-29
-56
-9
57
67
-23
-80
-59
46
106
-24
-108
-44
68
75
-8
-76
-43
17
70
28
-12
-47
8
49
41
12
-25
5
9
-6
-6
35
56
-25
-66
-36
35
105
63
-53
-151
-74
81
146
53
-93
-139
-93
66
159
90
-136
-234
-25
182
140
-81
-202
-71
109
137
14
-107
-83
30
40
-3
-44
7
51
-4
-96
-78
40
110
8
-86
-70
4
69
37
-37
-93
-31
85
97
-16
-89
-38
71
60
-2
-65
-29
14
43
28
-10
-65
-61
18
79
35
-71
-101
-15
78
30
-41
-55
17
42
-22
-48
20
42
44
-66
-112
-11
154
143
-60
-203
-105
137
184
68
-98
-153
-34
139
156
19
-120
-132
28
153
115
-40
-135
-78
62
148
37
-93
-63
55
54
-29
-16
53
68
1
-72
-29
64
63
-15
-33
-14
16
50
17
-42
-55
14
56
54
-44
-89
-47
54
101
20
-95
-75
56
97
13
-74
-43
34
83
52
-27
-72
-4
71
39
-56
-71
56
123
-5
-126
-109
98
214
36
-234
-213
95
240
105
-120
-213
-62
129
137
6
-144
-150
17
139
81
-78
-134
-52
59
85
1
-55
-38
-8
4
10
24
29
-46
-47
-32
-22
22
20
-11
-24
-14
-23
-9
28
21
-27
-44
-10
67
70
-14
-107
-69
95
145
11
-127
-129
38
156
48
-105
-121
17
99
19
-89
-75
26
62
30
-61
-52
49
55
-47
-107
-15
127
97
-92
-189
1
212
173
-97
-224
-82
129
193
64
-134
-149
3
166
130
-32
-117
-73
70
132
47
-68
-83
-13
63
58
18
-25
-16
12
-4
-16
26
46
42
22
-42
-51
18
58
60
-16
-63
-21
58
71
-36
-92
-33
78
69
-20
-79
-41
15
62
35
-32
-65
-24
58
43
-20
-18
15
51
27
-9
-21
3
22
-6
-14
-1
46
53
-42
-106
-33
111
149
-5
-186
-144
83
184
74
-106
-175
-53
92
116
19
-102
-136
-32
89
115
1
-114
-124
-2
120
96
-67
-146
-39
88
73
-21
-58
-26
44
14
-64
-81
16
82
34
-60
-103
-1
100
47
-62
-89
42
83
1
-64
-35
33
71
53
-15
-106
-64
80
108
-6
-85
-69
38
62
-1
-62
-64
3
50
7
-22
-16
13
11
-30
-42
5
84
54
-95
-150
16
196
125
-102
-165
-38
95
98
48
-10
-98
-68
76
153
75
-81
-155
-46
130
195
14
-180
-127
99
170
19
-132
-55
86
55
-59
-56
65
124
29
-113
-118
64
144
50
-69
-103
5
90
95
-22
-127
-55
62
92
-5
-101
-50
54
32
18
-1
-47
-55
53
70
1
-33
-13
9
48
29
2
6
-36
-38
33
60
26
-13
-55
-54
19
109
67
-38
-113
-92
24
103
88
-25
-105
-100
-11
117
117
-57
-208
-111
119
206
9
-196
-137
45
146
61
-87
-118
-12
72
51
-36
-40
-10
30
-5
-66
-55
34
69
0
-69
-55
39
45
-1
-38
-36
-5
57
48
-16
-70
-18
39
71
30
-80
-90
48
101
40
-95
-111
21
103
44
-78
-96
-39
90
47
-50
-38
15
22
-39
-67
20
78
60
-81
-136
11
158
120
-71
-147
-62
62
122
87
-45
-113
-63
74
172
84
-95
-187
-39
186
184
-54
-189
-50
122
130
-27
-94
-2
70
-22
-65
22
115
59
-49
-74
-6
75
44
-25
-35
15
41
13
-20
5
0
-22
-36
9
46
36
-36
-92
2
110
60
-72
-113
-4
119
80
-51
-101
0
120
114
-48
-132
-33
97
94
-29
-90
5
84
15
-85
-33
95
130
-70
-214
-91
174
231
-32
-250
-164
82
224
84
-167
-213
-17
168
121
-57
-155
-72
47
87
36
-48
-68
-22
15
52
-11
-38
-10
36
-7
-86
-52
40
65
-5
-57
-59
-5
24
38
-3
-47
-51
45
68
14
-57
-42
35
74
26
-45
-71
-18
70
57
-33
-84
-14
57
59
-57
-109
-18
64
49
-24
-40
3
18
-18
-64
7
57
35
-32
-74
-68
68
165
46
-117
-148
-8
139
136
8
-120
-110
46
159
107
-69
-150
-50
129
148
17
-120
-114
49
121
33
-29
-48
-11
37
28
-9
-9
35
55
14
-48
-34
38
50
11
-15
-50
14
65
30
-33
-85
-13
78
41
-35
-81
-45
71
120
-7
-133
-83
63
166
47
-132
-130
69
192
47
-142
-89
71
115
-13
-105
-6
118
54
-100
-117
72
183
23
-170
-155
42
171
106
-69
-163
-74
72
85
43
-55
-132
-77
53
122
23
-77
-115
-46
86
101
-14
-99
-68
38
75
-11
-53
5
20
-8
-56
-71
20
74
26
-52
-81
-32
59
85
-13
-112
-62
78
119
-6
-107
-68
63
119
11
-92
-80
32
121
39
-92
-89
20
85
0
-75
-51
3
35
-16
-43
9
44
7
-67
-59
26
102
36
-80
-114
3
112
108
-8
-119
-118
42
151
83
-33
-93
-72
23
142
103
-22
-138
-73
97
136
40
-98
-93
32
81
71
-22
-65
-18
53
19
-17
8
30
53
9
-42
-37
12
51
66
-6
-64
-32
77
65
-54
-80
-12
62
41
-19
-48
-23
18
55
44
-61
-101
15
111
89
-47
-102
-7
104
83
-42
-83
9
51
23
-13
13
32
24
-47
-83
9
112
107
-75
-190
-68
123
193
45
-188
-221
19
205
144
-87
-226
-109
106
197
39
-172
-150
13
137
77
-43
-106
-41
36
65
-27
-61
14
58
-6
-82
-97
28
123
23
-89
-100
-9
65
49
-29
-69
-19
77
45
-20
-46
-13
37
43
24
-44
-62
-16
42
68
13
-95
-84
58
97
-1
-98
-83
7
84
27
-60
-33
9
-6
-31
-4
45
59
-28
-106
-60
95
144
33
-115
-132
-28
128
148
25
-121
-137
26
182
154
-60
-187
-97
140
210
40
-163
-147
51
166
59
-82
-80
18
68
7
-35
3
83
66
-32
-72
-4
60
34
-2
-11
-30
5
57
39
-44
-48
-9
32
36
-21
-25
-7
-36
29
77
-1
-99
-55
88
101
-17
-96
-17
97
90
-68
-113
29
111
59
-61
-94
46
89
11
-97
-47
85
120
-33
-183
-108
124
178
29
-152
-158
-13
126
119
-31
-152
-141
43
156
68
-99
-154
-56
85
107
-4
-90
-60
-1
20
38
20
-11
-50
-14
1
-31
-27
-3
47
24
-41
-71
-41
57
82
9
-103
-55
85
78
2
-112
-45
113
123
-33
-166
-55
110
121
-19
-124
-69
54
98
1
-95
-86
29
89
8
-91
-4
52
5
-86
-45
66
104
20
-151
-124
86
231
79
-159
-203
-18
192
193
-23
-182
-104
91
143
94
-19
-127
-97
54
156
105
-54
-143
-55
106
105
4
-55
-36
9
40
28
-3
18
29
6
-16
-41
12
42
46
4
-53
-21
21
64
26
-68
-93
32
114
23
-102
-103
21
120
58
-79
-121
9
130
63
-61
-86
23
82
51
-46
-67
39
68
-6
-68
2
103
41
-91
-107
10
151
129
-106
-222
-74
173
180
-11
-141
-133
-22
103
106
20
-142
-176
-21
174
150
-86
-221
-87
136
168
-2
-159
-89
61
83
8
-60
-26
27
12
-25
-77
-43
48
90
18
-107
-100
27
103
49
-77
-113
19
117
69
-62
-105
2
100
65
-47
-94
-31
71
90
-11
-105
-58
53
71
-34
-82
-20
33
48
-31
-78
11
66
7
-73
-52
57
82
5
-104
-110
30
188
113
-72
-183
-101
102
221
86
-148
-197
1
202
171
-50
-173
-86
111
156
49
-85
-129
-2
115
73
-33
-55
7
29
5
-10
21
24
41
35
-34
-45
4
34
65
28
-50
-62
30
89
21
-87
-71
38
81
-1
-75
-53
34
56
28
-13
-35
-21
14
49
36
-7
-32
-14
32
58
26
-28
-21
11
11
35
41
-11
-64
-62
23
122
89
-52
-172
-97
110
178
63
-148
-199
-38
152
137
-11
-175
-158
18
168
134
-76
-214
-113
112
209
22
-170
-128
44
128
39
-86
-83
49
69
-31
-113
-67
70
120
-16
-118
-66
42
69
19
-53
-70
11
87
18
-23
-27
-12
7
24
47
-15
-57
-30
45
63
2
-110
-62
66
61
-31
-95
-35
70
57
-60
-71
19
45
-39
-65
44
134
19
-179
-144
105
243
74
-177
-208
12
189
132
-22
-103
-68
4
104
117
10
-97
-111
17
130
112
-19
-124
-64
49
109
58
-53
-80
-12
63
43
-27
-8
71
59
-30
-82
-2
80
64
3
-65
-50
35
72
23
-61
-69
-2
70
54
-45
-92
-18
79
79
-22
-67
-27
40
44
9
-24
-13
18
46
29
-14
-5
0
-12
-6
25
59
7
-58
-77
-3
107
105
-42
-187
-115
116
189
62
-144
-169
-33
113
151
-3
-181
-127
30
116
61
-35
-124
-85
41
105
59
-47
-103
-51
55
65
-11
-41
-40
-2
23
-9
-39
-21
26
24
1
-48
-82
8
91
42
-71
-85
13
120
47
-83
-82
44
109
46
-92
-109
8
126
73
-82
-120
-12
118
37
-83
-110
-20
95
68
-54
-67
4
37
-8
-47
10
60
38
-68
-122
-12
149
160
-56
-195
-90
101
165
84
-65
-137
-58
93
148
47
-83
-122
-14
128
159
1
-153
-115
48
128
77
-37
-108
-34
60
81
2
-23
57
56
-52
-65
8
55
53
23
-45
-33
-10
61
50
-40
-75
-13
57
55
-34
-69
-29
50
82
-10
-68
-67
49
77
28
-52
-53
32
99
40
-60
-54
28
44
2
-10
22
7
-30
-48
-7
59
79
-8
-101
-105
16
128
100
-37
-157
-125
28
156
119
-109
-228
-88
138
203
-11
-189
-139
59
141
57
-100
-107
12
69
30
-24
-18
-5
-9
-26
-26
-47
-2
60
51
-20
-83
-76
65
86
-18
-112
-19
81
49
-1
-28
-17
-2
26
44
20
-79
-48
60
68
-17
-74
-43
28
65
-3
-80
-69
53
63
-25
-62
1
13
-15
-46
2
83
45
-85
-125
14
149
123
-40
-158
-96
67
173
94
-75
-149
-80
126
191
70
-133
-174
36
170
117
-44
-182
-48
125
140
-14
-106
-78
58
116
10
-102
-44
103
128
-36
-120
-24
60
86
34
-60
-82
0
102
59
-77
-98
-2
86
50
-36
-95
-48
74
106
8
-119
-75
62
95
11
-51
-42
22
71
43
-16
-32
0
10
-11
16
38
24
-37
-67
-10
93
123
-19
-186
-122
84
180
71
-92
-127
-91
30
110
96
-43
-178
-114
62
174
74
-131
-200
-47
154
149
-27
-162
-72
61
104
-2
-80
-23
47
16
-75
-80
28
88
23
-61
-84
-20
34
79
8
-84
-58
60
103
19
-107
-56
41
85
29
-38
-66
-33
67
90
-29
-109
-47
71
70
-32
-113
-61
76
87
-45
-87
1
47
1
-49
-40
54
89
-30
-133
-67
130
164
-15
-158
-139
74
174
120
-77
-177
-61
142
188
32
-162
-113
38
139
99
-20
-101
-91
17
105
78
-16
-71
-38
28
78
20
-49
-11
68
55
-33
-60
-25
64
94
-19
-96
-50
82
101
-22
-107
-59
70
75
0
-74
-81
27
114
45
-76
-84
20
112
37
-72
-65
40
102
40
-60
-54
26
48
-1
-48
30
84
3
-81
-84
85
151
34
-165
-173
62
190
95
-93
-164
-88
59
135
53
-98
-136
-56
102
118
-4
-101
-118
-10
92
97
-18
-111
-66
55
66
0
-56
-46
-1
44
10
-92
-71
49
95
36
-94
-125
-18
126
63
-71
-93
26
72
17
-39
-22
16
32
40
-12
-66
-26
58
53
-17
-82
-44
24
38
-2
-53
-41
14
43
-11
-37
-17
13
-6
-32
-10
44
76
-38
-134
-39
131
185
-28
-182
-121
67
176
103
-54
-124
-65
66
166
91
-68
-165
-65
120
167
40
-119
-138
27
144
94
-82
-124
9
114
50
-84
-58
90
126
2
-119
-84
88
146
23
-118
-81
57
108
20
-105
-66
58
71
-24
-80
-33
41
34
21
-2
-41
-42
39
63
-8
-63
-23
51
109
30
-61
-66
38
53
-19
-25
39
55
-32
-80
-31
75
109
-1
-114
-142
1
162
113
-42
-153
-114
28
133
78
-34
-178
-123
53
174
84
-107
-187
-46
111
157
25
-162
-157
33
162
47
-107
-106
47
104
-11
-135
-51
81
86
-35
-111
-61
58
83
17
-84
-62
46
85
33
-56
-65
8
68
34
-32
-58
-28
43
52
-7
-65
-24
39
62
-12
-101
-79
31
90
-3
-74
-8
51
-11
-66
-20
94
63
-78
-150
-9
166
143
-50
-158
-86
65
126
71
0
-77
-72
-23
104
152
12
-141
-116
63
187
99
-117
-171
-14
153
100
-44
-83
-36
33
72
39
-46
-25
74
64
-23
-74
-19
68
78
13
-72
-78
29
126
38
-126
-98
66
119
4
-130
-77
75
118
0
-98
-52
62
98
25
-73
-81
48
134
69
-67
-109
-10
103
58
-42
-49
32
63
-31
-81
7
97
94
-57
-181
-80
137
188
22
-194
-204
5
226
167
-96
-277
-132
138
206
32
-158
-125
8
99
63
-29
-86
-31
19
34
-8
-19
22
-5
-24
-28
-24
11
14
-26
-9
24
-13
-64
-12
64
27
-69
-48
49
71
10
-65
-45
46
68
22
-74
-104
28
140
53
-114
-126
27
135
42
-120
-142
39
116
41
-89
-76
21
50
-17
-61
15
104
13
-133
-100
93
184
61
-138
-185
-20
176
201
-3
-202
-132
80
195
128
-97
-166
-71
129
168
42
-113
-135
4
142
76
-53
-53
2
31
22
18
-5
-1
46
44
-31
-58
-15
65
91
10
-93
-84
57
140
-6
-108
-78
42
91
20
-74
-70
27
83
35
-63
-81
-2
110
55
-54
-83
16
109
70
-59
-67
46
39
-8
-47
15
85
20
-98
-122
44
190
86
-125
-200
-41
161
168
-22
-146
-152
-9
119
150
-19
-214
-175
69
230
107
-145
-218
-56
142
145
-7
-113
-96
3
61
34
-7
-26
-44
16
-2
-57
-37
42
40
-7
-46
-52
-8
32
25
-14
-39
2
13
27
30
-32
-25
5
37
43
-28
-59
1
56
16
-46
-65
0
96
40
-74
-134
-4
126
43
-104
-57
70
55
-56
-92
20
119
31
-124
-139
82
228
93
-158
-213
-2
191
144
-29
-134
-79
35
150
123
-25
-148
-87
63
175
96
-83
-166
-45
159
142
-47
-146
-47
120
108
-39
-121
-5
139
100
-70
-128
-5
101
101
-12
-80
-54
42
98
9
-98
-63
44
82
-9
-74
-39
25
82
32
-58
-63
6
48
7
-4
24
8
-3
-9
23
46
24
-37
-68
17
84
59
-49
-104
-43
71
120
37
-91
-141
-54
115
146
34
-120
-165
-58
121
158
-4
-190
-158
38
194
100
-119
-182
-58
114
131
21
-128
-110
12
97
61
-35
-78
-38
73
51
-83
-116
30
107
29
-66
-100
-26
87
67
-37
-109
-6
91
54
-24
-75
16
80
9
-38
-44
1
38
29
-13
-40
-16
28
-1
14
-14
-63
-60
29
48
-7
-1
1
-51
-48
20
68
52
-18
-113
-84
55
167
114
-110
-206
-41
143
204
56
-183
-183
21
253
181
-81
-238
-91
154
210
56
-156
-149
41
147
67
-56
-77
-12
53
50
-17
-41
14
104
47
-53
-82
-1
92
75
-25
-62
-35
56
36
-4
-30
-23
-20
-1
27
23
7
-62
-22
72
45
-43
-69
-16
82
81
-26
-66
15
78
41
-46
-35
17
2
26
45
32
-37
-71
-22
32
81
79
-44
-142
-85
77
133
67
-66
-160
-86
72
155
54
-147
-197
-18
183
155
-70
-199
-94
94
137
23
-103
-102
23
72
24
-31
-63
-10
42
8
-65
-52
10
39
38
0
-77
-59
6
50
48
-21
-59
-32
42
69
12
-62
-58
28
72
12
-76
-67
69
113
-15
-129
-65
80
86
-41
-128
-47
74
59
-18
-48
-29
17
3
-8
30
26
-16
-63
-68
16
134
134
-79
-200
-64
124
184
53
-115
-146
-23
138
162
23
-133
-145
46
176
113
-65
-144
-70
89
131
31
-84
-66
26
64
32
-40
-22
56
59
-10
-76
-18
49
98
28
-59
-76
9
102
50
-54
-102
-19
82
52
-33
-71
-15
53
71
-10
-81
-62
57
97
20
-76
-70
42
137
54
-71
-93
6
66
34
-2
4
6
-4
-53
-55
71
131
9
-169
-132
81
181
66
-115
-179
-83
106
166
22
-157
-173
27
173
87
-94
-129
-55
39
81
26
-37
-70
-16
55
24
-36
-48
17
62
-10
-107
-80
33
91
72
-53
-136
-72
91
134
9
-159
-92
73
144
53
-106
-122
15
148
101
-79
-143
-37
113
122
-49
-155
-42
126
101
-76
-171
-32
122
64
-91
-65
82
42
-83
-85
39
113
62
-105
-163
2
207
133
-69
-187
-103
120
218
65
-110
-151
-38
129
197
16
-163
-140
53
183
97
-55
-158
-49
100
119
14
-76
-56
25
72
34
-55
-51
62
116
4
-110
-72
73
113
51
-86
-100
14
132
59
-80
-102
-20
84
60
-47
-85
-6
64
53
-28
-67
-32
47
72
18
-29
-31
6
48
46
-14
-26
9
-18
-7
46
49
-2
-54
-57
15
91
60
-25
-132
-122
32
187
118
-76
-211
-121
96
202
51
-168
-219
-16
187
161
-61
-203
-141
73
193
89
-127
-175
-8
130
86
-70
-87
-14
72
28
-87
-73
-4
105
71
-69
-130
-33
74
75
-10
-62
-29
50
64
0
-57
-35
32
55
15
-38
-34
7
39
26
-20
-20
-31
-8
23
21
-29
-82
-33
70
56
-24
-59
-51
-8
49
59
12
-30
-58
-55
21
97
90
-24
-121
-110
47
195
125
-92
-190
-67
147
200
33
-146
-157
23
195
157
-56
-192
-93
119
154
19
-116
-89
60
102
-20
-81
-11
139
111
-60
-137
-45
123
124
-31
-115
-55
66
98
14
-80
-85
36
92
20
-68
-49
-8
25
31
44
-32
-65
-10
72
60
-35
-60
1
62
62
-14
-59
-4
40
24
-2
28
-4
-43
-22
28
44
41
11
-87
-114
-11
132
139
-22
-203
-153
72
207
85
-176
-226
-27
167
187
-32
-200
-150
60
198
83
-135
-170
-5
122
81
-39
-95
-20
57
52
-51
-116
-25
82
61
-22
-75
-46
9
45
43
-35
-58
-3
44
64
-9
-57
-18
51
74
-35
-102
-32
79
80
-32
-109
-24
93
64
-70
-140
-22
97
79
-57
-77
3
36
-27
-38
22
59
23
-57
-108
-34
133
156
-8
-181
-141
75
209
115
-112
-162
-24
139
157
3
-98
-101
14
104
93
2
-86
-60
19
88
61
-50
-71
14
69
26
-24
-44
19
89
51
-31
-77
-8
59
98
6
-79
-73
29
83
35
-50
-88
-7
83
69
-59
-119
-17
120
107
-67
-151
-17
118
124
-37
-119
-27
115
105
-39
-114
-7
86
39
-46
-31
77
33
-84
-71
56
135
49
-123
-190
-31
182
167
-42
-183
-168
26
210
123
-125
-240
-70
141
194
13
-187
-161
2
159
128
-34
-152
-87
50
88
24
-34
-72
15
62
-37
-101
-29
72
73
-43
-78
-63
12
78
63
-57
-91
3
93
59
-62
-86
21
82
49
-35
-75
-22
82
73
-37
-117
-48
98
65
-66
-132
-47
82
93
-20
-79
-17
31
-9
-22
13
53
33
-72
-103
6
98
117
18
-115
-107
-5
127
159
9
-161
-128
78
202
95
-95
-150
-35
118
137
55
-102
-154