#4
200
-51
-120
107
256
164
24
-41
48
173
158
49
22
83
128
83
7
94
197
119
-27
-42
142
250
123
-86
-77
135
273
158
-88
-87
138
271
112
-94
-52
152
231
57
-115
-9
233
215
-23
-134
52
212
146
-35
-66
87
164
75
-12
-1
124
136
8
-14
102
196
58
-84
-4
151
223
71
-82
-20
163
209
25
-83
32
192
160
-22
-82
57
178
117
-15
-38
121
185
4
-107
35
228
180
-72
-160
61
263
198
-48
-166
7
205
199
9
-124
-2
189
154
6
-36
45
95
68
43
24
67
90
45
24
61
73
49
64
73
46
32
55
78
88
99
75
-15
-7
119
166
73
-55
-1
128
169
66
-79
-38
94
175
119
-66
-62
89
151
47
-32
41
122
86
-17
-62
70
186
99
-64
-31
134
140
19
-48
12
144
152
40
-80
-18
123
188
86
-63
-50
75
133
119
37
10
17
13
88
146
111
-25
-95
4
179
197
-2
-148
-7
209
172
-37
-130
18
214
147
-77
-135
101
214
76
-109
-114
67
201
85
-83
-111
46
183
126
-73
-108
24
178
136
-34
-93
34
132
89
-12
-30
91
118
-3
-38
71
102
21
-42
54
112
53
-30
-46
32
129
93
-23
-50
33
80
48
21
19
32
37
-27
-9
73
115
40
-62
-58
38
136
113
-68
-130
41
214
141
-77
-155
16
194
122
-63
-87
50
141
52
-38
-32
62
123
52
-46
-12
86
112
20
0
33
82
44
-12
13
105
81
-13
-31
72
128
28
-80
-47
133
155
20
-109
-52
99
131
26
-77
-25
113
123
-27
-103
38
140
82
-25
-31
48
88
48
-58
0
146
120
-61
-136
37
249
144
-109
-161
42
223
133
-62
-103
24
121
97
30
-33
-22
44
48
24
54
36
3
-20
23
73
78
2
-59
15
103
43
-21
-21
19
78
25
-47
-54
38
125
32
-72
-78
59
135
14
-80
-52
83
137
7
-87
-40
86
122
11
-74
-2
110
80
-47
-47
51
86
60
-27
-44
35
64
1
-42
31
90
33
-26
-48
6
70
67
17
-30
-33
8
43
22
49
67
-35
-97
-10
142
134
-52
-148
-29
133
157
6
-129
-101
94
183
9
-111
-57
107
105
-17
-75
2
142
90
-75
-74
32
122
79
-24
-12
38
61
28
7
42
17
23
25
8
44
26
-15
-24
32
101
42
-61
-75
47
75
46
-20
-30
20
62
15
-27
-45
64
101
32
-30
-44
29
86
-1
-45
28
110
20
-72
-43
88
174
22
-143
-88
89
214
69
-119
-97
37
147
106
-43
-94
-4
81
87
24
-49
-36
60
75
-2
-40
12
75
56
-50
-111
18
147
72
-88
-90
2
100
47
-57
-41
18
40
18
-20
-23
22
34
-7
6
48
12
-25
-29
26
65
66
-19
-53
23
70
41
-28
-30
32
73
33
-39
-39
5
27
36
20
-2
31
1
-71
-36
76
124
8
-118
-76
54
98
53
-1
-81
-78
51
110
38
-51
-98
-37
90
146
14
-136
-89
85
145
6
-109
-35
80
68
7
-67
-28
76
109
-16
-90
-3
92
76
1
-28
10
-1
34
90
31
-76
-18
85
72
5
-32
-23
8
25
49
14
-28
-21
17
17
13
16
3
-3
-4
-12
23
44
23
-14
2
61
20
-44
-34
23
77
75
-12
-64
-43
42
139
61
-53
-80
6
65
73
50
-20
-92
-7
104
133
6
-118
-60
65
128
61
-68
-81
-11
75
66
13
-32
-40
21
61
12
-40
-2
26
22
-16
-19
-44
9
51
39
-43
-62
-7
76
43
-56
-67
0
82
85
-52
-71
-4
48
62
18
-24
-18
32
51
-10
-40
-16
55
68
-33
-80
7
57
29
-15
-14
-6
25
16
-24
-47
-7
92
56
-84
-115
26
104
65
-27
-85
-55
32
110
44
-111
-113
20
135
71
-67
-85
-19
71
74
-27
-66
-6
47
25
1
-24
-22
76
66
-71
-36
28
62
45
1
0
-2
2
36
47
22
-35
-38
54
79
11
-43
-58
19
68
44
-12
-43
-33
42
37
6
-35
-18
36
38
-2
-29
-10
37
15
14
21
0
3
17
-15
8
61
66
-14
-84
-33
80
135
22
-104
-80
39
145
89
-63
-111
-20
112
126
-9
-114
-69
77
135
45
-87
-107
57
138
16
-118
-56
92
100
-28
-108
-29
90
74
-35
-94
-31
36
32
-12
-24
22
-12
-36
13
29
6
-34
-58
7
85
68
-68
-102
7
106
93
-37
-92
-19
69
78
-20
-66
-11
53
56
-38
-38
-29
-29
63
55
-7
-29
-35
-26
18
26
32
-11
-50
-59
12
82
22
-44
-49
-30
19
45
62
-41
-99
-46
71
120
19
-137
-112
65
174
48
-145
-125
44
155
49
-126
-100
88
176
-28
-139
-30
113
116
-15
-92
-6
83
66
-18
-36
-4
60
44
-20
-25
2
4
5
25
19
2
-4
-23
-4
11
16
-9
-24
10
55
2
-65
-23
67
63
-4
-17
1
9
24
-13
-22
54
62
-36
-51
5
89
69
-27
-71
-6
43
51
56
0
-44
-34
26
79
64
-46
-102
-23
109
101
-30
-88
-31
67
63
-27
-74
-17
79
71
-61
-118
26
137
41
-92
-113
-23
74
51
-21
-72
-53
13
85
32
-79
-86
-5
83
81
-27
-82
-42
38
66
9
-41
3
30
11
-10
-1
4
8
22
12
-30
-4
-11
-15
25
23
-11
-18
2
-24
-22
29
42
18
-53
-69
-8
35
69
24
-73
-101
-12
104
74
-60
-120
-52
108
117
-13
-122
-81
72
94
-8
-90
-40
83
61
-23
-54
-35
57
99
1
-84
-45
63
100
42
-66
-54
36
82
29
-27
-49
1
72
59
-17
-54
-17
8
44
62
-13
-75
-60
51
71
8
-50
-41
3
39
32
-18
-46
9
51
41
2
-51
-16
62
28
-60
6
107
25
-113
-85
88
175
22
-130
-96
61
134
49
-62
-104
0
108
87
-17
-73
-57
48
69
40
-23
-42
-11
10
34
16
-32
-19
38
50
-38
-71
18
82
-10
-86
-29
22
15
5
-8
-19
-33
-9
36
20
-33
-64
-44
51
96
-4
-98
-61
41
84
48
-40
-63
-6
49
76
19
-73
-54
47
76
-17
-58
-26
29
51
-10
-61
3
49
3
-83
-32
99
82
-62
-167
-37
146
128
-23
-183
-126
95
192
29
-174
-134
49
106
67
-30
-100
-61
48
91
35
-57
-84
2
54
39
-21
-34
37
56
-27
-54
-12
68
59
4
-19
1
10
22
5
21
9
11
7
-10
22
-1
-14
9
34
22
-28
-16
7
-10
-19
16
26
-24
-12
24
12
-31
-22
11
50
7
-13
-1
-7
23
-6
-40
22
87
23
-83
-70
48
138
59
-117
-104
40
111
71
-55
-83
0
56
88
30
-72
-88
12
88
88
-5
-108
-83
69
122
-2
-109
-46
84
99
-48
-161
-9
131
76
-78
-118
-32
67
63
-37
-62
-22
6
36
6
-59
-26
6
37
24
-29
-25
4
14
-3
5
31
8
-22
-17
9
38
-7
-22
15
35
-19
-48
-7
25
32
-13
-64
6
74
-41
-94
-3
112
68
-81
-131
-36
103
110
-24
-118
-93
17
108
55
-70
-96
-23
45
97
23
-88
-90
18
95
28
-54
-55
17
58
26
-49
-45
28
89
3
-98
-42
75
94
35
-58
-44
7
51
47
11
-40
-8
75
36
-29
-23
-4
-4
24
22
26
-34
-38
-8
19
18
-3
11
-1
-21
-8
-7
25
36
-2
-38
18
49
21
-21
-69
-20
99
112
-51
-130
-34
112
122
-11
-96
-56
42
95
48
-30
-58
-46
32
108
68
-42
-95
-42
79
105
8
-113
-65
82
94
-17
-69
-31
45
63
-46
-89
14
85
5
-56
-64
-18
23
11
10
-19
-54
-4
36
-8
-48
-30
19
36
-5
-25
6
7
-17
-24
48
55
-4
-63
-32
52
44
-20
-28
7
32
-8
-33
-7
6
22
-15
-43
18
30
-15
-93
-29
99
85
-47
-147
-56
118
115
-27
-125
-104
21
129
79
-67
-153
-64
114
130
-9
-126
-101
43
121
47
-86
-103
8
106
60
-62
-83
27
119
11
-99
-43
65
83
24
-34
-26
2
40
47
11
-48
-29
51
51
29
-23
-74
3
69
35
-47
-50
27
23
-22
-32
36
50
-29
-66
-26
54
53
-9
-54
-10
77
44
-59
-36
8
24
55
53
-37
-111
-38
118
146
14
-115
-87
17
101
97
-15
-98
-67
67
128
49
-82
-106
-4
87
102
-11
-105
-54
52
104
20
-90
-55
57
82
-27
-121
-19
112
64
-72
-102
-16
38
32
-9
-40
-30
6
30
-7
-63
-24
34
18
1
-9
-7
-4
-17
1
21
26
12
-15
-20
15
27
-29
-11
33
14
-19
0
-1
-23
-12
16
16
-4
-18
-48
-19
20
54
9
-63
-67
-5
49
19
19
-33
-79
-43
43
93
-6
-115
-83
39
135
30
-82
-96
-15
94
67
-32
-69
-49
14
87
18
-94
-15
100
51
-71
-69
24
106
64
-58
-51
14
48
47
11
-47
-18
57
65
-15
-61
-17
17
25
15
12
-21
-31
9
19
25
-7
-35
-1
1
-4
-2
4
7
-20
20
61
21
-38
-43
-4
30
51
31
-3
-60
-64
49
125
67
-77
-105
-29
86
128
8
-116
-83
41
135
96
-53
-153
-68
108
162
7
-140
-85
60
104
26
-91
-57
68
90
-47
-119
8
105
46
-105
-93
28
54
-4
-24
-12
-24
-16
13
14
-22
-46
-24
12
60
18
-45
-42
15
38
47
-24
-54
-14
40
50
-20
-37
-10
32
53
-21
-35
2
-40
1
23
17
14
6
-42
-39
-5
30
63
19
-101
-106
33
105
77
-69
-153
-67
122
147
-10
-175
-130
71
164
84
-115
-166
-9
146
104
-73
-125
-4
96
46
-64
-74
44
101
21
-81
-50
60
80
29
-51
-36
44
43
1
-23
1
43
51
-15
-50
-35
49
54
-21
-43
-5
27
35
-20
-50
-29
51
31
-35
-29
13
14
-25
-19
65
42
-27
-46
4
37
5
-54
6
73
60
-58
-99
10
135
100
-68
-123
-55
81
150
31
-133
-114
75
181
62
-123
-135
5
116
98
-43
-119
-31
99
75
-35
-76
-10
55
57
-35
-117
-3
105
53
-84
-114
0
92
55
-89
-89
30
90
9
-73
-94
7
79
25
-43
-36
11
42
6
-33
-11
18
8
19
13
-26
-14
-25
46
74
-7
-77
-45
51
25
-22
-24
-8
34
21
-45
-72
8
73
45
-30
-90
-56
47
83
32
-63
-121
-8
85
78
-39
-112
-52
50
92
48
-69
-108
-40
94
79
-26
-79
-24
72
53
-37
-100
10
150
42
-129
-79
68
103
20
-65
-16
43
31
-7
-14
21
22
3
6
17
13
-25
-30
17
33
18
-28
-22
-12
0
35
0
-6
-7
-15
-20
9
27
10
-20
-21
52
49
-53
-47
19
41
40
31
-17
-72
-42
54
103
56
-57
-66
-35
53
115
50
-87
-112
12
158
105
-81
-141
-29
106
105
6
-69
-74
33
94
14
-79
-53
57
96
-24
-127
-30
99
60
-37
-101
-34
61
22
-51
-28
-1
12
17
-11
-54
-42
28
61
18
-33
-65
-16
44
54
0
-72
-6
72
14
-39
-14
19
17
-1
-13
-3
-16
-7
-31
11
49
-15
-51
-14
19
10
-48
-28
52
41
-64
-105
7
105
68
-47
-144
-60
80
111
-12
-120
-88
39
119
58
-77
-124
-12
114
60
-69
-93
7
86
44
-78
-77
63
122
-17
-120
-16
91
52
-12
-22
-7
21
23
25
23
-10
-8
26
31
10
-42
-34
38
48
-12
-45
7
40
11
-50
-54
16
68
23
-47
-41
6
43
3
-22
6
46
5
-40
2
40
3
-8
19
35
-14
-68
5
114
71
-57
-80
-8
59
92
17
-54
-54
-7
67
84
-7
-88
-27
58
74
-29
-76
-10
73
49
-42
-68
-3
74
72
-42
-138
-28
138
65
-128
-121
58
97
-15
-106
-47
69
33
-37
-33
-41
-2
27
24
-11
-45
-24
37
45
1
-48
-26
43
33
-1
-25
-34
-5
60
41
-25
-55
-10
29
-9
-8
17
-32
-35
27
41
-24
-46
-27
47
54
-49
-94
-28
80
94
-59
-150
-43
110
106
-42
-130
-72
49
113
36
-90
-109
-5
109
64
-59
-97
2
104
55
-79
-111
55
178
2
-157
-58
84
87
37
-16
-47
-13
65
32
2
-33
-38
78
65
-22
-49
-25
44
45
4
-30
-14
9
14
-40
-40
34
55
10
-23
-55
-7
36
42
-3
-48
16
47
8
-20
-29
-1
41
64
38
-58
-85
6
134
102
-79
-131
-29
98
148
26
-118
-99
45
139
58
-65
-101
-27
96
91
-2
-105
-71
62
108
15
-95
-66
67
110
-20
-136
-74
103
79
-41
-83
-48
29
45
0
-56
-39
20
32
-14
-72
-30
29
38
-9
-34
0
13
2
-13
-10
28
32
-4
-33
-3
41
4
-33
-4
15
25
-11
-19
-11
-8
25
-20
-14
37
27
-56
-58
21
88
15
-119
-102
37
131
46
-78
-124
-55
100
120
-5
-142
-127
51
157
75
-99
-149
-12
118
69
-49
-90
-5
46
29
-21
-40
14
54
19
-54
-14
49
7
-2
23
32
24
-29
-13
16
45
15
-12
-17
18
48
-15
-40
-7
48
21
-38
-57
25
52
3
-57
-23
22
36
-11
-43
-5
50
13
-5
-9
14
1
17
6
-48
-4
70
43
-53
-90
14
133
83
-59
-126
-27
100
116
14
-80
-84
15
109
87
-20
-112
-97
35
147
85
-88
-131
16
132
55
-111
-90
37
117
8
-123
-22
57
39
-38
-60
3
19
6
-36
-38
10
30
-8
-27
-31
-21
17
-15
-4
22
18
-14
-31
11
21
-8
-8
16
9
0
-2
-13
14
21
9
-14
-21
7
-19
-16
32
14
-16
-9
7
-25
-36
8
66
54
-73
-133
-13
89
95
-26
-138
-65
55
102
27
-102
-109
0
117
94
-59
-156
-49
136
106
-50
-107
-34
78
55
-27
-58
-24
66
76
-21
-75
-31
70
72
2
-56
-9
32
32
28
0
-37
1
41
31
-16
-17
5
10
9
0
20
-24
-22
10
2
9
-9
-16
0
12
-22
-34
12
63
16
-37
-19
15
49
-4
-79
-9
116
85
-98
-138
29
185
116
-121
-166
8
141
105
-25
-80
-58
26
115
49
-46
-60
-55
30
84
63
-52
-97
-3
82
71
-31
-89
-18
79
64
-84
-82
69
77
-48
-104
-9
72
22
-53
-50
8
9
-4
-2
-31
-23
-14
19
38
4
-47
-31
18
49
9
-54
-19
54
50
-22
-68
-35
69
76
-13
-67
-42
28
15
-6
12
-14
-28
13
5
-26
-41
6
44
27
-43
-94
-23
75
65
-12
-98
-94
54
134
17
-112
-121
11
113
78
-53
-116
-32
76
51
-15
-61
-30
20
59
12
-50
-39
74
83
-58
-84
8
78
38
-15
-17
16
28
3
6
6
2
29
12
2
-10
6
10
1
-5
-2
19
3
-14
-7
4
-10
-8
29
15
-37
-34
12
59
19
-48
-2
63
30
-49
-37
-13
50
88
6
-64
-58
38
98
50
-54
-84
-7
90
98
4
-75
-75
27
104
72
-28
-100
-60
34
123
67
-70
-120
-6
134
82
-82
-147
30
164
12
-174
-90
132
125
-56
-140
-59
68
69
-19
-65
-45
5
14
10
-24
-32
-16
7
35
6
-34
-28
25
39
-10
-36
8
38
-3
-39
-20
42
47
-9
-29
-5
7
-4
-50
-31
53
44
-20
-25
-2
-18
-30
-9
37
38
-47
-100
-33
65
104
11
-121
-118
48
136
35
-110
-125
-12
102
90
-5
-116
-66
63
62
8
-58
-44
19
51
-1
-61
-14
88
61
-69
-72
48
64
26
-22
-16
21
30
12
-6
-9
1
36
41
6
-24
-28
11
38
11
-27
-11
13
2
-7
-42
-1
35
19
-24
-51
1
47
28
-3
-46
6
56
12
-11
-21
-19
9
71
38
-40
-54
-9
78
68
-15
-62
-33
20
78
50
-16
-83
-28
87
94
10
-87
-76
27
93
72
-51
-97
-12
88
67
-45
-92
-13
91
40
-85
-84
51
106
-14
-93
-40
17
48
6
-45
-60
-19
53
30
-50
-60
-1
60
20
-52
-30
23
45
-10
-55
-6
54
53
-36
-65
6
52
53
-4
-59
-47
11
34
3
-42
4
12
4
22
-12
-63
-51
39
87
16
-90
-95
30
102
34
-54
-97
-14
54
47
-19
-69
-27
16
10
38
24
-37
-85
-14
57
58
-3
-59
-33
6
47
20
-19
-5
2
-21
12
54
9
-35
1
64
25
-21
-23
12
50
6
-11
5
13
16
5
-11
-3
-2
-12
-6
26
47
-22
-94
-51
64
107
13
-93
-88
15
96
59
-58
-58
50
67
-25
-49
-42
29
81
74
-34
-110
-45
113
132
-16
-135
-55
76
117
40
-68
-73
-13
91
86
-32
-91
-40
41
64
35
-22
-46
0
17
9
-9
-5
7
35
15
-87
-73
73
95
-11
-108
-66
52
68
-14
-74
-62
17
59
27
-64
-86
-11
59
44
-17
-63
11
62
27
-43
-54
10
75
18
-53
-39
39
49
3
-21
-18
-13
23
-3
-52
-3
30
8
3
-11
-29
-37
9
73
39
-75
-90
-17
56
72
15
-75
-116
-10
112
99
-65
-154
-45
84
124
1
-131
-90
77
98
-27
-87
-11
68
40
-41
-63
5
82
42
-58
-43
34
54
15
-14
-5
17
21
16
2
-7
19
29
19
-30
-29
23
36
5
-28
-22
17
19
8
-26
-57
2
51
35
-7
-52
-32
19
52
25
-29
-47
4
45
55
-21
-87
-14
109
74
-34
-115
-56
97
147
4
-117
-92
26
130
94
-42
-121
-55
85
156
33
-144
-136
50
177
59
-110
-106
33
109
36
-60
-71
-3
82
39
-102
-68
62
73
-26
-79
-38
52
49
-33
-57
-22
6
22
13
-47
-64
-10
58
64
-21
-82
-38
59
52
-32
-48
24
61
21
-32
-37
11
51
15
-53
-31
36
46
-54
-68
32
52
14
-32
-55
-6
-15
-3
40
61
-26
-142
-40
107
81
-42
-112
-71
61
89
21
-85
-97
7
80
54
-20
-70
-47
20
59
33
-53
-49
-4
45
46
-38
-60
31
70
16
-42
-35
14
46
47
-3
-26
-10
34
35
-1
-19
46
32
-17
-36
-9
33
36
-15
-39
-30
21
79
8
-90
-78
49
90
6
-66
-37
16
28
10
17
-5
10
-14
21
25
-60
-34
87
120
-25
-165
-54
146
152
-41
-131
-69
55
122
62
-48
-90
-33
72
90
48
-58
-101
-17
81
90
2
-84
-52
32
79
8
-57
-32
37
57
-40
-103
34
95
-5
-94
-45
49
35
-46
-56
13
50
3
-51
-46
-10
37
11
-8
5
11
-5
-34
-1
31
-5
-28
30
40
-4
-54
-19
39
66
18
-84
-80
42
79
-29
-56
-12
9
55
19
-79
-66
16
60
33
-38
-91
-31
39
67
25
-78
-118
-7
111
95
-68
-164
-36
122
108
-41
-117
-62
54
91
0
-101
-31
50
74
1
-79
-32
66
66
-40
-49
25
56
23
-18
-17
45
31
-11
-34
19
39
28
0
-10
-7
-14
-6
24
16
-19
-21
7
38
16
-65
-44
18
52
20
-39
-50
1
61
36
-43
-19
17
25
1
2
-4
-17
49
48
8
-64
-71
45
157
47
-119
-131
23
147
112
-52
-120
-33
93
141
11
-137
-90
48
132
58
-57
-90
-17
64
40
-13
-39
-16
10
16
-14
-39
48
40
-50
-73
9
29
17
-35
-41
7
43
5
-34
-72
-21
46
40
-21
-53
-36
17
58
33
-39
-67
15
90
49
-54
-84
-3
83
45
-54
-65
8
62
-21
-72
10
53
-10
-14
4
-47
-30
25
47
17
-56
-72
-35
49
75
1
-73
-92
0
81
59
-58
-111
-28
83
90
6
-117
-78
47
93
29
-79
-91
41
100
0
-101
-44
103
105
-54
-114
-5
99
56
-41
-24
29
44
-1
-21
18
7
11
31
9
-11
-6
-4
23
33
-17
-50
13
61
-4
-80
-63
66
101
-5
-100
-70
52
82
24
-59
-35
61
59
-17
-63
-15
8
75
65
-24
-92
-44
86
111
6
-98
-58
52
101
31
-52
-58
-11
39
76
58
-49
-93
-39
80
116
-9
-93
-49
60
77
-20
-72
-2
49
57
-61
-95
27
102
11
-78
-63
1
43
-2
-42
-8
4
-29
9
-1
-50
-24
19
45
-14
-10
-12
-23
25
38
-23
-41
27
65
-1
-47
-37
8
68
44
-65
-65
32
49
-29
-40
-9
19
38
16
-58
-90
-7
68
93
-18
-140
-89
64
144
61
-145
-148
35
134
75
-89
-135
-27
78
111
-17
-101
-91
41
123
33
-105
-74
42
87
5
-76
-69
59
110
-5
-100
-20
55
60
12
-33
8
14
35
19
-11
-30
14
67
5
-33
-17
18
20
-8
-15
14
12
7
-21
-53
-12
26
43
-17
-30
-1
-2
-12
35
29
4
-8
-21
14
32
-17
-40
28
94
17
-112
-60
58
130
61
-96
-103
3
115
106
-39
-109
-49
48
108
36
-65
-67
3
80
62
-29
-71
-14
58
44
-26
-75
-1
72
17
-64
-59
38
97
-24
-100
-24
68
19
-59
-84
21
87
21
-89
-83
18
69
2
-45
-10
6
-12
2
36
9
-40
-40
59
82
-8
-89
-41
41
63
19
-40
-47
28
17
-44
-18
25
9
-7
11
-17
-41
-22
42
69
-14
-109
-78
68
94
30
-98
-123
-17
134
93
-68
-146
-58
108
121
-13
-118
-101
52
123
29
-87
-96
21
83
50
-57
-83
41
93
-13
-88
19
83
-11
-65
32
92
33
-76
-47
55
72
16
-27
-14
22
1
-23
7
32
1
-47
-2
62
25
-90
-43
66
61
-33
-68
-23
25
63
23
-55
-33
62
50
-33
-50
-4
31
47
41
20
-44
-77
7
117
63
-53
-68
-25
57
100
45
-97
-97
28
129
89
-56
-138
-29
89
108
-7
-76
-37
27
52
-6
-36
1
11
18
-41
-33
34
55
-3
-78
-68
35
65
-2
-77
-78
21
73
42
-97
-95
31
82
41
-65
-60
-5
43
36
-14
-25
-24
13
31
35
-7
-44
-24
26
62
2
-70
-39
20
24
14
-45
-45
23
58
-12
-84
-50
55
74
-7
-97
-62
37
77
29
-73
-94
-12
69
80
-22
-119
-92
55
146
52
-101
-140
-15
133
88
-80
-128
-10
111
64
-52
-99
8
136
38
-113
-79
73
126
-10
-78
9
50
49
-40
-22
33
61
37
-46
-39
19
62
22
-48
-47
-7
41
58
6
-81
-75
37
92
40
-66
-86
3
70
60
-12
-63
-22
50
68
27
-64
-87
45
133
41
-102
-112
38
157
74
-97
-117
-5
129
115
-35
-102
-40
57
76
27
-28
-50
-58
43
113
43
-82
-85
9
91
41
-71
-63
10
75
32
-83
-42
66
24
-64
-54
-3
50
-7
-67
-34
39
46
-26
-58
-70
17
77
25
-63
-47
21
37
31
-16
-56
-29
71
79
-31
-87
-20
72
88
-38
-117
-38
95
82
-80
-88
22
70
31
-36
-54
-54
0
62
46
-5
-74
-103
7
115
58
-65
-111
-31
40
86
23
-91
-104
24
117
93
-67
-168
-31
135
124
-66
-144
-35
111
102
-53
-129
11
132
40
-115
-53
89
81
-27
-54
22
81
-9
-65
20
83
19
-34
-27
20
23
22
-1
-26
-22
12
23
23
-30
-58
9
52
23
-35
-32
-1
7
27
17
-16
-22
30
39
-4
-32
-8
-9
46
56
13
-60
-75
12
118
72
-36
-79
-23
58
65
37
-53
-95
10
109
75
-44
-92
-15
81
83
-33
-85
-14
60
62
-28
-60
-49
37
98
-9
-87
-34
59
25
-39
-35
-11
9
-12
-26
1
8
-8
-12
-21
-31
4
29
17
-22
-48
-27
46
42
-11
-61
-1
67
37
-31
-36
-1
36
14
-15
-33
-6
26
5
-48
-1
42
23
-13
-18
-37
-53
-2
83
52
-40
-108
-35
62
44
9
-53
-52
-22
40
80
9
-107
-108
21
123
63
-64
-106
-14
85
51
-76
-78
40
110
4
-118
-70
86
120
-26
-101
-18
74
57
-11
-25
27
41
4
-42
14
22
56
40
-26
-46
-25
34
56
11
-51
-53
27
48
14
-65
-43
41
48
10
-35
-47
-19
50
44
-29
-57
45
39
-5
8
-14
-35
18
81
40
-60
-104
-10
126
120
-52
-122
-42
100
109
-23
-95
-61
48
115
33
-46
-73
-42
72
111
1
-89
-62
43
71
25
-67
-66
40
110
2
-138
-44
96
58
-64
-72
12
50
-19
-89
-21
65
29
-14
-57
-58
-8
47
53
-31
-70
5
58
30
-24
-64
-19
49
69
6
-65
-32
24
58
-2
-21
-6
2
2
-44
-5
57
3
-31
12
-2
-47
-11
31
34
-7
-54
-61
20
81
25
-68
-100
-18
77
82
1
-105
-71
21
72
78
-38
-117
-67
84
118
-25
-121
-36
97
90
-69
-111
30
132
27
-96
-58
67
83
-4
-69
-7
72
59
-18
-56
2
68
74
-13
-91
-33
56
52
-19
-43
-15
26
45
15
-56
-70
15
53
29
-26
-25
-30
13
31
14
-2
28
16
-30
-20
15
-2
16
44
27
-36
-80
20
117
63
-60
-99
-19
67
103
12
-75
-86
28
122
84
-61
-114
-66
91
160
2
-141
-76
80
116
-10
-107
-64
72
96
-21
-116
-19
115
35
-85
-93
7
75
4
-77
-69
33
81
16
-92
-78
35
72
12
-17
-61
-19
43
27
-22
-34
9
48
33
-13
-48
-43
26
90
43
-97
-95
51
101
-25
-104
-32
93
49
-35
-51
-37
9
17
21
10
-42
-50
-23
36
58
9
-61
-88
-12
99
78
-73
-155
-27
140
109
-58
-155
-32
108
58
-55
-92
7
83
45
-48
-75
15
97
27
-88
-33
77
49
-15
-29
16
49
14
-37
-4
17
27
51
7
-38
-29
1
41
27
-20
-29
-1
21
33
-16
-76
-16
63
51
-36
-75
-18
66
52
-14
-56
2
36
30
13
-30
-47
16
93
56
-76
-89
11
138
88
-74
-98
3
78
60
15
-41
-76
-19
95
92
7
-101
-85
43
133
81
-91
-131
-4
125
53
-43
-87
-6
81
20
-55
-28
61
27
-70
-53
-4
28
0
-48
-22
20
43
11
-85
-89
31
102
31
-78
-79
-3
80
56
-12
-61
-40
54
70
-5
-68
-31
34
36
26
-15
-57
-15
31
-27
-15
39
-20
-30
31
43
-66
-94
27
123
30
-116
-117
30
102
45
-64
-112
-20
70
73
-14
-74
-84
-19
72
83
-11
-106
-65
84
82
-55
-95
6
90
27
-54
-68
42
110
-4
-110
-29
88
71
-16
-74
-1
84
40
-34
-29
12
31
45
7
-54
-24
33
73
3
-58
-30
18
39
17
-49
-46
3
57
12
-30
-18
-19
-3
29
32
9
0
-4
-10
13
9
-33
3
78
48
-52
-89
-12
111
128
-38
-135
-36
75
105
20
-61
-49
-1
83
69
-4
-87
-62
30
100
58
-73
-93
20
112
29
-91
-81
45
141
9
-176
-70
130
109
-63
-135
-6
81
19
-74
-53
31
46
7
-51
-89
-8
81
58
-49
-84
15
72
16
-27
-34
3
23
16
-20
-22
12
29
-8
-1
6
-16
7
23
-52
-46
13
46
11
-13
-31
-22
-35
4
57
19
-53
-81
-29
80
82
-16
-118
-125
64
165
49
-161
-161
42
169
72
-119
-131
17
100
60
-32
-87
-46
44
99
-1
-85
-44
71
66
-44
-48
25
63
13
-56
-9
101
35
-65
-49
20
95
97
-37
-107
-44
64
103
42
-77
-111
9
85
74
-36
-125
-32
97
83
-48
-88
-23
56
56
0
-74
2
58
18
-4
-10
-38
0
71
56
-47
-102
-26
125
109
-27
-107
-63
70
99
24
-67
-66
14
73
74
8
-42
-71
-19
82
91
-36
-95
-7
61
13
-31
-29
28
46
-22
-74
1
91
28
-101
-74
69
75
-59
-118
-37
93
85
-32
-106
-87
20
96
77
-43
-112
-65
73
121
-10
-94
-47
59
89
29
-65
-90
-13
74
91
-1
-87
-60
47
36
-29
-19
-16
12
26
14
-32
-81
0
80
63
-59
-127
-15
71
62
8
-75
-93
-3
113
74
-85
-142
-36
127
110
-51
-144
-31
105
81
-57
-109
4
88
36
-52
-72
42
99
-8
-100
-22
82
78
-23
-71
22
87
51
-53
-67
31
83
55
-45
-81
20
98
26
-72
-47
13
31
41
8
-53
-79
10
74
58
-30
-74
-25
21
51
28
-41
-7
33
14
-3
-7
-47
-10
75
92
-16
-130
-65
118
157
-18
-130
-62
58
101
58
-61
-97
5
104
65
-35
-82
-48
34
94
59
-57
-96
-7
84
60
-32
-84
-32
73
82
-56
-98
25
68
0
-74
-31
31
18
-41
-46
23
65
-8
-82
-80
20
93
7
-76
-43
47
48
0
-37
-32
33
66
5
-30
-37
7
42
14
0
-18
-18
-16
8
-15
-28
19
-1
-24
32
30
-36
-67
-15
63
50
-43
-97
-36
73
86
-21
-113
-108
35
129
67
-109
-138
0
109
97
-41
-124
-53
68
81
-10
-82
-37
26
63
-2
-73
-8
76
40
-49
-35
32
43
4
-21
8
65
23
-49
-42
31
79
59
-34
-104
-19
97
76
-21
-81
-48
33
80
23
-48
-65
-17
50
61
-17
-92
-47
40
91
20
-46
-38
10
53
33
-14
-63
-20
86
100
-41
-129
-34
137
125
-28
-123
-75
74
132
29
-95
-67
26
95
57
-7
-56
-59
-2
65
94
-14
-98
-62
55
109
27
-106
-59
74
76
-46
-68
33
33
-54
-42
30
33
-28
-73
-26
36
33
6
-25
-57
-49
17
83
22
-88
-73
6
106
64
-75
-109
14
132
67
-72
-115
-10
102
81
-45
-91
-23
72
-4
-30
6
-4
-29
17
30
-36
-68
-22
98
71
-89
-143
-27
99
90
2
-110
-118
32
135
45
-108
-136
4
129
91
-64
-151
-43
129
86
-66
-112
5
102
34
-78
-70
35
109
20
-92
-37
65
67
-34
-38
58
58
-10
-60
14
65
18
9
-10
-11
-10
9
22
20
2
-41
-40
38
60
-12
-82
-18
40
52
3
-45
-25
25
27
2
-21
5
29
35
-7
-22
-47
-13
104
99
-37
-126
-57
115
154
-4
-128
-71
43
112
66
-52
-108
-31
110
141
7
-149
-109
64
142
64
-94
-117
-4
114
76
-66
-101
11
101
40
-96
-91
65
83
-37
-74
-1
38
-12
-53
-36
29
30
-16
-39
-45
-14
39
21
21
-28
-76
-7
59
61
-50
-71
12
83
47
-57
-70
11
44
57
-23
-55
-3
24
-12
-38
-6
20
15
2
11
-37
-56
1
53
37
-21
-82
-62
35
83
18
-94
-89
17
106
46
-95
-107
-5
93
88
-36
-117
-78
71
132
2
-128
-56
67
110
-4
-120
-45
109
85
-88
-79
63
96
-13
-68
-4
77
50
-19
-51
-18
42
101
39
-69
-108
3
108
79
-46
-103
-19
82
81
-38
-100
-48
40
88
30
-61
-75
13
63
22
-29
-2
37
-2
-14
-8
-6
-2
26
52
11
-45
-65
28
97
42
-42
-94
-23
94
128
-26
-134
-54
101
146
4
-126
-104
42
143
46
-85
-74
8
94
44
-65
-70
26
90
-4
-90
-56
79
80
-61
-108
2
106
5
-121
-58
58
65
-1
-73
-75
-18
50
86
-3
-95
-88
52
142
44
-104
-145
20
203
87
-146
-158
26
155
88
-80
-130
21
118
4
-126
-46
81
78
-17
-71
-63
-6
54
42
23
-55
-82
-42
88
81
-27
-94
-50
34
65
15
-61
-51
-6
37
44
2
-57
-62
34
64
-2
-61
-36
43
39
-12
-55
5
65
27
-53
-45
60
56
-16
-49
12
100
47
-66
-66
7
92
92
-32
-55
-47
17
57
41
-11
-50
-44
-3
80
39
-88
-89
18
92
13
-53
-50
16
42
25
-16
-12
29
14
-8
-3
-14
-27
6
67
47
-49
-101
24
147
64
-90
-125
8
107
98
-2
-103
-82
76
149
37
-137
-113
66
130
54
-81
-107
-15
99
99
-44
-116
4
114
38
-132
-84
118
123
-82
-175
-16
135
65
-122
-134
30
122
41
-83
-112
-4
76
54
-10
-93
-29
38
64
8
-43
-27
35
52
-5
-47
-37
45
31
-7
-14
9
7
-11
-33
9
40
-34
-52
30
56
-29
-91
-16
88
70
-70
-127
-18
91
95
-11
-137
-103
41
127
57
-92
-124
-37
84
127
17
-128
-113
50
126
28
-106
-75
58
95
6
-88
-63
63
113
-42
-96
2
99
18
-35
0
35
41
-7
-47
-15
39
105
38
-71
-70
13
96
46
-65
-88
2
76
37
-41
-75
-10
69
54
-32
-84
-12
49
54
4
-44
-11
54
35
-17
-19
-24
-38
54
78
22
-78
-73
58
136
29
-82
-85
10
94
68
-20
-64
-40
27
97
68
-46
-109
-50
101
128
-23
-142
-60
116
131
-49
-140
-31
142
74
-117
-124
56
140
-22
-128
-54
80
89
-77
-140
-31
131
122
-74
-184
-64
112
127
-11
-129
-68
69
98
25
-76
-84
11
103
58
-67
-100
14
69
69
-12
-56
-25
7
-4
-7
30
-5
-44
-8
43
8
-57
-62
64
82
-39
-120
-38
69
76
-4
-89
-80
12
65
51
-23
-97
-60
37
95
40
-92
-99
18
108
39
-79
-87
17
94
46
-97
-72
81
102
-41
-98
14
64
28
-14
-11
36
66
-18
-57
-9
28
85
32
-58
-45
7
52
45
-12
-59
-18
22
47
2
-73
-32
51
57
-12
-58
-31
23
57
29
-34
-30
27
42
25
-26
-59
-30
77
107
-10
-97
-84
84
135
11
-92
-84
26
102
73
-22
-103
-47
78
129
26
-93
-89
9
76
91
-1
-105
-37
69
54
-37
-51
-2
57
45
-81
-84
65
98
-15
-124
-43
76
64
-66
-92
-13
46
59
-34
-106
-45
67
79
-8
-57
-44
1
59
32
-32
-57
-16
77
72
-41
-98
-9
95
59
-41
-87
-24
73
31
-56
-18
23
14
-22
-18
15
-12
-50
0
77
54
-119
-119
7
152
94
-115
-183
-16
177
121
-96
-186
-54
120
145
-14
-142
-114
70
153
16
-119
-94
46
117
4
-116
-53
105
84
-70
-72
33
86
25
-75
-21
90
72
-43
-88
8
85
77
-12
-86
-42
46
74
29
-18
-68
-51
45
105
14
-136
-88
77
131
-6
-121
-63
84
74
-11
-61
-16
56
37
-20
-27
-11
-1
44
51
18
-59
-77
40
131
38
-89
-106
26
128
72
-65
-65
-18
43
78
48
-28
-96
-54
83
150
25
-167
-114
97
137
1
-118
-45
89
71
-50
-95
41
71
-43
-92
-16
66
49
-62
-114
0
95
46
-50
-130
-49
85
106
-19
-93
-60
27
88
65
-64
-108
-9
107
87
-53
-116
-18
93
97
-32
-110
-39
76
57
-47
-51
-32
28
59
19
-55
-94
-17
91
101
-53
-153
-72
100
133
17
-120
-121
28
131
51
-89
-132
-29
85
98
19
-108
-88
30
98
20
-87
-37
42
48
-5
-68
-17
69
64
-50
-61
38
47
1
-32
13
69
55
-40
-89
4
62
89
38
-69
-110
7
127
70
-54
-116
-31
102
99
-47
-112
-56
47
102
16
-59
-66
-3
63
49
-27
-43
1
47
48
0
-81
-81
84
150
8
-121
-99
64
148
50
-90
-113
0
118
100
-20
-102
-56
53
119
39
-89
-92
-3
94
94
-21
-103
-40
78
89
-27
-98
-28
78
75
-31
-92
-4
26
-20
-7
3
0
-9
-58
-41
8
59
22
-53
-87
-37
86
68
-48
-82
-28
32
76
23
-54
-39
17
65
19
-36
-47
-10
57
74
8
-72
-64
26
37
3
-12
-65
-33
61
88
-22
-139
-62
116
122
-46
-144
-60
68
120
8
-102
-92
-5
85
49
-23
-80
-65
40
94
30
-59
-84
-15
57
38
-34
-37
19
28
-11
-46
-6
80
58
-100
-101
85
158
-10
-126
-65
115
132
-28
-123
-45
98
135
5
-114
-86
62
123
36
-64
-107
-24
94
82
-28
-95
-46
41
62
37
-36
-87
-17
70
74
-32
-67
13
35
23
-1
-26
-35
20
86
36
-69
-81
17
140
72
-85
-106
8
85
97
6
-77
-74
27
87
95
-28
-106
-58
55
126
13
-100
-55
62
97
-10
-86
-56
45
73
-22
-106
16
110
-20
-110
-32
106
48
-101
-113
24
104
51
-64
-129
-35
63
98
7
-83
-63
28
75
41
-62
-69
-4
70
56
-29
-33
-11
4
20
24
9
-18
-31
-7
-7
25
12
-33
-19
21
7
-22
-32
10
10
0
-34
-50
24
57
15
-38
-97
-28
70
59
1
-66
-112
-9
145
98
-92
-175
-29
148
124
-60
-167
-20
128
76
-79
-119
17
140
37
-103
-56
69
69
-10
-45
23
63
11
-56
-31
30
91
61
-61
-99
26
84
56
-28
-76
-54
20
124
33
-115
-111
44
126
42
-99
-90
16
114
47
-77
-80
55
101
15
-83
-63
30
77
56
1
-83
-75
38
120
63
-65
-83
2
45
93
53
-59
-87
-35
98
128
-6
-132
-91
66
149
34
-126
-88
88
104
-23
-92
-29
71
57
-61
-99
22
119
8
-107
-48
49
42
-33
-73
-40
32
72
3
-103
-81
48
108
42
-84
-125
-25
133
144
-41
-185
-91
143
196
-13
-198
-128
124
173
4
-164
-87
72
98
-7
-91
-51
16
76
59
-62
-134
-41
108
104
-26
-132
-82
36
103
74
-62
-159
-68
117
158
-21
-204
-117
106
178
4
-133
-110
27
126
58
-91
-95
15
79
31
-51
-34
23
45
-15
-59
46
104
5
-100
-53
95
139
2
-121
-98
69
175
92
-88
-172
-20
149
120
-40
-133
-50
83
102
-11
-104
-59
48
76
15
-67
-43
26
51
15
-27
-8
51
2
-40
8
48
-22
-31
57
78
-42
-94
-42
93
119
21
-95
-106
31
142
110
-88
-159
-16
151
114
-50
-112
-53
56
109
12
-54
-57
35
68
-7
-60
-29
29
65
-27
-100
7
117
18
-119
-78
48
73
-3
-61
-45
-16
40
29
-26
-82
-64
88
149
-38
-182
-85
117
189
-26
-212
-88
169
186
-50
-180
-50
119
102
-37
-109
-32
75
43
-87
-49
39
41
-6
-5
-3
-50
-50
47
82
5
-99
-91
15
90
85
-41
-148
-102
88
169
28
-164
-154
38
169
90
-109
-162
10
141
81
-78
-140
18
126
55
-102
-109
60
158
-7
-122
-30
96
76
-53
-63
46
99
18
-70
-29
39
85
43
-46
-62
-13
79
57
-27
-81
-32
48
92
12
-88
-77
19
81
34
-42
-63
-4
55
15
-19
-30
21
11
12
33
-19
-78
-1
118
69
-68
-122
-42
124
158
-4
-154
-81
74
144
62
-105
-139
7
175
110
-57
-178
-69
120
175
20
-169
-115
108
157
-9
-145
-68
85
112
-23
-119
-31
105
39
-90
-79
30
74
-25
-102
-31
84
58
-67
-98
-25
57
46
-9
-19
-40
-8
26
38
26
-48
-47
23
64
38
-45
-56
-4
59
66
-36
-77
-16
37
25
-8
-36
-39
18
73
8
-80
-72
36
91
12
-100
-81
28
99
50
-84
-113
-18
86
91
-25
-108
-82
28
108
65
-72
-131
-30
116
97
-62
-123
-14
120
79
-66
-117
18
116
35
-82
-36
43
57
-3
-27
31
61
-4
-56
-31
40
102
61
-62
-99
-12
94
86
2
-119
-82
74
127
12
-137
-94
52
105
31
-75
-62
14
51
17
-23
-19
33
37
-10
-24
-13
-25
24
70
33
-41
-58
-15
76
72
5
-71
-83
38
134
74
-106
-111
28
137
58
-73
-95
-20
57
82
22
-59
-45
28
62
-8
-53
-36
71
58
-62
-94
18
105
25
-110
-76
60
78
-18
-111
-53
66
95
-3
-118
-113
32
144
55
-104
-104
6
108
64
-62
-93
-17
97
92
-49
-83
-26
55
61
-6
-53
-46
-2
53
15
-22
-43
-22
24
62
12
-93
-81
19
119
61
-111
-130
-22
117
106
-39
-136
-93
78
122
17
-117
-102
17
99
60
-41
-118
-32
96
92
-37
-123
-28
77
97
-32
-129
-20
145
74
-96
-83
49
105
-4
-88
-20
103
99
-22
-95
-55
90
139
-1
-113
-86
36
134
63
-85
-134
-12
157
92
-121
-151
16
145
73
-60
-133
-15
104
72
-41
-84
12
62
24
-5
-6
-48
-11
94
75
-48
-122
0
117
60
-13
-62
-36
22
64
67
-24
-92
-40
80
125
14
-125
-110
42
167
86
-110
-159
30
172
63
-141
-128
76
153
-5
-159
-37
115
54
-95
-91
45
102
-6
-136
-96
69
147
40
-154
-152
38
158
64
-117
-143
11
136
99
-58
-162
-30
135
88
-28
-100
-24
51
55
8
-53
-43
26
50
-32
-49
-3
0
-1
27
35
-32
-95
-15
83
59
-64
-108
-45
69
125
-4
-144
-92
44
139
44
-120
-140
-17
134
110
-47
-144
-52
106
88
-28
-93
-32
50
62
-21
-70
4
77
15
-69
11
90
31
-65
-68
75
118
22
-95
-83
32
121
92
-39
-118
-40
90
110
-16
-108
-65
40
98
52
-103
-106
17
109
49
-58
-79
-12
81
70
-8
-87
-44
63
71
13
-36
-81
-11
90
106
-21
-145
-59
136
138
-30
-118
-25
58
64
24
-14
-37
-51
46
102
16
-95
-67
23
103
51
-50
-69
7
61
40
-46
-37
12
66
-8
-91
-30
94
51
-101
-106
43
129
-20
-153
-68
95
94
-19
-108
-88
46
107
18
-98
-67
26
81
39
-57
-56
1
70
58
-35
-65
-8
68
23
-45
-24
6
-3
20
-15
-30
0
-7
-11
30
26
-21
-82
-7
95
64
-96
-156
-24
142
112
-48
-157
-84
86
140
-6
-130
-124
28
142
62
-78
-118
0
108
45
-68
-82
13
72
43
-42
-94
-7
114
70
-101
-59
72
90
-20
-97
4
142
61
-98
-101
48
150
48
-85
-84
-14
64
86
23
-50
-121
-14
128
93
-94
-148
-1
148
73
-95
-105
12
97
32
-76
-44
63
69
-1
-66
-27
6
45
60
27
-27
-102
-34
101
118
-20
-107
-46
59
93
56
-57
-103
-6
100
105
-16
-116
-76
46
120
49
-66
-94
20
78
31
-36
-75
20
99
20
-96
-49
57
36
-38
-72
1
77
14
-104
-85
69
106
-14
-126
-101
49
109
64
-59
-126
-51
81
126
4
-103
-106
42
143
57
-117
-104
48
124
39
-86
-101
26
98
-12
-99
-38
63
68
-20
-41
-29
-15
-3
47
43
-47
-93
-29
57
88
-5
-92
-80
3
86
64
-60
-109
-40
73
108
13
-132
-105
64
135
7
-109
-73
70
102
-22
-132
-34
144
91
-93
-82
46
71
8
-59
-2
70
69
-29
-89
-3
103
109
-21
-127
-53
67
107
35
-90
-125
-2
130
85
-52
-137
-56
98
102
3
-99
-74
45
108
23
-100
-51
67
93
-5
-83
-46
28
90
54
-40
-89
-36
82
113
-4
-113
-42
80
98
-2
-75
-32
20
46
36
9
-43
-34
21
53
37
-38
-57
-5
74
43
-57
-81
9
87
39
-64
-80
48
58
-42
-62
0
62
3
-74
-69
22
86
16
-72
-82
9
77
30
-22
-68
-46
19
82
36
-46
-74
13
68
51
-21
-40
-28
13
74
11
-59
-54
13
27
11
-18
-48
0
60
49
-72
-106
15
121
36
-93
-106
-8
82
68
-8
-76
-98
15
93
66
-65
-144
-36
103
133
-11
-157
-93
80
136
9
-118
-76
60
95
-3
-119
-33
125
76
-99
-92
81
106
-21
-98
-6
135
76
-81
-113
8
128
110
-52
-127
-28
98
100
-38
-104
-43
78
84
-11
-88
-62
28
64
41
-50
-35
-1
17
14
-1
-15
15
38
2
-21
10
3
-36
15
93
24
-93
-85
74
112
22
-63
-57
16
55
66
20
-84
-55
41
126
61
-92
-150
1
169
135
-83
-157
-37
134
85
-58
-100
3
95
21
-92
-33
71
53
-73
-95
24
92
10
-111
-86
63
118
15
-137
-128
46
145
55
-96
-125
-22
111
112
-19
-143
-83
105
128
9
-107
-88
37
83
51
-32
-84
-12
69
5
-46
-29
12
11
17
10
-34
-64
-26
75
74
-52
-138
-52
79
118
4
-113
-91
28
82
27
-73
-98
-26
77
93
31
-116
-144
36
159
63
-112
-127
18
118
70
-101
-109
63
115
-32
-57
4
32
1
-19
28
83
35
-58
-67
17
86
73
-18
-77
-53
53
88
18
-63
-68
8
71
73
-44
-132
-34
120
111
-52
-126
-45
84
113
0
-113
-22
100
47
-48
-36
-3
18
56
54
-24
-79
-52
66
109
47
-87
-95
24
111
84
-46
-92
-3
92
51
-2
-39
-64
-2
79
76
-36
-84
16
64
29
-48
-52
31
51
1
-44
-53
43
27
-59
-26
27
14
-36
-48
-31
22
57
7
-49
-111
-33
88
122
-14
-152
-89
74
137
63
-107
-164
-3
166
112
-80
-158
7
121
59
-67
-88
11
52
-11
-36
10
-9
-27
14
46
-7
-83
-54
34
77
13
-87
-87
26
96
44
-76
-122
-21
92
89
-40
-132
-68
89
124
-23
-123
-73
47
111
9
-82
-62
41
96
6
-104
-67
93
105
-38
-75
5
70
18
-38
0
67
45
-23
-55
3
49
82
10
-74
-43
22
71
48
-30
-85
-52
68
128
-14
-138
-84
85
128
8
-93
-80
40
87
17
-64
-48
67
80
9
-67
-84
28
108
65
-43
-85
-56
63
133
47
-75
-111
-21
91
121
12
-124
-91
48
164
77
-92
-137
-24
137
122
-55
-122
-28
97
65
-59
-68
13
74
25
-86
-60
85
49
-76
-88
36
87
-19
-126
-58
74
112
2
-97
-122
-11
111
87
-33
-128
-84
76
152
36
-151
-129
75
177
41
-120
-98
19
87
57
-32
-78
-30
63
49
-29
-64
-51
13
72
73
-63
-147
-10
119
99
-43
-156
-79
91
130
-1
-121
-115
17
131
60
-86
-130
-17
95
81
-24
-101
-87
65
119
23
-111
-86
52
115
7
-143
-52
129
123
-72
-119
40
117
13
-99
-33
113
94
-16
-127
-68
82
170
60
-115
-153
17
180
92
-101
-156
5
121
89
-55
-139
-25
119
77
-58
-119
-9
83
49
7
-44
-34
46
25
-7
-11
-30
-14
51
58
6
-63
-66
36
112
66
-77
-104
-8
107
104
-23
-129
-71
85
125
40
-76
-102
-16
93
109
-21
-104
-57
56
86
3
-67
-40
57
53
-63
-59
39
59
-41
-80
22
78
-20
-87
-66
42
77
2
-58
-79
-21
39
66
36
-80
-97
11
118
70
-69
-130
-14
117
117
-17
-153
-53
114
129
-42
-107
-42
69
59
-44
-50
-14
10
49
23
-43
-81
-28
78
85
-27
-135
-70
68
98
25
-88
-109
-13
116
91
-70
-144
-71
86
164
13
-155
-132
82
162
18
-122
-90
76
100
-14
-103
-56
90
122
-43
-127
5
133
37
-106
-43
114
105
-37
-117
-34
78
143
54
-106
-133
6
142
85
-86
-124
-3
84
80
-12
-88
-58
11
82
34
-28
-82
-27
51
80
0
-69
-30
37
74
15
-65
-68
57
121
45
-100
-155
23
180
106
-94
-159
-15
124
129
-28
-121
-55
48
113
66
-36
-130
-51
110
150
-23
-149
-52
100
96
-41
-92
-20
86
33
-75
-61
59
73
-45
-102
-6
87
17
-91
-92
19
131
61
-90
-141
-57
106
137
-30
-145
-78
83
118
35
-87
-118
5
152
74
-89
-123
-15
104
99
-35
-114
-28
86
27
-40
-41
2
7
11
32
-31
-72
-19
46
68
-17
-78
-44
21
66
26
-48
-109
-35
94
78
-42
-116
-60
52
114
43
-93
-124
16
131
52
-96
-88
53
98
-8
-105
-47
92
95
-41
-93
14
112
28
-108
-54
122
148
-42
-163
-52
130
167
-2
-157
-76
76
123
34
-59
-102
-17
70
85
-5
-114
-64
64
92
-3
-85
-58
25
89
56
-72
-74
22
97
78
-47
-113
-56
77
142
31
-117
-110
52
169
70
-98
-131
12
112
71
-2
-87
-76
33
145
81
-85
-133
-20
134
126
-63
-151
-15
136
66
-82
-113
8
131
62
-92
-115
39
91
-37
-90
27
64
-23
-82
-40
15
66
30
-49
-118
-57
74
138
39
-161
-127
56
167
66
-118
-153
10
180
100
-118
-154
16
158
70
-90
-104
15
82
22
-63
-49
-21
16
78
44
-75
-143
-27
137
142
-51
-209
-96
123
175
-28
-181
-104
62
150
19
-100
-96
-2
57
69
5
-63
-84
7
99
67
-78
-97
19
81
24
-65
-53
57
74
-33
-40
26
50
-19
-61
42
137
64
-127
-137
39
165
109
-68
-140
-28
92
77
5
-57
-49
-12
47
69
24
-79
-88
42
93
19
-89
-85
32
106
34
-58
-76
8
89
65
-12
-94
-64
48
131
66
-121
-129
37
178
107
-81
-184
-45
158
146
-25
-158
-65
102
139
18
-89
-95
15
114
85
-78
-106
11
94
38
-51
-61
22
74
20
-106
-66
73
88
-44
-119
-16
116
68
-127
-149
21
167
75
-132
-167
-31
138
126
-56
-161
-79
115
150
-3
-143
-98
66
123
44
-70
-76
11
59
44
-26
-61
-31
65
34
-51
-53
5
29
25
16
-8
-64
-71
35
94
33
-87
-102
-13
101
71
-59
-113
-62
76
116
3
-144
-112
78
151
28
-122
-109
23
124
51
-82
-97
8
103
62
-74
-96
5
124
21
-77
-27
65
47
-50
-55
87
110
-14
-109
-61
91
141
44
-125
-110
57
128
56
-77
-110
-15
80
87
-12
-89
-64
37
90
33
-67
-90
-16
71
76
-28
-78
6
58
40
-18
-52
-47
38
119
18
-98
-74
36
112
52
-62
-77
-1
70
79
-7
-71
-57
19
103
79
-36
-118
-62
91
128
9
-113
-83
59
111
8
-93
-82
76
132
-35
-144
-11
122
16
-125
-44
81
69
-64
-150
-23
167
98
-106
-176
-22
134
107
-53
-142
-53
97
115
-3
-96
-44
33
71
34
-37
-63
-32
48
80
17
-86
-67
61
64
-35
-53
-32
25
55
7
-29
-58
-26
48
78
-17
-105
-62
20
86
50
-52
-110
-45
75
92
8
-112
-104
37
129
65
-110
-150
32
143
45
-105
-90
45
86
20
-82
-65
68
84
-50
-64
29
85
6
-79
-8
84
105
-29
-103
-42
50
123
69
-60
-101
-24
74
84
14
-89
-99
36
132
50
-139
-118
65
131
11
-119
-81
68
101
-3
-95
-36
108
87
-45
-77
-15
-2
42
79
29
-74
-81
21
133
60
-55
-105
-21
93
112
8
-101
-89
30
119
89
-36
-123
-65
68
156
48
-138
-118
62
144
28
-123
-78
78
119
-42
-108
-10
81
5
-76
-52
75
64
-60
-141
-13
150
77
-79
-165
-58
123
113
-21
-122
-82
47
130
47
-101
-104
19
123
75
-59
-106
-3
93
31
-57
-63
16
60
-9
-73
-10
31
15
-8
-18
9
-28
-38
-8
56
57
-64
-125
-18
104
100
-39
-146
-83
87
117
-2
-136
-107
63
156
31
-104
-101
-2
113
66
-71
-106
7
109
57
-86
-103
61
116
-31
-90
36
112
-11
-126
-10
137
93
-54
-120
-4
106
108
-21
-102
-49
48
67
49
-26
-87
-35
38
119
30
-127
-98
50
125
23
-101
-73
17
76
59
-29
-63
9
37
29
1
-22
-52
-6
94
76
-39
-109
-23
108
114
-22
-123
-47
82
130
14
-81
-74
4
92
86
14
-98
-105
43
160
73
-111
-145
36
158
35
-104
-92
53
111
-14
-102
-23
80
28
-97
-61
69
83
-69
-132
-28
99
104
-52
-137
-61
89
97
-23
-104
-70
33
103
50
-49
-121
-36
119
105
-33
-116
-38
61
105
12
-105
-63
54
60
-36
-54
-27
-12
55
73
-23
-117
-62
63
88
25
-94
-108
-5
85
79
-18
-128
-80
62
118
17
-125
-105
47
114
40
-88
-105
21
86
14
-36
-70
-1
85
37
-74
-67
44
66
-14
-39
31
69
-17
-76
-10
97
105
-28
-114
-45
79
148
18
-85
-78
-3
77
81
8
-71
-102
19
115
54
-79
-99
-1
92
72
-49
-105
-31
82
96
-34
-84
-8
85
49
-51
-64
-8
70
76
19
-58
-54
-2
77
59
-9
-56
-19
49
51
15
-31
-33
5
26
46
47
-23
-85
-14
120
69
-90
-92
10
114
58
-72
-100
14
101
18
-84
-42
44
18
-40
-23
15
10
-30
-54
-13
54
36
-14
-84
-98
3
136
91
-101
-169
-15
133
141
-58
-169
-39
141
124
-47
-132
-51
77
84
17
-73
-75
28
65
-20
-52
-25
10
31
3
3
-33
-44
-15
49
64
-60
-92
-28
68
75
-31
-99
-45
57
72
4
-97
-114
27
138
61
-119
-118
31
141
31
-121
-109
69
128
20
-97
-92
50
141
16
-144
-45
137
90
-85
-98
46
151
64
-125
-119
51
165
102
-96
-144
-39
122
124
-17
-106
-86
59
147
31
-143
-131
67
176
25
-133
-106
65
136
-4
-110
-34
87
54
-29
-46
-17
18
30
51
34
-18
-74
-58
58
119
22
-96
-89
37
136
65
-74
-86
1
77
71
5
-46
-77
-6
100
81
-66
-106
12
111
60
-78
-95
37
89
3
-85
-34
48
22
-38
-24
18
39
-52
-103
-2
91
56
-72
-103
-51
56
79
29
-51
-80
-31
56
91
14
-123
-72
75
140
7
-119
-73
62
103
10
-76
-71
51
71
-45
-69
7
35
15
-19
-21
-10
-25
1
64
32
-66
-107
-7
96
60
-47
-100
-52
65
104
2
-111
-98
29
114
87
-72
-156
-37
108
109
-17
-110
-58
53
108
0
-121
-37
71
59
-48
-16
66
-2
-53
1
69
97
14
-109
-104
50
171
93
-101
-176
8
169
118
-70
-136
-74
61
145
43
-114
-138
6
154
73
-97
-113
6
91
51
-52
-45
23
35
20
-19
-28
-13
10
55
56
-10
-93
-43
90
96
0
-74
-59
10
57
75
8
-82
-46
47
102
36
-56
-126
-34
149
117
-42
-126
-29
101
59
-51
-76
0
97
12
-80
-31
66
35
-70
-56
29
50
-3
-91
-79
46
103
50
-108
-188
-18
199
145
-103
-226
-44
183
165
-57
-203
-76
149
165
-21
-165
-84
92
143
4
-111
-61
52
57
-4
-56
-50
6
42
30
-2
-39
-74
2
83
63
-60
-127
-52
84
126
-15
-124
-95
40
138
28
-120
-125
8
145
84
-96
-138
-13
117
89
-49
-138
-44
130
100
-61
-125
2
122
45
-80
-37
65
53
-36
-61
58
109
15
-98
-85
42
167
85
-116
-145
6
146
106
-47
-142
-59
90
130
8
-130
-98
61
116
-3
-77
-34
8
28
35
3
-25
0
16
15
20
1
-59
-45
81
142
-17
-165
-98
138
220
-12
-184
-108
99
169
38
-106
-124
22
142
115
-50
-150
-51
107
123
6
-114
-94
50
141
44
-118
-135
53
170
20
-135
-73
85
75
-76
-91
62
91
-55
-170
-31
159
120
-91
-199
-55
134
137
-24
-141
-75
59
99
41
-55
-91
-31
91
107
-29
-131
-30
87
91
-28
-111
-33
75
67
-57
-105
-13
72
59
-23
-37
-47
-40
26
75
21
-71
-100
-6
85
68
-20
-103
-80
15
103
56
-68
-115
-51
78
135
20
-144
-125
43
147
46
-107
-103
40
152
-4
-124
-46
112
52
-72
-38
61
62
-37
-63
36
126
51
-112
-118
26
188
118
-115
-170
-7
168
118
-53
-135
-75
59
142
65
-108
-158
0
151
68
-79
-92
0
77
39
-30
-27
15
17
22
24
2
-53
-44
82
126
-28
-140
-67
104
140
22
-113
-104
45
134
56
-82
-59
7
47
70
36
-70
-90
7
124
70
-82
-97
37
117
11
-82
-68
62
86
-28
-108
-23
97
43
-91
-78
46
112
-19
-157
-93
89
151
7
-142
-149
15
160
117
-101
-202
-37
182
150
-44
-198
-75
139
157
-21
-157
-78
68
125
24
-100
-84
58
85
-38
-60
-17
3
35
31
-4
-57
-59
14
60
63
-51
-128
-52
90
102
-21
-105
-99
37
123
46
-105
-132
8
129
59
-69
-104
-12
88
60
-40
-88
-19
69
59
-20
-89
-19
79
51
-40
-31
47
32
-28
-63
33
121
61
-93
-128
23
168
102
-55
-141
-58
104
136
22
-111
-99
32
113
65
-79
-122
-12
84
80
-22
-70
-34
30
46
12
-35
-18
24
5
18
9
-15
-42
37
92
19
-78
-89
28
129
71
-63
-138
-25
150
131
-36
-165
-85
127
181
21
-173
-145
88
174
51
-126
-95
43
123
28
-89
-91
38
122
7
-117
-64
79
60
-74
-72
46
81
-18
-159
-74
138
134
-59
-173
-85
104
124
-2
-112
-79
23
78
90
-12
-131
-69
79
147
17
-117
-94
57
115
39
-87
-95
31
106
-7
-80
-28
18
34
20
9
-61
-65
4
69
46
-31
-99
-51
33
96
59
-66
-140
-49
110
139
-46
-196
-104
115
189
40
-165
-159
63
174
34
-126
-107
52
131
15
-133
-52
103
79
-43
-60
39
73
-36
-72
34
126
43
-91
-88
15
122
120
-33
-141
-75
93
143
32
-106
-130
-10
144
121
-82
-186
-44
132
138
-49
-143
-87
91
147
17
-146
-67
100
93
2
-57
-60
-7
69
97
1
-119
-65
83
116
25
-91
-87
7
100
115
-22
-137
-70
109
156
10
-127
-119
37
130
66
-56
-84
-18
78
54
-30
-62
-12
71
29
-50
-48
26
15
-61
-4
53
38
-74
-114
-1
100
68
-44
-116
-88
39
112
81
-64
-160
-40
138
132
-43
-152
-64
95
122
7
-88
-68
34
60
21
-34
-30
6
11
1
-9
3
-29
-18
28
71
-44
-114
-35
88
104
-29
-126
-92
64
150
14
-132
-129
29
124
79
-71
-156
-50
112
131
-33
-148
-76
91
127
-18
-104
-47
48
82
6
-104
-27
81
69
-59
-66
53
90
-21
-97
16
130
43
-72
-76
27
108
69
-39
-96
-53
79
126
10
-99
-96
26
112
75
-76
-150
-20
139
102
-79
-132
-19
115
78
-69
-112
52
132
22
-87
-71
29
79
54
-32
-63
-16
3
73
63
-22
-52
-62
29
118
63
-55
-101
-16
90
89
-3
-74
-60
21
88
54
-18
-103
-37
93
88
-39
-98
-10
88
31
-55
-53
11
42
-25
-48
40
67
-59
-143
-23
109
77
-36
-108
-88
25
102
77
-63
-132
-48
83
139
29
-114
-133
10
156
109
-61
-151
-47
106
115
-13
-131
-56
88
67
-48
-86
-21
62
47
-11
-68
-62
10
73
59
-54
-111
-39
32
82
25
-83
-91
5
83
50
-34
-114
-76
82
134
21
-138
-125
77
158
17
-144
-82
62
124
12
-115
-90
83
123
-28
-114
11
114
31
-97
-21
123
83
-96
-134
0
153
145
-26
-165
-116
89
195
64
-147
-188
4
201
140
-107
-223
-45
187
139
-81
-149
-32
92
90
-17
-96
-17
85
55
-18
-69
-36
36
79
39
-23
-61
-23
64
58
-13
-18
-24
-10
31
71
38
-52
-65
-10
94
98
-38
-116
-32
82
99
-10
-99
-52
71
85
-8
-77
-26
64
40
-47
-53
32
55
-33
-71
26
58
-24
-85
-58
47
82
14
-96
-103
15
87
58
-22
-93
-80
47
112
59
-82
-121
2
126
90
-49
-125
-26
102
85
-40
-97
-18
31
39
-9
-48
-32
6
51
41
-37
-77
-62
61
92
-4
-108
-92
22
104
68
-62
-134
-44
91
99
-46
-122
-59
46
117
22
-95
-75
35
66
12
-72
-54
46
89
-27
-109
-15
118
65
-102
-76
87
124
-30
-144
3
163
103
-96
-173
8
182
139
-49
-146
-90
74
153
66
-95
-159
-8
143
120
-72
-152
-42
95
118
-22
-115
-59
48
100
14
-75
-51
48
74
20
-34
-42
-35
40
127
35
-110
-114
39
153
79
-66
-122
-47
111
147
28
-105
-133
7
144
114
-47
-136
-46
95
117
-7
-101
-71
61
87
10
-59
-53
44
68
-36
-64
15
45
-31
-49
31
48
-33
-124
-59
87
103
-6
-109
-102
15
111
51
-52
-98
-44
50
106
30
-78
-97
25
121
24
-80
-79
15
100
40
-68
-59
15
60
-18
-26
-17
-21
-2
33
41
-5
-82
-67
52
114
9
-105
-112
4
125
78
-71
-154
-57
111
141
-16
-170
-115
80
162
34
-114
-106
16
99
50
-69
-73
15
65
56
-41
-80
6
71
9
-38
28
51
-8
-86
1
144
112
-80
-161
-53
149
203
12
-203
-168
110
248
51
-159
-173
12
179
92
-84
-136
-40
90
87
-4
-58
-60
4
44
31
-20
-11
11
8
3
6
-8
-40
16
79
34
-33
-87
-26
88
94
-14
-98
-47
56
100
55
-59
-115
6
128
97
-55
-146
-37
135
112
-69
-121
4
104
44
-67
-81
20
106
19
-94
-73
65
96
-29
-122
-33
102
75
-106
-175
16
208
78
-145
-182
-7
141
103
-61
-141
-73
79
154
29
-145
-131
59
156
68
-94
-121
20
86
43
-4
-38
-30
-14
8
33
19
-61
-52
56
99
-34
-152
-40
108
111
-37
-152
-48
80
102
2
-105
-96
9
89
66
-32
-107
-73
28
130
59
-82
-128
-17
113
83
-55
-118
1
90
61
-65
-59
33
60
-3
-36
32
53
-37
-71
28
142
108
-84
-148
-13
149
125
-7
-141
-94
55
131
86
-78
-144
-53
107
161
-14
-167
-115
72
178
17
-154
-101
87
114
5
-100
-50
73
72
-1
-47
-40
-24
54
119
29
-119
-106
47
159
69
-82
-123
-25
106
138
-8
-115
-76
45
120
45
-46
-88
-37
82
118
-6
-107
-70
75
96
-12
-94
-33
76
41
-46
-47
38
51
-70
-70
26
103
20
-139
-120
54
142
45
-120
-151
-9
139
101
-64
-132
-64
81
129
25
-117
-111
45
137
58
-93
-113
20
94
78
-29
-96
-26
66
24
-41
-40
-22
43
41
-10
-50
-58
-18
65
61
-24
-95
-62
41
80
10
-50
-74
-35
57
88
3
-117
-94
16
111
79
-83
-166
5
168
96
-128
-159
31
164
73
-134
-120
79
145
-19
-122
18
122
31
-115
-66
124
151
-47
-158
-60
137
193
-19
-155
-109
54
172
85
-91
-193
-33
178
149
-78
-191
-59
122
136
-19
-126
-49
42
62
6
-24
6
-6
-12
34
60
-17
-94
-20
116
111
-61
-131
-28
108
109
-3
-116
-86
78
160
55
-125
-138
28
173
89
-90
-133
0
109
88
-50
-89
9
81
29
-62
-41
28
47
23
-60
-63
38
77
-26
-105
-18
107
54
-110
-161
27
160
63
-120
-171
-4
139
80
-52
-142
-55
86
142
29
-119
-154
14
209
124
-130
-199
-14
172
115
-100
-132
20
111
19
-82
-58
25
49
-4
-21
-13
-33
-33
25
69
25
-91
-90
6
90
57
-50
-95
-48
48
95
-1
-101
-83
22
91
78
-57
-126
-22
84
73
-58
-94
9
99
55
-81
-91
22
113
10
-77
0
59
36
-65
-24
101
96
-33
-117
-50
101
161
18
-138
-118
47
168
81
-87
-137
-44
83
122
9
-132
-111
49
153
42
-121
-124
45