#4
349
-26
-200
24
278
202
-40
-98
90
207
79
-63
44
199
153
-87
-133
94
319
213
-136
-283
52
453
329
-170
-376
1
430
308
-129
-265
61
328
183
-92
-85
104
193
70
-23
80
161
64
-82
22
223
223
1
-135
45
278
180
-52
-104
119
305
137
-141
-131
178
351
118
-171
-122
178
328
119
-175
-107
191
267
52
-134
-5
221
156
-35
-77
98
212
83
-109
-40
219
296
0
-243
-20
347
310
-72
-271
-2
377
335
-56
-269
-5
343
265
-23
-120
42
167
126
53
97
94
26
-29
42
195
220
17
-171
-57
276
328
-5
-253
-93
268
351
16
-287
-119
264
346
25
-272
-115
275
315
-29
-262
-52
289
243
-68
-191
38
246
91
-114
-20
170
127
-65
-82
139
244
75
-183
-119
214
321
23
-253
-94
277
318
-26
-258
-68
279
259
-82
-223
-4
260
166
-87
-104
67
150
3
-118
70
235
66
-211
-184
196
384
63
-331
-250
210
413
84
-297
-219
180
373
94
-247
-198
126
290
94
-122
-87
99
172
21
-46
38
119
62
-53
-5
144
155
-28
-91
90
214
65
-132
-100
148
277
62
-196
-128
190
327
48
-263
-159
205
353
45
-246
-134
168
281
62
-176
-102
158
193
-28
-108
65
185
81
-101
-41
178
189
-51
-170
56
317
185
-151
-234
64
356
228
-114
-228
-17
221
272
75
-145
-98
110
195
96
-15
-46
-10
83
129
104
10
-75
-71
85
215
99
-127
-172
31
242
169
-91
-193
4
222
181
-107
-191
11
227
152
-90
-172
1
185
145
-42
-99
-19
96
98
35
-15
7
30
30
35
41
40
9
3
15
64
68
7
-35
13
48
57
11
-38
-25
69
98
27
-46
-72
10
107
80
-11
-64
-62
-13
76
153
28
-148
-180
43
280
160
-169
-273
-10
295
224
-124
-267
-58
224
220
-22
-189
-88
147
213
28
-133
-92
130
187
13
-135
-38
113
154
69
-48
-45
11
61
79
40
34
-19
-39
19
157
115
-89
-165
-6
234
180
-100
-203
-33
216
183
-50
-153
-19
104
82
31
-19
4
34
55
38
37
37
-22
-57
75
207
110
-87
-161
-6
212
235
-8
-221
-100
158
276
111
-162
-164
65
244
119
-71
-85
12
89
96
25
-18
-11
-22
24
102
75
-34
-97
-26
132
145
-42
-167
-47
161
176
-79
-223
-48
231
197
-92
-212
-38
175
179
-10
-163
-93
118
161
21
-99
-54
67
96
2
10
29
-16
-33
25
90
73
-16
-72
-51
60
108
33
-108
-107
48
173
93
-129
-179
-7
173
136
-49
-152
-83
59
117
86
-16
-138
-121
43
165
93
-93
-173
-32
143
154
-2
-179
-136
100
216
92
-152
-199
31
261
154
-120
-187
37
206
74
-98
-80
66
136
64
-42
-64
14
90
65
-1
-36
8
18
30
52
32
-14
-61
-15
84
80
-10
-80
-52
82
120
13
-96
-79
37
134
78
-42
-87
3
115
80
-27
-57
11
73
53
21
33
34
-16
-50
33
140
127
-60
-186
-34
214
271
-22
-257
-107
175
268
60
-186
-171
82
247
120
-131
-172
22
140
91
-27
-85
-18
28
40
20
-10
-23
-9
44
27
-36
-47
-9
26
92
37
-82
-107
9
136
118
-62
-190
-41
171
184
-31
-196
-70
150
174
0
-151
-106
86
167
24
-85
-45
49
29
1
-11
0
15
-26
-14
17
64
15
-113
-84
65
120
32
-76
-138
-50
82
161
46
-189
-191
22
203
144
-105
-221
-51
165
165
-48
-194
-83
118
158
17
-111
-104
56
129
54
-30
-53
-12
80
65
-9
-56
-27
82
116
9
-74
-87
42
160
56
-69
-93
-7
119
132
-4
-133
-101
46
146
89
-79
-149
-35
144
165
-27
-166
-63
106
109
-9
-58
-5
47
50
17
-8
34
19
-53
-4
95
138
21
-136
-92
102
218
92
-144
-194
13
259
215
-67
-242
-81
189
249
13
-203
-112
106
211
73
-142
-151
33
144
90
-43
-119
-38
82
73
-11
-55
-34
28
29
8
-12
-69
-53
52
110
21
-120
-96
33
138
66
-90
-141
-13
154
128
-59
-143
-58
99
131
19
-90
-78
41
111
22
-64
-36
27
18
-27
-8
40
27
-74
-69
14
108
41
-110
-128
0
143
103
-72
-209
-123
132
237
37
-260
-239
79
261
71
-184
-175
45
136
18
-30
-48
-66
-21
59
89
22
-96
-103
47
178
105
-125
-174
33
210
92
-141
-141
70
225
66
-186
-163
101
236
59
-152
-117
78
137
55
-63
-97
-13
64
71
0
-64
-19
36
23
-1
-23
18
26
-2
-43
9
94
38
-34
-48
14
103
67
-72
-97
22
161
142
-58
-172
-67
161
223
31
-147
-147
44
190
181
-40
-211
-69
158
202
40
-128
-133
29
189
138
-83
-165
-44
103
128
1
-124
-86
50
117
43
-76
-117
-5
129
70
-81
-151
-48
131
135
-25
-144
-75
60
111
28
-97
-102
4
121
86
-42
-110
-24
84
88
-15
-77
-32
36
59
10
-23
-5
-3
-26
-16
41
45
-32
-100
-46
87
105
-35
-135
-109
51
158
54
-115
-206
-65
179
202
-41
-254
-190
94
225
52
-179
-170
18
167
85
-88
-154
-72
95
134
38
-100
-129
-12
138
152
-35
-175
-91
146
181
-13
-174
-75
127
188
-8
-170
-90
106
154
7
-106
-57
47
92
44
-36
-53
-41
14
75
42
-33
-75
-38
54
88
20
-93
-80
20
71
69
-11
-58
-37
51
72
32
-12
-48
-43
34
118
89
-53
-118
-27
114
152
56
-103
-139
-4
167
203
4
-186
-147
104
272
98
-183
-203
26
256
189
-144
-246
-28
210
169
-60
-201
-84
124
141
-23
-140
-38
71
61
-16
-69
-63
21
84
28
-51
-76
-4
33
21
31
0
-44
-40
25
75
58
-49
-120
-20
104
112
-28
-125
-41
96
128
-5
-107
-86
39
86
14
-77
-70
-7
57
50
-13
-60
-52
-40
-3
76
74
-39
-156
-123
82
189
63
-188
-266
-14
269
160
-145
-264
-49
199
148
-73
-212
-88
131
155
-15
-135
-99
56
122
46
-56
-76
-13
74
79
-9
-85
-31
73
107
18
-90
-68
40
112
52
-34
-88
-31
47
109
36
-108
-107
30
134
32
-86
-65
2
45
48
1
-32
-55
17
35
-4
12
34
-3
-18
6
56
51
-19
-74
-41
80
148
56
-125
-148
55
238
131
-112
-216
-49
192
253
14
-236
-156
126
231
84
-136
-150
27
183
93
-83
-134
-2
89
75
-10
-76
-57
9
37
55
8
-73
-96
17
120
52
-119
-137
41
169
78
-142
-160
-8
148
92
-63
-163
-52
148
166
-26
-188
-109
113
187
31
-134
-129
43
141
50
-71
-78
-6
52
26
-38
-32
3
-3
-27
11
59
25
-93
-160
-13
164
100
-84
-189
-100
107
204
34
-228
-240
60
240
110
-162
-231
-11
163
96
-73
-138
-60
70
118
18
-57
-88
-56
66
136
49
-103
-96
37
122
36
-68
-71
49
135
47
-122
-116
45
171
58
-93
-81
25
74
88
2
-98
-116
2
145
111
-81
-157
-28
109
110
-23
-112
-51
68
63
-16
-32
30
46
-20
-47
42
96
5
-105
-32
115
139
-10
-123
-69
70
196
99
-122
-180
-2
196
180
-28
-184
-97
125
200
38
-120
-123
34
135
107
-52
-138
-35
99
103
-7
-88
-86
-4
77
51
-14
-84
-61
60
96
-24
-154
-87
114
141
-26
-145
-80
53
100
1
-67
-76
-18
57
95
6
-99
-73
28
110
49
-69
-63
17
45
7
-12
1
-14
-31
-19
35
33
-23
-86
-32
59
87
-18
-108
-129
-23
152
109
-78
-183
-115
68
184
76
-141
-241
-49
195
155
-61
-242
-122
98
195
63
-170
-198
20
195
106
-75
-164
-52
102
135
26
-98
-89
40
115
59
-80
-96
29
142
85
-77
-125
-2
128
86
-51
-80
-9
74
72
-40
-61
8
16
0
-4
18
14
-36
-51
26
83
25
-67
-70
1
69
57
-6
-41
-2
40
42
20
-44
-74
22
139
77
-27
-85
-55
50
136
100
-39
-123
-88
93
207
97
-136
-177
41
213
146
-103
-210
-43
193
198
-58
-237
-106
161
213
17
-212
-164
85
206
47
-155
-134
49
137
31
-104
-110
-11
83
94
-33
-96
-56
11
60
29
-7
-44
-64
16
74
70
-15
-129
-78
103
140
3
-143
-92
78
145
51
-95
-113
-11
75
62
-32
-79
-36
24
39
14
0
-47
-101
-43
62
91
-1
-115
-143
-4
149
127
-94
-240
-124
144
238
-2
-266
-206
98
251
72
-224
-233
51
255
101
-151
-185
25
152
80
-53
-102
-11
90
63
-18
-65
-17
43
90
28
-82
-79
27
113
41
-49
-49
-17
13
57
75
-8
-139
-106
98
185
10
-140
-121
47
169
39
-148
-118
53
139
32
-95
-43
64
69
-8
-25
26
33
-43
-37
61
122
43
-88
-91
7
151
182
-10
-214
-144
152
306
72
-270
-207
163
314
56
-218
-158
76
188
85
-73
-114
-34
79
99
2
-90
-62
42
67
0
-55
-55
5
70
8
-67
-68
-17
82
70
-22
-93
-63
14
67
55
-9
-113
-80
55
136
46
-118
-97
38
99
63
-55
-73
6
56
6
-1
12
-21
-59
-18
41
49
-33
-87
-36
50
78
22
-61
-150
-83
108
152
-9
-181
-174
23
175
115
-91
-229
-118
138
203
-19
-236
-142
110
180
16
-175
-151
63
149
31
-58
-95
-44
45
123
56
-86
-125
-1
124
88
-31
-125
-30
141
135
-58
-159
-29
136
113
-23
-105
-55
53
95
35
-65
-103
-3
96
59
-40
-72
-25
18
39
28
0
-36
-15
-12
-11
71
70
-53
-100
8
130
98
-42
-150
-45
145
182
-4
-153
-84
96
153
77
-58
-116
-43
96
162
69
-107
-152
28
181
116
-64
-136
-48
123
153
-3
-129
-102
40
135
96
-81
-185
-42
153
117
-56
-132
-53
87
89
-60
-149
-54
108
141
-16
-156
-99
52
119
24
-78
-98
-13
76
103
2
-86
-91
26
121
52
-75
-81
16
71
14
-9
-2
-12
-37
-28
36
31
-19
-50
-31
23
64
8
-96
-111
-9
127
74
-86
-136
-61
57
87
39
-97
-133
-25
99
96
-38
-163
-82
91
113
-22
-110
-71
15
71
65
-23
-100
-74
61
135
52
-101
-110
27
153
62
-110
-114
40
178
126
-109
-215
-16
196
149
-66
-166
-37
112
116
12
-91
-109
-15
101
77
-8
-80
-42
20
73
32
-65
-64
26
32
6
11
-6
12
9
1
7
26
6
-35
-26
58
99
57
-54
-94
-26
124
142
3
-125
-121
50
232
155
-122
-219
-47
205
212
-27
-219
-114
154
209
-24
-174
-89
75
131
44
-71
-119
-36
77
73
-17
-106
-51
75
69
-25
-109
-70
49
103
30
-97
-92
-4
62
60
1
-92
-78
35
143
56
-90
-131
-15
116
109
-37
-130
-51
88
125
-1
-103
-49
38
46
-13
-58
3
41
-26
-56
4
80
8
-141
-114
58
159
33
-166
-189
-13
188
173
-57
-271
-176
137
236
28
-251
-194
92
237
58
-192
-216
32
205
115
-93
-167
-29
102
129
17
-114
-96
66
127
37
-113
-77
80
133
23
-100
-71
44
97
46
-34
-50
-34
32
90
49
-41
-115
-66
75
139
21
-100
-118
-6
146
90
-97
-139
33
101
20
-49
-7
44
21
-40
0
77
36
-46
-96
28
164
109
-69
-174
-39
195
214
-25
-212
-154
132
301
102
-196
-211
41
237
165
-82
-194
-70
134
201
7
-179
-97
67
139
41
-98
-127
-5
100
81
-38
-120
-52
73
77
-26
-92
-73
25
84
58
-56
-105
-59
30
110
76
-109
-177
7
181
123
-89
-181
-38
135
149
-42
-168
-50
112
91
-34
-65
14
27
-32
-66
18
82
7
-125
-93
97
139
-32
-211
-128
107
200
31
-197
-222
18
225
140
-125
-266
-96
182
189
-63
-222
-106
123
140
-32
-137
-90
28
104
67
-34
-77
-43
11
67
59
-33
-75
-19
70
84
-14
-78
-40
92
145
2
-161
-103
105
180
20
-143
-107
69
150
46
-95
-122
-5
117
87
-69
-118
-7
59
55
-2
-43
9
18
-36
-30
35
62
30
-35
-47
12
72
60
-59
-119
35
191
122
-116
-163
12
166
161
-12
-156
-101
70
185
121
-82
-160
-37
162
175
-14
-163
-119
115
201
32
-144
-120
46
128
58
-57
-111
-40
67
107
13
-109
-113
36
121
47
-116
-118
40
132
40
-125
-134
15
139
62
-69
-110
-36
87
90
-5
-72
-84
3
84
59
-11
-62
-49
34
69
27
-17
-47
-45
-17
40
42
-5
-58
-63
-15
100
74
-87
-157
-62
104
133
-13
-170
-147
13
162
103
-79
-194
-102
79
144
41
-151
-175
-3
143
99
-63
-183
-76
114
159
2
-160
-103
77
158
39
-121
-109
39
149
66
-117
-117
52
142
79
-91
-136
-10
123
119
-29
-109
-26
49
68
15
-26
-43
-63
7
96
72
-38
-120
-80
67
134
30
-118
-110
38
104
49
-30
-68
-26
87
84
-20
-75
-23
52
63
38
8
-13
-12
-19
12
132
112
-90
-191
-3
223
213
-90
-264
-46
242
227
-72
-257
-99
201
263
-21
-230
-120
96
185
53
-121
-143
-14
145
103
-93
-160
-4
122
85
-69
-136
-40
51
105
30
-84
-95
-24
59
50
18
-54
-77
-1
61
94
13
-99
-93
44
146
35
-124
-95
58
130
38
-105
-78
55
72
-4
-57
-30
22
-15
-37
-1
46
34
-84
-157
-5
163
103
-133
-206
-61
159
186
-45
-228
-158
78
201
69
-177
-200
7
197
109
-129
-199
-30
172
106
-84
-138
-32
111
122
2
-134
-71
78
115
6
-70
-62
28
87
72
-9
-101
-58
68
123
18
-74
-74
-13
85
117
-10
-135
-104
59
149
47
-92
-133
-31
125
117
-50
-149
-34
96
74
-27
-64
-16
56
49
9
5
-18
-32
-7
39
63
68
-6
-82
-71
66
187
74
-115
-178
-11
228
194
-89
-226
-40
201
190
-67
-186
-81
127
209
30
-150
-145
50
147
57
-40
-118
-62
61
89
18
-77
-100
13
88
39
-76
-118
-12
127
81
-73
-131
-34
73
114
3
-106
-114
24
145
95
-74
-139
-51
87
121
14
-103
-70
50
105
9
-81
-25
41
-2
-42
-13
49
23
-73
-81
49
102
-3
-139
-138
40
167
52
-146
-173
-34
142
137
-21
-210
-185
61
229
65
-172
-192
-19
148
120
-58
-184
-88
113
165
8
-147
-109
43
155
79
-88
-128
-6
128
109
-62
-151
-20
171
154
-75
-181
-36
145
129
-14
-102
-59
28
95
61
-53
-79
-37
42
87
23
-60
-59
-21
67
41
-40
-44
20
24
-20
-17
52
42
-13
-61
10
96
60
-86
-100
46
170
102
-88
-133
-23
148
148
-6
-126
-93
52
155
135
-34
-157
-49
99
146
29
-88
-102
16
143
104
-82
-117
-27
78
122
4
-124
-122
33
161
49
-128
-154
36
177
53
-167
-176
76
201
65
-171
-194
36
163
63
-88
-109
-22
66
61
-6
-34
-23
-27
-2
46
69
-13
-70
-70
45
103
38
-91
-107
-4
92
53
-55
-91
-31
42
73
9
-78
-105
-44
57
55
-11
-74
-68
-29
27
71
23
-92
-136
-44
111
99
-57
-161
-69
92
137
-27
-182
-139
128
213
32
-191
-161
62
213
91
-136
-185
20
215
103
-132
-174
46
199
106
-121
-173
12
172
106
-66
-130
-21
89
82
19
-32
-80
-38
31
74
47
-54
-78
-11
70
42
-17
-32
-8
-6
-4
13
25
29
-5
-6
-7
25
42
-10
-61
10
96
112
-6
-115
-90
84
211
76
-144
-169
4
208
206
-33
-205
-112
138
222
33
-151
-135
57
165
86
-75
-146
-34
139
138
-43
-191
-81
111
149
-30
-166
-59
101
106
-43
-102
-65
16
79
56
-24
-89
-92
30
125
74
-96
-163
-29
150
143
-44
-169
-68
111
139
18
-106
-109
29
103
26
-28
-24
-36
-14
-3
37
14
-41
-40
-4
14
43
-27
-79
-81
7
84
39
-46
-118
-88
42
136
46
-129
-198
-29
176
146
-107
-245
-77
168
169
-70
-236
-91
168
189
-42
-171
-85
93
118
-1
-76
-40
25
68
23
-28
-38
8
43
78
39
-87
-101
9
123
119
-17
-156
-91
83
171
47
-151
-155
37
175
78
-109
-155
-1
149
89
-75
-135
-4
94
35
-53
-46
47
64
9
-53
-21
62
55
-60
-63
70
143
39
-90
-113
31
183
131
-76
-211
-70
206
269
-8
-275
-130
195
271
5
-233
-124
139
198
-5
-136
-55
69
79
-6
-43
-16
-31
-7
44
57
-32
-87
-32
51
50
-33
-74
-43
50
96
-2
-127
-99
44
120
81
-86
-151
-49
138
152
-38
-164
-84
101
154
16
-165
-104
119
163
-10
-132
-76
68
79
-46
-63
9
55
-47
-86
22
102
35
-135
-155
22
166
56
-109
-169
-50
104
150
-7
-177
-172
45
171
77
-150
-207
20
153
78
-82
-158
-43
110
112
-32
-109
-72
44
101
64
-35
-100
-54
91
132
-23
-109
-66
92
155
28
-151
-125
71
182
65
-107
-135
5
135
94
-45
-115
-74
34
126
69
-82
-107
-27
74
71
-10
-63
-19
16
13
-17
7
52
18
-33
-31
32
92
4
-90
-45
116
137
13
-133
-93
69
206
78
-134
-169
15
207
164
-63
-175
-51
146
151
14
-107
-113
37
171
102
-100
-161
-16
140
116
-27
-144
-89
58
108
22
-76
-80
1
87
56
-88
-143
-18
144
106
-78
-155
-60
94
121
25
-124
-136
0
139
128
-39
-156
-80
80
123
34
-69
-90
-15
93
81
-23
-80
-21
25
13
-7
-9
-3
-40
-38
29
60
3
-100
-144
9
145
53
-66
-141
-97
65
156
53
-154
-213
-23
170
144
-73
-226
-96
127
183
-19
-196
-140
88
187
40
-127
-137
13
177
94
-101
-154
28
168
86
-108
-130
34
154
79
-79
-112
-12
102
94
-3
-75
-55
14
86
64
-14
-65
-71
4
101
71
-52
-86
-47
55
104
-4
-120
-69
56
88
10
-25
-24
-5
47
58
-7
-29
-21
9
52
41
13
23
-25
-53
23
124
83
-49
-122
-39
112
156
21
-121
-97
57
182
88
-109
-187
5
226
173
-107
-256
-78
222
242
-62
-284
-129
177
196
-45
-202
-60
117
95
-60
-101
-43
32
47
29
-15
-77
-75
7
72
77
-8
-151
-110
110
184
40
-167
-166
45
194
99
-124
-175
2
162
108
-70
-142
-17
97
55
-52
-95
4
54
-5
-48
2
41
-37
-115
-38
73
85
-11
-135
-154
15
192
111
-157
-260
-65
230
188
-121
-279
-75
206
192
-67
-250
-130
142
213
-2
-185
-109
90
163
40
-106
-101
5
95
82
-7
-80
-71
65
150
51
-111
-145
53
178
76
-97
-118
0
93
92
-3
-58
-86
-27
80
98
-8
-114
-85
56
122
8
-106
-69
66
94
-37
-53
36
79
-6
-77
0
93
31
-72
-38
67
124
42
-92
-99
35
158
109
-47
-146
-84
144
190
35
-139
-130
53
203
105
-108
-190
-12
209
151
-93
-175
-22
122
125
-35
-148
-64
90
103
0
-98
-73
36
98
6
-109
-105
16
97
72
-34
-119
-65
41
88
42
-47
-116
-61
93
138
25
-127
-115
40
124
50
-67
-94
48
95
13
-79
-52
52
55
-38
-81
-27
62
36
-63
-51
34
89
-49
-199
-93
162
183
-39
-232
-168
98
216
30
-192
-180
26
158
67
-114
-155
-28
113
82
-62
-109
-61
53
106
16
-64
-103
-35
101
134
2
-135
-122
78
171
31
-113
-74
40
138
64
-112
-112
19
120
100
-28
-117
-46
84
115
16
-102
-124
11
147
74
-70
-109
-46
63
65
3
-42
-43
7
22
18
18
15
-1
-17
-21
28
83
21
-89
-62
80
144
49
-129
-92
62
168
96
-63
-141
-43
155
191
13
-175
-121
103
204
50
-141
-117
52
176
105
-80
-173
-29
145
132
-14
-170
-120
73
160
38
-128
-136
43
154
37
-118
-138
-10
140
110
-65
-126
-59
35
80
38
-28
-110
-78
91
163
36
-147
-136
48
156
85
-104
-127
15
99
45
-20
-40
4
5
-22
-7
9
-18
-34
0
21
20
-1
-60
-80
-52
44
79
23
-79
-136
-41
126
113
-99
-190
-81
111
170
-16
-218
-145
88
195
57
-176
-214
28
237
107
-147
-204
-8
207
135
-94
-175
-37
155
125
-53
-169
-29
160
161
-18
-156
-112
78
157
32
-86
-64
-7
63
78
32
-71
-115
-21
95
90
-42
-102
-40
46
73
28
-71
-61
15
60
14
-22
-28
8
41
47
10
-22
-25
-13
21
50
43
44
1
-39
-58
39
150
91
-92
-165
8
222
177
-107
-235
-25
226
181
-77
-211
-31
216
144
-114
-180
13
144
61
-37
-83
-44
48
50
2
-42
-55
-7
54
29
-47
-80
-26
50
70
-11
-93
-62
29
61
27
-33
-44
-32
16
60
60
-34
-118
-36
117
102
-21
-108
-82
60
132
24
-93
-51
45
49
-40
-81
0
97
10
-114
-37
80
50
-118
-133
43
169
22
-176
-149
40
162
78
-105
-202
-71
139
157
-45
-221
-115
147
174
-40
-209
-120
109
186
16
-135
-120
21
124
77
-26
-88
-42
62
91
30
-78
-69
28
126
81
-67
-128
-34
131
143
-28
-144
-56
75
109
32
-52
-112
-57
92
146
-6
-133
-115
48
134
43
-106
-94
15
83
34
-14
-30
26
21
-38
-26
62
96
-21
-113
-12
149
138
-52
-194
-53
203
228
-45
-260
-116
196
255
27
-214
-143
120
225
58
-138
-120
28
135
80
-63
-91
-1
63
24
4
-45
-59
-9
63
57
-47
-88
-25
59
64
-35
-109
-70
55
125
28
-117
-134
18
123
93
-60
-176
-72
154
179
-8
-189
-135
81
171
47
-135
-127
59
139
33
-96
-56
70
42
-36
-64
-26
55
24
-69
-64
48
95
-39
-155
-75
98
131
-23
-165
-131
42
136
56
-91
-168
-66
73
132
-2
-168
-112
87
161
1
-188
-133
71
175
51
-137
-113
8
106
95
-23
-96
-31
67
60
22
-32
-69
19
107
84
-66
-138
-10
156
109
-47
-146
-42
95
121
36
-96
-122
-9
101
81
-41
-103
-31
72
83
-11
-87
-49
47
43
-18
-7
21
7
5
1
12
47
22
-35
-45
46
121
72
-55
-101
-13
119
122
1
-121
-83
84
171
54
-75
-112
20
150
106
-43
-136
-55
136
158
-25
-160
-88
97
146
24
-126
-110
12
122
68
-60
-122
-10
95
60
-62
-125
-55
86
133
-2
-150
-114
41
146
42
-87
-127
-40
103
121
8
-112
-87
30
116
56
-57
-85
-8
62
55
-7
-52
-20
18
14
-39
-23
22
8
-45
-50
29
54
-30
-85
-70
18
61
47
-43
-128
-91
63
138
-5
-177
-143
41
165
52
-150
-178
15
188
77
-146
-174
5
153
100
-66
-151
-48
103
156
2
-150
-79
90
122
8
-98
-69
73
126
46
-95
-106
40
119
71
-44
-96
-28
57
96
41
-62
-97
-32
78
82
-7
-78
-77
14
108
55
-65
-92
-19
84
51
-23
-28
12
37
7
-11
9
39
8
-52
14
93
83
-32
-99
-43
111
154
34
-122
-153
53
235
150
-115
-215
-9
209
184
-53
-217
-77
167
205
-16
-200
-88
131
144
-11
-132
-109
34
135
43
-116
-106
33
98
39
-85
-107
-21
82
82
-11
-88
-90
-6
66
59
0
-86
-57
26
87
94
-64
-134
-29
87
103
2
-113
-69
65
87
7
-45
-13
37
6
-58
-55
23
67
-24
-97
0
100
18
-131
-138
26
140
69
-96
-170
-57
105
146
-17
-209
-173
73
239
47
-235
-194
90
228
21
-210
-164
72
196
49
-122
-107
-7
94
73
-6
-55
-52
32
76
34
-52
-56
30
109
32
-64
-90
-3
76
94
38
-96
-101
29
129
105
-55
-179
-83
118
185
-15
-171
-100
72
136
30
-112
-98
45
99
3
-71
-24
84
59
-42
-73
25
104
36
-88
-71
80
161
51
-142
-131
81
254
87
-165
-204
27
255
156
-110
-192
-15
189
185
-53
-199
-89
175
210
-5
-181
-138
63
170
73
-106
-169
10
160
107
-73
-177
-60
136
116
-43
-170
-77
77
130
44
-130
-144
-6
138
99
-50
-136
-67
81
129
46
-101
-125
-1
103
106
-20
-125
-64
97
114
-21
-92
-13
41
5
-47
-11
40
-3
-51
-43
38
50
-26
-119
-74
72
110
-6
-138
-117
16
113
80
-53
-167
-97
71
121
1
-121
-84
21
56
13
-37
-59
-26
42
58
-1
-70
-35
37
61
21
-31
-69
-11
93
82
-54
-125
3
172
129
-105
-201
-34
214
164
-83
-173
-45
109
142
23
-125
-111
39
108
46
-56
-54
-37
17
56
29
-20
-47
-23
29
21
-20
20
36
7
-34
7
73
49
-62
-96
38
153
107
-51
-147
-66
135
196
45
-174
-154
75
213
158
-98
-197
-33
179
176
-33
-176
-102
123
216
55
-164
-178
31
170
123
-81
-175
-58
113
141
-28
-171
-107
109
181
-34
-222
-117
132
180
-9
-190
-122
81
138
30
-73
-128
-57
99
148
-6
-116
-82
40
94
34
-29
-39
-15
11
43
46
7
-44
-66
-25
45
34
-15
-40
-58
10
58
25
-73
-87
-33
40
67
16
-88
-125
-33
89
89
-8
-141
-134
10
150
60
-127
-168
3
161
93
-112
-181
-45
143
142
-45
-130
-80
82
146
37
-120
-117
58
152
57
-116
-133
58
193
94
-139
-163
38
186
76
-100
-100
44
96
4
-27
15
-22
-77
-6
101
71
-41
-134
-68
105
142
-25
-138
-51
65
101
-20
-91
18
74
32
-51
-11
51
33
-47
-30
55
121
52
-102
-119
47
182
120
-94
-192
-30
213
215
-35
-238
-93
201
241
-21
-247
-154
195
303
-16
-302
-149
195
229
-22
-241
-130
145
178
-29
-158
-83
93
75
-40
-85
-30
8
38
26
-2
-46
-53
-42
36
83
17
-65
-107
-27
110
126
-24
-144
-69
96
150
1
-155
-116
79
175
26
-113
-83
44
68
-9
-91
-57
61
74
-66
-99
16
87
-35
-133
-49
118
127
-78
-217
-108
136
207
-33
-243
-148
95
193
34
-175
-184
32
145
91
-77
-173
-43
120
117
-39
-118
-58
77
98
5
-71
-52
40
76
37
-47
-63
25
97
83
-59
-111
-24
72
100
30
-46
-63
-16
59
80
3
-93
-87
48
147
42
-106
-110
-15
110
77
-59
-96
-5
52
45
-12
-41
-6
54
28
-27
0
55
19
-63
-29
82
138
20
-143
-105
96
205
66
-148
-174
45
224
168
-96
-203
-24
215
165
-85
-168
-25
126
124
-9
-114
-39
51
39
21
2
-38
-49
-18
48
59
-29
-77
-29
48
44
-50
-93
-6
86
63
-39
-134
-58
89
128
-11
-142
-86
51
135
66
-90
-113
-23
74
126
31
-121
-104
60
136
14
-114
-43
75
54
-57
-115
-12
110
43
-106
-99
62
136
-30
-224
-95
153
165
-74
-258
-107
188
201
-84
-219
-99
66
125
8
-123
-89
28
70
24
-37
-86
-48
53
68
18
-36
-95
-27
112
88
-42
-131
-48
119
129
-35
-118
-22
112
113
-35
-141
-57
114
145
5
-135
-83
69
131
42
-76
-96
-6
53
43
-6
-35
-31
-14
15
26
-20
-19
21
7
-40
-9
54
59
-11
-74
-33
86
109
-15
-107
-20
98
112
-7
-110
-46
95
154
24
-116
-103
47
153
104
-49
-133
-26
155
124
-15
-121
-73
78
146
70
-118
-158
8
170
96
-87
-157
-23
128
92
-54
-135
-29
114
74
-76
-134
-35
96
93
-11
-101
-52
31
38
14
-6
-40
-71
-15
90
116
-4
-121
-105
48
147
72
-90
-137
1
169
76
-90
-116
21
114
-18
-122
-44
103
45
-93
-66
73
61
-62
-151
-47
110
95
-27
-181
-122
103
155
18
-170
-158
-3
125
110
-84
-181
-74
99
146
-22
-182
-101
97
155
21
-125
-134
30
162
90
-117
-144
43
167
48
-125
-94
72
144
58
-99
-106
35
112
45
-49
-71
26
63
20
-6
-28
-20
-32
3
49
36
-9
-70
-62
29
81
30
-75
-72
0
68
32
-20
-27
19
47
19
-17
-1
23
-15
-23
47
95
68
-73
-118
11
175
142
-51
-193
-71
180
219
5
-191
-122
129
208
22
-145
-101
71
157
66
-108
-135
-4
133
108
-46
-148
-75
106
122
-12
-150
-76
83
123
-25
-134
-111
41
154
56
-128
-146
3
132
101
-78
-160
-55
86
131
48
-71
-122
-34
80
95
29
-79
-87
24
105
52
-61
-62
16
30
-17
-45
-3
29
-11
-53
-9
60
48
-78
-148
-32
115
92
-55
-143
-114
69
178
46
-172
-209
-10
187
127
-118
-215
-36
157
117
-77
-164
-36
85
102
1
-58
-57
-47
61
112
26
-94
-77
74
109
-7
-91
-38
81
100
21
-81
-81
34
91
73
-3
-100
-66
55
153
50
-146
-174
34
200
97
-128
-167
10
151
71
-85
-123
18
108
21
-102
-35
79
107
-25
-107
-11
126
62
-100
-85
81
155
46
-124
-120
68
194
80
-107
-151
24
169
137
-51
-138
-24
122
107
-18
-80
-17
48
68
4
-41
-9
9
10
-1
20
-2
-37
-14
37
38
-63
-100
28
100
9
-128
-109
41
162
67
-128
-152
-1
105
97
-21
-130
-102
39
139
46
-72
-85
-17
81
74
-3
-59
-56
6
63
43
-20
-36
0
12
-42
-50
13
53
0
-111
-54
102
128
-77
-233
-82
170
180
-46
-251
-126
125
188
-8
-196
-164
63
162
26
-135
-147
12
132
53
-72
-118
-51
99
91
-48
-95
-29
45
75
30
-19
-57
-43
60
111
2
-125
-60
91
148
28
-126
-106
46
152
77
-70
-121
-16
105
101
3
-108
-99
29
126
83
-83
-137
-33
121
108
-55
-141
-33
119
51
-71
-39
58
71
-3
-53
-2
67
7
-51
-8
70
95
23
-63
-64
32
123
81
-37
-110
-28
98
180
43
-131
-112
44
157
125
-57
-173
-43
157
161
-24
-188
-100
128
184
23
-168
-151
65
162
42
-112
-110
13
108
23
-99
-104
12
128
92
-97
-142
-34
99
103
-36
-122
-82
37
119
71
-35
-112
-60
49
105
45
-73
-76
11
60
56
-15
-53
-10
29
-2
-44
-32
17
5
-57
-13
75
26
-89
-123
-28
95
78
-27
-150
-100
55
120
7
-147
-90
27
83
40
-73
-95
-52
17
90
40
-128
-147
54
178
43
-126
-119
4
128
82
-32
-105
-51
92
90
-26
-107
-15
110
109
-15
-130
-86
107
142
8
-109
-62
48
83
52
-30
-75
-50
26
61
12
-17
-20
-34
-9
19
35
1
-34
-25
-1
25
41
23
-16
-15
-7
35
67
26
-63
-73
43
142
93
-57
-131
-33
152
158
-13
-190
-89
153
228
34
-166
-118
55
179
100
-80
-133
-8
135
115
-40
-131
-43
93
89
-7
-93
-62
47
54
-5
-56
-42
37
60
-14
-80
-61
28
69
17
-55
-55
-11
25
18
12
-18
-67
-47
75
127
25
-122
-137
39
197
113
-135
-201
6
195
98
-98
-146
22
126
27
-104
-89
52
95
-51
-103
20
84
-6
-126
-97
50
110
32
-141
-157
28
170
88
-164
-238
-10
228
123
-167
-224
-5
209
115
-155
-214
1
186
110
-104
-162
-20
94
116
7
-102
-51
74
57
-18
-34
-17
4
64
76
0
-74
-72
41
116
48
-70
-68
-22
63
95
24
-68
-132
-39
161
130
-71
-166
-71
102
157
-3
-164
-85
93
97
-45
-90
29
130
33
-91
-81
89
128
-48
-115
11
153
113
-82
-168
-7
199
164
-57
-186
-58
156
202
21
-167
-126
99
190
70
-140
-132
49
178
94
-111
-147
8
118
72
-33
-97
-30
51
42
-6
-47
-41
9
70
7
-78
-81
-6
87
61
-33
-107
-46
53
61
-7
-40
-48
-54
45
119
49
-99
-115
16
141
66
-83
-94
41
110
3
-87
-21
67
35
-80
-68
15
58
19
-73
-58
26
103
-6
-146
-124
64
147
11
-145
-145
29
145
51
-85
-153
-60
78
115
-30
-142
-79
55
100
4
-93
-107
2
115
79
-24
-105
-81
58
148
58
-139
-129
64
193
49
-167
-124
146
223
-16
-220
-114
137
203
21
-143
-131
54
143
54
-36
-98
-57
26
94
40
-64
-91
-13
69
71
-29
-89
-15
61
48
-47
-57
50
65
8
-56
-23
99
63
-77
-72
62
134
62
-90
-84
26
126
95
-52
-112
15
89
83
8
-58
-25
50
73
23
-5
-38
-31
56
86
9
-80
-74
49
109
24
-85
-89
0
92
63
-72
-141
-5
137
74
-113
-180
-7
159
115
-78
-169
-64
101
129
2
-122
-112
16
123
74
-48
-83
-24
33
30
52
9
-57
-42
20
43
27
-5
-28
-30
-26
8
25
-10
-27
-19
-20
17
43
-18
-84
-91
14
83
63
-80
-156
-59
118
125
-53
-203
-124
97
181
5
-199
-157
75
185
35
-155
-154
36
154
65
-82
-109
-16
84
94
-20
-87
-10
66
56
-21
-72
-15
92
123
-17
-139
-88
94
159
50
-111
-120
37
130
59
-28
-81
-69
17
83
73
-21
-80
-74
27
107
60
-99
-121
50
131
8
-92
-45
95
101
-29
-104
-9
122
51
-90
-65
96
171
27
-173
-124
132
253
33
-213
-131
154
240
26
-172
-132
95
199
55
-148
-118
55
137
80
-43
-125
-57
90
128
-4
-127
-92
44
119
19
-108
-85
62
110
-7
-136
-85
42
98
50
-85
-105
-17
62
36
-12
-24
-52
-35
17
99
62
-58
-109
-28
91
123
-16
-122
-92
57
129
42
-94
-88
25
56
-26
-72
9
71
-19
-104
-7
85
40
-93
-152
-18
138
98
-106
-221
-50
186
162
-104
-237
-106
132
187
-7
-214
-156
98
163
-4
-134
-83
51
103
6
-52
-66
0
61
68
-15
-71
-48
52
104
17
-77
-61
57
119
28
-94
-65
57
76
32
-1
-52
-35
24
86
60
-72
-136
-8
108
98
-25
-120
-96
70
159
33
-150
-118
81
126
-14
-113
-1
113
85
-54
-117
31
129
27
-106
-55
114
157
-7
-141
-75
123
185
8
-159
-127
104
230
89
-132
-162
44
190
99
-94
-144
-10
154
122
-31
-138
-72
79
134
29
-108
-123
19
112
63
-46
-118
-56
71
93
-8
-125
-110
54
154
33
-139
-127
28
140
48
-80
-142
-33
108
163
9
-125
-128
27
139
99
-69
-115
-20
84
56
-40
-27
33
13
-75
-50
33
71
-13
-133
-57
123
112
-60
-195
-94
123
131
-15
-160
-159
49
166
46
-117
-151
-38
83
74
-20
-94
-69
17
47
31
-37
-81
-41
54
67
-6
-63
-52
22
93
38
-59
-70
37
92
4
-78
-53
49
135
54
-96
-138
-9
153
124
-29
-142
-75
89
149
31
-132
-129
14
146
88
-70
-92
-39
29
56
27
-36
-50
-7
16
27
-1
-10
22
28
-35
-16
44
72
-26
-71
3
121
121
-58
-138
-33
138
167
-2
-152
-97
103
169
89
-91
-142
20
149
105
-38
-103
-53
97
135
9
-116
-86
55
122
40
-110
-97
26
89
33
-57
-94
4
92
45
-82
-110
-13
86
85
-52
-122
-28
70
52
-25
-41
-17
-3
27
28
23
-17
-40
-10
24
86
32
-92
-78
46
99
29
-78
-46
25
39
-53
-39
25
25
-33
-44
-2
46
-6
-64
-73
-9
63
73
-43
-157
-73
107
121
-36
-158
-108
35
136
36
-121
-133
-10
115
83
-72
-147
-48
109
120
-26
-130
-102
84
186
20
-155
-109
86
144
24
-129
-97
110
178
0
-149
-63
95
126
-24
-119
-40
90
82
-17
-43
2
11
-51
-29
57
71
-15
-105
-78
62
138
-11
-128
-58
70
68
-6
-31
3
44
12
-31
8
34
1
-3
4
33
72
30
-59
-53
10
134
100
-82
-138
3
183
140
-76
-158
6
169
108
-69
-128
-22
141
115
-45
-138
-54
100
107
-9
-107
-71
53
86
-8
-94
-63
44
103
-9
-95
-93
2
99
64
-55
-112
-58
48
92
31
-50
-99
-59
48
110
61
-48
-130
-43
110
142
-23
-154
-73
104
118
-34
-89
3
58
12
-71
-47
31
58
-26
-100
-4
92
16
-124
-106
57
104
16
-105
-145
-23
129
109
-80
-184
-69
87
128
-27
-149
-64
39
56
32
-43
-108
-43
84
95
-30
-99
-20
70
80
-17
-64
-27
54
65
3
-66
-44
67
114
31
-87
-105
33
117
75
-18
-82
-39
27
70
70
-10
-101
-87
68
146
21
-130
-97
33
117
22
-95
-79
70
111
-41
-100
0
110
66
-61
-76
30
99
9
-91
-38
100
153
17
-150
-95
105
187
57
-129
-139
41
198
126
-86
-169
-10
170
142
-51
-173
-39
157
124
-47
-129
-39
81
81
21
-64
-88
-19
63
65
-33
-94
-49
56
64
-23
-85
-55
36
87
-1
-63
-75
-33
76
83
-5
-107
-119
30
171
84
-110
-158
-7
151
139
-60
-158
-37
103
88
-32
-94
9
89
-3
-107
-64
78
77
-48
-109
-8
114
58
-133
-167
0
142
102
-81
-204
-83
139
168
-58
-206
-117
81
140
7
-143
-124
34
86
42
-45
-102
-55
77
86
0
-89
-66
24
116
61
-80
-85
23
75
48
-23
-74
14
94
89
-56
-126
-7
109
105
-22
-134
-48
81
93
33
-50
-95
-76
54
135
52
-98
-121
-16
122
75
-70
-114
8
97
33
-53
-16
35
49
4
-51
-10
51
31
-15
-10
54
65
6
-56
-26
78
103
25
-69
-80
44
129
68
-53
-80
45
108
28
-35
-42
-20
69
97
34
-90
-116
40
166
67
-128
-151
8
150
83
-80
-147
-28
125
109
-63
-179
-69
119
137
1
-134
-110
18
110
76
-60
-134
-65
101
134
37
-118
-116
25
134
80
-66
-87
-22
44
52
11
-19
-22
5
-31
-25
38
33
-48
-82
-18
76
39
-57
-72
-58
31
71
13
-71
-129
-68
81
105
-24
-120
-102
8
92
59
-65
-130
-59
55
112
-24
-132
-46
66
89
-11
-97
-60
23
95
66
-71
-91
20
128
61
-102
-105
69
163
21
-118
-87
31
98
91
-19
-103
-55
60
99
53
-75
-121
-30
86
90
11
-81
-96
-17
119
96
-84
-138
-5
96
66
-45
-54
21
71
12
-41
-22
63
54
-47
-51
36
113
74
-77
-111
37
142
129
-57
-163
-26
179
168
-47
-175
-62
151
188
-12
-187
-110
134
242
21
-202
-153
115
201
28
-157
-130
27
135
60
-108
-107
41
95
12
-68
-75
8
44
57
-24
-53
-44
-15
32
14
43
-29
-102
-33
89
120
9
-129
-106
52
164
61
-127
-144
48
158
50
-104
-90
64
78
-67
-119
21
115
27
-117
-107
73
133
-19
-191
-107
88
163
-16
-215
-150
129
206
-27
-231
-147
116
186
-23
-193
-122
62
161
19
-159
-111
58
113
8
-83
-33
42
43
-16
-10
19
-4
-16
21
39
2
-47
-5
101
52
-44
-78
-2
74
70
12
-79
-66
31
99
74
-36
-120
-93
58
174
44
-133
-142
9
155
96
-94
-151
-3
118
52
-71
-68
58
107
14
-82
-39
87
36
-69
-30
95
108
-2
-90
-78
79
190
44
-126
-111
47
144
110
-33
-114
-34
95
104
3
-76
-46
60
106
29
-74
-94
31
89
46
-49
-94
-20
58
57
-24
-92
-49
54
88
-29
-129
-56
57
112
12
-114
-100
1
95
79
-23
-131
-108
37
155
113
-86
-157
-41
126
143
-31
-136
-53
87
77
-21
-47
0
26
1
-61
-30
50
45
-36
-116
3
125
61
-157
-184
24
168
94
-110
-208
-25
142
110
-81
-165
-70
67
81
-16
-89
-73
12
55
42
-25
-79
-56
27
84
33
-66
-99
9
127
95
-72
-144
-8
142
109
-89
-128
19
162
114
-87
-172
-12
155
131
-15
-149
-74
90
127
40
-78
-108
-19
66
81
4
-77
-55
17
60
17
-43
-20
12
15
-26
-21
53
47
9
-32
-50
29
121
-2
-117
-55
111
173
22
-130
-93
55
176
80
-81
-102
-9
120
134
12
-133
-68
82
133
51
-69
-107
32
121
72
-28
-114
-52
76
104
0
-128
-91
50
128
-3
-111
-82
36
113
2
-125
-92
23
137
68
-105
-151
-25
133
107
-59
-156
-68
98
122
33
-64
-102
3
65
52
10
-66
-44
1
67
43
-26
-39
18
-11
-44
-17
36
22
-30
-69
-2
54
4
-43
-78
-44
30
71
-8
-86
-86
17
106
-8
-126
-77
5
80
27
-47
-110
-41
74
82
-47
-144
-46
96
98
-35
-101
-47
56
114
35
-74
-115
34
129
45
-94
-124
62
193
66
-114
-152
13
134
89
-36
-97
-34
67
87
28
-34
-80
-55
15
111
80
-66
-150
-43
123
137
-46
-141
-44
91
78
-50
-85
35
127
27
-118
-54
114
95
-43
-90
15
138
95
-78
-144
0
198
151
-80
-168
-55
158
203
24
-161
-131
71
208
91
-118
-143
37
172
66
-85
-115
23
83
54
-45
-99
-26
78
76
-37
-114
-32
99
61
-57
-103
-48
66
74
0
-70
-68
-6
40
21
4
-6
-69
-67
54
145
41
-136
-142
55
179
56
-130
-130
26
155
68
-114
-107
50
107
-14
-94
-52
56
46
-69
-71
19
66
0
-121
-102
49
111
23
-126
-145
32
155
45
-145
-177
5
153
55
-110
-117
-18
44
67
8
-82
-109
16
146
39
-113
-92
59
97
45
-74
-61
34
69
36
-27
-52
-22
71
96
-8
-108
-31
63
99
28
-73
-90
7
108
98
-13
-129
-91
60
134
31
-86
-104
-10
86
83
-50
-103
11
74
19
-72
-43
92
100
-32
-114
-13
149
90
-104
-117
42
172
108
-85
-144
-9
159
144
-41
-140
-31
125
141
13
-110
-66
87
106
31
-51
-72
-32
73
112
17
-109
-91
54
133
18
-113
-82
29
98
11
-85
-60
40
57
20
-87
-121
1
139
95
-86
-149
-41
122
87
-36
-116
-77
47
138
57
-55
-129
-27
83
97
-1
-84
-35
51
62
-13
-61
-2
61
11
-48
-72
-9
74
50
-78
-72
25
71
-20
-120
-75
57
124
-3
-169
-115
53
132
38
-117
-153
-43
142
91
-113
-143
-5
88
67
-59
-108
-16
74
62
-59
-59
11
20
24
29
-9
-35
-17
41
76
1
-73
-49
81
110
7
-125
-80
106
140
18
-121
-111
43
133
81
-53
-127
-83
47
144
34
-94
-89
9
60
33
-34
-43
-9
26
-6
-48
32
85
19
-61
-41
46
110
-14
-101
-25
92
96
22
-41
-51
-10
110
119
-10
-131
-78
122
181
16
-140
-100
107
150
4
-81
-32
24
55
44
25
-51
-73
38
102
20
-113
-108
63
140
0
-135
-75
82
105
-10
-131
-77
41
100
33
-95
-95
9
85
42
-39
-59
-27
11
47
80
13
-82
-97
24
129
72
-68
-108
-17
82
65
-17
-44
-14
0
-12
-14
23
-2
-27
-24
-13
30
11
-43
-58
-64
13
88
48
-93
-159
-31
122
92
-50
-170
-101
109
126
-41
-155
-78
75
103
0
-114
-104
39
121
28
-86
-77
20
80
59
-42
-64
0
64
62
-27
-81
-9
99
102
-28
-124
-34
84
118
11
-99
-75
69
91
19
-52
-49
-30
18
37
59
0
-68
-76
-6
89
59
-75
-72
28
61
10
-21
-26
33
46
-3
-32
14
47
7
-27
-14
41
107
36
-73
-77
57
157
89
-146
-137
83
217
75
-148
-128
52
150
96
-48
-136
-21
129
116
-44
-150
-30
126
91
-60
-105
-47
89
90
-52
-118
-32
96
73
-46
-134
-45
52
78
15
-47
-101
-65
56
100
40
-79
-126
-27
108
157
-9
-183
-133
89
193
57
-135
-153
33
181
53
-124
-116
73
142
-7
-146
-96
99
112
-52
-134
-21
100
57
-109
-167
1
190
78
-168
-216
22
200
87
-151
-180
-21
143
78
-106
-135
-9
103
46
-57
-115
-27
96
94
-63
-109
0
90
65
-35
-61
14
56
28
-25
-22
8
5
30
34
52
3
-84
-41
58
109
30
-101
-81
40
159
59
-133
-152
7
152
127
-60
-169
-87
112
167
-18
-176
-60
128
107
-63
-112
30
122
41
-83
-67
79
117
-43
-127
-1
168
119
-67
-152
-9
188
154
-70
-185
-28
163
138
-21
-98
-18
95
71
-17
-39
7
19
56
21
-35
-39
7
35
11
-14
-37
-35
15
50
17
-57
-99
-8
127
75
-111
-166
-16
161
140
-71
-219
-91
136
173
-17
-176
-120
63
176
89
-80
-162
-58
112
148
3
-118
-73
54
94
-5
-57
-6
47
28
-61
-82
1
65
14
-54
-45
32
22
-9
-64
-77
-12
70
60
-74
-153
-49
128
107
-86
-182
-75
124
122
-58
-155
-73
89
104
-22
-132
-88
40
127
28
-106
-87
9
102
89
-21
-112
-45
60
113
35
-103
-99
63
192
57
-153
-152
38
195
109
-95
-175
-7
159
106
-62
-140
-45
60
82
30
-42
-72
-55
35
85
34
-56
-89
4
77
49
-27
-61
-2
61
53
-11
-25
10
7
-7
20
66
70
-22
-70
-8
93
94
1
-79
-36
61
105
73
-19
-89
-43
84
118
47
-58
-115
2
158
121
-81
-170
-39
151
149
-79
-194
-38
147
116
-71
-186
-33
194
108
-165
-207
30
218
93
-149
-181
-4
144
82
-77
-92
-6
35
48
18
29
-41
-92
5
83
75
-1
-78
-72
34
88
25
-53
-7
0
-10
-6
3
-2
-8
-45
-30
30
35
-34
-78
-71
3
73
22
-74
-97
-39
73
92
-39
-155
-85
62
108
-27
-142
-69
78
76
-43
-109
-35
70
92
-35
-110
-7
57
58
27
-41
-83
6
94
70
-36
-120
-27
125
123
-42
-138
-61
116
140
22
-120
-123
40
147
75
-58
-99
-50
51
88
35
-57
-83
-39
39
78
42
-76
-65
10
37
-12
-14
30
55
14
-56
-32
91
80
-60
-100
6
133
127
-38
-122
-35
110
118
7
-69
-73
34
123
100
-24
-111
-41
107
133
-6
-121
-72
112
117
2
-101
-68
70
120
-2
-124
-109
74
140
-14
-135
-54
85
99
-32
-135
-81
62
107
27
-72
-105
-24
46
67
21
-26
-90
-69
76
144
57
-120
-148
-4
150
158
-45
-194
-89
139
170
-53
-159
-20
125
55
-122
-121
56
140
-16
-141
-34
76
79
-60
-162
-84
121
156
-63
-242
-98
176
167
-67
-224
-134
113
184
-1
-186
-131
61
133
30
-111
-112
1
126
46
-87
-76
47
80
12
-73
-48
61
81
-5
-61
-23
47
45
21
13
-4
-12
-26
-14
89
78
-65
-93
-16
110
123
-46
-150
-82
88
157
21
-146
-126
49
152
40
-109
-85
44
72
-1
-58
-7
82
67
-52
-85
27
116
7
-92
-44
94
164
17
-145
-97
91
198
64
-146
-131
61
204
112
-90
-167
2
161
103
-55
-106
7
86
57
-6
-46
-24
38
17
-25
-14
-2
12
7
-31
-30
7
-4
14
0
-13
-72
-44
64
81
-14
-116
-89
20
125
44
-84
-107
-3
109
53
-21
-70
-58
14
78
79
-29
-90
-39
66
71
-31
-73
17
41
6
-63
-52
49
72
-38
-108
0
83
29
-69
-110
-31
74
66
-31
-125
-71
62
65
-26
-96
-75
24
58
23
-47
-86
-39
19
92
3
-111
-69
71
93
-2
-89
-82
47
111
44
-65
-72
12
95
47
-44
-89
33
142
75
-96
-161
9
188
125
-84
-172
-25
135
103
-3
-83
-91
-36
91
141
-1
-127
-129
18
149
83
-92
-120
3
96
31
-66
-33
74
70
-49
-79
34
126
19
-99
-29
93
115
15
-91
-59
84
121
35
-49
-57
-2
84
88
-11
-76
-1
69
78
17
-58
-18
33
82
35
-83
-79
42
87
22
-78
-89
6
91
48
-65
-107
-4
100
51
-73
-143
-25
127
97
-56
-114
-31
33
52
14
-33
-58
-24
18
55
59
-12
-110
-56
83
101
-7
-85
-58
35
63
23
-33
-22
4
-14
-8
-11
-14
14
16
-56
-35
18
48
-29
-98
-60
35
104
7
-130
-118
28
100
42
-94
-153
-43
137
77
-81
-136
-52
102
106
-50
-152
-61
83
105
-33
-99
-29
85
82
-15
-86
-35
74
73
-16
-76
-17
70
88
0
-65
-44
21
55
63
-6
-40
-35
21
57
31
-6
-67
-60
27
72
52
-43
-137
-19
115
89
-59
-123
-20
99
63
-39
-58
22
69
26
-51
-42
70
75
-14
-60
2
115
107
-49
-133
3
170
113
-62
-152
-22
175
154
-65
-157
14
176
90
-82
-144
22
160
92
-85
-129
-1
120
80
-39
-113
-34
81
76
-19
-108
-53
51
91
-22
-94
-50
15
45
20
-21
-32
-55
-26
46
71
14
-83
-91
35
128
77
-74
-146
-29
122
133
-28
-156
-49
106
102
-43
-115
-5
109
40
-88
-121
25
108
19
-115
-82
68
94
-47
-150
-83
85
133
-16
-187
-99
127
130
-80
-197
-70
126
107
-61
-141
-45
44
37
-15
-42
-25
-1
35
5
-12
-1
-18
-11
45
30
-21
-32
12
56
-3
-74
1
93
67
-8
-83
-49
56
69
10
-18
-17
-27
-6
45
80
19
-120
-124
25
173
111
-128
-196
5
180
104
-116
-153
30
160
21
-135
-59
140
144
-86
-175
26
212
59
-158
-125
127
213
27
-174
-129
115
238
52
-172
-124
92
161
56
-57
-73
21
78
59
-22
-75
4
100
50
-39
-62
10
64
3
-37
-29
6
17
-7
-6
-1
-10
-28
-13
32
18
-61
-66
-14
78
93
-34
-161
-70
111
147
-11
-167
-132
94
204
52
-155
-159
36
159
85
-65
-132
-36
93
91
6
-71
-36
50
19
-62
-47
51
67
-43
-125
5
107
26
-129
-116
24
91
45
-68
-118
-35
62
74
-44
-118
-45
30
40
-3
-69
-55
20
7
29
14
-35
-69
-45
64
82
-9
-101
-52
81
110
-24
-104
-34
100
111
-50
-114
-11
146
117
-106
-151
10
141
111
-51
-110
-24
88
52
8
-25
-51
-33
4
56
57
-46
-102
-13
75
57
-28
-67
-8
27
1
1
-10
33
47
-20
-57
-5
96
41
-54
-56
63
140
19
-101
-66
54
120
62
-57
-65
2
78
62
23
-50
-19
59
80
21
-52
-44
29
78
36
-81
-67
79
97
-11
-118
-65
74
80
-19
-71
-41
8
60
26
-59
-97
-36
87
100
-20
-118
-99
26
129
36
-76
-70
-17
21
64
82
-20
-126
-86
68
158
56
-131
-133
30
146
74
-70
-97
36
61
-33
-87
6
82
15
-109
-43
34
47
-19
-90
-69
48
66
-12
-96
-94
33
79
25
-66
-124
-54
99
77
-51
-123
-80
60
117
19
-139
-104
66
140
-2
-102
-73
63
100
-19
-90
-17
75
72
6
-76
-58
53
117
41
-81
-92
28
105
56
-20
-77
-42
47
72
57
-31
-106
-80
73
131
30
-98
-115
8
104
58
-46
-81
-9
64
22
-32
-49
27
73
28
-64
-37
94
84
-74
-110
54
171
73
-97
-112
46
162
82
-63
-113
-18
117
129
-4
-97
-51
83
111
13
-78
-52
64
88
3
-81
-35
75
63
-20
-94
-51
68
74
-14
-78
-73
49
100
-9
-118
-82
30
72
17
-39
-26
-65
-31
68
84
-7
-123
-99
42
145
66
-69
-119
-43
85
133
3
-113
-102
40
138
41
-112
-68
80
80
-65
-126
-8
125
36
-130
-96
42
113
7
-166
-117
84
146
4
-200
-142
88
176
18
-177
-137
41
99
37
-90
-89
4
51
14
-52
-45
-11
31
36
-33
-26
13
28
-3
-7
0
17
34
-1
-6
-16
6
28
50
18
-39
-32
9
22
69
67
-64
-120
3
152
86
-82
-147
-42
118
111
-29
-89
-63
18
78
38
-53
-56
38
55
-45
-76
37
117
49
-74
-105
29
138
56
-86
-88
51
152
89
-76
-130
24
182
103
-95
-126
27
159
82
-61
-70
41
80
20
-41
-11
43
9
2
18
0
-18
-3
24
12
-32
-29
-11
17
50
-11
-65
-52
39
75
15
-107
-104
2
118
85
-70
-148
-69
99
146
4
-141
-157
44
200
122
-109
-194
-48
145
148
-20
-111
-64
47
98
12
-82
-36
44
53
-44
-85
8
68
-5
-104
-27
98
36
-103
-101
-4
60
49
-27
-108
-73
45
71
-14
-83
-75
-25
39
47
-1
-69
-78
-1
66
43
-60
-112
21
86
2
-56
-37
16
73
42
-49
-76
18
87
58
-52
-118
12
153
97
-68
-141
-27
120
116
-8
-123
-56
73
96
16
-54
-68
-38
32
85
22
-56
-79
-16
55
70
9
-95
-62
37
66
18
-50
-11
63
41
-46
-38
71
49
-53
-37
60
109
30
-64
-63
43
109
52
-32
-43
-4
33
65
70
-9
-41
-26
40
87
48
-67
-95
44
157
35
-134
-95
90
156
-23
-173
-93
129
161
-36
-198
-86
146
151
-53
-197
-100
117
158
-2
-145
-88
48
102
37
-63
-89
-26
72
82
2
-47
-55
-10
25
59
50
-22
-59
-62
60
98
5
-92
-42
46
48
-44
-66
8
73
-12
-93
-44
60
65
-72
-121
-14
90
56
-97
-132
0
82
42
-68
-99
-52
41
76
-1
-94
-96
-13
90
87
-83
-128
-21
104
64
-48
-90
1
82
51
-59
-46
17
51
35
-40
-22
45
74
11
-63
-28
9
27
46
36
-45
-40
17
39
54
4
-64
-86
-14
88
108
-33
-138
-66
76
104
4
-105
-62
70
76
-41
-95
10
144
61
-98
-94
67
119
0
-86
-21
128
95
-50
-103
6
123
88
-33
-73
-5
87
90
0
-61
-15
43
75
22
-11
-38
-20
30
79
25
-69
-79
29
90
20
-89
-99
68
136
-7
-150
-84
90
142
-29
-168
-89
80
120
0
-88
-63
6
46
42
8
-49
-89
-20
81
121
17
-147
-130
67
190
68
-134
-136
33
165
57
-120
-98
61
107
-17
-142
-61
103
104
-76
-141
20
131
8
-134
-147
29
166
40
-149
-171
28
183
33
-147
-137
-8
102
64
-65
-117
-35
51
53
1
-68
-44
46
35
-47
-55
42
64
7
-53
-51
60
82
-16
-47
-1
42
19
19
19
9
-25
-62
5
123
99
-66
-151
-18
132
130
-5
-159
-131
61
205
53
-152
-164
15
171
98
-99
-158
28
156
32
-128
-80
66
124
26
-88
-43
104
76
-60
-88
37
135
72
-71
-99
0
135
122
-26
-133
-27
133
110
-25
-61
-22
37
59
60
-23
-57
-1
41
67
41
-72
-69
24
67
42
-73
-86
7
71
14
-58
-57
17
58
29
-93
-113
21
109
64
-88
-119
-33
92
98
4
-114
-128
5
136
119
-24
-142
-113
61
152
55
-100
-94
34
96
5
-70
-11
58
0
-51
-50
7
50
33
-72
-89
36
94
-20
-136
-85
65
123
-11
-127
-106
24
105
29
-101
-112
-10
75
31
-46
-66
-40
-1
40
32
-36
-69
-22
46
42
2
-34
-45
25
75
19
-39
-31
18
66
28
-65
-49
88
106
-7
-98
-77
69
137
40
-98
-92
17
100
85
-28
-114
-58
58
72
1
-25
-32
-32
15
40
23
-8
-31
-34
7
38
29
-7
13
0
-15
-15
42
77
-12
-71
-9
101
115
-6
-85
-50
69
138
47
-118
-83
81
154
48
-80
-73
9
84
81
24
-52
-46
23
89
43
-79
-82
33
85
15
-66
-62
38
72
9
-98
-82
43
131
1
-153
-78
78
92
1
-76
-65
-1
40
31
16
-25
-85
-47
65
115
37
-105
-125
6
149
103
-63
-124
-46
103
113
-41
-122
-35
95
62
-75
-91
13
78
-10
-82
-24
37
8
-37
-57
-37
31
50
-26
-97
-76
19
83
29
-99
-140
12
106
33
-108
-108
12
97
36
-88
-89
26
83
-2
-72
-32
47
51
-12
-45
-8
51
36
10
-41
-42
13
105
60
-68
-85
-15
93
73
10
-68
-72
38
82
40
-8
-69
-79
-15
114
114
-34
-170
-104
85
168
41
-136
-127
29
140
35
-86
-64
55
123
-4
-107
-33
104
99
-52
-98
53
155
46
-128
-76
105
157
28
-127
-83
87
170
55
-100
-91
52
129
52
-75
-74
58
86
9
-39
-52
28
83
19
-98
-70
53
77
-2
-81
-67
32
87
21
-81
-101
18
80
16
-24
-46
-25
-16
-5
51
46
-8
-96
-106
49
202
69
-181
-183
58
235
114
-166
-200
17
189
118
-103
-171
34
137
18
-128
-78
74
90
-38
-112
-30
78
45
-95
-127
-8
119
84
-97
-164
-20
114
40
-96
-121
-15
65
60
-56
-93
-3
59
-3
-80
-44
39
48
-11
-71
-14
54
43
-21
-29
15
31
-11
-34
52
47
-37
-62
53
117
12
-107
-68
52
119
61
-70
-114
26
119
65
-57
-118
-50
83
111
11
-80
-100
-23
80
86
-24
-103
-23
87
50
-72
-92
38
127
52
-83
-111
67
145
1
-103
-71
107
180
8
-146
-77
107
151
10
-120
-27
106
71
-16
-14
5
42
3
-3
35
19
-15
-33
17
58
12
-45
-20
13
24
1
-28
-46
-8
44
16
-42
-35
12
32
-7
-88
-27
67
59
-33
-75
-83
37
101
28
-67
-98
-23
69
94
44
-86
-140
0
169
118
-83
-125
-27
122
77
-89
-112
43
117
-13
-126
-57
85
98
-45
-125
-18
96
60
-85
-150
-14
123
62
-105
-154
23
132
5
-136
-78
38
55
-20
-66
-20
7
1
-12
-23
13
-8
-12
3
2
4
10
-16
21
39
-4
-71
-27
69
100
-3
-107
-60
118
155
-2
-160
-101
106
139
53
-89
-123
10
107
79
-15
-93
-112
13
134
92
-57
-121
-76
50
119
23
-90
-57
51
26
-39
-39
34
83
16
-88
-44
88
79
-24
-59
-7
88
100
0
-96
-53
64
112
40
-44
-62
16
90
83
-4
-77
-59
46
143
62
-101
-80
35
108
66
-76
-124
17
123
65
-92
-131
7
115
51
-88
-91
30
83
25
-101
-96
19
93
58
-79
-89
-8
43
34
-19
-30
-25
-20
27
50
21
-39
-79
10
79
79
-16
-95
-40
54
73
13
-68
-34
47
29
-51
-52
-3
55
10
-50
-44
-9
39
-4
-67
-76
22
105
20
-130
-102
40
83
20
-91
-132
-16
114
48
-83
-137
-7
114
45
-79
-102
1
100
50
-81
-81
16
86
62
-30
-70
-12
45
76
9
-83
-53
97
138
8
-144
-96
91
166
31
-133
-106
53
135
55
-58
-69
-69
5
85
96
-3
-135
-132
60
153
45
-130
-96
62
89
-21
-61
6
93
31
-51
-63
64
98
-11
-91
-32
120
132
-16
-95
-27
61
80
29
-14
-57
-9
81
113
9
-91
-53
61
114
60
-83
-69
44
67
33
-49
-52
25
46
-4
-22
-36
-6
37
-4
-30
-53
1
53
0
-67
-72
9
68
45
-31
-90
-70
43
104
-9
-94
-73
7
70
84
23
-79
-116
-28
141
146
-63
-153
-55
128
115
-31
-120
-21
79
29
-88
-77
42
100
-12
-136
-51
97
79
-84
-161
-28
136
65
-76
-168
-36
121
62
-106
-129
-6
103
24
-88
-82
12
65
7
-60
-59
11
35
17
-63
-18
76
43
-57
-44
53
40
-18
-33
16
43
-2
-38
28
70
23
-43
-53
5
78
75
-39
-92
-12
66
88
31
-65
-111
-36
92
123
-2
-135
-123
55
142
47
-106
-94
39
95
1
-86
-14
97
87
-68
-90
58
126
5
-113
-54
134
176
-6
-186
-87
149
203
17
-165
-89
127
149
8
-94
-36
55
75
11
-23
2
20
13
3
24
-1
-19
-11
21
37
-16
-51
-32
26
62
-4
-99
-50
63
76
-23
-108
-73
37
115
27
-102
-109
0
108
61
-55
-135
-48
118
106
3
-105
-81
38
105
67
-26
-100
-44
63
68
-4
-59
-5
57
1
-72
-50
32
78
-18
-114
-34
80
62
-88
-124
-40
84
89
-45
-138
-64
58
40
-31
-46
-17
-4
-44
-18
49
14
-76
-69
26
58
-16
-84
-12
66
12
-48
-19
30
51
7
-39
-26
11
49
37
-19
-51
7
94
72
-50
-97
-31
84
130
-11
-132
-67
90
126
16
-96
-113
0
100
91
-12
-100
-69
32
69
4
-48
-10
16
-14
-16
6
37
26
2
-3
-1
34
24
-22
-27
31
78
35
-13
-8
15
2
10
53
42
-7
-29
9
64
67
7
-66
-24
80
79
-9
-60
3
79
48
-30
-51
-6
60
32
-53
-83
5
90
28
-76
-98
13
122
66
-118
-169
-12
161
109
-56
-149
-85
72
137
37
-83
-124
-53
108
143
15
-105
-113
3
100
113
16
-109
-86
50
122
38
-87
-60
46
57
-25
-90
-30
70
52
-66
-85
-1
64
25
-101
-103
36
113
1
-123
-113
45
109
17
-98
-149
-19
96
73
-53
-130
-60
74
78
-7
-103
-54
71
73
-68
-67
20
71
35
-62
-67
38
88
30
-43
-67
-5
82
86
-16
-87
-59
62
116
21
-68
-59
39
43
16
-6
4
-37
-75
-7
117
79
-74
-153
-28
140
115
-54
-155
-32
113
71
-77
-91
80
159
-5
-169
-52
166
119
-88
-121
39
180
88
-123
-151
64
188
95
-61
-104
-20
86
112
38
-62
-80
36
118
73
-62
-102
6
121
89
-55
-134
5
100
56
-72
-91
15
80
12
-74
-40
46
61
-26
-78
-47
17
62
30
-63
-82
-11
58
58
1
-46
-76
-27
49
74
41
-51
-95
-42
99
144
-20
-148
-76
103
130
-40
-132
-19
115
56
-87
-109
7
111
42
-106
-77
35
72
-6
-128
-86
63
88
-8
-137
-71
76
72
-66
-95
-31
57
27
-56
-77
-7
59
4
-53
-52
5
40
12
-1
-38
-31
41
54
7
-58
-50
62
90
-6
-64
-15
29
66
54
-32
-42
-17
17
41
52
45
-36
-103
-15
117
146
-43
-202
-84
146
171
-12
-182
-100
104
137
-14
-142
-67
106
99
-58
-132
9
158
106
-69
-140
12
161
75
-111
-112
57
179
84
-131
-112
76
164
45
-76
-79
45
119
53
-50
-50
15
61
43
-1
-29
18
46
-14
-16
18
15
-9
-14
-4
13
-1
-36
-26
27
10
-52
-57
57
86
-38
-140
-63
85
127
7
-128
-131
27
135
60
-73
-140
-40
130
104
-15
-101
-55
1
43
78
16
-62
-53
4
71
38
-43
-33
31
4
-57
-9
10
27
-34
-56
17
52
-14
-89
-57
4
49
8
-51
-49
-28
5
14
-18
-14
-30
-75
-9
49
35
-34
-81
-19
17
51
11
-68
-41
13
28
8
-17
-20
16
36
4
-2
-9
8
59
11
-71
-15
88
86
-6
-106
-52
88
141
7
-153
-65
89
120
31
-76
-102
-37
68
99
29
-83
-111
3
116
55
-34
-102
-48
58
67
-8
-26
12
59
13
-61
-5
73
54
-45
-58
44
112
57
-49
-88
9
103
83
19
-70
-37
54
116
31
-70
-52
36
89
55
-23
-50
-1
39
30
-2
-32
12
56
-32
-62
-15
16
40
0
-36
-34
-4
54
16
-74
-97
20
101
48
-54
-96
-17
44
40
-11
-24
-35
-31
22
41
57
20
-76
-99
44