#4
214
22
-103
51
254
193
-1
-47
97
193
93
2
96
232
168
-37
-93
120
301
221
-38
-133
66
267
241
-10
-121
8
218
268
56
-121
-41
163
237
102
-27
-22
85
175
93
-3
47
122
128
59
3
70
112
114
72
28
33
95
98
60
41
72
101
110
75
46
54
52
86
136
125
81
9
1
96
166
136
60
0
30
124
153
62
8
91
84
59
67
88
76
3
-5
99
148
83
-35
-57
38
140
120
15
-52
0
94
99
73
47
18
7
18
108
149
64
-78
-37
134
211
90
-92
-77
110
210
105
-59
-67
67
193
119
-48
-69
100
194
86
-58
-79
89
199
110
-67
-40
82
139
71
-37
-18
100
143
55
-62
-31
69
124
54
-4
7
68
50
-30
-16
95
115
28
-66
-21
139
178
-6
-125
21
216
153
-13
-76
36
139
98
54
60
73
25
-3
84
145
124
17
-74
-6
156
193
46
-109
-88
125
269
107
-117
-130
54
225
173
-68
-136
37
208
133
-65
-103
85
217
81
-79
-68
112
149
52
-44
-8
77
105
34
-19
23
108
79
25
11
32
30
43
114
109
29
-6
-24
42
130
130
37
-25
-12
95
142
52
-10
-7
63
102
57
-14
0
42
7
10
78
113
13
-120
-69
105
168
58
-111
-108
51
138
79
-13
-78
-14
78
124
93
-38
-104
-10
155
163
18
-116
-54
122
158
46
-86
-50
61
119
72
-26
-36
41
96
59
15
-11
-21
30
123
80
-50
-64
67
146
50
-94
-53
103
143
7
-119
-63
103
145
4
-81
-17
53
31
-2
43
73
-19
-64
-11
102
103
-5
-95
-15
135
151
2
-85
7
95
86
61
43
40
14
7
28
85
120
33
-51
-47
47
164
126
-63
-156
-8
233
195
-75
-223
-31
257
198
-95
-210
1
223
166
-81
-154
8
200
127
-82
-127
32
162
105
-42
-87
3
117
79
-25
-65
37
130
74
-19
-65
0
106
116
32
-32
-6
25
47
79
77
29
10
-6
20
88
85
2
-37
20
76
61
12
-66
-17
65
69
3
-27
31
22
-67
-69
70
126
-4
-130
-72
83
152
23
-103
-99
36
163
90
-59
-123
-44
140
162
28
-135
-97
95
163
49
-63
-87
13
116
103
-49
-109
27
141
64
-48
-66
11
102
86
-23
-98
10
120
84
-67
-111
-4
161
129
-60
-172
-65
123
129
-5
-80
-22
25
-1
2
40
5
-37
-25
4
57
42
-28
-50
21
90
73
0
-32
-22
29
72
94
54
-17
-40
22
99
80
10
10
-5
-20
20
96
106
-30
-136
-24
162
177
-47
-196
-48
162
172
-33
-153
-30
116
104
23
-82
-42
90
121
-28
-122
12
126
62
-40
-62
20
92
47
-26
-51
26
86
61
4
-65
-16
79
100
33
-17
13
30
-9
8
76
92
23
-51
-25
74
99
28
-37
-41
32
111
43
-59
-64
4
66
61
-23
-41
-24
-44
-8
62
66
-17
-111
-98
51
155
61
-109
-148
-3
171
162
-65
-224
-86
173
235
27
-195
-154
86
230
66
-150
-126
51
174
60
-142
-109
88
146
12
-105
-57
57
98
43
-56
-71
21
82
32
-76
-79
32
112
72
-43
-113
-57
59
61
3
-21
-31
-42
-20
42
55
-14
-69
-35
49
43
-11
-43
-9
39
56
37
-28
-9
26
20
21
35
68
80
-42
-85
34
144
118
-31
-93
-49
72
139
73
-62
-154
-26
183
172
-59
-206
-80
162
202
-10
-177
-95
108
148
16
-91
-72
75
133
9
-108
-31
78
79
-15
-67
-5
68
52
-15
-60
8
101
91
-48
-114
12
119
85
-7
-34
16
31
31
28
22
23
17
0
21
48
66
15
-40
-30
18
79
34
-43
-49
2
20
26
39
-16
-83
-76
17
93
61
-78
-129
-32
67
73
9
-64
-83
-16
76
113
38
-145
-128
69
190
82
-139
-169
45
170
50
-86
-95
31
102
36
-95
-98
69
146
29
-118
-106
54
123
50
-58
-96
-1
91
50
-48
-84
-22
78
87
-24
-108
-78
34
89
37
-38
-68
-40
1
23
25
-2
-41
-31
3
29
1
-24
-49
-18
82
75
-1
-47
3
17
-11
50
129
41
-84
-59
64
114
67
-17
-62
-43
63
122
43
-84
-125
9
177
144
-86
-210
-32
154
149
-22
-157
-85
106
143
-1
-111
-50
84
122
-30
-139
-17
93
112
-9
-102
-37
72
82
-3
-62
-7
64
56
-10
-54
-12
54
69
43
10
-25
-13
-19
55
103
44
-47
-57
3
84
64
13
-30
-18
21
31
46
-13
-74
-31
36
53
22
-23
-66
-73
-23
48
64
22
-89
-128
-19
135
112
-64
-170
-71
108
156
7
-164
-129
62
199
101
-121
-185
-3
189
140
-111
-186
-12
178
110
-128
-171
55
199
49
-163
-106
67
123
15
-58
-41
24
54
-12
-75
-23
63
43
-19
-39
-49
-22
20
29
13
-19
-44
-65
-21
38
35
3
-46
-64
6
40
28
-48
-51
9
64
27
-36
0
51
6
-26
12
101
99
-45
-134
-11
150
155
-28
-136
-53
91
156
30
-109
-137
-13
179
160
-69
-210
-71
137
186
4
-178
-124
120
183
-8
-170
-61
125
150
-55
-148
-22
121
68
-43
-92
-3
86
20
-35
-14
51
28
-10
-13
-5
14
11
40
64
7
-45
-35
18
90
100
-12
-69
13
46
11
20
26
6
-3
-8
35
58
-22
-86
-32
49
54
13
-24
-69
-77
-27
49
68
-13
-99
-81
-13
60
85
-1
-134
-92
72
174
36
-150
-152
40
191
88
-129
-161
-6
168
118
-80
-158
-18
107
102
-27
-136
-32
105
71
-44
-103
-28
71
96
6
-87
-56
54
55
-27
-80
-19
87
84
-50
-131
-67
65
78
4
-54
-50
-32
-20
20
35
-6
-50
-65
6
64
0
-65
-32
42
55
8
-18
5
14
-17
-11
70
119
36
-79
-90
29
156
93
-59
-107
-23
88
115
-15
-87
-55
46
113
56
-66
-121
-47
97
119
11
-102
-82
28
122
68
-107
-137
49
186
51
-120
-119
13
135
87
-76
-120
4
106
59
-59
-77
49
102
22
-88
-54
69
98
36
-20
-46
-38
32
62
55
14
-9
-18
0
47
54
20
-27
-19
6
32
49
-13
-60
-47
-8
53
45
9
-73
-120
-30
80
83
-39
-149
-92
75
132
17
-122
-119
20
119
81
-47
-125
-88
41
141
78
-83
-138
-19
134
122
-57
-175
-49
142
126
-76
-186
-13
171
106
-110
-148
4
139
92
-68
-124
-14
98
64
-47
-116
-19
87
86
-38
-124
-67
53
92
-15
-71
-27
14
3
-42
-61
25
77
3
-103
-60
63
50
-44
-79
10
118
45
-38
-35
-21
10
62
111
47
-74
-95
28
125
95
-3
-82
-73
68
138
58
-105
-148
-9
157
140
-30
-176
-127
106
205
60
-166
-175
42
188
89
-120
-151
58
193
41
-179
-106
120
169
-21
-152
-49
88
81
-37
-65
16
75
45
-41
-57
11
54
44
14
33
24
-36
-52
26
99
68
-23
-67
-10
89
89
-15
-74
-12
60
34
-9
-24
-33
-8
-1
-17
32
57
-47
-146
-76
79
113
-16
-121
-110
11
93
40
-62
-83
-38
57
90
15
-97
-120
21
150
114
-74
-183
-50
148
140
-62
-156
-30
122
84
-66
-117
-13
113
74
-65
-100
5
79
45
-14
-67
-46
49
63
-11
-83
-45
63
61
-3
-75
-91
-34
42
81
5
-76
-74
-19
20
30
-1
-45
-38
-24
6
31
24
-41
-69
0
118
68
-48
-79
-21
40
86
64
19
-43
-67
1
108
130
8
-121
-88
82
176
41
-129
-137
14
146
115
-66
-150
-56
105
159
-17
-147
-71
93
94
-23
-74
-39
54
81
24
-67
-82
28
79
50
-53
-78
8
74
55
-36
-80
15
73
53
-22
-65
-12
52
96
49
-51
-40
-3
38
75
42
-6
-51
-18
81
85
-9
-57
-31
41
45
41
-16
-58
-36
13
24
12
15
-50
-100
-60
64
108
18
-153
-147
18
140
94
-80
-167
-50
119
124
-5
-127
-134
18
150
117
-61
-159
-42
110
131
-24
-132
-60
71
96
-13
-120
-65
80
109
-2
-93
-76
22
108
77
-49
-128
-64
88
89
-29
-95
-23
97
36
-93
-108
-13
82
56
-36
-70
-41
-12
-13
4
22
12
-53
-69
-7
66
28
-62
-67
39
96
7
-33
-16
-6
-18
14
102
115
-17
-142
-50
119
173
20
-132
-99
52
147
99
-54
-146
-75
81
150
41
-110
-126
-6
142
105
-66
-144
-23
145
57
-82
-94
34
133
27
-120
-87
51
121
28
-90
-69
25
95
41
-66
-70
21
83
49
-38
-68
-8
67
91
29
-53
-55
31
50
38
0
5
35
5
-30
22
61
29
-29
-22
43
38
-7
-71
-39
-7
40
58
22
-77
-134
-38
93
102
-34
-134
-111
20
90
69
-36
-136
-74
50
142
78
-104
-200
-54
181
212
-48
-247
-110
183
193
-51
-216
-55
152
129
-43
-182
-55
147
131
-61
-147
-50
98
131
8
-113
-94
28
112
64
-84
-129
-3
107
67
-71
-135
-31
57
71
18
-52
-109
-66
34
82
13
-54
-55
-28
16
32
-5
-33
-44
15
72
42
-24
-44
-33
7
88
130
5
-93
-72
48
130
74
-33
-91
-23
73
81
30
-33
-87
-61
80
155
37
-148
-175
40
212
98
-134
-181
11
169
92
-99
-131
14
141
69
-104
-113
36
117
45
-58
-95
-35
52
96
2
-92
-28
75
90
-12
-92
-31
51
123
55
-53
-68
-15
55
70
38
12
-16
-41
-17
67
99
6
-108
-63
95
115
-16
-128
-50
44
41
3
3
-21
-113
-89
48
124
20
-120
-156
-22
127
96
-46
-145
-98
88
163
51
-159
-190
59
203
99
-124
-186
-10
152
118
-55
-139
-31
80
89
-20
-98
-52
60
109
9
-104
-75
25
101
59
-51
-84
-12
62
26
-47
-58
17
61
38
-54
-123
-43
79
57
-22
-55
-53
-30
-11
22
29
0
-73
-53
28
66
-8
-83
-48
55
100
14
-68
-28
51
4
-20
56
106
6
-102
-52
82
133
68
-94
-150
24
180
125
-79
-159
-66
101
172
12
-147
-129
54
157
58
-88
-109
6
110
38
-54
-81
-6
114
66
-71
-114
-5
119
90
-36
-111
-57
67
110
16
-112
-70
85
119
-11
-92
-46
80
89
27
-28
-32
1
9
44
58
24
-24
-33
11
82
49
-26
-22
13
14
19
14
-35
-47
4
14
12
3
-5
-67
-114
1
121
78
-117
-187
-31
160
107
-97
-136
-47
92
108
0
-112
-108
25
114
98
-49
-158
-57
115
113
-5
-128
-78
75
114
-6
-125
-74
102
130
-19
-136
-83
70
129
19
-96
-104
34
109
40
-93
-102
10
97
52
-62
-108
-51
40
48
9
-41
-60
-41
-35
26
44
11
-64
-70
-3
72
36
-62
-102
-1
114
77
-11
-71
-52
10
72
124
55
-67
-105
-23
109
146
27
-79
-85
11
117
70
-27
-97
-73
46
132
65
-74
-148
-32
143
135
-64
-144
-33
99
107
-22
-108
-70
95
118
-12
-123
-55
83
117
5
-122
-69
69
80
10
-42
-35
34
59
27
-43
-65
23
104
89
-17
-77
-47
51
82
22
20
-9
-41
-2
56
57
1
-15
-32
4
56
34
-42
-68
-35
20
60
26
-57
-101
-86
44
106
19
-89
-132
-49
83
131
3
-156
-130
27
154
89
-97
-178
-39
145
144
-9
-155
-116
76
169
27
-131
-119
27
133
44
-104
-96
35
111
31
-70
-68
23
59
18
-39
-54
-13
62
47
-43
-68
-25
50
60
-27
-95
-65
3
54
34
-19
-73
-63
-11
23
26
5
-58
-52
2
35
32
-25
-98
-30
94
100
-32
-63
-15
11
54
58
52
23
-44
-71
5
107
128
-16
-136
-70
135
177
-9
-176
-136
82
222
75
-161
-189
5
201
120
-107
-178
-15
167
102
-52
-140
-47
131
130
-64
-149
-29
123
129
-54
-140
-52
100
97
-10
-78
-30
79
42
-38
-10
13
10
32
45
37
-8
-56
-28
60
118
45
-54
-84
-18
94
113
5
-85
-65
48
98
3
-94
-62
32
60
-4
-28
-19
-63
-75
-7
82
69
-105
-161
-21
106
97
-35
-128
-81
52
110
55
-58
-170
-57
164
150
-29
-186
-96
108
149
17
-130
-87
63
97
-6
-112
-68
70
118
27
-85
-108
-10
117
96
-43
-132
-39
103
92
-49
-127
-47
100
111
-43
-155
-86
81
86
-3
-49
-65
-57
-19
52
59
-13
-100
-76
26
77
3
-84
-50
24
105
43
-50
-43
-5
0
1
112
105
-43
-120
-39
121
152
14
-79
-81
9
98
96
-6
-101
-98
27
137
92
-107
-173
-14
163
144
-87
-192
-31
155
131
-48
-144
-45
115
135
-53
-154
-33
86
99
8
-94
-66
42
88
23
-58
-63
21
80
41
-19
-51
-24
59
87
36
-44
-72
-24
77
112
42
-59
-85
5
112
92
-19
-100
-31
82
83
-20
-74
-50
16
12
3
21
30
-66
-137
-36
102
117
-49
-190
-120
102
163
6
-158
-122
42
139
72
-81
-156
-64
119
174
14
-152
-146
48
183
85
-124
-156
-6
146
88
-97
-164
21
162
95
-83
-157
-39
143
128
-55
-136
-56
104
103
-24
-123
-72
68
92
-14
-101
-80
27
52
-5
-46
-36
-29
-24
5
13
15
-32
-38
-15
-5
22
0
-46
-54
58
117
11
-72
-51
11
44
70
92
-4
-99
-58
72
125
47
-43
-65
2
74
77
-1
-58
-88
0
116
119
-53
-184
-73
146
200
-12
-224
-112
135
157
-5
-140
-73
97
129
-43
-129
-29
102
104
-22
-119
-61
50
99
37
-83
-71
42
98
39
-58
-69
10
106
78
-22
-74
-18
80
32
2
16
8
9
-4
4
59
30
-37
-37
10
78
39
-73
-96
0
70
29
0
-21
-87
-97
-27
82
83
-35
-142
-102
52
126
33
-125
-122
13
109
94
-29
-172
-90
105
175
27
-160
-150
65
188
24
-144
-86
49
97
36
-82
-112
6
127
71
-75
-126
-21
116
92
-34
-102
-39
65
69
-20
-108
-56
85
96
-38
-106
-72
28
64
-10
-35
-19
-14
-40
-48
27
54
-25
-90
-54
61
71
-23
-89
-57
79
124
18
-103
-59
16
75
72
51
-20
-45
-22
51
95
41
-26
-72
-5
97
97
-11
-101
-68
23
112
104
-53
-167
-52
128
158
-16
-188
-89
109
140
10
-138
-93
87
136
9
-158
-77
89
138
16
-137
-98
72
126
35
-93
-86
72
135
-16
-112
-33
95
68
-4
4
22
8
-53
-13
89
100
4
-100
-53
55
121
44
-73
-72
28
97
54
-77
-88
-24
34
62
40
-39
-103
-112
3
101
84
-64
-177
-87
88
120
19
-104
-124
-9
99
117
-17
-167
-121
85
203
73
-175
-174
23
187
102
-90
-143
-29
90
94
-40
-131
-31
114
106
-50
-132
-52
102
129
-25
-122
-50
73
56
-28
-79
-13
27
20
15
-52
-84
-33
57
70
-24
-92
-81
-2
52
36
-44
-74
-27
43
37
-41
-82
-16
72
47
-48
-19
75
40
-88
-68
86
179
62
-144
-130
56
200
85
-101
-108
4
107
87
-24
-68
-57
-16
88
139
-6
-169
-146
94
229
53
-172
-161
64
173
50
-127
-101
76
152
37
-149
-105
44
130
54
-96
-115
-3
106
79
-20
-72
-45
69
71
0
-56
-28
52
86
51
-35
-82
-16
71
100
35
-59
-42
18
75
43
-23
2
-1
6
19
22
-5
-44
-25
-20
14
74
35
-93
-162
-53
128
128
-44
-195
-115
74
157
46
-127
-158
-13
129
143
-37
-202
-113
133
203
19
-173
-156
71
181
62
-129
-141
46
132
43
-89
-129
14
135
86
-75
-141
-31
106
101
-11
-89
-71
37
91
18
-61
-68
13
37
25
-26
-100
-68
25
73
45
-46
-110
-66
13
78
48
-51
-123
-56
70
94
-16
-111
-65
77
110
8
-66
-28
2
11
70
114
32
-116
-122
67
187
109
-70
-145
-21
127
131
-21
-111
-106
6
143
134
-41
-198
-118
121
225
24
-183
-148
66
174
67
-119
-137
53
178
39
-156
-144
35
185
107
-112
-183
2
163
106
-88
-133
12
108
67
-35
-95
-36
83
127
35
-59
-51
-19
40
91
61
-26
-87
-4
100
53
-31
-4
32
11
-32
16
30
-18
-71
-48
43
82
39
-110
-153
-33
105
98
-38
-156
-103
61
126
55
-103
-156
-41
129
150
0
-180
-154
41
220
143
-118
-232
-46
178
155
-50
-171
-69
125
141
-55
-172
-51
113
145
9
-164
-115
80
178
41
-136
-97
22
85
24
-83
-70
28
78
12
-70
-75
-32
35
48
13
-40
-74
-51
5
63
37
-57
-94
-10
59
50
-60
-76
-23
70
91
25
-29
-51
-50
-11
102
158
22
-127
-115
79
165
65
-58
-76
-9
52
94
55
-67
-150
-43
177
157
-65
-210
-103
145
188
3
-171
-106
74
139
24
-102
-114
62
161
16
-168
-74
93
128
27
-90
-89
-14
71
83
-5
-86
-34
85
70
-28
-90
-21
79
102
43
-48
-69
2
48
70
42
-10
-15
-11
18
59
12
-15
-4
13
1
16
21
-27
-51
-33
22
69
25
-109
-144
-4
119
82
-68
-144
-79
46
108
48
-101
-158
-22
153
142
-47
-198
-133
120
215
45
-173
-162
42
188
85
-124
-151
12
147
62
-94
-128
8
141
72
-60
-96
-58
37
99
84
-60
-151
-40
115
97
-63
-144
-37
124
126
-76
-197
-82
121
127
-6
-123
-93
-11
42
49
-22
-53
-54
-11
40
16
-24
-30
-29
14
46
39
-12
-57
-13
10
54
110
33
-76
-99
35
151
99
-38
-113
-29
86
121
22
-115
-113
-2
142
133
-39
-151
-115
73
174
32
-99
-92
32
60
21
-16
-37
-3
50
49
-30
-54
-46
36
126
24
-105
-113
41
135
58
-63
-107
12
137
80
-96
-121
35
177
114
-84
-157
-29
142
152
-22
-96
-44
79
94
-12
-54
18
52
10
-22
21
29
-24
-61
-35
35
74
51
-101
-170
-49
116
138
-25
-190
-146
27
181
89
-135
-194
-32
169
170
-42
-197
-129
78
193
77
-117
-166
-18
129
87
-43
-95
-42
37
100
18
-110
-72
62
123
3
-134
-119
57
167
65
-122
-125
-3
125
63
-93
-118
34
120
21
-93
-125
-28
80
58
-40
-68
-34
-2
-6
-8
-2
-6
-29
-24
-4
31
-13
-45
-30
36
67
4
-27
6
11
-26
2
109
95
-71
-126
-7
144
151
-3
-140
-85
84
139
45
-80
-111
-36
87
140
31
-127
-124
-1
155
100
-68
-146
-30
113
92
-24
-112
-25
127
80
-94
-115
-13
123
121
-43
-140
-52
84
106
-8
-98
-25
80
74
8
-71
-77
54
132
67
-41
-84
-33
53
107
68
-23
-46
-41
46
64
21
-3
7
-1
2
19
22
-42
-66
-15
33
46
40
-77
-119
-51
72
112
-14
-153
-117
55
121
42
-88
-135
-23
102
96
-10
-106
-127
6
158
142
-60
-211
-92
162
186
-30
-195
-84
128
153
-38
-192
-83
125
168
11
-165
-132
50
195
96
-145
-173
-3
152
95
-111
-132
11
105
55
-65
-101
-30
12
49
8
-19
-40
-63
-35
22
50
-10
-70
-51
21
35
-9
-34
-13
16
26
10
27
24
-53
-73
46
175
115
-106
-187
-1
196
165
-31
-180
-82
128
176
37
-127
-167
-16
170
184
-32
-214
-120
102
184
45
-166
-135
50
162
70
-92
-122
4
121
76
-75
-126
0
120
101
-35
-153
-64
104
116
-13
-92
-28
67
82
-34
-78
-8
60
95
32
-48
-34
10
26
50
45
15
-39
-37
38
102
38
-50
-59
17
75
36
-47
-54
-10
10
-17
23
54
-4
-134
-135
26
163
65
-120
-196
-53
131
162
-15
-215
-154
118
229
48
-194
-198
49
193
129
-103
-176
-24
119
95
-18
-97
-69
60
95
-1
-117
-72
73
124
15
-112
-111
28
157
78
-87
-135
-29
117
90
-54
-136
-28
108
66
-55
-144
-52
64
76
18
-37
-75
-71
4
50
37
-27
-75
-48
11
53
-5
-41
-51
-3
58
60
25
-29
-70
-42
48
143
101
-32
-140
-56
129
184
45
-161
-162
75
221
89
-147
-153
0
124
148
-19
-152
-115
57
152
57
-89
-132
5
124
49
-58
-83
0
114
71
-73
-136
-12
121
111
-75
-120
-20
95
70
-1
-76
-35
45
93
18
-79
-61
35
94
78
5
-57
-50
-7
78
88
18
-41
-45
9
42
47
40
-8
-46
-10
55
55
-26
-89
-54
27
85
68
-70
-180
-81
102
154
-21
-195
-153
48
181
60
-133
-126
-36
80
116
39
-89
-161
-37
140
177
-9
-226
-121
146
197
-23
-196
-90
109
151
3
-187
-110
108
172
14
-132
-128
39
140
78
-73
-99
-17
53
72
9
-108
-79
24
106
44
-103
-150
0
101
72
-52
-126
-51
50
52
-40
-47
-6
-3
-21
-7
23
-11
-38
-25
44
76
16
-32
-58
-30
45
143
101
-74
-153
-21
175
180
-25
-150
-121
89
197
69
-114
-147
-23
118
162
7
-170
-153
53
193
90
-112
-140
-24
110
106
-13
-121
-68
113
147
-37
-175
-73
96
148
45
-89
-135
-7
136
101
-71
-143
16
160
86
-90
-124
11
128
111
-22
-98
-47
53
72
43
29
3
-45
-8
62
63
-3
-48
-24
25
49
56
-46
-107
-48
52
83
35
-69
-144
-83
63
122
21
-121
-150
-17
115
77
-40
-144
-80
65
111
54
-73
-136
-46
122
137
-11
-145
-136
69
189
38
-136
-134
47
152
58
-143
-138
64
153
42
-89
-125
-23
126
99
-41
-128
-60
68
106
-11
-103
-78
38
104
23
-96
-117
-23
73
79
-5
-112
-92
24
48
13
-20
-53
-42
6
50
0
-53
-63
13
88
44
-37
-23
-6
-16
20
106
110
-13
-125
-58
113
171
12
-121
-88
62
153
64
-94
-135
-34
120
158
6
-156
-136
42
150
119
-74
-174
-49
159
128
-65
-160
-43
165
140
-97
-164
-16
116
117
-7
-128
-84
71
112
27
-98
-66
73
109
0
-79
-47
44
79
35
20
-30
-46
-20
63
100
53
-25
-105
-21
99
104
-31
-97
-19
97
83
-42
-79
-49
29
33
10
21
3
-116
-132
5
174
92
-132
-216
-58
161
146
-64
-169
-101
87
145
56
-104
-178
-36
140
177
-1
-193
-155
82
222
87
-165
-172
26
191
87
-150
-181
28
190
101
-107
-163
-10
134
117
-52
-123
-56
56
110
5
-106
-83
20
75
39
-70
-114
-29
53
72
19
-78
-130
-49
85
96
-30
-122
-83
78
87
-51
-106
-14
81
63
-11
-30
3
-3
-49
1
123
137
-30
-150
-76
119
189
44
-125
-110
35
117
104
-45
-156
-60
99
158
29
-149
-131
20
146
130
-82
-170
-21
147
91
-67
-122
-4
116
106
-54
-157
-37
96
122
1
-98
-82
33
103
55
-51
-91
-10
94
86
-50
-93
-10
113
130
6
-109
-84
51
127
56
-48
-48
-1
79
58
-18
-47
7
50
9
-31
38
10
-62
-51
19
71
46
-29
-136
-116
18
130
92
-73
-196
-81
102
151
-1
-163
-118
60
160
72
-118
-189
-34
163
162
5
-185
-137
97
186
25
-140
-97
45
119
12
-101
-94
43
116
38
-62
-77
-25
60
94
22
-95
-86
48
102
9
-123
-100
64
148
3
-143
-115
17
65
42
0
-52
-90
-35
58
22
-16
-52
-62
10
26
24
-21
-59
-24
72
86
-15
-64
-44
14
37
75
103
16
-115
-85
66
174
89
-95
-146
-26
160
137
-50
-156
-67
86
150
45
-135
-151
25
154
99
-55
-143
-37
80
79
-11
-75
-33
63
84
-6
-99
-78
35
125
71
-101
-158
7
171
103
-103
-168
34
194
56
-116
-86
25
113
83
-26
-44
-27
21
18
57
64
13
-39
-48
20
83
41
-29
-60
5
65
59
-20
-122
-76
29
96
75
-32
-161
-162
33
190
99
-117
-249
-64
191
148
-55
-198
-102
85
147
50
-97
-146
-38
117
142
13
-151
-111
62
123
41
-65
-86
-17
49
94
3
-119
-87
83
161
3
-169
-119
97
176
26
-145
-127
78
158
-14
-136
-99
49
110
32
-72
-104
-57
25
88
42
-73
-117
-53
81
68
-47
-86
-59
18
39
26
-17
-36
-42
7
85
63
-35
-71
-63
21
153
140
-32
-139
-67
113
150
55
-72
-143
6
148
122
-42
-149
-65
83
143
54
-106
-145
-30
133
131
-15
-142
-72
58
127
49
-113
-140
39
191
81
-166
-199
67
241
96
-155
-170
18
157
78
-76
-83
-1
72
49
12
-42
-59
10
111
97
-8
-104
-82
75
146
67
-76
-98
30
106
52
-42
-60
24
54
19
9
-39
-48
4
9
-14
31
43
-80
-170
-37
144
125
-53
-219
-115
115
171
19
-196
-159
82
189
67
-109
-164
-57
122
163
26
-142
-156
25
161
85
-66
-112
-38
76
72
-34
-99
-23
74
79
2
-96
-90
54
132
35
-102
-120
21
117
41
-89
-95
-13
95
62
-43
-125
-87
46
84
39
-63
-135
-29
68
65
-16
-101
-83
31
85
1
-70
-42
-1
40
65
29
-51
-47
-19
24
104
126
11
-133
-99
57
188
116
-100
-154
5
162
117
-82
-135
-44
77
134
61
-78
-146
-69
114
168
-9
-164
-106
93
169
14
-147
-116
98
188
36
-181
-158
59
218
101
-149
-172
2
149
110
-38
-131
-50
104
127
-8
-118
-60
88
139
30
-79
-71
27
88
67
17
-43
-23
44
49
9
-20
10
27
14
14
6
-8
-21
-38
-21
40
78
5
-122
-148
-11
149
95
-78
-188
-81
105
138
-26
-149
-106
51
137
85
-64
-166
-113
105
219
89
-180
-225
34
207
121
-123
-187
-9
140
116
-96
-162
3
149
92
-68
-129
-48
53
114
46
-97
-128
18
123
76
-92
-157
-5
145
89
-104
-177
-53
110
119
-24
-112
-89
-31
33
60
-1
-56
-70
-33
32
51
0
-70
-41
16
91
60
-18
-56
-81
-11
154
149
-8
-120
-107
47
172
100
-76
-135
-19
138
139
-25
-155
-97
74
159
74
-107
-173
-33
124
160
-2
-149
-93
55
117
28
-76
-86
60
110
26
-87
-86
-7
105
116
-45
-146
-59
83
122
22
-82
-63
31
89
32
-42
-51
18
89
69
-8
-64
-41
36
91
82
-27
-77
2
65
65
14
-47
-19
12
61
36
-15
-60
-74
-11
56
82
24
-108
-179
-47
140
154
-40
-224
-136
90
187
29
-165
-154
28
166
115
-82
-186
-102
124
191
37
-149
-172
28
171
106
-104
-145
24
122
56
-96
-119
10
130
98
-65
-132
-42
97
100
-5
-89
-58
2
69
49
-39
-106
-28
59
89
-25
-133
-76
57
66
9
-48
-72
-30
-2
28
14
-30
-44
-45
17
65
16
-79
-100
63
150
22
-77
-67
-18
38
97
100
12
-89
-68
33
122
105
-15
-113
-73
76
178
43
-143
-175
9
217
155
-74
-226
-99
135
193
10
-189
-121
75
175
28
-135
-89
63
149
26
-128
-108
30
130
70
-69
-101
-23
67
64
13
-58
-52
27
68
26
-34
-49
31
85
70
-15
-79
-62
57
127
69
-29
-85
-21
70
98
-10
-47
-24
21
18
34
33
-51
-92
-29
59
117
14
-153
-169
-6
151
112
-79
-198
-94
120
176
-16
-193
-139
72
147
79
-55
-167
-105
95
212
64
-148
-175
-3
192
122
-102
-160
-22
117
95
-38
-138
-31
118
90
-17
-125
-86
63
129
44
-92
-116
2
104
57
-81
-103
3
59
85
-18
-143
-94
35
94
46
-27
-119
-103
17
97
32
-73
-99
16
57
18
-28
-40
-26
23
53
44
-17
-20
-48
-10
83
125
52
-93
-114
17
144
147
-8
-152
-112
100
193
42
-142
-159
7
171
174
-60
-219
-113
126
214
40
-180
-141
65
163
50
-128
-120
57
150
49
-107
-136
-8
139
136
-55
-162
-74
96
166
18
-129
-121
75
158
18
-79
-70
19
113
78
9
-69
-62
22
98
92
-8
-75
-36
38
103
68
-68
-87
24
102
38
-63
-80
-7
17
0
44
48
-61
-161
-72
100
151
-8
-204
-151
52
171
76
-143
-182
21
175
86
-69
-172
-75
82
137
65
-97
-141
-23
95
116
7
-101
-89
38
94
7
-87
-82
66
140
35
-136
-147
24
158
97
-71
-154
-47
135
121
-57
-164
-59
97
116
-10
-176
-109
39
90
46
-64
-102
-47
41
60
8
-58
-77
-11
47
10
-36
-29
-9
18
46
26
14
3
-64
-66
65
195
104
-134
-202
36
240
140
-100
-174
-9
133
118
15
-81
-100
-28
91
164
28
-174
-176
48
238
102
-166
-197
33
199
75
-122
-142
44
194
63
-140
-149
9
154
118
-64
-144
-67
92
154
36
-133
-112
64
149
49
-96
-114
47
157
71
-55
-74
-1
38
71
47
16
-12
-48
-1
66
65
18
-40
-62
27
80
15
-92
-66
23
53
44
8
-99
-145
-42
114
137
-27
-184
-155
33
159
92
-118
-206
-31
145
164
-12
-193
-160
55
227
133
-139
-232
-27
188
148
-64
-181
-49
115
96
-20
-150
-65
114
152
4
-157
-123
43
146
84
-68
-137
-37
84
79
-23
-93
-47
27
70
36
-56
-122
-70
72
118
-8
-137
-109
29
85
14
-36
-56
-13
17
-8
-19
9
-6
-32
14
61
44
0
-70
-79
64
196
107
-131
-178
1
201
159
-32
-132
-69
83
151
62
-97
-170
-34
173
194
-29
-234
-122
96
197
61
-137
-127
-5
107
72
-40
-82
-16
96
70
-43
-91
-41
57
141
19
-115
-107
5
125
66
-43
-73
-17
85
58
-31
-66
-6
91
109
-7
-84
-54
48
78
49
16
-18
-32
6
45
55
-13
-32
17
11
-13
25
27
-33
-79
-44
84
121
-37
-228
-144
140
240
-18
-260
-179
108
195
31
-153
-146
16
86
101
32
-103
-160
-18
171
181
-62
-225
-123
156
209
-8
-184
-94
89
131
-14
-120
-72
63
127
43
-101
-146
15
160
107
-84
-172
-41
129
105
-47
-146
-24
97
71
-54
-104
-44
26
25
29
22
-67
-104
-30
51
77
-22
-103
-69
48
88
-28
-95
-37
57
46
15
5
11
-26
-72
34
162
117
-84
-188
-45
188
231
-16
-228
-119
135
235
41
-203
-160
53
196
117
-87
-172
-82
97
150
42
-116
-140
21
140
89
-54
-142
-32
124
104
-45
-124
-74
51
154
82
-132
-182
7
193
140
-101
-190
-18
157
115
-44
-109
-34
94
140
28
-100
-83
8
107
105
13
-51
-56
15
80
38
-4
-18
-5
24
10
2
-14
-21
-52
-30
84
95
-59
-199
-130
124
217
-1
-232
-185
67
218
59
-165
-194
-2
187
145
-43
-183
-143
68
188
99
-82
-177
-73
127
146
-24
-117
-56
58
95
8
-121
-78
74
141
32
-99
-131
-23
142
135
-46
-162
-80
72
131
24
-117
-105
15
111
52
-100
-146
-21
106
96
-32
-131
-90
36
91
-5
-77
-55
2
34
0
-29
-44
-5
10
30
28
31
-4
-79
-59
66
186
111
-139
-193
5
234
189
-69
-203
-75
139
166
24
-106
-131
-22
109
176
4
-173
-149
29
215
123
-135
-221
-9
198
132
-109
-167
-6
157
113
-82
-178
-35
147
144
-26
-143
-101
59
125
61
-65
-106
3
102
95
-32
-96
-44
60
118
79
-42
-124
-54
126
168
12
-165
-69
112
125
-21
-92
-34
84
92
-38
-84
-15
45
-6
-72
19
112
7
-159
-163
71
181
46
-171
-216
-18
178
137
-65
-198
-100
119
184
28
-150
-185
-28
204
195
-52
-239
-131
137
230
-1
-203
-129
104
182
12
-182
-136
96
207
51
-158
-177
21
193
119
-82
-182
-44
124
123
-43
-135
-70
48
83
28
-77
-112
-44
45
72
49
-45
-138
-94
73
120
-1
-133
-103
66
116
1
-123
-91
48
144
76
-82
-93
13
50
42
58
88
-11
-124
-70
90
189
72
-132
-165
36
235
133
-136
-198
-19
181
174
-46
-209
-127
90
206
58
-143
-151
28
158
64
-86
-108
7
127
73
-64
-131
-43
103
116
14
-110
-107
28
115
87
-58
-112
-20
128
109
-46
-111
-38
75
124
62
-60
-106
-18
96
128
17
-83
-63
49
95
35
-46
-33
25
40
15
-29
2
-28
-51
-29
56
99
-18
-180
-163
68
219
63
-184
-231
-28
201
151
-78
-213
-115
132
195
49
-158
-241
-9
266
191
-110
-267
-75
198
190
-53
-199
-59
123
121
-31
-142
-88
65
133
75
-79
-152
-53
110
177
27
-163
-150
28
155
82
-89
-146
-34
107
99
-47
-156
-105
50
136
57
-105
-169
-42
100
105
-24
-137
-97
70
80
-41
-48
-16
4
-2
29
80
23
-76
-111
6
201
153
-68
-203
-67
182
236
14
-188
-145
89
222
72
-145
-157
0
131
121
-2
-107
-111
24
117
81
-67
-115
-21
94
74
-38
-80
-20
85
78
-39
-94
-50
29
119
56
-79
-103
-27
83
93
0
-86
-55
76
106
13
-89
-58
74
117
55
-65
-59
-11
66
92
22
-45
-11
34
20
-4
28
31
-3
-13
0
19
17
-40
-73
-6
88
81
-41
-144
-126
20
164
95
-142
-225
-61
182
160
-72
-236
-90
154
174
8
-158
-168
9
186
160
-59
-217
-115
145
197
3
-170
-92
77
125
2
-121
-102
39
132
71
-78
-127
-30
89
111
18
-112
-137
33
152
76
-130
-173
19
171
102
-163
-189
-2
148
66
-96
-82
-1
-6
-33
8
32
-2
-65
-61
11
69
16
-69
-87
23
115
77
-47
-93
-66
51
162
105
-69
-140
-27
131
165
26
-132
-104
62
158
59
-89
-111
-23
79
139
63
-122
-187
-16
178
143
-58
-174
-79
123
115
-6
-91
-89
66
151
53
-146
-184
47
236
119
-151
-226
-42
222
193
-88
-205
-42
155
124
-28
-112
-60
78
118
29
-59
-35
4
27
63
66
28
-58
-57
15
104
58
-34
-78
-2
55
57
-12
-76
-62
6
77
84
-26
-179
-159
49
199
71
-137
-204
-55
127
149
-6
-188
-161
70
212
105
-148
-237
-38
205
181
-43
-199
-103
102
159
7
-116
-79
58
103
14
-92
-82
37
92
59
-40
-97
-72
65
139
37
-91
-129
6
122
76
-53
-123
-45
48
96
6
-98
-108
-30
108
90
-59
-144
-75
69
90
-22
-98
-65
59
57
-49
-59
-8
38
16
-4
33
54
5
-112
-56
147
195
4
-198
-136
119
262
96
-162
-190
41
211
127
-92
-170
-54
97
163
49
-131
-136
-25
123
160
-28
-203
-85
120
149
4
-144
-73
71
129
13
-103
-106
8
128
102
-36
-161
-92
113
165
6
-151
-108
85
155
36
-89
-102
32
157
92
-57
-141
-27
133
116
3
-81
-50
54
87
30
-71
-49
66
78
1
-64
-14
16
-16
-50
12
99
24
-159
-186
21
220
111
-179
-249
-16
204
151
-99
-204
-92
103
158
72
-100
-203
-83
173
242
-2
-246
-172
124
239
35
-176
-158
97
146
8
-117
-103
38
117
73
-7
-111
-117
32
152
109
-81
-206
-54
179
135
-84
-183
-47
122
118
-52
-164
-95
66
105
35
-73
-124
-65
64
95
-39
-104
-52
40
64
-6
-62
-56
-12
82
80
-12
-55
-49
-16
54
126
83
-25
-134
-58
108
179
62
-115
-141
16
155
137
-17
-162
-143
78
225
110
-153
-247
-14
225
175
-99
-214
-75
135
172
-2
-160
-107
112
176
7
-163
-128
56
165
88
-84
-169
-49
129
151
3
-148
-83
73
130
55
-79
-128
14
133
117
-15
-113
-41
48
83
76
14
-51
-42
10
78
68
-1
-59
-30
40
67
19
-75
-91
-22
68
110
10
-163
-187
19
188
118
-113
-220
-95
110
166
5
-177
-148
71
166
71
-86
-181
-73
131
185
13
-178
-146
73
172
69
-119
-129
23
120
49
-91
-89
-7
87
81
17
-111
-136
43
168
99
-119
-185
-14
150
110
-77
-169
-41
111
114
-37
-141
-108
42
95
18
-58
-81
-61
-6
55
34
-49
-90
-19
61
22
-29
-60
-9
45
33
21
25
-6
-91
-48
115
193
61
-149
-185
34
251
188
-108
-233
-48
194
229
-23
-232
-156
103
246
110
-153
-249
-36
216
180
-71
-188
-64
121
132
-21
-110
-57
94
116
-5
-117
-105
17
140
121
-77
-178
-44
141
131
-26
-114
-41
55
102
17
-50
-69
14
126
79
-41
-76
-10
44
67
65
-1
-62
-11
64
61
-27
-51
18
69
28
-25
-49
-27
-20
-2
29
79
4
-148
-176
-4
193
144
-135
-271
-82
210
195
-78
-253
-139
130
197
40
-122
-152
-52
120
156
28
-148
-155
45
170
70
-96
-130
18
114
55
-102
-124
14
133
99
-46
-150
-82
92
153
16
-84
-109
-30
100
76
-19
-103
-86
29
106
25
-116
-116
-8
91
91
-45
-128
-71
28
65
-3
-61
-45
8
9
-13
-6
9
-23
-4
30
47
28
11
-100
-88
103
219
78
-155
-183
35
239
187
-90
-237
-77
201
212
-20
-219
-156
101
238
108
-146
-233
-22
206
147
-80
-183
-39
139
96
-38
-113
-32
94
98
-26
-98
-72
15
90
119
-1
-159
-123
77
179
69
-140
-159
36
192
110
-103
-165
-16
187
150
-57
-137
-43
87
109
46
-24
-71
-16
76
81
-9
-51
-24
37
45
22
-8
-52
-65
-17
46
98
30
-124
-201
-60
196
199
-102
-286
-143
137
228
38
-205
-218
32
205
165
-90
-245
-106
154
233
46
-185
-200
27
214
116
-126
-175
-3
146
91
-74
-136
-10
118
85
5
-111
-112
19
138
86
-60
-121
-49
75
91
-8
-75
-73
2
68
20
-55
-81
-46
26
64
52
-86
-135
-20
105
78
-59
-129
-8
67
10
-34
-21
-12
-12
39
63
18
-9
-99
-82
118
227
53
-177
-168
65
242
144
-113
-220
-38
194
204
-26
-216
-137
73
232
118
-159
-228
-24
188
159
-46
-173
-64
84
71
-3
-41
-7
29
27
19
-12
-72
-81
66
166
18
-170
-146
71
212
49
-159
-132
88
179
24
-120
-108
50
160
85
-60
-104
-3
65
68
44
-20
-37
12
30
40
5
0
21
0
-11
16
18
-28
-53
-37
29
86
54
-115
-196
-39
159
157
-69
-244
-115
102
190
38
-154
-193
11
167
129
-29
-192
-145
88
220
96
-145
-198
-27
170
132
-63
-124
-30
104
68
-49
-107
-56
85
135
22
-138
-145
34
163
118
-73
-182
-48
119
122
-43
-144
-62
61
115
5
-129
-105
21
80
39
-35
-75
-78
-9
73
48
-72
-105
-2
77
26
-73
-53
29
36
19
20
16
-2
-53
-57
49
176
104
-119
-196
22
232
175
-58
-195
-105
152
221
18
-224
-156
103
228
93
-127
-199
-60
159
169
-14
-163
-99
58
130
29
-87
-95
25
135
51
-67
-112
-45
85
145
10
-156
-117
62
153
60
-73
-120
8
116
68
-34
-88
-24
91
115
12
-78
-69
51
93
64
-23
-48
-3
49
15
3
24
22
-24
-42
-4
66
48
-65
-111
-26
140
114
-96
-240
-118
151
241
7
-272
-219
58
242
131
-178
-256
-14
205
178
-54
-224
-158
112
241
102
-170
-239
13
225
130
-106
-162
2
133
55
-81
-111
-13
97
87
8
-79
-118
-25
111
128
-17
-127
-85
31
116
34
-74
-98
-29
84
76
-79
-145
-38
93
83
-21
-82
-76
-7
30
33
3
-38
-60
-24
11
14
-6
-14
-28
18
70
41
-26
-87
-63
88
184
92
-115
-191
2
231
174
-42
-199
-105
166
234
28
-213
-204
55
241
166
-97
-257
-78
162
185
2
-167
-112
47
124
45
-69
-102
6
124
79
-63
-125
-56
77
159
33
-142
-138
29
176
109
-81
-169
-22
144
96
-29
-92
-28
74
113
44
-81
-80
20
89
92
-2
-47
-24
6
39
23
23
11
-3
1
6
11
-6
-59
-51
17
92
95
-87
-237
-100
160
209
-30
-260
-169
109
216
47
-219
-207
53
189
120
-46
-185
-121
72
211
80
-137
-192
-9
187
140
-70
-170
-44
129
100
-59
-151
-44
109
138
14
-106
-166
-33
146
170
-18
-179
-124
91
169
4
-158
-112
47
110
67
-72
-136
-72
41
110
51
-99
-141
-39
81
82
-5
-106
-113
25
98
41
-81
-100
3
93
81
4
-46
-83
-67
101
195
85
-153
-194
45
244
178
-92
-226
-62
160
197
-5
-158
-135
25
165
137
-28
-201
-150
87
225
84
-169
-189
36
174
100
-87
-152
-3
167
100
-104
-166
-43
132
165
10
-164
-140
35
182
100
-79
-134
-19
124
78
-23
-67
-30
51
93
72
-27
-79
-56
56
154
64
-82
-98
15
110
80
-28
-71
-10
52
52
19
-46
-89
-26
51
76
70
-75
-206
-127
130
229
3
-257
-187
77
229
58
-181
-185
-6
151
170
5
-183
-187
17
219
176
-80
-236
-95
152
211
19
-214
-155
99
196
25
-188
-113
87
150
51
-128
-130
10
134
79
-33
-85
-73
-1
75
89
-31
-150
-80
73
164
-12
-186
-132
72
139
26
-119
-139
-12
81
55
-46
-70
-31
27
35
-28
-45
-12
-6
47
54
30
-23
-92
-62
91
185
73
-116
-150
38
191
112
-56
-136
-40
126
127
15
-122
-110
-10
107
159
23
-164
-171
38
221
108
-150
-178
13
167
73
-95
-97
5
109
77
-51
-107
-55
79
127
36
-91
-129
-18
142
109
-39
-158
-41
121
112
6
-115
-88
105
180
37
-128
-116
34
124
107
-8
-89
-28
66
89
-4
-54
-9
44
39
-15
-10
20
-43
-88
-11
119
96
-72
-213
-125
139
207
0
-241
-197
62
217
108
-163
-226
-32
162
187
-10
-200
-162
69
237
97
-138
-196
-32
167
134
-32
-148
-68
83
99
-5
-114
-93
56
153
84
-93
-171
-59
157
186
-23
-228
-130
123
190
17
-173
-127
66
149
39
-140
-147
-3
91
86
-27
-95
-111
-23
94
71
-43
-119
-47
58
63
-18
-65
-25
20
37
24
23
10
-52
-86
54
185
108
-97
-162
-22
170
192
-1
-166
-115
91
218
67
-141
-180
-35
165
188
6
-194
-167
58
203
104
-133
-171
-10
152
100
-67
-137
-23
130
106
-38
-116
-70
24
115
73
-80
-127
-19
130
125
-50
-138
-33
82
114
12
-74
-76
45
114
71
-32
-76
-34
52
109
71
-40
-93
-25
80
103
-13
-88
-6
68
48
-5
-36
-58
-25
11
23
73
-4
-164
-142
58
183
66
-138
-238
-70
206
181
-93
-246
-107
163
220
29
-212
-223
43
247
147
-134
-217
-35
176
141
-73
-140
-3
81
58
-44
-113
-41
95
101
26
-75
-121
-20
100
105
6
-114
-117
23
147
54
-100
-108
-16
67
77
-29
-123
-91
54
101
23
-86
-98
-25
38
40
-36
-82
-18
60
9
-61
-34
40
50
-32
-20
52
54
-59
-139
29
221
160
-96
-212
-51
195
202
-10
-180
-82
114
161
43
-116
-130
3
110
134
32
-143
-141
16
148
91
-64
-133
-37
106
112
-27
-112
-42
104
110
-14
-115
-110
39
171
91
-107
-170
-45
162
155
-38
-141
-57
92
127
-10
-75
-57
57
127
67
-41
-115
-52
84
145
59
-81
-80
42
100
29
-47
-9
28
3
-11
23
41
-20
-109
-59
114
123
-35
-215
-154
88
219
58
-215
-231
20
226
103
-133
-219
-39
139
166
24
-151
-187
-15
199
142
-56
-195
-104
123
179
5
-118
-105
16
118
41
-96
-119
28
133
95
-58
-163
-75
104
163
45
-159
-168
54
177
40
-145
-128
20
113
74
-84
-136
-57
58
88
20
-76
-111
-52
51
81
-7
-78
-74
-6
67
47
-34
-81
-51
67
95
22
-38
-76
-59
33
182
156
-73
-211
-80
188
251
35
-222
-175
98
268
102
-141
-217
-67
184
240
12
-235
-181
68
243
97
-146
-168
32
153
68
-81
-106
0
96
82
-2
-75
-108
-23
128
140
-32
-175
-114
127
213
33
-193
-146
103
207
32
-125
-125
47
173
101
-56
-105
-25
47
90
58
-2
-56
-36
53
80
16
-43
-39
39
38
-7
-21
-3
-18
-73
-16
128
76
-175
-238
12
261
146
-205
-298
-35
246
183
-107
-257
-98
157
187
22
-161
-180
-6
190
163
-44
-179
-111
76
154
63
-105
-130
10
127
47
-108
-127
49
132
60
-67
-130
-43
86
104
20
-74
-112
-16
94
70
-37
-113
-69
50
121
1
-104
-133
-28
94
127
2
-161
-159
40
111
58
-64
-109
-23
47
64
-12
-88
-45
53
94
27
-22
-60
-84
16
173
170
-25
-203
-126
147
271
71
-169
-186
59
214
111
-100
-178
-57
132
172
52
-139
-205
-28
203
184
-82
-232
-71
172
160
-68
-166
-23
154
125
-67
-134
-72
55
129
74
-74
-144
-49
107
144
17
-104
-95
7
104
112
-29
-142
-57
149
182
-3
-163
-117
112
196
72
-147
-119
68
147
50
-76
-79
24
82
36
-51
-41
7
-26
-55
36
106
4
-161
-175
30
208
105
-145
-236
-85
166
196
-28
-235
-172
94
245
104
-149
-254
-60
210
224
-29
-230
-149
127
210
13
-150
-105
71
111
-14
-96
-61
38
74
82
-3
-131
-112
59
183
86
-127
-212
-29
195
162
-83
-225
-100
156
189
-23
-217
-167
86
180
57
-107
-152
-49
78
78
-32
-82
-34
13
-7
14
7
-17
-30
-34
39
101
51
-93
-136
-5
204
210
-42
-236
-134
157
279
95
-181
-213
31
229
149
-72
-207
-94
112
197
93
-140
-229
-43
197
183
-55
-174
-80
79
120
16
-98
-80
51
126
38
-81
-117
-45
109
152
0
-166
-138
80
202
61
-148
-153
73
188
42
-122
-117
57
161
82
-74
-85
3
66
59
29
6
-13
-10
-5
21
51
42
-19
-39
-31
74
53
-57
-104
-41
75
125
16
-160
-196
5
213
159
-130
-284
-125
151
245
12
-264
-201
105
259
106
-172
-238
-29
199
187
-42
-181
-108
52
140
56
-59
-95
-3
87
43
-69
-81
17
80
50
-21
-87
-81
34
121
69
-77
-137
-31
121
112
-45
-147
-69
92
116
-39
-125
-84
25
91
17
-50
-67
-68
6
34
16
-25
-57
-14
20
17
-12
-14
-46
-24
33
70
78
-36
-129
-52
147
223
45
-191
-183
90
269
153
-164
-243
18
260
181
-127
-236
-52
161
172
33
-155
-161
-8
191
143
-89
-212
-52
164
153
-69
-154
-34
135
153
-28
-163
-103
67
149
80
-97
-157
-33
129
125
-18
-100
-51
39
85
26
-11
-55
-18
70
89
36
-26
-70
-30
74
125
32
-95
-80
50
126
42
-75
-57
32
63
36
-43
-67
-17
-3
3
71
44
-128
-202
-13
207
156
-157
-265
-73
182
203
-68
-255
-125
130
197
51
-129
-178
-72
126
200
69
-196
-225
66
248
93
-158
-172
31
172
64
-117
-153
19
139
96
-27
-152
-108
79
156
80
-90
-162
-63
107
139
-1
-147
-88
32
115
66
-94
-168
-73
105
170
0
-162
-165
9
143
64
-78
-145
-15
118
39
-75
-49
17
-7
5
81
73
-43
-134
-55
156
245
33
-201
-187
95
291
135
-174
-240
25
249
180
-112
-222
-70
137
189
59
-139
-169
-4
142
119
-43
-133
-68
80
120
-7
-95
-54
73
95
1
-75
-74
-31
87
125
1
-140
-131
53
192
91
-114
-154
11
129
94
-23
-64
-60
32
139
82
-50
-112
-40
108
123
27
-85
-73
32
101
41
-28
-39
18
12
12
30
10
-79
-112
48
186
57
-187
-249
-6
231
166
-124
-277
-111
163
203
-8
-221
-174
58
228
135
-120
-236
-106
166
249
13
-222
-151
87
178
54
-94
-110
7
71
32
-23
-58
-25
29
57
64
-40
-136
-71
123
166
-14
-168
-117
71
143
29
-116
-116
16
121
44
-104
-153
-39
97
89
-11
-106
-111
6
74
31
-50
-66
-4
27
4
-17
-6
-31
-47
26
81
60
-11
-115
-86
147
237
11
-212
-148
97
260
112
-170
-204
52
235
132
-120
-167
-31
100
110
49
-73
-119
-46
78
108
26
-95
-87
7
92
41
-43
-64
-8
103
78
-55
-138
-80
119
209
10
-209
-165
90
204
85
-113
-172
24
165
104
-65
-132
-43
116
152
19
-101
-76
36
93
84
10
-36
-21
-3
35
68
15
-36
-36
17
49
36
-29
-92
-52
50
123
61
-136
-213
-57
180
184
-94
-260
-129
129
211
21
-189
-184
46
205
112
-76
-201
-135
108
254
92
-193
-217
12
203
119
-76
-174
-44
124
123
-44
-165
-77
132
158
14
-145
-163
15
187
125
-81
-178
-77
100
151
5
-145
-115
27
133
69
-104
-155
-45
67
106
26
-92
-158
-31
108
76
-66
-93
-28
50
61
2
-83
-100
25
112
63
-15
-46
-61
-39
87
189
77
-132
-172
8
188
186
-24
-202
-115
145
235
25
-183
-173
41
198
157
-68
-238
-148
169
263
18
-232
-177
96
225
42
-171
-126
86
162
40
-99
-132
-41
103
158
14
-135
-145
4
174
124
-74
-144
-40
105
119
-6
-86
-57
74
129
43
-62
-61
-15
54
109
56
-40
-97
0
105
87
-23
-76
-38
30
85
37
-66
-118
-33
80
102
34
-117
-193
-70
155
202
-18
-259
-197
92
232
69
-182
-222
21
203
132
-75
-200
-116
125
205
71
-172
-192
38
187
86
-100
-145
5
132
78
-84
-130
-23
100
132
27
-127
-157
-5
167
151
-52
-187
-93
95
146
-3
-119
-93
23
88
36
-63
-114
-50
69
89
7
-96
-113
-13
65
46
-35
-75
-27
30
24
-8
-48
-34
13
39
39
35
0
-79
-77
82
224
106
-150
-213
24
244
189
-66
-242
-81
177
238
31
-239
-212
99
256
131
-153
-249
-14
174
151
-63
-155
-43
93
99
-51
-91
17
63
44
-10
-31
-34
-48
35
127
56
-103
-160
-9
174
121
-39
-171
-49
134
119
-7
-111
-75
93
144
54
-100
-89
8
81
106
50
-65
-58
0
81
59
-13
-35
3
14
-5
-4
21
-31
-58
-15
65
109
-39
-245
-153
154
269
9
-315
-245
115
309
69
-267
-252
77
278
113
-145
-209
-65
130
182
21
-114
-153
7
150
90
-60
-124
-33
99
76
-44
-126
-61
92
136
40
-112
-165
-3
155
122
-37
-149
-96
57
135
31
-111
-91
5
55
61
-41
-118
-96
22
112
73
-64
-160
-96
97
133
-24
-127
-78
32
80
34
-73
-81
-6
49
74
47
-28
-88
-83
91
226
98
-163
-219
40
273
180
-96
-233
-59
185
218
5
-191
-168
44
219
126
-94
-211
-84
121
189
50
-137
-161
23
135
76
-54
-88
-14
70
88
-3
-90
-112
26
169
94
-105
-193
-50
191
198
-41
-212
-82
124
178
17
-148
-119
114
186
60
-88
-94
-11
76
117
52
-56
-76
18
67
50
18
-21
-36
3
38
36
-8
-66
-77
6
124
116
-100
-275
-125
202
267
-54
-318
-187
143
258
25
-224
-180
37
191
110
-50
-167
-134
63
209
112
-126
-223
-35
184
172
-69
-213
-56
153
134
-70
-163
-47
104
113
12
-86
-131
-30
136
151
-14
-161
-137
41
168
63
-127
-144
-5
128
72
-84
-138
-62
46
108
37
-99
-138
-32
74
61
-22
-88
-38
20
45
-2
-60
-42
10
37
53
18
-30
-54
-56
80
186
68
-123
-159
32
195
143
-46
-163
-51
119
155
20
-120
-125
-3
147
163
-23
-200
-159
114
234
43
-183
-141
57
157
43
-111
-109
71
164
19
-122
-77
7
84
77
9
-70
-95
-13
83
110
9
-109
-83
77
118
35
-90
-106
44
184
96
-71
-136
-34
98
138
68
-83
-90
14
113
68
-38
-60
-12
27
55
18
-51
-78
-23
64
69
24
-73
-163
-87
56
171
66
-175
-224
-28
199
191
-114
-278
-100
199
232
-26
-249
-163
114
262
76
-195
-219
22
230
106
-100
-145
-24
120
93
-61
-125
-50
70
109
42
-54
-139
-63
104
160
33
-163
-118
42
118
57
-58
-116
-37
51
75
-17
-111
-103
-2
105
98
-46
-156
-101
60
122
38
-95
-109
3
69
21
-47
-30
6
20
33
32
42
-56
-135
3
226
204
-102
-277
-50
270
249
-37
-231
-131
119
244
69
-143
-183
-34
163
194
5
-216
-189
77
236
103
-154
-194
18
157
75
-64
-122
4
129
101
-74
-133
-61
74
139
52
-108
-141
-19
128
114
1
-125
-80
54
121
56
-56
-109
-4
121
125
-1
-109
-78
51
143
80
-69
-98
1
95
51
-38
-39
22
68
14
-53
-11
34
-40
-82
29
142
12
-201
-187
61
233
88
-204
-250
0
203
142
-98
-234
-89
156
194
34
-191
-201
20
209
151
-73
-201
-75
136
157
-18
-142
-47
81
96
-36
-117
-55
66
108
58
-61
-145
-39
98
131
28
-115
-111
-3
106
94
-45
-138
-78
72
135
0
-155
-134
16
134
87
-63
-167
-75
80
94
-8
-99
-87
35
62
-4
-51
-15
19
-8
10
63
56
-72
-156
25
248
185
-122
-277
-43
270
268
-36
-280
-139
180
268
20
-196
-164
23
180
160
-46
-212
-128
102
206
57
-153
-159
44
173
54
-114
-106
12
115
84
-16
-100
-110
10
153
112
-69
-181
-76
145
186
-6
-172
-88
100
154
21
-101
-86
40
131
94
-44
-109
-12
76
81
28
-16
-34
1
43
41
-10
-24
19
26
18
-22
-32
3
-27
-32
39
103
-6
-199
-173
82
237
78
-223
-254
-6
219
159
-105
-235
-83
139
179
16
-160
-183
-6
190
183
-53
-217
-113
139
182
-23
-171
-69
116
114
-39
-129
-56
46
82
65
-19
-122
-105
57
171
79
-119
-176
-32
131
160
-52
-191
-110
111
194
8
-221
-171
45
168
85
-69
-131
-81
-8
78
54
-10
-86
-86
9
72
44
-37
-98
-15
92
131
32
-144
-137
21
223
198
-80
-242
-91
204
257
27
-217
-185
132
267
79
-171
-197
-30
176
192
4
-214
-160
80
204
84
-139
-160
16
134
98
-58
-119
-16
100
85
-30
-81
-84
3
141
111
-61
-172
-72
115
161
31
-126
-116
61
110
54
-36
-93
21
122
61
-16
-29
-60
-21
99
119
15
-117
-67
64
100
42
-43
-48
22
38
4
-15
-19
-58
-38
65
108
-10
-186
-173
56
208
111
-172
-272
-43
219
177
-91
-241
-105
151
188
28
-154
-160
0
170
141
-67
-170
-74
88
158
2
-125
-79
50
110
19
-110
-125
29
150
99
-44
-191
-84
129
186
7
-141
-132
17
117
68
-60
-120
-38
67
85
-22
-104
-98
-7
110
64
-51
-124
-66
51
68
-16
-81
-32
27
-12
-25
-9
25
-7
-26
17
75
75
-51
-188
-44
239
249
-57
-277
-119
206
298
48
-249
-207
103
287
123
-192
-236
-2
195
178
-2
-197
-179
61
219
112
-119
-169
-19
104
85
-27
-87
-31
73
74
17
-49
-107
-50
123
159
-12
-185
-140
95
204
64
-132
-160
33
183
105
-101
-158
9
185
128
-30
-139
-74
54
143
105
-52
-117
-21
92
89
-1
-65
-29
61
74
-17
-61
-19
-2
-31
-8
81
67
-128
-224
-22
242
170
-161
-307
-80
227
233
-88
-305
-114
182
224
-4
-170
-175
-4
193
161
-64
-192
-88
136
159
-24
-151
-67
80
99
-7
-100
-91
39
90
66
16
-106
-126
16
151
118
-62
-197
-86
130
186
-8
-201
-136
85
186
38
-187
-170
32
129
61
-43
-105
-96
-15
80
71
-32
-124
-62
50
63
14
-55
-59
-18
69
114
45
-118
-155
24
207
175
-33
-201
-131
148
254
83
-172
-223
39
260
165
-97
-259
-104
168
241
44
-199
-202
34
234
117
-133
-174
-12
118
119
-33
-121
-51
77
128
9
-102
-116
-19
153
143
-52
-189
-107
124
186
31
-142
-130
50
144
78
-63
-85
-12
85
109
20
-71
-78
4
101
120
20
-89
-70
40
92
60
-10
-64
-16
32
43
6
-35
-63
-34
40
123
57
-178
-245
-14
246
187
-117
-301
-132
173
241
0
-279
-191
132
283
74
-207
-219
-20
198
197
-34
-199
-121
96
187
46
-114
-136
-1
140
76
-98
-146
9
130
94
-13
-131
-103
33
143
117
-114
-165
-46
122
139
-32
-159
-107
75
158
16
-146
-164
-7
122
101
-29
-135
-116
19
126
38
-95
-99
-7
74
53
-50
-77
-30
30
57
57
10
-35
-87
-42
145
217
26
-221
-184
135
302
114
-195
-220
36
234
172
-108
-240
-82
164
229
41
-200
-197
9
218
142
-108
-201
-37
169
115
-78
-145
-20
139
119
-56
-141
-73
45
137
74
-77
-135
-62
107
142
28
-96
-120
8
131
102
-20
-112
-63
76
152
40
-73
-84
-28
107
148
10
-122
-69
83
120
-10
-61
-28
32
65
17
-29
-16
-61
-72
55
155
48
-192
-248
-12
278
182
-180
-310
-79
216
218
-80
-255
-133
110
206
89
-117
-202
-84
137
228
42
-186
-203
37
236
124
-144
-188
8
160
87
-111
-153
10
125
86
4
-105
-112
10
124
108
-12
-160
-136
64
198
46
-167
-146
10
149
80
-127
-154
-45
96
140
-9
-139
-145
22
132
28
-83
-101
-20
70
48
-33
-71
-16
52
29
8
42
2
-83
-79
106
225
76
-177
-201
53
278
160
-126
-237
-28
216
208
-46
-241
-147
137
241
99
-178
-226
16
191
120
-90
-154
-19
100
67
-29
-67
-3
45
43
16
5
-42
-108
4
169
114
-129
-224
-29
229
192
-81
-221
-78
170
155
-10
-131
-65
99
156
47
-99
-88
5
80
104
55
-56
-90
-9
91
102
-15
-91
-25
62
87
5
-92
-92
-11
89
89
4
-155
-180
-7
181
151
-113
-248
-110
142
238
-14
-275
-175
148
255
68
-177
-227
-31
209
190
-46
-211
-112
119
159
12
-104
-81
38
63
21
-55
-60
-17
19
94
77
-97
-162
-7
155
135
-30
-182
-127
82
187
36
-149
-149
-7
159
92
-110
-205
-68
125
160
-21
-164
-127
23
112
28
-64
-84
-15
49
13
-42
-41
12
20
18
10
45
16
-87
-89
113
232
57
-188
-171
100
255
115
-156
-221
17
233
159
-88
-197
-71
117
171
71
-142
-188
-1
161
132
-31
-133
-99
45
146
24
-89
-90
26
128
63
-61
-137
-78
117
179
29
-173
-177
56
214
117
-95
-182
-14
135
127
-7
-118
-78
77
189
70
-109
-126
21
125
114
-9
-84
-25
63
67
0
-41
7
36
19
-29
-7
49
-30
-111
-30
159
170
-143
-329
-86
275
244
-128
-342
-134
203
236
-41
-248
-162
127
235
75
-163
-216
-50
180
196
-11
-180
-133
54
137
52
-67
-99
-13
90
39
-43
-58
-31
31
88
80
-79
-182
-55
148
199
-14
-233
-138
96
193
39
-157
-113
11
111
55
-112
-122
-17
82
79
-25
-92
-84
0
45
9
-14
-31
-33
-24
-18
33
49
-35
-61
-13
94
90
-43
-143
-88
156
255
61
-212
-220
73
300
164
-129
-248
-21
240
193
-72
-231
-119
116
203
108
-114
-221
-72
167
178
-20
-174
-86
85
122
4
-109
-51
108
88
-28
-68
-41
-33
28
113
50
-78
-131
-32
158
130
-69
-168
-34
154
103
-29
-104
-59
95
144
30
-61
-86
-9
79
87
45
-36
-38
-5
46
46
7
-28
-21
7
35
43
1
-95
-83
45
140
61
-146
-228
-52
181
178
-58
-242
-140
84
193
54
-151
-223
-17
222
193
-95
-262
-114
159
257
27
-218
-165
81
185
52
-127
-112
41
117
41
-97
-122
23
122
78
-15
-74
-105
-19
116
118
-14
-142
-111
38
142
68
-67
-150
-65
76
137
-18
-191
-113
88
117
8
-70
-99
-51
35
82
11
-106
-84
43
77
-4
-70
-35
40
42
14
23
15
-75
-76
88
212
103
-149
-219
10
270
200
-103
-261
-64
224
244
-32
-264
-153
115
251
118
-157
-245
-31
202
179
-61
-189
-88
114
130
-32
-122
-38
105
93
-28
-66
-56
-54
42
149
65
-101
-192
-13
187
145
-78
-195
-33
152
136
-7
-112
-78
65
127
82
-45
-114
-46
76
177
59
-119
-105
28
123
87
-40
-98
-38
63
78
17
-59
-85
-45
40
135
73
-140
-239
-85
199
218
-46
-298
-198
132
256
57
-242
-209
64
237
111
-145
-189
-52
110
168
53
-96
-166
-39
141
137
-31
-140
-60
106
115
-34
-147
-88
104
149
41
-104
-152
-34
137
166
-14
-181
-133
71
171
55
-104
-118
-22
77
57
-36
-96
-81
14
86
63
-51
-128
-81
45
112
18
-125
-107
53
95
-2
-89
-36
36
36
11
26
31
-65
-104
52
236
138
-156
-251
12
290
211
-102
-256
-79
217
256
-29
-243
-170
84
235
123
-79
-207
-124
101
211
79
-161
-174
13
162
102
-66
-131
-17
92
109
-4
-127
-136
59
223
99
-165
-223
20
219
136
-76
-155
-32
122
104
-24
-81
-63
55
124
48
-30
-56
-37
42
93
68
-25
-56
4
22
49
41
-23
-55
-25
77
91
-31
-112
-101
52
166
99
-155
-300
-67
233
203
-97
-272
-129
139
195
18
-170
-192
-1
181
178
-41
-232
-162
109
264
107
-166
-249
-43
216
162
-86
-165
-31
113
95
-62
-123
-20
83
72
42
-44
-130
-75
102
149
43
-132
-157
-2
149
90
-73
-137
-67
57
116
22
-117
-135
-22
110
115
-44
-179
-101
44
130
24
-120
-82
31
60
-4
-22
-19
-13
-4
59
75
1
-101
-99
79
205
109
-105
-191
-16
217
197
-16
-226
-128
151
277
45
-236
-209
58
240
130
-94
-190
-89
101
151
35
-117
-100
43
106
28
-71
-78
14
133
68
-92
-128
-54
103
162
28
-127
-150
-10
153
158
-6
-170
-89
79
139
69
-86
-124
-7
166
156
-42
-164
-85
99
159
81
-67
-110
-14
105
87
-17
-59
-32
35
55
19
-23
-58
-63
0
80
115
-23
-229
-186
83
275
76
-252
-290
6
305
183
-190
-305
-58
233
247
-32
-263
-215
94
297
117
-170
-225
-28
184
116
-66
-128
-15
87
49
-32
-76
-27
37
44
50
-9
-96
-76
24
132
104
-91
-160
-45
127
130
-52
-147
-69
55
104
0
-104
-119
-13
109
77
-24
-122
-110
4
71
61
-22
-85
-67
16
61
34
-23
-77
-42
58
123
47
-128
-162
39
278
195
-145
-297
-46
307
261
-102
-280
-94
211
254
-19
-232
-164
92
215
97
-92
-178
-61
102
127
24
-112
-80
29
94
14
-59
-33
40
66
35
-61
-81
-39
40
120
46
-67
-117
-28
95
115
0
-90
-50
36
82
36
-25
-53
-11
56
93
48
-73
-92
23
124
125
-29
-123
-46
92
106
-5
-77
-12
64
15
-12
7
-7
-60
-61
81
144
-22
-251
-203
130
273
57
-249
-266
42
274
155
-192
-300
-6
235
188
-53
-235
-156
108
222
74
-125
-162
-31
126
122
-18
-120
-59
78
97
-26
-120
-62
59
102
63
-22
-134
-102
69
190
71
-151
-170
17
182
68
-123
-113
-18
49
73
6
-98
-95
-4
69
67
-4
-116
-109