#4
363
-9
-215
86
368
182
-103
-73
236
307
42
-197
-48
333
360
-21
-284
-79
460
493
-119
-451
6
586
437
-148
-325
52
426
306
-109
-147
147
307
111
-137
-17
288
272
-56
-223
83
366
190
-157
-165
200
372
55
-268
-92
392
419
-84
-408
-34
510
433
-148
-386
25
476
383
-101
-255
57
287
174
-9
63
217
102
-124
-52
274
382
48
-301
-109
362
401
-28
-302
-13
403
359
-122
-375
44
493
321
-187
-252
141
411
201
-192
-143
203
262
42
-76
72
243
74
-176
-108
277
422
36
-398
-177
395
489
-4
-400
-122
415
452
-58
-366
-34
433
369
-141
-329
120
485
245
-187
-250
105
372
189
-106
-110
165
222
-10
-80
107
232
53
-209
-100
297
435
10
-438
-225
368
545
11
-427
-214
345
457
12
-344
-79
373
303
-115
-245
34
306
233
-85
-174
88
286
60
-205
-69
259
284
-94
-292
102
485
170
-370
-290
306
558
113
-364
-245
243
450
113
-262
-169
222
334
35
-205
-70
260
236
-99
-228
44
314
165
-157
-161
122
231
-5
-152
54
272
127
-201
-224
154
432
174
-308
-307
189
495
194
-276
-273
102
369
186
-68
-84
32
109
90
61
98
58
-63
-52
120
207
52
-147
-83
171
322
53
-306
-167
289
402
31
-250
-154
224
327
39
-180
-128
99
251
146
-49
-107
5
80
17
40
157
80
-109
-156
82
309
140
-164
-210
110
328
138
-176
-172
160
308
79
-202
-122
207
303
49
-189
-110
153
260
78
-86
-68
65
128
72
11
-15
43
-1
-68
65
265
108
-225
-271
90
394
234
-207
-360
2
401
237
-165
-244
68
310
111
-177
-136
129
264
57
-176
-63
162
124
-94
-111
128
244
-16
-279
-17
357
206
-214
-304
73
406
239
-152
-299
-15
331
266
-81
-233
-34
222
162
-76
-124
87
189
4
-189
-64
219
201
-80
-226
-21
204
118
-133
-101
166
197
-108
-270
34
363
204
-223
-351
53
452
287
-216
-392
-53
382
369
-55
-309
-96
229
218
-22
-112
27
148
49
-63
-50
51
104
34
-41
53
84
-51
-52
59
147
72
-55
-87
53
182
70
-61
-117
-35
159
227
7
-192
-113
122
170
13
-61
-20
11
45
40
12
-3
35
56
24
-8
21
44
44
25
46
53
7
-18
54
132
99
-31
-108
-55
136
220
68
-145
-163
73
242
122
-124
-164
2
120
110
73
7
-134
-157
26
258
210
-148
-328
-39
295
250
-90
-256
-29
215
168
-35
-149
-55
126
192
-10
-124
-38
45
77
17
-32
52
-1
-102
49
213
63
-169
-185
102
309
109
-159
-166
2
198
194
-22
-157
-73
106
116
1
-85
19
88
11
-64
-30
48
60
15
-36
-40
8
27
5
1
56
59
-74
-105
20
162
111
-107
-195
12
245
232
-71
-285
-125
199
318
113
-214
-229
73
255
151
-79
-128
1
98
98
-10
-67
-24
47
72
61
6
-78
-48
75
105
67
-5
-86
-26
108
115
38
-96
-139
75
226
102
-131
-193
-6
167
116
-36
-76
-14
1
24
22
43
50
-1
-21
-17
48
107
36
-66
-22
87
85
-18
-53
32
128
105
-90
-168
42
236
164
-103
-221
-17
231
194
-91
-218
-76
122
182
81
-98
-165
-69
79
134
90
-46
-148
-79
90
139
35
-91
-90
76
110
-2
-74
-29
67
96
0
-75
-42
24
29
13
24
35
-26
-118
28
224
47
-192
-184
86
284
117
-119
-158
-38
123
178
44
-113
-119
45
135
62
-72
-62
20
52
-16
-45
-8
53
21
-39
-42
-17
6
12
13
39
32
-36
-107
-46
121
162
-27
-196
-95
181
235
6
-206
-186
82
249
157
-69
-195
-71
149
198
55
-124
-122
55
131
22
-93
-56
98
119
-8
-87
-91
40
134
27
-33
12
48
16
-25
-6
87
32
-114
-47
137
154
-43
-218
-100
146
155
33
-120
-135
20
147
81
-73
-110
29
112
54
-89
-55
103
116
4
-67
-30
58
58
29
49
26
-35
-77
13
157
139
-70
-185
-60
179
206
-22
-216
-161
89
204
115
-70
-207
-110
85
188
97
-110
-183
-51
131
139
-18
-109
-38
75
88
-8
-69
-69
40
116
37
-74
-31
38
-51
-52
63
128
-1
-199
-90
213
233
-127
-299
-39
287
240
-69
-249
-127
173
260
35
-202
-127
106
169
0
-145
-29
123
52
-109
-105
42
126
28
-113
-83
51
39
-74
-29
100
92
-99
-181
3
189
124
-105
-212
-35
186
216
-18
-194
-164
52
255
203
-90
-260
-96
186
224
16
-125
-100
11
121
54
-84
-82
34
95
55
1
-103
-78
39
113
99
-9
-113
-62
81
111
64
-76
-193
-28
216
234
-76
-326
-103
195
192
4
-145
-115
21
97
37
-42
-41
20
35
15
-7
22
33
15
-17
6
47
7
-12
35
69
49
-33
-94
-23
126
139
13
-151
-110
79
197
51
-158
-159
27
162
140
-32
-186
-148
26
163
128
-47
-184
-93
95
121
7
-79
-34
47
51
13
-26
-52
7
85
30
-45
-76
12
6
5
25
35
-21
-112
-41
170
144
-96
-209
-18
190
124
-32
-97
-45
67
111
39
-60
-84
16
86
28
-68
-36
63
59
-62
-118
-6
96
83
-63
-119
-33
36
45
-18
-9
37
-47
-117
-36
173
131
-108
-194
-31
187
188
-31
-183
-133
57
168
143
25
-132
-142
41
175
126
-49
-137
-43
124
114
-56
-149
-13
113
122
-21
-173
-81
126
158
-7
-105
-31
67
86
-24
-87
19
51
-19
21
73
36
-90
-119
-28
106
140
-6
-172
-107
87
138
9
-109
-66
86
120
-35
-97
13
96
47
-39
-55
43
103
11
-13
31
32
-60
-102
69
197
85
-173
-207
75
253
81
-160
-219
-18
160
151
10
-149
-167
-36
135
183
-7
-213
-177
71
224
92
-163
-162
31
163
92
-64
-137
-45
128
122
-54
-123
-55
9
56
52
27
-48
-141
-43
198
167
-114
-277
-52
232
219
-27
-169
-120
68
173
67
-68
-104
-14
59
69
-15
-75
-4
30
4
-64
-30
36
44
-6
-47
-61
-27
5
42
35
-22
-67
-75
17
102
91
-33
-166
-75
130
178
23
-112
-161
-42
160
243
46
-204
-194
84
254
105
-155
-179
33
187
68
-130
-143
51
151
69
-66
-133
-26
106
93
-34
-49
25
52
6
-39
19
73
-59
-114
43
212
76
-220
-229
78
230
120
-128
-210
-32
143
104
-49
-89
-6
75
47
-37
-47
23
55
34
-10
-28
-10
55
63
14
15
3
-63
-44
79
155
34
-168
-132
94
195
47
-143
-150
-11
112
137
19
-136
-159
-35
155
137
-67
-170
-84
95
95
-16
-62
-13
51
38
-36
-35
27
19
-25
31
24
-20
-41
-49
12
60
35
-44
-128
-3
192
113
-171
-248
38
301
154
-193
-189
56
151
57
-45
-58
10
44
-8
-43
25
57
-2
-48
-66
-18
51
39
-23
-48
-33
-29
0
7
-40
24
75
-20
-144
-86
141
186
-61
-231
-138
154
252
54
-178
-191
3
207
192
-12
-197
-136
101
175
68
-78
-106
7
92
29
-88
-56
70
80
1
-46
-62
-16
63
58
-24
-10
31
7
-10
-31
27
90
-45
-132
35
188
66
-171
-179
51
173
70
-86
-144
-45
73
97
9
-85
-49
66
84
-32
-85
5
94
69
-23
-80
-7
81
67
27
4
-25
-52
-42
105
170
4
-199
-165
114
259
80
-227
-209
40
204
105
-59
-143
-104
-12
93
115
-7
-120
-120
7
120
84
-58
-113
-14
116
84
-30
-114
-82
66
156
18
-96
-74
-32
15
60
50
-12
-140
-71
167
169
-76
-260
-70
227
208
-35
-174
-95
50
145
98
-63
-114
-11
50
55
-4
-41
5
15
-37
-51
26
37
-21
-42
-38
23
1
-74
-50
78
103
-47
-180
-97
133
218
-1
-259
-171
155
263
77
-165
-193
-39
146
220
53
-176
-189
29
201
142
-50
-162
-80
109
153
-22
-176
-95
141
192
-15
-182
-114
108
143
-5
-49
-20
0
24
-19
43
81
-81
-156
54
233
111
-209
-279
33
257
131
-125
-190
-61
121
109
-47
-91
2
69
55
-22
-54
5
75
56
-52
-55
22
95
57
-31
-33
35
19
-41
-16
98
89
-55
-122
-21
129
103
-64
-141
-63
63
125
67
-67
-164
-116
45
186
88
-122
-200
-44
172
122
-75
-128
11
111
25
-81
-57
21
82
39
-53
-44
8
-26
-46
5
81
62
-119
-143
95
204
-16
-213
-129
157
214
10
-126
-120
-1
134
115
-13
-104
-70
36
90
13
-93
-9
69
5
-91
-52
48
57
-1
-47
-78
-46
15
46
51
-17
-65
-76
-22
71
95
-23
-141
-91
91
174
70
-125
-167
-40
142
206
56
-159
-164
20
178
135
-43
-132
-46
119
108
-94
-148
23
139
74
-44
-131
-83
90
139
19
-52
-31
16
29
-7
-5
45
-24
-109
19
173
89
-164
-214
30
190
94
-71
-153
-59
78
76
-8
-63
-24
71
49
-67
-63
55
101
5
-72
-33
56
67
5
-3
63
56
-79
-128
13
183
137
-105
-226
-11
232
162
-116
-232
-110
129
212
77
-170
-216
-36
163
161
-40
-170
-113
32
132
52
-98
-66
25
81
25
-24
-44
-46
24
87
17
-53
-45
-23
-15
43
78
0
-118
-144
108
266
-7
-312
-183
210
314
35
-221
-191
65
226
110
-116
-173
9
127
83
-51
-98
-1
63
30
-62
-83
-5
64
33
-34
-83
-29
-3
-30
19
85
27
-134
-137
55
206
78
-174
-217
25
240
161
-88
-226
-82
148
216
48
-151
-150
23
124
124
9
-100
-86
58
106
-14
-147
-55
134
126
3
-122
-127
19
161
84
-95
-81
36
79
2
-49
30
14
-44
-38
74
126
-28
-173
-98
66
153
56
-104
-154
-18
119
90
-43
-93
-14
82
40
-70
-20
57
54
-17
-27
38
37
-10
-14
46
80
-35
-136
-23
166
171
-58
-215
-74
188
184
-62
-218
-112
99
186
61
-119
-150
-63
54
132
78
-94
-191
-45
155
125
-52
-160
-7
153
61
-95
-89
-11
83
70
-42
-82
5
53
-61
-47
33
87
-8
-167
-4
188
68
-182
-175
88
222
73
-84
-133
-53
90
139
29
-99
-78
22
67
22
-39
-28
39
2
-76
-44
16
53
4
-42
-71
-28
20
-6
19
53
-23
-133
-97
93
191
11
-206
-152
91
235
98
-132
-185
-47
111
166
74
-80
-144
-28
119
130
33
-103
-111
33
131
60
-123
-113
56
108
70
-52
-144
-27
108
113
-46
-86
16
75
25
-69
16
54
-63
-44
90
132
-28
-190
-109
84
175
61
-141
-162
6
122
78
-34
-90
-10
59
44
-21
-33
-5
47
70
1
-46
-21
34
79
81
-7
-125
-96
97
185
53
-113
-157
7
167
125
-58
-168
-90
64
128
81
-42
-146
-157
5
209
145
-130
-254
-47
212
149
-112
-171
36
130
54
-91
-76
12
55
39
-29
-15
11
-51
-69
19
100
63
-108
-205
49
273
95
-231
-266
83
327
145
-197
-212
-6
169
146
-45
-149
-40
110
83
-66
-93
32
92
-4
-103
-62
41
41
-15
-49
-54
1
-2
-31
8
82
20
-122
-149
37
176
79
-133
-184
-5
202
171
-57
-198
-107
101
195
101
-100
-164
-27
135
136
6
-81
-110
14
126
35
-74
-85
43
84
27
-67
-115
1
130
49
-49
-16
31
38
-16
-63
30
86
-40
-84
34
131
42
-138
-170
0
168
144
-86
-216
-74
166
153
-73
-152
-22
128
71
-65
-80
48
132
-13
-116
-5
113
71
-39
-26
60
40
-55
-90
49
182
47
-171
-141
103
203
38
-158
-198
-19
200
186
-48
-236
-187
84
251
96
-178
-226
-18
186
123
-74
-150
-29
128
91
-57
-90
-20
37
52
-1
-24
10
-28
-95
-9
131
89
-122
-220
56
292
74
-270
-251
115
351
121
-218
-217
12
196
154
-46
-152
-76
83
103
3
-96
-21
88
28
-104
-94
41
99
0
-98
-65
12
18
-43
-7
84
18
-118
-124
67
192
38
-176
-172
38
197
127
-57
-158
-89
55
161
118
-32
-150
-101
88
202
85
-167
-159
72
207
18
-225
-120
176
206
-43
-183
-118
75
175
37
-104
-24
41
15
1
-8
60
-1
-145
-59
163
186
-57
-254
-124
157
201
-2
-187
-146
62
152
37
-110
-100
46
137
13
-126
-46
89
75
2
-36
-5
13
5
45
89
23
-93
-111
20
145
147
-25
-191
-120
117
233
37
-215
-208
69
219
108
-97
-194
-100
54
123
92
-64
-153
-72
65
113
19
-78
-58
29
65
14
-36
-67
-41
94
100
-19
-94
-81
-12
62
79
-3
-111
-111
82
188
52
-209
-196
103
251
82
-122
-132
-9
97
107
2
-71
-38
3
32
33
-12
-10
3
-10
-52
-25
23
20
-1
-30
-35
-28
-14
-25
-3
80
60
-109
-184
7
186
126
-111
-219
-31
201
186
-27
-183
-148
25
195
190
-29
-210
-120
123
207
45
-128
-103
28
105
30
-89
-76
36
128
4
-87
-90
21
114
38
-65
-16
36
54
-34
-54
52
63
-56
-88
44
158
31
-177
-145
64
161
30
-78
-101
-40
54
63
13
-40
-32
49
4
-53
1
80
74
-26
-64
-24
68
70
5
-18
53
2
-103
-41
116
170
-4
-184
-128
128
236
44
-221
-201
36
218
146
-102
-204
-115
75
160
91
-99
-187
-62
132
131
-21
-133
-69
90
87
2
-47
-67
-13
78
46
-41
-55
10
-44
-39
64
63
-24
-138
-62
162
159
-111
-260
-41
259
189
-70
-189
-128
109
204
66
-128
-138
23
134
43
-116
-77
95
85
-101
-138
25
120
15
-92
-90
10
34
-34
-45
50
84
-29
-179
-86
154
160
-65
-202
-67
180
194
-18
-172
-140
30
163
161
-10
-185
-103
102
149
59
-97
-92
17
106
31
-86
-92
63
111
29
-38
-127
-57
103
139
-15
-88
-22
51
27
-17
38
17
-95
-73
102
176
38
-203
-196
53
205
112
-101
-180
-66
122
128
-17
-139
-58
117
107
-50
-105
27
103
60
-60
-55
31
64
43
-9
8
14
-44
-54
74
141
27
-156
-96
93
154
29
-97
-140
-34
110
126
7
-126
-149
-45
108
152
-3
-143
-155
29
164
84
-96
-133
24
122
18
-100
-69
44
104
6
-81
-17
34
-34
-57
18
81
17
-121
-98
138
159
-80
-240
-35
210
158
-53
-119
-63
41
117
48
-54
-63
-6
38
-5
-22
9
32
-4
-61
-73
20
67
8
-38
-60
-14
-8
-21
-19
48
66
-72
-149
-19
151
144
-72
-249
-94
197
256
-17
-250
-135
93
211
95
-61
-107
-49
43
97
80
-35
-87
-48
54
76
0
-84
-64
49
123
35
-128
-132
59
158
28
-79
-54
35
62
0
-26
-1
-34
-29
68
132
17
-169
-140
41
139
68
-27
-115
-105
34
114
53
-77
-77
36
68
-11
-46
24
67
9
-34
-30
39
50
6
3
39
31
-60
-72
22
152
94
-118
-174
24
224
137
-163
-254
-20
198
154
-68
-164
-109
13
100
101
-12
-117
-119
16
136
83
-89
-108
24
92
64
-65
-94
-17
72
89
-26
-97
-7
-13
-9
35
58
-23
-140
-72
180
174
-89
-238
-82
202
219
-25
-178
-72
51
113
64
-49
-62
-5
33
34
-32
-36
30
56
-33
-96
-25
55
42
-47
-63
-10
18
-38
-41
47
94
-17
-167
-130
126
220
-8
-241
-142
156
235
14
-166
-131
13
103
133
77
-73
-153
-32
116
162
31
-152
-123
77
145
-8
-152
-63
116
142
-7
-179
-112
102
183
19
-138
-53
80
89
-60
-85
70
77
-59
-79
40
125
20
-167
-143
70
198
86
-194
-211
40
211
82
-138
-130
58
133
27
-85
-40
71
73
-35
-46
29
56
6
16
54
-2
-103
-60
105
164
45
-137
-146
56
169
66
-112
-167
-32
118
129
40
-127
-170
-57
133
168
-30
-164
-122
43
156
44
-118
-100
64
132
-8
-112
-25
69
29
-28
-30
34
24
-62
-82
25
123
27
-156
-144
152
231
-51
-274
-115
180
260
0
-187
-118
42
146
98
-46
-106
-41
62
70
-15
-56
13
37
-44
-78
11
39
4
-29
-45
-15
-15
-38
-25
61
86
-55
-160
-67
113
152
-14
-179
-117
105
179
70
-102
-123
-55
68
154
116
-46
-169
-86
145
206
3
-171
-125
107
163
-39
-167
-39
155
107
-68
-144
-60
113
110
-50
-56
43
56
-11
-85
23
134
-11
-171
-43
171
150
-86
-234
-68
148
152
10
-154
-153
46
176
35
-94
-59
37
64
-24
-43
29
82
-5
-60
3
46
41
-9
-18
58
67
-65
-111
22
177
122
-114
-188
-22
192
143
-102
-215
-66
150
161
-9
-129
-137
-35
86
110
2
-111
-113
28
124
27
-98
-53
73
86
-33
-106
-28
57
72
21
-50
-35
9
-35
-56
12
109
30
-173
-124
163
224
-45
-280
-133
206
238
-8
-152
-117
33
125
95
-21
-99
-30
58
59
-36
-78
26
88
-16
-111
-57
68
53
-30
-64
-33
10
-28
-52
44
110
-22
-167
-111
108
189
3
-194
-159
77
228
113
-121
-222
-49
206
198
10
-162
-141
62
164
85
-65
-122
-28
116
96
-84
-144
3
153
82
-66
-107
-59
64
130
10
-55
-21
19
46
-15
-35
23
-2
-59
5
123
91
-92
-201
-61
133
166
16
-179
-142
56
152
46
-118
-101
50
122
31
-92
-55
70
92
-3
-62
-15
49
24
9
38
55
-45
-100
8
151
133
-96
-225
-41
219
182
-84
-238
-118
128
217
61
-162
-180
-54
65
154
86
-94
-185
-75
125
160
1
-142
-98
63
120
24
-90
-107
45
151
-10
-111
-37
17
9
-24
28
39
-64
-94
42
122
41
-147
-126
67
176
76
-83
-115
-43
84
149
25
-129
-80
46
120
16
-104
-67
67
82
-65
-116
-11
97
36
-82
-79
-4
21
-16
5
64
8
-139
-123
75
166
43
-164
-154
73
205
87
-120
-166
-23
119
147
42
-66
-131
-48
91
147
54
-112
-129
38
140
22
-122
-86
108
122
-21
-103
-87
61
93
3
-41
10
64
8
-104
-37
136
73
-127
-110
108
181
-4
-200
-153
77
170
78
-121
-174
20
123
40
-45
-61
26
76
-23
-53
16
93
30
-68
-44
46
89
4
-30
38
44
-52
-105
38
175
114
-127
-175
32
164
89
-87
-139
-51
63
96
35
-37
-84
-107
-12
132
121
-86
-178
-45
125
102
-75
-133
49
139
14
-145
-43
77
87
11
-113
-55
89
39
-124
-65
113
111
-82
-182
33
201
73
-187
-216
83
281
103
-169
-192
21
189
139
-72
-175
-33
136
100
-71
-144
17
149
7
-164
-77
87
90
-40
-100
-50
20
-2
-59
23
114
22
-186
-155
94
208
48
-176
-196
32
234
146
-113
-186
-57
112
156
93
-66
-133
-65
92
146
31
-128
-72
85
112
-32
-164
-42
130
129
-25
-132
-99
62
151
30
-105
-31
100
58
-36
-84
18
70
-36
-54
44
127
18
-162
-130
33
149
121
-75
-209
-77
139
154
-33
-150
-77
108
122
-21
-86
-25
83
72
-38
-68
28
71
26
17
34
-22
-76
-44
106
139
10
-165
-123
97
215
53
-180
-206
-11
199
180
-33
-238
-185
84
238
70
-165
-177
1
127
68
-42
-69
0
38
14
-47
9
56
-15
-57
-27
67
94
-62
-186
-56
172
169
-67
-284
-58
281
205
-187
-322
-13
338
218
-154
-224
-60
176
190
-57
-181
-28
143
73
-95
-92
63
126
-39
-160
-50
70
68
-32
-89
-19
59
-33
-106
-4
138
83
-165
-214
66
253
91
-203
-259
48
287
164
-141
-215
-47
144
170
28
-63
-94
-46
51
109
76
-53
-111
5
116
57
-113
-133
68
182
60
-129
-186
6
207
96
-137
-98
83
110
-42
-110
47
116
-36
-127
11
148
82
-143
-187
25
149
120
-44
-191
-111
101
168
24
-154
-87
94
90
-37
-58
18
74
22
-37
-7
8
5
9
68
70
-41
-117
-28
151
151
-70
-206
-48
179
159
-66
-178
-77
69
115
31
-39
-81
-101
-8
91
110
-23
-152
-101
68
117
11
-105
-54
98
101
-75
-106
22
76
19
-57
-39
71
11
-118
-53
95
117
-69
-228
16
250
133
-208
-267
47
274
148
-128
-175
-30
133
149
-19
-138
-34
69
63
-28
-75
-13
107
44
-116
-117
41
99
16
-73
-74
1
1
-16
4
45
16
-105
-135
43
166
63
-109
-159
2
163
118
-32
-126
-96
21
145
140
5
-165
-124
97
180
37
-102
-98
35
110
28
-120
-86
98
149
-26
-156
-88
98
153
-22
-140
30
155
15
-133
-96
137
168
-122
-208
32
256
131
-216
-291
42
290
157
-177
-276
-37
217
166
-88
-172
-25
128
98
-74
-87
40
103
27
-60
-35
55
37
-14
38
90
2
-155
-93
155
228
-1
-220
-145
106
242
75
-189
-230
-6
209
164
-45
-173
-142
-16
127
141
-6
-173
-158
78
187
45
-142
-101
60
136
0
-97
-57
-1
75
44
-29
-29
-33
-79
-20
100
104
-44
-190
-55
195
170
-122
-257
-37
210
206
-21
-174
-136
47
197
90
-108
-142
7
136
44
-95
-70
72
68
-98
-137
6
129
65
-104
-135
7
85
7
-78
-15
71
-9
-119
-86
105
162
11
-209
-169
106
274
90
-191
-241
-6
275
205
-88
-234
-73
158
181
-15
-155
-79
97
136
-21
-147
-59
104
122
-51
-107
-16
50
76
-30
-52
36
101
28
-101
-98
96
132
-72
-135
22
173
97
-161
-244
32
236
121
-106
-213
-60
150
125
-47
-117
-21
91
69
-55
-58
27
73
20
-28
-5
1
19
32
74
40
-59
-95
-1
143
121
-57
-163
-62
134
165
-12
-181
-127
66
155
68
-61
-106
-93
-28
90
118
-6
-154
-112
55
120
19
-97
-45
62
60
-25
-53
-22
32
57
22
-64
-30
1
-46
-14
53
61
-74
-118
23
170
102
-161
-228
19
229
128
-48
-127
-91
53
150
65
-87
-95
2
75
31
-74
-47
87
54
-105
-109
38
109
17
-110
-64
40
5
-87
-37
129
87
-99
-199
-11
195
114
-104
-197
-45
183
167
-27
-159
-83
44
123
92
-8
-82
-60
-5
91
136
-3
-123
-68
64
103
-33
-114
-15
134
76
-65
-126
-55
97
104
-22
-46
6
31
-1
-20
35
35
-70
-59
34
127
68
-124
-166
-4
112
89
-38
-103
-58
20
46
21
6
-13
-14
0
-20
-9
67
53
-18
-51
4
60
22
2
31
40
-28
-76
-34
78
136
43
-102
-121
-4
130
125
-52
-184
-92
86
161
65
-129
-186
-60
137
179
-27
-179
-124
62
149
17
-112
-79
90
127
-45
-120
-22
78
85
-33
-118
1
108
-39
-144
-3
144
81
-140
-151
73
205
-3
-217
-128
160
234
43
-146
-164
8
170
129
-61
-159
-54
118
106
-45
-134
-2
123
2
-113
-52
57
85
-48
-112
-29
59
-8
-49
13
55
-28
-119
-51
93
137
-4
-156
-141
76
211
94
-121
-180
-42
161
206
31
-156
-169
43
175
98
-44
-113
-36
81
76
-54
-110
17
130
28
-90
-85
18
106
6
-58
30
49
8
-39
-35
54
58
-41
-95
-8
145
86
-106
-167
-28
98
108
25
-120
-131
14
125
81
-81
-116
19
135
33
-128
-70
134
131
-59
-131
-26
132
115
-29
-85
-2
63
-5
-14
80
84
-57
-113
-20
122
113
-45
-180
-108
108
176
37
-132
-166
-52
118
159
-8
-175
-131
72
151
32
-156
-64
98
88
-29
-109
2
83
8
-53
-40
59
76
-99
-177
36
216
115
-209
-283
126
352
41
-351
-234
194
368
24
-268
-175
106
248
50
-185
-116
101
144
-17
-153
-57
144
123
-121
-182
-5
162
46
-114
-100
14
49
-27
-70
60
93
-41
-169
-97
156
183
-39
-224
-117
130
201
47
-128
-137
5
125
124
1
-119
-86
49
130
69
-41
-95
-31
85
75
-43
-131
-12
139
75
-58
-125
-30
118
92
-69
-64
86
74
-56
-107
38
124
-20
-105
-34
116
143
-54
-233
-98
116
199
50
-188
-206
51
189
47
-93
-69
22
72
-6
-25
31
37
-4
-13
11
22
-3
-1
57
84
6
-101
-95
76
185
63
-140
-153
39
162
104
-85
-180
-75
103
147
58
-101
-165
-93
104
183
2
-168
-121
39
117
40
-81
-40
57
44
-39
-71
13
66
21
-51
-26
55
64
-116
-164
55
233
43
-246
-218
161
329
-7
-352
-199
224
340
-10
-246
-142
88
199
49
-131
-61
59
48
-38
-40
24
52
13
-103
-95
44
95
7
-86
-85
24
55
-44
-78
15
116
10
-153
-104
74
168
1
-163
-105
67
173
64
-83
-114
-58
99
134
58
-40
-140
-76
127
161
13
-124
-76
64
108
-9
-129
-43
139
99
-94
-128
-5
132
68
-126
-72
123
177
-37
-236
-68
210
160
-137
-192
43
235
93
-231
-207
74
210
76
-156
-168
26
148
46
-90
-54
57
78
-37
-84
12
118
67
-62
-75
-1
110
94
-41
-56
24
45
-52
-42
113
117
-54
-164
-33
146
127
-53
-174
-95
71
146
72
-75
-181
-80
93
154
30
-156
-144
21
128
50
-78
-74
57
86
-26
-79
-34
44
33
-1
-35
1
34
-50
-80
22
108
27
-161
-120
144
196
-39
-228
-108
148
225
11
-148
-108
42
124
69
-67
-85
19
60
22
-54
-67
63
91
-47
-148
-55
108
96
-69
-121
-1
62
-44
-83
38
113
-7
-178
-100
134
153
-27
-169
-114
106
167
34
-99
-89
-12
65
128
64
-71
-123
-39
100
162
29
-156
-114
134
190
-60
-260
-77
229
217
-100
-223
-89
125
173
-19
-126
11
104
9
-107
-17
150
34
-172
-94
144
227
-35
-285
-150
171
231
-4
-211
-145
84
184
22
-148
-73
79
100
-11
-104
-10
98
42
-21
-29
28
29
-8
5
70
71
-74
-133
23
185
124
-99
-196
-18
176
128
-73
-152
-54
59
76
46
-26
-91
-102
-14
119
100
-59
-138
-62
82
82
-19
-67
21
78
-22
-88
-3
58
57
-18
-101
-28
115
29
-143
-96
122
145
-86
-199
17
227
71
-199
-207
90
265
96
-126
-161
-40
147
138
-26
-110
-45
60
52
-16
-36
0
37
-33
-71
-7
57
23
-58
-68
-8
26
-40
-71
25
126
43
-167
-186
70
242
76
-222
-193
79
224
93
-107
-146
-66
75
153
88
-37
-126
-71
95
148
5
-99
-77
50
102
-16
-121
-44
129
109
-116
-121
13
139
48
-112
-52
97
118
-33
-150
-26
157
94
-127
-142
69
177
31
-162
-128
62
120
39
-62
-107
-11
60
-4
-29
15
57
4
-73
-53
71
125
24
-111
-58
68
85
17
-42
31
88
-19
-113
-47
130
161
-20
-175
-88
105
159
18
-152
-155
12
147
136
-20
-186
-143
55
170
58
-139
-162
19
148
76
-95
-118
42
140
12
-111
-80
69
94
6
-89
-4
81
-59
-147
9
171
102
-170
-204
60
254
96
-243
-245
69
276
134
-92
-177
-53
117
153
12
-139
-63
77
86
-33
-96
22
117
-10
-156
-72
110
81
-71
-92
-13
55
-40
-90
28
107
34
-143
-143
42
188
84
-151
-211
49
261
115
-126
-194
-46
157
152
-2
-95
-75
24
87
66
6
-43
-42
12
58
9
-52
-36
31
51
31
-15
-96
-19
89
49
-21
-7
23
7
-69
-5
108
33
-111
-60
73
164
20
-182
-165
50
191
103
-130
-190
-2
146
65
-94
-63
42
77
-4
-75
-5
77
46
-30
-33
11
24
32
26
40
29
-31
-106
-33
154
154
-65
-211
-48
172
164
-41
-192
-124
73
134
63
-36
-128
-111
-8
128
112
-61
-150
-77
67
112
13
-122
-35
103
70
-79
-101
40
100
-3
-91
-55
96
78
-136
-123
78
179
-22
-216
-78
176
181
-81
-241
-79
223
244
-83
-229
-57
155
158
-54
-140
-3
124
41
-117
-92
85
158
-31
-206
-91
128
151
-67
-183
-48
102
48
-85
-62
79
94
-95
-161
3
159
85
-109
-142
7
131
91
-24
-70
-84
1
115
98
15
-87
-92
27
134
70
-46
-80
-8
69
26
-96
-44
106
69
-76
-61
13
62
16
-51
-36
103
134
-68
-193
-38
184
142
-88
-196
-1
205
111
-133
-222
-15
181
147
-80
-200
-40
108
78
-26
-69
2
61
27
-50
-67
66
110
-20
-77
-4
98
68
-26
-43
40
35
-47
-54
66
137
-1
-121
-76
57
138
51
-116
-170
-14
167
147
-47
-177
-146
43
158
66
-91
-113
-14
65
75
-49
-96
12
97
30
-93
-50
62
60
-3
-54
-35
68
5
-131
-66
126
155
-70
-264
-40
259
182
-184
-316
0
324
190
-158
-225
8
174
123
-84
-121
25
98
18
-73
-59
41
107
-16
-140
-73
69
73
-43
-61
-22
11
-18
-64
-7
78
57
-89
-152
-28
135
107
-42
-143
-52
96
118
0
-80
-74
-21
103
135
-6
-102
-59
60
105
6
-49
-22
38
43
-28
-90
-54
99
149
-45
-174
-54
92
134
-21
-111
38
115
9
-116
-65
106
105
-59
-135
1
192
113
-148
-225
-2
201
133
-90
-201
-51
164
112
-87
-141
22
147
53
-120
-73
81
103
-22
-75
-7
71
61
-11
-9
49
35
-58
-89
40
171
59
-139
-134
39
165
84
-102
-155
-40
102
110
17
-83
-137
-59
87
122
23
-112
-121
-4
104
71
-61
-91
36
73
-12
-59
-6
46
41
-24
-70
38
45
-66
-99
18
132
54
-148
-142
117
201
-44
-236
-87
203
179
-51
-159
-65
115
121
-36
-78
-2
62
6
-70
-43
60
114
-13
-162
-81
94
89
-41
-85
-15
30
-37
-44
-16
75
60
-82
-137
-12
131
95
-76
-144
-26
130
109
-54
-80
-12
18
28
73
94
-21
-134
-79
117
179
-9
-159
-74
112
127
-59
-167
15
176
41
-147
-96
66
145
3
-130
-6
146
58
-131
-115
105
181
-47
-220
-60
228
211
-132
-301
-57
209
190
-43
-224
-110
132
140
-58
-125
19
112
28
-100
-75
82
125
-13
-97
-23
78
82
-20
-28
45
26
-69
-65
60
153
41
-144
-117
56
175
64
-126
-176
-15
136
126
17
-148
-181
4
185
121
-92
-206
-69
116
143
-19
-158
-39
121
88
-74
-90
54
69
-30
-78
-13
128
35
-190
-119
136
200
-38
-244
-95
181
203
-41
-253
-95
164
217
14
-137
-143
41
148
65
-82
-80
19
59
7
-43
-11
65
40
-80
-96
10
86
10
-68
-53
11
23
-40
-38
50
47
-72
-118
-29
132
98
-65
-170
-29
122
106
16
-52
-83
-61
67
169
85
-108
-150
11
139
101
-43
-100
-14
90
35
-96
-64
71
113
-33
-102
-11
37
47
-18
-46
59
76
7
-90
-77
83
107
-36
-120
-30
145
138
-88
-218
-72
131
153
18
-151
-143
45
140
50
-78
-91
12
100
28
-81
-22
71
69
-23
-53
-3
49
46
14
19
-1
-38
-57
34
136
82
-94
-129
-14
144
131
-82
-172
-78
90
131
62
-72
-173
-106
95
167
15
-149
-121
43
140
6
-120
-31
106
68
-71
-84
25
78
30
-72
-60
60
56
-78
-95
21
124
29
-143
-103
106
176
-22
-206
-120
147
220
28
-135
-142
11
146
84
-58
-79
9
56
-16
-76
5
115
77
-127
-173
7
149
53
-127
-116
18
77
-10
-88
20
83
-5
-135
-109
97
165
16
-189
-138
119
224
48
-158
-152
-4
134
126
26
-74
-86
2
95
80
-1
-68
-26
31
31
-17
-76
2
98
24
-52
-66
-2
83
32
-69
-13
92
82
-88
-116
78
140
-18
-147
-80
128
169
-52
-220
-71
135
134
-11
-159
-60
99
52
-77
-74
95
118
-47
-167
-58
181
198
-70
-209
-29
169
115
-52
-78
67
88
-56
-128
40
210
88
-171
-184
57
189
87
-111
-136
-22
101
74
-16
-64
-74
-43
39
64
2
-71
-56
13
59
19
-72
-36
70
67
-25
-113
-19
100
54
-54
-90
28
115
-49
-170
-12
182
71
-160
-145
66
168
38
-187
-148
98
239
57
-172
-118
88
151
-5
-120
-27
97
59
-82
-104
17
141
68
-125
-180
7
171
36
-128
-96
34
75
-68
-93
61
131
-28
-201
-115
141
204
-7
-198
-122
96
173
70
-84
-144
-45
92
149
85
-76
-138
-45
141
134
-21
-128
-38
104
88
-85
-156
21
194
50
-132
-100
12
150
39
-124
-11
148
68
-138
-164
96
207
-9
-204
-104
186
231
-51
-264
-157
115
208
75
-149
-179
11
109
60
-47
-50
20
52
-20
-55
33
87
12
-70
-21
66
64
-22
-27
67
49
-50
-94
4
142
112
-58
-133
-45
100
120
-12
-132
-102
32
154
96
-74
-196
-111
110
167
16
-141
-140
15
139
66
-113
-104
76
142
-43
-159
-14
159
39
-108
-109
92
163
-67
-251
-37
235
167
-195
-259
46
269
117
-210
-236
68
249
100
-116
-132
6
131
48
-73
-35
42
30
-44
-58
9
82
66
-83
-130
-20
80
66
-51
-88
-15
37
-35
-65
48
74
-44
-115
-58
73
113
-20
-91
-51
25
89
33
-25
-68
-46
35
92
80
7
-77
-70
38
89
49
-35
-51
34
52
-61
-111
11
156
99
-109
-179
2
183
100
-128
-157
95
211
-1
-185
-57
108
112
-50
-129
17
134
75
-158
-157
76
163
38
-123
-162
20
150
51
-110
-79
88
107
-57
-141
2
180
108
-122
-136
50
135
48
-59
-4
68
0
-108
-39
154
165
-43
-220
-64
181
163
-49
-210
-90
111
161
32
-122
-141
-24
70
78
7
-43
-73
-31
29
58
5
-32
-5
2
10
-34
32
30
-4
-29
-35
42
89
-85
-159
2
180
127
-168
-250
71
290
87
-279
-223
141
307
60
-195
-155
57
173
57
-124
-66
91
68
-67
-117
23
179
86
-175
-199
30
192
58
-151
-120
46
100
-71
-112
34
134
18
-153
-146
71
162
52
-117
-140
30
141
83
-47
-104
-61
34
128
93
-53
-102
-20
76
74
12
-49
-39
20
73
-14
-92
-44
106
90
-63
-102
-27
82
105
-81
-94
128
127
-96
-187
32
202
87
-146
-200
59
279
87
-257
-248
104
248
79
-183
-201
48
171
29
-85
-60
53
60
-43
-75
15
114
52
-82
-64
73
78
-9
-49
44
117
-26
-165
-39
177
179
-64
-194
-66
134
166
-13
-167
-108
46
139
80
-55
-155
-105
67
151
39
-97
-134
-21
79
68
-35
-70
4
68
1
-57
-2
51
20
-34
-39
36
44
-79
-107
26
132
59
-122
-181
52
225
63
-184
-187
55
220
105
-95
-145
-15
108
85
-13
-72
7
38
17
-58
-54
67
99
-41
-143
-79
74
110
-20
-106
-61
44
35
-53
-32
80
13
-107
-111
40
159
55
-119
-160
20
158
95
-25
-100
-86
33
115
107
9
-121
-97
61
163
54
-101
-102
29
118
10
-128
-69
130
118
-85
-116
-26
102
86
-92
-84
108
168
-36
-206
-62
189
130
-100
-159
2
205
116
-185
-219
55
195
90
-125
-194
6
151
50
-97
-61
67
81
-35
-95
9
126
81
-70
-91
13
120
61
-57
-42
70
57
-75
-103
92
192
14
-180
-108
108
174
-2
-159
-101
60
96
40
-35
-71
-95
-30
65
95
-17
-119
-69
19
77
35
-53
-17
56
28
-59
-71
30
63
20
-60
-35
61
-29
-94
-12
83
69
-88
-137
22
169
98
-150
-198
7
200
149
-44
-140
-77
108
126
-49
-111
16
91
14
-98
-74
92
147
-26
-184
-104
107
132
-42
-163
-74
103
75
-100
-74
72
98
-83
-169
5
160
91
-75
-169
-19
140
120
-23
-127
-64
34
135
109
-29
-120
-73
52
135
75
-70
-120
3
154
30
-170
-111
111
185
-10
-134
-91
59
116
-34
-73
64
120
-33
-170
-38
199
137
-121
-233
-4
276
161
-221
-278
41
240
122
-117
-201
-17
134
54
-63
-31
34
46
-22
-68
16
109
70
-73
-92
54
124
26
-95
-25
136
71
-114
-138
67
227
57
-173
-166
39
210
114
-128
-205
-20
149
122
-12
-151
-124
23
106
43
-30
-67
-49
18
60
17
-73
-24
77
53
-46
-101
47
98
-23
-121
-12
121
39
-145
-103
108
159
-52
-197
-35
177
130
-131
-187
26
188
117
-110
-118
1
94
66
-38
-44
4
56
19
-73
-44
48
91
-7
-108
-103
42
117
22
-118
-79
28
36
-61
-13
79
27
-82
-147
3
147
87
-102
-143
13
123
70
-16
-54
-69
-28
76
118
49
-75
-84
15
63
58
5
-26
-24
31
10
-72
-49
72
91
-11
-87
-88
37
130
9
-86
8
89
26
-90
-42
102
42
-86
-76
39
148
55
-131
-175
6
145
104
-49
-160
-47
106
73
-39
-86
24
80
10
-79
-32
110
92
-38
-112
-10
76
91
4
-2
32
2
-85
-45
99
163
12
-156
-132
74
173
68
-119
-143
-20
103
110
17
-127
-145
2
109
87
-22
-111
-83
35
90
25
-76
-22
55
37
-49
-49
55
43
-49
-52
22
109
-1
-189
-106
145
206
-43
-258
-105
205
219
-83
-279
-67
210
213
-48
-180
-48
103
104
-13
-87
5
49
25
-49
-63
57
114
-36
-171
-83
110
115
-60
-123
-11
93
-12
-124
-35
119
75
-105
-159
11
130
86
-81
-143
-9
105
95
-14
-72
-46
8
62
87
27
-51
-65
-9
88
84
-26
-76
-18
71
30
-94
-79
71
159
-23
-175
-61
120
147
-71
-159
44
212
71
-201
-161
120
169
30
-153
-121
110
191
-21
-249
-108
183
149
-53
-171
-36
110
58
-103
-72
80
90
-43
-110
-4
129
96
-62
-111
18
108
81
-61
-62
70
88
-64
-113
39
173
53
-141
-112
35
147
78
-88
-146
-55
85
126
18
-95
-130
-50
84
79
14
-78
-112
-22
94
57
-70
-56
45
89
-37
-105
7
86
29
-73
-59
88
58
-133
-118
105
160
-14
-199
-89
160
189
-64
-262
-80
204
212
-31
-158
-90
97
137
4
-84
-39
37
48
-28
-49
12
93
32
-111
-112
16
105
39
-102
-107
41
72
-55
-68
27
87
-13
-165
-75
130
134
-36
-157
-81
113
131
32
-64
-110
-48
76
133
85
-66
-137
-18
155
108
-91
-104
47
117
3
-154
-74
134
177
-67
-204
-53
137
166
-29
-217
-4
234
100
-173
-178
82
197
33
-168
-103
114
190
-18
-228
-119
106
175
39
-183
-117
87
110
-24
-81
14
80
18
-80
-58
53
115
20
-76
-33
43
63
19
5
17
-3
-40
-33
67
113
23
-84
-85
-7
78
98
9
-118
-99
32
132
87
-75
-182
-73
104
114
-13
-117
-70
47
91
-8
-93
-13
104
57
-110
-116
51
122
25
-108
-63
104
57
-136
-97
74
143
1
-180
-97
138
164
-54
-205
-62
156
173
-40
-122
-38
64
77
-28
-41
48
49
-36
-68
-34
72
99
-20
-140
-72
90
81
-60
-114
-4
71
3
-128
-53
111
122
-73
-204
-40
149
131
-56
-166
-46
97
108
30
-72
-105
-28
91
147
44
-105
-104
31
126
57
-51
-76
5
81
66
-63
-145
-13
156
81
-79
-124
-14
121
58
-62
-4
63
21
-67
-60
84
72
-34
-92
-43
128
154
-70
-224
-81
146
151
-15
-172
-108
84
134
-22
-80
-33
68
52
-45
-63
39
106
6
-99
-17
99
65
-42
-38
84
80
-85
-128
17
192
131
-112
-190
-35
179
161
-65
-192
-99
125
146
9
-87
-107
-38
49
31
18
-28
-43
-9
25
7
-27
0
50
14
-65
-85
46
136
22
-116
-83
56
100
-65
-127
-6
149
100
-177
-186
122
232
-14
-235
-125
146
217
27
-147
-95
56
111
10
-82
-27
56
44
-30
-65
-6
92
28
-100
-108
28
117
-18
-118
-25
71
-5
-123
-50
140
121
-99
-203
-46
152
138
-36
-165
-90
112
147
13
-80
-68
-11
32
105
95
-14
-129
-91
75
156
45
-73
-72
33
55
-32
-91
10
121
67
-107
-138
23
165
39
-134
-38
123
102
-59
-153
12
142
40
-128
-85
108
178
-38
-220
-70
130
136
-35
-178
-59
137
86
-105
-118
54
154
36
-147
-102
118
155
-17
-103
-18
79
36
-50
18
98
42
-95
-112
58
175
81
-97
-148
-15
131
125
-43
-145
-69
49
92
78
-38
-150
-105
60
145
22
-135
-107
60
94
5
-96
-54
94
81
-46
-140
7
154
55
-126
-113
86
120
-62
-159
-34
159
105
-137
-172
49
192
58
-200
-166
89
256
61
-167
-142
74
175
37
-141
-87
102
122
-59
-138
-1
144
55
-128
-144
22
146
39
-107
-98
26
59
-59
-89
27
129
34
-161
-141
48
169
58
-127
-138
5
183
121
-73
-166
-44
100
119
36
-35
-80
-45
85
112
0
-87
-36
71
63
-57
-91
-8
103
81
-95
-99
40
118
10
-127
-13
161
109
-145
-189
67
220
54
-182
-172
128
250
4
-259
-187
102
227
86
-173
-187
37
133
19
-79
-22
57
44
-49
-70
32
104
42
-76
-24
60
41
-5
-11
21
68
-9
-91
-16
149
117
-96
-168
-16
174
109
-65
-143
-87
73
107
57
-39
-116
-98
7
96
69
-46
-78
-29
15
24
13
-1
22
-1
-34
-36
32
83
-12
-86
-45
56
76
-76
-119
28
126
40
-136
-90
80
121
-1
-122
-68
93
119
-18
-96
5
61
56
-37
-54
39
87
11
-112
-79
53
132
34
-126
-145
35
138
29
-125
-92
52
61
-57
-82
54
117
12
-187
-136
110
192
6
-199
-111
113
162
13
-115
-91
28
96
58
5
-29
-37
3
43
38
31
-16
-35
3
25
-32
-70
17
98
58
-107
-96
64
121
-7
-137
-23
161
128
-99
-204
19
190
56
-135
-130
58
184
38
-194
-158
108
163
-4
-137
-79
83
60
-42
-82
12
94
44
-66
-99
21
134
70
-88
-103
61
129
0
-63
26
95
-17
-144
-2
185
134
-114
-205
-4
183
143
-68
-188
-78
92
115
24
-56
-85
-70
-4
80
88
-39
-125
-75
97
111
-77
-117
32
137
28
-142
-74
101
94
-26
-108
16
112
-48
-185
-27
197
124
-163
-205
42
225
92
-175
-185
30
223
107
-116
-109
19
90
36
-50
-19
38
6
-41
-21
27
21
18
-26
-69
-28
58
27
-40
-58
0
16
-42
-61
29
89
4
-133
-118
54
146
50
-93
-119
-14
96
110
-9
-78
-63
-13
86
124
47
-80
-121
24
122
73
-47
-81
12
70
3
-77
-45
61
123
-41
-107
-49
62
116
-20
-78
57
106
-53
-159
17
166
83
-92
-172
-6
193
132
-116
-235
-32
149
157
-29
-193
-91
101
112
-1
-87
-23
56
15
-26
-16
42
52
0
-16
-8
31
33
5
8
40
8
-78
-56
128
147
-27
-136
-69
62
96
24
-52
-88
-40
55
76
49
-77
-130
-29
77
73
-39
-97
-17
70
38
-80
-64
78
104
-41
-135
-32
137
84
-87
-123
13
142
-12
-149
-56
101
94
-78
-128
21
108
58
-81
-106
-9
106
83
-14
-48
-42
22
41
13
-1
3
11
-30
-63
-28
93
114
-46
-153
-98
91
120
-16
-116
-81
41
42
-48
-28
57
38
-95
-117
28
138
68
-100
-153
-4
157
112
-38
-117
-38
60
71
43
-22
-37
11
2
28
35
-10
6
14
11
-12
-63
-56
82
115
-49
-102
-34
80
69
-38
-49
69
90
-35
-111
-12
100
89
-48
-138
-17
158
125
-128
-216
2
168
130
-108
-203
-3
155
62
-101
-101
80
134
-36
-126
-7
145
87
-81
-104
37
105
36
-56
-2
84
22
-98
-58
121
158
-8
-151
-92
62
135
48
-90
-119
-21
69
112
46
-128
-171
-10
137
106
-37
-128
-61
58
50
-38
-61
40
85
-14
-106
-27
118
73
-95
-120
39
165
-21
-191
-99
173
199
-117
-279
-14
250
171
-150
-260
-40
249
217
-85
-230
-71
171
176
-74
-145
-16
115
69
-94
-111
59
153
-16
-184
-89
111
129
-53
-154
-23
99
2
-115
-34
123
98
-122
-216
-7
193
134
-103
-183
-28
131
130
-6
-125
-89
8
105
112
40
-57
-109
-2
97
72
-1
-46
-20
8
-11
-10
-10
45
34
-46
-64
5
68
60
-79
-63
105
99
-64
-147
20
148
44
-51
-137
-35
158
126
-102
-204
-6
133
93
-40
-130
-50
74
37
-19
-22
22
31
11
-46
-47
61
81
1
-61
-31
55
62
-5
22
54
-12
-81
-53
96
164
3
-135
-78
23
101
54
-36
-88
-44
25
58
58
-25
-113
-79
35
109
35
-101
-89
13
80
10
-70
17
79
7
-97
-101
114
142
-89
-147
26
186
30
-223
-154
152
239
-54
-271
-46
192
137
-83
-207
-57
180
205
-63
-170
-9
118
65
-64
-67
42
85
-13
-120
-59
117
143
-51
-198
-80
124
132
-57
-146
-28
61
29
-80
-32
81
60
-71
-148
-27
124
77
-40
-94
-27
50
71
20
-13
-48
-39
29
105
73
-43
-91
-21
91
96
-23
-86
-18
70
44
-91
-84
66
140
-2
-139
-45
110
93
-86
-92
54
152
33
-164
-121
135
176
-36
-198
-78
190
191
-82
-256
-61
143
164
-35
-186
-74
88
89
-30
-68
13
77
13
-89
-50
103
112
-24
-111
-10
110
39
-39
5
85
41
-125
-123
141
218
-7
-188
-132
96
197
12
-146
-106
22
69
50
8
-31
-84
-75
27
97
37
-81
-98
-1
67
10
-42
7
73
14
-112
-95
104
130
-12
-144
-70
122
47
-120
-92
65
141
-9
-164
-63
103
116
-29
-131
-71
96
156
-2
-107
-50
56
99
-27
-77
23
95
18
-120
-104
90
173
7
-199
-159
108
178
-34
-175
-60
113
66
-120
-97
103
157
-84
-240
-56
175
166
-56
-176
-72
101
152
17
-92
-88
12
91
69
10
-38
-52
-13
74
79
16
-69
-58
74
60
-66
-99
17
129
32
-124
-57
93
93
-82
-103
100
156
-6
-205
-88
190
160
-71
-208
-80
189
206
-64
-250
-78
171
128
-53
-160
-41
109
31
-57
-32
56
80
-28
-135
-54
136
169
-39
-174
-33
141
130
-34
-87
20
76
1
-89
-11
150
96
-64
-144
-52
123
143
-33
-176
-104
92
166
48
-143
-171
6
144
66
-81
-122
-22
94
47
-74
-86
59
151
-11
-159
-117
135
178
-61
-186
-52
178
114
-196
-188
130
245
-35
-262
-98
175
201
-49
-213
-85
137
186
-20
-120
-44
57
59
-17
-36
41
45
-54
-56
12
55
56
-43
-97
-35
49
59
-49
-79
13
35
-40
-72
3
88
68
-69
-196
-51
152
140
-43
-172
-65
98
141
22
-104
-108
1
110
105
7
-72
-39
26
64
31
-41
-16
31
37
-12
-94
-54
70
138
-18
-159
-47
110
92
-41
-108
58
137
9
-153
-69
149
102
-64
-122
-30
133
123
-55
-194
-53
128
86
-23
-99
-52
39
44
-14
-29
26
47
11
-83
-71
93
145
12
-117
-46
58
83
24
-17
15
38
-32
-84
12
160
88
-83
-141
9
122
74
-59
-111
-37
42
62
22
-43
-59
-45
-3
39
31
2
-53
-53
-4
26
8
22
21
-19
-62
-40
79
99
-46
-138
-39
134
135
-138
-205
35
192
64
-142
-144
52
173
32
-161
-108
70
177
42
-81
-85
3
106
17
-73
-6
74
35
-75
-104
11
165
85
-168
-194
54
191
3
-151
-62
73
20
-84
-62
77
113
-57
-169
-67
99
141
34
-172
-136
81
187
45
-101
-107
-25
88
101
36
-41
-51
-20
37
66
34
-35
-65
-4
66
31
-80
-53
92
66
-31
-76
-26
73
28
-98
23
185
44
-193
-146
129
186
47
-175
-179
115
238
39
-228
-165
91
158
54
-122
-111
30
62
9
-6
5
11
-17
-37
-19
63
87
-20
-98
8
86
56
-27
-29
48
68
-21
-96
-7
135
92
-44
-113
-69
55
105
38
-62
-110
-52
66
126
26
-123
-142
23
118
59
-81
-124
-3
92
40
-99
-29
103
77
-94
-150
54
173
1
-174
-70
155
125
-163
-185
34
218
101
-174
-173
44
169
64
-130
-138
27
142
106
-26
-91
-40
60
43
-20
-7
32
6
-50
-49
12
88
63
-75
-151
-25
120
63
-75
-87
-40
42
17
-44
5
55
-12
-123
-57
64
94
13
-62
-72
2
96
64
-10
-79
-59
23
86
77
8
-66
-69
38
81
44
-38
-32
42
29
-86
-79
63
164
3
-165
-101
62
163
50
-161
-53
151
95
-112
-126
56
122
25
-76
-81
45
137
31
-151
-125
36
126
47
-103
-84
30
60
12
-69
-23
69
51
-65
-95
19
144
81
-71
-87
1
81
42
-10
14
35
16
-76
-40
116
124
-26
-160
-88
100
171
7
-168
-114
64
123
42
-44
-96
-60
-11
44
63
14
-82
-67
7
41
45
-12
-3
-2
-25
-31
40
75
-41
-107
4
124
64
-138
-180
29
227
92
-204
-179
92
233
53
-188
-175
38
240
109
-158
-126
74
135
-8
-102
-12
91
54
-77
-98
26
100
75
-78
-160
-21
130
43
-95
-76
40
44
-50
-91
21
125
20
-168
-130
84
171
35
-132
-113
22
123
83
-37
-90
-45
34
90
54
-8
-32
-29
10
41
53
4
-25
-18
-1
-7
-39
14
63
-4
-89
-49
81
132
-41
-176
9
214
138
-164
-241
46
219
111
-130
-200
32
213
92
-183
-196
32
148
103
-85
-136
6
65
19
-31
-20
49
47
-52
-86
33
152
44
-128
-75
89
115
-14
-100
44
154
6
-146
-71
130
157
-19
-142
-104
77
161
24
-119
-96
19
69
61
-5
-68
-88
-27
39
81
3
-93
-57
48
44
-32
-42
59
87
-33
-168
-7
186
81
-142
-171
71
186
-46
-213
-47
184
159
-132
-215
28
211
110
-165
-213
8
229
161
-108
-173
-2
150
86
-106
-93
54
129
-15
-145
-65
105
162
-58
-194
-91
111
110
-39
-82
-6
3
-53
-52
62
76
-35
-127
-73
70
119
13
-113
-74
36
75
41
12
-21
-63
-50
45
119
70
-66
-110
-17
137
95
-44
-100
2
101
16
-120
-57
116
138
-94
-186
16
179
63
-139
-59
143
110
-91
-170
17
176
75
-93
-166
30
211
79
-167
-206
49
186
62
-116
-133
24
109
24
-73
-46
45
70
5
-97
-25
108
101
-11
-81
-23
46
73
20
17
7
-51
-61
40
129
44
-80
-84
6
55
65
19
-54
-79
-38
65
106
24
-114
-128
-27
79
87
-16
-98
-54
30
29
-24
11
60
12
-71
-69
67
122
-16
-146
-70
126
125
-108
-181
-20
174
116
-126
-163
-4
143
123
-90
-186
-39
148
184
-42
-145
-88
87
161
3
-135
-61
87
63
-57
-88
43
145
4
-191
-124
99
159
-24
-169
-63
93
38
-82
-68
73
89
-67
-156
-19
143
105
-81
-157
-27
139
143
-14
-151
-90
54
135
88
-43
-101
-13
69
51
13
-32
14
36
0
-53
-68
17
113
36
-93
-77
33
117
23
-120
-31
150
126
-131
-210
74
224
53
-153
-177
75
217
74
-187
-209
55
185
60
-106
-132
28
83
5
-52
0
75
27
-90
-76
66
139
24
-121
-59
93
117
10
-102
-14
90
50
-65
-97
65
170
30
-127
-108
50
117
60
-79
-113
-16
69
66
6
-58
-98
-47
38
67
23
-55
-45
1
5
-23
-11
86
63
-54
-137
-24
186
85
-130
-155
47
214
-19
-253
-85
194
183
-96
-221
-59
166
202
-68
-253
-83
211
206
-80
-192
-51
144
138
-48
-136
0
98
28
-83
-82
53
156
32
-186
-163
81
170
2
-118
-91
38
24
-39
-10
33
23
-68
-77
11
72
48
-34
-93
-23
64
80
20
-57
-64
-1
66
87
21
-42
-56
-16
70
64
-4
-69
-8
79
-4
-97
-57
90
116
-49
-139
-16
111
80
-74
-100
63
135
-2
-155
-38
128
80
-78
-125
19
159
80
-123
-191
12
132
80
-52
-122
-26
35
18
9
-2
8
42
-29
-63
29
84
2
-54
-7
79
65
-28
-82
41
133
1
-150
-58
127
159
-5
-117
-81
19
113
84
-60
-147
-49
85
104
34
-91
-116
-26
65
70
-4
-67
-51
13
26
-29
-21
56
85
-40
-137
-43
145
105
-103
-116
34
136
-15
-178
-54
150
126
-80
-162
-41
125
130
-70
-168
-51
143
166
-12
-104
-81
41
82
0
-24
8
42
-24
-62
-2
67
48
-47
-107
-39
55
52
-16
-57
-33
12
-5
-48
-11
51
48
-50
-114
-59
81
112
3
-92
-81
56
115
27
-54
-56
-25
26
63
85
23
-73
-73
19
95
73
-31
-42
-22
-15
-7
12
57
53
-73
-104
20
108
61
-93
-88
84
153
-16
-159
-54
97
112
16
-140
-89
81
157
26
-173
-146
43
151
81
-107
-107
5
50
41
-10
-10
15
-36
-45
24
108
73
-56
-108
2
137
83
-84
-86
89
119
-44
-157
5
198
110
-117
-165
-9
164
120
-74
-171
-65
130
105
-34
-96
-63
-6
17
40
19
-53
-60
4
41
-19
-31
35
84
10
-122
-131
115
212
-36
-230
-95
213
145
-166
-231
39
252
68
-181
-176
63
241
57
-213
-186
89
262
63
-192
-122
102
142
-10
-122
-21
101
40
-99
-88
69
146
9
-186
-136
102
168
-29
-153
-58
89
43
-103
-85
77
131
-42
-185
-62
145
113
-63
-111
-35
76
82
28
-50
-52
5
37
49
18
10
-16
-24
14
18
32
17
11
-6
-56
-57
15
75
89
-21
-162
-32
142
103
-112
-131
92
203
-10
-219
-94
144
205
-18
-244
-104
208
203
-91
-258
-64
155
149
-31
-153
-78
83
63
-23
-35
26
37
-18
-80
-1
107
67
-52
-59
43
84
-35
-54
60
135
-8
-159
-64
152
162
-16
-151
-103
76
153
50
-115
-111
-24
68
100
8
-74
-96
-36
38
24
21
-25
-48
-28
29
17
-7
20
24
10
-58
-64
58
112
-38
-142
-25
151
47
-164
-140
96
195
-9
-202
-72
134
135
-55
-169
-72
135
198
-26
-176
-29
117
88
-72
-92
74
104
-39
-129
-20
105
91
-46
-162
-72
91
118
-49
-127
-14
73
0
-91
-69
85
142
-59
-187
-52
117
104
-30
-82
-56
11
82
55
-17
-64
-51
36
86
62
0
-58
-54
16
81
69
-4
-61
-18
10
-8
-19
12
59
-7
-103
-28
97
91
-62
-83
56
132
-5
-156
-50
117
100
-28
-128
-51
128
124
-63
-171
-44
119
81
-48
-87
-34
50
24
-16
-17
2
53
17
-86
-75
101
166
0
-156
-69
130
145
-41
-93
35
99
-15
-126
9
162
100
-91
-160
-27
157
146
-40
-179
-96
77
138
43
-73
-108
-61
5
65
62
-4
-59
-85
-23
60
54
14
-15
-35
-36
-14
104
74
-97
-117
21
158
47
-209
-166
114
262
1
-238
-126
107
170
39
-142
-158
46
209
102
-115
-125
6
104
39
-53
-26
42
38
-52
-57
21
104
18
-130
-117
74
147
-34
-165
-49
109
53
-116
-86
64
138
-27
-203
-62
116
139
-28
-139
-73
78
118
16
-85
-65
27
64
36
15
21
-14
-43
-2
60
30
-19
-36
10
40
-22
-54
-14
94
62
-88
-107
23
131
43
-101
-16
106
47
-106
-99
81
119
-21
-126
-43
109
132
-17
-191
-97
137
132
-33
-127
-59
62
44
-34
-28
35
58
-16
-69
-23
71
88
-21
-71
-1
64
36
13
-18
40
59
-47
-88
20
126
90
-53
-126
-48
88
113
11
-118
-98
9
103
91
-16
-123
-133
8
111
75
-70
-121
1
80
11
-92
-27
133
97
-117
-213
40
235
61
-181
-144
110
163
-104
-205
10
208
95
-157
-182
39
207
87
-182
-210
88
269
61
-163
-135
48
142
40
-64
-29
25
20
-38
-37
18
85
38
-97
-130
-1
121
48
-106
-82
12
27
-17
-51
16
69
19
-105
-102
21
123
72
-69
-149
-31
132
134
-33
-110
-55
45
72
62
21
-45
-76
19
79
61
-5
-41
-6
-29
-16
8
58
51
-50
-106
-4
114
91
-106
-156
77
246
84
-210
-229
107
249
58
-207
-162
110
222
37
-211
-157
84
145
22
-111
-69
58
29
-55
-34
71
106
-43
-147
-35
140
115
-60
-102
26
106
33
-75
-11
136
45
-97
-108
34
186
92
-104
-163
-10
125
88
-53
-73
-19
-5
14
45
24
-73
-67
-24
39
70
-2
-77
-60
-2
50
12
5
30
-17
-87
-69
98
141
-42
-159
-66
146
148
-124
-210
-1
208
75
-139
-135
22
155
65
-104
-126
16
152
88
-69
-79
18
53
10
-47
24
61
8
-55
-73
10
101
68
-87
-136
-2
114
46
-86
-87
8
31
-43
-17
48
30
-50
-102
-16
96
49
-41
-53
-17
42
28
0
-6
-8
-22
-20
27
79
49
-14
-69
-27
49
60
27
-41
-54
7
39
-13
-24
29
37
-38
-58
-4
75
70
-59
-41
75
58
-63
-91
29
105
65
-90
-145
33
176
63
-163
-172
45
171
72
-117
-118
3
90
31
-39
-20
32
26
-47
-49
42
86
41
-54
-47
45
64
-6
-2
59
29
-44
-59
2
87
83
-4
-91
-64
36
119
46
-90
-120
-25
78
90
19
-83
-125
-37
78
101
-5
-112
-66
31
42
13
-14
0
20
-10
-74
-18
139
52
-136
-111
96
177
-68
-230
-54
198
138
-107
-191
-33
180
133
-95
-196
-59
200
184
-96
-164
18
146
33
-107
-64
99
127
-69
-186
-46
173
178
-98
-252
-48
172
137
-107
-167
-24
93
19
-65
-51
55
59
-79
-131
20
107
52
-41
-92
-39
82
85
-3
-38
-46
-19
23
60
89
18
-76
-67
25
93
70
-28
-70
-34
4
5
16
103
2
-131
-78
60
156
43
-178
-91
171
192
-74
-219
-37
146
179
-44
-217
-75
178
179
-88
-222
-33
129
112
-47
-117
-14
49
16
-29
3
58
31
-56
-99
36
171
79
-118
-115
69
136
20
-63
3
52
19
-52
-50
69
104
19
-84
-95
33
108
59
-57
-122
-47
85
107
-1
-110
-96
-9
58
76
-25
-72
-45
5
19
-3
22
53
-23
-76
-62
68
160
-35
-223
-76
219
189
-179
-303
7
305
162
-209
-237
5
199
134
-81
-172
-64
124
146
-15
-37
-21
-33
-11
15
91
47
-69
-113
-36
76
140
21
-148
-175
39
187
59
-130
-129
8
93
-9
-103
-10
74
45
-100
-121
37
132
58
-95
-107
-6
93
105
-4
-84
-64
0
73
84
13
-36
-44
17
52
21
-9
-4
23
4
-61
-48
28
89
64
-85
-134
24
155
56
-114
-61
92
91
-47
-105
-9
105
66
-36
-119
-26
132
114
-69
-194
-34
173
72
-101
-127
18
106
3
-111
-31
130
105
-101
-144
28
170
67
-94
-93
69
122
-5
-98
-7
135
32
-136
-97
136
220
22
-197
-162
75
188
67
-126
-130
-20
92
109
-6
-109
-86
-13
34
44
39
-19
-58
-103
-19
92
100
14
-64
-66
-16
52
116
-10
-159
-77
148
160
-120
-237
3
241
121
-185
-211
51
206
94
-132
-179
-9
197
132
-88
-119
-15
91
67
-33
-58
11
82
8
-118
-47
126
119
-56
-194
-45
120
98
-71
-149
-26
96
37
-87
-48
44
62
-49
-135
-51
125
129
-24
-152
-87
86
146
22
-113
-80
18
70
65
36
1
-41
-51
20
84
70
-35
-62
-19
5
-16
16
65
42
-102
-108
59
173
30
-173
-59
115
149
-30
-168
-55
90
150
-6
-168
-76
126
152
-38
-187
-54
105
74
-31
-94
-5
23
-9
-10
36
57
-14
-93
-38
75
110
2
-86
-28
66
69
-17
-36
43
69
-35
-82
-3
121
93
-35
-108
-52
64
75
-10
-33
-15
-12
-21
22
45
-20
-58
-55
-14
47
27
-8
-32
-54
-13
13
56
57
-9
-69
-69
21
145
35
-136
-130
65
170
-39
-197
-75
175
172
-120
-199
-9
154
145
-74
-205
-59
165
188
-54
-140
-28
98
65
-52
-44
55
53
-41
-104
3
115
64
-68
-142
-45
107
96
-54
-108
-20
27
-27
-40
17
58
38
-94
-99
19
67
45
-16
-72
-46
30
87
43
-28
-78
-74
50
136
72
-51
-89
-29
83
89
4
-44
-11
29
-30
-53
-3
75
77
-58
-100
17
92
28
-90
-10
142
45
-117
-126
83
167
6
-135
-120
52
179
80
-126
-175
-9
149
53
-76
-64
27
55
-36
-87
10
121
55
-88
-133
35
173
74
-107
-121
54
138
30
-94
-26
106
55
-102
-93
72
170
54
-124
-121
8
117
86
-53
-104
-35
58
55
-2
-36
-18
-39
-58
-8
85
56
-51
-102
-37
29
44
66
40
-74
-129
-21
175
133
-128
-193
20
204
58
-224
-171
143
251
-19
-228
-142
104
219
32
-202
-142
113
192
6
-108
-62
55
77
-26
-65
-4
83
53
-114
-103
77
179
21
-228
-156
110
194
-4
-192
-100
108
82
-83
-115
52
166
-19
-227
-115
142
197
-27
-177
-92
100
147
16
-99
-75
4
80
73
1
-11
-1
-24
-5
54
69
2
-34
-49
-45
14
49
58
2
-73
-85
40
124
35
-123
-55
131
141
-72
-189
-1
143
91
-44
-156
-62
144
185
-50
-240
-62
167
127
-72
-155
-15
102
24
-66
-37
98
83
-88
-152
10
193
108
-99
-132
44
153
46
-96
-70
106
120
-53
-130
33
157
57
-108
-132
20
139
84
-52
-140
-63
80
87
15
-60
-62
-35
0
2
36
19
-27
-76
-29
31
44
54
7
-39
-104
-51
140
170
-122
-245
11
268
85
-264
-216
136
286
-2
-237
-167
93
241
79
-193
-213
40
261
115
-158
-120
47
104
-3
-82
26
99
-12
-117
-45
101
120
-6
-166
-117
83
121
-26
-106
-42
54
-18
-84
7
104
39
-96
-134
-3
122
55
-49
-66
-4
23
32
19
19
-12
-61
-33
65
97
49
-50
-85
10
79
40
-31
-4
43
-40
-77
-22
80
115
-4
-165
-82
130
177
-74
-182
27
194
75
-169
-140
70
176
63
-137
-161
60
214
68
-211
-184
80
151
45
-76
-85
-32
27
62
26
-50
-7
23
-13
-30
32
59
26
5
-12
-16
14
40
42
35
-25
-52
-33
67
99
42
-50
-105
-36
70
100
14
-78
-96
-20
74
92
26
-99
-136
-22
97
96
-45
-118
-38
25
64
35
-16
7
-27
-52
-6
92
99
-103
-164
20
202
52
-220
-153
120
199
-12
-148
-101
37
143
61
-121
-133
29
147
85
-52
-67
-1
33
16
9
15
35
-29
-81
-50
70
135
24
-152
-157
43
169
41
-142
-124
30
85
14
-78
-36
78
29
-107
-100
54
121
29
-96
-103
3
114
106
-14
-96
-71
18
88
92
18
-50
-50
-33
42
90
30
-41
-47
-32
-9
32
53
38
-26
-130
-34
151
128
-131
-177
94
249
37
-236
-159
93
212
75
-167
-174
63
219
113
-202
-244
52
222
41
-148
-110
64
96
-34
-115
24
124
29
-110
-98
109
164
-17
-151
-56
125
135
-40
-100
44
89
-8
-95
0
130
77
-56
-125
-13
89
82
2
-91
-73
12
51
74
11
-72
-100
-61
53