#4
177
-137
-114
242
441
218
-131
-109
193
316
190
18
-26
90
220
200
88
28
62
123
154
178
128
28
32
160
228
154
-38
-69
122
337
297
-56
-249
19
468
442
-86
-298
8
428
436
-2
-255
1
390
396
26
-164
9
227
236
137
26
22
105
133
86
51
120
157
63
-16
130
306
102
-113
-27
271
359
76
-191
-38
349
386
-21
-195
51
253
234
44
-12
92
157
92
17
66
174
159
10
-33
110
226
133
-12
-37
124
261
154
-30
-78
109
283
162
-70
-91
145
306
203
-50
-153
47
324
301
3
-216
-28
288
271
32
-100
-11
126
165
86
28
30
57
30
67
216
192
-23
-116
19
245
298
57
-147
-67
176
301
166
-105
-192
103
362
226
-120
-215
68
316
186
-86
-95
81
137
122
144
68
-42
-59
95
251
180
-25
-114
7
205
244
88
-111
-80
150
276
112
-116
-104
118
284
146
-65
-106
75
228
147
-36
-84
15
146
210
113
-85
-152
65
288
258
-54
-174
-7
208
300
88
-163
-105
187
329
144
-140
-126
89
232
170
7
-91
-7
109
152
75
-20
-13
78
94
75
105
43
-18
-11
105
224
108
-87
-52
150
216
54
-31
-17
-2
122
176
89
-21
-46
15
105
157
101
-16
-56
25
153
151
10
-81
-15
146
181
89
-59
-82
58
187
151
-55
-126
60
257
203
-49
-197
-34
277
291
6
-216
-91
203
256
48
-127
-87
96
165
39
-38
8
68
2
16
165
169
-40
-179
-20
258
239
-12
-179
-26
210
192
35
-69
-98
57
202
129
-69
-136
28
203
132
-61
-100
-2
86
135
135
5
-80
-67
72
202
125
-42
-108
-9
180
179
2
-134
-48
128
188
66
-76
-76
60
159
92
-32
-79
22
156
132
-15
-119
-40
126
181
82
-101
-172
13
239
248
-30
-225
-97
196
296
87
-184
-141
137
287
106
-131
-129
17
167
175
48
-109
-99
58
170
75
-78
-60
76
95
63
25
-17
15
40
105
108
11
-89
21
160
129
-33
-41
39
20
50
98
83
19
-81
-43
82
140
93
-46
-94
11
133
118
-21
-75
11
111
102
17
-36
-12
57
120
70
-22
-84
-4
152
187
11
-162
-91
161
264
57
-192
-180
137
286
59
-162
-155
48
201
103
-75
-114
-22
103
104
59
-14
-60
-25
51
129
122
3
-71
-46
65
138
123
-46
-199
-9
229
167
-99
-213
17
212
120
-98
-142
1
114
104
58
-8
-54
-46
29
135
108
0
-89
-70
75
187
113
-129
-173
47
208
143
-52
-147
-49
130
173
39
-146
-116
96
220
78
-169
-165
93
233
88
-103
-159
-38
166
211
4
-184
-78
129
204
60
-106
-101
80
187
100
-85
-85
-3
96
133
24
-58
-52
29
82
49
-39
-36
38
51
5
27
52
12
-36
25
114
68
-41
-38
87
107
8
-14
-9
-32
38
122
79
-22
-105
-39
94
125
31
-65
-63
35
115
52
-38
-52
1
64
77
22
-36
-44
20
114
95
-49
-120
18
159
141
-46
-174
-70
161
258
60
-224
-227
119
313
97
-210
-243
47
259
137
-118
-202
-29
135
89
7
20
-15
-77
-26
105
173
44
-139
-122
79
210
141
-128
-278
-15
302
202
-164
-300
1
278
160
-156
-204
26
149
79
10
-36
-28
-53
13
114
138
5
-152
-102
100
215
67
-176
-172
88
246
100
-174
-184
45
197
129
-79
-154
-27
150
160
-17
-190
-140
102
270
117
-188
-267
-12
267
269
-77
-314
-82
235
248
13
-208
-112
144
214
34
-99
-54
-20
15
78
113
27
-118
-121
84
169
29
-115
-67
34
86
100
4
-108
-69
90
188
66
-143
-100
102
170
3
-90
-33
13
67
55
21
3
-43
-43
32
94
53
-46
-71
0
82
103
-20
-111
-34
89
118
21
-67
-63
-9
110
82
-49
-103
-14
140
149
-52
-170
-55
155
209
-6
-185
-139
111
231
29
-177
-143
47
162
51
-95
-120
15
76
24
17
53
-7
-99
-50
96
159
40
-104
-126
34
163
138
-58
-226
-60
187
177
-81
-224
-43
187
97
-86
-112
-6
32
15
90
88
-50
-182
-86
196
254
-25
-255
-162
160
258
36
-208
-150
101
212
66
-118
-151
-15
142
116
-36
-124
-54
109
129
-12
-153
-90
75
175
65
-125
-198
-44
187
217
-20
-251
-89
141
214
38
-146
-112
100
201
61
-116
-135
15
118
65
-3
-25
-3
-41
-26
37
67
15
-56
-87
11
158
84
-105
-111
17
146
101
-59
-120
45
148
65
-70
-66
-18
42
68
52
8
-49
-64
-9
73
79
4
-72
-32
37
76
44
-53
-109
15
129
63
-62
-82
6
104
78
-56
-92
-8
106
138
18
-144
-127
82
230
110
-156
-226
-22
225
174
-64
-243
-117
149
201
-6
-196
-116
80
114
36
-18
-39
-53
-11
72
113
24
-79
-81
11
121
149
-54
-232
-52
196
188
-89
-262
-88
209
165
-94
-171
-36
72
58
60
20
-78
-121
-28
140
163
-12
-148
-113
47
187
86
-114
-181
-8
197
131
-85
-182
-19
124
117
-6
-99
-88
16
142
100
-117
-191
-1
192
152
-56
-238
-138
151
298
40
-282
-191
111
303
124
-188
-228
41
288
164
-151
-226
-4
144
119
-8
-70
-42
-7
15
25
30
-3
-35
-72
-3
170
89
-119
-153
33
238
120
-170
-173
77
228
64
-128
-111
1
72
85
20
-14
-36
-37
-2
58
60
-14
-80
-52
55
105
-2
-95
-35
37
75
37
-34
-62
-39
50
127
14
-132
-90
110
171
16
-167
-145
106
230
56
-142
-153
14
143
70
-41
-121
-67
58
58
14
-36
-61
-57
-29
118
166
-54
-214
-112
142
252
40
-206
-173
80
215
130
-93
-265
-81
245
209
-101
-283
-86
184
180
-60
-189
-66
75
81
67
-1
-82
-106
-13
120
117
-17
-104
-78
44
97
47
-31
-82
-48
67
134
25
-131
-133
66
166
67
-120
-144
35
186
81
-143
-189
5
192
154
-77
-243
-117
143
252
41
-203
-139
65
192
121
-88
-164
-32
164
161
-22
-154
-82
49
144
104
-74
-135
-61
65
127
-11
-122
-33
59
62
44
-18
-85
-30
74
94
22
-71
-80
72
145
5
-97
-21
-17
-3
74
75
-19
-84
-53
24
64
59
0
-62
-87
12
132
47
-104
-135
43
184
86
-131
-164
30
157
86
-77
-134
-42
128
185
-6
-207
-122
114
199
72
-129
-180
-30
175
143
-38
-183
-124
78
152
31
-131
-122
-5
76
111
48
-85
-151
-19
153
144
-4
-148
-90
81
124
70
-24
-166
-136
115
226
38
-221
-199
66
213
85
-147
-192
-35
147
194
16
-192
-171
24
189
123
-60
-133
-53
55
95
62
-43
-130
-27
110
121
-7
-144
-108
49
149
75
-107
-161
29
185
80
-134
-182
13
166
112
-62
-188
-121
90
246
72
-190
-184
48
230
142
-108
-194
-22
186
180
-38
-171
-103
44
176
109
-76
-170
-59
94
119
-9
-111
-54
34
58
87
-11
-93
-80
64
136
44
-103
-94
86
172
19
-126
-64
19
50
50
40
38
-64
-120
-14
112
114
-50
-142
-36
112
110
-31
-134
-29
73
92
13
-65
-57
-9
69
79
-19
-104
-59
92
155
31
-145
-145
46
185
117
-54
-211
-99
195
167
-59
-184
-102
82
130
17
-128
-123
33
81
77
42
-75
-128
-24
113
144
8
-129
-102
69
122
44
-31
-138
-98
108
166
-22
-193
-88
111
128
-42
-113
-58
-16
29
158
81
-143
-199
-39
198
197
-74
-178
-83
85
147
38
-70
-121
-46
112
138
-10
-137
-106
54
124
67
-63
-140
-11
139
102
-95
-164
-52
128
174
-2
-207
-190
69
277
128
-192
-233
38
245
158
-112
-197
-23
167
162
-37
-129
-59
10
93
96
6
-95
-113
27
123
23
-95
-56
45
55
3
12
-15
-38
1
59
53
-8
-34
-4
57
54
-1
-24
-56
-18
55
75
20
-50
-80
-32
57
71
2
-52
-68
-1
96
75
-37
-120
-47
88
141
-9
-137
-95
86
176
6
-177
-127
121
209
29
-179
-172
73
256
118
-151
-243
-21
243
131
-141
-178
-25
120
91
-73
-131
-7
76
0
-41
38
58
-60
-134
10
185
101
-115
-177
-9
182
170
-36
-268
-149
218
254
-67
-285
-148
172
224
-37
-222
-107
91
80
60
33
-67
-126
-55
104
165
37
-139
-150
21
156
122
-54
-186
-82
137
173
-18
-173
-120
62
173
89
-126
-171
4
187
114
-134
-206
-38
156
162
14
-205
-218
61
306
182
-228
-323
22
330
208
-147
-278
-33
261
215
-97
-209
-63
85
122
31
-20
-60
-74
-16
72
63
-19
-72
-57
-21
96
158
-56
-185
-69
190
213
-82
-222
-15
191
130
-73
-91
-50
-22
67
99
68
-57
-140
-73
87
145
17
-113
-126
17
149
98
-102
-159
-3
158
134
-52
-157
-84
94
161
8
-149
-93
85
169
54
-124
-158
4
207
155
-98
-226
-65
171
134
-27
-125
-102
20
86
57
-48
-92
-35
-8
21
127
37
-129
-117
71
160
69
-83
-120
-21
96
115
23
-153
-150
108
190
14
-184
-131
68
140
-12
-122
-44
57
-27
-3
126
42
-137
-172
17
209
155
-88
-219
-56
180
153
-49
-205
-92
154
213
-9
-217
-148
108
194
28
-143
-123
51
154
55
-132
-180
-2
165
148
-39
-180
-161
50
242
163
-185
-265
1
235
188
-78
-227
-62
184
202
-41
-178
-65
54
101
64
-16
-86
-77
-1
92
62
-76
-109
12
96
58
2
-87
-51
18
76
85
-21
-96
-11
122
89
-50
-95
-10
30
27
50
35
-27
-111
-71
85
146
23
-129
-130
56
166
71
-122
-166
18
182
80
-95
-117
-16
110
108
-32
-132
-83
92
180
68
-135
-179
11
189
151
-42
-210
-122
117
173
39
-139
-170
21
157
79
-107
-153
-40
77
87
72
-19
-140
-102
68
190
82
-104
-150
-19
109
144
62
-190
-199
88
253
61
-222
-213
56
221
86
-179
-175
24
100
115
31
-101
-127
-52
75
140
85
-97
-164
-42
147
168
-16
-190
-143
103
211
37
-168
-144
40
174
81
-101
-168
-25
171
140
-89
-199
-75
139
193
9
-218
-225
35
294
184
-201
-279
12
257
202
-102
-267
-36
217
199
-58
-197
-44
125
80
-16
-69
-29
6
-1
13
35
13
-57
-47
-23
67
119
-66
-145
13
173
120
-105
-170
16
205
126
-114
-158
1
78
76
15
-5
-20
-42
-69
6
125
99
-75
-174
-43
170
152
-83
-205
-28
180
133
-70
-171
-62
131
163
-27
-182
-112
125
205
23
-152
-141
28
168
126
-52
-173
-74
64
114
65
-59
-170
-92
109
173
-4
-207
-157
63
203
102
-124
-160
4
101
98
-1
-71
-22
-16
6
75
85
-81
-185
5
196
105
-155
-214
12
208
84
-162
-176
19
100
104
24
-93
-116
-46
90
125
51
-78
-149
-46
121
160
27
-169
-153
58
220
78
-164
-198
34
187
91
-81
-181
-39
148
149
-65
-204
-72
133
172
6
-176
-203
47
256
151
-166
-235
-23
194
201
-36
-211
-67
161
185
-43
-176
-31
101
53
-4
1
-1
-63
-62
43
74
-2
-62
-54
-33
76
139
-40
-146
-29
143
111
-79
-134
46
175
68
-110
-68
6
15
38
54
46
-31
-104
-70
76
115
9
-105
-87
57
115
30
-94
-105
-3
115
81
-28
-94
-64
57
118
27
-112
-125
45
216
119
-156
-225
7
220
167
-58
-208
-128
109
180
48
-119
-184
-13
143
118
-76
-150
-59
28
95
117
-13
-161
-122
70
184
82
-112
-124
31
112
43
7
-44
-157
-26
172
123
-115
-215
-39
171
120
-86
-154
-64
33
124
143
-59
-219
-139
124
249
85
-173
-227
1
205
161
-59
-197
-108
111
188
26
-155
-166
16
176
103
-77
-165
-34
141
132
-41
-202
-134
138
218
30
-202
-232
7
293
210
-163
-285
-47
183
235
12
-196
-152
89
234
88
-148
-184
-18
162
146
1
-115
-107
-19
92
43
-44
-30
-7
-19
26
86
1
-100
-73
69
157
37
-124
-90
81
158
11
-72
-85
-51
74
132
54
-89
-149
-52
100
138
20
-100
-107
-7
99
100
-32
-113
-44
56
100
32
-67
-87
7
87
66
-55
-119
-26
132
153
-13
-207
-102
176
213
-24
-221
-137
118
157
27
-83
-132
-41
89
114
-28
-155
-79
61
112
64
-82
-125
-27
94
90
1
-76
-27
32
45
10
28
-18
-105
-22
108
103
-71
-185
-51
131
113
-61
-161
-69
53
146
79
-76
-176
-81
110
180
50
-129
-135
15
103
89
19
-89
-132
-5
156
134
-105
-217
-31
179
153
-39
-204
-99
138
188
-29
-213
-142
125
212
40
-184
-248
1
260
217
-109
-309
-93
228
267
-11
-249
-151
158
256
36
-177
-118
3
96
88
26
-64
-96
-51
68
87
2
-54
-54
-28
60
128
-18
-142
-81
109
185
11
-180
-91
154
189
-24
-143
-66
20
100
54
-3
-29
-66
-73
22
135
73
-79
-141
-14
112
107
-38
-154
-52
124
133
-39
-147
-59
87
122
27
-131
-105
65
159
91
-58
-178
-83
138
216
33
-225
-217
102
253
69
-157
-181
-15
132
89
-67
-122
-46
-5
35
105
38
-96
-111
6
124
104
-27
-109
-54
47
96
83
-53
-185
-50
178
138
-114
-219
-41
188
158
-128
-207
-50
106
110
56
-45
-144
-101
54
187
96
-78
-176
-79
109
179
35
-156
-157
37
194
111
-120
-191
-12
156
113
-47
-153
-66
108
150
-1
-193
-147
94
242
48
-224
-234
36
281
189
-164
-256
-16
180
182
-8
-147
-95
60
167
97
-86
-152
-47
83
138
74
-104
-149
-26
110
74
-43
-64
-35
0
49
111
12
-133
-88
72
177
49
-140
-109
81
175
31
-101
-87
-12
65
62
35
-24
-82
-78
21
130
91
-64
-131
-68
85
139
12
-147
-124
72
187
44
-119
-157
-16
192
149
-103
-213
-19
201
177
-83
-228
-71
184
185
-33
-203
-112
106
160
16
-105
-126
-26
68
73
-12
-79
-88
-23
23
103
113
-69
-198
-72
160
203
-18
-173
-118
69
167
106
-66
-239
-79
194
195
-71
-269
-105
206
178
-83
-198
-70
69
69
118
25
-151
-202
9
245
175
-104
-236
-80
160
189
-12
-164
-107
70
145
54
-71
-131
-44
96
128
-9
-164
-88
116
158
-7
-192
-142
93
199
73
-134
-232
-50
202
232
-41
-280
-126
159
267
75
-216
-207
95
296
98
-202
-193
32
165
107
-55
-106
-34
23
45
20
-37
-50
-4
3
25
89
20
-127
-92
80
190
56
-173
-136
134
207
-20
-154
-40
45
31
16
46
29
-68
-131
1
109
102
-30
-100
-79
66
143
22
-166
-121
94
183
28
-170
-115
79
138
31
-111
-91
59
140
46
-78
-95
-41
71
147
47
-153
-172
51
192
76
-118
-167
-30
123
83
-44
-91
-65
-21
26
93
98
-55
-178
-82
130
201
34
-174
-153
66
189
145
-117
-287
-49
235
210
-95
-289
-101
198
200
-91
-238
-63
132
138
42
-84
-144
-68
84
132
68
-64
-116
-40
62
105
45
-73
-132
-10
146
137
-97
-192
-31
127
135
-14
-145
-96
69
153
35
-149
-164
9
185
144
-101
-253
-104
202
270
3
-278
-185
127
256
87
-153
-160
52
179
89
-111
-97
35
49
5
5
32
5
-82
-86
42
116
26
-108
-89
47
158
28
-127
-88
43
146
55
-83
-89
64
125
15
-62
-21
-26
-17
48
101
55
-105
-163
-17
169
153
-76
-203
-41
143
119
-41
-115
-67
51
121
36
-74
-75
-29
79
99
-1
-134
-75
143
155
-16
-199
-109
119
210
37
-188
-158
69
175
53
-86
-118
-14
35
35
21
-54
-82
-29
16
97
91
-72
-168
-54
156
170
-26
-174
-73
102
129
58
-83
-200
-40
188
133
-103
-209
-25
192
97
-127
-171
4
94
42
7
-5
-31
-85
-61
95
142
19
-136
-127
58
154
77
-73
-158
-65
144
160
-33
-176
-106
117
168
-5
-156
-99
71
143
32
-137
-144
-2
171
158
-70
-268
-143
207
315
-17
-317
-173
178
300
48
-247
-176
116
259
93
-179
-173
27
129
79
-26
-62
-12
-38
-17
49
37
-10
-61
-55
23
136
59
-137
-110
64
183
57
-144
-137
111
190
1
-114
-28
-1
-7
56
83
16
-83
-120
-18
130
119
-19
-146
-78
91
128
0
-149
-103
91
169
25
-133
-123
34
155
99
-106
-171
-17
188
174
-68
-245
-92
189
211
-6
-189
-137
64
131
50
-59
-90
-60
3
79
46
-49
-81
-59
-4
104
113
-56
-164
-65
134
169
-10
-139
-74
78
89
48
-53
-148
-56
137
147
-74
-185
-52
132
113
-57
-136
-60
35
56
89
31
-88
-143
-34
133
165
-3
-192
-130
112
196
51
-149
-148
41
147
82
-66
-147
-74
74
135
63
-118
-142
3
178
109
-148
-216
-17
212
185
-98
-284
-148
196
325
5
-291
-176
99
262
92
-161
-153
29
165
104
-61
-107
-33
31
63
53
-10
-50
-72
-30
72
64
-39
-78
-63
38
148
50
-146
-140
53
205
99
-137
-175
77
208
38
-118
-64
-7
7
36
73
70
-90
-152
-11
143
121
-73
-151
-38
101
96
-13
-95
-62
36
99
37
-48
-73
-25
60
89
-3
-112
-90
99
208
47
-199
-197
85
267
132
-185
-262
-14
227
178
-57
-210
-126
64
149
40
-109
-116
-8
29
91
96
-48
-148
-85
99
154
29
-79
-86
-3
83
106
33
-166
-150
90
200
45
-213
-174
125
199
-18
-204
-102
68
87
67
5
-95
-117
-33
114
159
11
-153
-113
58
145
65
-74
-140
-37
100
119
24
-137
-122
50
157
83
-118
-176
22
186
79
-159
-199
17
205
153
-105
-272
-132
184
306
45
-267
-235
89
271
126
-141
-195
20
185
121
-89
-93
-42
-19
101
109
0
-123
-119
23
116
60
-58
-99
-32
55
120
44
-122
-114
48
169
93
-105
-143
34
183
99
-78
-135
-41
86
108
11
-59
-36
-32
17
50
25
-8
-32
-37
-19
34
68
-12
-79
-57
71
141
-7
-159
-101
121
192
-37
-215
-102
181
231
-5
-236
-167
112
256
92
-164
-232
2
216
114
-93
-159
-73
63
106
21
-92
-93
-42
20
102
100
-49
-166
-91
117
197
46
-141
-166
-3
160
169
5
-239
-184
151
257
22
-263
-190
138
207
-4
-215
-119
85
71
47
28
-47
-129
-75
96
178
74
-152
-208
-2
202
160
-62
-216
-97
168
206
-20
-218
-144
92
218
73
-154
-199
19
202
105
-145
-219
-16
210
181
-106
-258
-104
172
241
2
-196
-153
43
178
127
-29
-140
-80
101
145
47
-69
-118
-59
80
171
38
-160
-162
59
158
27
-105
-80
43
45
27
29
-67
-82
27
155
76
-128
-108
64
161
43
-97
-58
6
24
11
52
80
-26
-138
-84
84
150
20
-130
-113
21
157
91
-120
-190
14
199
126
-114
-181
-29
164
130
-59
-158
-60
138
168
7
-180
-129
90
208
64
-136
-175
1
172
95
-55
-138
-102
47
122
41
-85
-117
-25
42
42
60
22
-77
-96
-5
130
119
-33
-146
-71
88
160
75
-197
-219
112
248
44
-227
-205
107
211
8
-181
-120
51
73
55
43
-69
-125
-48
118
158
2
-152
-124
65
142
47
-70
-105
-29
71
107
8
-119
-91
37
129
45
-80
-140
7
176
105
-146
-233
-8
224
181
-96
-280
-140
165
306
87
-295
-260
91
299
171
-178
-244
21
235
148
-105
-175
-11
95
57
-9
0
-4
-67
-62
35
67
11
-47
-41
-13
51
93
-14
-87
-46
65
108
-6
-112
-16
142
91
-56
-62
-18
-22
23
75
58
-29
-124
-95
78
168
43
-132
-128
28
131
79
-67
-142
-37
133
127
-44
-142
-50
104
135
0
-176
-109
116
219
54
-199
-209
76
281
132
-185
-269
-12
261
150
-102
-195
-81
81
110
18
-73
-79
-27
-9
47
129
32
-162
-175
65
248
132
-157
-215
-1
166
172
-1
-230
-180
124
232
45
-199
-202
31
201
104
-128
-174
-28
65
119
95
-83
-164
-81
100
204
49
-168
-180
33
188
108
-81
-155
-68
94
161
31
-156
-152
32
168
108
-96
-174
-26
164
153
-116
-232
-42
193
170
-67
-221
-157
111
290
94
-248
-217
45
234
156
-99
-195
-4
187
147
-56
-167
-27
78
71
6
-34
-57
-16
15
14
-12
7
25
-37
-82
52
141
2
-122
-69
101
161
-30
-183
-33
190
152
-79
-148
-40
51
78
46
-11
-36
-65
-43
46
110
34
-92
-115
-6
132
135
-73
-197
-48
159
174
-29
-188
-106
123
183
-9
-198
-114
146
228
26
-214
-211
98
264
121
-161
-260
-4
213
133
-62
-162
-94
45
107
27
-71
-86
-16
16
39
77
12
-87
-116
-8
162
136
-73
-173
-81
129
193
53
-227
-218
122
267
38
-231
-183
84
197
11
-176
-117
43
63
66
54
-50
-136
-86
101
197
60
-163
-192
7
186
141
-65
-173
-79
115
143
21
-121
-143
51
156
53
-96
-138
-27
128
127
-53
-195
-80
125
191
39
-210
-237
58
314
156
-235
-287
41
281
199
-120
-246
-24
226
165
-118
-182
42
124
-17
-44
51
65
-62
-136
-18
111
94
-40
-158
-87
156
224
-46
-239
-100
185
234
-23
-244
-58
235
168
-122
-161
-11
72
75
21
-16
-16
-46
-52
20
72
61
-47
-109
-24
114
81
-65
-124
-17
135
110
-44
-136
-64
58
141
46
-141
-130
70
214
60
-183
-197
38
248
174
-120
-256
-86
183
192
-17
-201
-146
37
139
76
-77
-115
-55
-4
87
134
-20
-174
-126
86
204
88
-116
-161
-10
115
120
22
-146
-173
65
222
91
-177
-217
16
188
65
-132
-145
-16
83
129
78
-97
-188
-77
132
212
49
-158
-178
-8
164
149
-27
-175
-101
88
166
41
-142
-149
24
158
106
-49
-177
-95
126
183
-13
-209
-165
111
265
89
-240
-291
16
335
231
-173
-297
-87
205
268
9
-215
-170
123
275
37
-190
-135
18
129
97
6
-84
-98
-49
64
107
22
-114
-104
19
161
121
-119
-184
-24
199
183
-70
-212
-26
210
122
-78
-120
-45
17
83
65
14
-54
-91
-46
66
112
15
-102
-79
3
96
78
-50
-123
-30
92
114
-19
-114
-71
68
133
10
-157
-125
104
223
65
-150
-219
10
254
158
-114
-233
-77
145
148
19
-96
-151
-38
96
118
-27
-131
-65
29
72
75
-18
-120
-66
48
121
79
-42
-134
-57
82
151
67
-145
-208
26
227
127
-157
-244
-13
229
136
-165
-209
-14
118
112
29
-92
-101
-39
71
134
31
-94
-117
-19
129
126
-15
-170
-129
108
187
29
-151
-152
40
154
91
-87
-170
-25
158
143
-74
-201
-106
137
234
37
-251
-264
56
329
211
-175
-339
-77
282
283
-40
-293
-156
183
290
45
-202
-160
1
115
120
33
-92
-130
-39
88
110
-5
-110
-94
6
121
129
-77
-158
-30
141
160
-20
-170
-75
171
170
-39
-155
-78
30
93
74
16
-34
-102
-67
63
131
39
-122
-130
44
120
73
-85
-119
-13
99
121
-6
-137
-101
71
163
40
-128
-154
19
175
144
-73
-217
-72
187
232
-21
-248
-141
134
179
6
-168
-119
30
109
54
-77
-104
-16
26
29
60
20
-94
-104
23
148
94
-83
-127
-14
107
96
46
-90
-182
-31
175
151
-86
-231
-81
153
173
-64
-203
-86
69
120
98
-31
-149
-110
43
164
127
-88
-192
-45
120
165
36
-164
-176
32
234
132
-153
-249
-3
216
142
-83
-192
-94
137
199
-23
-236
-154
146
273
60
-280
-287
63
323
168
-179
-259
-26
209
197
-36
-189
-88
134
182
5
-118
-66
-9
47
88
34
-67
-93
-28
62
71
-17
-57
-30
-20
32
102
16
-80
-65
38
127
46
-78
-92
51
134
29
-59
-79
-54
54
102
59
-16
-112
-112
33
145
90
-86
-151
-42
129
144
-58
-170
-60
133
162
-15
-165
-126
73
216
39
-178
-170
79
246
104
-166
-225
-4
241
186
-75
-231
-112
136
162
22
-93
-140
-30
79
74
-9
-71
-90
-54
54
137
70
-118
-180
-1
188
169
-63
-183
-85
112
186
70
-171
-252
38
279
142
-192
-288
9
247
125
-149
-193
-15
74
86
119
-23
-194
-152
87
242
115
-136
-231
-48
194
181
-25
-173
-151
59
213
117
-129
-234
-59
179
182
-24
-221
-108
184
203
-71
-254
-94
180
190
-14
-207
-206
50
265
151
-147
-254
-43
191
215
-15
-171
-125
90
201
63
-110
-109
-39
74
94
36
-57
-82
-39
53
56
-34
-57
0
5
1
75
42
-82
-98
27
138
107
-80
-138
2
154
101
-61
-110
-81
40
149
66
-57
-115
-62
54
100
25
-50
-78
-32
58
124
5
-137
-110
79
172
49
-135
-142
38
177
81
-130
-191
29
226
148
-102
-238
-72
201
223
-11
-236
-170
108
207
66
-132
-177
-28
125
90
-29
-110
-87
10
42
108
56
-116
-142
-13
158
168
-38
-184
-69
99
145
73
-113
-233
-6
236
145
-144
-253
-26
207
142
-125
-213
-45
122
116
54
-58
-134
-104
34
173
131
-96
-180
-57
119
143
5
-98
-104
3
107
89
-32
-120
-65
59
133
29
-127
-117
70
157
35
-152
-165
32
218
133
-146
-290
-82
243
261
-42
-283
-148
156
276
52
-214
-161
123
195
10
-146
-37
74
30
-44
11
83
-4
-133
-76
83
117
8
-97
-102
29
166
65
-149
-132
91
191
39
-145
-126
109
186
6
-134
-47
36
22
9
43
48
-44
-128
-44
152
126
-85
-152
-19
118
104
-44
-118
-57
55
129
73
-74
-161
-29
160
140
-90
-218
-22
228
162
-117
-223
-54
189
215
-2
-202
-176
55
193
114
-77
-209
-86
119
129
-35
-131
-76
36
39
65
46
-64
-123
-40
120
148
-5
-152
-102
87
149
86
-109
-220
19
214
114
-151
-223
-1
181
80
-137
-149
23
69
45
45
-7
-84
-110
6
144
108
-53
-165
-59
127
139
-6
-127
-120
34
159
68
-96
-156
-24
129
123
-32
-135
-85
78
142
8
-153
-138
43
177
103
-121
-219
-54
169
221
-33
-239
-124
124
252
96
-192
-205
66
224
104
-125
-124
-12
55
66
52
-21
-69
-89
2
89
43
-37
-72
-27
39
119
17
-126
-72
63
169
59
-156
-130
96
205
44
-119
-93
-34
85
123
16
-63
-89
-48
39
104
51
-47
-104
-40
49
114
13
-127
-88
73
159
47
-138
-130
40
160
88
-127
-155
13
166
127
-70
-182
-46
148
186
10
-172
-141
26
146
106
-45
-163
-117
64
151
14
-119
-76
12
13
61
77
-45
-134
-51
114
153
19
-121
-88
14
113
123
-30
-218
-99
163
189
-39
-246
-114
155
165
-58
-170
-66
52
65
81
21
-76
-147
-49
144
174
3
-201
-135
69
190
97
-144
-197
12
216
124
-125
-175
-37
105
126
7
-108
-121
36
192
55
-173
-195
48
220
111
-148
-248
-65
215
255
-42
-263
-155
93
258
140
-139
-226
-11
227
157
-85
-151
-55
31
98
88
-5
-101
-111
-12
109
74
-19
-90
-92
34
181
70
-162
-178
73
245
90
-165
-174
101
244
6
-192
-78
63
79
26
14
15
-65
-92
1
100
102
-35
-124
-98
65
180
32
-168
-142
69
213
55
-147
-162
15
188
127
-101
-205
-36
192
185
-41
-217
-132
149
243
57
-198
-215
17
208
141
-45
-212
-134
93
171
35
-132
-147
-42
66
177
70
-119
-167
-49
168
180
-15
-179
-118
87
178
84
-86
-209
-74
179
188
-52
-239
-133
130
195
6
-177
-135
-9
112
184
39
-181
-207
11
238
170
-94
-249
-83
160
192
24
-162
-145
19
173
133
-77
-192
-94
135
193
24
-175
-172
66
214
58
-164
-198
19
223
133
-119
-299
-78
261
283
-55
-311
-180
142
297
113
-183
-227
28
247
147
-108
-165
-59
60
147
73
-67
-117
-69
62
93
-7
-82
-46
10
42
87
22
-108
-61
67
129
53
-88
-141
46
201
86
-115
-141
-31
99
97
15
-40
-54
-44
7
53
50
16
-66
-59
11
94
48
-88
-102
26
144
56
-111
-111
33
123
69
-91
-134
8
148
102
-38
-136
-75
79
189
75
-131
-187
-12
150
128
-37
-145
-119
15
132
73
-80
-137
-50
39
135
78
-86
-150
-52
124
167
-8
-130
-97
24
111
106
3
-169
-145
91
227
45
-230
-213
79
266
34
-240
-173
68
155
96
-35
-138
-114
17
165
123
-32
-149
-117
58
154
77
-71
-162
-71
138
166
-18
-169
-128
74
172
60
-145
-137
49
157
54
-135
-157
10
172
140
-85
-257
-113
189
267
19
-237
-193
67
243
113
-106
-169
-7
158
124
-22
-93
-90
6
117
106
-32
-124
-86
57
97
17
-85
-43
13
1
60
86
-19
-132
-48
144
147
-61
-154
-4
157
99
-73
-96
0
38
18
23
56
-8
-111
-105
76
182
32
-147
-119
37
145
65
-117
-118
34
149
72
-88
-148
-10
130
129
-52
-169
-53
137
182
12
-192
-173
88
262
106
-187
-256
-13
264
162
-94
-228
-139
115
191
44
-168
-170
-5
94
144
42
-127
-155
-2
138
132
-3
-127
-103
29
146
125
-47
-236
-101
201
183
-74
-234
-127
149
186
-26
-191
-100
53
77
74
34
-94
-166
-45
172
216
-33
-241
-117
130
195
37
-133
-140
30
132
70
-61
-101
-64
44
118
50
-77
-128
21
145
70
-112
-182
-20
174
167
-45
-273
-189
160
333
81
-274
-275
76
324
192
-150
-264
-16
221
149
-74
-124
-46
24
71
83
12
-89
-90
-6
90
60
-43
-90
-40
26
93
69
-83
-95
17
138
94
-89
-108
37
136
53
-78
-68
-15
16
36
72
32
-52
-112
-61
81
131
23
-107
-115
25
134
91
-99
-173
-22
158
139
-30
-181
-106
115
207
1
-221
-152
160
289
32
-272
-211
141
314
65
-227
-230
59
228
83
-133
-147
-19
90
48
-46
-42
-9
-41
-72
60
203
12
-248
-178
158
283
47
-239
-162
94
145
109
-2
-193
-152
111
208
39
-180
-171
44
174
24
-137
-107
16
49
120
77
-101
-198
-69
160
202
-4
-170
-132
28
146
109
-31
-158
-111
87
201
34
-166
-150
43
177
105
-127
-193
-5
193
141
-126
-246
-48
233
230
-103
-360
-155
267
338
12
-358
-225
159
307
91
-194
-177
52
197
81
-88
-84
-3
-1
29
56
48
-37
-127
-52
99
96
-29
-107
-58
26
140
88
-120
-167
15
205
133
-81
-174
-3
146
109
-27
-74
-80
-37
73
140
72
-100
-214
-27
190
173
-55
-212
-82
124
179
-6
-160
-109
45
172
98
-131
-139
8
131
93
-63
-124
-38
90
165
35
-167
-169
66
241
128
-138
-244
-41
184
150
-35
-167
-113
66
108
31
-81
-101
-27
21
65
106
-20
-159
-129
102
241
72
-183
-189
29
183
171
-55
-265
-121
185
247
-37
-285
-153
161
227
-17
-239
-129
91
97
70
36
-80
-149
-64
124
189
1
-169
-123
40
171
83
-79
-151
-54
119
129
-12
-124
-128
25
166
108
-117
-177
10
200
118
-155
-241
-19
224
192
-99
-289
-152
178
322
37
-279
-188
90
239
118
-118
-184
-7
154
143
-45
-110
-22
8
14
73
55
-56
-142
-53
135
107
-60
-128
-40
66
118
34
-121
-76
67
128
50
-92
-110
35
168
63
-89
-81
7
11
19
69
71
-70
-121
-56
76
143
54
-104
-143
-22
143
115
-79
-161
-50
141
167
-40
-177
-98
115
175
-6
-183
-100
128
191
21
-163
-157
51
209
118
-102
-178
-49
82
121
77
-71
-161
-91
63
142
58
-125
-176
-58
154
213
6
-241
-175
112
266
92
-158
-188
22
142
122
18
-170
-165
103
200
22
-198
-152
96
171
6
-150
-103
16
66
84
56
-71
-146
-78
92
195
73
-143
-187
-3
167
121
-34
-134
-90
84
140
33
-105
-117
4
114
82
-41
-128
-66
103
153
-36
-216
-119
127
236
40
-260
-240
113
337
95
-241
-240
57
255
146
-115
-190
-10
156
143
-31
-125
-60
8
57
107
40
-75
-133
-58
98
127
-13
-129
-78
24
112
104
-67
-153
-48
161
176
-52
-199
-53
180
144
-27
-123
-89
14
115
82
5
-88
-91
-38
48
122
59
-86
-153
-37
163
128
-95
-185
-31
174
146
-72
-174
-63
115
164
-1
-186
-132
104
250
59
-201
-207
74
266
120
-149
-217
-43
117
150
60
-127
-166
-36
113
125
-13
-166
-132
23
143
150
-20
-191
-126
90
183
73
-105
-133
-12
124
133
19
-161
-190
73
234
85
-185
-232
23
215
92
-147
-179
-1
113
86
38
-39
-145
-99
57
188
111
-129
-212
-23
177
153
-9
-184
-154
86
204
70
-150
-168
7
172
130
-84
-207
-47
201
170
-127
-251
-54
197
210
-48
-264
-169
134
278
88
-206
-215
-2
226
205
-83
-214
-37
148
156
-17
-111
-36
13
18
68
55
-25
-119
-92
62
144
28
-121
-133
2
178
141
-107
-200
-15
199
164
-86
-195
-12
189
144
-72
-139
-56
28
113
95
-10
-112
-99
17
106
84
-7
-116
-79
32
133
43
-113
-98
23
113
77
-47
-112
-48
77
127
16
-142
-104
83
200
65
-151
-207
0
248
207
-96
-273
-104
159
213
18
-164
-164
-16
117
125
-7
-153
-147
17
129
136
-8
-153
-152
40
202
140
-87
-190
-65
128
164
52
-162
-230
72
255
69
-209
-207
52
223
56
-189
-161
63
107
7
8
26
-65
-131
-16
173
169
-74
-221
-102
152
206
13
-187
-170
74
233
71
-184
-205
42
212
115
-118
-205
-33
176
169
-97
-244
-78
190
225
-48
-279
-161
132
252
62
-164
-168
-14
130
153
41
-100
-147
38
170
106
-66
-139
-69
90
135
52
-100
-152
-23
127
99
-72
-118
-14
73
73
31
-73
-74
9
67
88
8
-80
-51
77
132
5
-86
-80
-12
60
103
46
-66
-109
-74
68
137
25
-91
-106
4
124
85
-74
-147
1
136
101
-36
-130
-79
93
147
1
-150
-123
80
224
67
-152
-183
26
230
133
-106
-192
-52
99
123
26
-79
-100
-50
21
73
37
-53
-128
-62
113
169
1
-186
-129
95
191
71
-143
-148
55
143
82
-34
-157
-126
96
188
26
-181
-157
47
170
64
-140
-151
5
92
69
62
-20
-165
-150
88
248
108
-163
-229
-4
208
147
-84
-180
-76
104
166
39
-123
-171
6
155
111
-63
-187
-40
184
125
-100
-205
-48
133
164
10
-183
-207
37
254
182
-109
-258
-125
158
283
64
-208
-199
79
240
69
-98
-111
-64
53
142
74
-69
-152
-70
102
108
-26
-113
-27
35
36
86
-12
-132
-50
102
156
11
-143
-90
107
170
26
-127
-108
0
79
85
48
-37
-121
-92
56
132
73
-54
-131
-65
76
130
4
-121
-102
64
151
43
-118
-116
34
152
65
-103
-141
15
179
127
-88
-171
-68
146
205
6
-217
-166
125
192
7
-116
-132
-24
97
69
-38
-76
-42
-18
37
103
36
-112
-143
29
169
105
-75
-141
-18
94
142
70
-154
-234
14
252
156
-158
-273
-26
228
146
-149
-202
-18
92
110
83
-65
-163
-94
84
175
64
-109
-121
-50
86
135
38
-113
-142
31
173
90
-126
-159
-2
132
106
-25
-146
-96
102
165
-14
-186
-158
107
260
43
-241
-239
55
288
173
-145
-253
-65
177
200
26
-156
-124
68
144
59
-44
-72
-65
35
97
87
-24
-141
-96
72
133
4
-101
-76
-16
103
126
-33
-156
-52
154
166
-66
-185
-31
173
154
-59
-125
-20
29
11
50
85
11
-125
-141
70
198
63
-170
-164
40
169
94
-119
-138
-12
115
136
-13
-112
-110
10
166
94
-116
-176
14
212
143
-112
-254
-47
227
229
-28
-269
-184
134
223
74
-111
-215
-65
127
123
-12
-124
-89
-21
41
133
88
-109
-193
-40
186
190
-43
-188
-106
95
176
108
-153
-269
3
268
180
-175
-288
-31
232
149
-157
-226
12
134
73
15
-38
-108
-89
42
164
85
-102
-147
-26
104
84
13
-43
-115
-18
112
107
-27
-170
-94
105
182
26
-220
-148
148
242
1
-277
-197
149
308
64
-283
-298
63
336
199
-160
-293
-68
197
228
-4
-157
-99
61
142
80
-49
-96
-80
45
145
61
-85
-122
-40
99
90
-20
-72
-52
-15
82
125
-46
-146
-56
137
188
-34
-189
-72
148
188
10
-163
-100
24
76
103
45
-46
-98
-80
30
139
82
-75
-174
-21
149
134
-54
-177
-85
113
172
39
-136
-164
9
196
133
-109
-217
-45
235
226
-97
-278
-90
232
251
-46
-276
-141
137
201
48
-144
-156
-26
97
101
-28
-102
-71
-28
-3
112
110
-67
-178
-70
137
182
14
-134
-106
38
139
97
-76
-204
-44
182
144
-113
-209
-40
155
118
-75
-172
-48
84
90
59
-32
-115
-103
9
130
153
-24
-190
-120
107
174
35
-132
-135
52
149
52
-94
-112
-9
93
67
-14
-89
-66
57
117
2
-131
-128
48
181
105
-141
-250
-64
240
267
-71
-287
-139
150
265
64
-182
-169
74
191
57
-102
-77
12
37
40
31
2
-39
-71
-31
51
63
-2
-72
-66
31
132
27
-127
-60
79
143
9
-130
-72
122
155
-20
-135
-46
27
53
58
35
-15
-85
-75
24
107
56
-80
-109
3
104
75
-50
-135
-62
109
164
2
-154
-101
38
161
71
-131
-162
29
212
136
-107
-247
-67
230
234
-45
-251
-136
123
169
35
-95
-106
-67
34
78
46
-21
-106
-121
-20
204
177
-121
-292
-62
267
252
-85
-260
-94
154
181
55
-127
-241
-24
254
181
-142
-282
-53
222
162
-103
-220
-75
94
108
88
-2
-144
-164
23
196
162
-37
-212
-133
108
211
48
-111
-165
-23
140
145
-23
-180
-113
99
180
68
-149
-194
45
202
86
-175
-216
32
255
169
-163
-344
-75
285
302
-65
-308
-162
150
264
72
-156
-174
46
197
91
-102
-73
7
1
7
69
52
-59
-132
-23
110
80
-46
-103
-48
72
137
28
-158
-95
88
171
34
-127
-123
87
174
35
-116
-73
5
41
79
24
-25
-61
-58
3
62
49
7
-72
-79
15
144
64
-123
-161
44
209
70
-153
-176
12
177
139
-77
-190
-65
163
201
-10
-238
-126
155
232
22
-209
-155
68
139
73
-38
-108
-73
-15
61
76
-7
-119
-109
25
192
102
-124
-204
-33
183
194
-40
-217
-94
123
164
40
-87
-167
-49
169
158
-93
-233
-82
155
196
-78
-231
-77
110
100
30
-25
-70
-87
-27
111
157
11
-171
-142
41
205
139
-128
-245
-41
212
195
-88
-254
-77
172
196
-12
-221
-138
130
220
14
-218
-159
79
212
101
-171
-263
-45
264
203
-92
-222
-92
95
177
94
-65
-136
-55
93
150
39
-73
-122
-63
79
168
61
-162
-163
42
177
40
-125
-81
26
46
62
29
-87
-75
53
139
45
-120
-88
84
163
0
-119
-32
48
-7
-26
63
97
-58
-159
-50
133
143
-14
-163
-103
67
142
57
-132
-134
44
193
71
-147
-177
28
208
133
-156
-219
6
243
166
-105
-209
-78
166
200
8
-188
-145
55
127
87
-7
-130
-127
15
108
72
-54
-130
-95
35
180
100
-129
-205
-24
197
190
-33
-217
-106
111
175
71
-113
-215
-21
238
136
-132
-228
-40
192
110
-124
-179
17
111
-9
14
73
-44
-173
-76
140
216
7
-228
-174
116
235
64
-148
-179
5
163
131
-47
-203
-98
140
181
14
-191
-149
112
217
20
-216
-195
79
247
125
-162
-280
-66
230
257
-7
-241
-196
77
252
121
-97
-165
-46
143
180
-25
-132
-86
18
95
83
-2
-83
-109
-2
113
59
-91
-78
46
80
16
-22
-58
-19
53
48
29
-5
-54
-9
79
90
-11
-84
-83
-16
105
153
-6
-150
-149
41
183
105
-99
-172
-32
120
121
-20
-127
-78
46
110
52
-25
-96
-76
56
151
36
-155
-144
113
230
33
-219
-174
102
278
101
-225
-240
56
230
107
-86
-171
-67
60
58
13
-37
-59
-52
-35
110
145
-39
-200
-105
140
209
3
-156
-95
31
116
132
-22
-212
-129
167
214
-23
-248
-149
132
217
-40
-225
-107
105
109
69
-10
-118
-119
-8
135
150
1
-171
-128
69
174
54
-90
-148
-35
129
145
-26
-176
-112
92
183
63
-156
-200
53
246
102
-202
-256
12
277
181
-155
-303
-87
228
237
-16
-211
-163
55
224
153
-87
-205
-42
158
162
-19
-90
-132
-38
133
177
-20
-184
-131
43
172
65
-102
-126
-17
82
120
17
-139
-102
67
176
68
-102
-132
20
166
112
-74
-134
-57
40
105
98
-4
-110
-118
-8
126
112
-18
-129
-105
57
156
43
-133
-97
52
119
33
-58
-84
-21
81
109
-6
-166
-92
136
212
31
-224
-180
130
274
86
-206
-257
20
239
135
-91
-178
-101
61
132
65
-78
-147
-69
38
119
137
-28
-195
-160
120
274
88
-200
-237
32
242
178
-93
-286
-127
229
250
-54
-305
-121
196
195
-85
-230
-47
112
58
20
26
-65
-112
-69
105
181
47
-152
-170
12
168
123
-48
-171
-122
115
230
31
-225
-185
98
214
76
-153
-184
22
212
106
-175
-241
13
232
149
-101
-267
-116
161
245
26
-162
-144
-12
131
173
4
-150
-94
84
148
30
-72
-82
-53
52
133
60
-113
-161
-8
148
82
-60
-99
-49
15
106
85
-85
-127
32
167
103
-117
-139
46
173
68
-88
-76
-15
-18
40
105
49
-76
-155
-31
153
120
-64
-134
-54
83
120
-1
-124
-94
41
143
93
-86
-155
-33
105
160
1
-175
-105
118
213
34
-175
-139
65
194
96
-124
-190
-11
153
98
-42
-109
-90
11
66
26
-10
-42
-73
-82
73
207
53
-215
-196
87
256
135
-182
-223
28
205
141
-61
-226
-110
180
202
-55
-261
-96
161
156
-72
-162
-40
59
47
36
28
-69
-122
-52
111
176
8
-156
-128
74
159
40
-107
-95
8
61
80
17
-91
-91
0
86
105
-27
-161
-75
146
168
-84
-226
-91
190
249
-47
-335
-221
202
382
53
-298
-243
73
269
126
-106
-163
-13
145
103
-43
-61
5
-36
-17
85
111
-58
-179
-81
122
171
7
-152
-135
22
191
139
-135
-212
-7
231
157
-94
-189
-19
177
141
-53
-101
-78
-30
76
128
66
-112
-186
-36
153
152
-32
-139
-87
48
119
52
-77
-99
-13
81
84
4
-94
-106
37
175
76
-175
-181
67
272
135
-202
-284
26
327
208
-175
-307
-57
194
200
15
-214
-174
50
143
53
-51
-88
-67
-38
86
157
4
-175
-153
86
233
68
-166
-150
6
149
135
32
-150
-212
42
224
94
-161
-227
1
196
107
-126
-187
-14
112
93
15
-57
-116
-68
63
164
83
-107
-192
-29
181
150
-32
-186
-121
108
183
44
-149
-140
26
137
102
-72
-175
-49
157
162
-92
-216
-58
173
175
-32
-230
-167
87
265
120
-184
-232
0
238
195
-98
-230
-27
165
145
-44
-80
-7
-51
-14
95
111
-25
-156
-107
86
155
26
-103
-139
-28
181
169
-128
-217
-27
214
203
-73
-255
-31
262
170
-117
-193
-39
112
107
-3
-33
-28
-60
-48
51
128
70
-115
-138
-10
130
107
-48
-144
-75
118
166
-16
-166
-107
92
179
37
-168
-148
104
222
69
-179
-227
36
317
196
-202
-314
-42
211
197
-20
-166
-126
8
83
61
-27
-47
-76
-64
56
153
21
-130
-139
24
197
123
-92
-191
-45
140
164
22
-188
-183
99
219
10
-187
-141
73
150
27
-124
-122
-13
55
78
76
-4
-165
-142
89
229
78
-180
-187
8
172
128
-37
-158
-117
78
159
46
-108
-139
7
140
128
-78
-222
-49
199
188
-113
-268
-100
215
252
-56
-314
-168
171
284
28
-210
-142
42
166
112
-41
-114
-70
77
133
18
-64
-43
-13
16
45
48
0
-90
-74
49
82
-8
-58
-17
-3
24
51
-2
-47
-24
65
78
-20
-76
-19
89
98
-4
-80
-65
10
37
84
55
-42
-100
-86
69
147
20
-131
-86
54
100
52
-64
-139
-35
137
134
-19
-134
-114
91
170
25
-180
-149
114
236
62
-193
-193
68
255
131
-148
-221
-50
122
141
51
-106
-177
-59
107
143
-2
-138
-131
-15
112
149
-2
-142
-152
54
212
115
-121
-184
-19
137
144
15
-184
-190
99
213
70
-165
-207
7
188
100
-128
-182
-16
97
85
55
-51
-148
-89
86
215
90
-165
-239
-12
214
173
-53
-195
-124
104
202
66
-170
-189
40
202
106
-106
-213
-13
219
131
-130
-240
-45
190
202
-56
-249
-144
119
233
53
-133
-137
-58
86
164
92
-76
-141
7
141
69
-59
-59
-31
46
52
35
-13
-82
-55
44
52
-9
-39
-13
11
10
48
-3
-65
-17
53
86
7
-93
-37
114
119
-56
-113
19
35
-9
28
82
0
-125
-98
60
143
55
-96
-109
-8
101
84
-65
-123
-47
112
138
-22
-142
-77
61
140
47
-110
-122
23
178
105
-138
-212
27
260
173
-148
-254
-80
157
211
12
-157
-168
-13
127
97
-48
-113
-53
-6
40
101
22
-73
-106
-21
106
136
3
-128
-102
45
173
106
-162
-255
34
286
114
-231
-250
68
277
56
-235
-194
72
154
55
-23
-79
-98
-31
76
141
53
-102
-132
-26
98
125
21
-126
-120
45
157
77
-83
-145
-61
112
157
7
-180
-136
114
212
-26
-235
-124
145
255
13
-280
-247
112
339
119
-190
-215
-21
167
156
-13
-108
-92
46
132
56
-46
-91
-57
55
125
38
-91
-118
-11
114
82
-62
-96
-1
33
20
70
-6
-104
-50
89
131
33
-125
-97
116
180
16
-145
-107
25
90
88
22
-52
-106
-71
47
137
71
-76
-133
-40
98
97
-7
-120
-101
81
187
23
-156
-131
36
183
102
-130
-208
0
256
193
-119
-284
-81
247
250
-56
-281
-134
165
214
7
-170
-154
-7
108
77
-28
-80
-68
-42
14
134
102
-98
-177
-42
174
180
-17
-161
-130
45
178
159
-123
-307
-23
277
192
-186
-303
1
269
145
-209
-252
17
158
96
6
-59
-99
-75
30
140
111
-62
-159
-83
116
135
31
-82
-149
-16
161
131
-76
-219
-68
177
186
-55
-241
-103
201
235
-80
-291
-124
222
233
-38
-246
-186
77
236
130
-92
-201
-88
119
198
61
-120
-158
4
194
127
-53
-126
-102
46
145
90
-66
-146
-68
116
110
-55
-123
-24
58
66
61
-37
-108
-21
84
114
36
-101
-92
79
128
31
-67
-78
-63
64
133
47
-66
-123
-70
72
120
77
-77
-140
-31
71
108
-15
-136
-78
110
173
-6
-167
-112
68
182
30
-148
-129
83
203
62
-141
-186
12
194
160
-64
-193
-73
103
107
27
-58
-94
-91
-6
88
94
-10
-158
-120
41
212
121
-182
-225
20
219
170
-83
-205
-48
131
139
29
-121
-174
17
189
109
-129
-216
-24
182
118
-123
-193
-21
121
91
36
-54
-110
-91
17
155
150
-61
-216
-117
143
215
40
-172
-182
53
234
117
-176
-209
4
207
123
-90
-201
-64
180
182
-63
-215
-92
102
201
53
-202
-216
-5
254
192
-92
-225
-106
95
246
106
-141
-193
11
172
107
-60
-75
-18
-7
13
69
37
-24
-101
-66
63
115
26
-134
-144
50
239
57
-226
-155
143
269
27
-268
-143
192
259
-7
-219
-119
57
120
65
13
-48
-77
-69
30
122
65
-82
-141
-14
120
96
-48
-135
-64
73
162
31
-143
-133
39
183
77
-119
-182
-9
209
172
-90
-233
-102
201
285
-9
-268
-181
82
188
116
-57
-200
-139
35
184
102
-101
-176
-73
85
197
63
-166
-188
5
201
163
-59
-181
-70
101
156
54
-117
-198
-15
214
152
-118
-245
-54
195
158
-100
-219
-73
102
120
85
-25
-161
-115
35
156
134
-33
-204
-125
144
214
18
-165
-178
41
208
110
-118
-188
-34
136
142
-22
-157
-107
86
188
30
-189
-192
46
271
138
-231
-313
8
317
228
-137
-281
-80
169
206
-4
-137
-74
54
110
53
-45
-38
-46
-26
41
99
59
-76
-127
-38
85
70
-9
-50
-99
-4
171
85
-130
-124
34
164
73
-120
-126
78
192
60
-139
-124
-6
106
125
5
-67
-95
-50
45
87
58
-46
-104
-55
54
112
15
-113
-90
50
150
63
-104
-146
-7
161
138
-87
-207
-30
235
178
-116
-262
-64
232
256
-43
-274
-167
101
209
130
-99
-225
-123
116
195
43
-151
-173
-25
114
170
20
-159
-151
46
163
99
-59
-130
-26
64
108
62
-61
-187
-62
175
166
-64
-249
-112
184
196
-75
-216
-93
93
144
73
-35
-144
-137
41
172
112
-66
-166
-72
90
143
42
-101
-132
-8
142
117
-55
-183
-83
119
186
19
-216
-152
126
231
-13
-234
-174
115
263
78
-214
-266
-10
267
200
-92
-203
-110
99
176
59
-72
-94
-4
84
71
-28
-23
8
-47
-12
70
92
-28
-138
-86
74
132
15
-124
-126
28
207
105
-169
-173
98
222
30
-181
-106
115
182
29
-139
-112
21
92
69
35
-28
-86
-78
26
126
62
-61
-105
-33
47
104
-4
-103
-81
48
123
63
-69
-136
-33
130
137
-33
-190
-92
185
256
-42
-294
-148
206
295
6
-273
-199
88
228
132
-92
-212
-116
68
157
70
-93
-139
-82
78
156
48
-131
-138
-2
138
113
-5
-109
-96
37
129
97
-51
-210
-78
207
185
-111
-248
-78
170
164
-69
-190
-67
81
60
69
20
-94
-133
-19
151
170
-45
-209
-117
123
191
32
-115
-144
-9
159
124
-78
-197
-44
161
169
-41
-215
-128
147
235
5
-252
-218
89
300
137
-214
-346
-53
333
266
-107
-283
-132
141
242
56
-145
-137
27
143
88
-36
-69
-61
-13
102
123
-1
-148
-141
34
171
71
-111
-121
17
61
56
60
-54
-110
-21
125
129
-42
-156
-23
176
149
-55
-165
-96
50
170
109
-65
-174
-92
84
152
42
-99
-111
6
85
58
-25
-79
-52
4
108
81
-36
-128
-50
89
120
-22
-153
-46
126
175
-8
-179
-138
119
249
53
-215
-205
35
203
138
-73
-212
-102
92
130
8
-100
-73
3
22
69
49
-57
-108
-21
90
88
-15
-62
-1
9
1
62
36
-106
-116
81
172
2
-204
-137
114
192
-33
-220
-93
77
121
96
-12
-158
-139
20
186
147
-73
-199
-97
113
184
54
-120
-177
-22
191
166
-68
-208
-117
128
203
28
-178
-177
71
252
42
-223
-189
71
249
113
-172
-276
-47
263
223
-52
-222
-162
62
214
139
-59
-177
-64
134
159
5
-92
-118
-5
96
90
-10
-89
-76
3
92
61
-49
-79
-31
6
142
98
-130
-186
34
262
121
-162
-211
33
241
152
-128
-186
-22
94
106
34
-34
-83
-65
9
102
96
-33
-137
-69
48
138
56
-89
-138
-14
154
142
-50
-195
-110
132
234
4
-262
-136
199
270
-20
-277
-158
170
309
76
-257
-261
60
260
102
-120
-177
-61
78
71
17
-38
-68
-38
-51
27
142
88
-123
-216
-24
243
214
-78
-279
-129
191
313
6
-343
-211
216
294
-30
-325
-152
180
233
-38
-241
-132
77
131
95
-6
-120
-134
-11
156
159
-37
-175
-104
38
146
84
-35
-130
-83
72
154
44
-121
-146
14
143
97
-99
-162
12
149
94
-130
-207
23
232
136
-162
-290
-54
254
236
-64
-230
-136
86
229
90
-147
-158
61
174
59
-90
-45
-2
-9
25
76
38
-82
-111
12
120
13
-87
-66
30
63
64
0
-123
-62
84
145
17
-113
-89
82
173
37
-117
-67
27
-1
11
102
78
-89
-206
-40
200
158
-64
-202
-87
120
172
7
-157
-118
62
173
87
-123
-164
-6
149
127
-61
-173
-63
157
181
-15
-195
-135
121
255
80
-182
-225
-11
196
142
-41
-177
-113
44
95
53
-26
-103
-58
6
61
69
-5
-83
-73
24
123
69
-36
-84
-65
22
145
108
-161
-211
39
231
86
-190
-216
54
227
43
-194
-165
34
126
129
12
-141
-174
6
173
164
-38
-193
-121
96
164
63
-77
-114
-45
100
111
-18
-110
-95
28
118
95
-68
-173
-26
172
124
-119
-217
-38
197
182
-81
-273
-120
191
273
-24
-235
-126
80
157
96
-15
-111
-84
73
144
48
-71
-93
-43
46
122
55
-81
-139
-20
88
65
-5
-50
-80
-52
128
157
-55
-200
-40
199
163
-113
-201
21
214
116
-81
-130
-54
48
91
89
-14
-103
-118
-9
144
114
-41
-159
-97
104
169
11
-175
-125
78
196
72
-151
-174
-1
177
165
-89
-253
-73
228
248
-38
-295
-144
200
291
25
-245
-225
61
192
126
-21
-159
-144
-11
95
126
-6
-112
-123
-63
120
215
7
-221
-195
76
295
124
-173
-234
-14
211
203
-53
-281
-155
193
278
-3
-285
-192
130
245
14
-224
-177
56
149
61
-2
-65
-105
-52
64
142
77
-96
-178
-40
140
173
4
-185
-144
97
227
45
-195
-173
74
211
81
-167
-187
45
221
89
-178
-211
22
221
146
-107
-261
-114
163
264
55
-211
-217
36
239
170
-92
-215
-18
198
98
-99
-75
35
11
-28
54
74
-22
-107
-78
57
101
13
-90
-69
28
126
55
-116
-113
42
159
94
-102
-140
39
176
78
-75
-98
-53
35
110
70
-22
-82
-106
-15
103
97
4
-106
-96
37
122
41
-84
-105
-3
114
82
-59
-121
-31
97
123
-26
-144
-72
112
176
26
-179
-158
62
262
149
-191
-276
-8
217
189
-53
-205
-116
22
95
81
-13
-97
-86
-28
68
126
-2
-145
-103
77
171
45
-103
-115
-8
130
114
-22
-168
-115
124
201
-27
-223
-130
126
184
-33
-184
-111
54
97
57
26
-56
-133
-70
87
161
65
-128
-170
-17
193
141
-69
-189
-85
164
178
-49
-206
-93
113
165
35
-137
-165
23
216
117
-158
-251
-28
265
216
-133
-341
-126
232
284
1
-218
-157
26
176
134
-45
-116
-39
77
107
17
-44
-51
-53
20
98
94
-56
-161
-62
113
127
-35
-94
-57
2
67
70
-5
-80
-33
46
101
36
-68
-78
30
141
76
-97
-141
-5
98
120
11
-106
-108
-7
118
102
-45
-117
-37
65
73
12
-55
-62
-28
54
123
25
-129
-123
61
184
51
-173
-157
111
257
54
-256
-217
122
313
97
-222
-226
40
165
117
-11
-126
-115
-25
65
76
31
-50
-123
-79
76
157
31
-145
-138
52
194
85
-120
-133
17
82
88
52
-136
-191
98
221
35
-205
-206
69
232
48
-192
-161
41
121
94
8
-86
-157
-62
124
193
44
-155
-173
14
194
125
-89
-185
-58
135
159
17
-163
-169
82
183
50
-150
-153
75
188
50
-150
-172
-3
166
171
-31
-280
-191
154
296
84
-198
-210
-16
193
191
-20
-192
-84
152
166
-12
-125
-32
23
26
22
37
-12
-76
-68
55
98
13
-80
-80
2
79
102
-49
-129
-16
134
129
-61
-162
-27
198
174
-98
-208
-28
123
87
6
-31
-38
-38
-26
31
65
20
-45
-70
-15
77
88
-34
-135
-61
105
145
-14
-137
-87
54
144
49
-137
-129
62
177
93
-118
-188
-12
223
188
-96
-260
-92
150
212
20
-181
-161
20
122
71
-36
-75
-54
-31
24
105
35
-78
-138
-6
156
148
-64
-179
-59
120
174
34
-191
-191
109
241
23
-223
-184
81
225
22
-174
-117
40
74
34
49
-13
-126
-113
40
207
116
-132
-208
-5
212
133
-76
-189
-99
118
187
27
-151
-145
23
153
99
-78
-187
-45
209
158
-111
-262
-74
206
229
-45
-296
-211
156
322
81
-229
-216
25
198
156
-38
-139
-67
75
126
16
-60
-51
-24
16
81
72
-55
-117
-59
81
107
-28
-94
-45
20
85
124
-85
-169
-19
152
144
-24
-178
-60
152
176
0
-159
-108
10
120
136
30
-122
-158
-47
141
170
-12
-162
-104
55
117
69
-51
-119
-74
102
168
6
-170
-136
73
212
79
-183
-197
65
262
129
-160
-257
-10
281
232
-114
-305
-150
160
271
76
-223
-217
14
152
96
-42
-86
-72
-50
30
123
77
-60
-180
-61
163
182
10
-178
-142
65
211
142
-187
-286
17
290
147
-217
-255
48
232
79
-173
-196
5
150
102
4
-87
-115
-61
63
144
79
-91
-140
-28
88
112
31
-91
-139
32
144
87
-87
-168
-46
156
170
-65
-246
-69
202
205
-90
-284
-113
206
269
-15
-308
-218
105
285
128
-151
-199
-41
126
143
31
-75
-93
-9
105
122
-5
-117
-99
49
124
35
-89
-95
5
76
32
-44
-38
-4
-17
18
75
-1
-82
-35
99
120
-24
-128
-48
136
138
-20
-118
-56
-4
63
99
32
-65
-110
-60
60
147
49
-118
-141
29
150
92
-123
-157
3
161
105
-73
-146
-45
90
145
29
-131
-142
44
203
122
-114
-228
-40
224
216
-61
-245
-123
114
188
76
-114
-193
-78
123
150
-4
-147
-115
6
77
95
45
-71
-113
-32
99
133
25
-116
-128
29
167
144
-106
-274
-46
244
187
-122
-300
-56
225
155
-110
-211
-54
107
123
64
-52
-163
-124
56
210
149
-122
-237
-70
179
187
2
-160
-142
31
187
113
-99
-185
-54
136
164
8
-193
-155
127
248
-12
-277
-179
148
292
62
-286
-269
76
308
179
-146
-259
-93
176
223
32
-155
-145
49
188
85
-85
-95
-27
39
72
45
-10
-75
-94
8
83
67
-14
-108
-108
72
205
22
-184
-109
132
209
7
-213
-121
165
248
-10
-181
-125
26
104
100
59
-75
-142
-71
87
151
27
-122
-108
15
121
89
-55
-154
-75
106
158
24
-142
-124
24
172
91
-127
-172
20
205
148
-112
-225
-54
231
222
-66
-259
-130
129
162
50
-88
-129
-68
45
90
47
-57
-108
-68
19
143
76
-72
-151
-57
122
172
36
-146
-138
14
168
130
-111
-231
4
229
111
-176
-225
26
220
72
-166
-165
24
95
64
55
-8
-139
-123
30
182
132
-89
-186
-54
130
116
0
-86
-85
41
99
35
-50
-102
-56
93
126
-7
-160
-109
125
185
-16
-211
-174
109
262
78
-234
-288
15
329
239
-141
-308
-92
191
234
15
-176
-112
96
145
19
-88
-1
35
-63
-33
106
104
-67
-182
-62
131
153
-16
-163
-147
87
248
43
-192
-125
100
191
38
-163
-134
110
237
36
-165
-130
19
114
88
-13
-50
-53
-51
22
82
70
-46
-118
-49
81
137
9
-137
-117
47
184
81
-123
-169
-4
178
131
-98
-178
-29
187
187
-75
-246
-95
224
274
-34
-312
-177
143
252
69
-167
-184
-15
126
87
-33
-77
-84
-28
34
122
54
-107
-122
3
121
92
-25
-91
-39
37
73
73
-27
-179
-71
158
133
-62
-181
-76
127
132
-76
-166
-63
66
88
72
8
-144
-147
36
194
124
-96
-187
-51
137
159
-1
-151
-131
57
155
79
-82
-167
-62
123
176
-3
-217
-147
127
243
6
-267
-182
142
286
47
-271
-267
51
315
177
-156
-241
-66
159
185
45
-122
-132
34
168
74
-68
-59
-23
-14
48
73
11
-84
-86
6
78
59
-23
-61
-76
27
139
57
-137
-114
91
174
34
-120
-116
81
170
57
-99
-112
-39
42
122
99
-38
-137
-95
30
148
110
-85
-160
-33
113
128
-33
-146
-89
99
180
33
-151
-154
16
210
127
-126
-240
-15
271
231
-136
-315
-72
268
298
-58
-311
-176
125
247
94
-142
-195
-58
82
111
27
-72
-72
-71
-17
108
116
-36
-152
-86
96
185
53
-129
-144
13
139
153
-65
-256
-71
198
193
-70
-255
-102
136
167
-19
-174
-117
35
112
103
-8
-136
-136
14
156
132
-35
-160
-99
77
144
33
-57
-125
-33
115
114
-42
-174
-55
149
141
-41
-191
-81
146
181
-29
-234
-126
124
215
64
-219
-270
5
307
226
-129
-244
-90
136
183
47
-98
-109
5
140
89
-48
-80
-49
38
92
7
-55
-57
-7
34
16
-2
-33
-4
31
-22
24
64
-64
-64
32
112
61
-74
-115
57
177
62
-132
-114
27
67
48
41
-3
-51
-110
-28
104
128
-25
-147
-73
95
139
4
-166
-123
93
186
33
-136
-128
31
169
85
-126
-176
17
215
145
-120
-223
-48
198
210
-26
-213
-139
60
158
117
-46
-190
-130
74
152
55
-91
-147
-77
42
148
79
-106
-154
-12
147
127
-14
-114
-61
5
96
143
-7
-231
-153
161
253
-27
-287
-156
162
240
-42
-235
-102
74
114
71
-27
-111
-121
-10
167
172
-26
-199
-136
86
200
69
-112
-200
-32
191
164
-37
-209
-119
130
215
26
-214
-187
136
277
7
-280
-201
142
293
60
-254
-270
61
293
149
-138
-195
-45
91
128
86
-25
-107
-47
73
110
48
-33
-113
-46
67
73
22
-49
-59
-17
11
39
20
-19
-51
-42
75
94
-48
-114
-9
134
98
-80
-139
37
190
83
-113
-121
5
45
52
65
35
-78
-144
-23
152
125
-67
-182
-43
144
120
-64
-136
-51
83
133
15
-113
-85
19
116
86
-62
-144
-27
155
150
-26
-201
-104
154
232
4
-210
-156
37
163
125
-32
-167
-144
22
145
92
-50
-150
-120
23
194
126
-93
-210
-85
172
217
0
-207
-122
68
174
116
-85
-266
-62
230
178
-115
-251
-72
170
179
-57
-203
-80
54
78
81
47
-96
-178
-41
164
185
-16
-213
-161
120
224
62
-130
-193
-12
200
146
-100
-208
-38
149
149
-27
-173
-99
118
175
-13
-192
-133
81
189
63
-126
-213
-62
178
219
19
-206
-221
38
269
179
-115
-219
-49
178
159
-13
-106
-86
9
87
82
-3
-81
-82
3
70
32
-20
-44
-31
-20
83
95
-41
-118
-35
116
122
-42
-147
-24
171
134
-62
-147
-64
44
119
133
-16
-182
-166
72
215
110
-149
-193
12
159
102
-81
-135
-22
91
86
1
-56
-66
-41
74
132
-19
-174
-68
149
199
-14
-205
-151
122
261
91
-220
-261
51
282
108
-138
-216
-48
122
73
-43
-34
-21
-33
-64
6
145
79
-112
-179
-3
201
140
-91
-183
-37
137
183
-13
-237
-127
171
198
-45
-260
-145
155
251
-45
-239
-117
100
126
56
-16
-117
-124
4
149
141
-33
-172
-108
84
171
73
-116
-168
-14
158
133
-59
-169
-74
93
176
54
-164
-194
48
251
109
-215
-267
36
290
155
-174
-292
-59
228
225
-22
-193
-163
26
180
154
-9
-162
-82
95
162
40
-69
-122
-51
70
124
53
-90
-138
-8
103
64
-48
-78
-54
7
108
111
-64
-164
-30
173
143
-68
-170
-2
178
135
-64
-140
-75
18
106
127
-16
-142
-139
41
184
81
-86
-151
-35
100
100
-13
-110
-86
51
148
54
-95
-131
-36
120
146
-24
-188
-105
140
232
16
-244
-169
159
289
26
-238
-185
63
165
103
-27
-161
-132
36
105
68
-42
-93
-62
-15
62
120
17
-99
-125
6
147
111
-69
-135
-56
88
181
38
-223
-175
137
234
18
-231
-184
104
244
1