#4
442
-46
-301
-4
371
293
-18
-57
164
220
13
-68
164
359
149
-167
-73
237
346
92
-147
23
331
249
-100
-157
99
400
342
-93
-346
-7
454
447
-36
-340
-73
354
373
13
-140
35
225
152
-44
-2
241
234
-56
-174
124
425
264
-188
-238
165
446
212
-162
-140
211
376
70
-226
-50
401
447
-50
-449
-145
532
613
-20
-430
-142
349
419
69
-152
-6
210
110
-39
45
284
257
-129
-283
112
525
335
-238
-376
86
537
320
-286
-351
229
534
159
-354
-213
354
486
23
-300
-34
317
232
-26
-57
158
216
12
-154
72
399
270
-179
-353
71
579
394
-239
-463
43
570
428
-180
-420
2
474
313
-175
-235
148
342
92
-217
-95
274
329
10
-238
-72
225
267
119
-32
-41
23
39
30
129
263
103
-174
-191
129
415
246
-190
-295
50
369
243
-64
-112
34
84
72
115
131
37
-36
35
95
124
74
19
49
136
80
-53
-51
83
208
197
12
-203
-123
197
338
119
-188
-186
92
289
166
-54
-109
31
118
107
78
43
32
-11
-6
76
162
157
-12
-109
4
164
188
48
-63
-12
115
145
-9
-71
137
285
65
-289
-231
259
497
173
-314
-286
158
413
174
-186
-165
133
202
36
-65
101
218
18
-223
-68
318
359
-32
-377
-153
363
423
-102
-394
-35
436
292
-246
-352
161
503
153
-337
-210
235
339
56
-175
-34
182
146
-46
-77
114
285
47
-281
-160
323
453
9
-445
-220
407
525
-13
-475
-219
375
447
-47
-378
-66
333
224
-154
-242
91
369
168
-236
-292
95
408
229
-153
-244
32
216
71
-62
35
156
26
-175
-72
235
299
-4
-270
-164
178
308
114
-138
-179
16
180
188
17
-113
-20
175
97
-67
-75
118
234
66
-187
-148
126
211
27
-63
56
72
-104
-125
158
301
38
-290
-219
173
364
144
-210
-247
46
282
190
-75
-189
-30
166
118
16
-25
22
41
5
24
80
88
29
-28
35
51
21
-24
65
161
86
-163
-214
85
366
220
-154
-296
-52
283
283
3
-167
-87
59
108
74
75
61
-43
-121
-48
199
292
2
-265
-181
186
342
0
-279
-94
239
235
-99
-240
27
318
146
-152
-130
28
122
144
45
-41
-51
35
84
82
62
63
-4
-127
-68
160
276
58
-251
-231
168
409
122
-295
-274
135
365
92
-221
-144
141
176
-25
-141
-1
143
133
-19
-181
-115
132
309
147
-205
-261
49
213
121
-4
-61
-44
-31
3
105
140
29
-129
-142
24
219
186
-50
-226
-119
149
268
75
-198
-136
153
205
-12
-162
-38
226
200
-103
-258
-84
263
241
-40
-155
-102
27
78
81
89
21
-121
-138
34
204
147
-94
-193
-60
177
191
-22
-150
-70
74
142
81
-24
-70
-5
63
49
31
1
38
44
22
-24
-26
33
114
116
19
-182
-184
98
333
190
-131
-266
-100
193
278
72
-153
-186
6
175
150
9
-65
-37
-31
-11
92
164
63
-153
-204
75
293
75
-196
-141
115
190
-25
-190
-10
227
114
-82
-80
-7
50
88
90
31
-68
-83
25
131
132
23
-83
-148
-12
210
186
-36
-219
-131
163
298
86
-208
-234
38
266
150
-137
-164
30
145
37
-93
-61
95
140
-11
-158
-120
83
256
169
-149
-280
-32
185
156
24
-84
-102
-30
44
102
85
15
-77
-126
-40
123
218
52
-202
-203
62
272
160
-164
-223
86
231
44
-173
-94
196
238
-73
-328
-95
293
253
-93
-205
-59
102
77
-9
-6
29
-7
-90
-66
97
187
54
-210
-204
92
296
153
-193
-266
-6
227
197
-34
-204
-57
133
108
-19
-34
16
67
18
-42
-33
24
103
95
-8
-133
-172
55
273
159
-120
-224
-65
161
172
27
-55
-62
-44
-3
66
161
86
-119
-210
-53
226
257
-16
-251
-168
139
241
-4
-179
-81
120
130
-96
-161
58
217
59
-124
-66
9
20
66
101
60
-45
-148
-25
169
159
6
-131
-154
22
211
173
-61
-214
-114
158
248
27
-195
-138
76
171
50
-111
-76
50
59
-14
-62
-22
98
119
-35
-166
-102
80
240
163
-138
-279
-85
203
203
-7
-132
-70
30
22
28
86
39
-75
-127
-50
129
202
35
-199
-220
58
295
171
-160
-280
42
289
107
-194
-195
133
324
29
-335
-223
210
297
40
-153
-196
-34
115
148
25
-93
-99
-30
13
86
113
-9
-139
-136
55
192
95
-124
-198
5
182
156
-38
-170
-60
107
89
-22
-50
17
55
32
-36
-55
9
102
122
-5
-160
-174
34
258
180
-81
-186
-124
61
187
143
-29
-175
-145
49
200
127
-65
-135
-61
57
88
84
29
-91
-123
26
150
25
-128
-67
107
117
-75
-172
6
221
110
-101
-131
-47
86
115
44
-6
-30
-76
-9
124
141
22
-116
-158
-25
189
212
-21
-223
-149
114
247
91
-162
-192
3
192
100
-88
-119
3
75
15
-41
-37
66
93
-17
-140
-95
69
180
149
-68
-235
-97
105
140
48
-32
-62
-94
-54
91
194
56
-190
-197
18
194
190
-12
-220
-177
36
234
175
-98
-242
-14
209
129
-127
-183
59
276
74
-269
-234
118
280
106
-141
-215
-75
113
155
57
-91
-119
-71
37
113
74
-50
-125
-59
57
108
64
-40
-121
-78
74
140
46
-78
-131
-7
113
80
-18
-41
20
36
-14
-54
-21
68
142
42
-156
-217
-12
282
254
-91
-284
-152
128
262
106
-118
-177
-48
87
112
50
-3
-34
-80
-81
67
175
105
-108
-225
-50
201
167
-104
-180
-13
172
67
-143
-116
117
167
-24
-108
-62
-5
83
126
67
-87
-142
-26
140
172
37
-111
-164
-59
156
215
32
-161
-201
19
235
182
-116
-261
-59
201
189
-94
-179
-35
93
88
-30
-114
-23
122
110
-93
-196
-57
217
242
-51
-282
-144
111
168
88
-44
-112
-65
-20
44
120
102
-92
-207
-77
177
229
-13
-222
-166
47
215
150
-102
-221
11
201
69
-115
-144
71
235
68
-230
-227
92
265
115
-110
-244
-92
105
136
59
-50
-86
-88
-14
88
100
17
-114
-135
6
143
117
-52
-176
-84
97
176
33
-123
-121
56
97
32
-42
-53
30
77
0
-62
-39
55
120
59
-107
-231
-64
249
258
-49
-214
-105
43
108
117
33
-74
-133
-43
118
165
26
-135
-125
-15
120
137
54
-105
-168
-26
164
116
-139
-112
75
129
-37
-169
-35
208
137
-128
-161
41
83
36
25
15
-13
-76
-31
82
121
42
-66
-131
-57
99
175
86
-124
-200
-7
191
171
-52
-224
-96
123
164
-9
-141
-42
75
58
-66
-71
23
116
62
-138
-175
16
216
195
-94
-257
-106
119
139
80
-39
-115
-107
-17
130
151
18
-167
-188
4
177
152
-7
-160
-159
-14
174
210
-41
-243
-73
179
150
-101
-170
60
227
77
-222
-229
87
244
104
-137
-171
-18
58
47
36
11
-41
-89
-91
30
149
92
-110
-220
-34
195
174
-57
-227
-119
138
210
18
-160
-97
70
98
-21
-66
38
89
24
-100
-77
58
104
95
1
-126
-181
-48
196
230
-6
-163
-168
-34
171
203
24
-174
-174
6
154
147
1
-117
-110
-42
114
156
56
-111
-175
-48
178
113
-88
-133
15
113
3
-138
-35
161
123
-115
-92
63
18
-41
12
117
86
-118
-178
64
220
129
-88
-218
-103
140
260
76
-210
-207
22
235
156
-97
-196
-73
125
126
-17
-96
-29
22
8
-25
-10
41
36
9
-55
-86
-64
96
186
68
-171
-230
-9
188
192
9
-170
-173
4
125
112
28
-113
-129
-55
81
177
83
-118
-212
-64
170
210
0
-209
-111
140
177
-47
-199
-26
235
177
-153
-317
-7
277
165
-83
-209
-127
79
148
82
-72
-136
-46
27
31
47
43
-45
-143
-63
108
152
22
-168
-178
50
224
112
-131
-190
9
139
76
-48
-54
35
66
-34
-76
-42
88
158
45
-138
-217
-35
214
228
-14
-210
-159
53
190
112
-56
-108
-70
7
86
88
30
-52
-136
-81
111
197
77
-120
-198
-50
179
134
-133
-155
44
177
19
-176
-103
153
169
-31
-116
-44
-9
40
92
104
-11
-166
-122
94
227
92
-100
-187
-73
112
196
99
-121
-231
-66
213
251
-43
-272
-159
120
243
38
-170
-102
29
79
-17
-58
-1
59
44
-52
-128
-67
112
236
66
-223
-249
36
217
126
-73
-149
-53
19
42
59
55
-28
-122
-106
14
160
158
-43
-233
-169
119
295
80
-232
-223
141
263
4
-236
-111
209
231
-115
-313
-26
267
142
-93
-183
-96
66
97
56
-10
-64
-79
-64
-8
82
125
-15
-167
-107
90
190
53
-164
-184
26
211
125
-103
-178
-28
135
95
-47
-55
21
39
11
-50
-32
47
106
53
-78
-179
-111
137
277
67
-185
-192
-2
152
145
9
-102
-114
-20
53
115
86
-55
-141
-115
79
211
104
-129
-214
-35
192
131
-123
-151
36
161
16
-188
-102
143
185
-30
-126
-47
-1
30
101
107
2
-178
-145
100
247
107
-133
-227
-75
165
264
53
-229
-212
44
248
147
-114
-221
-47
148
134
-47
-127
-34
68
49
-72
-78
19
105
60
-70
-147
-87
96
222
88
-149
-227
-51
156
145
57
-111
-186
-65
90
200
101
-141
-232
-72
139
204
56
-129
-189
-83
136
215
65
-190
-193
90
222
28
-179
-115
170
234
-84
-332
-93
235
220
0
-188
-176
17
123
97
-5
-91
-72
-61
0
111
121
-55
-200
-106
132
199
47
-175
-209
19
200
144
-69
-178
-51
115
98
10
-78
-21
93
19
-99
-78
55
177
126
-96
-275
-149
197
330
65
-239
-221
20
178
165
-12
-135
-87
-4
70
99
43
-52
-89
-63
16
131
124
-49
-175
-108
104
178
-12
-174
-67
133
120
-135
-171
100
203
1
-119
-79
-10
73
83
28
-5
-88
-85
45
142
99
-17
-119
-129
40
195
141
-102
-216
-81
178
231
7
-233
-193
88
213
65
-101
-93
-2
38
22
-37
-37
52
67
-19
-162
-99
114
237
77
-207
-225
2
161
126
15
-111
-135
-56
92
141
72
-97
-170
-95
87
211
87
-138
-217
-71
138
218
58
-209
-180
138
230
-27
-231
-76
207
218
-77
-309
-112
191
206
59
-150
-219
-50
150
186
7
-167
-151
1
96
84
17
-42
-87
-116
27
178
132
-130
-270
-53
228
238
-53
-262
-98
157
158
-41
-100
22
72
5
-89
-45
68
119
60
-88
-177
-111
128
256
88
-158
-186
-34
126
138
19
-61
-80
-71
31
123
103
-8
-149
-133
39
189
125
-59
-187
-96
98
177
-8
-169
-72
94
113
-81
-160
27
199
74
-156
-81
56
47
14
-3
48
-2
-87
-78
106
199
47
-183
-211
41
266
170
-115
-256
-105
192
274
-8
-260
-172
101
244
51
-166
-132
50
103
-18
-68
-32
72
73
-46
-137
-109
62
238
159
-148
-311
-106
187
243
31
-169
-160
-21
93
123
67
-42
-135
-133
17
157
169
-34
-248
-173
110
284
107
-208
-219
105
213
9
-205
-99
206
253
-94
-351
-140
277
300
-42
-280
-152
100
153
46
-92
-73
13
-25
-64
33
110
40
-127
-157
8
205
144
-122
-257
-49
212
196
-59
-217
-44
149
87
-58
-93
53
132
-2
-138
-119
95
198
77
-93
-221
-118
115
224
122
-86
-181
-142
77
240
126
-113
-218
-91
127
209
68
-135
-180
-47
139
168
29
-82
-147
-66
121
168
-67
-218
-43
186
130
-145
-213
47
242
70
-165
-79
39
19
34
49
67
-17
-174
-96
163
222
53
-168
-251
18
287
207
-133
-300
-72
219
216
-23
-193
-117
70
108
10
-51
-6
-10
-33
-34
15
48
69
-16
-73
-85
-30
25
109
144
-10
-213
-159
54
193
135
-78
-202
-88
91
139
82
-42
-147
-121
28
139
152
-13
-195
-178
38
278
157
-181
-257
51
277
89
-219
-193
175
290
-21
-342
-154
239
234
-71
-184
-52
36
18
-4
58
72
-51
-190
-81
145
216
1
-251
-191
104
272
95
-227
-240
28
237
153
-87
-163
-58
81
79
23
-1
-11
-21
-21
8
20
-16
24
88
51
-120
-213
-12
247
222
-64
-242
-164
86
232
128
-107
-201
-93
101
177
106
-69
-200
-125
95
225
93
-118
-180
-57
122
143
-56
-165
-30
126
101
-104
-181
39
235
57
-157
-64
-2
12
74
96
44
-75
-156
-51
165
203
24
-169
-174
-11
214
200
-45
-242
-152
150
252
64
-189
-196
15
201
104
-89
-127
-14
70
0
-45
-16
42
61
-19
-83
-106
-11
158
187
-23
-240
-174
92
196
84
-68
-139
-88
31
104
112
11
-129
-150
-11
129
160
13
-144
-185
-20
190
205
-55
-250
-56
187
154
-86
-205
23
259
104
-267
-260
128
290
65
-153
-186
-35
111
80
5
-44
-75
-61
-31
69
99
29
-112
-156
6
158
149
-72
-251
-109
180
226
-10
-218
-100
123
150
-16
-131
-13
110
79
-87
-143
9
180
165
-37
-250
-190
90
281
146
-126
-222
-84
119
159
60
-60
-107
-104
34
181
120
-58
-184
-113
90
190
110
-95
-205
-80
116
192
-14
-188
-74
127
145
-108
-217
24
254
100
-152
-122
-2
62
67
57
20
-44
-109
-38
126
139
56
-98
-189
-50
169
228
-2
-228
-179
110
283
89
-192
-220
10
190
132
-73
-137
-30
66
29
-41
-41
13
83
29
-81
-136
-47
151
212
15
-260
-207
79
196
105
-63
-149
-100
22
123
109
-4
-128
-131
-44
105
202
61
-183
-254
-17
289
228
-133
-336
-39
315
164
-193
-250
93
348
87
-353
-276
184
311
51
-175
-199
-36
87
101
40
-46
-77
-88
-31
63
111
42
-137
-175
-1
206
167
-111
-257
-88
205
207
-44
-197
-84
121
106
-23
-62
5
69
38
-64
-79
31
125
88
-4
-137
-196
-26
234
261
-46
-266
-144
86
183
80
-68
-103
-61
10
83
123
61
-96
-191
-59
209
212
-48
-239
-129
144
219
-37
-195
-49
124
95
-91
-201
34
237
94
-150
-106
29
35
33
17
77
1
-126
-65
91
162
88
-93
-222
-96
224
277
-2
-287
-211
120
307
114
-201
-234
27
198
84
-119
-123
35
88
-22
-75
-6
77
58
-34
-108
-104
-5
162
209
-28
-244
-192
73
204
141
-62
-202
-143
56
207
140
-95
-223
-80
117
147
32
-53
-99
-88
-15
115
143
-10
-185
-52
149
112
-70
-144
46
212
76
-220
-247
82
238
121
-55
-190
-128
26
120
129
-17
-179
-144
8
164
144
-24
-200
-135
90
166
57
-93
-143
-35
102
117
17
-92
-85
9
76
56
-24
-43
13
54
-4
-80
-40
79
150
48
-153
-231
-34
223
261
-10
-264
-186
49
234
155
-72
-174
-131
62
178
73
-50
-98
-70
5
79
108
35
-120
-130
29
141
69
-141
-119
88
140
-43
-180
-28
187
128
-94
-140
-13
42
38
70
39
-20
-93
-65
55
140
120
-42
-186
-136
133
273
65
-233
-224
37
275
178
-128
-266
-73
202
163
-61
-152
-38
79
26
-39
-28
8
61
28
-75
-122
-37
133
208
42
-225
-227
18
205
169
-44
-186
-118
34
130
105
-21
-104
-105
-22
71
141
63
-101
-198
-83
162
264
-5
-275
-134
202
212
-74
-217
9
256
129
-254
-295
82
298
118
-134
-202
-74
97
129
22
-59
-65
-64
-42
-5
101
115
-46
-183
-117
133
211
22
-210
-203
71
230
113
-123
-161
3
93
58
-23
-32
14
30
-26
-50
-20
75
138
41
-138
-220
-73
248
274
-45
-230
-180
52
220
138
-73
-164
-105
42
142
108
11
-115
-135
-28
146
173
7
-147
-148
14
171
88
-147
-144
76
190
4
-217
-124
166
207
-53
-137
-12
-1
-1
77
113
39
-136
-158
21
210
193
-41
-276
-191
174
362
85
-306
-288
84
323
148
-179
-230
-31
166
139
-53
-134
-26
94
14
-80
-38
54
89
1
-100
-118
-41
118
210
50
-205
-229
18
185
159
-21
-168
-134
0
122
125
5
-113
-117
-24
63
117
78
-64
-174
-105
123
225
33
-220
-126
133
153
-22
-176
-32
201
140
-149
-263
28
252
106
-111
-158
-65
25
64
76
18
-60
-114
-89
49
164
92
-137
-224
-20
184
186
-29
-230
-175
94
264
74
-174
-163
45
132
51
-74
-46
58
49
-3
-72
-57
79
155
40
-118
-206
-59
198
237
-16
-197
-127
-6
128
155
27
-104
-170
-46
180
202
-14
-187
-152
26
173
123
-15
-115
-113
9
140
60
-137
-86
91
120
-51
-203
-25
213
142
-99
-159
5
35
43
56
46
26
-99
-112
28
192
155
-45
-247
-174
167
327
72
-270
-244
72
274
128
-152
-214
3
165
94
-93
-103
18
61
5
-82
-53
67
107
5
-114
-130
-22
115
189
68
-185
-263
-29
235
177
-44
-163
-102
20
56
78
80
-40
-144
-103
25
177
163
-98
-252
-134
158
275
39
-220
-163
117
216
-29
-192
-57
227
190
-162
-317
-54
285
208
-83
-226
-129
78
106
47
12
-55
-88
-100
9
158
122
-120
-251
-37
211
190
-65
-252
-125
157
215
-1
-150
-95
72
96
-12
-51
17
49
-1
-30
-41
-7
50
99
77
-84
-214
-131
157
291
77
-194
-219
-27
177
196
18
-167
-157
-23
153
163
12
-122
-126
-37
111
140
45
-93
-162
-34
152
123
-75
-152
-15
116
61
-100
-113
70
151
-4
-74
-41
-30
32
69
65
9
-75
-91
23
138
138
-4
-203
-206
114
314
145
-229
-315
1
325
217
-130
-274
-102
181
191
-27
-155
-83
66
74
-22
-51
-14
56
50
-67
-151
-38
142
168
53
-147
-227
-31
178
147
1
-125
-125
-5
73
100
64
-61
-147
-97
54
176
125
-105
-233
-96
165
231
31
-208
-181
140
247
-11
-245
-100
211
252
-92
-356
-98
244
227
-8
-193
-197
2
131
140
25
-108
-164
-57
105
171
22
-157
-158
-19
151
123
-17
-149
-122
49
141
68
-46
-90
-27
24
53
22
-17
3
28
9
-52
-73
60
160
77
-114
-236
-107
176
292
60
-222
-205
10
157
157
-1
-105
-101
-28
82
102
37
-36
-101
-88
25
165
149
-59
-211
-130
125
211
-30
-206
-51
170
114
-162
-201
109
258
16
-188
-85
31
60
76
60
25
-114
-125
42
210
153
-75
-250
-127
155
265
70
-192
-244
9
256
216
-95
-274
-110
168
207
-39
-172
-44
87
69
-81
-107
38
121
55
-70
-148
-74
66
186
127
-127
-235
-80
132
182
63
-106
-167
-58
82
128
68
-66
-131
-43
8
83
137
19
-159
-189
28
241
157
-147
-230
42
221
79
-151
-151
119
243
-33
-295
-117
224
217
-38
-188
-144
53
99
51
-31
-58
-53
-39
-10
41
121
48
-157
-181
39
235
99
-161
-223
-2
237
142
-124
-200
8
142
52
-56
-40
42
56
-5
-72
-44
65
118
66
-76
-179
-123
97
246
121
-123
-204
-81
112
187
62
-104
-121
-48
35
128
107
-13
-131
-148
21
182
174
-49
-234
-123
124
205
-20
-198
-54
110
100
-90
-161
51
188
39
-98
-62
-49
-7
111
118
24
-113
-137
15
174
151
-28
-189
-171
94
267
108
-168
-237
-10
219
185
-67
-202
-103
111
163
-18
-105
-29
33
-3
-61
-4
60
34
3
-37
-72
-99
13
192
154
-75
-269
-132
135
209
70
-153
-155
-21
79
112
42
-63
-93
-72
-3
107
144
-2
-179
-160
50
249
121
-189
-210
114
213
7
-184
-112
168
246
-60
-332
-128
225
211
-14
-161
-160
-6
106
104
41
-63
-123
-116
15
170
121
-89
-225
-94
153
214
23
-196
-183
50
196
110
-87
-154
-13
128
49
-32
-57
26
56
12
-69
-79
41
151
94
-48
-194
-161
64
264
185
-113
-243
-116
114
218
80
-95
-173
-101
103
183
83
-83
-127
-70
32
120
93
-11
-132
-116
44
157
27
-133
-83
74
119
-52
-163
-2
181
99
-108
-88
-21
-21
74
130
62
-69
-172
-53
154
196
50
-170
-211
16
245
184
-88
-249
-80
150
184
30
-124
-137
0
102
75
-29
-60
-26
3
-1
-6
24
29
3
-6
-74
-82
-9
143
172
-61
-221
-122
76
174
117
-40
-188
-139
69
183
122
-78
-191
-119
74
177
103
-69
-183
-119
65
220
108
-137
-206
36
223
48
-167
-125
133
222
-15
-275
-146
176
227
0
-174
-157
3
128
83
-35
-82
-47
5
-5
9
40
42
-50
-137
-76
144
214
-17
-283
-164
172
271
15
-233
-136
90
142
29
-71
-35
44
46
-43
-58
14
104
82
-34
-130
-157
20
242
163
-97
-213
-106
102
181
73
-78
-115
-71
41
119
91
-22
-120
-117
19
139
146
12
-169
-182
61
230
34
-193
-113
104
152
-72
-193
11
223
86
-161
-104
30
62
34
35
38
-8
-83
-54
76
151
70
-95
-203
-65
209
244
-26
-257
-193
139
290
76
-208
-214
34
216
102
-122
-122
28
44
-6
-28
-35
19
60
26
-71
-120
-21
169
209
-50
-303
-182
192
251
10
-162
-136
-13
77
70
38
26
-50
-150
-91
101
222
70
-208
-246
29
273
178
-154
-261
41
260
82
-212
-192
166
315
-12
-368
-193
254
287
-48
-239
-130
93
99
-14
-37
14
16
-85
-115
36
152
96
-122
-229
-34
219
214
-82
-277
-139
184
253
13
-233
-112
119
125
-22
-90
20
87
14
-64
-73
33
134
100
-44
-178
-159
33
262
179
-119
-200
-92
83
159
80
-29
-129
-103
6
127
125
15
-123
-130
-12
115
169
53
-175
-218
13
262
116
-180
-176
43
189
16
-170
-83
128
126
-31
-68
-61
-36
92
128
45
-86
-162
-11
161
160
21
-148
-179
13
217
174
-75
-214
-115
123
221
47
-177
-163
33
163
64
-103
-71
50
42
-42
-71
18
90
38
-59
-112
-74
26
152
152
-14
-224
-193
88
219
96
-99
-189
-64
111
117
34
-60
-93
-65
-21
62
142
62
-134
-195
-21
220
164
-47
-212
-57
176
86
-94
-134
42
233
87
-238
-247
90
261
102
-86
-200
-146
53
187
123
-73
-180
-89
45
125
89
-51
-165
-97
78
150
41
-99
-127
-40
114
122
-2
-112
-64
40
60
0
-1
9
41
10
-64
-65
14
132
118
-24
-166
-189
9
237
220
-67
-274
-137
123
215
82
-74
-163
-97
61
148
83
-60
-94
-53
-7
68
96
65
-59
-164
-66
127
120
-60
-114
-23
88
20
-97
-40
123
62
-58
-38
-35
-16
45
92
62
-67
-137
-25
136
160
38
-120
-166
-24
155
174
12
-137
-174
0
216
150
-82
-211
-74
132
140
5
-110
-96
17
63
39
-27
-40
-2
55
-1
-121
-105
113
264
44
-263
-247
80
252
114
-111
-170
-48
48
60
93
30
-98
-150
-55
106
169
74
-120
-225
-79
196
264
-36
-309
-101
259
217
-135
-296
25
352
160
-304
-331
108
336
143
-162
-276
-58
148
118
10
-65
-73
-52
-38
48
113
60
-102
-165
-36
151
160
-40
-209
-136
101
204
80
-133
-142
17
110
44
-49
-16
23
44
-30
-85
-24
123
137
10
-161
-218
0
254
231
-76
-251
-119
101
178
77
-87
-96
-61
22
87
63
24
-43
-93
-89
33
199
139
-113
-271
-67
251
199
-149
-269
22
249
57
-227
-136
163
188
-41
-123
-65
6
79
94
54
-23
-115
-101
63
165
152
-50
-256
-167
181
333
49
-273
-239
84
296
125
-163
-226
-20
168
110
-56
-76
15
34
-46
-90
21
91
50
-44
-95
-82
-11
117
178
30
-179
-195
-2
161
158
-15
-172
-142
39
108
103
28
-110
-139
-46
107
151
67
-116
-228
-63
203
227
-41
-263
-97
217
190
-104
-235
10
292
152
-240
-309
58
280
129
-99
-225
-99
97
137
24
-62
-92
-53
-14
21
116
68
-101
-185
-64
160
203
-5
-226
-183
87
213
92
-122
-145
40
104
2
-32
-15
36
46
-23
-71
-38
89
132
40
-131
-220
-58
210
280
-2
-236
-169
33
197
136
-28
-128
-111
-19
124
143
21
-88
-145
-55
119
173
34
-131
-145
-13
144
109
-97
-115
11
114
8
-125
-56
120
127
-48
-120
-36
26
64
86
63
-36
-132
-76
89
177
78
-67
-166
-117
121
233
78
-173
-206
20
200
164
-62
-211
-107
125
167
-14
-122
-62
31
10
-10
-24
23
77
12
-109
-137
-7
161
167
-13
-198
-143
81
104
27
-4
-43
-54
-77
5
122
100
-50
-184
-110
91
207
78
-135
-211
-81
155
235
10
-213
-102
125
123
-44
-146
6
212
111
-200
-265
70
241
101
-64
-150
-104
14
61
72
55
-48
-149
-108
79
175
62
-143
-194
-21
202
163
-65
-225
-126
116
195
58
-117
-123
1
93
68
-9
-37
6
26
12
-37
-62
40
133
80
-85
-217
-107
157
276
53
-193
-186
-34
180
221
5
-191
-167
45
178
93
-47
-87
-58
-41
33
134
128
-45
-185
-129
120
201
-45
-168
-53
120
73
-116
-90
95
130
-29
-110
-16
35
42
33
6
48
-25
-117
-24
143
176
-20
-218
-152
110
265
106
-169
-241
-44
221
238
-45
-238
-145
93
202
43
-125
-106
3
63
1
-45
-17
43
63
-27
-121
-78
58
198
123
-162
-285
-37
230
186
-53
-175
-107
65
102
34
1
-28
-90
-78
-7
119
178
-14
-232
-196
114
303
90
-226
-196
123
209
-9
-186
-78
180
212
-128
-320
-42
281
181
-102
-182
-96
69
113
13
-28
-37
-53
-81
-28
116
128
-26
-203
-127
135
198
34
-177
-186
20
220
133
-110
-183
-5
109
61
-29
-19
26
33
-21
-38
-44
29
115
98
-54
-230
-148
158
290
73
-197
-197
-12
161
150
-14
-110
-93
-40
84
133
61
-103
-134
-21
91
136
36
-77
-133
-46
123
105
-83
-160
25
150
27
-151
-111
109
165
-45
-95
-6
4
4
65
72
20
-83
-115
13
139
143
8
-184
-171
74
240
161
-130
-279
-71
253
240
-81
-258
-96
151
153
-41
-127
-13
67
-3
-68
-23
66
66
-10
-87
-103
-22
84
153
87
-152
-238
-7
210
124
-54
-134
-65
25
47
48
44
0
-85
-131
-6
146
153
-26
-206
-154
94
256
73
-204
-155
128
178
-37
-198
-24
243
183
-186
-321
11
306
150
-139
-213
-52
101
65
-19
0
27
-43
-120
-61
123
156
-37
-206
-121
94
194
60
-146
-182
-11
168
150
-44
-157
-55
54
87
-2
-23
20
27
-18
-75
-14
108
103
11
-100
-141
-83
92
223
124
-162
-236
-31
201
196
-28
-171
-101
26
97
86
48
-47
-128
-92
54
186
129
-90
-219
-83
163
168
-98
-166
-1
136
66
-144
-127
120
179
-51
-113
7
5
-9
27
69
81
-73
-147
-10
160
168
-13
-166
-161
33
241
137
-110
-212
-66
148
194
19
-165
-164
28
170
81
-90
-84
-14
27
-7
-11
11
31
23
-29
-97
-73
51
166
119
-92
-228
-102
146
178
22
-116
-133
-33
104
102
16
-84
-96
-49
17
111
118
-24
-155
-147
48
226
119
-169
-216
69
233
57
-178
-157
156
287
-38
-367
-169
256
270
-2
-186
-184
5
108
94
43
-75
-129
-64
15
98
104
-9
-165
-147
69
202
74
-166
-192
7
177
88
-59
-84
0
41
-5
10
47
46
-43
-47
12
-3
-5
73
93
3
-154
-203
54
308
193
-172
-300
-69
191
210
36
-176
-160
5
145
152
-1
-121
-103
1
52
98
49
-30
-103
-65
39
102
-21
-75
13
67
21
-117
-122
91
174
27
-101
-79
-39
46
125
87
-21
-119
-114
62
149
86
-31
-85
-119
-17
161
184
-16
-227
-164
105
265
104
-182
-230
2
209
120
-102
-138
-32
72
58
-36
-59
12
80
14
-134
-144
64
252
124
-150
-253
-67
158
155
38
-103
-129
-42
41
129
99
-53
-163
-107
62
125
89
-14
-132
-132
18
190
147
-111
-195
34
166
13
-144
-64
166
196
-91
-300
-78
249
192
-49
-160
-148
7
115
74
-7
-80
-72
-36
8
59
75
19
-94
-150
-35
149
164
-43
-216
-109
130
196
20
-158
-123
62
116
25
-55
-22
46
41
-72
-78
36
146
102
-74
-194
-130
80
245
147
-121
-188
-97
67
186
96
-62
-145
-98
38
122
135
-5
-183
-139
68
221
125
-81
-199
-109
96
192
-11
-177
-78
128
120
-79
-189
-6
190
96
-57
-96
-80
18
125
116
2
-130
-152
48
185
126
2
-130
-157
-31
173
226
-32
-250
-164
157
287
19
-232
-161
91
180
4
-114
-34
62
25
-92
-63
78
89
-4
-78
-101
-39
41
133
164
-40
-251
-169
126
233
67
-108
-178
-59
76
130
78
-48
-139
-110
15
157
143
-39
-176
-160
45
214
158
-121
-222
41
197
38
-157
-125
138
239
-17
-305
-143
185
199
22
-116
-162
-23
83
55
23
-13
-68
-88
-62
60
165
53
-159
-216
10
229
170
-122
-263
-80
193
205
-30
-186
-82
109
88
-37
-37
29
52
-16
-73
-28
51
98
64
-47
-113
-139
1
224
188
-65
-235
-139
116
220
90
-133
-164
-43
101
115
36
-35
-73
-98
-3
131
135
-7
-164
-116
80
169
-15
-172
-37
138
88
-133
-187
53
243
95
-193
-137
77
102
0
-29
38
33
-68
-92
43
181
128
-91
-245
-65
208
231
-29
-221
-144
90
227
88
-133
-165
-10
104
66
-10
-48
-32
-13
-20
2
5
33
53
-16
-111
-115
35
197
175
-58
-277
-196
148
278
67
-193
-177
17
120
76
20
-53
-90
-66
31
62
41
47
-34
-115
-92
97
203
3
-183
-79
91
124
-2
-134
-3
176
78
-184
-185
42
164
153
-25
-228
-158
59
200
109
-93
-179
-77
63
96
53
-34
-108
-65
20
82
71
-18
-121
-86
53
143
79
-108
-119
2
70
67
10
-8
-4
-20
0
-14
6
48
79
29
-87
-186
-68
216
245
-31
-239
-172
67
235
108
-96
-155
-79
73
169
86
-96
-151
-44
69
109
70
3
-87
-155
-16
172
90
-119
-130
35
145
-11
-186
-59
183
138
-100
-96
7
4
13
61
94
4
-136
-113
69
212
116
-112
-218
-80
160
254
48
-210
-229
24
267
184
-118
-270
-87
212
184
-68
-185
-61
121
80
-89
-86
25
113
47
-124
-155
-13
180
221
-39
-254
-191
114
223
43
-100
-114
-30
37
53
47
28
-26
-113
-87
56
157
86
-87
-181
-87
133
198
0
-179
-53
104
80
-49
-123
59
209
49
-261
-225
144
295
72
-201
-220
-6
173
72
-64
-80
3
26
-68
-66
78
136
-19
-194
-123
129
203
4
-193
-165
84
225
58
-141
-124
51
100
15
-61
-15
77
52
-79
-106
9
164
117
-37
-161
-167
11
221
219
-55
-261
-120
120
189
61
-85
-109
-77
12
124
118
10
-118
-122
-17
135
162
13
-167
-172
42
208
57
-173
-110
102
147
-49
-234
-27
249
142
-144
-147
5
74
52
31
29
10
-73
-96
33
158
139
-51
-226
-121
179
255
14
-224
-195
60
247
144
-123
-246
-55
185
155
-64
-133
-11
61
-14
-84
-37
95
112
-14
-143
-128
22
184
176
-23
-242
-187
75
212
92
-52
-149
-98
11
89
90
6
-84
-102
-34
78
122
42
-98
-137
-52
125
207
5
-245
-140
193
226
-78
-228
-26
255
153
-239
-284
109
297
54
-176
-166
11
108
23
-23
9
-3
-77
-109
-12
154
140
-102
-232
-57
156
197
-35
-236
-111
116
174
35
-118
-87
24
50
13
-13
29
36
-8
-65
-28
41
84
72
-12
-108
-143
-20
150
212
18
-210
-187
50
245
144
-102
-183
-66
64
122
88
-16
-120
-63
4
75
101
45
-78
-155
-31
158
75
-121
-90
94
100
-77
-163
12
198
83
-107
-84
-17
5
62
99
67
-60
-171
-32
143
145
36
-74
-133
-83
103
226
74
-172
-210
14
213
151
-86
-185
-78
120
115
-15
-59
-36
7
-14
-24
-5
17
57
34
-71
-150
-47
150
216
16
-221
-192
42
166
103
-26
-135
-91
12
95
105
-4
-100
-95
-32
42
120
53
-68
-134
-67
79
155
52
-152
-110
110
120
-49
-143
17
209
106
-209
-253
72
252
114
-91
-220
-121
84
154
48
-65
-87
-40
-8
2
81
43
-60
-125
-57
93
147
28
-156
-145
25
155
103
-65
-134
-8
67
41
9
11
15
2
-30
-56
-24
71
135
77
-101
-229
-119
184
316
63
-262
-221
35
207
143
-30
-135
-126
-7
133
135
14
-114
-127
-12
134
119
-7
-91
-114
-39
132
135
-73
-168
-7
124
59
-129
-113
112
153
7
-102
-115
-20
113
124
19
-71
-115
-5
96
85
33
-10
-81
-112
49
186
81
-92
-197
-43
151
184
3
-173
-135
17
151
85
-53
-88
-41
2
13
7
5
44
32
-65
-137
-57
118
214
42
-185
-205
24
182
79
-49
-96
-72
-11
59
102
45
-94
-130
-31
54
95
103
-36
-198
-117
155
245
-1
-251
-119
186
187
-87
-209
0
241
160
-185
-285
16
245
161
-56
-197
-126
47
96
77
10
-73
-114
-67
41
115
93
-56
-182
-97
89
201
74
-160
-213
-11
221
170
-72
-187
-78
81
116
37
-47
-37
25
20
-33
-46
46
136
83
-95
-213
-116
173
281
53
-224
-196
-4
164
177
-5
-143
-138
7
120
114
27
-96
-109
-62
69
178
70
-115
-169
-33
164
96
-127
-133
68
160
-11
-216
-89
193
185
-75
-169
-7
67
11
20
63
48
-74
-145
4
160
184
0
-214
-197
90
273
121
-146
-228
-46
205
203
-24
-206
-148
70
176
45
-119
-71
31
13
-42
-29
17
74
38
-72
-125
-52
99
208
68
-185
-271
1
259
129
-96
-148
-40
49
31
40
58
-24
-127
-122
52
191
112
-83
-219
-123
144
249
28
-228
-141
156
191
-42
-204
-44
267
169
-200
-300
22
265
125
-65
-159
-117
25
80
68
46
-85
-129
-62
56
130
64
-98
-170
-40
128
133
16
-140
-128
22
135
88
-45
-94
-23
26
25
4
40
44
-27
-55
-35
34
65
53
38
-21
-164
-149
102
274
100
-180
-194
-14
116
155
37
-77
-113
-80
55
163
90
-100
-168
-55
119
161
29
-83
-124
-50
74
106
-24
-95
-30
63
53
-76
-91
54
150
7
-106
-34
10
15
45
67
48
-56
-135
-55
156
210
57
-200
-249
60
313
168
-177
-274
-39
232
191
-69
-195
-62
81
102
-17
-49
23
9
-72
-67
46
83
17
-55
-62
-31
-16
20
97
130
-44
-239
-131
151
218
43
-144
-195
0
152
118
-17
-140
-93
39
87
37
6
-8
-80
-102
6
180
109
-139
-153
95
163
12
-162
-84
157
195
-95
-298
-86
255
240
-58
-239
-155
48
149
88
-44
-92
-57
-24
12
68
58
-35
-116
-60
52
121
34
-97
-119
-24
103
98
-12
-97
-51
52
79
-24
-43
49
66
-23
-106
-65
96
169
51
-115
-185
-102
104
256
149
-178
-271
-26
213
179
-29
-161
-105
18
125
97
12
-59
-94
-76
33
147
122
-58
-176
-94
116
178
-40
-172
-49
150
105
-163
-178
105
244
11
-176
-89
7
86
114
25
-34
-74
-81
11
119
144
33
-142
-181
-12
221
225
-64
-272
-139
170
256
36
-199
-168
29
175
70
-70
-87
-28
5
20
12
2
-2
-1
-16
-63
-69
37
164
131
-89
-278
-100
194
211
-13
-176
-118
41
60
18
57
18
-82
-137
-12
151
126
-42
-155
-123
49
191
106
-113
-190
41
178
38
-129
-108
137
211
-65
-294
-100
255
198
-81
-185
-99
89
70
-32
5
57
-31
-163
-83
116
180
28
-186
-182
58
207
100
-132
-188
-38
150
138
-35
-117
-28
38
20
10
33
40
-9
-38
-31
-10
23
91
77
-43
-202
-122
131
245
97
-203
-211
36
166
97
-25
-53
-45
-45
15
73
84
11
-112
-128
23
182
143
-51
-182
-113
83
164
-18
-144
-23
121
37
-163
-125
141
231
-24
-177
-80
7
76
116
51
-30
-97
-99
47
145
101
-23
-117
-132
18
193
151
-70
-194
-114
120
228
49
-169
-172
27
163
69
-89
-78
8
18
-26
-52
19
95
61
-57
-135
-84
63
203
142
-136
-289
-95
199
203
6
-146
-137
-12
94
94
52
-68
-127
-38
77
68
65
-16
-118
-112
29
190
113
-136
-187
65
228
20
-233
-124
239
300
-98
-398
-135
287
271
-23
-237
-187
54
145
36
-36
-35
-18
-53
-49
36
115
48
-125
-156
7
171
133
-96
-213
-75
159
174
-5
-174
-102
84
92
-33
-34
46
56
2
-103
-73
97
155
42
-103
-150
-91
56
204
137
-84
-184
-116
78
218
94
-116
-160
-71
87
145
66
-52
-125
-76
6
122
118
13
-116
-149
-6
148
84
-93
-115
31
79
-43
-74
61
126
-47
-112
19
31
-2
10
49
74
-27
-105
-56
93
135
76
-73
-193
-65
155
223
26
-194
-196
66
235
119
-130
-198
-21
148
80
-52
-59
-1
0
-38
-32
27
74
44
-46
-117
-77
30
166
179
-54
-286
-163
143
243
44
-137
-152
-21
96
111
50
-97
-132
-40
77
108
36
-35
-84
-90
11
117
113
-66
-166
30
158
37
-135
-95
142
211
-53
-290
-98
175
176
53
-94
-188
-88
60
146
99
-77
-164
-67
44
80
77
14
-99
-141
-10
129
111
-40
-181
-87
97
164
48
-124
-124
-2
113
85
-25
-47
-3
21
20
-46
-43
76
128
41
-155
-237
-23
293
265
-110
-307
-109
170
218
33
-135
-136
-37
71
114
49
-7
-73
-96
-12
98
111
25
-119
-123
19
156
49
-136
-90
61
94
-41
-123
10
145
50
-72
-48
-32
-34
47
132
92
-92
-180
-45
169
182
16
-148
-170
5
213
166
-59
-212
-117
104
204
88
-117
-165
-57
118
146
-4
-131
-86
29
78
3
-78
-19
92
54
-104
-159
-2
199
192
-70
-263
-137
141
183
60
-113
-142
-21
58
77
60
-1
-114
-123
20
167
106
-68
-167
-110
77
200
97
-138
-198
54
233
52
-203
-161
153
309
-11
-388
-220
263
326
3
-237
-202
42
139
57
-19
-47
-77
-62
10
55
43
15
-49
-87
-61
55
162
34
-172
-183
74
235
71
-160
-129
46
101
34
-44
-16
64
34
-73
-90
26
138
96
-36
-175
-147
59
219
150
-87
-173
-92
56
150
97
-27
-126
-112
30
116
97
2
-100
-92
-22
124
140
-7
-129
-108
14
115
41
-91
-47
67
60
-110
-107
76
178
48
-149
-84
57
43
-10
17
74
36
-110
-114
56
183
155
-74
-258
-131
199
289
17
-244
-215
88
284
117
-177
-212
12
177
85
-94
-75
19
38
-46
-71
26
85
41
-53
-114
-79
5
148
178
4
-242
-218
89
244
90
-80
-172
-82
58
108
111
-35
-136
-92
34
119
76
-18
-115
-116
-17
147
165
-68
-210
-11
170
94
-104
-137
80
220
12
-256
-151
155
180
26
-72
-148
-85
42
72
65
1
-98
-85
-55
64
145
45
-140
-159
13
147
108
-67
-155
-67
75
131
17
-77
-51
23
18
-13
30
63
17
-49
-65
-4
10
73
102
14
-121
-185
-37
199
254
8
-287
-170
113
224
92
-103
-133
-53
48
103
80
0
-90
-125
-28
119
169
55
-140
-197
7
216
83
-185
-129
119
168
-66
-239
-13
248
90
-143
-89
38
27
-12
45
104
12
-159
-122
102
229
109
-124
-254
-44
218
225
-31
-223
-130
106
198
40
-114
-123
-14
77
51
-25
-9
15
-51
-62
0
68
81
-15
-90
-65
-5
16
56
131
56
-183
-199
39
207
98
-94
-146
-43
83
75
7
-29
-44
-27
-26
-4
80
91
-45
-168
-99
104
206
34
-197
-88
140
109
-74
-136
51
226
51
-272
-213
151
272
11
-159
-120
-10
53
35
7
18
-15
-86
-91
16
136
79
-84
-182
-39
131
140
9
-127
-171
-11
164
154
-40
-145
-62
69
97
1
-38
-1
34
-22
-58
8
81
95
18
-112
-169
-62
173
281
26
-284
-226
89
291
140
-130
-216
-78
123
153
17
-61
-35
-9
-40
-9
104
138
-40
-201
-108
151
162
-42
-145
-39
110
37
-123
-57
108
116
-52
-65
-24
-55
45
128
84
-66
-155
-46
101
171
67
-87
-162
-82
121
200
57
-144
-175
18
183
129
-80
-153
-63
77
100
4
-53
-36
5
-10
-34
-1
48
60
-21
-111
-65
9
85
135
42
-132
-198
-17
148
137
20
-149
-126
18
109
110
17
-102
-147
-52
83
161
61
-117
-183
-57
160
209
-12
-216
-115
177
155
-77
-188
-6
246
146
-232
-297
79
293
107
-112
-156
-78
37
57
41
45
-27
-91
-104
4
139
96
-81
-158
-61
121
146
3
-161
-141
56
159
71
-55
-94
-33
32
37
45
8
7
-13
-24
-24
-2
74
97
57
-109
-224
-54
220
253
-10
-250
-161
67
182
104
-54
-129
-91
35
136
91
-54
-117
-43
47
86
36
-2
-34
-84
-57
75
101
-40
-87
-15
75
20
-110
-95
126
142
-52
-115
-28
18
66
52
47
-19
-109
-77
60
176
117
-60
-223
-125
163
271
42
-218
-200
58
220
115
-95
-179
-40
94
93
-34
-70
38
30
-60
-93
15
97
70
-46
-101
-73
2
70
158
97
-164
-260
-32
216
179
-23
-175
-140
22
152
121
-23
-128
-121
-11
119
104
6
-98
-86
-48
64
135
20
-125
-45
111
71
-93
-109
51
208
109
-227
-261
86
255
100
-92
-177
-104
55
86
63
6
-56
-120
-76
44
139
84
-72
-167
-65
80
137
47
-127
-139
6
132
85
-30
-78
-23
24
-2
18
67
43
-35
-72
-12
35
60
52
18
-54
-129
-113
59
257
140
-164
-237
-59
180
197
17
-155
-139
1
124
112
-2
-72
-90
-33
34
125
88
-45
-144
-75
60
120
-11
-93
-43
69
66
-82
-120
67
155
17
-57
-76
-67
39
145
87
-16
-162
-99
95
176
86
-47
-150
-96
68
185
83
-109
-148
-33
133
144
3
-125
-108
7
93
58
-19
-47
-44
-45
8
63
40
-38
-55
7
-9
-69
-25
149
177
-85
-280
-112
180
235
12
-191
-183
39
171
117
-56
-150
-96
31
122
79
-16
-86
-98
-3
66
105
44
-120
-118
67
129
25
-124
-82
157
161
-102
-249
-27
185
129
12
-161
-165
12
122
94
1
-86
-94
-42
11
68
96
2
-141
-130
36
154
93
-116
-188
-18
153
151
-28
-157
-54
63
75
3
-10
15
-5
-11
4
-9
-1
60
121
-8
-201
-200
97
340
160
-240
-293
-12
258
205
-80
-199
-108
60
159
95
-29
-102
-93
7
103
97
-2
-68
-80
-26
60
108
-67
-105
19
102
33
-149
-100
110
175
-42
-137
13
47
-24
19
106
98
-86
-203
-45
197
217
-2
-223
-205
94
301
150
-179
-265
-35
209
223
-46
-215
-114
67
153
21
-63
-31
-25
3
-11
-22
5
64
55
-56
-142
-84
66
218
132
-158
-282
-69
220
200
-37
-169
-112
28
121
71
0
-82
-117
-7
54
75
59
-29
-109
-97
25
168
91
-140
-125
115
145
-50
-198
-24
268
179
-225
-335
52
299
99
-86
-130
-79
22
43
62
30
-60
-93
-61
12
88
82
-22
-108
-104
9
142
81
-83
-159
-11
138
87
-42
-77
-13
17
-6
7
69
76
-30
-115
-52
47
100
96
13
-88
-140
-90
81
213
121
-127
-244
-36
205
165
-54
-154
-76
54
114
59
-18
-80
-64
7
66
77
11
-57
-80
-21
95
57
-123
-87
103
138
-58
-215
-85
192
215
-67
-214
-21
80
52
33
24
19
-47
-107
-24
130
169
30
-173
-190
45
252
132
-127
-202
-41
153
157
-3
-135
-129
27
109
55
-32
-33
-31
-20
-8
8
16
34
7
-41
-86
-59
37
174
116
-101
-230
-103
160
193
37
-139
-173
-8
110
105
44
-62
-126
-85
56
149
96
-73
-186
-74
107
173
23
-147
-104
115
132
-53
-141
-8
210
159
-149
-319
-18
308
174
-145
-190
-52
94
43
-35
13
58
-4
-148
-126
79
218
68
-188
-187
28
172
127
-88
-218
-71
149
171
-6
-135
-81
33
66
31
22
7
-25
-34
-5
11
21
55
72
13
-157
-207
20
259
234
-91
-287
-118
122
229
88
-125
-191
-55
152
177
1
-163
-113
52
101
60
-8
-45
-60
-45
25
87
-3
-87
-24
47
50
-73
-90
67
127
-9
-99
-9
15
-27
49
95
68
-62
-184
-51
173
190
44
-187
-189
39
232
162
-97
-213
-89
136
179
63
-124
-174
-10
127
85
-25
-61
-34
-17
-11
11
30
-1
12
-16
-57
-81
-3
143
188
-49
-260
-167
126
255
101
-174
-250
-22
215
173
-33
-190
-124
73
128
21
-51
-39
-1
-8
-32
54
92
-26
-133
17
150
51
-148
-151
135
300
-4
-372
-217
252
333
7
-245
-208
-2
154
116
-32
-89
-45
-35
-23
40
92
36
-119
-136
-4
136
150
-64
-192
-91
123
172
3
-132
-60
37
47
8
22
38
15
-66
-72
7
74
94
60
-44
-158
-168
35
252
206
-100
-285
-118
158
254
81
-169
-216
-16
184
155
-33
-170
-87
81
89
12
0
-22
-7
-39
-21
48
16
-39
-11
31
24
-65
-87
42
160
33
-93
-50
-34
3
86
109
51
-119
-166
7
198
141
-41
-154
-106
56
166
108
-49
-148
-97
73
132
82
-54
-124
-69
67
112
9
-50
-30
-26
-21
-14
11
49
32
-33
-80
-68
4
159
149
-63
-239
-113
129
166
40
-104
-131
-6
75
62
16
-24
-68
-87
9
105
78
-11
-103
-106
5
102
103
-18
-130
4
111
16
-110
-45
164
186
-100
-327
-97
282
205
-86
-176
-94
54
68
8
6
0
-9
-84
-116
28
161
98
-144
-201
-13
174
135
-60
-175
-79
105
123
7
-83
-56
22
17
10
29
58
9
-81
-58
15
76
76
28
-36
-93
-117
-22
149
195
7
-177
-150
2
192
192
-45
-230
-174
113
262
96
-176
-216
7
204
120
-35
-107
-51
6
23
39
9
-53
-14
57
46
-86
-126
53
168
58
-73
-80
-54
0
102
111
33
-75
-150
-32
134
161
53
-102
-167
-67
175
214
-8
-218
-130
107
199
32
-146
-104
33
55
22
7
20
-6
-76
-81
7
80
69
6
-66
-82
-46
21
105
156
-9
-221
-198
72
254
110
-117
-207
-93
117
168
70
-99
-182
-81
137
156
5
-101
-107
-11
59
48
29
-19
-50
19
71
-26
-86
-29
124
165
-46
-239
-93
150
145
22
-62
-160
-97
59
134
100
-56
-149
-98
14
72
79
21
-77
-126
-39
113
143
-37
-176
-98
99
153
43
-111
-104
35
52
13
21
48
20
-81
-75
28
96
50
-12
-25
-6
-90
-109
91
242
68
-181
-209
-23
198
197
-24
-208
-143
90
199
89
-127
-155
1
106
96
-16
-41
-22
-28
-5
25
2
-49
7
74
26
-108
-128
70
192
35
-111
-40
-19
-40
67
140
83
-103
-202
-37
176
187
31
-146
-166
-1
167
149
-33
-149
-93
76
136
57
-66
-101
-31
21
38
28
22
-5
-52
-73
-15
78
60
-3
-66
-81
-39
38
92
125
13
-186
-189
53
238
101
-137
-170
-47
122
137
24
-123
-117
-17
95
104
-32
-72
-26
-23
-2
61
82
-14
-107
9
85
27
-73
-73
96
185
-25
-275
-133
196
181
1
-92
-124
-54
62
72
37
-28
-66
-56
-38
32
90
36
-78
-144
-18
125
118
-17
-154
-118
60
174
74
-107
-121
-26
66
93
18
-32
-38
7
45
-24
-48
35
120
67
-114
-207
-56
180
262
14
-284
-165
103
223
96
-108
-155
-42
81
118
23
-39
-73
-35
32
51
62
2
-64
-82
-8
82
43
-85
-57
56
92
-61
-160
-10
204
126
-137
-134
17
47
40
61
42
-17
-96
-83
55
170
110
-98
-198
-75
165
213
17
-172
-148
2
168
158
-64
-170
-88
100
130
2
-73
-52
-25
20
20
-5
-24
29
48
-50
-118
-69
113
207
69
-208
-245
13
216
156
-32
-164
-146
40
153
109
-57
-177
-81
109
132
-2
-115
-52
10
34
43
36
-12
-67
-25
96
58
-85
-103
64
202
37
-225
-191
95
217
101
-72
-162
-110
2
100
122
-5
-121
-89
-29
28
92
70
-56
-147
-87
104
177
6
-184
-118
77
146
49
-90
-83
27
58
-3
4
50
29
-23
-79
-43
40
92
88
18
-120
-186
-61
198
249
4
-250
-177
124
207
60
-89
-149
-40
80
122
31
-72
-89
-15
96
77
-37
-29
-12
-29
-2
48
4
-79
-15
101
44
-105
-155
31
204
80
-145
-50
57
-48
-25
95
110
-10
-154
-107
92
178
96
-67
-181
-105
121
232
64
-174
-195
36
197
117
-89
-151
-39
76
71
2
-24
-22
-50
-61
-14
89
83
-28
-92
-38
9
-5
7
110
100
-105
-258
-49
209
198
1
-201
-164
39
157
123
-79
-161
-33
114
65
-63
-39
28
7
-46
-26
42
64
-10
-42
39
27
-41
-74
28
195
85
-230
-260
70
303
118
-143
-223
-73
147
118
-22
-50
-29
-41
-84
2
117
96
-86
-166
-48
128
163
-1
-188
-119
59
155
74
-75
-96
-7
29
3
16
63
24
-60
-26
18
15
39
24
32
-7
-136
-114
64
259
116
-201
-230
-8
193
185
-16
-168
-131
47
159
81
-54
-128
-70
84
114
35
-39
-42
-30
-16
20
34
-36
-25
43
38
-47
-135
-3
190
87
-128
-80
9
11
20
63
65
41
-94
-148
29
187
139
-52
-196
-115
94
229
95
-146
-201
-12
168
150
-11
-156
-119
45
129
45
-37
-60
-36
-6
0
18
46
10
-25
-61
-53
-15
41
170
103
-147
-257
-49
203
183
-22
-168
-138
40
139
68
-53
-119
-19
68
30
-43
8
38
-16
-94
-58
99
129
-36
-137
29
126
9
-113
-37
152
128
-162
-247
24
254
124
-93
-161
-98
24
106
76
2
-70
-91
-74
1
103
124
-41
-172
-104
65
193
77
-158
-208
-8
186
145
-56
-157
-51
95
62
-4
6
9
-14
-24
-6
-12
18
92
79
-58
-178
-144
117
280
127
-196
-254
-44
192
225
10
-189
-175
1
209
169
-64
-189
-99
96
143
51
-80
-68
-3
47
37
-18
-83
-42
96
111
-75
-177
-42
151
145
-37
-70
-85
-77
77
193
119
-104
-221
-78
156
206
41
-87
-127
-95
52
212
120
-128
-236
-46
180
184
-3
-165
-140
40
115
81
-13
-74
-84
-28
31
56
30
-17
-29
-23
-17
-60
10
139
139
-98
-249
-99
172
234
19
-188
-160
24
137
108
-27
-108
-58
24
34
3
12
-6
-31
-52
-21
94
90
-55
-88
44
80
-32
-110
14
179
123
-174
-280
26
263
123
-66
-184
-114
86
116
34
-44
-62
-28
-54
-31
70
102
7
-156
-129
92
164
51
-132
-164
26
139
66
-36
-73
-33
11
37
40
25
5
-36
-11
-4
-3
15
52
85
-14
-159
-154
72
275
146
-204
-259
-14
218
195
-64
-191
-48
71
85
19
-44
-15
-15
-19
1
42
62
15
-46
-87
-12
74
-4
-51
34
93
-45
-201
-61
210
199
-105
-197
-26
75
92
39
-32
-12
-10
-48
-5
86
127
47
-151
-211
23
260
182
-103
-260
-71
176
196
-10
-176
-100
58
131
22
-92
-37
33
13
-81
-31
66
59
11
-66
-86
-53
40
166
130
-74
-273
-176
205
309
44
-248
-242
44
219
151
-55
-186
-93
66
106
29
-38
-56
-29
16
19
53
17
-87
-36
115
74
-86
-118
19
209
126
-175
-261
-3
212
135
17
-116
-188
-25
126
134
24
-113
-147
-57
68
131
65
-86
-162
-54
83
169
52
-145
-199
-3
206
137
-70
-157
-30
98
18
-33
35
57
6
-84
-55
50
85
34
-2
-17
-80
-146
0
223
200
-89
-243
-133
124
262
52
-173
-177
16
175
94
-92
-79
15
33
6
-10
17
32
-8
-44
-27
1
-12
2
62
42
-84
-140
-13
175
123
-112
-104
29
21
-20
42
76
43
-95
-135
21
169
132
-26
-170
-146
80
219
95
-97
-177
-75
142
169
7
-126
-121
-3
116
81
-24
-65
-48
-15
25
26
12
-5
2
-18
-54
-67
-12
137
167
-36
-249
-162
153
249
27
-164
-142
25
109
66
-1
-64
-72
-14
42
39
15
3
-44
-67
-19
71
87
-25
-66
24
59
-11
-81
-8
124
134
-88
-275
-49
220
179
-2
-167
-180
-3
127
101
-12
-99
-70
-19
2
43
61
35
-103
-134
15
144
95
-66
-160
-76
93
156
-4
-120
-56
61
67
-1
-19
8
35
7
-57
-52
23
95
108
-33
-165
-147
31
237
219
-97
-285
-105
148
226
34
-158
-148
-25
144
132
8
-102
-101
12
89
62
-16
-51
-5
8
-13
3
-31
-24
51
70
-30
-138
-78
140
196
-54
-175
-4
75
-6
21
83
40
-63
-128
-17
126
147
63
-133
-195
-7
210
207
-37
-249
-170
117
272
77
-169
-202
10
159
95
-54
-88
-33
41
-1
-32
-5
34
57
13
-97
-139
1
204
215
-91
-291
-148
159
238
60
-154
-199
-29
128
91
37
-37
-129
-78
35
124
50
-42
-78
-66
17
95
65
-55
-74
62
77
-73
-123
20
212
142
-176
-305
-19
290
188
-122
-205
-48
78
45
-25
8
53
-10
-133
-110
58
176
46
-157
-160
27
177
104
-81
-171
-75
109
139
26
-117
-86
53
57
-7
5
49
15
-37
-46
-25
35
73
62
10
-127
-151
-5
210
228
-87
-278
-92
154
204
41
-132
-130
-24
93
135
27
-84
-112
-9
110
82
-17
-66
-34
6
38
38
-79
-84
63
134
-26
-177
-70
144
180
-29
-161
-14
38
-12
33
87
62
-36
-126
-77
112
198
80
-156
-230
-27
251
215
-75
-240
-109
140
219
42
-184
-158
56
168
20
-115
-52
69
43
-74
-80
55
116
10
-98
-83
-9
23
97
131
-3
-232
-204
104
258
110
-156
-195
-50
87
142
80
-86
-179
-42
128
104
-46
-87
-32
50
9
-32
10
82
-3
-48
-16
-3
0
-4
87
124
-61
-252
-127
230
260
-25
-213
-183
32
155
90
-28
-83
-64
-47
8
69
45
-4
-93
-89
17
115
80
-62
-139
-62
83
115
21
-86
-74
47
58
19
-38
5
46
10
-58
-32
9
63
94
37
-134
-192
-27
224
228
-48
-238
-146
62
201
140
-66
-208
-104
131
185
25
-140
-133
35
140
56
-38
-39
-13
-32
-8
32
-3
-43
8
71
28
-119
-110
93
177
17
-122
-70
-25
32
109
88
2
-85
-139
0
163
147
27
-153
-146
-2
163
156
-40
-175
-99
90
150
56
-70
-95
-23
35
25
-8
21
17
-49
-80
-12
80
68
-15
-77
-36
-5
-36
62
159
58
-178
-246
11
264
162
-93
-252
-110
138
187
55
-135
-162
-10
104
96
-17
-54
-26
-34
-10
48
55
12
-48
-3
58
-4
-70
-36
96
171
-22
-269
-121
213
215
-48
-158
-119
12
110
33
-34
-1
9
-55
-101
-3
129
81
-82
-174
-65
124
170
19
-176
-151
69
191
70
-135
-124
45
84
24
-23
18
37
-22
-65
-24
49
74
49
18
-79
-167
-78
188
251
1
-262
-178
108
213
84
-70
-142
-76
62
152
70
-93
-138
-25
114
99
4
-72
-52
-11
36
49
-1
-90
-42
98
73
-86
-146
15
189
74
-87
-95
-82
19
140
124
-5
-110
-118
-19
116
152
52
-93
-168
-71
161
231
13
-219
-184
65
239
117
-122
-172
-43
105
100
-12
-52
-29
-20
-5
17
6
-17
8
32
-16
-141
-97
143
254
40
-251
-273
52
321
148
-155
-217
-54
99
120
69
-43
-133
-91
36
126
71
-63
-101
-46
36
79
67
-67
-111
61
138
-5
-156
-92
163
246
1
-325
-211
187
258
83
-111
-235
-100
119
162
21
-96
-86
-40
-12
35
77
32
-54
-143
-67
118
163
-5
-184
-133
87
162
27
-91
-55
41
15
-27
-5
64
68
-38
-81
-49
53
96
51
-6
-66
-126
-75
120
199
63
-152
-174
-31
158
195
-10
-187
-122
52
174
97
-102
-148
-2
96
73
5
-35
-33
-18
-2
28
-17
-61
13
110
32
-127
-163
83
233
49
-167
-97
23
40
51
52
26
-19
-92
-71
75
152
85
-66
-166
-89
102
199
75
-120
-187
-43
177
194
-40
-204
-128
116
158
1
-107
-48
21
8
-38
1
49
56
-24
-82
-95
-43
110
209
59
-210
-262
32
282
156
-129
-234
-97
123
200
60
-139
-193
-5
155
104
-61
-138
-34
94
29
-16
-3
13
-23
9
70
-11
-81
-52
99
188
2
-249
-186
137
237
79
-109
-207
-64
117
109
8
-65
-62
-38
-28
-2
69
83
-23
-155
-92
112
177
-14
-188
-126
90
169
23
-103
-74
41
63
-19
-26
41
58
-31
-70
-10
47
75
21
-11
-21
-89
-113
42
229
151
-168
-286
-12
250
211
-58
-230
-139
95
211
89
-110
-151
-38
93
119
14
-65
-60
-25
38
86
-6
-136
-51
128
118
-85
-202
-6
201
106
-117
-103
35
32
-3
27
73
47
-95
-139
10
189
179
-39
-237
-155
162
286
57
-251
-203
80
248
110
-124
-170
-11
76
58
-19
-28
17
-27
-57
2
46
29
5
-7
-17
-59
-106
31
213
149
-155
-327
-39
267
199
-68
-230
-106
87
146
69
-53
-128
-65
51
99
6
-51
-41
5
-5
-6
41
20
-32
-7
58
28
-76
-84
64
200
54
-244
-203
101
223
110
-94
-198
-108
87
146
44
-67
-99
-46
6
26
56
39
-69
-113
-34
102
105
-27
-118
-64
15
56
85
27
-51
-78
-40
48
105
44
-54
-58
8
8
-32
14
99
102
-61
-224
-106
143
280
73
-243
-197
49
216
149
-70
-191
-100
84
163
46
-66
-88
-41
34
62
52
3
-17
-54
-53
48
35
-52
-11
57
59
-87
-170
13
242
119
-178
-145
60
72
17
-3
36
68
-63
-155
-2
198
200
-62
-258
-136
146
269
77
-186
-225
1
221
168
-60
-194
-105
96
141
6
-94
-31
27
-12
-49
-7
83
65
-67
-123
-31
36
42
90
101
-63
-205
-89
130
172
35
-135
-165
-15
121
140
15
-145
-139
15
111
90
-12
-61
-75
-23
43
76
57
-49
-113
57
118
-16
-142
-13
223
144
-208
-306
48
315
138
-132
-210
-57
101
68
-31
24
20
-88
-126
-28
158
129
-78
-181
-83
97
185
30
-168
-153
34
159
105
-82
-131
1
80
25
-30
12
76
11
-93
-64
46
98
63
-5
-67
-86
-110
43
222
140
-133
-233
-61
165
224
56
-198
-244
19
249
150
-89
-217
-79
146
173
5
-141
-73
56
69
-3
-63
-63
24
103
61
-96
-166
-22
209
141
-111
-119
-4
-26
22
142
105
-66
-178
-86
119
197
60
-84
-153
-97
82
216
105
-154
-201
21
190
101
-73
-132
-14
83
17
-50
4
72
18
-135
-94
62
96
46
-61
-59
-29
-27
4
112
155
-33
-261
-146
128
253
57
-175
-170
-5
107
110
48
-106
-147
-27
126
121
-29
-122
-76
43
70
38
-12
-56
2
80
23
-74
-86
48
199
94
-195
-257
58
279
102
-126
-174
-68
99
86
-16
-47
-6
-11
-66
-49
60
133
-10
-161
-104
77
150
16
-144
-107
59
120
52
-58
-92
-10
43
25
-12
6
74
22
-56
-65
-6
53
64
71
-10
-146
-150
32
234
184
-108
-244
-122
145
237
59
-133
-196
-38
158
175
-15
-167
-101
88
116
4
-57
-18
19
-12
-51
6
28
-6
-14
34
4
-105
-38
113
92
-41
-35
-48
-91
18
176
120
-48
-180
-111
111
168
83
-50
-138
-105
66
199
88
-115
-160
-8
143
122
-40
-133
-66
44
73
-17
-25
49
8
-77
-90
28
94
39
-49
-71
-8
-12
-23
86
155
6
-232
-215
145
293
39
-195
-181
0
159
152
-28
-176
-110
55
143
29
-86
-35
31
-11
-52
23
71
9
-40
30
8
-45
-37
46
142
62
-168
-210
59
197
75
-31
-105
-139
-15
109
103
17
-112
-115
-18
38
80
56
-30
-115
-97
57
145
30
-130
-133
19
145
67
-52
-70
-3
70
-4
-49
10
65
33
-38
-45
-15
27
62
81
29
-130
-222
5
278
244
-102
-322
-120
181
267
31
-200
-178
6
176
147
-35
-155
-85
62
119
55
-61
-59
-20
1
24
24
-51
-56
71
85
-24
-128
-70
119
135
-31
-71
-73
-48
53
133
67
-27
-114
-92
40
111
109
45
-96
-185
-29
218
224
-55
-262
-124
145
228
37
-173
-154
53
138
20
-41
-27
-19
-42
-21
32
47
17
-40
-14
-15
-65
-56
123
239
0
-316
-221
183
327
35
-244
-201
44
189
129
-73
-157
-73
59
111
32
-73
-44
-16
-6
6
49
45
-38
-47
55
61
-70
-123
18
218
137
-192
-305
2
288
173
-61
-209
-147
47
113
52
-1
-33
-75
-86
-13
97
120
-38
-179
-105
102
183
26
-158
-133
37
118
63
-78
-60
56
52
-76
-81
83
159
5
-146
-99
63
121
50
-7
-24
-60
-113
-55
168
229
-19
-249
-154
93
238
120
-149
-201
-21
166
132
-31
-101
-63
32
64
48
-31
-43
17
24
-24
-29
-40
3
92
70
-77
-165
-57
166
154
-59
-114
12
19
-18
28
80
69
-77
-150
-28
156
188
18
-198
-185
69
238
117
-130
-183
-13
139
148
-26
-120
-78
37
92
-3
-44
19
7
-58
-71
27
108
35
-81
-56
8
0
-34
47
176
48
-245
-243
101
306
130
-188
-251
-52
166
202
25
-179
-184
20
165
77
-74
-94
8
22
-8
21
64
-22
-88
48
89
-33
-97
-14
170
134
-161
-254
14
221
116
-27
-107
-130
-28
92
116
8
-100
-103
-8
26
45
46
-13
-69
-92
6
120
63
-63
-132
-63
97
107
24
-78
-56
10
11
28
42
40
-6
-74
-43
62
44
4
19
52
-29
-172
-117
169
319
21
-320
-215
138
292
104
-173
-209
-18
168
150
-40
-161
-68
87
114
11
-73
-35
28
43
-45
-61
-5
19
61
38
-71
-125
-33
117
134
-38
-98
6
-8
-56
81
154
13
-134
-144
14
179
165
-8
-172
-194
34
249
173
-124
-229
-47
168
149
-15
-123
-93
15
75
33
-14
7
0
-60
-51
3
73
48
-40
-51
-20
-25
-34
60
183
63
-234
-231
64
273
144
-139
-253
-69
165
186
8
-158
-130
14
126
59
-73
-57
24
44
-46
-33
62
70
-56
-65
70
80
-55
-113
42
224
57
-241
-222
116
246
131
-144
-269
-64
156
174
6
-148
-108
6
44
26
25
12
-58
-81
-5
82
104
-47
-155
-58
100
103
-3
-74
-28
17
17
-3
25
48
6
-29
-43
-28
28
71
68
31
-97
-158
-70
154
249
42
-237
-218
55
242
170
-79
-232
-135
125
237
52
-161
-148
43
109
69
-24
-53
-15
2
-7
28
-16
-58
17
97
15
-148
-117
116
214
-12
-192
-47
75
34
24
48
26
-29
-95
-29
90
107
65
-66
-172
-55
164
220
-20
-213
-157
127
231
36
-173
-131
62
111
-17
-58
9
36
-10
-88
-38
51
83
17
-57
-93
-43
18
81
142
35
-181
-189