#4
110
3
104
244
231
102
47
143
217
142
74
111
201
168
74
94
178
176
95
38
108
169
174
117
95
106
96
79
101
192
200
77
29
163
216
119
19
74
156
198
167
75
77
117
105
128
125
165
185
73
-24
49
218
258
104
7
107
190
128
15
82
248
207
53
3
114
199
201
137
56
28
126
168
117
85
94
152
161
109
39
63
142
163
91
66
103
121
116
99
123
109
99
96
130
157
80
34
91
178
216
129
22
46
134
170
144
142
111
47
63
140
203
130
-23
31
186
223
96
-3
32
160
160
83
63
92
146
110
61
52
118
211
184
30
-88
92
261
122
-15
40
179
173
12
-12
116
141
126
75
27
54
60
113
144
107
63
77
41
55
109
139
101
71
59
82
125
131
69
50
77
102
86
40
57
126
132
33
21
106
141
65
-23
18
96
125
119
63
-7
5
61
96
140
102
-17
-33
150
244
57
-92
-10
109
225
136
-59
-43
95
170
89
11
43
144
99
-27
-17
124
165
59
-17
94
175
25
-84
22
225
226
1
-102
55
177
162
67
16
22
75
112
66
10
57
149
98
-10
3
96
128
47
-7
42
125
95
27
-9
64
134
98
36
44
67
67
36
58
87
116
81
67
67
42
17
89
208
136
-30
-108
83
271
131
-116
-82
154
242
71
-59
-33
96
119
44
42
112
85
26
14
12
77
181
132
-8
-73
33
154
112
10
7
86
93
14
-11
34
84
106
61
0
-16
41
107
81
15
40
97
37
-48
32
144
136
15
-36
41
122
111
7
-23
53
120
87
-25
-23
96
109
18
-19
45
121
71
-57
-68
61
149
101
-19
-63
-12
67
69
49
52
19
-9
93
117
-26
-49
87
89
25
32
44
49
29
2
1
67
119
78
-23
-91
19
146
136
-35
-102
94
212
29
-186
-56
256
280
-48
-233
-24
225
222
19
-121
-24
148
133
-35
-91
42
194
109
-79
-87
69
144
51
-46
3
90
91
-5
-72
24
157
131
-34
-120
67
178
64
-89
-42
192
213
-3
-122
-30
139
152
73
-1
13
30
21
82
70
-10
-20
91
137
26
-42
13
70
54
11
39
72
62
19
-13
-6
49
144
119
-26
-95
-1
148
110
-66
-52
84
127
18
-80
-17
58
114
65
-21
-36
-14
55
56
69
51
20
-36
-30
60
111
65
-24
-31
59
98
38
0
-25
49
79
40
-17
-9
40
69
-18
-12
88
82
-33
-105
-5
114
75
-22
-49
4
82
10
-83
-4
125
59
-76
-15
99
70
-41
-49
34
77
62
-2
-23
11
49
14
-12
61
75
13
-93
-78
123
173
-12
-160
9
211
91
-154
-164
175
302
14
-230
-97
162
210
35
-106
-64
100
112
-23
-57
25
94
74
-6
-40
-6
39
49
15
3
21
21
5
9
27
46
27
9
14
34
57
1
-31
29
95
90
39
-30
-17
18
87
120
74
-31
-99
-1
197
146
-108
-150
39
203
88
-62
-48
-1
75
80
26
-17
-2
83
76
-69
-77
106
218
47
-177
-133
139
203
-19
-124
16
150
54
-113
-99
77
180
60
-106
-112
2
121
88
-32
-39
33
58
-48
-6
91
69
-23
-29
55
65
18
-32
9
46
50
7
-19
-7
17
35
22
9
24
28
-10
-57
-34
43
45
8
12
-7
-22
-43
-43
44
135
24
-135
-57
128
133
-53
-142
-34
112
144
2
-131
-51
98
78
-21
-55
43
87
-27
-123
-23
132
93
-71
-46
76
79
-55
-98
46
170
79
-66
-118
-11
113
147
-1
-123
-23
92
45
-32
-43
56
92
4
-74
-18
67
38
-46
-20
62
75
-22
-99
-21
133
123
-34
-128
0
133
69
-52
-69
69
141
54
-62
-48
21
73
104
95
-14
-105
-36
124
148
-57
-164
32
161
81
-26
-60
-5
63
65
3
-50
8
90
31
-79
-36
123
181
29
-170
-135
131
160
-27
-86
19
104
23
-69
-40
6
54
70
-18
-54
-24
29
56
31
-16
6
27
-15
-41
29
83
61
-34
-66
52
108
-2
-91
-23
112
95
-48
-107
-14
129
70
-81
-70
91
88
-104
-146
19
132
87
-48
-111
-43
13
17
45
63
-49
-116
38
166
20
-157
-92
93
134
13
-88
-35
49
44
-30
-68
21
102
51
-103
-112
30
138
37
-88
-16
99
29
-83
-95
38
193
78
-129
-120
37
156
125
-50
-140
-14
107
56
-65
-65
51
100
16
-87
-50
57
48
-17
-34
28
33
-2
-33
-8
59
47
-12
-47
0
75
31
-54
-39
103
128
-9
-102
-34
75
100
63
9
-13
-27
-10
78
79
-51
-102
38
148
47
-67
-55
14
66
44
-16
-28
11
101
37
-87
-68
77
170
52
-133
-122
77
127
-14
-77
-2
101
19
-105
-25
72
43
-6
-47
-20
10
22
-11
-25
47
72
13
-109
-48
75
74
-25
-54
41
68
16
-52
-38
56
80
0
-80
-57
81
101
-43
-118
17
130
76
-133
-162
24
139
53
-51
-64
-34
-15
-42
-13
100
65
-90
-115
68
123
19
-90
-105
-24
137
128
-36
-130
-94
55
126
36
-55
-51
-28
-17
28
49
45
-56
-64
88
78
-63
-121
27
170
72
-84
-94
-13
83
98
26
-58
-43
13
22
-4
10
45
11
-32
-25
35
28
-34
-52
37
78
9
-76
-37
50
75
6
-65
-19
92
81
-86
-118
30
160
110
-77
-83
44
63
23
8
65
63
-48
-99
40
158
8
-158
-30
146
116
-56
-97
-22
58
47
-3
-22
18
60
35
-72
-84
54
179
103
-136
-185
55
163
31
-61
-49
26
56
-27
-50
-40
13
86
34
-76
-86
-11
94
61
-13
-32
0
-15
-40
15
77
46
-36
-64
7
70
55
-18
-77
-18
101
71
-72
-78
11
50
34
-16
-3
-5
-30
-28
5
-26
-8
72
13
-101
-108
-11
88
95
-42
-153
-42
199
121
-150
-205
23
174
95
-88
-132
-9
104
51
-67
-76
35
105
-22
-150
-51
136
105
-88
-124
78
119
-45
-170
-55
205
180
-105
-204
-21
187
160
-61
-147
-45
114
88
-78
-103
38
127
37
-101
-75
38
60
4
-45
-15
47
31
-24
-16
-14
28
55
0
-40
-5
19
-13
12
60
54
11
-26
6
-6
11
66
102
7
-118
-70
112
172
-32
-187
-40
191
131
-109
-111
52
113
-9
-86
-26
98
117
-22
-174
-62
152
221
16
-217
-165
126
259
-5
-251
-75
209
159
-106
-210
-46
174
161
-87
-182
-34
99
91
-41
-47
32
58
-36
-95
7
113
43
-46
-65
13
86
40
-50
-59
53
73
-24
-74
-30
59
43
-43
-48
39
40
-50
-75
-18
35
25
-21
10
-28
-87
-57
41
107
18
-148
-78
131
114
-75
-151
2
119
24
-74
-49
45
36
-50
-61
-3
97
73
-90
-153
-25
126
115
-44
-122
11
75
-4
-89
-16
120
73
-88
-77
12
67
67
9
-35
-13
14
-15
-50
-3
65
54
-37
-74
-12
69
40
-61
-63
36
60
4
-61
-44
50
59
1
-51
-22
49
36
-30
-51
35
113
30
-33
-32
-9
37
46
77
48
-25
-89
-4
116
71
-74
-76
28
96
23
-27
-18
-16
-3
29
60
16
-30
0
8
-27
15
122
85
-90
-153
-4
176
52
-108
-55
61
71
-36
-63
-44
34
96
-8
-91
-62
31
71
10
-19
7
29
-35
-77
20
87
31
-60
-52
40
75
-13
-50
-17
56
46
-38
-57
16
68
3
-85
-41
72
75
-39
-135
-31
93
59
-71
-82
5
16
-42
-78
34
111
-32
-123
9
125
4
-113
-46
16
75
64
-28
-73
-41
-8
29
38
22
2
-55
-110
-33
143
119
-98
-168
45
155
14
-155
-86
149
149
-30
-135
-82
84
155
63
-102
-129
32
101
5
-70
-27
62
65
0
-81
-59
29
57
-1
-19
-5
-9
6
-13
-22
47
40
-27
-32
29
19
-26
0
47
53
-21
-6
36
1
-41
29
125
71
-76
-113
19
147
82
-133
-120
85
160
19
-100
-87
33
102
46
-55
-61
23
94
-1
-106
-28
131
142
-51
-192
-64
177
111
-86
-87
19
88
14
-87
-74
27
104
21
-94
-96
18
103
35
-56
-42
46
35
-92
-43
70
101
-11
-94
6
75
30
-76
-44
29
62
20
-53
-65
27
39
-18
-22
17
38
-3
-64
-70
8
30
19
-11
-45
-35
-53
-35
77
78
-87
-127
63
163
4
-170
-101
78
123
35
-94
-71
13
47
12
-37
-13
45
37
-77
-117
35
118
26
-77
-26
67
33
-111
-80
106
180
-29
-171
-70
119
139
9
-99
-91
56
107
-3
-131
-31
129
91
-65
-110
-28
73
40
-43
-63
20
70
5
-70
-36
51
64
-6
-49
-5
38
6
-23
-4
56
65
-3
-39
11
23
-30
27
143
57
-148
-132
98
208
-20
-159
-47
90
96
24
-77
-67
29
80
22
-39
-17
19
18
-29
-27
58
117
3
-124
-76
85
89
-31
-66
5
76
14
-94
-59
17
54
40
-22
-69
-46
13
29
49
29
-30
-77
-65
69
123
11
-102
-57
78
92
-26
-89
-21
94
61
-45
-102
4
95
32
-104
-67
69
124
-11
-180
-97
103
115
-41
-113
-18
33
-30
-98
18
118
14
-158
-61
145
88
-80
-137
-36
106
114
-43
-130
-45
84
72
-53
-79
41
71
-64
-119
17
131
46
-107
-45
76
32
-81
-79
73
129
-2
-92
-72
47
94
28
-37
-42
23
29
-48
-40
41
77
21
-72
-53
9
29
4
-53
-7
64
33
-61
-57
36
67
8
-62
-26
76
61
-68
-90
28
143
64
-57
-72
30
61
49
33
8
-19
-43
21
130
24
-164
-79
130
153
-26
-114
-36
58
64
-5
-48
-18
63
77
-24
-104
-49
142
183
-24
-195
-92
141
104
-58
-54
39
39
-40
-88
19
89
37
-46
-73
-36
29
20
-28
-8
61
61
-61
-129
5
119
73
-69
-81
53
105
-17
-112
-9
101
39
-60
-47
10
36
15
-64
-50
56
72
-48
-123
-17
83
4
-87
0
75
-17
-162
-97
129
171
-58
-240
-41
218
122
-146
-198
-3
172
113
-98
-161
16
106
2
-98
-14
110
48
-154
-172
69
237
52
-209
-138
155
171
-105
-221
14
254
126
-155
-196
11
201
132
-62
-164
-47
102
81
-47
-84
31
73
8
-72
-36
26
5
-17
4
22
8
-23
-20
6
13
39
11
-30
-21
29
26
-29
-18
45
71
24
5
-45
-56
14
137
144
-41
-189
-77
177
190
-86
-178
-6
145
91
-50
-60
-21
21
42
19
4
6
1
-22
-38
-18
127
141
-27
-185
-109
145
165
-45
-150
-47
124
93
-45
-142
-87
126
172
-18
-181
-147
93
156
5
-93
-22
39
6
-39
-1
51
48
-49
-56
50
80
1
-101
-27
72
61
-29
-69
-8
41
0
4
47
2
-72
-71
1
52
0
-61
-22
49
12
-105
-101
40
118
15
-141
-39
117
69
-107
-126
44
116
25
-85
-59
33
57
-49
-76
29
77
54
-82
-175
-11
165
88
-113
-100
90
100
-100
-148
72
212
37
-167
-118
51
144
66
-56
-103
12
89
8
-87
-39
81
82
-29
-72
-47
30
34
-27
-43
19
33
7
-42
-47
47
44
-12
-48
17
58
16
-65
-36
47
113
47
-60
-89
14
110
98
-8
-74
-34
37
97
46
-82
-76
23
106
39
-41
-4
-3
-33
-7
25
51
31
26
-36
-81
-12
113
159
-28
-186
-111
127
195
-58
-171
22
144
38
-123
-98
16
105
58
-53
-86
-46
40
45
13
9
18
-21
-102
-28
120
92
-61
-116
1
128
67
-90
-93
37
115
48
-97
-83
39
77
-40
-75
55
95
-42
-137
-59
75
67
-53
-63
3
21
-42
-100
3
132
46
-149
-111
115
132
-54
-145
-38
72
94
-5
-98
-40
44
9
-25
4
45
15
-83
-111
27
146
26
-136
-41
112
78
-131
-155
72
227
70
-144
-134
3
107
107
9
-81
-52
16
32
1
-9
40
17
-45
-24
4
13
-20
-15
3
13
16
-17
-39
-9
32
55
-20
-42
11
50
-7
-37
-13
58
62
2
-24
-11
13
8
56
92
27
-84
-87
36
144
21
-140
-46
126
117
-32
-104
-67
74
93
-24
-88
22
77
46
-74
-109
54
195
94
-148
-195
50
194
15
-124
-50
88
63
-53
-70
-36
31
62
-8
-41
-66
-33
29
61
58
-12
-65
-75
12
95
31
-73
-40
61
82
-27
-70
-5
56
36
-15
-37
-17
-2
13
7
-12
39
-1
-57
-50
17
6
-66
-38
69
79
-32
-172
-109
102
185
-22
-245
-60
196
129
-93
-176
-33
96
107
-14
-70
-51
-2
35
12
-4
24
35
-67
-123
2
131
61
-109
-68
90
89
-67
-141
4
162
71
-89
-101
-9
107
96
-18
-76
-28
47
27
-36
-54
19
67
45
-41
-63
-12
-1
17
26
31
-37
-66
1
34
22
-5
-6
2
17
16
-50
-5
49
55
25
-37
-13
35
30
-21
9
78
70
-67
-111
14
188
74
-168
-123
118
147
-18
-110
-60
72
87
-3
-65
-23
74
52
-69
-96
42
180
91
-154
-197
84
221
-9
-177
-46
153
109
-114
-151
8
102
85
-63
-126
-27
77
60
-32
-36
30
58
-65
-99
15
131
63
-82
-68
29
74
21
-62
-56
20
82
39
-96
-83
39
90
-6
-74
-13
52
23
-83
-96
-16
80
67
-43
-93
-73
-30
19
94
42
-97
-128
59
141
-6
-127
-87
36
87
46
-57
-66
-9
32
6
-55
13
68
-24
-145
-54
141
121
-85
-159
41
149
-14
-176
-62
182
135
-76
-154
-13
117
81
-56
-67
24
73
10
-109
-99
76
160
4
-135
-103
58
105
-12
-82
-3
49
16
-64
-50
48
87
-8
-81
-39
90
83
-67
-107
42
157
73
-57
-96
-37
92
140
58
-57
-92
-32
100
139
-51
-166
-10
153
100
-90
-97
65
60
-33
-44
7
77
54
-26
-90
-38
78
162
60
-155
-167
89
200
-24
-151
-27
139
73
-132
-113
33
91
63
-39
-86
-41
43
34
-27
-9
42
14
-58
-65
35
88
8
-63
-36
58
70
-27
-81
-2
92
37
-57
-88
-2
84
38
-70
-63
71
86
-86
-161
10
95
9
-46
-54
-13
-20
-48
-9
39
33
-64
-87
64
102
-18
-133
-52
57
86
16
-89
-81
22
60
11
-42
-12
49
-14
-94
-48
89
77
-85
-107
74
135
-54
-202
-69
220
217
-123
-244
-42
211
194
-70
-222
-48
178
104
-111
-167
36
178
57
-112
-99
19
84
7
-66
-7
26
2
-33
-8
25
12
-18
-3
29
20
-27
-46
7
76
73
5
-38
-22
10
39
47
50
39
-39
-106
2
157
76
-99
-111
34
121
32
-61
-44
-12
28
36
13
-14
-13
16
24
-9
-27
44
123
10
-182
-100
144
142
-64
-119
9
121
24
-103
-111
19
146
60
-103
-123
-12
101
48
-53
-29
50
-20
-76
1
76
37
-50
-38
23
50
38
-12
-60
-35
45
54
-31
-55
-5
35
-3
-22
20
43
-55
-93
-6
40
22
-26
-41
-26
-9
-51
-56
80
82
-96
-117
76
139
-15
-169
-86
92
118
21
-85
-82
18
55
1
-46
1
57
-4
-133
-81
90
129
-17
-113
2
72
-15
-102
-33
143
124
-80
-140
-11
105
121
-24
-99
-34
80
56
-39
-110
4
125
43
-70
-103
32
76
-5
-71
-20
42
33
-24
-57
-9
70
62
-32
-63
9
54
3
-40
-10
78
33
-12
6
-1
-32
3
102
108
-35
-165
-31
201
117
-136
-157
60
174
15
-74
-57
-20
48
29
-12
10
48
11
-59
-77
38
166
92
-108
-174
12
195
44
-157
-75
89
109
-45
-111
-48
59
102
-2
-100
-88
18
77
18
-30
-10
16
-12
-63
-1
63
60
-37
-81
18
96
61
-90
-94
24
98
64
-61
-114
-18
100
55
-43
-52
0
14
-35
-56
-20
23
60
-6
-68
-78
-50
26
88
40
-103
-105
77
139
-35
-161
-55
111
78
-35
-63
0
46
-30
-84
-4
102
98
-77
-196
-71
161
175
-67
-187
-13
156
60
-158
-138
129
192
-17
-130
-78
71
128
17
-76
-63
51
64
-43
-84
13
108
44
-72
-96
-2
92
30
-64
-53
15
70
24
-68
-76
70
82
-28
-77
-8
65
45
-37
-55
45
88
29
-17
-51
-38
64
137
43
-81
-104
19
138
103
-118
-168
61
197
30
-99
-87
16
76
37
-40
-39
29
66
13
-81
-50
91
177
-1
-193
-110
130
137
-43
-92
-20
76
34
-65
-60
2
69
25
-48
-54
-23
18
9
13
54
32
-71
-117
12
146
69
-111
-102
74
134
6
-108
-60
64
103
-24
-136
-8
119
43
-106
-70
102
95
-67
-149
-52
68
58
-7
-30
-57
-48
-50
-38
85
123
-79
-199
17
176
61
-123
-122
-7
66
82
32
-75
-103
-21
58
52
6
-12
-20
-86
-68
51
121
-21
-124
13
111
24
-130
-103
101
167
-8
-139
-94
71
145
51
-84
-76
16
68
-10
-53
1
77
5
-86
-18
93
46
-99
-110
44
132
13
-135
-71
95
112
-28
-93
-23
82
47
-43
-66
23
114
70
-44
-76
-18
51
80
55
24
-33
-49
-9
85
79
-65
-98
42
111
18
-56
-41
43
40
-18
-33
21
55
31
-22
-68
-31
95
156
-1
-181
-116
139
136
-38
-94
-36
71
53
-53
-72
-15
43
66
-23
-83
-37
45
16
-19
28
36
-12
-81
-13
79
54
-31
-66
-4
85
39
-70
-64
34
88
-3
-83
-37
76
60
-56
-91
47
76
-26
-125
-61
77
62
-56
-63
8
15
-66
-127
31
158
18
-190
-85
142
148
-78
-177
-78
100
154
12
-138
-103
28
81
13
-57
-12
72
-24
-154
-35
140
109
-80
-121
50
85
-66
-120
62
176
26
-113
-123
15
169
101
-61
-152
8
141
33
-110
-89
63
110
-6
-120
-47
55
70
0
-60
-52
34
68
6
-58
-8
24
-2
5
37
7
-51
-37
48
121
29
-64
-37
36
29
3
58
101
-6
-110
-68
97
169
-41
-183
-19
185
105
-87
-123
9
95
46
-60
-47
70
102
-45
-162
-43
186
213
-48
-266
-98
205
174
-117
-154
47
163
-4
-162
-65
65
101
10
-66
-59
-19
37
52
-7
-13
13
-14
-56
-6
68
62
-19
-67
-36
47
106
-6
-102
-39
58
97
-5
-123
-32
90
54
-61
-54
34
43
-44
-83
-24
35
47
20
-42
-104
-76
36
77
41
-56
-116
19
125
33
-101
-103
23
72
60
-25
-57
-41
23
22
-15
-7
53
32
-90
-143
28
161
67
-125
-122
102
141
-72
-175
11
181
83
-103
-95
17
88
57
-22
-58
-3
27
-29
-40
21
99
43
-94
-84
29
78
4
-53
-52
9
57
20
-51
-49
36
69
13
-49
-47
25
24
-6
-4
43
63
-4
-25
7
7
-2
45
94
18
-73
-83
80
130
-47
-113
-13
107
66
-66
-39
16
23
3
-7
12
59
31
-51
-84
-11
130
167
-50
-212
-86
155
170
-67
-153
13
100
20
-56
-33
-15
21
55
7
-69
-80
4
47
43
4
7
-2
-80
-34
80
92
-19
-100
-3
101
51
-79
-65
49
72
7
-43
-23
-1
24
9
-31
12
49
-41
-85
-12
47
9
-55
-21
27
-2
-77
-84
33
138
19
-191
-90
179
147
-111
-208
-8
170
90
-89
-115
10
107
-3
-85
-41
76
80
-58
-151
-17
140
82
-132
-104
109
135
-85
-204
6
268
121
-174
-206
38
190
95
-63
-113
-22
97
44
-74
-74
62
109
-17
-108
-41
64
50
-47
-72
30
94
-1
-100
-52
82
92
-36
-80
-4
85
21
-74
-49
82
127
21
-91
-50
44
75
48
29
8
-51
-63
58
134
-5
-140
-66
118
112
-31
-76
-47
45
48
16
-25
-25
53
68
-34
-105
13
171
105
-137
-208
41
229
44
-154
-89
85
123
-33
-112
-80
40
130
29
-121
-112
5
108
56
-45
-36
4
2
-4
7
7
9
0
-5
-6
41
31
-29
-63
-6
71
53
-37
-81
-1
59
31
-16
-32
-30
-22
-14
-4
-22
-32
4
50
-7
-110
-127
45
189
46
-199
-139
138
168
-66
-179
-35
111
91
-11
-74
-49
1
9
-13
22
57
13
-97
-131
18
155
62
-117
-97
49
104
-14
-142
-25
168
116
-78
-148
-39
110
137
-18
-101
-43
59
64
-32
-81
34
84
-4
-74
-43
51
37
-33
-45
-5
31
24
-17
-50
15
56
7
-23
-3
15
-13
-10
19
42
40
-22
-18
18
26
-24
25
102
82
-64
-119
18
174
48
-147
-88
117
107
-43
-55
13
11
3
-7
13
48
62
-11
-87
-88
53
202
88
-159
-208
55
211
38
-128
-79
67
95
-31
-101
-65
59
116
12
-110
-118
30
119
32
-57
-52
43
14
-39
-2
44
39
-34
-55
16
78
42
-54
-92
3
127
63
-111
-111
75
120
-35
-114
-21
83
37
-98
-105
-5
89
68
-27
-126
-118
26
122
65
-68
-152
-48
159
112
-84
-168
-32
82
83
20
-78
-90
0
55
54
-33
-24
14
-33
-82
-15
96
78
-97
-118
65
132
-23
-190
-61
192
168
-47
-189
-108
121
194
52
-156
-159
71
138
-3
-139
-18
138
57
-99
-96
27
112
9
-127
-73
82
121
-20
-136
-41
101
117
2
-117
-68
51
69
8
-32
34
48
15
-35
-24
40
63
79
11
-58
-45
45
106
11
-121
-46
100
101
-34
-65
-7
36
14
-4
1
38
48
-21
-69
-23
76
124
26
-113
-101
52
133
-22
-93
-12
65
53
-44
-84
-47
46
112
18
-97
-85
37
70
-15
-22
40
40
-75
-100
33
136
25
-87
-69
55
121
-3
-129
-53
104
107
-50
-124
-19
98
64
-66
-93
-3
87
30
-94
-80
28
46
-23
-16
-9
-42
-75
-26
71
69
-72
-128
36
160
3
-148
-90
38
91
44
-45
-74
0
15
-2
-8
18
29
-16
-100
-57
86
114
-59
-126
19
127
-29
-160
-25
145
127
-68
-126
-37
103
122
-5
-87
-53
42
57
-28
-74
19
90
30
-56
-55
-3
18
4
-31
0
49
15
-64
-50
16
68
28
-23
-43
-7
41
21
-27
-3
63
42
6
-14
-18
-16
39
112
97
-67
-141
-5
181
107
-161
-150
79
175
28
-111
-42
55
37
-29
-53
65
108
-13
-127
-93
90
200
91
-139
-212
12
201
75
-102
-100
30
86
-8
-67
-22
7
20
23
-9
-33
-43
-20
34
51
24
-18
-75
-45
46
89
25
-70
-66
47
89
7
-75
-45
54
71
2
-94
-61
70
80
-49
-89
20
87
-19
-103
-50
25
35
14
-7
-30
-71
-82
-16
121
78
-112
-181
74
241
11
-245
-124
110
171
45
-130
-135
25
92
18
-71
-4
71
2
-132
-69
101
137
-61
-182
16
181
39
-160
-125
136
215
-14
-170
-101
63
172
49
-89
-84
14
50
12
-42
-12
80
4
-65
-15
33
-1
-60
-11
46
46
11
-57
-55
24
81
40
-58
-67
41
44
6
-31
-13
64
69
-5
-69
-31
51
87
58
-3
-37
-51
2
127
70
-104
-104
55
134
25
-98
-50
42
59
7
-61
-8
94
60
-74
-137
-11
220
167
-107
-265
-69
244
158
-129
-169
27
149
24
-110
-80
20
116
59
-96
-143
-27
97
65
-12
-38
4
-15
-36
19
50
21
-41
-48
45
94
3
-85
-59
57
104
-5
-128
-59
76
92
-42
-86
39
63
-33
-90
-60
32
51
2
-33
-17
-13
-101
-58
78
110
-56
-147
-10
161
63
-137
-131
38
105
57
-64
-93
-9
72
4
-70
-3
75
48
-115
-134
52
164
9
-162
-12
152
39
-201
-135
196
257
-72
-253
-83
162
193
2
-150
-80
76
101
-1
-106
-37
78
57
-45
-57
4
25
-19
-29
6
57
9
-61
-40
28
75
6
-53
-31
48
59
-38
-63
11
100
54
-28
-23
24
11
-15
57
98
19
-105
-65
107
97
-69
-91
42
89
-10
-26
36
-15
-33
-21
25
74
63
-41
-110
-67
66
190
119
-123
-199
-16
196
128
-118
-156
18
141
38
-98
-104
-26
116
120
-38
-170
-102
116
129
-16
-96
-5
26
-34
-1
44
42
-53
-52
58
86
-16
-70
-7
68
16
-49
-29
36
19
-27
-41
2
68
17
-57
-116
-8
76
30
-32
-49
-14
-24
-70
-38
59
104
-50
-171
10
144
60
-113
-122
38
82
25
-34
-47
-8
-9
-25
-8
54
66
-31
-142
-76
83
114
-7
-116
-17
104
10
-112
-71
98
123
-21
-99
-33
56
69
16
-38
-30
8
8
-22
-3
42
45
-26
-74
-3
41
20
-58
-38
33
56
0
-62
-37
14
46
39
-15
-34
6
20
1
-28
-5
97
80
-44
-65
10
55
34
23
67
33
-94
-73
98
144
-35
-137
-24
98
84
2
-67
-64
25
72
47
-3
-30
-1
29
-31
-41
67
137
12
-173
-89
128
100
-62
-79
31
89
-14
-92
-42
27
85
34
-41
-113
-28
63
76
-19
-47
-14
9
-7
-15
22
40
18
-30
-18
23
34
-11
-10
2
-7
30
14
-26
-46
-16
21
22
24
2
-53
-51
-10
5
-2
-4
10
-3
-39
-98
-81
97
146
-47
-219
-47
193
110
-128
-162
23
103
49
-23
-54
-37
0
-27
2
63
58
-34
-125
-95
66
151
17
-156
-67
118
112
-86
-168
12
177
96
-63
-144
-34
106
139
0
-106
-71
33
61
-30
-50
48
83
-14
-94
-28
45
31
-39
-27
42
38
-34
-86
-8
114
45
-60
-60
37
63
-17
-62
15
87
55
-13
-48
2
8
25
77
58
9
-86
-43
80
120
-46
-161
10
164
71
-84
-113
10
113
38
-87
-88
87
144
-29
-162
-84
154
235
13
-265
-156
177
188
-47
-115
-28
52
31
-57
-44
23
43
-17
-25
-3
-11
-19
-20
-4
76
84
-73
-159
-3
140
84
-66
-83
14
74
47
-41
-54
15
40
43
-15
-87
-34
77
35
-35
-31
14
21
-26
-63
-34
20
28
20
-15
-70
-95
-40
71
133
-16
-186
-95
157
159
-70
-174
-73
90
150
35
-125
-109
15
70
34
-4
-20
-15
-64
-72
47
120
19
-133
-48
132
60
-123
-135
76
182
61
-104
-128
-9
116
129
3
-129
-84
79
82
-22
-71
15
36
-13
-25
5
23
-28
-48
34
52
-3
-50
-43
8
61
17
-32
-36
16
51
-11
-64
-15
91
82
-13
-44
-14
2
27
62
82
11
-69
-79
52
138
-12
-130
-29
88
68
-30
-14
-10
-42
-6
43
38
9
0
-26
-41
7
109
109
-44
-172
-38
136
53
-118
-44
99
108
-40
-140
-28
63
40
-1
-24
-45
-39
8
40
7
-13
10
14
-46
-34
56
70
-13
-68
-25
62
76
-34
-80
5
77
55
-44
-92
-3
81
28
-67
-38
56
51
-54
-106
-17
43
20
-5
-27
-38
-56
-55
13
99
46
-129
-104
91
111
-35
-121
-34
62
72
-18
-117
2
105
2
-125
-47
120
119
-89
-216
-54
179
148
-90
-157
54
129
-41
-133
-33
146
113
-85
-140
4
117
111
-16
-91
-27
50
24
-40
-50
30
92
-9
-64
-19
36
15
-38
-29
14
21
-6
-20
-3
8
7
13
-6
5
22
-14
-44
20
77
29
-29
2
44
-2
-29
27
94
84
-61
-147
21
182
61
-138
-101
62
143
28
-84
-75
23
68
7
-30
40
62
-34
-109
-56
124
193
10
-202
-149
115
228
-13
-196
-75
128
111
-70
-116
-27
75
76
-32
-80
-56
4
80
33
-49
-15
43
-25
-63
16
90
27
-70
-45
55
70
-15
-89
-20
71
73
-32
-71
-14
28
20
-32
-13
57
10
-70
-64
6
19
-9
-16
16
-13
-103
-105
49
168
25
-201
-130
169
178
-71
-213
-41
123
83
-29
-83
-35
44
36
-38
-48
48
78
-59
-169
-53
155
159
-109
-195
59
204
7
-238
-122
229
227
-79
-246
-86
183
204
-16
-163
-79
73
91
-20
-110
-3
105
47
-55
-95
-9
70
37
-63
-49
29
74
-7
-65
-42
55
73
2
-64
-31
37
42
2
-21
12
54
56
-4
-72
-43
92
166
33
-153
-130
106
202
-7
-190
-38
159
103
-105
-114
54
107
-1
-70
-24
81
94
-33
-135
-35
112
163
25
-164
-109
76
149
-8
-120
-29
99
51
-73
-74
-14
55
69
-28
-65
-54
-5
48
32
8
13
-20
-64
-30
56
75
-12
-71
-34
75
84
-31
-91
-7
78
83
-56
-114
-8
80
38
-58
-9
36
0
-47
-59
-16
14
26
31
-21
-82
-84
-28
65
98
-21
-156
-68
150
128
-79
-174
-55
111
89
-23
-85
-38
36
9
-27
-20
49
53
-73
-142
-23
112
94
-92
-99
67
88
-43
-145
-11
167
103
-81
-138
-31
121
114
-28
-110
-35
77
69
-60
-109
43
119
15
-83
-66
35
69
-23
-65
15
45
-2
-64
-44
43
90
13
-60
-51
43
37
-42
-24
46
80
11
-29
8
13
-6
10
92
86
-56
-126
23
168
56
-140
-99
87
138
-15
-97
-22
69
35
-55
-25
66
98
-16
-116
-67
76
177
78
-124
-191
17
183
57
-91
-75
30
115
-11
-106
-79
36
119
35
-83
-121
0
97
61
-37
-54
3
-16
2
61
21
-30
-57
12
69
35
-46
-48
21
54
32
-36
-70
9
56
9
-54
-8
60
31
-70
-110
-22
52
35
-9
-12
-25
-87
-81
10
111
72
-110
-139
45
131
34
-126
-95
32
86
38
-68
-38
21
12
-41
-33
59
81
-48
-169
-86
140
169
-70
-162
38
128
-24
-160
-36
171
138
-79
-132
-31
90
86
19
-62
-46
22
25
-6
-39
16
72
-12
-43
-35
-15
24
28
-14
-33
6
7
-7
-4
27
17
-30
-30
18
75
6
-77
-61
47
137
57
-72
-61
28
64
31
33
41
-11
-100
-32
161
136
-149
-185
76
218
59
-157
-156
37
192
68
-127
-105
87
146
-33
-185
-45
223
202
-105
-282
-41
245
108
-125
-137
60
139
-18
-113
-68
25
105
36
-76
-118
-19
82
63
-33
-61
8
32
-40
-16
27
20
2
-1
23
26
-28
-37
27
46
-15
-19
-17
-11
3
9
-8
-12
18
18
-27
-57
-38
1
5
16
15
-26
-86
-96
14
115
52
-92
-132
46
169
12
-149
-100
24
104
83
-52
-108
-1
24
-5
-5
50
42
-23
-131
-100
98
168
-19
-158
-32
122
69
-128
-143
105
208
18
-154
-140
55
188
99
-105
-135
25
122
-3
-102
-33
136
56
-84
-76
8
64
2
-56
-40
33
67
12
-65
-70
23
95
28
-62
-17
30
6
-19
25
77
28
-41
-26
40
34
1
5
88
58
-91
-111
103
145
-35
-126
23
104
8
-85
16
74
-20
-83
-26
99
127
-6
-148
-140
66
261
142
-175
-262
6
253
99
-170
-148
98
171
-25
-176
-58
80
94
18
-70
-81
-3
51
-10
-22
54
61
-66
-120
26
128
61
-81
-110
34
123
25
-77
-56
38
61
-14
-49
-6
44
29
-68
-77
38
109
13
-139
-108
29
72
35
-18
-83
-78
-38
11
80
59
-83
-150
18
178
58
-148
-140
60
128
12
-92
-63
41
53
-29
-82
16
118
14
-168
-135
87
202
12
-205
-85
170
128
-122
-172
58
188
66
-150
-146
55
187
66
-114
-96
38
79
-5
-94
-20
111
61
-67
-66
8
58
-22
-61
-9
55
56
-28
-74
-26
74
87
-26
-118
6
106
22
-78
-37
79
106
21
-57
-63
11
86
104
34
-63
-104
-9
151
103
-87
-128
-2
126
78
-37
-34
-18
-9
2
27
35
45
-3
-63
-72
9
150
144
-35
-195
-98
137
156
-50
-113
-7
74
23
-57
-40
-31
56
87
5
-113
-112
57
107
32
-62
-60
-8
36
34
4
-35
-8
19
38
20
-20
-38
-3
39
55
0
-42
-48
-3
50
2
-41
23
47
-47
-109
-26
77
17
-44
-24
19
-35
-102
-57
64
110
-27
-174
-29
162
85
-111
-149
35
102
32
-37
-74
-18
45
-9
-55
1
80
30
-109
-108
26
128
47
-111
-53
78
58
-89
-129
53
185
55
-108
-114
2
112
104
-9
-106
-70
47
72
4
-60
2
31
4
-32
-13
-5
-15
24
23
12
-15
-58
-25
36
69
22
-59
-45
41
75
-34
-70
6
108
75
-52
-55
12
35
27
42
79
28
-91
-81
100
129
-34
-108
-16
108
67
-34
-59
-30
42
40
-2
-18
18
66
4
-79
-74
94
199
18
-204
-141
114
203
-14
-155
-39
116
79
-84
-121
-30
100
98
-37
-128
-72
70
89
-7
-37
-5
7
-34
-24
45
54
-15
-60
9
68
30
-40
-57
11
42
41
-33
-74
-16
64
28
-28
-7
-1
-16
-34
-27
-3
4
-24
27
16
-71
-101
-48
113
110
-90
-202
18
230
97
-190
-202
38
183
77
-103
-130
30
95
-5
-95
-10
101
52
-96
-154
3
187
75
-142
-112
90
125
-74
-158
28
197
84
-138
-163
43
168
100
-79
-138
-1
105
43
-73
-49
63
65
-33
-59
5
35
-17
-35
-8
28
9
-23
-23
4
25
0
9
11
-4
11
-40
-29
50
103
44
-62
-70
21
60
23
35
56
7
-52
-41
75
121
-70
-128
22
117
43
-76
-55
52
53
-40
-78
34
112
47
-68
-122
-3
147
147
-25
-200
-123
159
197
-75
-201
-20
157
97
-97
-124
-25
115
64
-57
-100
-40
47
39
8
0
4
-11
-63
-29
89
82
-56
-119
23
141
63
-113
-111
34
99
55
-58
-80
3
63
20
-43
-8
25
6
-58
-52
4
20
-3
-17
-1
-36
-77
-50
54
101
-10
-141
-35
123
95
-82
-124
9
83
37
-49
-48
16
33
-33
-51
24
78
19
-109
-120
35
158
40
-143
-61
103
83
-89
-136
57
170
44
-88
-97
-10
75
95
19
-43
-54
-9
1
4
31
25
1
-22
-19
-7
0
-8
-8
-2
27
11
-26
-46
-9
38
27
4
-34
0
39
-11
-43
11
70
41
-7
-12
23
-1
-28
24
107
58
-86
-104
55
194
9
-185
-72
132
128
-10
-110
-57
45
64
-5
-40
9
64
17
-70
-48
83
148
12
-144
-112
82
144
-31
-106
8
110
-3
-110
-44
47
46
37
-33
-93
-41
44
59
-9
-45
20
52
-47
-92
20
117
66
-92
-86
60
99
-13
-82
-13
65
53
-38
-68
-5
49
9
-27
5
25
-25
-54
-37
12
1
9
19
12
-77
-109
-46
58
125
4
-168
-96
113
169
-9
-190
-116
65
159
57
-116
-108
18
77
0
-71
22
77
-27
-158
-63
141
140
-91
-168
44
140
-11
-163
-40
185
134
-107
-150
-25
124
125
-1
-115
-73
55
60
-4
-59
19
37
-8
-12
10
3
-58
-58
39
91
12
-87
-48
40
64
-23
-56
-3
62
42
-39
-74
28
101
68
-41
-42
15
24
8
10
75
73
-35
-113
-8
176
68
-161
-103
137
154
-53
-142
-12
87
74
-41
-74
9
107
42
-101
-104
82
195
63
-177
-164
89
189
-16
-140
-23
115
55
-104
-77
16
57
35
-43
-60
-24
33
18
-20
22
57
-9
-120
-57
117
121
-34
-155
-16
163
78
-110
-123
46
112
52
-69
-93
6
73
37
-44
-37
9
5
-21
-29
-16
-16
-19
23
10
-29
-98
-67
54
120
26
-160
-134
135
189
-33
-233
-114
139
162
-8
-142
-83
78
79
-71
-112
71
170
-36
-244
-130
169
234
-51
-240
-8
202
36
-179
-118
158
189
-50
-200
-68
158
173
-15
-180
-85
109
91
-25
-101
-13
105
60
-59
-79
-12
40
3
-9
-19
-5
15
17
-37
-26
30
51
-5
-48
-8
23
27
-5
-7
59
68
10
-25
-46
-22
78
130
38
-94
-130
54
176
42
-146
-85
70
117
0
-48
-22
-3
11
20
9
31
25
-9
-38
-34
18
133
101
-70
-181
-36
155
81
-69
-87
38
73
-27
-71
-21
34
80
11
-83
-85
-4
76
29
-14
-6
12
-41
-73
49
110
23
-107
-59
100
118
-39
-146
-23
124
97
-48
-124
-10
90
40
-88
-62
62
82
-52
-125
-57
75
91
-29
-107
-51
21
-5
-50
19
63
-50
-100
58
112
-21
-140
-63
69
88
13
-59
-77
3
19
0
-5
-9
23
-7
-69
-59
58
88
-29
-111
24
110
-22
-131
-47
118
156
-50
-145
-34
78
108
32
-73
-68
13
31
-5
-25
27
55
-25
-48
-3
35
-12
-63
-24
62
76
-20
-113
-43
75
95
-20
-97
2
92
20
-72
-48
87
125
-10
-76
-13
31
17
16
64
70
-7
-105
-21
126
64
-74
-78
14
90
61
-8
-55
-72
12
65
37
-14
-18
35
12
-30
-26
55
97
-11
-127
-35
108
47
-67
-34
71
55
-38
-93
-71
59
132
25
-131
-124
14
114
47
-73
-13
43
-30
-81
21
118
48
-99
-84
82
126
-34
-135
-24
124
85
-77
-110
6
88
21
-88
-2
82
15
-73
-80
-3
37
17
2
-29
-38
-36
-68
-26
90
67
-106
-117
71
134
-4
-164
-71
103
93
-32
-83
-21
53
6
-46
-25
40
55
-8
-109
-104
34
154
51
-130
-61
72
53
-89
-126
110
212
15
-188
-139
86
190
76
-124
-138
32
120
8
-92
-38
77
69
-2
-74
-61
26
58
-13
-47
-23
18
23
-7
-24
13
33
15
-23
-17
5
-6
27
25
39
13
-3
18
-2
-18
10
105
96
-51
-140
-28
158
113
-127
-123
55
97
26
-35
-41
-2
31
25
6
-15
-9
38
19
-58
-62
87
179
2
-205
-116
148
157
-81
-119
8
100
21
-83
-76
19
104
34
-75
-114
-6
89
29
-28
-2
37
-25
-76
-9
68
75
-20
-94
-7
79
56
-43
-84
-4
101
49
-92
-77
43
78
2
-77
-17
68
20
-103
-80
31
61
-2
-20
-27
-66
-96
-20
115
113
-91
-200
4
212
75
-157
-175
24
153
104
-60
-174
-65
111
103
-54
-84
16
87
-25
-145
-34
122
76
-63
-49
24
27
-61
-64
57
114
42
-63
-121
0
140
121
-19
-151
-84
80
103
-26
-88
12
71
28
-66
-51
30
41
-30
-60
27
81
-6
-86
-39
56
73
3
-64
-20
45
21
-31
-12
75
80
-12
-63
-13
32
35
60
73
-5
-105
-61
101
159
-51
-162
-8
131
66
-32
-47
-12
9
16
17
4
25
15
-17
-62
0
100
122
-9
-143
-88
69
106
-18
-52
24
22
-50
-31
7
12
20
8
-32
-46
-9
19
12
12
-10
-14
3
-41
-8
45
55
-5
-53
-17
41
41
25
-34
-45
9
49
22
-58
-42
25
23
-5
7
19
-29
-93
-62
38
65
10
-47
-56
-55
-20
-11
52
64
-63
-127
22
134
39
-108
-113
23
64
67
2
-90
-83
28
93
1
-84
-35
71
30
-99
-84
68
96
-24
-40
8
-14
-56
-30
89
103
-29
-82
-47
46
77
11
-14
-12
5
-12
-31
10
38
35
-26
-50
13
4
-5
-25
-6
23
19
0
-34
-29
17
40
3
2
-13
-6
-6
-8
24
39
44
-4
-19
29
14
-19
-1
77
110
-25
-133
-35
116
147
-62
-177
-9
167
109
-83
-110
14
82
27
-28
-37
31
67
21
-81
-67
87
174
47
-169
-156
59
153
49
-60
-79
16
48
-19
-18
-28
-17
50
47
-21
-79
-61
25
77
56
-33
-79
-41
48
76
18
-60
-44
36
74
-3
-78
-17
54
62
1
-64
-29
18
27
13
-18
16
-3
-39
-31
-4
-8
-27
-26
19
45
-29
-123
-90
53
158
2
-187
-100
169
148
-96
-212
-35
160
135
-63
-163
-50
118
80
-91
-86
80
104
-103
-188
-5
195
104
-161
-148
115
151
-79
-193
5
225
122
-137
-208
-18
190
183
-37
-198
-83
108
107
-45
-92
35
74
10
-66
-31
32
26
-27
-38
7
55
4
-59
-51
35
49
16
-12
-6
-11
-8
2
29
61
17
-5
3
-13
7
11
40
79
43
-71
-92
51
145
18
-104
-58
78
96
-3
-59
-56
16
64
35
-31
-24
49
20
-47
-49
52
128
54
-124
-122
77
125
-11
-100
-28
93
32
-80
-67
-9
83
67
-37
-115
-68
62
77
-32
-40
34
38
-68
-67
40
132
18
-147
-78
112
152
-11
-147
-92
95
160
-15
-173
-74
109
94
-44
-53
-23
9
-5
-40
-9
9
-19
-23
-1
0
-82
-71
46
95
-8
-154
-23
139
57
-119
-131
59
119
21
-76
-80
34
49
-33
-44
9
82
36
-102
-165
4
197
112
-156
-135
87
137
-47
-162
-27
200
122
-107
-162
11
154
83
-63
-100
26
86
-36
-98
-16
144
102
-100
-143
-1
128
66
-108
-136
74
160
2
-153
-90
83
138
15
-134
-53
103
70
-36
-68
32
90
32
-28
-46
-4
54
73
57
-7
-89
-37
85
113
-56
-122
13
108
40
-43
-32
4
6
1
-25
29
68
14
-41
-68
-41
80
166
52
-160
-167
43
199
32
-130
-34
79
36
-86
-52
13
50
22
-15
-36
-50
-28
29
63
30
-42
-56
-16
27
57
35
-64
-69
48
90
-20
-56
-7
35
31
15
-26
-44
-12
38
24
-31
-23
25
25
-40
-85
-18
8
25
36
16
-55
-116
-95
71
162
12
-184
-99
118
148
-35
-165
-59
75
110
10
-89
-84
39
56
-15
-38
31
48
-36
-128
-23
126
73
-125
-77
126
105
-104
-163
27
205
98
-117
-135
-6
87
105
25
-61
-83
2
54
3
-18
9
7
-17
1
23
-12
-43
-39
20
53
4
-43
-35
7
15
47
40
-49
-78
20
63
24
-31
0
62
41
1
-28
-30
1
78
105
27
-106
-99
80
164
-17
-162
-48
117
119
-26
-73
-50
25
30
23
28
-3
-6
15
-14
-61
19
133
87
-94
-150
7
145
45
-76
-49
58
53
-41
-95
-35
80
93
-13
-97
-77
22
71
13
-17
3
15
-77
-41
80
91
-11
-101
-26
98
73
-60
-112
-3
128
72
-74
-91
-8
72
10
-43
6
42
1
-84
-74
42
62
-20
-58
-11
3
-40
-95
-16
131
75
-144
-124
97
161
-44
-179
-50
93
101
16
-99
-83
24
49
-18
-54
26
81
10
-152
-115
119
147
-41
-139
-5
114
12
-144
-53
150
141
-26
-140
-91
72
155
64
-113
-137
40
129
17
-117
-42
85
50
-21
-55
-18
12
-1
4
-22
8
16
20
-33
-26
2
59
16
-27
0
-18
-22
40
67
22
-28
12
21
-13
-19
47
120
45
-94
-73
57
143
3
-170
-47
153
114
-60
-119
-22
81
77
-8
-82
-10
97
60
-70
-101
23
166
99
-72
-164
-26
137
42
-60
-38
45
36
-43
-78
-35
91
100
-34
-132
-78
74
104
-25
-60
22
55
-46
-96
24
117
19
-106
-50
89
107
-18
-113
-49
98
107
-54
-137
-27
129
81
-80
-87
31
86
-7
-103
-60
12
28
15
9
-14
-108
-122
29
172
52
-175
-155
109
212
-7
-224
-113
99
150
-11
-96
-47
39
14
-55
-6
87
71
-104
-200
-30
206
148
-116
-194
38
183
4
-198
-74
171
171
-51
-186
-66
133
141
-3
-100
-48
65
32
-72
-43
86
77
-50
-99
-21
78
52
-57
-87
12
108
21
-112
-77
70
108
6
-85
-47
94
95
-75
-134
39
186
61
-93
-64
33
39
21
65
66
-27
-109
-13
153
79
-95
-130
33
140
43
-57
-44
-17
20
20
6
17
56
-8
-84
-46
70
134
45
-115
-122
47
150
-9
-116
-17
106
57
-109
-96
48
69
34
-52
-75
-7
3
2
20
52
24
-20
-98
-67
98
121
-5
-116
-48
79
106
2
-110
-49
74
90
-13
-91
-25
45
37
-26
-20
35
10
-57
-75
9
34
-6
-23
-15
-3
-45
-65
-7
66
76
-77
-152
26
152
59
-124
-143
9
124
77
-42
-89
-54
29
32
-19
-13
40
10
-97
-75
77
115
-44
-142
39
163
-33
-193
-61
179
180
-54
-172
-97
99
175
64
-113
-142
22
116
43
-83
-57
61
43
-28
-42
16
17
-40
-52
27
60
-4
-57
-13
7
7
32
17
-23
-6
14
-12
-1
36
34
5
12
21
-5
-27
11
102
84
-58
-111
26
146
42
-122
-88
69
111
-8
-62
-1
39
-2
-50
-21
68
109
-13
-132
-89
96
197
78
-151
-194
16
207
74
-130
-107
65
122
-38
-116
-58
71
113
9
-97
-86
-6
68
42
-12
-23
12
-16
-58
-14
93
69
-46
-116
28
119
50
-92
-98
45
134
14
-98
-79
31
79
38
-47
-53
5
17
-20
-30
-31
-19
34
45
-31
-111
-113
9
153
91
-133
-201
73
222
33
-216
-145
99
174
-12
-124
-60
59
60
-27
-74
8
85
11
-117
-108
58
151
30
-147
-47
101
19
-114
-52
134
145
-28
-156
-62
92
121
28
-101
-71
57
92
-44
-111
12
134
56
-102
-109
8
110
25
-98
-44
40
56
19
-71
-63
50
86
21
-70
-24
38
17
-12
-9
53
37
4
-10
-21
-24
30
130
101
-35
-151
-78
165
159
-76
-168
-3
152
79
-62
-71
-8
34
20
-19
-1
53
58
-56
-106
7
148
122
-63
-184
-66
169
116
-98
-115
26
118
31
-91
-111
-8
136
98
-71
-162
-75
101
135
-3
-89
-31
3
-25
12
75
20
-40
-62
29
66
30
-44
-85
-3
92
64
-53
-75
-3
42
7
-8
13
7
-51
-76
11
27
-34
-17
38
8
-75
-109
-24
99
101
-88
-166
32
164
49
-134
-101
25
67
49
-10
-46
-49
-27
9
28
50
35
-52
-137
-56
125
117
-61
-162
26
158
25
-159
-115
121
190
0
-139
-86
52
92
40
-23
-44
24
12
-51
-48
54
102
-21
-91
-39
80
82
-73
-120
-1
120
66
-90
-103
9
97
66
-31
-87
11
62
-6
-23
-9
65
53
-17
-19
2
27
20
30
78
29
-81
-69
97
99
-70
-86
48
105
10
-70
-9
19
5
-12
-17
57
77
19
-79
-101
-2
161
143
-38
-209
-85
167
145
-88
-127
30
107
12
-109
-63
41
93
9
-70
-51
-19
23
36
21
3
-1
-25
-60
10
69
39
-33
-51
4
76
35
-70
-57
38
75
10
-62
-36
27
39
-30
-49
44
72
-29
-142
-68
99
56
-49
-56
1
12
-67
-98
27
115
9
-133
-26
109
59
-93
-105
-11
63
72
0
-71
-48
2
2
-3
46
61
-34
-160
-98
114
160
-37
-153
-9
147
29
-164
-134
134
217
-4
-179
-88
55
137
78
-54
-115
-26
93
44
-65
-59
56
72
-33
-95
-2
67
26
-67
-62
70
72
-32
-104
-25
87
77
-19
-68
-4
57
-4
-53
-17
76
100
1
-62
-42
11
74
101
60
-39
-112
-42
121
144
-59
-176
0
155
73
-41
-76
-35
29
58
8
2
12
17
8
-69
-36
104
153
-11
-174
-106
127
166
-31
-147
-31
108
89
-57
-133
-60
107
141
-33
-172
-88
103
120
-3
-77
-12
20
-36
-23
52
55
-19
-63
34
65
30
-42
-74
16
64
30
-22
-44
-22
8
16
12
-2
-2
-22
-66
-12
41
3
-60
-6
44
-21
-121
-106
71
180
11
-222
-115
149
186
-44
-230
-97
128
183
23
-174
-115
70
110
-15
-111
-6
113
-8
-162
-52
145
86
-124
-109
97
126
-76
-184
7
188
129
-72
-180
-50
134
161
11
-135
-111
50
115
2
-80
-15
39
20
-9
-28
-22
-9
-1
20
7
-11
-16
19
9
-34
2
39
25
-19
-49
-21
44
54
17
3
-10
12
33
15
-12
35
73
27
-84
-56
103
149
-74
-189
7
203
87
-151
-104
67
106
0
-84
-40
100
72
-27
-95
-42
92
144
22
-141
-115
67
115
-2
-62
-19
40
9
-44
-1
-7
-29
19
22
2
-57
-34
13
39
41
8
-43
-91
-1
91
75
-16
-98
-62
66
99
17
-92
-69
50
124
-7
-112
-66
65
83
-47
-41
25
35
-54
-75
-39
16
32
31
-16
-55
-82
-55
36
111
26
-169
-110
127
179
-21
-233
-109
163
159
-38
-171
-51
129
70
-101
-91
71
108
-51
-167
-34
132
108
-86
-98
86
101
-78
-176
19
197
89
-97
-132
-18
129
115
-33
-94
-37
66
39
-61
-33
61
64
-40
-82
10
85
34
-94
-99
50
126
10
-98
-75
69
100
-17
-76
-7
57
10
-37
-3
43
50
22
5
-32
-20
34
64
74
38
-80
-110
59
173
-9
-152
-51
126
89
-59
-42
9
-1
-15
20
34
21
14
-34
-75
-9
111
130
-26
-156
-65
114
122
-90
-120
46
136
-8
-138
-45
60
52
2
-39
-42
-10
-2
-21
5
94
60
-78
-146
-25
150
103
-57
-135
1
118
64
-63
-97
24
90
49
-67
-72
9
62
2
-38
14
49
-21
-87
-73
47
58
-35
-56
17
8
-73
-101
21
148
58
-182
-120
137
150
-76
-178
-20
122
81
-51
-121
-4
97
23
-96
-67
76
106
-40
-165
-58
121
120
-77
-114
58
90
-46
-134
15
169
80
-103
-124
4
109
100
4
-84
-39
26
18
-21
-9
48
18
-72
-35
54
70
-36
-130
-33
107
98
-35
-108
-50
64
92
23
-79
-37
34
-2
-12
16
75
34
-24
-17
19
25
-8
9
83
69
-45
-107
6
160
43
-138
-84
92
126
-17
-85
-37
20
58
6
-24
-12
29
53
-42
-63
19
140
109
-74
-180
-34
137
74
-44
-66
33
44
-17
-55
-68
19
149
43
-145
-148
22
156
50
-49
-62
3
11
-48
29
68
11
-71
-36
94
78
-45
-92
-8
86
59
-60
-74
-6
63
28
-37
-8
14
1
-49
-52
-6
33
-4
-23
-7
2
-73
-125
10
168
72
-166
-171
106
186
-6
-193
-75
90
91
-10
-58
-51
12
1
-19
-12
57
56
-57
-145
-64
140
141
-88
-146
39
136
-16
-145
-57
179
154
-98
-172
-48
130
172
9
-133
-118
78
123
-44
-123
15
140
34
-105
-90
40
96
9
-85
-55
47
55
-33
-68
1
77
40
-44
-65
29
69
-12
-47
40
73
16
-18
-5
-7
-14
30
112
99
-56
-153
-9
161
79
-103
-109
53
128
18
-51
-45
7
31
18
4
4
37
5
-46
-74
31
195
120
-147
-223
48
241
58
-204
-94
130
112
-52
-136
-46
84
89
-11
-67
-55
-7
33
48
10
-33
-25
-54
-4
45
64
7
-66
-54
63
108
14
-116
-94
74
146
22
-130
-99
42
115
20
-97
-28
61
-3
-96
-34
27
33
-13
-24
-30
-44
-57
-32
66
110
-75
-172
24
165
58
-129
-132
-2
134
91
-51
-139
-49
71
65
-40
-36
38
20
-85
-97
65
125
-26
-105
9
90
-3
-153
-51
195
148
-99
-170
-31
129
130
6
-126
-75
68
61
-13
-58
-12
91
21
-36
-56
-7
20
-9
-27
11
49
-6
-44
-18
12
29
30
-15
-20
19
-18
-33
27
76
44
-54
-5
51
7
-34
10
95
86
-22
-135
-64
162
174
-114
-179
0
160
81
-36
-97
-48
58
93
4
-95
-21
115
69
-95
-123
71
212
60
-202
-143
110
137
6
-76
-46
42
28
-4
-92
-47
91
90
-41
-144
-50
85
83
6
-53
6
-14
-61
-1
94
50
-56
-63
17
81
40
-68
-75
18
85
41
-34
-77
-7
54
7
-25
1
18
-40
-82
3
40
-3
-11
-13
-17
-46
-71
-31
71
102
-41
-149
-37
119
86
-76
-107
-24
72
91
-16
-95
-65
18
52
29
-17
4
-12
-82
-67
47
118
29
-108
-49
43
44
-49
-59
49
80
22
-46
-76
-5
99
103
-6
-110
-55
46
34
-25
-4
58
15
-60
-50
37
52
-35
-69
-12
76
30
-47
-62
-5
75
55
-40
-60
-13
53
23
-16
4
31
28
26
24
-38
-72
36
144
124
-64
-182
-15
199
116
-157
-134
57
179
4
-121
-32
62
40
-11
-19
8
22
23
-9
-39
-5
93
75
-39
-118
-30
113
36
-77
-14
64
48
-63
-105
-1
54
72
24
-65
-112
-26
94
56
-35
-65
-4
40
-18
-5
56
16
-43
-38
40
67
-13
-48
-5
46
18
-14
-30
-10
3
7
-16
-12
46
34
-68
-96
-9
41
17
7
-2
-44
-87
-61
12
82
85
-87
-182
-6
208
107
-163
-209
29
190
107
-101
-159
-3
117
32
-114
-57
111
60
-113
-151
54
187
26
-160
-71
140
101
-139
-165
74
217
90
-129
-199
-14
199
171
-60
-209
-34
118
81
-43
-88
16
81
23
-62
-70
4
54
26
-33
-40
15
26
6
-39
-27
48
49
-29
-34
-4
34
15
3
35
28
13
-13
-11
11
20
68
94
-32
-127
-24
152
90
-114
-95
32
123
27
-68
-26
34
10
-4
-37
24
62
35
-17
-61
-33
86
155
-3
-198
-110
142
139
-43
-95
15
68
-15
-69
-42
-2
58
51
-21
-63
-48
31
41
-2
-12
11
-35
-71
15
122
67
-102
-113
45
152
27
-126
-86
65
110
15
-82
-65
25
82
-6
-78
-7
50
14
-77
-53
13
26
5
9
-38
-64
-69
-49
65
117
0
-201
-54
199
104
-145
-184
59
152
33
-90
-98
20
68
-5
-32
-24
23
32
-40
-83
-25
67
63
-65
-38
57
34
-82
-106
71
178
25
-147
-99
60
126
73
-59
-108
10
78
-9
-91
-3
119
49
-80
-99
18
76
26
-54
-77
18
71
15
-53
-56
33
57
7
-38
5
21
-12
-29
16
71
60
13
-21
-45
-8
43
82
82
-1
-99
-71
109
125
-40
-105
-15
78
57
16
-17
-14
-35
-22
43
58
17
-12
-47
-26
8
100
112
-8
-138
-111
105
145
-51
-119
4
100
27
-75
-77
-10
93
55
-44
-78
-36
20
20
14
40
21
-59
-106
29
138
62
-111
-90
70
103
6
-86
-59
36
79
12
-54
-18
27
-4
-54
7
99
24
-116
-100
14
79
6
-58
-7
6
-59
-96
-41
114
125
-104
-211
-7
205
127
-157
-213
23
174
101
-74
-149
-39
93
67
-49
-79
22
94
-37
-141
-33
133
83
-91
-93
69
74
-81
-109
57
162
17
-110
-72
7
99
80
-21
-89
-10
60
-4
-78
-5
108
55
-77
-82
10
67
7
-65
-54
21
98
18
-85
-87
45
113
29
-78
-56
38
47
-30
0
76
29
-30
-8
44
9
-36
26
127
68
-101
-133
56
182
29
-120
-101
55
138
34
-74
-78
27
56
16
-26
-3
47
34
-82
-56
92
152
4
-152
-120
90
160
-20
-120
-25
78
51
-58
-94
-20
104
95
-56
-127
-58
74
79
-13
-34
11
28
-48
-65
36
102
28
-76
-49
53
82
16
-97
-72
62
116
-9
-102
-51
48
69
-16
-32
-5
-5
-32
-41
-7
-14
3
27
20
-49
-112
-72
101
129
-45
-208
-35
196
118
-122
-179
-4
123
78
-36
-121
-21
63
38
-53
-48
50
77
-59
-182
-16
199
94
-171
-131
125
162
-90
-218
23
238
113
-121
-194
-27
170
145
-36
-154
-40
103
61
-66
-51
49
65
-21
-62
-18
45
21
-58
-41
48
71
-21
-88
-36
60
72
-15
-81
-15
90
32
-61
-49
68
90
11
-39
-2
-6
-7
72
129
25
-117
-105
63
202
17
-195
-81
151
132
-29
-111
-60
83
87
-34
-92
28
102
27
-85
-84
51
201
91
-182
-228
46
216
50
-104
-80
27
64
-7
-46
-50
25
72
-3
-53
-71
-13
60
44
17
0
-41
-94
-14
120
81
-66
-124
-2
127
92
-76
-129
2
112
70
-48
-102
-42
48
86
-2
-60
-23
42
-23
-61
-45
-6
32
38
-7
-67
-90
-47
55
115
1
-154
-83
112
131
-40
-120
-69
46
100
31
-42
-75
-59
9
54
32
5
-4
-56
-87
-9
108
58
-83
-86
83
112
-78
-199
28
237
109
-142
-159
18
164
91
-54
-107
-9
66
25
-47
-44
55
52
-31
-51
-8
56
14
-67
-30
44
45
-13
-59
-37
46
83
3
-67
-11
29
3
-19
-5
52
61
-2
-13
4
6
-18
57
115
53
-89
-128
43
186
27
-181
-99
158
179
-77
-162
7
125
52
-95
-96
88
133
-23
-129
-86
104
183
56
-149
-170
48
154
-6
-98
-6
80
45
-85
-77
26
51
33
-22
-41
-74
-23
65
38
5
-14
-24
-71
-21
100
87
-52
-103
-15
112
81
-68
-128
24
135
49
-97
-87
27
77
-6
-78
12
83
20
-128
-117
52
97
0
-75
-29
38
-51
-133
4
164
75
-177
-175
103
228
16
-242
-152
139
196
24
-156
-132
53
112
-11
-97
-6
93
22
-133
-88
79
114
-23
-97
22
71
-35
-116
0
129
94
-29
-126
-79
76
159
45
-104
-118
29
87
38
-78
-37
59
48
-35
-92
7
82
0
-70
-37
53
65
-25
-71
-19
50
72
0
-57
-15
0
2
13
52
48
-9
-15
26
17
-41
-1
134
120
-72
-169
-1
193
83
-153
-143
81
189
-1
-120
-56
47
88
9
-68
-6
85
50
-80
-121
28
226
124
-162
-259
29
272
93
-156
-136
57
124
-7
-99
-59
38
107
10
-95
-62
26
51
-13
-23
33
48
-58
-108
32
133
55
-88
-95
42
137
26
-116
-93
33
123
72
-69
-109
-16
78
56
-23
-52
-1
15
-45
-56
-23
24
45
12
-47
-106
-89
55
119
22
-164
-99
139
156
-69
-179
-35
112
52
-41
-74
-8
60
21
-70
-67
54
111
-29
-201
-76
169
156
-103
-181
65
194
-44
-226
-49
233
178
-125
-206
-30
141
163
13
-144
-90
93
90
-74
-113
61
138
1
-108
-82
51
78
-18
-78
-23
57
52
-34
-57
-27
53
75
-14
-70
-6
51
0
-40
20
83
60
-15
-58
-25
32
94
95
6
-93
-72
59
129
-4
-112
-22
81
67
-33
-42
24
12
1
-22
-20
20
72
43
-59
-103
-8
174
150
-76
-205
-52
148
107
-62
-83
9
97
32
-99
-140
18
186
60
-132
-151
-16
115
70
-26
-30
20
-21
-72
16
91
54
-76
-80
61
127
13
-128
-99
106
126
-23
-109
-61
71
76
-38
-49
2
29
-12
-64
-26
-1
0
0
43
-18
-115
-92
13
115
95
-120
-170
37
166
70
-142
-131
18
88
80
-25
-91
-52
17
26
26
22
-6
-34
-76
-48
64
94
-26
-90
24
96
-37
-180
-25
208
144
-136
-154
12
135
86
-41
-69
3
58
-29
-82
8
116
78
-111
-137
48
137
-3
-143
-64
101
104
-37
-123
-21
82
59
-33
-35
11
62
0
-81
-37
74
153
5
-123
-17
74
55
-10
19
61
13
-81
-49
90
90
-75
-94
36
100
21
-38
-23
-16
0
40
14
2
40
21
-80
-87
26
166
140
-75
-220
-72
173
116
-69
-89
15
77
7
-71
-90
2
137
87
-87
-169
-53
135
105
-29
-70
-25
-34
-1
50
69
-20
-86
-8
91
88
-46
-111
-23
74
80
-11
-65
-30
24
44
-6
-43
5
27
-20
-73
-28
42
5
-19
-3
22
-60
-134
-45
143
156
-102
-240
-34
243
178
-191
-224
5
207
113
-121
-166
26
122
0
-82
-22
75
43
-100
-124
48
145
20
-110
-27
100
39
-159
-131
140
220
17
-169
-145
64
175
87
-77
-133
-29
81
50
-53
-39
54
51
-30
-75
1
67
-1
-53
-35
28
50
5
-75
-44
39
73
29
-50
-48
10
20
21
26
33
6
-17
29
18
-34
5
98
83
-30
-108
-51
112
124
-77
-153
19
163
76
-60
-93
-40
76
44
-35
-34
52
73
-26
-87
-51
128
175
-39
-225
-74
165
124
-71
-118
16
107
10
-82
-68
26
99
32
-71
-116
-15
92
71
-19
-86
-18
50
-7
-22
31
28
-15
-56
10
78
63
-41
-104
-17
91
94
-36
-127
-52
85
70
-10
-28
-10
-21
-68
-8
35
12
-31
-16
18
-55
-110
-60
92
148
-46
-194
-36
151
115
-87
-136
-21
63
75
-10
-50
-3
-12
-28
-23
47
81
-4
-148
-125
70
164
11
-129
-40
104
53
-132
-121
112
207
15
-184
-149
99
201
69
-104
-142
31
107
32
-84
-64
90
61
-55
-64
26
50
-32
-66
-12
35
49
2
-71
-52
39
94
44
-72
-67
26
57
2
-14
30
35
6
-3
-9
-30
23
97
99
-62
-138
1
168
111
-139
-163
100
192
11
-165
-45
98
49
-35
-73
20
146
60
-140
-159
54
225
140
-124
-227
-8
208
75
-139
-79
78
121
-26
-139
-32
49
62
25
-39
-59
-22
19
14
26
36
6
-60
-101
35
135
44
-113
-99
62
146
18
-118
-72
76
101
-9
-84
-68
24
85
26
-66
-35
40
43
-66
-109
-28
63
57
8
-50
-102
-94
14
123
71
-91
-177
-10
192
84
-115
-167
-8
125
76
-41
-90
-32
40
13
-43
-1
62
27
-101
-109
36
126
31
-120
-64
115
58
-101
-122
61
164
42
-86
-93
-27
107
121
-13
-120
-45
47
34
-5
-26
33
32
-47
-58
23
84
0
-91
-66
63
98
4
-110
-67
80
113
-4
-105
-17
76
6
-80
8
102
55
-27
-25
16
-3
-17
67
126
39
-131
-132
108
184
2
-145
-72
89
109
-12
-66
-25
11
33
-9
13
58
41
-39
-98
-31
111
181
24
-172
-125
70
164
5
-125
-56
68
97
-18
-118
-70
79
123
0
-139
-113
54
119
46
-58
-60
6
-21
-12
65
45
-28
-65
12
105
40
-71
-82
2
85
65
-42
-84
-16
83
30
-68
-30
48
28
-64
-99
14
41
6
-27
-6
-1
-102
-107
64
168
-24
-225
-75
212
156
-136
-227
16
177
81
-90
-148
7
115
26
-106
-85
97
128
-66
-205
-71
187
156
-132
-161
60
143
-18
-175
-46
181
155
-88
-188
-35
152
180
-41
-187
-43
101
54
-34
-51
21
56
-19
-56
0
46
0
-73
-51
61
92
-9
-109
-51
56
92
9
-78
-27
55
33
-40
-36
47
91
9
-34
-18
20
20
41
85
27
-94
-100
96
181
-47
-160
-8
128
52
-58
-28
27
24
-11
-49
21
87
43
-53
-100
-24
126
190
18
-226
-184
134
245
-21
-206
-56
149
138
-50
-178
-83
97
155
8
-139
-123
45
107
38
-33
-45
-8
-11
17
44
10
-39
-48
20
86
55
-68
-100
8
115
85
-60
-132
-35
93
63
-34
-16
19
-14
-56
-36
6
-15
-5
40
12
-77
-107
-45
80
123
-41
-159
-53
152
111
-105
-156
8
108
47
-58
-57
20
40
-42
-73
34
99
7
-103
-116
33
133
39
-130
-67
122
110
-115
-199
36
269
118
-179
-223
22
241
141
-97
-177
-16
145
43
-102
-72
100
74
-87
-80
43
102
3
-93
-70
58
107
-22
-113
-68
64
105
3
-67
-21
34
6
-24
-2
53
61
-4
-6
2
-27
5
85
100
14
-103
-104
108
178
-34
-164
-63
121
133
-36
-85
-24
34
38
-13
-21
28
67
-2
-103
-62
88
180
40
-167
-141
63
174
-3
-126
-19
105
45
-73
-100
-21
80
90
-8
-104
-93
11
85