#4
215
129
42
29
117
121
63
55
100
172
93
-87
-12
209
268
120
-90
-60
152
236
126
30
37
111
161
131
31
51
116
158
140
43
-3
123
212
164
13
-79
8
202
253
111
10
-16
50
147
195
87
35
28
115
134
61
12
115
139
73
4
72
145
45
-26
67
196
153
-23
-77
67
210
199
22
-83
5
200
283
81
-89
-47
179
290
133
-64
-66
102
242
190
53
-22
11
88
165
225
139
-27
-100
32
255
279
28
-143
-15
206
244
41
-118
-44
180
255
81
-132
-88
184
318
130
-182
-199
175
436
221
-206
-240
127
340
184
-63
-100
73
190
123
-3
-7
76
147
97
-24
-24
138
196
29
-49
111
242
86
-106
-34
234
301
12
-214
-34
283
305
-26
-206
-26
254
244
-27
-175
-8
181
190
47
-47
-1
80
60
-12
35
173
106
-108
-123
104
284
179
-114
-202
61
324
191
-79
-148
36
265
186
-55
-124
73
277
173
-92
-160
50
286
209
-61
-188
-38
236
263
19
-127
-44
149
146
22
-17
83
91
32
1
42
91
85
20
-38
30
147
93
-108
-100
120
229
77
-142
-121
133
234
85
-95
-113
52
216
181
-1
-114
-9
192
200
48
-79
-54
66
167
143
45
-27
-8
10
103
217
113
-75
-119
29
204
205
10
-135
-68
156
224
71
-140
-112
90
213
105
-102
-126
60
214
168
-96
-204
45
318
241
-130
-277
17
289
182
-62
-141
44
172
74
-23
-13
40
97
94
-9
-93
41
211
154
-80
-79
113
207
48
-127
-21
209
208
-76
-207
33
295
197
-146
-241
67
294
141
-178
-207
84
262
109
-94
-117
60
115
1
-51
54
126
-20
-140
0
186
180
-59
-205
-45
219
242
-26
-208
-36
215
219
-21
-189
-16
231
224
-66
-220
-31
235
228
-33
-226
-106
198
250
5
-133
-14
61
45
55
48
29
1
-14
43
73
43
16
11
-4
-11
70
78
-55
-86
36
144
95
-96
-146
13
195
163
-73
-155
-9
165
173
0
-100
-19
121
131
44
-17
-30
-5
75
127
105
19
-79
-81
62
263
200
-125
-247
-40
236
310
24
-238
-150
161
258
36
-176
-107
109
184
47
-138
-102
60
177
99
-77
-157
-14
233
234
-66
-246
-47
177
153
10
-56
-10
27
8
22
88
49
-34
3
30
-1
38
119
50
-78
-7
154
111
-60
-116
50
220
123
-120
-187
65
265
117
-151
-199
48
221
111
-138
-157
29
157
98
-58
-79
-24
47
47
8
45
20
-102
-91
45
163
106
-74
-174
-46
160
167
-14
-160
-37
153
162
-17
-110
-26
141
147
-17
-175
-64
182
229
-20
-235
-148
154
273
23
-156
-40
82
68
-15
-34
65
75
2
-56
5
70
70
4
-82
-28
127
81
-112
-163
46
232
85
-144
-163
8
207
138
-80
-211
-63
221
254
-18
-231
-115
214
259
-3
-160
-86
59
133
127
34
-41
-53
-34
31
204
162
-92
-200
-48
197
234
1
-200
-86
145
166
3
-148
-97
111
158
0
-151
-83
97
166
43
-143
-159
62
258
174
-140
-269
-34
248
158
-80
-166
6
163
56
-75
-66
33
118
67
-66
-123
27
195
77
-111
-57
112
159
-10
-158
-36
188
189
-53
-214
-49
205
201
-86
-250
-38
198
166
-84
-200
-51
128
139
-1
-89
-85
-1
72
31
-14
26
-16
-107
-55
103
189
13
-224
-150
120
249
74
-194
-159
111
246
57
-164
-128
105
217
63
-207
-168
149
265
47
-223
-212
102
291
85
-151
-117
12
75
76
23
-10
-27
-27
36
44
20
8
-10
-52
-30
88
70
-97
-127
14
156
107
-134
-200
-8
205
157
-94
-227
-54
226
205
-29
-206
-89
150
195
2
-96
-36
17
43
59
75
52
-53
-122
-29
202
215
-42
-231
-122
166
271
34
-202
-141
80
190
68
-137
-145
6
156
101
-90
-178
-26
194
157
-83
-232
-68
270
271
-112
-345
-81
276
169
-95
-143
17
115
43
-84
-44
51
88
41
-44
-108
34
153
61
-102
-37
114
107
-39
-100
29
163
58
-87
-103
30
155
90
-109
-164
25
170
94
-129
-181
-11
181
103
-55
-128
-50
54
41
-19
-6
36
-31
-104
-33
109
157
-26
-224
-105
131
193
13
-189
-87
168
154
-42
-133
-22
130
147
-21
-141
-92
94
184
78
-182
-242
50
272
144
-123
-176
-14
125
86
-17
-50
1
8
-7
10
30
26
-8
-54
-49
70
71
-60
-130
-30
128
111
-102
-180
-17
154
110
-64
-180
-41
163
148
-42
-134
-56
134
167
-14
-139
-44
58
70
17
23
83
50
-133
-118
164
280
31
-287
-217
152
336
82
-245
-215
106
246
49
-186
-148
65
167
47
-132
-138
36
169
100
-100
-178
-39
217
234
-64
-281
-118
166
189
-7
-131
-40
90
35
-39
-40
5
74
40
-43
-97
10
158
84
-137
-100
128
210
-30
-216
-28
246
170
-123
-237
-16
249
173
-164
-243
32
206
79
-145
-148
25
93
18
-21
-3
3
-49
-61
3
61
57
-74
-155
-29
143
128
-27
-178
-83
83
137
26
-104
-90
56
133
35
-90
-77
69
150
34
-157
-146
109
229
38
-216
-183
69
214
101
-77
-146
-19
92
75
-14
-62
-25
38
75
11
-74
-24
75
12
-80
-17
80
-16
-110
-60
76
134
-42
-183
-73
134
172
-37
-220
-73
175
181
-45
-165
-47
134
155
-9
-67
-28
-9
15
57
108
48
-63
-111
-28
173
200
-34
-194
-105
119
230
39
-173
-134
64
181
48
-155
-145
30
166
69
-119
-141
-2
150
122
-91
-212
-55
216
248
-62
-288
-122
179
204
-18
-162
-63
94
84
-47
-84
7
87
74
-64
-152
4
202
86
-130
-106
107
167
-11
-172
-56
185
163
-80
-202
-36
196
144
-101
-207
-24
184
97
-132
-174
0
133
85
-71
-106
-43
45
39
-15
-54
7
12
-78
-86
67
151
-2
-174
-131
102
188
31
-150
-132
80
202
36
-154
-109
110
167
27
-148
-156
77
246
100
-193
-242
33
263
128
-115
-180
-1
98
38
-37
-22
34
25
-43
-1
61
47
-33
-105
-48
105
115
-112
-234
-5
190
141
-86
-221
-82
138
183
4
-204
-155
125
233
31
-200
-137
136
222
4
-135
-68
70
92
-29
-7
100
73
-114
-155
102
279
86
-187
-246
30
307
154
-183
-229
11
223
125
-117
-197
-19
141
84
-76
-120
-8
76
90
-7
-143
-96
114
218
46
-223
-185
114
164
31
-67
-67
28
25
-15
-13
11
32
14
-5
-78
-19
130
85
-94
-120
97
208
-10
-189
-73
174
202
-65
-227
-64
190
208
-82
-263
-54
217
158
-144
-243
-22
178
124
-65
-141
-49
39
48
-15
-66
18
18
-76
-81
45
130
38
-149
-126
55
129
69
-61
-105
-19
113
112
-31
-112
-51
130
147
-54
-192
-29
186
135
-130
-242
-10
252
170
-139
-205
6
135
71
-59
-92
43
81
31
-76
-103
33
133
23
-130
-105
89
71
-86
-125
24
167
29
-201
-189
100
265
38
-247
-180
136
254
15
-204
-135
134
212
8
-131
-66
22
68
44
24
46
15
-77
-101
85
244
67
-177
-194
-9
239
193
-79
-234
-95
177
189
-55
-214
-74
163
146
-93
-210
-30
181
140
-74
-218
-79
188
266
-9
-287
-208
167
251
17
-158
-83
76
81
-33
-67
-12
56
77
-31
-124
-22
151
125
-104
-125
91
178
22
-175
-73
180
183
-65
-215
-68
208
187
-98
-246
-58
175
154
-82
-192
-55
119
92
-35
-71
-34
-23
-20
0
31
54
-33
-147
-97
104
169
39
-184
-178
58
184
60
-104
-91
25
109
55
-54
-55
3
83
46
-51
-93
-5
125
98
-64
-187
-83
176
174
-43
-141
-54
67
52
-23
-33
12
35
-5
-47
13
59
34
-74
-115
35
153
-15
-228
-104
174
193
-91
-251
-84
171
173
-44
-193
-107
129
205
13
-185
-123
127
234
20
-138
-100
21
82
60
29
32
9
-56
-112
66
276
116
-223
-266
54
308
157
-158
-257
-2
236
148
-115
-239
-41
195
117
-121
-194
-15
167
134
-61
-191
-79
151
225
14
-236
-186
121
198
28
-119
-102
63
86
-20
-68
-1
44
38
-12
-80
-54
95
116
-19
-88
4
114
52
-51
-92
29
135
59
-126
-139
56
195
37
-194
-136
122
175
-26
-209
-77
128
102
-59
-105
-12
72
-25
-91
-32
90
77
-133
-181
27
222
117
-163
-222
-19
197
166
-86
-183
-41
154
127
-62
-134
-5
145
120
-122
-166
29
196
127
-121
-233
-34
188
154
-64
-129
-11
59
36
-21
-13
20
39
-26
-28
-4
34
23
-17
-77
-24
90
27
-122
-111
32
142
23
-157
-125
35
173
71
-153
-171
54
209
72
-128
-140
49
186
69
-68
-93
-33
39
88
66
6
-22
-52
-65
50
202
95
-128
-182
-19
184
188
-42
-193
-98
122
178
-45
-176
-58
127
115
-73
-156
-64
119
158
-14
-202
-148
129
305
59
-281
-240
105
277
39
-176
-99
73
125
-31
-103
-41
57
99
17
-125
-109
100
192
6
-144
-44
136
111
-59
-132
41
168
69
-125
-184
57
255
52
-212
-197
114
233
19
-223
-150
65
156
23
-87
-74
-4
9
-7
-8
8
-2
-75
-61
40
111
30
-109
-139
21
122
70
-53
-87
-6
100
66
-44
-77
-24
92
91
-22
-139
-62
125
172
-45
-235
-112
177
206
-28
-175
-67
75
83
-24
-53
29
47
-25
-49
-4
67
34
-75
-92
26
119
-20
-171
-94
103
128
-32
-159
-90
88
140
13
-143
-129
41
184
90
-93
-156
13
180
101
-55
-112
-41
61
84
53
31
-10
-60
-109
78
258
81
-205
-212
52
265
132
-129
-187
-11
151
109
-26
-158
-99
91
133
-8
-142
-135
76
177
45
-150
-175
48
264
144
-184
-274
16
229
96
-125
-106
39
96
6
-51
-38
26
53
-7
-70
-58
72
138
-27
-89
19
133
81
-111
-112
89
176
19
-163
-111
103
159
17
-170
-116
87
163
13
-160
-133
32
108
30
-73
-48
-1
4
-14
-21
49
40
-127
-131
26
147
80
-118
-154
-20
126
107
-47
-120
-24
109
95
-60
-100
9
109
89
-75
-128
-27
143
145
-62
-215
-109
139
198
5
-139
-97
52
66
19
-32
-24
17
25
0
-29
13
45
-16
-97
-51
114
98
-159
-204
34
224
112
-189
-237
31
235
121
-161
-234
3
254
173
-141
-239
22
256
135
-118
-160
-2
123
71
-3
-5
31
1
-46
-3
127
124
-48
-162
-86
134
202
-17
-170
-110
74
191
50
-177
-191
55
227
38
-186
-181
93
240
49
-229
-242
102
349
143
-257
-286
49
248
83
-123
-125
22
100
15
-47
-26
21
38
19
-49
-56
50
84
-2
-59
42
99
14
-97
-85
95
191
-8
-189
-101
135
177
-8
-163
-137
69
146
28
-133
-133
8
117
81
-42
-114
-80
25
48
9
15
-5
-131
-134
56
216
79
-172
-217
38
184
89
-87
-118
-20
104
97
-32
-115
-17
112
136
-31
-193
-57
164
161
-33
-214
-149
134
251
14
-199
-95
76
94
4
-62
-9
53
17
-43
-40
11
59
16
-92
-69
98
71
-140
-156
42
173
59
-155
-165
20
161
94
-80
-193
-46
170
165
-46
-195
-97
208
213
-48
-214
-103
124
182
21
-69
-12
7
-38
2
134
125
-35
-177
-100
125
199
16
-160
-125
70
160
27
-155
-112
63
122
-1
-143
-102
77
164
41
-144
-182
34
265
147
-197
-272
30
235
88
-107
-131
27
109
-7
-81
-28
66
88
-7
-123
-91
110
198
-4
-183
-44
198
141
-115
-179
31
224
83
-169
-166
81
232
45
-210
-169
118
191
0
-197
-119
84
117
13
-72
-43
-29
-15
-15
-9
55
28
-116
-121
13
170
100
-126
-208
-31
165
167
-57
-166
-58
98
164
-10
-140
-76
122
173
-13
-221
-75
182
171
-62
-217
-112
132
207
13
-153
-56
50
45
-21
-36
39
56
-23
-71
-29
38
56
12
-83
-96
50
106
-65
-148
-10
131
70
-139
-172
20
178
105
-118
-176
-13
154
133
-49
-147
-33
132
126
-25
-100
-46
20
67
55
32
14
-29
-65
-32
140
196
-49
-223
-122
147
260
28
-211
-151
82
204
55
-181
-187
85
240
10
-238
-158
126
217
20
-192
-167
67
252
127
-156
-235
6
196
61
-93
-78
31
90
-27
-85
-5
66
50
-32
-97
-54
110
152
-32
-153
11
200
108
-146
-199
71
269
110
-166
-247
31
272
135
-204
-251
60
256
71
-202
-215
26
198
87
-107
-124
-4
69
-15
-59
30
65
-91
-149
-11
140
121
-68
-210
-71
133
144
-5
-144
-92
96
138
4
-108
-59
77
138
-2
-178
-98
136
208
17
-226
-217
86
301
108
-184
-189
12
127
77
-62
-57
20
23
-13
-8
11
42
5
-85
-89
76
112
-74
-160
-41
139
125
-85
-218
-40
173
154
-83
-226
-65
192
176
-36
-189
-84
152
193
20
-143
-112
28
109
81
10
-6
-15
-87
-27
173
190
-58
-201
-99
121
198
41
-155
-117
88
149
10
-150
-122
85
147
-11
-150
-121
80
163
83
-129
-210
-4
240
188
-107
-298
-54
223
125
-62
-109
-20
84
-5
-62
7
56
7
-29
-20
-29
8
60
30
-17
2
59
56
-41
-84
14
141
79
-95
-140
16
151
103
-95
-178
-41
167
113
-130
-181
-1
122
74
-79
-79
-13
17
-13
-44
19
70
-44
-158
-59
126
165
-48
-212
-103
102
180
39
-156
-126
70
162
46
-114
-98
65
149
2
-157
-72
117
146
0
-151
-130
47
178
66
-91
-74
-21
41
48
3
-28
-21
3
49
-8
-39
-7
26
-11
-50
35
49
-80
-114
11
127
73
-126
-156
-2
135
125
-78
-193
-58
171
179
-42
-186
-75
156
170
-4
-123
-63
36
74
41
28
34
-9
-106
-71
154
216
-5
-217
-170
127
280
56
-205
-167
65
185
61
-159
-162
70
187
26
-194
-189
82
242
89
-185
-210
4
248
199
-146
-276
-41
219
146
-84
-132
-27
94
59
-68
-75
24
87
44
-81
-135
47
175
61
-137
-39
98
105
-26
-116
4
145
86
-80
-143
-1
178
101
-151
-197
69
217
33
-182
-140
30
114
52
-38
-67
-42
-13
-11
6
17
25
-33
-129
-64
121
167
-23
-215
-128
131
189
5
-152
-123
83
166
38
-107
-99
82
157
10
-172
-119
87
202
87
-142
-243
-21
210
175
-56
-178
-100
48
124
59
-61
-52
1
22
6
4
-2
-10
-29
-36
40
47
-97
-137
23
162
73
-130
-196
-41
173
181
-80
-267
-75
207
214
-40
-224
-104
162
215
11
-145
-87
21
68
48
42
25
-18
-110
-51
182
205
-36
-240
-148
145
277
40
-215
-169
90
217
54
-169
-193
48
192
62
-149
-165
30
180
85
-133
-196
-13
219
210
-94
-279
-85
182
160
-18
-111
-42
36
31
8
-17
-28
-4
31
43
-46
-52
64
99
2
-61
9
95
33
-95
-37
133
122
-75
-164
-24
153
141
-90
-196
-14
162
101
-124
-183
-1
127
55
-53
-53
-32
-20
-8
10
30
31
-77
-150
-14
129
124
-35
-184
-113
95
172
41
-140
-112
77
150
6
-117
-61
100
147
-20
-168
-80
120
181
8
-184
-163
30
202
132
-98
-171
-6
110
61
-48
-60
8
18
24
8
-32
-4
18
-3
-50
-17
47
-15
-101
-54
82
107
-52
-150
-68
93
116
-43
-145
-55
123
144
-17
-139
-83
108
172
6
-115
-80
42
87
25
10
51
4
-113
-54
152
203
-14
-205
-142
116
232
67
-158
-139
48
170
53
-125
-146
8
131
81
-94
-152
-11
142
109
-81
-171
-72
178
218
-34
-271
-123
182
176
-52
-127
-16
90
26
-88
-34
64
58
-20
-80
-58
47
117
43
-98
-42
108
112
-59
-146
3
206
94
-112
-168
-1
183
129
-97
-191
-40
128
93
-53
-140
-62
62
112
15
-107
-86
21
31
-40
-33
50
2
-150
-84
114
182
-28
-230
-135
139
195
9
-174
-117
117
178
-10
-167
-72
143
183
-34
-197
-100
130
193
27
-161
-187
-4
217
139
-108
-152
21
94
7
-55
26
69
10
-105
-67
72
112
5
-128
-113
51
168
-16
-216
-105
110
187
22
-228
-164
105
234
43
-223
-193
100
264
71
-212
-161
100
260
54
-173
-136
64
144
17
-61
43
109
-30
-172
0
260
176
-157
-308
-14
314
243
-146
-316
-33
244
164
-124
-213
-21
160
90
-90
-151
-15
108
121
-31
-179
-100
135
230
29
-261
-155
121
161
23
-101
-60
55
17
-44
-9
34
42
3
-29
-84
-18
121
110
-77
-103
45
137
40
-100
-83
81
159
8
-169
-90
131
161
-42
-185
-62
137
128
-90
-185
-26
108
89
-21
-105
-41
20
9
-25
-32
57
9
-145
-102
95
195
17
-210
-173
73
202
82
-146
-148
51
166
69
-115
-97
42
141
71
-110
-142
48
185
65
-160
-180
26
175
117
-94
-97
6
21
31
-17
4
37
-16
-22
-7
-2
21
18
-37
-85
15
121
-29
-163
-84
94
178
-29
-250
-112
151
207
-21
-238
-125
141
230
1
-188
-116
130
198
-1
-133
-65
48
69
33
-1
45
21
-48
-84
46
217
91
-163
-174
1
206
140
-84
-164
-23
125
107
-70
-144
-45
123
101
-59
-131
-60
91
128
9
-172
-135
100
257
69
-206
-210
85
171
-5
-83
-17
48
37
-72
-28
50
54
-6
-47
-49
6
85
78
-67
-93
88
144
-7
-130
-48
146
133
-43
-131
-72
103
153
-34
-166
-67
145
88
-89
-152
-9
115
41
-54
-51
-29
8
10
-23
-25
21
49
-91
-156
40
202
107
-184
-274
1
276
159
-161
-228
30
232
109
-135
-170
23
190
93
-122
-164
17
180
115
-104
-236
-59
211
170
-64
-137
-28
28
12
9
32
38
-20
-80
-25
58
79
5
-102
-115
18
152
20
-169
-113
65
160
3
-191
-119
89
178
1
-178
-129
98
197
47
-130
-131
28
188
94
-83
-104
-16
82
53
15
35
53
-49
-129
38
219
142
-125
-243
-55
218
251
-43
-249
-113
139
192
14
-207
-143
94
189
5
-205
-118
143
196
-21
-248
-122
179
272
27
-256
-215
124
221
16
-123
-85
47
60
-21
-22
19
46
8
-58
-65
10
118
72
-85
-73
104
126
-13
-161
-66
168
169
-44
-203
-58
160
172
-34
-207
-100
106
166
-1
-186
-129
56
144
46
-100
-108
-37
71
56
-31
-47
-9
-66
-52
37
112
54
-125
-159
-7
139
123
-42
-145
-52
101
137
-4
-133
-75
127
178
-89
-203
13
219
134
-158
-265
-28
244
178
-126
-169
5
119
42
-70
-45
39
47
-10
-47
-27
40
51
-16
-100
-23
98
16
-110
-118
23
165
51
-185
-168
45
202
81
-182
-186
59
226
97
-158
-183
35
250
98
-134
-142
-9
124
92
-21
-21
37
-10
-78
13
183
104
-106
-185
-33
207
209
-66
-239
-96
154
187
-54
-200
-90
126
127
-52
-155
-90
100
169
-13
-163
-138
114
233
70
-209
-222
58
231
65
-130
-101
30
91
-7
-70
-11
56
55
-9
-93
-52
91
117
-41
-64
34
85
25
-81
-62
85
136
4
-122
-102
73
167
31
-160
-132
64
148
33
-135
-147
17
120
82
-56
-139
-38
67
25
-48
-10
54
-90
-137
17
152
125
-87
-232
-55
162
174
-23
-169
-74
102
119
-17
-93
11
134
34
-110
-98
78
138
35
-105
-135
-41
128
118
-6
-83
-40
9
-3
-1
36
57
-17
-88
-34
57
81
20
-86
-121
19
174
15
-208
-175
93
248
36
-254
-198
87
243
85
-184
-237
56
268
122
-165
-210
49
235
97
-101
-134
-18
94
87
5
-24
35
12
-84
7
166
112
-83
-196
-42
191
198
-49
-207
-82
111
146
1
-166
-95
98
114
-17
-121
-68
51
110
25
-140
-119
53
215
122
-186
-229
34
193
59
-102
-78
34
61
-23
-35
0
29
16
-19
-41
-16
64
89
-41
-86
47
146
49
-136
-96
80
184
38
-160
-136
93
228
32
-253
-148
153
206
-26
-246
-119
129
150
-31
-95
-44
0
-11
-8
12
71
1
-176
-124
92
180
47
-162
-150
-7
128
134
-50
-144
-51
114
137
-40
-121
-28
127
124
-59
-156
-29
168
135
-86
-210
-100
139
187
2
-140
-90
43
91
33
-57
-47
-7
59
41
-48
-57
35
52
-80
-94
84
100
-146
-169
59
188
35
-185
-165
70
199
51
-169
-166
38
225
92
-143
-156
56
202
52
-103
-75
30
66
24
-6
49
66
-25
-125
-4
202
138
-61
-206
-95
177
231
-26
-179
-119
106
184
-4
-186
-129
90
170
-8
-157
-94
78
163
19
-157
-157
58
247
104
-175
-198
26
158
48
-71
-55
10
27
-12
-8
6
19
19
2
-55
-59
83
118
-42
-111
56
161
28
-168
-105
174
213
-43
-231
-113
180
234
-25
-248
-135
135
169
-28
-191
-82
85
104
-36
-69
-37
17
-15
-64
-18
105
61
-177
-199
67
243
88
-176
-242
14
216
114
-94
-158
-12
121
92
-9
-96
-61
92
152
-19
-185
-91
148
197
-8
-232
-184
117
256
53
-185
-123
43
103
21
-52
-12
36
-15
-29
1
50
41
-31
-122
-48
129
101
-146
-186
43
182
72
-165
-180
38
189
87
-133
-203
-9
194
156
-78
-185
-10
189
105
-46
-94
-13
39
34
22
36
52
-19
-91
-28
165
146
-48
-191
-106
158
248
4
-226
-147
102
218
33
-187
-150
69
165
30
-175
-159
86
197
71
-159
-196
24
236
151
-147
-257
-21
186
98
-47
-71
-4
11
-17
7
16
30
-15
-42
0
7
18
49
10
-45
0
106
55
-86
-89
73
155
64
-127
-152
61
202
53
-180
-152
75
184
33
-189
-158
55
135
68
-69
-99
-46
26
28
-9
23
25
-125
-123
48
156
79
-132
-186
-23
149
125
-28
-135
-59
59
114
38
-83
-95
61
180
12
-188
-104
128
207
11
-243
-199
131
283
47
-185
-123
33
97
16
-80
15
85
-7
-79
-23
65
68
-29
-129
-66
132
89
-140
-184
17
206
109
-183
-232
6
231
153
-140
-246
-31
221
160
-94
-193
-15
170
132
-67
-117
-14
37
60
53
28
14
-14
-51
-47
115
163
-6
-168
-137
76
222
79
-131
-178
7
175
82
-95
-161
-3
110
54
-99
-110
13
130
56
-107
-140
-5
194
164
-97
-236
-51
167
89
-56
-79
-4
69
7
-33
-8
30
9
-5
-19
-47
20
118
37
-118
-17
129
98
-79
-146
56
210
90
-134
-185
19
212
108
-145
-195
36
197
56
-164
-173
27
163
60
-81
-121
-14
50
1
-54
-18
77
-7
-151
-85
113
175
-8
-235
-150
153
228
-32
-211
-66
150
144
-21
-124
-56
84
139
-4
-165
-83
135
177
1
-208
-180
88
235
51
-126
-114
-13
53
75
25
-25
-53
-41
30
65
-2
-25
-11
-59
-28
91
56
-146
-157
39
169
76
-143
-203
-1
194
123
-114
-226
-43
204
199
-49
-194
-97
138
179
24
-125
-101
44
126
52
-6
2
-13
-79
-27
155
174
-35
-193
-121
119
248
41
-194
-136
87
181
35
-174
-157
68
174
34
-154
-148
65
179
89
-146
-231
2
262
205
-129
-303
-30
237
116
-131
-117
57
127
-22
-126
-23
98
84
-36
-108
-82
93
185
24
-155
-58
140
120
-83
-135
34
181
84
-139
-150
44
177
59
-139
-147
45
134
49
-118
-147
19
101
46
-38
-70
-55
-7
26
-13
-29
18
-17
-110
-52
79
145
-12
-182
-117
83
175
28
-149
-98
89
146
22
-114
-94
50
170
48
-135
-137
52
198
82
-174
-233
7
264
138
-97
-136
-53
50
84
12
-19
-22
-13
17
14
7
0
0
-44
-63
62
90
-80
-166
-38
156
134
-115
-231
-45
199
167
-103
-235
-53
198
198
-63
-208
-59
176
188
-39
-130
-43
44
63
8
27
70
0
-100
-65
154
196
-34
-187
-101
115
208
35
-154
-144
20
165
100
-120
-194
-14
176
95
-101
-184
-15
170
135
-86
-206
-70
199
236
-57
-286
-135
219
184
-97
-174
3
141
42
-109
-74
56
115
13
-116
-100
43
183
57
-152
-67
128
121
-54
-160
30
199
81
-125
-188
33
216
87
-156
-182
39
178
62
-125
-178
-18
132
77
-28
-80
-68
0
8
-17
24
78
-55
-226
-64
225
212
-107
-306
-111
190
238
-16
-218
-101
147
159
-34
-114
-36
95
106
-3
-121
-101
66
176
63
-159
-204
24
227
133
-107
-139
-16
55
42
-10
-22
29
8
-35
-2
36
21
-70
-79
22
117
22
-118
-145
18
143
86
-122
-218
-5
186
120
-100
-198
-46
182
168
-82
-188
-19
163
147
-42
-121
-37
70
59
-9
1
104
28
-138
-109
174
227
-10
-239
-150
134
242
37
-165
-117
37
107
63
-38
-131
-43
72
79
-27
-125
-75
99
140
-16
-166
-99
142
229
-15
-253
-89
159
106
-90
-80
63
113
-37
-138
-27
116
107
-48
-132
-65
119
183
-31
-179
-34
165
130
-90
-142
49
201
85
-144
-158
46
178
75
-122
-135
28
135
43
-116
-139
23
97
40
-48
-60
-21
6
-24
-17
20
55
-57
-152
-30
118
131
-27
-178
-112
99
167
16
-136
-90
55
131
42
-82
-72
35
130
34
-114
-110
51
169
54
-161
-185
28
219
125
-101
-174
-29
118
84
-41
-83
-11
46
27
-20
-19
41
34
-93
-111
68
145
-44
-199
-97
124
197
-19
-230
-169
122
256
26
-246
-186
136
276
25
-239
-132
133
216
36
-107
-112
10
88
68
35
5
-21
-69
-59
126
207
11
-194
-176
83
271
121
-188
-208
-5
193
136
-97
-204
-27
174
70
-107
-111
12
106
64
-44
-112
-81
107
201
22
-206
-149
91
153
11
-70
-61
62
16
-54
-1
27
47
6
-60
-59
40
118
24
-98
-12
100
74
-57
-117
36
178
84
-105
-161
16
184
95
-103
-191
-35
176
142
-95
-224
-56
141
128
-18
-128
-84
13
44
-4
-22
56
-37
-156
-62
117
170
-12
-204
-147
106
166
25
-128
-119
66
154
45
-113
-87
72
143
33
-144
-113
75
171
56
-148
-187
12
214
116
-123
-139
45
102
-28
-84
11
120
9
-108
-51
66
95
7
-122
-118
58
177
-34
-236
-96
174
202
-55
-274
-99
186
209
-51
-272
-125
186
247
13
-233
-144
169
223
-11
-143
-63
54
75
14
-4
48
36
-60
-102
56
247
90
-199
-231
19
278
171
-139
-216
-17
158
141
-62
-185
-86
128
138
-52
-175
-65
111
162
-20
-180
-110
123
219
56
-241
-181
124
180
15
-135
-88
94
99
-72
-95
15
117
51
-78
-144
5
195
95
-136
-101
96
145
-4
-130
-43
120
134
-33
-169
-66
143
139
-34
-164
-59
103
104
-54
-167
-39
102
64
-38
-55
-25
-24
-9
-6
31
65
-63
-186
-51
153
158
-33
-204
-117
85
147
41
-111
-91
43
126
39
-93
-61
73
145
18
-155
-99
83
173
28
-153
-153
0
159
152
-49
-114
-52
-11
54
47
16
-13
-37
-20
31
54
4
-50
-61
-37
79
94
-73
-177
-45
127
145
-77
-216
-88
165
188
-36
-228
-116
129
201
23
-153
-117
56
194
83
-85
-116
-28
67
95
8
-6
35
-13
-113
20
212
113
-136
-196
-28
229
188
-96
-226
-47
158
146
-54
-177
-80
121
125
-59
-158
-68
138
160
-65
-214
-78
162
241
-4
-241
-164
145
174
-54
-107
3
116
12
-137
-81
89
144
33
-130
-114
30
152
92
-86
-136
49
179
80
-143
-138
112
213
10
-227
-130
171
212
-35
-224
-89
128
147
-39
-184
-92
84
115
-4
-76
-81
-4
44
-13
-35
15
30
-98
-136
25
187
119
-172
-248
14
241
142
-149
-207
27
187
92
-79
-128
10
142
98
-88
-163
-7
169
142
-67
-241
-112
175
231
-11
-187
-87
71
96
13
-83
-38
49
27
-24
-26
19
30
-30
-71
13
90
-32
-153
-64
89
139
-18
-191
-112
83
172
34
-187
-149
100
211
46
-168
-136
96
193
41
-90
-79
1
43
53
31
32
15
-63
-66
67
186
83
-135
-186
-23
197
194
-68
-202
-69
135
167
-46
-200
-71
139
138
-50
-171
-67
120
148
-17
-185
-125
106
263
92
-228
-251
80
230
37
-122
-90
60
74
-43
-53
28
54
2
-67
-55
15
104
84
-56
-104
21
167
68
-125
-130
81
211
66
-191
-186
92
255
31
-221
-150
111
184
-23
-204
-107
119
129
-32
-122
-55
10
27
-1
-21
25
9
-121
-129
66
197
58
-189
-199
29
225
143
-159
-209
7
182
122
-97
-130
23
161
93
-121
-158
15
168
137
-106
-228
-75
192
193
-48
-153
-62
47
66
27
-37
-18
5
-5
20
15
-10
-16
-17
-52
8
92
-13
-142
-90
58
158
10
-186
-130
55
199
46
-186
-160
81
232
63
-165
-145
79
185
58
-86
-41
-6
34
6
19
77
69
-63
-149
10
231
157
-103
-232
-86
217
232
-62
-224
-85
129
173
-42
-170
-92
120
120
-58
-176
-54
134
139
-66
-155
-51
108
179
40
-196
-192
101
209
-4
-164
-57
127
90
-100
-117
23
135
54
-68
-103
-26
105
118
-42
-86
19
78
46
-48
-46
74
99
-19
-97
-63
81
146
4
-168
-99
103
137
-36
-174
-121
97
146
26
-115
-109
2
65
12
-63
7
52
-80
-112
29
124
79
-97
-189
-12
155
97
-64
-105
-15
77
95
0
-85
-56
93
131
-14
-178
-74
138
180
-25
-231
-157
149
252
62
-166
-161
-8
115
71
-47
-45
18
29
-3
-6
-15
13
-13
-35
-8
53
-29
-110
-47
51
82
22
-90
-135
-7
121
88
-71
-172
-22
164
126
-74
-171
-12
188
154
-60
-169
-50
107
97
7
-10
21
-5
-71
13
159
119
-90
-208
-63
185
225
-15
-207
-119
93
206
14
-222
-130
120
167
-32
-204
-103
138
212
-18
-237
-158
128
291
77
-245
-247
68
229
81
-123
-101
21
83
-2
-53
-6
33
12
-14
-33
-21
69
77
-33
-56
38
102
38
-88
-71
81
146
10
-127
-97
77
180
-1
-186
-102
137
146
-30
-203
-104
94
144
-12
-112
-50
16
13
-24
-16
60
24
-150
-116
73
163
57
-132
-172
-20
130
134
-52
-125
-32
97
92
-25
-84
-30
87
124
-34
-167
-68
165
195
-58
-257
-128
155
236
3
-176
-120
72
133
-3
-113
-14
91
43
-35
-73
-6
69
27
-74
-58
42
4
-76
-48
30
90
10
-144
-106
39
135
35
-104
-130
28
169
73
-96
-117
4
173
90
-76
-91
-9
68
62
11
17
7
3
-49
-28
156
123
-58
-173
-80
153
203
-27
-178
-90
116
160
-35
-180
-84
102
138
-36
-156
-73
104
141
-4
-167
-112
64
231
122
-165
-261
-18
215
137
-47
-144
-44
93
45
-52
-42
19
61
-2
-87
-21
105
97
-64
-96
51
142
39
-109
-101
87
178
41
-153
-170
76
206
76
-164
-178
58
157
57
-161
-166
41
135
60
-58
-108
-51
25
10
-10
39
31
-154
-158
62
196
93
-140
-248
-33
207
158
-52
-179
-65
117
155
-1
-152
-63
103
143
-23
-175
-89
138
196
-7
-225
-172
120
237
42
-183
-100
43
89
13
-49
10
45
-6
-54
-32
46
80
-1
-128
-81
136
124
-150
-201
3
175
129
-116
-214
-40
159
153
-64
-202
-74
161
179
-26
-192
-75
161
186
-28
-140
-54
63
62
37
47
46
-41
-106
-33
174
209
-33
-234
-156
136
291
47
-225
-188
89
236
63
-193
-177
45
173
51
-159
-140
64
172
79
-142
-202
8
243
180
-158
-279
2
195
91
-59
-101
8
71
-10
-46
-1
48
36
-15
-61
-62
46
133
41
-116
-80
125
161
-47
-181
-7
203
107
-133
-194
56
207
85
-153
-176
18
168
72
-142
-162
10
97
74
-31
-89
-43
5
21
6
17
8
-94
-99
20
102
66
-82
-136
-56
101
120
4
-125
-76
84
163
25
-155
-98
154
188
-66
-231
-35
195
185
-85
-267
-103
175
256
-7
-218
-101
78
118
4
-86
1
44
12
-10
-28
-7
48
6
-81
-47
83
55
-125
-129
35
159
57
-160
-188
41
209
75
-142
-170
-8
177
144
-89
-156
-27
136
153
6
-119
-112
48
125
66
-17
-22
-5
-27
-23
127
136
-30
-173
-131
124
255
37
-190
-156
70
191
38
-173
-165
59
175
57
-156
-168
44
211
79
-146
-184
-7
203
192
-85
-284
-95
196
154
-34
-132
-21
113
7
-85
-41
72
92
-35
-135
-79
121
196
-3
-169
-44
149
147
-69
-159
14
163
93
-67
-162
-4
166
89
-88
-166
-1
147
73
-106
-173
-19
154
94
-59
-126
-59
39
49
-3
-35
13
-19
-132
-38
142
153
-62
-247
-97
128
181
29
-145
-110
72
162
59
-115
-105
50
151
16
-152
-97
113
179
7
-194
-145
77
199
54
-101
-124
-4
70
50
-31
-20
30
-4
-40
-29
50
81
-17
-133
-76
106
101
-94
-169
-7
145
78
-110
-171
-2
141
74
-78
-163
-22
151
133
-62
-153
-38
143
143
-1
-123
-83
40
87
41
11
26
9
-70
-49
128
162
-24
-162
-120
87
206
47
-141
-123
39
163
61
-139
-150
26
136
47
-116
-159
17
185
121
-130
-225
-22
229
235
-96
-337
-86
250
163
-84
-148
-21
102
42
-56
-64
39
79
16
-77
-104
45
179
31
-136
-51
137
131
-66
-153
25
190
98
-135
-184
6
217
137
-131
-222
10
176
100
-131
-181
-21
147
101
-70
-133
-51
51
66
-6
-84
-1
12
-83
-44
68
91
13
-119
-135
26
164
61
-118
-122
43
121
50
-53
-83
40
132
43
-134
-127
46
206
87
-190
-253
37
295
158
-154
-216
-20
143
101
-47
-95
-7
72
45
-33
-54
6
59
-13
-91
41
74
-68
-147
-37
140
109
-92
-194
-52
161
151
-71
-182
-69
136
165
-14
-129
-70
79
141
14
-87
-65
39
72
25
28
51
10
-94
-100
117
207
36
-179
-191
80
270
120
-184
-214
35
227
84
-167
-174
53
176
30
-156
-121
54
155
40
-149
-146
43
203
128
-117
-225
-48
173
122
-89
-100
40
93
-14
-74
-35
29
80
26
-67
-128
-7
181
116
-94
-115
45
144
32
-112
-34
105
95
-35
-127
-24
133
81
-84
-132
-6
113
77
-77
-165
-31
99
84
-29
-96
-51
12
5
9
16
41
-82
-156
-20
154
122
-85
-191
-43
104
107
-18
-77
-24
57
71
-8
-68
-38
65
90
18
-98
-77
60
149
40
-150
-171
29
194
118
-57
-164
-51
80
87
16
-62
-17
22
37
-21
-50
5
60
3
-80
-43
54
27
-58
-81
-1
99
31
-138
-122
68
148
26
-150
-134
81
204
45
-175
-133
124
197
29
-119
-101
32
99
25
-2
55
36
-84
-117
102
247
54
-215
-210
75
294
115
-193
-199
21
186
122
-108
-208
-20
160
121
-84
-215
-34
185
169
-102
-240
-73
217
261
-60
-329
-128
215
212
-58
-151
-41
103
41
-76
-42
63
48
-33
-73
-53
73
136
-1
-104
-36
95
110
-14
-90
-46
94
128
-19
-131
-54
90
129
-19
-152
-91
94
125
-40
-160
-50
91
105
-31
-109
-55
39
61
-55
-59
47
5
-142
-80
108
168
-9
-183
-140
73
150
35
-85
-51
15
71
38
-48
-53
6
122
53
-107
-125
52
187
77
-165
-213
2
227
144
-86
-175
-28
102
79
-56
-63
28
64
-3
-63
-21
52
55
-63
-123
23
139
-13
-186
-112
117
200
-11
-257
-174
135
252
15
-246
-175
135
268
26
-219
-162
132
227
48
-120
-136
12
133
63
-29
-36
34
25
-57
24
143
71
-105
-172
-10
207
156
-82
-179
-48
121
137
-33
-169
-89
99
114
-15
-132
-77
94
140
0
-152
-140
101
253
60
-228
-209
121
188
2
-101
-57
47
82
-23
-66
-27
70
75
-32
-165
-44
188
164
-95
-122
52
155
28
-148
-54
142
137
-43
-186
-46
165
163
-79
-213
-44
160
115
-73
-169
-58
91
76
-17
-90
-50
28
36
-45
-50
44
26
-103
-98
49
146
47
-169
-159
63
156
56
-73
-76
-8
73
62
-24
-76
0
93
68
-74
-107
16
134
102
-109
-224
-26
206
190
-85
-210
-53
121
100
-46
-81
19
48
1
-48
-22
64
81
-91
-154
32
194
-6
-241
-135
131
224
-13
-259
-154
155
227
-12
-239
-166
115
241
75
-159
-170
83
198
64
-93
-117
5
90
65
0
18
27
-23
-52
8
123
95
-64
-148
-44
161
170
-46
-163
-77
107
136
-33
-164
-62
105
102
-55
-159
-56
148
151
-46
-214
-95
133
245
33
-236
-200
126
188
10
-101
-54
65
37
-74
-39
66
72
-27
-95
-80
80
132
44
-95
-95
99
142
5
-138
-91
140
199
-43
-200
-71
165
178
-87
-209
-11
140
88
-93
-160
5
103
32
-56
-41
7
-6
-62
-45
50
103
-12
-163
-139
77
185
93
-162
-246
-9
225
158
-81
-156
-50
98
124
-1
-99
-31
111
87
-77
-126
-4
160
126
-98
-240
-72
196
216
-40
-177
-81
62
111
9
-49
-8
4
-12
-17
17
35
10
-52
-89
30
128
-19
-185
-106
106
174
-29
-216
-116
136
203
-32
-206
-136
114
217
55
-181
-160
88
236
76
-131
-130
16
114
51
-4
18
10
-19
-79
14
179
107
-97
-194
-41
216
179
-101
-207
-45
140
142
-33
-188
-85
126
97
-40
-123
-88
83
151
26
-165
-173
91
278
83
-232
-258
101
256
34
-150
-132
72
142
5
-123
-74
79
112
-15
-123
-79
103
167
-26
-116
33
121
34
-94
-70
100
132
3
-129
-83
80
147
-5
-129
-73
67
71
-12
-118
-56
44
64
-4
-38
-45
-20
-3
-12
-19
31
17
-131
-111
87
191
34
-203
-173
46
199
109
-114
-155
11
126
81
-28
-84
-43
94
112
-32
-150
-27
129
115
-67
-187
-67
123
157
25
-97
-98
-27
61
56
7
-13
-27
-26
17
36
24
-15
-62
-75
10
101
11
-121
-95
32
131
37
-137
-118
21
127
63
-126
-144
54
179
66
-135
-117
88
151
20
-69
-17
22
-12
7
66
107
24
-116
-123
64
249
113
-157
-232
-15
245
202
-102
-206
-52
123
146
-13
-146
-99
52
116
39
-136
-122
70
183
40
-173
-176
55
267
120
-202
-235
52
234
43
-147
-81
84
105
-36
-128
-15
112
84
-56
-153
-24
166
139
-84
-146
50
178
38
-152
-118
122
213
0
-203
-115
135
221
-30
-232
-108
127
189
-29
-212
-119
111
146
2
-122
-88
11
29
-15
-33
36
4
-108
-106
47
160
36
-138
-157
32
159
82
-88
-126
-12
107
63
-52
-67
7
104
80
-71
-125
-13
161
126
-96
-227
-85
187
220
-32
-175
-91
20
99
81
-29
-63
-50
11
55
40
-21
-28
-45
-54
40
104
-38
-162
-90
88
168
1
-194
-136
79
191
50
-161
-161
31
216
105
-121
-181
18
202
138
-61
-166
-45
117
94
7
-10
19
-11
-88
-1
189
145
-84
-232
-72
210
242
-37
-248
-115
147
188
0
-183
-148
98
157
7
-170
-135
122
207
-18
-241
-146
151
274
62
-230
-242
97
234
32
-126
-83
56
79
-46
-76
7
87
36
-84
-89
29
132
73
-120
-85
100
145
2
-132
-67
128
144
-33
-151
-60
122
143
-34
-152
-83
76
122
-9
-138
-72
41
63
24
-25
-60
-41
-5
15
15
15
-12
-117
-95
60
151
63
-125
-183
-22
139
121
-17
-85
-36
28
61
21
-40
-16
36
78
-11
-80
-39
76
135
-6
-200
-124
122
216
33
-152
-129
47
99
25
-50
-9
22
-13
-15
-3
17
24
-28
-62
-5
56
-20
-102
-50
42
85
-12
-120
-84
55
111
10
-111
-102
50
130
60
-76
-99
20
130
66
-62
-66
0
48
23
10
53
67
-39
-121
-12
172
153
-81
-213
-71
177
215
3
-165
-145
34
183
65
-159
-142
31
140
52
-126
-130
19
151
79
-128
-167
17
234
168
-178
-290
11
237
93
-103
-128
10
108
20
-69
-31
32
46
-13
-59
-38
81
104
-26
-106
6
134
72
-92
-105
79
196
40
-176
-161
111
239
28
-217
-156
107
195
3
-194
-123
66
109
39
-36
-50
-78
-20
24
39
41
-22
-156
-109
71
187
78
-144
-195
-19
169
138
-81
-169
-23
161
133
-83
-154
-13
180
140
-118
-189
-16
186
162
-92
-238
-120
159
249
12
-233
-101
118
122
-28
-114
-6
91
26
-48
-69
13
72
19
-119
-86
136
124
-131
-225
-5
217
139
-178
-275
2
252
144
-152
-249
-5
249
159
-125
-206
-13
204
135
-39
-118
-67
63
82
10
22
31
-9
-76
-56
150
219
-4
-254
-189
155
328
75
-237
-230
50
250
126
-180
-237
25
213
95
-150
-214
14
215
114
-159
-223
5
289
191
-167
-301
-19
242
127
-96
-152
1
129
16
-103
-47
52
96
-17
-91
-66
73
155
15
-107
-11
104
64
-63
-59
38
117
45
-99
-108
42
130
36
-100
-113
41
126
31
-136
-113
57
109
-9
-92
-41
27
8
-54
-37
48
72
-90
-163
-19
160
136
-81
-208
-72
122
150
-26
-118
-40
77
87
-16
-105
-6
106
87
-64
-150
-25
166
132
-71
-204
-106
124
194
11
-141
-74
48
59
-6
-50
33
25
-15
-24
-5
22
50
-22
-106
-28
119
33
-125
-122
17
143
82
-129
-193
4
173
111
-107
-182
-15
164
138
-76
-166
15
154
100
-39
-81
-23
23
48
51
35
17
-32
-73
-36
155
213
-34
-233
-160
163
299
22
-257
-142
109
196
26
-171
-116
115
106
-36
-129
-71
77
131
21
-152
-138
64
189
122
-117
-232
-12
191
72
-96
-65
26
76
-21
-82
-24
87
65
-40
-111
-52
98
150
19
-147
-52
129
132
-35
-139
-24
149
103
-58
-154
-34
144
137
-93
-150
-10
106
56
-86
-95
-12
39
36
3
-22
-81
-59
-3
55
57
-1
-105
-158
0
168
134
-79
-215
-118
141
193
16
-160
-123
62
152
45
-106
-95
81
166
3
-151
-103
77
165
37
-168
-167
44
196
81
-65
-99
-52
17
48
25
43
-1
-62
-37
6
58
76
-27
-139
-64
108
92
-88
-172
-28
158
117
-118
-224
-3
190
132
-122
-195
-41
176
180
-74
-175
-45
163
179
-42
-164
-56
114
97
-27
-32
60
41
-71
-108
80
230
81
-183
-223
64
276
137
-171
-218
27
220
66
-173
-172
70
174
21
-148
-126
62
142
42
-129
-149
8
181
152
-76
-227
-34
194
53
-99
-59
52
87
-41
-143
-10
142
94
-83
-134
-32
131
173
-60
-202
16
214
122
-135
-182
53
230
107
-152
-211
26
217
108
-137
-184
33
156
55
-132
-133
36
89
6
-44
-27
-1
-30
-27
-10
13
58
-45
-164
-38
148
140
-65
-212
-70
141
156
-31
-142
-38
77
100
11
-77
-51
59
114
9
-135
-77
120
170
-5
-214
-177
102
230
80
-148
-146
16
108
54
-58
-37
34
-5
-14
30
6
-9
3
-46
-49
55
68
-67
-116
-57
72
114
-21
-160
-111
93
174
-2
-205
-122
151
219
-16
-206
-72
147
156
-6
-134
-34
57
50
-7
17
77
24
-115
-113
138
265
11
-243
-189
108
312
96
-217
-216
53
225
88
-157
-172
16
138
86
-95
-154
-15
157
114
-96
-189
-39
168
197
-47
-230
-94
146
116
-51
-66
20
47
-28
-60
23
83
20
-76
-63
4
77
92
-14
-125
26
185
63
-126
-126
72
212
77
-182
-190
84
248
67
-191
-154
66
167
27
-176
-131
63
123
-5
-66
-15
-4
-25
-33
-10
48
70
-89
-174
-47
139
159
-2
-220
-154
85
215
80
-133
-173
16
161
95
-76
-119
13
139
65
-92
-132
28
166
84
-144
-212
22
207
114
-84
-129
-43
47
62
-3
-1
2
-31
-9
12
27
41
-17
-108
-46
106
81
-111
-179
-22
155
123
-87
-173
-66
92
121
7
-164
-108
122
190
-22
-167
-80
103
176
25
-100
-71
24
68
33
38
23
-19
-53
-51
101
180
26
-171
-148
64
216
114
-125
-200
-24
209
124
-145
-217
12
191
92
-137
-207
20
222
120
-150
-227
-27
232
214
-83
-287
-98
215
161
-81
-134
-34
107
54
-83
-72
58
102
8
-95
-59
58
132
-4
-122
-12
140
107
-73
-145
29
169
104
-97
-172
-2
174
119
-105
-169
-4
139
73
-122
-159
18
105
40
-50
-60
-11
0
-25
-39
20
98
-13
-199
-123
134
253
14
-268
-195
108
200
55
-119
-107
14
122
74
-65
-83
23
102
55
-92
-105
54
171
71
-161
-211
5
216
149
-67
-184
-62
124
89
-43
-73
20
46
13
-33
-41
30
66
-50
-108
22
109
-3
-141
-114
80
177
-13
-218
-116
123
190
-16
-183
-126
114
185
18
-165
-85
112
175
12
-128
-71
50
71
15
10
67
27
-87
-102
90
230
68
-185
-219
49
273
155
-136
-210
-64
174
161
-65
-214
-49
122
108
-47
-157
-77
133
187
-63
-216
-91
169
253
-10
-284
-143
167
166
-56
-118
-9
95
27
-90
-49
77
64
-15
-50
-78
40
129
39
-123
-57
120
142
-44
-160
-9
190
127
-98
-200
3
194
111
-110
-153
7
121
51
-79
-142
-25
88
62
-43
-52
-10
-3
-35
-36
14
72
-23
-157
-66
78
137
22
-135
-130
11
126
65
-34
-81
-53
77
150
-14
-156
-62
166
147
-99
-214
5
245
126
-173
-263
-23
259
197
-114
-223
-39
161
100
-75
-96
26
71
-4
-60
-6
71
52
-89
-125
25
141
0
-171
-114
100
172
-7
-232
-130
117
172
2
-179
-91
123
175
-10
-168
-71
124
163
-7
-104
-63
35
72
26
14
28
7
-22
-65
15
189
102
-133
-192
-8
230
151
-78
-181
-63
113
119
-25
-129
-45
72
45
-51
-84
-5
93
66
-55
-133
-62
129
201
14
-243
-134
170
152
-42
-114
-21
64
3
-50
10
48
25
-45
-48
-4
30
90
24
-81
-31
111
114
-27
-132
-29
136
142
-58
-184
-59
165
159
-67
-180
-37
109
113
-72
-172
-32
123
41
-49
-55
-22
26
-22
-45
-16
49
16
-116
-112
43
170
101
-156
-212
-8
180
127
-66
-171
-54
130
151
-20
-117
-31
100
89
-81
-136
31
165
98
-128
-211
1
202
119
-118
-126
44
65
-17
-60
22
88
-10
-82
-25
60
100
0
-131
-110
81
158
-48
-231
-75
145
196
-53
-249
-113
148
202
-7
-255
-138
155
235
31
-196
-142
103
233
51
-143
-116
42
93
25
-13
43
77
-35
-138
-8
229
157
-128
-243
-65
251
240
-60
-257
-100
168
177
-53
-183
-88
103
144
-29
-187
-130
135
226
1
-225
-145
134
282
56
-270
-229
118
233
33
-127
-109
50
101
1
-88
-16
68
60
-40
-126
-24
145
127
-97
-135
95
188
14
-168
-108
140
197
-16
-204
-97
172
206
-78
-232
-62
158
111
-82
-157
-26
71
58
-7
-34
-43
-40
-15
5
20
25
-21
-112
-83
59
150
48
-143
-174
33
174
79
-98
-127
9
146
79
-66
-98
29
140
45
-116
-101
45
149
58
-132
-165
0
177
109
-56
-93
-42
23
43
27
14
-1
-46
-52
20
77
49
-37
-98
-66
77
138
-66
-194
-76
132
166
-53
-222
-114
128
175
-2
-168
-158
83
208
56
-155
-125
77
176
41
-77
-48
-3
8
-3
54
122
44
-120
-153
40
263
153
-145
-306
-58
297
287
-102
-317
-98
205
215
-60
-231
-99
155
129
-66
-170
-71
133
155
-23
-167
-158
103
259
92
-245
-256
126
245
-5
-137
-63
81
53
-83
-70
73
120
-17
-119
-81
54
169
89
-150
-135
107
193
7
-134
-80
86
169
46
-163
-118
80
173
6
-150
-90
81
107
-37
-138
-55
73
41
-9
-11
-20
-40
-54
-37
37
122
28
-219
-187
138
239
59
-210
-199
33
179
119
-74
-134
-23
100
103
-38
-71
-10
75
80
-35
-118
-8
130
103
-55
-192
-96
142
180
-13
-125
-67
18
64
38
-37
-10
11
-1
9
-7
6
13
-34
-62
6
77
-25
-121
-73
45
129
22
-162
-138
44
168
72
-130
-186
39
233
78
-165
-151
80
193
62
-126
-113
58
99
0
-30
52
114
-25
-166
-43
217
205
-87
-255
-91
206
249
-32
-223
-125
117
188
5
-171
-122
61
159
10
-173
-96
103
157
-21
-167
-119
89
249
109
-215
-263
51
243
79
-149
-104
67
96
-32
-81
-9
75
54
-46
-95
-27
126
124
-74
-133
76
162
31
-156
-117
125
246
19
-223
-169
120
243
39
-209
-153
79
168
20
-143
-108
25
91
33
-42
-65
-48
3
21
11
16
-5
-131
-130
76
192
60
-165
-189
24
179
83
-94
-122
11
112
64
-72
-74
33
114
51
-101
-127
10
154
113
-72
-190
-92
114
187
43
-131
-143
28
143
21
-101
-30
76
26
-67
-34
43
61
-34
-105
-23
95
48
-113
-130
11
143
62
-111
-169
1
160
88
-103
-153
-6
172
96
-76
-126
8
138
93
-21
-74
-60
20
58
75
49
16
-45
-119
-4
195
183
-44
-254
-123
213
263
-23
-244
-141
124
204
26
-158
-150
22
144
49
-102
-116
11
132
81
-113
-166
14
211
146
-130
-255
-6
214
91
-111
-135
29
134
19
-109
-54
57
105
-8
-109
-55
115
119
-38
-104
11
113
57
-77
-58
57
105
31
-99
-80
61
119
14
-131
-77
68
89
-4
-115
-80
27
82
29
-53
-67
-16
-4
23
-19
-17
14
-44
-72
2
58
77
-48
-128
-36
64
83
12
-65
-51
36
95
-1
-80
-21
93
85
-59
-118
-16
124
136
-31
-190
-147
110
225
80
-154
-186
15
157
81
-64
-78
-11
50
68
-31
-79
9
52
-25
-51
13
3
-44
-44
-29
40
84
-52
-135
-38
97
123
-50
-190
-62
180
166
-84
-165
8
152
107
-45
-103
-25
52
48
18
54
58
-53
-111
-19
177
207
-62
-263
-142
178
315
29
-235
-214
58
265
106
-201
-215
44
194
43
-154
-145
59
194
34
-160
-155
42
225
138
-147
-232
-13
169
96
-56
-85
-25
64
22
-26
-21
34
20
-32
-80
-2
112
92
-69
-117
52
178
57
-131
-146
91
210
46
-168
-136
90
199
21
-177
-136
53
159
43
-154
-125
46
89
38
-30
-50
-55
-5
3
1
36
28
-82
-139
-28
159
141
-57
-223
-110
124
189
18
-142
-107
78
142
17
-120
-67
111
127
-21
-142
-80
120
167
-21
-196
-140
111
217
39
-171
-104
70
108
-7
-90
-27
56
44
-31
-43
18
61
-26
-103
-70
133
122
-133
-229
-31
225
161
-165
-263
-13
234
140
-144
-234
-27
242
165
-130
-216
-7
214
156
-65
-146
-55
105
98
1
-16
42
7
-78
-41
142
161
-26
-183
-138
121
246
52
-172
-172
35
193
81
-153
-170
31
136
49
-101
-113
16
152
64
-121
-174
12
216
189
-122
-296
-42
236
151
-97
-184
-4
177
46
-127
-76
78
111
-24
-129
-42
137
128
-93
-131
83
190
36
-162
-113
116
194
25
-171
-122
84
188
48
-177
-132
76
158
18
-154
-124
75
95
-13
-74
-26
14
-35
-37
11
42
24
-68
-146
0
143
116
-65
-201
-98
118
175
23
-116
-98
10
161
68
-109
-102
69
147
8
-161
-89
123
182
-3
-225
-152
148
243
3
-208
-108
103
105
-32
-81
36
69
-42
-49
4
60
56
-54
-131
-66
148
131
-136
-213
-24
198
129
-133
-224
-43
177
160
-97
-218
-47
197
183
-83
-188
1
156
117
-49
-110
-24
37
63
43
35
50
-15
-131
-56
186
227
-63
-259
-137
169
284
35
-208
-169
64
200
61
-143
-141
16
115
38
-112
-103
48
139
41
-110
-152
-15
202
167
-109
-264
-23
220
79
-105
-91
12
106
8
-109
-35
101
69
-31
-118
-62
98
168
0
-178
-53
187
180
-91
-228
-10
262
156
-169
-244
39
245
117
-155
-198
8
179
75
-130
-157
-12
89
96
2
-102
-111
19
75
0
-47
-9
0
-98
-71
89
152
-2
-193
-141
106
181
26
-137
-104
50
136
33
-84
-51
67
130
-26
-152
-62
108
157
7
-185
-165
59
215
89
-99
-113
-23
77
48
-40
-15
35
-6
-10
-7
22
39
15
-107
-80
102
91
-98
-158
-21
143
99
-107
-190
-6
167
102
-97
-156
-16
127
117
-28
-109
-46
118
124
9
-103
-81
32
90
51
20
10
11
-71
-42
118
165
11
-172
-145
69
228
96
-118
-184
-19
162
109
-95
-180
-18
135
90
-72
-152
-28
125
119
-53
-191
-92
179
262
-37
-304
-149
187
184
-38
-141
-35
102
38
-69
-43
30
61
9
-69
-74
79
153
-14
-159
3
178
83
-123
-139
65
206
95
-130
-178
20
173
141
-98
-237
-23
214
150
-178
-259
11
204
105
-85
-165
-47
47
59
-13
-42
19
-28
-109
-32
77
145
14
-192
-152
63
198
69
-132
-124
17
122
81
-49
-78
16
68
30
-63
-72
48
120
11
-136
-121
57
136
61
-61
-72
-8
0
11
18
51
19
-64
-57
14
74
39
-68
-111
-15
135
80
-141
-171
18
153
93
-112
-161
-41
93
121
3
-139
-94
78
147
50
-102
-121
28
173
102
-87
-130
-4
96
77
0
4
-4
-43
-48
86
184
48
-167
-196
58
279
110
-161
-178
2
161
110
-87
-148
-45
89
88
-51
-123
-37
95
128
-18
-165
-118
132
249
19
-280
-177
172
222
-47
-161
-49
115
83
-71
-61
34
42
-11
-62
-41
55
134
17
-120
-30
144
90
-74
-132
36
167
92
-91
-168
9
189
93
-119
-151
-2
132
46
-93
-122
-8
60
29
-6
-33
-66
-27
26
-6
3
55
-37
-157
-57
114
161
12
-205
-165
73
195
62
-137
-127
25
156
89
-111
-127
50
169
63
-133
-152
33
201
84
-143
-224
-22
208
170
-30
-201
-110
101
152
20
-117
-66
51
68
-4
-61
16
65
-52
-129
42
135
-28
-185
-89
135
169
-58
-231
-96
157
168
-44
-192
-72
165
168
-45
-176
-52
139
144
-16
-115
-48
59
58
15
12
35
24
-33
-86
34
190
107
-142
-238
23
264
159
-109
-220
-54
180
161
-84
-222
-37
144
84
-48
-125
-49
130
89
-77
-166
-29
192
191
-64
-277
-122
202
190
-44
-176
-69
152
106
-99
-125
30
127
38
-87
-108
22
170
66
-122
-77
86
163
23
-150
-80
123
162
-36
-174
-49
144
158
-65
-212
-46
145
130
-70
-193
-47
120
81
-49
-75
-11
7
-26
-51
22
109
-26
-217
-85
160
193
-35
-242
-123
101
170
35
-91
-82
-9
81
74
-11
-58
-11
74
60
-56
-131
34
177
89
-157
-215
1
220
177
-89
-233
-44
177
102
-108
-95
68
96
1
-95
-51
89
93
-77
-148
-5
137
-8
-128
-81
47
131
0
-158
-102
71
163
32
-190
-154
113
236
10
-200
-108
105
186
37
-126
-96
26
82
37
18
48
14
-60
-83
35
195
122
-134
-237
-24
239
212
-87
-225
-102
150
181
-24
-192
-126
98
170
4
-203
-107
139
165
-67
-186
-51
176
181
-67
-234
-90
151
127
-37
-72
-29
56
29
-59
-43
33
72
5
-72
-80
57
149
23
-140
-54
133
162
-29
-173
-66
168
197
-40
-250
-97
199
213
-31
-241
-120
147
169
-49
-193
-68
75
83
24
-45
-77
-46
6
20
41
36
-73
-176
-48
159
166
-35
-227
-121
126
179
14
-94
-77
-1
91
81
-44
-79
11
122
58
-91
-121
31
159
67
-127
-185
4
194
141
-96
-163
-3
116
44
-68
-46
59
29
-50
-38
45
85
23
-141
-141
50
195
32
-208
-190
90
257
57
-250
-220
93
257
62
-207
-190
90
228
59
-163
-140
65
197
79
-107
-121
-3
102
78
5
-4
8
-10
-62
-11
178
139
-81
-261
-86
269
265
-74
-296
-120
183
218
-23
-207
-107
88
115
-26
-110
-60
66
110
-7
-142
-92
118
222
36
-255
-173
137
165
1
-98
-64
53
59
-53
-40
47
51
-32
-64
-36
35
114
42
-87
-44
92
116
-11
-119
-47
117
139
-25
-155
-52
109
153
-20
-166
-105
84
164
-19
-183
-104
66
119
22
-75
-102
-15
35
30
-21
-36
-8
-44
-83
-6
110
111
-77
-204
-81
148
185
-17
-163
-96
110
160
-15
-124
-55
115
109
-81
-159
17
196
115
-148
-250
2
222
148
-102
-177
25
108
31
-81
-54
89
66
-73
-84
2
111
85
-95
-155
24
149
-21
-182
-87
121
159
-56
-188
-77
75
127
18
-140
-108
70
156
47
-103
-87
39
133
52
-29
-51
-40
11
75
83
40
-52
-67
-51
84
211
65
-187
-174
33
205
140
-87
-147
-24
88
64
-19
-91
-71
26
90
19
-93
-100
54
143
2
-137
-98
79
193
45
-191
-171
90
177
7
-93
-51
36
37
-30
-29
44
36
-2
-53
-73
3
140
106
-105
-132
95
216
35
-195
-153
132
259
17
-228
-158
155
202
-8
-177
-107
75
130
-6
-147
-95
54
100
16
-50
-67
-58
-4
23
42
33
-30
-143
-119
79
190
70
-166
-212
-2
184
134
-49
-167
-94
112
166
36
-136
-96
93
150
-11
-177
-57
155
150
-74
-193
-86
132
180
3
-118
-61
25
38
-2
-5
26
29
-38
-47
12
74
67
-94
-143
5
144
30
-139
-133
35
156
36
-154
-160
58
210
41
-179
-173
65
221
90
-140
-166
38
201
108
-92
-135
-1
82
42
13
34
68
-44
-145
11
228
154
-98
-264
-78
236
236
-66
-220
-92
110
137
12
-138
-115
39
113
36
-91
-107
20
142
59
-128
-167
46
237
110
-191
-245
60
228
39
-128
-81
65
100
-46
-119
-18
129
103
-78
-153
-34
158
151
-94
-145
56
180
34
-158
-104
153
204
-17
-197
-114
142
207
-6
-227
-113
126
182
-8
-212
-154
96
168
45
-104
-128
-36
58
70
-20
-46
-14
-62
-73
39
116
59
-123
-173
16
143
93
-61
-105
-26
95
132
-35
-113
-25
113
112
-80
-148
-12
162
151
-92
-227
-71
148
185
-4
-135
-80
21
54
35
-21
10
-14
-13
2
18
25
13
-77
-98
39
127
2
-165
-108
50
149
64
-143
-186
-18
157
140
-89
-201
-30
179
118
-83
-132
7
143
102
-48
-115
-17
57
55
44
25
12
-15
-84
-16
177
168
-105
-252
-61
221
219
-59
-204
-99
93
165
28
-122
-140
-8
109
94
-75
-148
-19
139
80
-112
-142
32
221
103
-176
-222
51
207
34
-102
-50
35
47
-36
-35
35
42
-6
-32
-44
-4
76
104
-43
-91
31
112
72
-63
-108
37
148
59
-124
-124
53
146
59
-112
-133
27
123
39
-124
-140
11
127
86
-50
-135
-71
57
67
-21
-37
-13
-41
-77
7
87
94
-40
-159
-90
92
134
24
-112
-97
50
127
59
-59
-84
17
99
29
-61
-91
60
128
20
-156
-147
57
185
111
-98
-169
-25
78
80
12
-39
-36
-23
26
16
18
39
-26
-119
-53
110
82
-123
-159
6
164
85
-144
-170
21
145
91
-80
-166
-39
162
135
-38
-150
-75
122
173
24
-125
-91
51
105
53
-27
-10
12
-62
-34
158
207
-59
-268
-110
193
251
14
-209
-161
54
190
121
-109
-189
-48
128
127
-53
-183
-40
149
131
-97
-195
-32
232
181
-156
-263
17
210
91
-83
-99
-3
61
3
-49
10
46
8
-48
-42
-14
107
69
-56
-80
50
113
35
-81
-85
73
155
38
-155
-124
105
180
15
-164
-142
80
151
-7
-169
-93
52
81
21
-44
-64
-13
-3
-4
-7
56
32
-142
-158
39
211
120
-162
-252
-15
172
134
-37
-129
-91
69
155
34
-102
-68
62
132
3
-155
-81
121
187
-25
-226
-139
144
224
17
-176
-123
56
124
25
-86
-34
53
36
2
-57
-1
67
0
-112
-60
99
62
-94
-115
-15
101
73
-73
-150
-46
139
153
-53
-235
-79
192
206
-58
-221
-51
207
186
-64
-183
-49
114
134
-13
-59
4
54
2
-64
66
170
33
-180
-187
85
292
99
-188
-218
46
217
67
-127
-151
-10
115
77
-54
-137
-30
122
100
-73
-160
-26
190
170
-113
-252
-44
172
127
-23
-121
-49
52
47
-21
-16
1
17
17
-40
-72
51
147
-6
-120
0
125
64
-57
-105
22
161
80
-109
-126
35
152
29
-120
-87
43
90
-3
-84
-90
1
70
55
-25
-83
-53
18
21
-15
-16
13
-16
-117
-53
109
140
-32
-203
-90
111
154
33
-130
-110
30
138
74
-69
-102
1
134
81
-95
-126
63
164
26
-185
-156
81
225
60
-170
-125
72
113
-33
-98
17
108
29
-111
-82
66
145
-21
-200
-77
175
136
-153
-228
-14
214
139
-147
-228
-3
166
130
-73
-189
-54
135
163
-14
-159
-68
111
155
23
-96
-75
40
80
31
3
18
14
-69
-70
130
222
4
-256
-178
161
283
50
-235
-157
80
172
59
-111
-152
0
122
62
-74
-113
0
102
76
-67
-160
-38
187
191
-80
-268
-37
188
92
-82
-83
37
72
-30
-81
-5
89
33
-62
-87
3
123
110
-85
-154
62
215
89
-153
-171
50
229
100
-153
-181
54
204
89
-157
-200
45
231
68
-211
-191
52
162
71
-92
-116
-24
38
30
-3
-26
12
-37
-132
-56
127
203
-20
-280
-165
161
269
24
-216
-191
89
260
79
-172
-159
65
224
54
-199
-183
106
252
73
-232
-234
66
268
101
-165
-146
35
101
32
-77
7
65
-18
-56
-57
40
108
2
-130
-101
98
138
-91
-194
-54
180
147
-125
-240
-41
190
169
-103
-225
-67
205
214
-76
-217
-52
165
159
-14
-107
-67
21
103
43
3
3
-11
-38
-31
88
179
-1
-157
-141
84
217
58
-136
-126
9
80
69
-5
-91
-90
30
95
12
-104
-68
70
118
-13
-156
-128
150
266
-16
-310
-141
218
197
-61
-184
-41
148
66
-132
-82
88
124
-11
-131
-107
95
207
40
-192
-81
164
177
-49
-203
-32
199
151
-71
-199
-52
188
172
-88
-217
-64
165
136
-101
-206
-41
173
116
-72
-166
-68
77
91
-35
-77
11
22
-98
-82
70
159
12
-212
-177
123
258
54
-190
-181
64
200
78
-111
-128
44
162
62
-100
-117
33
150
63
-107
-172
-23
171
142
-60
-132
-39
61
40
-8
-1
39
-20
-60
-18
73
78
-21
-160
-80
129
147
-97
-209
-56
137
148
-73
-205
-41
154
125
-60
-196
-65
161
153
-32
-154
-65
101
164
47
-105
-118
29
107
70
-18
-36
16
-4
-54
67
186
43
-197
-176
101
273
69
-196
-189
54
181
82
-93
-121
-41
67
90
-25
-134
-74
101
142
-32
-181
-118
169
274
-36
-322
-169
219
243
-49
-215
-60
154
107
-99
-144
48
140
16
-128
-84
74
160
14
-149
-26
155
97
-82
-129
30
180
114
-132
-190
23
224
118
-172