#4
23
-153
61
364
311
-35
-216
9
403
430
28
-271
-58
323
350
109
-79
-20
172
215
137
58
55
82
137
109
61
72
149
158
42
-3
143
229
123
6
79
198
127
36
-16
112
266
180
13
-57
45
194
212
84
-42
22
109
136
142
95
22
-1
74
174
187
81
-32
-2
119
203
175
45
-50
32
210
234
77
-63
29
210
192
51
-38
90
229
187
14
-73
45
220
253
92
-92
-68
104
274
206
4
-58
8
92
199
191
64
-42
-30
146
229
124
-23
4
140
195
41
-45
81
148
97
24
25
45
132
125
9
47
117
70
45
47
128
173
47
-41
32
171
201
125
-19
-88
69
257
221
33
-129
-14
199
228
89
-35
-26
104
129
68
66
60
36
54
74
77
36
58
75
95
74
5
-23
51
185
196
19
-165
-82
233
395
103
-256
-181
167
348
188
-89
-144
31
222
193
10
-77
4
129
96
-19
21
155
198
-17
-165
68
276
149
-53
-48
138
150
-3
-72
100
241
93
-69
-75
27
162
179
31
-86
-49
62
156
143
30
-70
-43
89
160
103
19
-62
-4
71
142
118
40
-39
-22
103
195
79
-46
-45
94
167
94
-19
-23
101
195
82
-119
-78
119
271
143
-130
-217
15
321
289
-35
-193
-105
151
263
113
-74
-99
45
169
120
16
-37
25
137
111
-9
-37
76
72
-7
43
84
10
-8
2
107
159
51
-75
-75
63
178
167
-2
-124
-18
175
209
98
-90
-160
68
273
216
-65
-189
3
199
182
19
-66
15
75
40
30
58
78
20
-38
15
88
82
3
-32
33
90
50
-46
-44
117
170
70
-132
-134
119
304
112
-163
-147
66
179
154
35
-100
-79
95
173
69
-53
-44
44
70
11
12
107
98
-59
-89
89
197
75
-68
2
110
74
5
-45
39
133
63
13
-57
-49
54
153
95
-75
-126
10
149
143
1
-120
-50
79
132
75
-13
-65
-37
53
126
100
5
-71
-25
112
117
29
-47
21
78
60
33
-19
35
105
98
30
-95
-83
106
218
109
-104
-214
-24
261
247
-34
-213
-85
152
208
59
-113
-87
47
136
92
-18
-28
31
95
77
-30
-50
46
59
22
30
10
-36
-27
80
96
28
-6
-42
7
44
88
104
-30
-102
-14
152
207
69
-132
-147
46
222
177
-59
-160
-43
146
168
60
-55
-73
-14
73
104
71
-47
-79
8
116
69
-42
-57
7
101
91
-64
-144
8
218
184
-75
-248
-95
207
292
60
-219
-204
71
244
143
-58
-155
-62
122
158
46
-66
-99
1
87
71
20
-13
6
5
-17
72
108
22
-49
8
95
57
-15
-65
-9
127
124
8
-122
-134
77
219
73
-133
-134
8
152
133
-31
-136
-77
69
166
88
-58
-132
-30
79
101
70
11
-49
-77
14
148
130
-49
-114
11
151
114
-37
-99
12
192
105
-141
-166
71
269
145
-153
-275
-37
276
254
-54
-192
-95
77
157
94
-27
-126
-41
124
128
-13
-79
0
77
97
7
-59
-7
10
10
22
39
15
-53
-21
36
105
57
-71
-84
18
142
102
-43
-119
-20
133
158
59
-81
-136
-8
169
184
-3
-168
-82
109
159
46
-76
-49
17
43
38
29
5
-48
-43
68
92
-15
-75
-40
85
68
-46
-116
-19
176
151
-76
-207
-95
203
243
11
-209
-157
109
188
64
-42
-110
-48
72
117
12
-68
-54
25
68
2
-49
13
94
27
-99
-67
149
141
-51
-59
34
25
22
15
-13
10
59
77
-21
-134
-36
134
146
-51
-189
-95
101
203
73
-141
-176
-12
179
159
-40
-195
-80
105
166
35
-102
-66
20
98
88
-21
-76
1
109
77
-37
-68
5
130
133
-9
-163
-107
96
235
139
-157
-303
-48
291
320
-68
-348
-143
205
254
49
-183
-153
59
191
84
-87
-77
17
95
70
-32
-47
31
11
-13
-11
56
-2
-99
-16
99
139
37
-173
-136
75
191
111
-81
-207
-37
213
248
2
-198
-135
99
215
107
-101
-172
-12
131
129
8
-50
-45
1
36
36
17
-12
-37
-26
31
53
-2
-52
-16
59
49
-76
-132
9
156
147
-45
-206
-108
127
262
64
-216
-200
56
169
129
-19
-118
-61
39
92
38
-45
-33
0
-5
-4
-4
47
58
-16
-116
-13
168
104
-80
-108
55
130
13
-83
-82
71
161
24
-146
-126
56
181
78
-142
-169
-21
142
129
-38
-151
-85
59
110
30
-25
-71
-46
7
52
79
17
-63
-57
25
114
56
-65
-100
12
149
89
-111
-119
87
224
46
-219
-179
102
277
138
-196
-273
-27
228
246
-43
-250
-111
141
180
1
-128
-69
74
94
13
-66
-32
47
80
21
-59
-47
50
84
-48
-102
30
35
-7
-10
-2
47
40
-53
-68
36
83
87
-46
-142
-19
153
126
19
-83
-109
0
144
136
-22
-117
-45
50
71
51
6
-28
-41
-28
30
63
38
-86
-84
50
97
9
-64
-63
28
70
5
-102
-76
120
151
-29
-195
-130
123
251
74
-181
-201
42
120
118
31
-97
-106
-1
114
92
-24
-111
-72
16
79
51
-15
-23
-34
-69
45
159
62
-112
-84
107
100
0
-100
-73
102
120
3
-101
-103
30
138
68
-96
-133
-66
75
157
37
-134
-152
4
147
112
-73
-117
-32
52
61
7
6
-13
-43
2
65
74
-15
-78
-28
72
84
-18
-74
24
114
56
-97
-136
38
178
126
-79
-229
-110
155
236
50
-163
-173
-15
159
157
-38
-163
-102
86
193
50
-133
-129
59
200
36
-133
-71
47
53
2
-50
-78
9
71
-6
-8
53
-31
-77
-32
84
118
1
-131
-88
102
182
72
-81
-182
-48
185
212
-13
-201
-132
82
191
69
-88
-111
-8
90
44
-15
-46
-51
2
78
35
-59
-56
6
43
34
-37
-92
-54
70
147
38
-147
-188
36
248
157
-155
-254
-37
173
186
20
-149
-156
16
175
108
-83
-154
-27
102
63
-29
-60
31
40
-46
-22
58
42
-14
-10
49
21
-37
-43
-14
106
118
-46
-171
-91
123
173
-14
-178
-106
51
111
45
-55
-68
-52
-7
50
55
38
-57
-99
-30
65
115
23
-96
-75
27
120
62
-46
-119
-12
119
111
-45
-134
0
182
104
-126
-187
-12
220
186
-106
-256
-125
189
272
13
-197
-154
15
155
113
-30
-113
-69
72
96
1
-73
-36
82
93
-48
-125
51
133
-47
-132
-16
59
58
-12
-65
24
61
-26
-73
-41
76
108
-6
-109
-81
101
166
49
-99
-153
12
135
122
-6
-109
-72
18
87
89
20
-59
-93
-32
66
88
16
-93
-77
32
86
7
-71
-51
60
55
-61
-113
-48
111
146
7
-180
-166
79
250
114
-157
-245
-5
197
136
-35
-152
-89
80
118
18
-88
-62
44
20
-49
-29
58
99
-17
-166
-52
162
136
-67
-122
33
113
45
-87
-111
74
122
32
-93
-144
0
149
127
-76
-182
-100
70
157
61
-133
-163
-12
141
113
-31
-116
-106
18
105
79
-18
-79
-56
44
70
33
-66
-51
58
78
0
-63
-42
94
117
-1
-128
-117
19
175
168
-56
-268
-176
166
321
80
-212
-259
-2
262
177
-113
-228
-48
155
163
-47
-144
-35
123
114
-40
-116
28
64
-36
-52
29
4
-22
-27
-6
66
68
-66
-111
-32
99
147
-1
-158
-96
113
208
78
-123
-181
-33
172
183
2
-157
-118
52
157
84
-61
-112
-31
64
35
12
-14
-17
-34
-40
42
52
-35
-71
8
51
-18
-95
-33
57
110
68
-117
-186
4
218
145
-125
-188
-16
111
85
2
-51
-50
-39
25
69
54
-52
-99
-27
59
55
0
-45
-28
-37
44
89
9
-50
18
53
-10
-57
-31
18
92
60
-40
-91
-67
20
93
41
-89
-101
-42
43
98
56
-84
-147
-37
114
109
-11
-134
-96
34
100
53
-30
-54
-29
24
54
37
-20
-42
5
38
63
-20
-79
9
137
76
-108
-181
-1
212
185
-97
-251
-136
174
259
22
-187
-152
18
132
93
-18
-70
-71
15
98
42
-56
-58
41
86
21
-54
-47
3
-4
38
35
-76
-88
15
68
70
14
-83
-96
3
72
105
-8
-102
-31
76
111
38
-48
-90
-21
60
116
84
-42
-161
-67
105
132
28
-65
-92
-46
73
106
-15
-120
-65
86
92
-39
-89
-14
65
55
-66
-142
-54
127
178
-3
-171
-177
41
246
141
-133
-241
-41
184
117
-21
-85
-75
21
46
44
4
-37
-38
-39
6
59
38
-13
-78
-48
58
95
6
-57
14
94
-3
-65
-70
2
144
90
-62
-110
-73
33
93
57
-71
-124
-37
46
89
35
-78
-115
-51
74
107
-3
-74
-68
-21
57
79
8
-50
-77
0
107
66
-60
-81
7
71
72
-21
-79
10
117
63
-64
-178
-37
172
229
-25
-316
-195
192
335
46
-253
-215
51
223
114
-114
-166
-33
120
128
-18
-124
-43
58
109
23
-84
-51
24
9
-15
19
5
-90
-36
70
84
36
-114
-124
25
102
110
-16
-147
-65
107
177
41
-101
-132
-48
112
163
29
-108
-113
6
136
79
-14
-66
-75
-20
83
86
-26
-113
-54
56
95
-6
-105
-52
65
89
-23
-154
-97
108
203
59
-193
-230
3
267
206
-105
-273
-68
163
151
14
-129
-108
37
95
49
-11
-69
-41
7
33
5
-12
6
27
-50
-87
88
138
-26
-86
1
77
23
-34
-51
18
91
42
-53
-101
-76
90
127
-21
-142
-116
28
132
100
-67
-168
-80
80
145
45
-113
-133
-1
106
89
-21
-82
-37
20
70
33
-30
-51
-4
43
58
-3
-75
-6
142
104
-112
-189
-46
194
237
-24
-295
-212
141
323
122
-230
-251
-3
185
165
-27
-172
-89
87
117
4
-60
-28
40
43
-19
-44
23
25
-54
-38
53
15
-69
-25
32
50
31
-72
-79
19
45
51
31
-62
-96
57
154
76
-50
-144
-68
126
159
33
-115
-112
-1
93
79
24
-29
-84
-53
54
90
19
-69
-114
14
125
41
-98
-86
22
103
-12
-153
-116
124
220
24
-222
-225
116
286
93
-195
-208
31
147
50
-4
-53
-66
-15
51
66
1
-72
-52
-2
40
16
16
16
-53
-80
0
127
95
-70
-76
47
65
3
-53
-58
68
78
-16
-27
-75
-57
50
132
6
-149
-126
27
140
76
-88
-143
-63
96
124
14
-107
-91
5
71
69
-8
-65
-53
36
81
17
-34
-35
25
34
11
2
-20
13
70
68
-26
-131
-102
121
266
45
-309
-267
157
389
102
-293
-260
66
241
112
-123
-184
20
140
81
-41
-84
-4
57
55
11
-48
-27
14
-19
-3
50
-9
-97
-10
71
44
17
-67
-110
-19
83
154
24
-153
-128
100
210
64
-111
-150
-35
149
142
15
-112
-129
21
140
78
-25
-77
-75
18
80
61
-37
-85
-50
30
86
0
-72
-29
19
18
-12
-73
-66
45
132
49
-119
-177
4
192
166
-78
-219
-61
68
121
97
-44
-124
-83
75
102
11
-88
-88
21
51
3
-10
15
12
-75
-49
100
92
-21
-91
2
78
38
-21
-102
-31
151
90
-75
-158
-69
135
142
-49
-170
-92
56
125
48
-72
-111
-70
60
123
24
-93
-101
-16
43
80
30
-37
-78
-27
93
80
-27
-69
-3
62
47
-45
-45
25
106
64
-76
-141
-24
156
165
-39
-208
-152
77
240
106
-148
-178
-26
132
132
-22
-115
-82
58
107
24
-74
-55
57
84
1
-70
-52
44
14
-54
-16
12
-7
13
-24
-10
59
6
-77
-55
46
108
38
-97
-81
49
152
88
-68
-156
-43
135
151
0
-125
-62
51
76
23
-29
-10
2
-12
-12
7
54
11
-67
-49
29
36
-2
-35
-18
12
-30
-32
-27
18
72
60
-47
-187
-78
209
243
-38
-280
-158
134
209
69
-112
-167
-22
102
122
-19
-126
-52
35
51
-5
-46
21
27
-48
-32
71
67
-31
-55
63
64
-45
-62
-46
62
116
30
-80
-143
-51
127
123
-18
-177
-117
65
168
69
-143
-163
-12
103
89
-9
-71
-36
-29
-21
64
105
-4
-140
-89
88
120
34
-79
-97
21
118
44
-84
-44
94
96
-18
-130
-110
79
218
86
-212
-287
30
326
206
-139
-272
-80
139
186
-1
-168
-97
73
122
29
-74
-73
43
115
16
-110
-62
75
38
-60
-21
12
-1
-36
-31
33
84
-11
-128
-73
87
158
25
-147
-95
76
170
61
-98
-86
5
57
68
48
-24
-78
-34
55
85
32
-15
-77
-72
27
107
41
-78
-102
9
86
52
-57
-95
0
65
32
-76
-101
18
133
84
-93
-189
-46
174
206
-37
-231
-110
105
140
54
-88
-87
-33
65
68
19
-56
-72
-4
38
5
1
21
19
-92
-76
123
145
-56
-125
28
99
20
-60
-77
42
127
38
-83
-128
-24
101
99
-25
-112
-71
11
46
43
14
-58
-109
-46
85
139
2
-140
-129
23
179
113
-98
-155
-30
121
135
-13
-133
-43
94
81
-32
-74
5
104
93
-38
-141
-80
109
223
45
-219
-249
55
295
155
-140
-208
-64
103
145
45
-104
-118
1
96
85
-14
-102
-14
91
58
-50
-69
3
24
23
20
-64
-110
20
90
63
-6
-109
-101
41
113
92
-36
-138
-65
115
148
-5
-82
-61
-12
61
74
80
-4
-107
-81
31
157
88
-86
-136
-13
75
77
-13
-96
-53
71
69
-66
-73
36
49
-23
-68
-29
-30
13
94
66
-55
-151
-72
156
170
-21
-178
-100
71
92
53
-41
-89
-36
49
78
8
-61
-49
-5
14
22
12
10
-23
-74
-27
100
85
-42
-60
39
61
1
-42
-68
45
84
49
-7
-124
-112
51
155
58
-141
-152
-24
127
132
-33
-158
-108
35
130
62
-44
-121
-70
43
99
44
-30
-76
-37
60
100
14
-86
-34
57
60
4
-76
-14
123
86
-48
-158
-59
129
190
42
-189
-235
11
252
206
-88
-257
-148
117
239
46
-166
-165
55
191
52
-129
-101
75
171
19
-157
-85
106
66
-65
-64
-5
23
30
-24
-60
37
83
-48
-111
-30
118
132
-53
-164
-23
171
157
-29
-157
-106
80
162
73
-64
-103
-36
45
94
66
-19
-106
-77
38
94
60
-56
-96
-29
62
68
-21
-79
-60
15
89
-3
-112
-57
98
132
-14
-198
-129
135
263
38
-250
-226
122
248
56
-147
-140
17
125
68
-52
-96
-26
36
13
-14
14
33
6
-73
-77
68
123
11
-54
-36
39
40
-22
-69
21
97
60
-59
-123
-76
85
162
-1
-186
-122
46
146
78
-93
-155
-59
84
104
19
-91
-84
14
35
24
43
-15
-51
-26
29
73
4
-52
-36
40
71
-10
-53
2
93
76
-62
-113
-55
89
183
68
-163
-247
-40
259
227
-89
-243
-99
106
182
43
-91
-151
-30
132
114
-28
-108
-42
102
106
-44
-108
-21
39
18
9
13
-67
-44
17
45
66
-14
-100
-76
82
146
39
-120
-141
37
177
122
-3
-166
-150
100
220
98
-114
-181
3
147
87
-34
-54
-4
-31
-30
63
79
-9
-118
-60
68
59
-25
-82
-11
62
32
-83
-110
21
155
75
-105
-177
-41
172
197
-32
-216
-144
91
163
62
-89
-126
-2
123
64
-56
-88
-23
32
9
-22
-15
48
26
-41
-95
18
161
50
-115
-50
52
61
11
-37
-24
24
22
25
-23
-94
-38
88
94
-47
-131
-69
52
126
34
-108
-149
-20
148
91
-69
-118
-45
37
75
33
-24
-50
-37
34
56
41
-22
-47
-11
35
51
-23
-20
45
73
3
-104
-108
67
203
131
-166
-322
-52
300
310
-94
-367
-141
194
232
22
-185
-129
67
137
36
-77
-48
35
76
19
-80
-14
85
-2
-97
-40
56
32
-38
-16
-9
37
27
-66
-71
13
112
101
-90
-152
37
171
93
-52
-98
-58
58
117
68
-43
-95
-80
35
118
91
-33
-111
-58
38
88
29
-65
-65
-4
59
22
-90
-24
32
23
-4
-44
-81
-19
109
121
-41
-183
-115
103
230
61
-203
-179
31
165
138
-17
-161
-140
50
191
82
-130
-153
3
124
35
-68
-35
37
8
-66
15
114
37
-79
-37
75
54
-26
-93
-37
98
119
8
-128
-149
20
179
88
-116
-185
-61
118
159
19
-152
-180
18
188
80
-104
-146
-10
85
62
-15
-41
-29
8
47
35
-23
-2
3
16
0
13
-18
-25
55
124
-11
-156
-87
75
183
93
-152
-239
-49
213
248
-62
-259
-112
124
179
36
-139
-157
52
183
60
-111
-109
34
149
37
-119
-81
81
69
-69
-49
16
8
-4
-15
-42
28
63
-27
-87
-24
111
88
-52
-133
-36
146
154
9
-131
-120
52
140
101
-43
-120
-49
61
92
47
-46
-77
-48
21
92
68
-49
-102
-16
68
0
-69
-15
41
14
-26
-65
-46
14
101
74
-65
-148
-62
101
202
40
-192
-157
58
130
69
-10
-76
-72
1
75
76
-33
-92
-30
43
40
-27
-11
11
-16
-26
31
52
6
-32
24
52
-19
-28
-35
10
95
42
-46
-95
-73
68
116
20
-131
-97
9
63
84
4
-84
-109
-44
103
134
-7
-138
-127
33
126
80
-36
-134
-49
109
136
-31
-159
-18
135
97
-54
-142
8
168
111
-77
-168
-64
117
172
76
-155
-235
-21
205
186
-39
-174
-108
50
128
51
-86
-75
4
50
59
4
-51
-19
57
41
-10
-26
3
-28
-64
32
88
-52
-72
-6
43
71
-7
-103
-62
38
77
86
-22
-121
-65
119
169
50
-129
-158
-11
183
175
-34
-169
-109
56
156
102
-54
-147
-46
66
88
25
-56
-78
-32
72
48
-38
-68
-23
59
53
-88
-149
6
180
156
-95
-266
-89
193
263
13
-272
-190
106
187
96
-80
-151
-72
82
134
9
-97
-79
3
51
35
-23
-29
-1
-1
-50
47
114
3
-75
-41
68
56
-23
-85
-54
92
136
4
-133
-155
27
187
82
-140
-167
-25
110
115
-22
-145
-89
38
97
58
-28
-110
-81
26
78
42
-7
-48
-28
13
50
35
-24
-26
-11
30
33
-2
1
27
61
1
-85
-85
23
159
152
-80
-256
-120
194
258
14
-202
-200
30
212
120
-89
-181
-38
169
129
-68
-157
4
149
67
-90
-128
68
129
-21
-91
-71
-29
104
76
-83
-88
19
61
12
-44
-9
66
47
-93
-78
117
152
9
-136
-114
72
142
82
-61
-119
-25
85
87
2
-47
-29
-13
0
18
29
-2
-47
-37
23
28
-23
-20
1
3
4
-31
-71
-48
94
140
6
-200
-178
117
280
74
-203
-222
16
185
138
-39
-160
-70
59
81
31
-50
-75
-18
33
10
-26
12
36
-18
-85
8
103
59
-57
-28
69
8
-54
-47
20
99
40
-20
-90
-100
30
134
65
-92
-156
-66
83
151
22
-146
-156
-1
148
104
-33
-121
-89
14
97
73
7
-85
-68
32
91
39
-55
-74
26
79
39
-63
-66
67
138
45
-118
-147
8
167
152
-62
-261
-147
181
281
8
-178
-156
11
126
119
-17
-118
-99
41
119
68
-60
-91
25
115
21
-89
-12
12
-41
1
24
4
-29
-38
-35
66
90
-40
-120
-56
92
152
-2
-148
-73
108
148
41
-82
-132
-28
106
132
40
-99
-121
3
134
110
-38
-119
-45
52
72
40
-52
-89
1
22
33
-8
-38
-6
23
23
-59
-84
4
115
99
-64
-169
-66
127
183
11
-181
-132
82
138
1
-64
-40
-1
47
19
-20
-24
-34
2
44
-47
-44
61
85
-38
-160
-15
156
104
-73
-48
38
29
-2
-36
-17
56
56
-11
-87
-90
26
132
57
-121
-154
-12
107
100
-11
-136
-117
24
113
61
-40
-75
-40
-4
28
46
33
-32
-68
-22
101
73
-48
-82
-4
93
49
-51
-58
39
130
22
-125
-130
16
198
149
-111
-269
-94
214
275
-19
-246
-187
74
230
103
-128
-185
-7
181
100
-91
-133
17
157
81
-120
-129
63
108
-56
-82
14
31
-31
-27
28
52
2
-95
-81
62
129
52
-88
-125
-14
140
124
12
-114
-113
15
142
118
-35
-134
-44
71
91
41
-31
-47
-40
-9
47
65
5
-75
-72
30
56
6
-48
-71
33
85
-15
-154
-103
144
217
0
-225
-178
104
264
96
-199
-250
28
226
110
-58
-138
-70
45
75
24
-25
-30
-27
-20
0
33
40
17
-92
-99
69
176
37
-154
-48
114
79
-10
-117
-56
122
115
-6
-148
-131
47
161
80
-111
-175
-54
91
150
40
-125
-178
-28
141
149
-45
-161
-93
75
140
29
-71
-77
-43
87
102
-35
-91
-7
91
35
-34
-26
14
71
63
-14
-58
-98
-16
124
144
-15
-213
-178
92
298
128
-247
-254
25
243
161
-125
-220
9
180
102
-101
-137
10
140
97
-97
-122
47
91
-19
-59
-28
-8
-8
32
12
-16
16
-28
-39
-2
44
67
-17
-99
-58
88
161
65
-103
-148
-3
131
129
3
-108
-88
14
85
75
19
-54
-87
-14
67
81
-9
-108
-75
40
67
15
-15
-52
-24
19
-3
-44
-52
23
118
72
-133
-193
45
237
116
-161
-227
1
173
123
-37
-121
-76
36
97
40
-38
-69
-56
38
46
-40
-23
30
60
-80
-78
90
91
2
-35
-2
12
-17
-42
-18
79
117
-13
-123
-99
15
124
56
-106
-124
-12
78
104
-8
-109
-93
-15
45
72
44
-48
-92
-38
66
74
-14
-23
-28
-21
41
47
14
-40
-21
47
58
-39
-56
42
114
34
-123
-144
37
197
157
-105
-241
-109
154
266
27
-227
-163
68
171
54
-78
-71
23
48
-2
-30
10
47
49
-14
-55
-24
45
35
-61
-36
36
3
-63
-35
13
83
63
-86
-129
-12
132
138
-46
-175
-70
143
178
39
-99
-142
-15
134
147
2
-133
-70
45
77
39
10
-30
-58
-41
31
91
28
-79
-84
25
57
3
-35
-42
24
30
-31
-88
-20
73
107
3
-147
-140
73
223
77
-162
-190
16
144
85
-11
-77
-88
-6
85
84
-28
-114
-56
48
70
-20
-48
16
42
-72
-49
84
95
2
-30
-23
0
15
13
-19
-7
35
65
-3
-115
-80
64
132
-7
-132
-112
32
133
49
-107
-106
-39
53
85
42
-58
-109
-60
68
105
39
-52
-91
-12
69
69
-12
-59
-5
25
19
2
-6
48
69
11
-86
-103
13
149
140
-62
-228
-136
122
264
102
-209
-231
11
196
155
-68
-190
-57
117
147
-25
-123
-68
66
134
23
-113
-65
61
50
-27
-46
-76
-21
72
58
-3
-22
-61
-46
3
69
103
5
-131
-95
77
198
82
-113
-144
-16
129
125
16
-103
-100
11
112
101
4
-87
-88
-14
86
98
-18
-125
-93
51
119
21
-89
-71
11
70
-7
-85
-54
77
106
5
-123
-134
28
210
136
-147
-209
-6
120
113
14
-88
-83
6
68
52
1
-71
-63
6
20
-1
30
38
-20
-138
-46
175
160
-86
-170
7
150
92
-86
-155
8
170
111
-108
-199
-34
175
127
-114
-148
-48
44
98
28
-52
-116
-59
50
92
49
-68
-120
-22
70
92
32
-68
-87
12
81
55
-23
-43
-3
46
28
-25
-40
29
79
44
-51
-108
-24
109
168
-6
-208
-186
73
272
108
-173
-199
-32
175
160
-52
-176
-58
96
122
15
-95
-71
73
113
-20
-127
-11
100
-5
-71
-19
-7
-18
29
2
17
25
-48
-31
-6
40
57
8
-64
-50
56
108
61
-16
-121
-69
97
165
41
-129
-122
50
137
50
-60
-49
-19
18
10
11
17
-13
-57
-22
14
35
5
-51
-37
61
24
-118
-101
98
180
34
-166
-230
29
274
203
-127
-313
-125
193
261
39
-212
-188
41
184
99
-96
-136
-16
71
21
-28
-4
56
-13
-121
-29
144
111
-57
-109
17
86
22
-53
-83
66
131
35
-98
-147
-14
147
116
-87
-184
-55
87
135
27
-121
-123
-10
101
78
-47
-72
-14
16
-5
13
48
1
-69
-32
57
74
17
-67
-40
42
71
35
-60
-49
75
112
-25
-182
-82
177
242
5
-293
-228
129
307
97
-184
-217
-24
164
154
-46
-145
-37
74
76
-10
-54
-40
40
100
28
-98
-72
37
37
-6
-40
-68
3
60
22
-17
6
-3
-47
-32
26
85
35
-99
-85
60
130
73
-32
-123
-77
59
167
82
-87
-159
-34
146
148
-18
-128
-78
33
68
33
-20
-63
-33
16
42
-3
-44
-7
10
6
-13
-72
-32
41
106
46
-115
-146
6
184
139
-93
-187
-59
85
121
50
-63
-113
-22
80
77
-30
-76
-32
42
21
-53
-8
47
39
-79
-92
81
138
7
-95
-26
72
56
-35
-92
24
116
51
-77
-123
-37
117
97
-62
-116
-53
34
74
34
-46
-106
-51
49
88
29
-58
-85
-30
26
62
76
-33
-119
-47
113
101
-20
-90
-12
73
60
-22
-70
19
99
68
-65
-141
-71
135
196
16
-206
-226
48
307
129
-152
-214
-70
139
171
5
-128
-94
45
109
20
-49
-44
34
75
4
-68
-22
58
-36
-30
42
-6
-64
-34
14
76
53
-78
-106
-24
108
127
-12
-173
-90
158
207
15
-133
-133
15
150
113
-28
-112
-37
52
54
23
3
-12
-13
-36
-19
57
44
-54
-93
-10
94
44
-63
-83
15
100
-2
-127
-122
72
181
45
-134
-196
9
227
150
-97
-227
-67
175
121
-26
-93
-83
27
77
16
-17
-36
-42
-15
20
11
-14
23
15
-68
-59
83
106
-13
-58
21
33
-4
-32
-57
54
111
7
-105
-86
3
100
69
-46
-110
-49
6
29
66
-6
-96
-99
14
116
68
-53
-113
-84
57
121
57
-65
-123
0
112
66
-46
-43
17
19
11
27
-15
1
45
19
-16
-76
-61
63
184
102
-165
-293
-40
311
279
-131
-342
-129
196
273
16
-236
-137
94
187
37
-141
-70
93
123
1
-123
-51
71
37
-46
-46
-20
-4
45
23
-37
21
20
-44
-35
9
75
63
-48
-96
11
129
115
-24
-122
-85
72
151
47
-79
-90
-1
67
78
34
-32
-85
-63
28
120
34
-116
-79
46
64
-17
-62
-30
-11
39
40
-57
-103
1
139
81
-103
-190
-24
210
153
-82
-207
-65
123
111
16
-66
-80
-20
42
51
13
-38
-45
-22
-11
31
43
10
-42
-61
-41
91
92
-25
-64
16
48
34
-16
-73
-4
95
69
-39
-100
-83
57
116
15
-104
-121
-16
114
127
-39
-176
-128
86
176
30
-129
-132
19
100
55
-22
-44
-20
12
49
33
-19
-34
-8
19
38
3
-16
22
68
49
-50
-115
-36
101
153
28
-178
-209
15
256
188
-130
-278
-56
211
167
-64
-168
-61
98
122
3
-102
-66
86
124
-17
-133
-61
111
69
-73
-78
-16
28
43
-16
-37
30
19
-76
-53
54
120
40
-115
-122
51
185
102
-57
-168
-64
116
147
25
-73
-101
-11
69
93
27
-33
-82
-66
34
106
61
-84
-130
13
111
22
-76
-71
0
85
23
-85
-95
6
133
98
-78
-183
-37
177
138
-56
-168
-81
90
104
55
-37
-104
-16
47
53
-4
-64
-6
16
-11
-18
-6
62
41
-97
-110
79
176
-2
-124
12
98
33
-72
-77
31
108
61
-51
-126
-84
91
119
4
-139
-94
8
82
86
-37
-111
-74
33
96
61
-54
-103
-61
43
83
56
-18
-85
-87
63
132
24
-84
-54
59
72
1
-71
-19
95
107
-20
-176
-93
122
199
47
-196
-211
22
210
177
-66
-209
-95
80
161
47
-121
-113
20
108
68
-43
-64
7
72
45
-50
-70
21
21
-35
-8
1
-5
-13
10
-7
42
25
-62
-70
-9
90
89
-61
-92
0
95
95
7
-57
-96
-9
115
131
-8
-122
-80
51
117
83
-45
-121
-73
45
108
36
-92
-101
32
87
6
-82
-43
13
25
3
-40
-48
-14
81
99
-61
-192
-45
173
199
-40
-228
-93
109
137
41
-96
-106
-12
80
92
-10
-90
-71
37
73
-26
-62
17
60
-42
-106
70
147
-14
-74
-14
60
30
-24
-84
-3
130
86
-56
-144
-96
97
160
-28
-137
-89
16
89
92
-31
-139
-102
36
120
78
-73
-102
-33
13
71
67
-2
-71
-62
34
93
26
-42
-28
12
37
20
-21
0
36
56
-5
-98
-69
71
162
49
-147
-175
-25
187
195
-61
-200
-128
90
202
77
-133
-162
37
145
77
-68
-113
5
123
69
-68
-96
13
45
-12
6
-5
-69
-40
44
90
58
-101
-152
-8
158
139
-49
-182
-81
144
195
8
-130
-83
30
102
53
4
-39
-44
-42
6
98
96
-24
-111
-77
38
95
44
-58
-115
-23
100
70
-47
-104
-45
61
70
-56
-117
-16
124
120
-42
-185
-123
140
231
28
-197
-174
34
141
118
-8
-126
-105
35
99
48
-48
-75
-34
-6
25
33
63
-10
-122
-87
137
164
-17
-180
-24
161
79
-72
-153
-5
172
94
-74
-168
-42
117
103
-51
-128
-29
35
23
8
-8
-21
-56
-62
15
107
48
-65
-118
-41
95
115
-14
-119
-63
89
121
-13
-101
-27
69
57
-13
-45
-11
63
69
0
-102
-91
51
151
118
-107
-248
-60
237
247
-51
-282
-154
142
246
44
-185
-169
56
191
87
-101
-110
10
115
46
-84
-65
65
15
-56
-23
30
-21
-33
11
31
39
-18
-82
-37
41
104
54
-92
-107
5
142
140
-20
-139
-96
39
139
95
-37
-103
-44
50
98
52
-56
-98
-41
39
56
48
-10
-85
-53
39
82
-18
-77
-40
38
57
-64
-104
26
125
98
-87
-204
-48
164
221
-6
-250
-158
95
189
100
-84
-165
-62
93
123
21
-94
-84
-1
77
19
-39
2
33
-36
-79
27
118
40
-76
-44
59
61
-7
-106
-48
126
150
-46
-219
-114
170
220
-33
-242
-141
75
164
59
-88
-115
-55
40
68
31
-25
-36
-45
-37
19
89
50
-62
-104
2
132
46
-66
-67
19
84
40
-46
-49
45
121
7
-147
-110
68
209
101
-165
-255
-34
249
216
-83
-237
-109
126
200
32
-168
-142
54
157
52
-85
-81
10
104
77
-59
-118
-1
54
22
6
-56
-74
41
53
-7
-11
-15
-39
-47
45
92
47
-86
-92
32
133
62
-12
-51
-55
-6
36
114
61
-68
-113
-29
116
150
-13
-136
-115
26
137
69
-76
-143
-16
117
75
-75
-99
5
82
23
-107
-82
52
140
47
-97
-150
-54
148
185
-6
-194
-168
87
224
52
-120
-145
-3
130
55
-48
-84
-11
66
19
-82
-49
92
108
-78
-162
31
176
55
-106
-35
39
36
-1
-74
-5
106
32
-54
-95
-13
80
41
-48
-59
-15
-14
-32
48
52
-42
-99
-40
62
93
4
-87
-119
-13
100
112
7
-104
-94
37
144
65
-108
-105
50
107
26
-86
-42
87
111
-6
-122
-102
72
178
90
-147
-262
-28
249
230
-73
-233
-117
98
162
51
-126
-105
43
102
36
-50
-64
31
81
31
-86
-37
50
-14
-32
36
11
-54
-62
19
76
46
-48
-111
-37
86
115
27
-114
-115
46
152
74
-36
-58
-41
-4
68
102
18
-71
-92
-16
113
111
-12
-124
-82
68
95
-11
-68
-50
35
55
-12
-61
-30
35
28
-24
-69
-63
8
117
90
-48
-178
-103
147
231
15
-234
-181
109
214
48
-131
-99
30
77
21
-34
-41
-20
-1
3
-18
16
36
-3
-45
-65
72
100
-20
-34
29
13
-23
-2
-2
-16
24
64
27
-80
-142
-1
168
100
-117
-177
-53
115
127
-2
-141
-107
37
111
42
-55
-71
-8
23
0
27
16
0
-33
-31
28
67
16
-40
-28
29
45
-6
-18
32
72
-10
-100
-67
57
157
78
-118
-220
-77
197
279
-14
-298
-173
146
231
41
-184
-148
65
183
75
-117
-119
35
139
42
-92
-91
54
38
-46
-24
28
-16
-36
-19
25
70
5
-100
-63
15
100
95
-56
-175
-34
207
170
-17
-168
-151
67
200
102
-73
-164
-20
108
92
-3
-47
-40
-28
-7
48
44
4
-89
-68
64
91
-26
-117
-50
82
78
-70
-136
-25
144
135
-42
-208
-128
145
220
11
-184
-151
85
136
40
-53
-95
4
65
26
-40
-42
12
30
-28
-43
7
54
48
-45
-122
13
162
47
-84
-11
43
-4
-31
-34
35
94
10
-43
-91
-79
65
142
3
-158
-101
48
100
55
-63
-108
-36
52
56
1
-48
-38
-14
-12
24
50
65
-33
-93
-19
72
95
-17
-108
-28
70
81
-1
-44
12
61
26
-46
-96
-20
123
161
-46
-265
-137
212
300
-12
-313
-157
136
209
49
-160
-125
47
123
48
-80
-24
40
39
6
-51
-15
54
-1
-69
-10
34
4
-23
-29
-24
35
76
-33
-119
-29
113
136
-41
-170
-50
152
152
11
-130
-101
50
133
67
-27
-50
-49
-5
35
71
77
-43
-142
-57
106
133
-19
-143
-73
71
89
-21
-88
-46
55
58
-58
-113
-20
121
113
-42
-189
-125
128
234
45
-189
-176
32
153
101
-34
-109
-61
27
61
31
-18
-72
-41
7
40
42
3
-38
-65
-77
94
189
0
-175
-55
111
105
-14
-107
-64
81
134
16
-140
-137
30
172
79
-135
-164
-19
112
103
-19
-109
-121
4
107
93
-47
-104
-41
15
43
45
4
-19
-40
-3
37
27
-24
-12
24
49
1
-55
-5
82
104
-26
-145
-87
76
152
97
-110
-200
-74
164
235
10
-219
-156
88
188
65
-141
-131
30
146
59
-83
-98
23
152
57
-115
-97
60
86
-57
-70
23
16
-29
-8
-2
65
44
-113
-103
33
159
105
-85
-186
-3
200
130
-60
-151
-79
97
169
47
-96
-97
16
67
47
6
1
-14
-68
-34
66
64
-19
-79
-35
53
20
-65
-10
46
35
-69
-91
-5
71
66
4
-74
-73
-42
49
143
61
-138
-143
17
115
76
-18
-94
-70
26
78
60
-58
-109
7
76
-5
-60
-12
55
-3
-81
-11
131
60
-78
-30
51
17
-21
-31
4
59
46
-19
-50
-62
2
56
54
-45
-105
-60
24
96
66
-68
-139
-67
69
131
18
-83
-106
-20
93
97
-7
-91
-64
35
96
22
-51
-37
17
28
18
5
-20
12
76
56
-62
-138
-10
152
157
-65
-245
-113
167
259
-2
-213
-108
33
104
85
-42
-78
-15
59
42
-28
-19
23
34
4
-50
-32
66
68
-86
-110
40
81
-7
-88
-65
85
125
-55
-166
-52
127
175
-21
-205
-90
144
212
40
-127
-149
-15
152
129
-6
-92
-73
6
72
74
20
-69
-79
-6
56
56
3
-68
-39
16
40
-4
-35
-31
24
27
-34
-92
-36
91
143
-8
-205
-150
122
275
68
-234
-217
59
211
101
-90
-153
-31
90
111
-4
-95
-47
26
36
-25
-68
39
93
2
-153
-29
181
101
-89
-113
45
128
45
-117
-135
78
210
77
-184
-237
22
263
128
-183
-227
-8
172
137
-60
-174
-78
54
81
35
-5
-61
-83
-21
50
101
16
-57
-52
13
52
47
-18
-48
-37
49
69
-2
-31
4
59
54
-63
-128
-33
152
175
-60
-229
-123
130
246
35
-168
-156
-22
146
151
-52
-174
-68
111
152
2
-105
-83
51
87
45
-39
-64
-24
-8
38
36
-73
-60
41
35
41
-8
-85
-55
21
91
60
-40
-103
-22
108
123
25
-80
-104
-25
114
130
35
-137
-114
42
129
84
-42
-89
-31
-1
46
50
-10
-66
-54
44
50
-29
-56
-7
43
-4
-64
-51
11
76
50
-28
-88
-91
49
178
76
-119
-176
-11
133
107
-9
-91
-66
0
63
42
5
-71
-63
-7
33
35
28
-13
-68
-66
63
130
2
-124
-6
150
42
-90
-103
-9
148
96
-42
-109
-90
28
103
52
-75
-122
-23
63
61
9
-83
-91
-15
73
93
-4
-68
-85
-34
66
81
21
-73
-82
38
97
36
-60
-75
49
69
18
-40
-27
50
76
17
-87
-113
4
133
165
-34
-251
-153
155
280
32
-220
-162
54
161
68
-78
-106
0
78
58
-14
-24
-5
10
45
18
-32
-7
-31
-31
59
29
-79
-101
43
114
57
-62
-139
-32
106
108
-10
-91
-70
44
111
53
-1
-26
-41
-41
45
113
58
-46
-120
-47
98
128
17
-95
-89
-4
50
74
7
-77
-62
4
60
18
-48
-51
8
54
-4
-113
-67
91
155
9
-183
-172
86
264
113
-201
-253
17
239
111
-106
-139
-27
65
89
7
-70
-55
21
51
-19
-72
-1
87
22
-122
-69
136
106
-50
-70
19
45
14
-40
-82
72
107
22
-87
-133
3
122
87
-54
-141
-83
45
150
33
-140
-132
18
106
59
-31
-79
-46
12
27
28
28
-4
-35
-63
30
108
45
-84
-90
41
113
23
-65
-34
97
95
-64
-149
-34
164
172
-62
-235
-149
148
280
61
-232
-202
44
220
121
-109
-183
-5
159
98
-87
-115
-3
116
95
-57
-110
-22
95
33
-39
-53
-40
-6
65
54
-24
-60
-44
8
28
29
48
13
-83
-71
56
138
88
-49
-164
-60
128
192
47
-160
-144
47
151
68
-66
-93
-27
33
65
33
-38
-64
-37
41
42
-21
-37
-48
29
49
-35
-94
-39
82
129
-6
-138
-149
62
215
95
-126
-208
-14
170
85
-25
-105
-65
82
90
1
-68
-73
9
64
-9
-73
9
99
0
-148
-22
170
104
-103
-103
61
101
9
-105
-74
100
119
8
-94
-137
-11
158
112
-86
-194
-67
91
123
39
-122
-132
-20
115
101
-48
-117
-40
48
73
-18
-34
4
20
-13
-21
13
50
19
-32
-19
16
30
12
12
19
31
-15
-92
-74
105
198
12
-215
-223
77
308
179
-214
-310
15
267
139
-142
-212
12
168
94
-85
-104
25
97
49
-80
-50
75
35
-91
-71
50
33
-41
-38
20
43
41
-65
-96
23
88
75
-14
-95
-60
66
128
71
-84
-109
-9
95
100
29
-47
-91
-22
76
100
28
-80
-95
-13
60
79
1
-82
-71
22
63
5
-46
-34
5
28
-24
-74
-38
86
109
8
-144
-147
69
227
105
-141
-231
7
166
86
-39
-96
-13
13
13
29
36
-10
-66
-51
9
41
44
11
-36
-94
-36
139
109
-58
-63
18
55
3
-29
-31
1
62
48
-8
-93
-101
40
140
24
-125
-149
-10
150
115
-63
-163
-115
69
160
45
-112
-147
-9
114
78
-17
-79
-26
5
53
45
8
-29
-35
30
26
0
2
19
48
29
-49
-83
-47
94
169
24
-193
-209
63
297
138
-210
-254
-10
207
170
-66
-173
-44
117
95
-7
-94
-46
64
100
-7
-61
-16
31
-30
-27
34
19
-61
-73
2
102
80
-88
-130
-2
119
119
-11
-133
-104
67
190
116
-94
-210
-63
158
213
18
-173
-121
70
140
52
-65
-67
11
19
-11
-2
33
4
-59
-55
22
66
12
-69
-37
28
16
-49
-61
13
112
77
-86
-175
-42
159
148
-31
-157
-77
60
78
66
10
-91
-97
42
101
50
-71
-88
-26
20
28
47
65
-45
-185
-63
204
164
-86
-147
22
136
55
-87
-125
53
136
37
-78
-116
-10
100
91
-54
-161
-76
56
144
68
-115
-151
-31
100
91
-30
-94
-37
30
19
9
23
1
-17
-12
5
33
16
-3
-6
-27
16
32
21
19
6
17
15
-67
-68
38
161
73
-169
-206
19
232
185
-139
-240
-23
157
166
-42
-180
-66
116
124
-18
-113
-44
90
114
-5
-111
-45
82
56
-72
-65
-10
32
20
-28
-27
62
7
-78
-66
49
132
66
-121
-143
42
196
109
-92
-184
-50
146
162
33
-107
-108
8
91
50
-9
-15
-25
-39
-11
49
71
-19
-116
-60
59
104
-1
-113
-53
45
54
-61
-90
15
150
78
-145
-190
0
219
183
-99
-277
-66
183
160
-3
-109
-96
15
89
49
-22
-61
-46
-16
8
11
50
13
-35
-89
-26
158
87
-104
-71
69
92
-10
-75
-74
39
152
52
-110
-142
-40
149
138
-87
-170
-63
58
110
43
-86
-102
-42
67
80
19
-55
-89
-25
38
89
46
-62
-96
-13
106
82
-31
-92
-21
66
77
4
-70
-32
109
112
-67
-183
-67
152
209
-22
-228
-150
91
226
88
-147
-145
-25
92
117
4
-100
-61
38
67
26
-14
-51
15
54
16
-54
2
73
-33
-108
33
67
-48
-58
-25
94
82
-82
-142
-14
118
129
5
-162
-115
103
197
78
-84
-155
-27
120
110
26
-65
-87
-6
57
57
61
1
-80
-85
11
74
63
-13
-102
-50
53
69
-15
-58
-32
23
34
-60
-109
27
174
71
-146
-208
11
244
166
-137
-245
-49
176
161
-16
-140
-82
57
89
10
-58
-64
22
31
-29
-51
8
91
33
-112
-95
96
156
-28
-114
35
78
-8
-73
-65
84
130
-5
-112
-129
17
136
76
-83
-158
-31
73
62
21
-41
-78
-41
21
52
30
-28
-55
-75
-10
85
108
5
-140
-94
100
156
-17
-132
-40
76
80
29
-69
-28
72
57
-29
-112
-40
105
158
12
-191
-174
63
235
120
-129
-189
-48
129
132
2
-125
-55
66
86
-8
-84
-6
70
79
-9
-85
-30
47
1
-19
24
-28
-49
15
29
2
4
-33
-48
11
63
69
-26
-103
-58
97
146
59
-82
-107
-28
62
130
61
-59
-87
-39
41
73
75
-11
-121
-40
52
82
17
-106
-46
45
41
-33
-35
37
5
-48
-44
5
4
1
35
45
-26
-138
-78
133
203
7
-223
-160
110
203
37
-126
-104
22
80
11
-50
-20
24
-1
-58
-38
55
120
-3
-193
-122
173
234
-40
-222
-42
144
104
-72
-144
5
157
91
-81
-140
-59
107
125
-18
-150
-124
18
118
97
-48
-159
-88
66
131
44
-66
-108
-17
53
60
13
-44
-43
-15
30
56
2
-20
-9
19
37
9
-7
10
37
40
-36
-88
-33
76
145
44
-159
-192
22
233
131
-131
-166
-73
100
157
38
-86
-114
-1
85
49
-9
-73
14
95
25
-76
-51
51
4
-61
8
-1
-37
-6
19
42
25
-80
-89
19
101
86
-21
-137
-70
94
164
48
-58
-127
-60
88
128
30
-51
-83
-7
57
76
4
-41
-18
-19
-34
14
79
38
-83
-106
20
114
38
-99
-96
42
84
-27
-114
-33
115
108
-55
-185
-76
158
205
-11
-216
-140
111
159
26
-67
-74
-14
43
36
-14
-21
-5
-17
-32
-11
16
60
29
-88
-69
61
115
18
-61
1
16
15
6
-44
9
60
34
8
-98
-112
69
182
30
-214
-160
69
168
64
-105
-127
5
77
34
-30
-13
-2
-51
-27
29
62
57
-51
-93
4
69
42
3
-14
-30
-2
26
20
34
23
4
-11
-78
-45
72
137
41
-143
-194
22
203
173
-75
-233
-89
113
169
24
-151
-84
89
95
-43
-94
13
132
64
-111
-119
67
144
-45
-120
-27
36
6
-12
2
-25
15
34
-30
-62
2
83
67
-60
-110
29
137
83
-46
-94
-36
54
85
30
-24
-31
-42
4
68
80
-4
-110
-74
62
91
16
-88
-70
27
89
19
-72
-44
-10
48
42
-91
-96
33
109
77
-67
-163
-54
147
176
-27
-213
-109
117
167
37
-110
-111
-3
83
72
-21
-81
-56
3
49
3
-29
27
19
-92
-62
120
137
-69
-120
51
105
4
-100
-85
85
153
15
-118
-122
2
117
91
-79
-116
-23
27
19
32
-2
-63
-84
3
71
79
-9
-101
-79
27
86
45
-4
-57
-42
34
58
19
-34
-19
-4
27
40
-3
5
23
49
-18
-107
-41
81
160
56
-139
-223
-49
238
236
-62
-278
-104
149
166
-2
-126
-85
54
104
4
-50
-39
34
101
1
-87
-28
64
6
-63
2
7
-32
-17
-2
26
56
-1
-95
-76
47
157
73
-109
-157
26
194
112
-43
-121
-79
44
121
101
-19
-104
-47
15
57
61
23
-46
-67
-19
59
74
-2
-115
-59
61
55
-14
-63
-28
39
19
-80
-62
46
142
17
-130
-134
11
178
118
-78
-171
-57
118
93
-6
-59
-52
7
60
-1
-41
-34
31
3
-35
-47
11
70
43
-87
-136
54
173
29
-100
-45
48
50
11
-51
-46
48
80
40
-93
-133
-11
133
100
-84
-180
-58
103
161
4
-161
-128
25
129
69
-63
-103
-39
12
54
61
24
-40
-60
-2
62
87
-11
-84
-30
59
80
-15
-85
23
102
47
-114
-105
64
177
87
-129
-250
-59
236
272
-66
-295
-122
151
193
9
-141
-99
37
102
28
-24
-31
5
45
21
-34
-25
38
3
-36
-36
-2
-15
-15
36
10
24
7
-67
-50
10
88
112
-72
-157
-10
167
149
-28
-147
-86
59
140
63
-68
-71
2
43
24
10
20
-16
-56
-23
59
67
-25
-93
-55
44
69
4
-59
-44
18
51
-43
-95
-1
103
94
-58
-165
-48
160
181
-51
-210
-81
107
99
-1
-25
-13
-39
-23
58
52
-23
-68
-52
23
39
-14
3
30
-37
-101
24
169
41
-82
-47
30
72
22
-86
-59
82
109
-3
-117
-111
49
149
39
-126
-142
-48
115
154
5
-172
-170
51
181
61
-96
-106
-25
36
31
46
15
-45
-60
-4
72
51
-33
-52
7
57
16
-39
-9
67
82
-2
-133
-91
77
180
84
-148
-225
-62
210
224
-49
-226
-107
96
185
37
-148
-117
47
130
33
-53
-42
-5
63
37
-30
-37
5
14
-68
-3
65
-33
-73
-8
49
90
-21
-139
-82
80
160
64
-121
-168
24
216
128
-54
-153
-85
91
126
60
-44
-75
-18
3
52
91
31
-80
-112
-27
98
118
-53
-129
-25
84
34
-54
-47
6
51
2
-79
-95
29
131
76
-92
-190
-33
173
185
-16
-202
-116
85
130
37
-60
-83
-18
29
49
14
1
-28
-60
-34
32
36
42
19
-92
-86
89
141
-6
-100
-3
62
21
-26
-38
10
71
29
-23
-64
-49
33
60
22
-63
-96
-38
56
109
2
-105
-90
-15
98
90
-33
-107
-70
18
62
51
10
-42
-54
9
63
52
-35
-55
11
26
21
-5
1
45
27
-5
-68
-85
48
139
104
-113
-222
-75
180
254
-8
-227
-157
57
180
132
-94
-179
-47
116
133
-13
-127
-24
116
89
-102
-92
57
77
-35
-69
-12
-10
-2
33
18
23
-24
-106
-39
74
129
60
-124
-151
47
205
106
-80
-125
-47
61
91
56
-9
-66
-56
15
106
71
-47
-89
-29
43
35
30
-30
-54
-3
14
26
-34
-15
0
-9
15
-38
-73
-25
85
138
-2
-212
-150
128
266
61
-236
-190
65
172
103
-58
-124
-69
47
83
17
-40
-54
-20
17
5
-9
27
35
-53
-104
40
127
34
-78
-35
69
45
-13
-72
-33
69
80
35
-91
-139
-4
163
89
-91
-186
-82
105
172
12
-144
-136
7
105
85
-48
-98
-30
40
31
15
9
1
-40
-22
25
41
21
-27
-29
16
57
24
-37
-26
84
60
-66
-109
-12
165
147
-102
-258
-93
179
256
0
-186
-144
32
156
82
-80
-120
-5
104
58
-16
-65
-17
101
68
-70
-99
26
56
-21
-36
-9
-28
16
8
-7
48
7
-70
-63
27
108
71
-67
-147
-20
182
142
-35
-118
-99
35
123
103
-25
-118
-34
46
59
25
1
-12
-62
-45
32
73
35
-63
-82
-5
32
29
0
-28
-14
-3
-41
-50
-15
93
104
-48
-172
-118
140
252
25
-250
-193
123
232
31
-156
-96
41
112
32
-78
-68
15
58
-4
-82
-60
93
121
-51
-171
-3
193
76
-120
-75
81
83
-17
-145
-41
183
128
-70
-207
-97
151
189
-22
-207
-111
93
91
-5
-68
-28
18
-54
-36
71
70
-28
-112
-85
50
151
75
-122
-163
39
183
74
-126
-95
66
86
-7
-39
-2
75
51
-33
-74
-57
17
138
118
-82
-220
-113
149
248
31
-203
-158
48
187
98
-120
-151
12
119
75
-56
-70
16
91
32
-100
-66
100
55
-79
-44
13
-6
-1
-9
-11
36
37
-38
-77
-8
86
109
-37
-152
-38
168
166
-35
-165
-50
79
100
19
-25
-20
-16
-13
3
52
76
-5
-107
-85
29
113
43
-79
-81
8
72
34
-49
-65
-18
48
13
-92
-73
68
159
10
-178
-157
90
240
76
-183
-165
48
140
48
-40
-75
-32
49
51
-13
-43
-11
5
4
-45
-26
70
75
-81
-140
38
188
53
-114
-65
44
67
23
-76
-77
55
126
25
-113
-139
2
172
116
-122
-197
-68
115
166
6
-167
-133
40
132
51
-71
-96
-24
24
27
34
40
-5
-86
-29
88
69
-27
-53
-12
40
26
-33
14
78
64
-34
-120
-78
71
163
90
-98
-208
-111
154
254
51
-218
-208
45
228
122
-139
-215
-7
207
130
-98
-162
11
174
78
-123
-89
56
46
-47
-2
26
-52
-50
45
44
1
-12
-51
-47
21
97
72
-58
-130
-30
155
152
10
-111
-122
3
116
142
15
-136
-114
24
146
113
-49
-119
-43
37
74
20
-43
-52
-17
37
19
-40
-25
-7
18
8
-47
-40
-6
63
55
-31
-94
-63
76
134
37
-104
-145
10
113
58
8
-51
-86
-4
67
76
-31
-96
-42
31
25
-4
-9
20
-36
-63
53
102
-7
-60
23
64
2
-49
-61
6
102
80
-19
-102
-106
35
125
64
-128
-167
-14
103
120
-14
-133
-96
18
85
44
-17
-38
-43
-43
-9
60
84
10
-95
-70
42
82
60
-38
-84
-19
78
62
-23
-6
43
41
-31
-97
-24
104
124
-11
-180
-142
80
255
96
-191
-199
5
167
142
-60
-156
-27
115
87
-63
-102
38
121
24
-110
-44
93
33
-104
-49
38
17
-13
-12
-16
17
52
-50
-75
0
71
95
-13
-115
-55
79
157
31
-103
-118
-29
145
143
-30
-122
-53
52
72
-1
2
8
-45
-54
2
85
77
-81
-125
5
96
24
-74
-56
29
47
-15
-81
-43
78
118
8
-170
-155
82
256
93
-206
-218
54
194
86
-70
-109
-32
47
59
17
-57
-63
3
53
13
-47
-19
54
44
-92
-84
105
98
-16
-23
-14
2
-11
21
12
8
8
44
5
-98
-88
85
142
-15
-164
-142
52
201
64
-145
-192
-17
162
119
-46
-136
-62
44
70
19
0
-9
-45
-41
50
76
11
-49
-45
40
58
-5
-36
18
98
58
-105
-142
-10
200
165
-77
-247
-128
144
261
38
-218
-173
39
188
120
-77
-173
-61
132
136
-34
-118
-62
101
130
-34
-115
-13
51
-9
-44
9
15
-37
-39
-11
91
88
-81
-157
-28
151
144
-43
-190
-70
167
164
17
-132
-125
24
158
100
-39
-115
-48
55
78
24
-9
9
-46
-87
18
96
63
-62
-130
-6
111
48
-70
-99
10
85
-22
-114
-51
105
149
-34
-171
-113
107
219
38
-171
-175
51
158
42
-54
-56
-12
20
16
3
0
-41
-27
14
4
-39
7
75
10
-125
-50
141
120
-76
-91
46
62
-9
-71
-9
83
33
-35
-53
-50
11
88
47
-70
-119
-40
47
87
23
-94
-85
1
34
46
-2
-19
-34
-47
14
50
47
-4
-82
-10
69
35
-10
-22
12
-4
-13
15
50
75
9
-71
-53
8
27
55
64
-11
-119
-124
53
202
91
-139
-177
-20
164
123
-74
-134
-14
83
91
-4
-85
-45
74
101
-14
-104
-28
81
25
-78
-62
28
49
10
-65
-9
61
17
-69
-59
40
139
50
-151
-128
103
217
63
-142
-164
29
154
115
-35
-77
-49
25
65
38
5
-19
-62
-28
16
76
38
-71
-86
19
63
-8
-39
9
6
8
-40
-83
-22
76
100
11
-131
-149
25
197
172
-91
-258
-83
146
179
32
-150
-129
18
140
55
-72
-76
-24
59
0
-80
-2
121
50
-156
-132
125
188
8
-146
-63
83
93
-16
-119
-40
128
133
-53
-239
-111
195
219
-52
-243
-159
115
230
23
-186
-149
31
124
54
-52
-67
-32
8
19
23
37
-3
-59
-51
40
111
48
-91
-77
26
96
18
-70
-21
86
101
-42
-157
-59
142
196
14
-231
-207
73
290
138
-189
-234
-12
184
144
-59
-156
-32
125
68
-49
-71
26
77
35
-64
-60
38
65
-60
-91
58
46
-34
-60
-31
92
68
-71
-94
-31
79
140
18
-164
-118
128
203
46
-122
-144
-18
131
129
14
-91
-101
27
84
64
-1
-42
-36
-28
-22
55
75
-42
-116
-40
86
78
-53
-83
-4
62
-25
-67
-33
43
89
26
-108
-147
25
219
137
-123
-252
-74
210
190
-53
-177
-63
129
87
-46
-97
-37
70
45
-47
-83
-7
128
52
-143
-89
117
139
-41
-104
55
89
-33
-88
-43
119
99
-26
-104
-80
8
108
83
-62
-157
-59
81
100
11
-84
-82
-21
45
52
10
-30
-44
-56
-10
71
87
-6
-101
-54
59
100
19
-77
-38
15
48
46
-3
17
40
8
-47
-68
-5
110
105
-50
-162
-93
83
172
58
-108
-143
-43
74
117
5
-73
-46
28
54
22
-28
-25
18
48
2
-49
-15
20
-20
-21
9
-41
-26
25
23
22
8
-70
-64
33
87
80
-59
-147
-20
148
136
-12
-117
-89
59
123
49
-42
-63
12
6
-2
29
63
13
-68
-94
-1
93
55
-59
-68
8
44
18
-10
-43
-31
26
20
-49
-74
8
114
71
-86
-160
-40
162
193
-40
-232
-117
158
181
-18
-111
-77
32
78
-2
-35
-12
-16
0
-37
-11
57
52
-28
-101
-25
140
98
-80
-88
49
87
24
-90
-94
57
150
47
-111
-131
-27
135
108
-55
-137
-81
22
96
72
-38
-135
-104
53
143
45
-83
-123
-19
72
49
17
-10
-34
-47
8
92
64
-47
-85
-16
92
53
-36
-35
54
89
-41
-117
-62
91
159
16
-150
-158
31
221
137
-132
-201
-42
119
120
21
-126
-96
58
114
28
-83
-69
89
111
-33
-104
-21
80
13
-57
-50
-18
33
46
-36
-17
36
-11
-37
-29
46
92
23
-112
-87
77
167
46
-91
-81
-30
48
105
81
-29
-90
-44
21
93
70
-33
-81
-52
14
70
53
-29
-90
-21
43
20
-7
-36
-29
24
0
-45
-28
17
94
39
-83
-147
-18
173
129
-52
-195
-85
112
132
36
-88
-122
14
109
30
-88
-73
42
76
-35
-91
-7
133
44
-141
-101
119
109
-20
-56
22
23
-10
-53
-34
79
103
-17
-83
-121
-11
142
93
-82
-165
-62
85
103
19
-106
-87
-3
62
27
-12
-28
-32
-33
18
52
47
-6
-78
-50
40
81
28
-51
-42
30
51
21
-27
-17
53
63
-10
-106
-83
74
184
68
-179
-232
28
276
198
-159
-287
-57
216
180
-49
-195
-58
119
125
-5
-124
-46
103
102
-63
-96
23
88
-36
-80
1
28
23
-16
-28
-22
48
55
-57
-91
-6
117
99
-66
-146
-7
172
145
-41
-181
-90
105
168
58
-89
-116
-23
68
80
44
-12
-85
-65
7
101
66
-71
-111
8
91
33
-75
-66
19
27
-8
-54
-50
44
103
26
-113
-145
27
177
121
-78
-206
-52
153
112
-49
-114
-36
76
74
-31
-89
-11
55
21
-51
-80
25
124
50
-167
-168
158
264
-22
-190
-51
127
110
-70
-134
41
108
47
-62
-107
-51
95
127
-54
-134
-64
24
78
54
-27
-87
-94
2
79
92
1
-122
-96
34
115
55
-66
-68
-16
55
90
-8
-73
-20
32
53
-8
-28
26
87
45
-71
-111
-34
111
187
20
-210
-220
38
279
184
-159
-287
-45
216
172
-77
-201
-33
137
116
-44
-99
-30
82
94
-14
-123
-27
97
24
-74
-51
2
24
31
-44
-12
58
18
-64
-77
44
128
46
-116
-122
68
161
73
-44
-122
-62
73
133
64
-62
-98
-23
45
100
73
-51
-92
-47
40
85
35
-69
-96
6
91
39
-76
-83
-5
104
19
-119
-109
63
193
61
-162
-209
-7
232
188
-66
-258
-122
147
173
42
-134
-136
21
143
51
-67
-90
-14
63
21
-52
-38
45
52
-53
-53
52
85
-29
-19
50
-2
-49
-19
25
30
38
10
19
-83
-111
22
129
62
-118
-166
-37
126
166
-49
-193
-102
89
159
29
-115
-112
-13
54
66
23
-32
-49
-9
28
41
14
-26
-17
-1
48
33
-50
-19
53
72
-9
-107
-79
72
164
75
-152
-208
-11
202
181
-73
-227
-64
117
150
12
-148
-68
86
102
4
-98
-42
79
82
4
-95
-64
81
78
-71
-98
2
56
32
-30
-62
44
86
-33
-86
-33
111
99
-89
-147
31
176
117
-49
-133
-70
69
136
52
-65
-62
-7
43
51
32
12
-50
-63
-42
51
90
-6
-64
-54
-1
51
14
-7
-40
-46
2
7
-22
-10
56
73
-48
-144
-44
153
160
-49
-201
-81
102
120
27
-92
-53
17
43
37
-33
-37
-35
12
14
-36
-7
57
49
-83
-125
80
163
4
-83
-32
36
40
-3
-60
-15
85
61
-23
-114
-85
82
151
-16
-147
-80
-17
85
100
-5
-98
-115
-9
104
83
-22
-113
-62
-5
73
97
3
-99
-77
57
99
19
-45
-59
9
68
46
-20
-38
29
65
14
-98
-77
52
174
104
-151
-270
-39
277
230
-87
-272
-144
153
247
22
-179
-128
48
158
51
-98
-93
47
117
-16
-61
-11
66
-3
-103
-8
45
-16
-33
-25
20
99
-11
-122
-70
76
162
27
-136
-141
72
206
72
-97
-116
-6
82
81
30
-46
-73
-18
30
87
41
-31
-66
-44
3
63
54
-17
-97
-34
61
10
-14
-30
-27
19
16
-58
-70
4
122
71
-75
-153
-48
141
179
-33
-201
-115
113
133
44
-54
-97
-20
66
51
-5
-63
-28
21
7
-39
-27
63
53
-85
-79
79
111
6
-84
-4
61
18
-7
-57
-19
77
70
-5
-108
-100
59
145
34
-125
-152
-13
124
115
-45
-151
-89
65
130
26
-80
-105
-22
76
58
6
-39
-32
-13
48
44
9
-44
-26
26
48
28
-18
-28
47
70
-13
-115
-75
118
182
17
-187
-183
26
219
161
-111
-209
-35
121
134
-1
-130
-67
57
81
29
-27
-38
12
42
32
-35
-48
16
5
-17
15
-28
-68
17
77
25
-40
-67
-36
36
75
29
-21
-63
-32
46
78
46
-11
-34
-68
-12
102
127
-19
-134
-93
80
144
42
-81
-82
-2
27
16
21
1
-35
-40
-13
33
22
-19
-31
-23
9
-3
-51
-35
76
115
-32
-181
-95
145
221
12
-213
-182
87
222
64
-129
-118
-3
86
39
-20
-33
-18
5
-17
-49
0
90
49
-115
-119
88
186
14
-131
-57
86
76
-42
-116
16
140
84
-91
-143
-64
109
161
-26
-175
-104
49
101
59
-78
-99
-57
51
45
30
0
-45
-60
-71
45
124
56
-84
-117
3
125
77
-43
-97
-27
82
83
-30
-34
42
76
-5
-120
-76
71
186
67
-185
-204
20
230
141
-115
-186
-13
96
95
7
-60
-42
9
44
22
-6
-10
8
18
14
-17
-4
43
-24
-79
-5
43
4
-23
-45
10
82
10
-67
-79
14
127
90
-89
-184
21
217
124
-88
-153
-25
123
91
30
-63
-77
3
57
68
18
-41
-32
4
-20
12
47
17
-75
-60
31
65
-6
-37
-32
-1
-17
-44
-12
34
61
31
-41
-114
-89
121
191
14
-190
-165
95
204
32
-136
-136
53
136
29
-99
-106
20
116
12
-126
-70
113
132
-91
-175
20
168
87
-89
-43
31
23
-15
-58
10
111
44
-56
-118
-63
93
129
-7
-159
-128
34
139
83
-90
-159
-40
79
77
-10
-38
-31
-19
-17
2
26
59
0
-61
-23
44
51
7
-45
-37
44
79
-11
-31
9
52
58
-45
-123
-15
157
149
-71
-276
-109
206
285
-18
-287
-146
126
201
45
-151
-125
63
130
21
-89
-49
76
76
-12
-74
-21
97
-18
-95
-23
41
14
-21
-51
18
60
25
-78
-59
22
104
75
-92
-138
13
183
117
-49
-134
-48
49
105
58
-31
-67
-21
40
47
8
-6
-7
-34
-38
-3
72
45
-49
-73
-24
46
41
-5
-47
-38
3
-13
-34
-18
48
64
-7
-130
-98
116
183
27
-174
-140
73
140
41
-76
-83
11
70
21
-32
-3
3
-24
-21
-33
-5
81
40
-74
-113
36
166
67
-73
-70
3
45
33
-24
-27
20
37
19
-40
-87
-1
115
70
-90
-135
-62
87
123
1
-115
-106
-10
61
68
40
-51
-128
-48
81
135
30
-106
-101
26
114
54
-43
-52
-20
50
62
1
-40
-6
85
50
-108
-150
70
235
76
-183
-226
-16
211
208
-79
-237
-94
136
179
-1
-167
-94
97
138
-11
-108
-32
72
102
-17
-100
-27
81
21
-85
-42
7
26
3
-9
-24
26
21
-37
-72
-12
98
105
-45
-154
-50
140
159
36
-108
-145
-14
161
131
-34
-163
-35
104
72
10
-53
-20
-10
-33
1
65
42
-58
-99
11
90
34
-68
-82
19
89
-30
-131
-42
152
141
-76
-213
-95
181
216
-14
-209
-135
87
152
41
-73
-82
-27
44
54
12
-48
-60
21
44
-9
-61
-2
80
12
-109
-52
148
112
-54
-81
-13
59
63
-64
-71
68
114
9
-140
-147
50
216
65
-176
-193
11
129
105
-25
-118
-82
15
78
46
-32
-62
-35
-20
25
52
38
-38
-84
25
92
35
-60
-51
54
56
-6
-48
-5
92
76
-45
-113
-48
71
125
78
-97
-188
-84
140
246
35
-216
-164
42
182
110
-119
-147
3
125
88
-68
-85
15
105
71
-91
-99
53
66
-45
-51
-20
18
24
13
-65
-4
58
4
-41
-60
44
118
20
-149
-62
125
167
18
-132
-116
18
120
113
1
-87
-76
13
94
67
-18
-66
-51
44
66
0
-66
-29
29
12
-45
-26
59
51
-61
-76
-12
11
0
32
61
1
-126
-120
75
202
79
-163
-188
12
148
122
-38
-110
-44
41
48
-2
-41
-27
-14
27
0
-25
21
45
-30
-105
-18
137
76
-26
-35
-40
-30
49
62
-9
-62
5
61
19
-96
-97
91
128
-29
-172
-111
64
152
42
-105
-146
-47
101
120
-20
-127
-62
52
76
-9
-21
34
-8
-70
-1
89
55
-36
-84
-7
65
60
5
-33
4
47
-10
-44
-13
87
105
-62
-187
-88
122
213
23
-169
-122
23
142
98
-70
-132
-53
119
117
-14
-113
-28
113
74
-90
-97
65
114
-86
-141
27
88
54
-74
-111
73
130
-63
-159
-29
166
162
-93
-243
-54
262
224
-54
-217
-137
108
203
55
-106
-106
43
85
-1
-25
25
46
-42
-114
-13
114
93
-85
-132
19
99
27
-78
-69
17
63
-21
-97
-36
107
108
-36
-165
-120
131
242
18
-223
-187
105
200
36
-91
-105
-2
88
54
-50
-64
2
27
-5
-58
-28
82
80
-75
-170
50
197
35
-106
-44
66
57
-15
-62
-40
96
68
-47
-87
-83
80
140
1
-147
-129
15
101
56
-39
-69
-28
-21
26
49
13
-19
-74
-61
33
86
60
-41
-110
-43
104
120
-31
-116
-30
94
63
-19
-43
30
52
26
-62
-113
14
155
133
-69
-228
-108
117
230
71
-183
-171
2
157
113
-74
-129
-19
116
75
-62
-80
-3
94
84
-59
-97
9
81
3
-61
-44
-28
41
40
-43
0
43
-46
-66
14
102
89
-109
-170
60
202
107
-78
-157
-25
113
95
-12
-65
-15
60
13
-44
1
88
46
-81
-112
-13
133
103
-81
-134
-36
89
85