#4
593
7
-334
-60
381
398
48
-135
92
326
210
-83
-103
236
438
111
-226
59
437
270
-116
-126
255
506
173
-307
-183
460
628
75
-442
-220
467
654
126
-375
-208
346
491
147
-194
-51
280
248
-2
-12
219
278
19
-134
95
391
281
-79
-146
197
416
123
-209
-10
465
445
-116
-387
32
547
495
-68
-364
-69
406
446
78
-188
-80
189
226
115
70
89
60
-12
42
229
263
72
-149
-69
253
339
111
-107
-44
210
279
111
-106
-108
163
340
157
-136
-168
119
386
229
-97
-218
1
292
298
75
-48
-38
58
144
180
186
66
-99
-56
159
323
180
-85
-164
54
301
260
-17
-179
-8
247
237
-18
-149
88
298
150
-166
-190
146
365
148
-96
-54
104
104
39
129
214
40
-153
-95
236
403
166
-225
-287
149
524
300
-214
-338
113
442
222
-148
-161
146
304
80
-211
-52
298
295
-76
-118
114
229
105
-72
22
261
178
-120
-131
194
420
164
-232
-262
123
467
287
-179
-322
18
401
330
-78
-261
-3
307
211
-62
-49
117
176
30
-58
106
229
102
-79
-9
188
142
-20
-4
203
275
-4
-240
-63
286
407
121
-267
-221
107
383
285
-88
-244
-69
225
256
101
-76
-93
19
119
172
128
-8
-83
-39
131
219
116
-76
-55
96
163
106
-23
-118
21
226
185
-71
-190
-23
275
271
-46
-277
-123
225
343
118
-152
-176
18
225
222
69
-76
-92
4
140
184
113
-66
-128
40
215
192
-42
-189
-58
224
234
-53
-234
-29
315
294
-167
-394
-53
403
348
-75
-290
-103
173
234
107
-15
-54
-72
-2
162
240
86
-123
-171
16
317
299
-68
-288
-93
269
301
-7
-227
-46
239
171
-114
-149
143
227
35
-69
-31
93
134
45
29
83
83
-42
-63
111
266
151
-173
-250
63
341
269
-115
-306
-65
281
291
-13
-219
-74
169
171
28
-48
65
86
-17
-33
93
176
85
-68
-36
107
117
-25
-8
183
192
-32
-153
-51
137
249
127
-116
-224
-36
250
332
19
-282
-192
146
320
153
-137
-215
-39
201
215
40
-142
-91
87
139
64
-20
34
85
26
-60
15
137
1
-89
30
158
105
-121
-187
89
297
101
-245
-262
99
346
206
-159
-263
-15
266
196
-25
-103
-60
49
110
87
28
-5
-54
-26
74
153
82
-97
-162
42
192
98
-139
-154
121
253
11
-293
-175
232
336
44
-225
-205
48
226
191
13
-135
-132
-8
169
238
82
-122
-221
-39
257
297
4
-287
-164
205
314
45
-211
-144
146
188
-26
-145
35
149
44
18
25
-27
-15
71
151
110
-63
-126
-14
163
222
46
-150
-152
18
237
241
-42
-273
-147
184
294
69
-186
-170
70
186
89
-12
-61
-22
34
80
100
28
-20
-2
71
98
-14
-76
28
223
186
-81
-202
-38
142
220
109
-98
-177
-78
147
296
125
-209
-318
-17
332
289
-72
-315
-151
175
297
45
-184
-132
68
165
62
-44
-22
82
43
-63
-18
140
20
-145
-29
171
127
-119
-233
19
284
177
-177
-345
-63
368
328
-110
-366
-149
262
299
18
-182
-140
54
144
66
3
-31
-15
-15
-15
92
126
-32
-157
-76
123
111
-81
-124
77
186
3
-229
-161
135
272
41
-184
-165
33
174
98
7
-53
-91
-47
69
150
119
-32
-170
-85
139
252
78
-205
-204
65
228
157
-124
-170
22
187
51
-154
-76
148
142
-20
-104
-23
93
96
35
27
0
-82
-26
144
196
47
-151
-165
1
199
235
-14
-242
-184
92
297
142
-166
-225
15
185
132
-16
-68
-70
12
118
104
12
-72
-9
120
105
-72
-143
65
274
178
-143
-254
-34
229
246
4
-173
-137
12
157
181
49
-154
-187
11
168
173
20
-191
-171
34
222
153
-82
-180
-74
150
131
-19
-65
36
97
-15
-93
30
51
-31
-27
51
55
-65
-130
5
172
123
-108
-295
-84
273
304
-46
-307
-207
136
336
133
-194
-229
-6
200
157
-41
-115
-28
10
24
36
60
-10
-102
-51
74
79
-41
-128
-15
141
77
-142
-224
12
244
152
-107
-205
-100
93
220
143
-124
-269
-78
194
274
69
-182
-240
-33
237
260
-7
-251
-172
139
220
50
-99
-112
6
74
-6
-45
44
109
-46
-93
106
95
-61
-89
61
204
80
-180
-174
64
308
196
-171
-325
-99
299
360
-36
-346
-202
164
281
72
-167
-173
40
145
33
-34
-19
43
4
-49
65
120
23
-68
-14
102
34
-82
-29
161
225
-14
-264
-114
169
246
81
-146
-193
-39
142
212
66
-158
-224
-36
202
218
12
-197
-217
27
240
177
-98
-202
-67
123
157
5
-103
-27
64
57
13
-28
-102
-80
101
166
13
-197
-199
64
299
120
-203
-343
-54
298
285
-46
-302
-204
140
306
96
-148
-201
-22
141
121
-20
-76
-26
-1
-1
40
69
2
-116
-84
68
109
-41
-153
-7
166
93
-209
-268
59
291
129
-149
-246
-82
158
219
44
-144
-183
-30
156
162
43
-99
-132
-33
106
177
60
-140
-168
14
161
122
-42
-121
-37
66
34
-43
-7
59
-35
-37
120
64
-94
-85
107
189
38
-177
-164
102
284
125
-146
-255
-76
210
256
7
-230
-167
45
198
139
-41
-157
-104
16
137
124
25
-162
-144
97
219
99
-134
-152
73
231
12
-227
-88
252
317
-38
-351
-184
195
322
91
-187
-229
-27
148
219
79
-139
-207
-68
121
202
76
-159
-224
-25
192
179
-44
-182
-91
121
132
-15
-82
-6
86
33
-58
-46
-4
-4
46
50
-16
-96
-106
26
155
117
-103
-272
-98
222
282
2
-289
-217
101
307
120
-165
-210
-6
168
102
-75
-51
49
1
-60
6
106
33
-145
-99
81
111
-33
-161
-35
157
90
-165
-239
16
237
131
-94
-217
-115
101
189
104
-74
-198
-123
97
239
141
-108
-257
-112
181
287
81
-239
-277
61
284
157
-125
-234
-17
175
81
-125
-94
77
58
35
47
-40
-87
-11
107
161
25
-184
-164
98
294
141
-168
-258
-61
203
238
23
-203
-215
7
239
173
-97
-210
-41
115
67
37
-10
-73
-61
39
106
87
-44
-83
28
138
15
-149
-72
192
284
-3
-324
-189
161
309
145
-195
-249
-42
166
232
55
-151
-221
-67
172
219
46
-216
-236
23
220
161
-57
-192
-77
104
136
0
-93
-12
105
16
-86
-31
44
-7
-21
16
30
-19
-118
-71
138
150
-58
-249
-193
148
332
121
-245
-340
5
328
229
-117
-266
-116
145
206
37
-146
-94
14
47
46
33
-30
-79
-58
44
54
-33
-95
-10
104
49
-153
-207
-3
215
156
-56
-174
-168
1
214
222
-54
-308
-176
163
297
95
-158
-229
-64
169
250
57
-217
-232
71
217
111
-125
-162
32
141
11
-140
-23
112
34
-19
28
-10
-53
-21
91
141
41
-141
-159
61
245
173
-137
-284
-50
200
231
21
-221
-202
33
223
154
-118
-187
-31
132
98
-13
-30
-9
-40
-26
98
100
-12
-88
-9
119
69
-121
-115
148
277
42
-253
-206
110
262
149
-106
-230
-93
98
211
122
-82
-223
-130
104
205
104
-132
-235
-74
163
216
-7
-181
-128
54
158
30
-84
-41
75
47
-92
-31
59
-47
-27
54
59
-68
-146
-53
142
168
-64
-265
-172
138
338
121
-265
-336
7
311
243
-102
-286
-117
144
209
21
-134
-102
11
71
38
8
-14
-87
-68
41
84
-23
-130
-24
125
69
-121
-225
-66
209
204
-55
-233
-143
59
201
127
-57
-190
-132
68
217
138
-80
-214
-127
103
261
112
-163
-249
-24
182
156
-11
-152
-79
69
38
-46
-8
55
-21
-29
110
44
-113
-89
103
205
56
-180
-188
56
296
184
-150
-294
-79
224
247
-21
-232
-125
65
140
70
-15
-82
-67
7
21
72
93
-43
-132
-41
130
170
-15
-139
-42
175
127
-140
-175
113
320
90
-273
-236
70
291
188
-98
-259
-129
111
283
125
-155
-248
-101
137
226
81
-174
-262
-21
194
187
-22
-198
-127
84
179
44
-138
-67
108
91
-66
-79
1
-19
32
65
1
-81
-124
-45
135
177
-44
-296
-210
151
367
97
-254
-278
-19
279
211
-73
-230
-117
86
163
67
-88
-132
-14
84
45
2
-22
-57
-72
19
65
5
-84
-45
77
79
-117
-216
-32
219
141
-85
-177
-112
60
140
82
3
-137
-160
28
188
173
-31
-216
-164
82
271
149
-175
-268
-24
231
165
-92
-163
-26
90
31
-76
-40
97
32
-86
11
109
-3
-107
-41
136
172
-51
-244
-53
231
236
-45
-237
-173
84
252
131
-154
-252
-56
181
213
-20
-156
-92
31
52
36
53
22
-88
-79
77
174
24
-114
-82
89
102
-64
-119
82
277
83
-238
-249
105
291
154
-107
-238
-107
121
194
104
-85
-183
-108
72
172
106
-88
-218
-111
141
249
14
-200
-153
62
178
52
-107
-95
97
126
-56
-94
-11
-12
18
84
21
-83
-146
-31
141
133
-64
-235
-143
114
258
87
-172
-220
-61
179
222
15
-200
-173
50
186
105
-72
-133
-70
49
97
49
-36
-79
-91
18
79
45
-113
-104
74
139
-52
-244
-131
158
219
7
-173
-194
-15
148
168
60
-169
-239
-31
220
257
0
-258
-232
92
307
159
-148
-270
-60
194
176
-36
-184
-71
109
77
-76
-116
76
97
-54
-7
65
4
-50
-35
93
158
-32
-208
-90
198
256
6
-216
-205
26
275
172
-148
-283
-92
195
251
10
-230
-168
99
158
25
-49
-46
-26
11
66
81
5
-47
-36
88
83
-94
-132
82
276
137
-207
-267
26
247
195
-49
-198
-120
42
168
126
-47
-149
-113
9
113
137
5
-159
-182
17
234
136
-148
-193
7
157
79
-75
-76
49
74
-28
-73
6
9
-16
24
52
-29
-130
-127
72
235
89
-257
-344
14
390
239
-169
-374
-139
260
312
17
-257
-222
70
228
108
-115
-153
-16
71
49
13
2
-34
-83
-20
65
38
-93
-100
84
144
-56
-235
-146
143
223
55
-162
-233
-81
189
256
57
-252
-287
31
312
242
-94
-288
-128
114
238
114
-138
-204
-37
153
145
-20
-125
-68
40
51
-32
-27
33
24
-35
44
80
-43
-114
11
158
160
-60
-234
-86
244
272
-11
-281
-204
99
293
147
-166
-259
-57
164
214
-2
-206
-102
85
107
22
-18
-36
-35
-15
69
89
16
-59
-32
58
75
-52
-123
75
261
131
-191
-276
6
244
204
-17
-199
-127
4
134
179
9
-179
-194
-5
210
200
-36
-272
-211
109
294
111
-183
-210
-6
164
78
-65
-39
32
22
-19
-27
19
-47
-56
51
96
-13
-135
-143
65
199
69
-210
-285
4
299
238
-107
-314
-185
173
301
96
-181
-240
-33
193
157
-34
-134
-66
32
75
42
-19
-91
-67
22
60
11
-105
-82
75
136
-48
-231
-130
165
199
11
-165
-180
-26
135
167
43
-136
-207
-44
178
208
8
-158
-190
-10
197
211
-8
-250
-181
96
244
104
-155
-184
28
152
-5
-126
-17
79
20
53
23
-99
-106
62
200
115
-134
-217
9
224
195
-41
-198
-112
50
133
111
-2
-160
-153
29
195
135
-105
-198
-25
117
95
17
-54
-71
-6
58
85
35
-24
-57
19
117
-5
-114
-27
195
210
-68
-276
-119
171
310
93
-229
-280
-18
267
263
-48
-272
-187
80
196
146
-58
-214
-148
62
202
131
-81
-179
-100
73
163
45
-107
-41
83
39
-52
-19
-6
-54
29
87
-8
-106
-139
30
197
88
-177
-268
-43
241
232
-42
-273
-196
135
308
108
-218
-261
-1
222
155
-91
-146
-5
58
16
-4
5
-3
-72
-54
38
52
-55
-112
16
145
4
-203
-175
83
213
64
-119
-194
-81
125
195
71
-169
-233
-28
201
243
16
-236
-220
26
257
200
-93
-248
-113
135
199
30
-142
-119
33
118
-12
-96
25
49
-9
35
36
-36
-80
-4
125
140
-46
-195
-75
176
246
46
-221
-220
20
228
203
-96
-252
-104
119
199
48
-134
-134
23
66
48
29
23
-60
-96
-5
147
124
-53
-124
14
152
44
-144
-81
198
259
-38
-300
-137
160
286
113
-208
-264
-20
201
236
3
-202
-207
-5
200
181
-31
-225
-163
55
225
109
-111
-179
-55
150
138
-66
-124
12
129
19
-117
-22
29
-27
9
72
52
-120
-216
-14
251
186
-175
-390
-94
331
340
-110
-389
-160
259
301
-25
-219
-134
47
118
52
-36
-17
-9
-46
-46
57
110
-23
-153
-77
77
95
-63
-125
34
124
0
-225
-170
120
238
46
-175
-171
-18
116
118
41
-59
-149
-106
66
210
133
-107
-233
-96
203
249
-6
-227
-156
88
200
45
-116
-128
35
92
-6
-82
2
81
-11
-30
62
38
-59
-52
45
142
65
-119
-151
81
237
85
-166
-218
5
202
199
-66
-243
-123
126
179
70
-125
-153
2
96
78
21
-32
-65
-55
49
137
57
-93
-86
86
157
-67
-186
-9
254
252
-90
-323
-125
214
298
27
-207
-200
-19
163
220
28
-173
-215
-53
172
224
22
-232
-225
37
216
180
-72
-223
-96
101
144
21
-73
-23
46
9
-40
24
-48
-107
45
131
7
-157
-161
71
227
87
-198
-281
-54
270
258
-70
-272
-174
109
234
122
-86
-188
-88
88
144
43
-88
-87
-19
38
96
51
-89
-141
-34
129
95
-116
-192
27
212
50
-225
-262
52
283
151
-126
-242
-120
124
194
61
-84
-165
-100
83
189
138
-97
-217
-107
145
254
58
-211
-207
35
213
127
-109
-166
-1
122
34
-113
-53
95
46
-37
30
16
-49
-17
45
142
54
-145
-158
78
248
139
-120
-277
-88
214
248
-12
-251
-173
72
201
91
-90
-141
-46
54
91
68
-17
-106
-60
65
138
24
-96
-45
92
133
-38
-193
-49
240
291
-35
-354
-199
227
305
48
-200
-193
-19
152
162
53
-132
-186
-37
123
165
40
-164
-234
0
242
181
-91
-230
-94
166
173
-50
-166
1
169
60
-112
-82
-35
14
94
81
-45
-175
-142
71
214
109
-168
-306
-69
233
274
-7
-243
-234
29
267
191
-91
-254
-116
165
192
-5
-140
-94
46
51
39
21
-23
-73
-84
27
80
-31
-115
-27
128
91
-192
-265
43
276
158
-135
-272
-134
138
232
102
-126
-219
-74
106
196
86
-75
-176
-121
114
236
101
-181
-242
37
219
114
-120
-152
33
96
-15
-89
18
85
-12
-66
66
52
-52
-93
32
210
121
-169
-230
43
296
198
-147
-317
-108
244
300
-14
-283
-202
86
232
125
-101
-204
-38
110
97
38
-16
-73
-89
25
150
90
-65
-122
29
178
34
-155
-94
161
269
16
-278
-192
135
287
124
-137
-193
-62
69
175
107
-55
-197
-155
73
237
118
-142
-268
-54
233
206
-92
-224
-56
135
140
-45
-123
-23
128
80
-88
-121
-10
54
61
21
-64
-71
-66
-12
98
103
-63
-226
-162
153
305
65
-261
-251
64
260
159
-111
-251
-72
156
174
-31
-132
-48
30
26
14
38
0
-117
-91
78
95
-53
-166
-6
182
71
-219
-233
24
240
135
-78
-211
-145
59
210
142
-75
-261
-143
128
288
120
-167
-249
-63
179
230
27
-196
-188
33
193
132
-58
-173
-78
96
99
-37
-62
1
-7
28
126
13
-148
-101
123
242
69
-231
-245
108
353
196
-188
-351
-93
255
306
-8
-306
-208
87
263
129
-120
-193
-45
111
102
25
-46
-66
-26
40
97
60
-59
-71
53
146
8
-156
-90
182
288
31
-275
-212
92
295
171
-125
-278
-113
141
265
97
-170
-204
-60
123
156
60
-121
-188
-62
139
190
17
-171
-145
50
162
43
-92
-57
63
60
-39
-27
-2
-45
-18
69
49
-84
-151
-8
128
127
-49
-223
-167
99
291
109
-189
-300
-47
284
224
-55
-231
-138
99
140
40
-54
-66
-28
-4
40
79
-11
-109
-104
28
84
0
-120
-21
125
68
-152
-221
-2
198
133
-71
-183
-105
41
139
163
-27
-213
-197
53
276
190
-90
-266
-134
138
268
74
-188
-220
33
230
99
-132
-165
22
152
12
-140
-83
103
93
6
0
-63
-73
33
119
133
-16
-175
-114
117
242
98
-122
-244
-88
162
247
38
-207
-213
-9
192
178
-43
-177
-84
62
89
57
16
-59
-94
-29
126
122
-18
-94
-29
108
78
-102
-93
116
252
66
-225
-223
50
268
179
-115
-199
-112
66
199
139
-50
-227
-176
74
245
167
-143
-313
-92
212
288
-27
-278
-163
144
204
9
-141
-52
135
96
-87
-123
12
39
21
36
-1
-67
-127
-51
144
171
-34
-254
-189
86
283
169
-161
-324
-89
256
302
-16
-310
-198
138
281
56
-192
-134
45
82
43
-8
-65
-77
-10
86
27
-85
-107
9
158
69
-182
-242
-21
224
187
-64
-185
-161
11
174
118
7
-154
-186
3
220
195
-43
-235
-166
115
256
90
-146
-199
-10
148
117
-25
-111
-59
57
69
-65
-69
41
56
-12
11
31
-40
-49
35
131
101
-102
-178
-1
205
198
-37
-234
-163
63
256
145
-161
-230
-70
165
226
-11
-170
-117
36
96
63
2
-52
-71
7
78
97
14
-70
-36
77
72
-85
-123
82
302
142
-231
-298
8
282
236
-48
-254
-161
64
242
170
-106
-267
-130
145
219
47
-142
-186
-39
132
152
4
-127
-103
34
111
37
-61
-34
72
48
-82
-46
22
-27
-3
55
55
-67
-164
-95
129
242
-3
-318
-275
104
405
167
-264
-318
-46
305
265
-94
-278
-112
121
167
18
-99
-78
2
16
20
40
29
-79
-105
1
91
40
-114
-89
77
124
-72
-254
-130
188
228
-8
-206
-182
4
184
156
-4
-184
-167
36
205
159
-30
-188
-177
37
220
180
-64
-269
-111
180
214
-6
-171
-108
80
102
-48
-88
32
53
-7
32
27
-58
-69
47
166
98
-84
-193
-33
206
213
-22
-218
-170
94
234
101
-123
-211
-84
154
193
5
-157
-123
53
115
46
-9
-53
-40
-2
64
69
10
-37
-7
77
51
-95
-86
102
252
92
-237
-242
79
287
159
-94
-232
-113
101
194
108
-72
-201
-129
92
228
109
-127
-250
-104
149
223
31
-174
-131
14
148
79
-83
-70
63
71
-43
-73
19
-24
-15
51
24
-73
-114
-46
97
133
8
-211
-247
36
320
203
-169
-352
-107
280
294
-30
-290
-179
131
222
45
-127
-106
14
7
5
44
45
-57
-123
-1
109
28
-143
-121
103
170
-69
-278
-132
187
240
0
-186
-188
-9
139
144
54
-133
-220
-47
172
232
44
-187
-246
-25
297
245
-102
-300
-134
189
242
1
-191
-135
102
135
-68
-122
42
118
-17
-22
51
-28
-68
13
126
126
-49
-181
-74
168
221
15
-203
-202
43
245
166
-104
-225
-105
97
212
74
-114
-172
-38
101
130
39
-91
-117
-3
124
108
-31
-73
-1
90
50
-90
-79
93
234
107
-166
-259
-1
255
196
-55
-193
-130
23
131
177
9
-159
-179
-19
172
180
-16
-207
-174
52
227
133
-135
-218
-11
156
94
-74
-88
76
103
-55
-93
5
9
2
17
36
-21
-114
-103
82
180
37
-225
-250
23
279
188
-106
-282
-110
192
245
28
-190
-174
20
156
100
-40
-81
-20
1
12
38
47
-47
-119
-54
77
94
-46
-139
-24
131
48
-191
-209
79
253
107
-151
-259
-85
170
246
52
-215
-263
4
265
237
-57
-267
-165
114
261
109
-134
-219
-28
147
127
-18
-124
-26
50
11
-70
-56
71
71
-71
6
106
-12
-119
-39
138
221
-37
-281
-126
237
302
39
-288
-257
61
325
185
-180
-291
-68
216
204
-39
-198
-66
107
67
-41
-17
47
-12
-79
9
145
85
-73
-105
49
135
-9
-136
-29
212
213
-89
-268
-95
182
240
40
-186
-187
-11
182
166
4
-151
-172
-12
142
169
32
-207
-201
35
232
141
-116
-217
-62
170
156
-52
-130
-1
95
17
-53
25
7
-93
-26
98
42
-107
-171
27
211
104
-172
-293
-55
291
263
-56
-329
-232
167
336
100
-222
-222
13
173
117
-82
-100
-7
7
18
38
38
-40
-99
-32
54
31
-67
-77
49
105
-42
-205
-141
124
226
41
-152
-196
-63
147
204
54
-167
-233
-28
218
226
-34
-222
-160
54
245
156
-126
-221
-75
155
149
-13
-114
-69
68
57
-97
-76
81
99
-55
-11
49
-26
-63
14
123
129
-38
-209
-82
203
247
6
-259
-186
113
215
93
-128
-129
-47
47
123
65
-28
-98
-98
25
111
102
-41
-139
-42
107
138
22
-112
-65
109
131
-45
-188
-17
297
243
-169
-349
-62
284
247
-16
-212
-141
24
111
124
45
-76
-161
-110
97
229
92
-218
-276
15
275
187
-122
-238
-56
157
121
-46
-84
36
66
-23
-86
35
18
-87
-25
112
77
-144
-203
17
234
144
-198
-320
-48
314
264
-98
-314
-175
156
262
93
-123
-217
-52
150
164
-2
-150
-101
42
88
49
-28
-72
-62
-5
44
35
-70
-111
54
148
-5
-222
-172
97
198
66
-87
-182
-130
69
229
138
-119
-310
-110
245
328
34
-264
-238
37
228
194
-46
-203
-137
56
166
124
-64
-154
-46
69
52
-19
-24
-14
-31
75
112
-60
-133
-36
161
182
-43
-206
-94
157
257
43
-185
-188
2
180
157
-27
-176
-135
44
186
99
-80
-150
-42
62
75
44
-4
-76
-66
32
119
73
-55
-71
25
112
2
-114
-41
174
246
-44
-272
-152
131
249
109
-109
-228
-121
140
266
90
-204
-267
-15
223
208
-43
-221
-183
59
205
101
-111
-138
-23
113
72
-82
-58
95
108
-60
-134
11
73
-63
-22
81
62
-115
-211
-9
260
170
-172
-374
-128
324
367
-56
-380
-204
175
277
56
-152
-143
-32
88
108
18
-52
-52
-56
-7
88
84
-49
-142
-66
75
80
-49
-140
19
151
24
-213
-198
81
259
79
-147
-196
-72
83
162
116
-57
-245
-152
128
315
112
-202
-260
-63
198
284
16
-241
-205
87
219
82
-128
-158
30
128
-3
-121
-2
106
30
-59
-8
47
4
-40
6
136
96
-132
-187
64
277
134
-168
-272
-54
240
253
-58
-268
-150
114
217
73
-114
-133
-4
45
35
40
45
-65
-84
15
128
101
-60
-97
44
162
23
-172
-94
201
287
-7
-328
-179
196
286
51
-156
-190
-42
104
158
70
-76
-164
-105
93
201
102
-146
-249
-79
215
227
-52
-219
-107
113
140
-7
-90
-11
96
-1
-72
22
11
-76
-22
110
76
-130
-193
17
200
123
-138
-288
-119
221
290
-2
-242
-232
37
258
183
-77
-241
-99
127
156
28
-76
-87
-52
2
81
103
-46
-167
-105
91
137
-54
-169
-16
169
86
-214
-273
41
302
148
-180
-247
-73
147
189
33
-115
-157
-85
77
184
114
-71
-200
-138
144
262
98
-195
-259
11
243
161
-112
-213
-40
142
88
-86
-127
39
94
79
12
-85
-91
12
142
145
-44
-187
-99
151
253
74
-203
-225
-13
210
203
-41
-212
-158
68
191
127
-79
-173
-45
80
83
29
-20
-44
-48
20
97
72
-26
-88
3
137
45
-134
-89
181
277
-17
-306
-189
172
300
108
-156
-258
-78
184
239
21
-183
-167
-5
110
113
62
-98
-197
-61
134
197
-2
-168
-121
70
139
41
-91
-47
90
75
-46
-80
-49
-21
74
93
-18
-149
-135
38
197
91
-138
-260
-106
179
283
71
-251
-298
37
297
203
-93
-286
-119
152
197
38
-149
-112
17
97
47
-13
-30
-100
-59
48
91
-38
-154
-13
163
59
-200
-239
32
230
135
-55
-203
-173
44
194
178
-23
-259
-204
102
284
156
-123
-240
-127
159
313
43
-245
-222
90
223
75
-131
-120
36
111
-41
-135
9
163
44
-122
-11
73
8
-50
5
103
84
-73
-147
-9
201
191
-50
-252
-179
133
315
84
-235
-245
8
232
168
-66
-186
-101
95
108
17
-39
-41
-17
14
52
48
-26
-14
55
78
-42
-137
-14
200
237
-7
-279
-175
136
233
107
-117
-190
-43
60
133
117
-24
-180
-199
54
293
163
-173
-328
-79
269
251
-86
-262
-98
151
162
-27
-121
-18
127
51
-103
-58
30
-3
13
29
1
-58
-109
-54
112
163
-15
-240
-200
87
310
165
-196
-340
-62
313
264
-92
-278
-120
151
189
24
-140
-88
48
43
3
19
10
-65
-116
16
91
16
-85
-61
86
88
-133
-230
-8
219
145
-68
-220
-132
75
196
129
-69
-220
-132
99
248
113
-153
-224
-77
192
250
28
-211
-202
40
208
112
-94
-167
-23
131
58
-119
-84
89
57
6
50
-27
-109
-32
143
190
-5
-208
-160
115
269
118
-133
-228
-107
156
255
74
-209
-263
-20
236
222
-48
-206
-125
56
127
90
-5
-98
-114
24
151
110
-38
-131
-14
144
86
-114
-137
83
282
103
-216
-228
14
229
208
-39
-206
-167
9
219
202
-35
-268
-200
97
261
134
-142
-240
-66
144
165
4
-141
-87
32
82
19
-33
10
68
-12
-84
-24
93
-13
-103
-2
76
23
-135
-176
82
261
67
-304
-312
109
388
188
-256
-368
-21
327
248
-92
-297
-125
157
178
-3
-99
-60
3
24
22
32
13
-64
-79
-10
59
31
-94
-90
78
118
-86
-239
-98
168
206
28
-179
-226
-33
200
233
-1
-280
-237
97
315
182
-147
-266
-110
142
249
78
-153
-213
-22
178
164
-45
-152
-63
79
66
-81
-59
77
48
-30
8
31
-24
-26
31
133
91
-126
-193
62
243
159
-115
-245
-38
131
153
31
-110
-144
-15
140
130
-12
-131
-90
43
47
45
57
1
-100
-64
101
173
12
-149
-72
165
127
-119
-170
83
317
145
-240
-303
34
303
235
-76
-299
-164
118
258
138
-125
-229
-100
123
196
69
-96
-215
-93
151
203
-1
-173
-129
69
150
33
-101
-44
104
69
-103
-73
51
-26
-29
68
61
-55
-171
-122
136
244
-5
-293
-281
78
396
202
-237
-353
-54
272
244
-32
-237
-165
80
178
68
-88
-77
-15
3
23
47
27
-75
-110
1
82
18
-130
-81
115
149
-92
-299
-106
210
235
-25
-200
-177
-16
177
184
8
-175
-219
-6
243
201
-40
-225
-162
66
258
145
-130
-244
-48
178
175
-41
-178
-71
110
90
-91
-106
64
84
-7
-9
2
-29
-30
33
124
98
-102
-178
-9
215
198
-27
-252
-186
92
279
145
-160
-276
-46
196
179
-29
-167
-71
43
69
44
38
-32
-107
-64
107
183
27
-172
-84
163
182
-93
-220
34
318
185
-224
-295
25
245
184
-19
-186
-151
2
183
194
-16
-220
-191
46
255
158
-137
-272
-75
164
213
1
-173
-120
41
134
39
-90
-49
106
94
-85
-112
33
5
-2
56
16
-77
-151
-45
157
166
-46
-270
-202
101
302
153
-174
-283
-66
214
239
-22
-213
-143
65
161
78
-72
-105
0
15
32
13
8
-49
-61
5
19
11
-37
-89
36
117
-28
-240
-134
157
207
23
-149
-193
-48
143
202
62
-179
-247
-37
231
257
-3
-255
-214
74
303
146
-152
-226
-38
145
120
-7
-95
-75
8
57
-30
-27
15
51
-16
-3
60
-6
-84
-37
127
181
-81
-229
-36
205
227
-15
-209
-190
16
249
182
-87
-237
-113
116
190
56
-114
-136
-39
50
109
68
-46
-104
-59
73
153
49
-110
-71
90
124
-56
-136
34
268
182
-177
-325
-29
289
235
-52
-245
-172
89
234
140
-106
-215
-90
84
175
86
-89
-182
-110
88
196
91
-120
-186
-27
155
112
-42
-119
23
101
-23
-49
23
-32
-45
23
59
-5
-136
-132
74
218
59
-235
-273
3
313
236
-103
-321
-171
180
303
64
-226
-207
10
208
119
-71
-127
-26
19
20
59
46
-67
-131
-39
84
93
-62
-141
25
163
-25
-238
-158
140
236
43
-166
-199
-58
148
187
56
-149
-224
-27
196
202
9
-168
-203
6
216
192
-48
-222
-113
101
195
64
-155
-155
28
149
20
-118
-48
63
19
36
64
-42
-96
-5
139
151
-36
-223
-99
197
279
30
-240
-253
27
307
222
-131
-315
-114
179
251
13
-191
-136
22
74
102
58
-46
-143
-61
135
180
-7
-150
-70
147
136
-80
-163
33
282
171
-193
-272
36
247
122
-84
-143
-37
37
49
62
55
-17
-152
-129
74
239
111
-221
-279
21
303
175
-170
-254
-18
201
117
-95
-109
54
128
-15
-113
-8
-6
-7
37
30
-30
-134
-108
99
171
30
-197
-225
26
241
175
-88
-250
-153
141
251
78
-149
-174
-29
105
148
0
-85
-89
-34
56
103
23
-107
-136
27
109
31
-122
-116
61
152
-5
-238
-196
115
253
78
-132
-251
-77
189
204
30
-176
-234
-31
217
231
-3
-196
-183
0
237
194
-82
-217
-108
132
145
13
-97
-86
52
43
-51
-46
50
76
-40
-10
54
-19
-67
-2
114
145
-32
-191
-82
175
241
26
-216
-193
34
236
186
-90
-228
-126
101
217
38
-133
-147
14
106
56
17
-15
-63
-55
44
132
59
-68
-89
37
138
2
-151
-67
235
284
-70
-356
-144
234
293
69
-224
-232
-28
173
241
55
-188
-246
-37
201
215
-8
-237
-201
63
223
130
-102
-169
-45
72
93
11
-48
7
47
-23
-91
53
75
-103
-78
69
69
-28
-150
-72
117
183
-69
-293
-163
196
330
38
-282
-282
82
335
157
-171
-269
-53
209
167
-63
-154
-37
56
57
1
-15
-5
-47
-65
9
40
-3
-68
-27
80
25
-171
-166
73
217
87
-143
-240
-82
152
233
68
-174
-259
-39
256
236
-42
-211
-165
43
204
159
-68
-197
-92
111
160
35
-117
-94
41
77
-51
-91
21
88
-4
22
42
-44
-82
-6
145
169
-57
-219
-93
162
255
70
-187
-241
-14
216
204
-17
-231
-190
65
243
140
-123
-194
-49
87
104
57
-8
-103
-105
64
178
73
-102
-115
80
185
-15
-199
-72
242
307
-80
-357
-131
244
268
24
-181
-191
-32
140
196
85
-149
-241
-56
178
205
-4
-216
-194
52
235
145
-127
-210
-36
156
129
-72
-134
19
159
29
-120
-20
21
-52
8
59
21
-81
-155
-27
173
174
-94
-321
-156
197
342
86
-304
-353
76
400
207
-203
-302
-62
196
185
-22
-131
-85
-22
70
95
27
-88
-134
-37
109
81
-91
-146
17
164
38
-201
-244
44
263
126
-128
-238
-93
136
192
70
-90
-194
-120
99
247
115
-115
-234
-99
163
263
24
-214
-199
44
211
117
-91
-176
-21
120
15
-82
-4
76
-5
-41
51
52
-68
-90
92
205
29
-225
-161
138
294
89
-218
-227
12
226
199
-72
-237
-131
77
198
109
-105
-176
-32
80
93
46
-28
-91
-54
51
131
70
-53
-97
29
151
44
-199
-82
237
292
-63
-338
-137
193
267
63
-154
-170
-35
83
165
91
-66
-219
-119
124
228
80
-171
-271
-12
234
217
-89
-230
-74
109
143
-6
-111
9
117
9
-119
-45
34
4
7
24
8
-66
-101
-39
135
125
-78
-246
-129
163
289
23
-226
-221
45
259
133
-102
-186
-60
109
120
16
-66
-60
-43
-6
84
84
-38
-137
-73
58
89
-25
-150
-19
155
66
-183
-238
2
264
166
-105
-238
-160
87
256
127
-98
-269
-136
162
291
102
-225
-258
-37
229
256
-15
-240
-169
68
212
113
-108
-154
-3
68
29
-50
-7
28
-24
12
81
17
-76
-77
56
171
71
-145
-165
54
235
168
-106
-260
-133
160
296
80
-241
-266
14
267
183
-112
-229
-63
99
118
48
-18
-81
-78
20
111
85
-30
-91
4
151
42
-146
-99
163
278
15
-295
-199
166
280
55
-150
-174
-19
111
135
36
-59
-134
-121
46
207
141
-134
-302
-86
250
249
-66
-277
-127
167
209
-48
-174
-6
171
45
-130
-82
45
37
4
-9
-5
-46
-109
-51
132
198
-64
-322
-203
193
370
56
-295
-275
53
303
176
-106
-240
-98
112
184
46
-102
-118
-35
85
117
24
-92
-139
-15
95
63
-70
-133
0
163
81
-210
-262
25
283
146
-118
-234
-121
109
199
114
-104
-224
-98
96
216
123
-95
-211
-115
138
245
83
-170
-213
-1
193
131
-104
-169
9
156
15
-161
-49
135
76
-30
-28
-8
-41
-7
86
140
17
-166
-141
98
280
135
-197
-289
-28
244
257
-59
-283
-162
104
242
83
-142
-158
7
105
54
-13
-19
-28
-24
6
78
81
-31
-68
-6
118
58
-105
-124
109
297
105
-299
-273
105
326
173
-161
-263
-66
164
188
52
-111
-175
-85
86
157
101
-86
-214
-106
117
214
44
-161
-155
47
137
50
-73
-60
68
29
-55
-5
0
-41
-5
64
7
-91
-113
-3
147
117
-101
-260
-127
185
278
6
-230
-206
57
227
111
-81
-140
-64
68
77
9
-20
-23
-39
-55
44
119
4
-146
-136
68
159
-4
-191
-106
163
159
-150
-312
-65
270
225
-65
-262
-189
71
254
162
-98
-283
-164
143
294
127
-163
-265
-81
181
257
42
-200
-179
45
128
91
-45
-74
-18
1
-5
-23
25
58
-47
-58
107
82
-90
-136
53
225
115
-173
-228
48
285
186
-137
-280
-77
197
241
-5
-225
-162
46
174
100
-46
-105
-34
16
18
46
70
-18
-99
-39
86
119
-11
-81
8
124
44
-106
-115
116
279
55
-211
-217
29
251
218
-57
-270
-153
127
253
113
-129
-233
-106
121
221
69
-157
-216
-40
177
197
-30
-180
-115
72
178
42
-122
-83
101
105
-66
-80
-18
-25
32
58
23
-71
-124
-64
131
159
-46
-238
-200
84
291
173
-187
-358
-86
326
302
-61
-318
-196
151
273
44
-187
-132
51
112
-4
-45
-7
-19
-29
-31
6
13
-46
-35
63
68
-103
-261
-52
211
197
-56
-212
-136
55
144
126
-14
-209
-171
67
252
138
-106
-195
-104
100
226
80
-140
-179
4
155
85
-50
-86
12
61
-36
-133
-16
143
60
-72
-6
26
-21
-23
51
136
56
-158
-174
96
267
152
-160
-258
-34
188
179
-2
-172
-151
8
164
115
-62
-125
-44
43
49
36
23
-46
-75
-23
128
118
-21
-104
-31
113
102
-102
-160
71
297
151
-222
-282
14
257
213
-48
-240
-142
71
186
129
-39
-143
-173
-7
210
172
-63
-281
-148
158
238
28
-170
-129
38
116
51
-58
-46
70
49
-87
-68
97
15
-121
14
118
19
-171
-162
105
253
24
-281
-250
86
313
128
-159
-244
-75
195
182
-7
-150
-111
43
115
63
-37
-66
-37
-34
29
100
44
-88
-161
-15
145
60
-145
-139
116
191
-74
-312
-138
198
284
41
-257
-246
25
237
171
-41
-208
-156
43
197
161
-33
-184
-173
55
258
165
-131
-261
-49
181
167
-25
-137
-99
46
70
-31
-19
50
-19
-54
75
75
-52
-92
-2
154
134
-81
-213
-40
220
252
-20
-293
-173
129
236
105
-140
-215
-49
141
181
5
-128
-122
-5
69
80
55
-20
-107
-66
63
166
49
-112
-76
92
117
-67
-141
35
283
169
-212
-295
-9
265
234
-26
-243
-180
87
237
134
-101
-230
-125
104
208
91
-116
-193
-85
97
198
36
-140
-154
29
158
73
-97
-89
68
119
-38
-102
8
-25
-24
87
71
-65
-192
-109
136
257
21
-297
-299
59
395
215
-228
-336
-51
251
235
-45
-210
-117
62
130
45
-41
-37
-33
-15
13
85
24
-76
-116
-17
82
56
-126
-118
106
168
-80
-299
-128
219
258
-17
-239
-191
41
156
141
33
-137
-215
-39
190
229
32
-193
-232
5
269
223
-99
-290
-126
193
231
-41
-209
-66
138
101
-111
-132
54
150
5
-87
-14
39
-7
-16
69
124
-26
-153
-87
150
271
39
-255
-226
55
295
179
-149
-288
-123
193
281
22
-226
-179
60
156
91
-38
-87
-37
24
65
84
-18
-56
-4
87
78
-79
-118
48
255
147
-171
-260
3
215
185
-20
-176
-141
-6
160
184
28
-175
-235
-1
237
208
-65
-306
-190
152
305
60
-196
-210
31
194
79
-107
-76
114
72
-123
-90
79
48
-39
-25
19
12
-83
-129
42
208
66
-214
-268
8
297
213
-123
-315
-145
191
272
36
-211
-190
64
188
46
-85
-62
28
-10
-40
23
65
1
-89
-87
49
84
-82
-137
73
186
-46
-302
-163
183
289
5
-253
-194
27
204
128
-22
-147
-179
-17
187
192
13
-160
-209
-12
251
218
-71
-280
-119
157
199
10
-149
-92
40
83
-31
-84
26
73
-10
-2
47
-7
-89
-5
175
161
-80
-250
-65
253
258
-32
-262
-171
95
210
135
-100
-227
-102
112
207
80
-136
-167
-21
112
107
20
-47
-81
-54
79
131
39
-87
-81
104
138
-82
-181
14
305
207
-200
-323
-12
302
220
-66
-253
-109
72
162
130
-16
-181
-178
30
209
135
-72
-236
-125
117
236
60
-166
-176
-3
161
93
-66
-78
39
89
-47
-88
27
-1
-41
13
59
30
-103
-157
17
192
133
-183
-337
-65
334
281
-117
-328
-179
195
300
47
-200
-194
1
156
116
-34
-101
-42
-3
22
61
46
-47
-136
-47
91
78
-79
-133
24
144
12
-226
-193
109
259
99
-181
-260
-55
191
230
19
-225
-220
42
231
162
-61
-149
-104
0
138
161
4
-163
-171
52
184
114
-97
-172
-5
112
32
-62
-51
25
40
67
18
-79
-58
28
142
133
-87
-218
-44
218
244
-14
-216
-186
21
215
185
-64
-229
-144
81
221
122
-118
-206
-26
111
106
29
-47
-107
-41
65
148
17
-80
-27
69
70
-38
-84
6
169
176
-69
-234
-84
152
220
68
-145
-194
-42
137
194
54
-146
-212
-44
144
189
61
-186
-230
-2
219
196
-56
-221
-111
98
173
26
-119
-24
58
15
-41
3
-20
-44
57
59
-34
-98
-72
35
106
49
-102
-199
-72
176
203
15
-211
-200
75
252
123
-110
-218
-63
133
151
10
-124
-59
7
26
81
24
-79
-122
-33
124
86
-146
-183
80
242
5
-318
-223
167
313
42
-221
-209
-23
157
160
30
-131
-195
-63
173
229
15
-168
-174
-18
172
214
9
-231
-178
75
215
91
-139
-149
28
128
-6
-127
-8
92
2
-14
68
-33
-91
0
124
146
-22
-201
-114
141
264
99
-205
-266
-16
261
217
-79
-280
-130
136
199
51
-114
-120
-19
48
81
54
-10
-81
-108
48
191
93
-127
-134
96
192
-39
-211
-45
267
245
-101
-292
-84
178
222
79
-108
-187
-114
91
240
132
-134
-286
-98
181
261
40
-239
-224
31
245
152
-108
-207
-62
155
146
-46
-126
-4
116
-7
-82
35
10
-96
-33
139
97
-144
-244
-22
254
206
-158
-362
-128
291
331
-32
-346
-241
159
332
105
-204
-236
16
181
109
-73
-91
-9
20
-16
13
42
-5
-79
-56
48
57
-53
-118
13
142
14
-203
-193
76
258
89
-149
-223
-73
131
178
67
-106
-192
-95
118
241
81
-161
-230
-35
219
212
-10
-223
-170
95
189
83
-108
-150
17
94
8
-73
-16
71
-5
-6
49
-7
-63
-33
105
177
5
-213
-158
135
323
114
-276
-266
68
264
140
-124
-185
-72
75
132
58
-36
-106
-86
35
107
93
-32
-120
-76
70
149
48
-92
-83
59
135
6
-145
-89
171
297
18
-305
-221
118
351
198
-208
-352
-77
239
284
8
-238
-218
-3
205
192
-10
-207
-203
46
216
120
-92
-158
-66
68
110
13
-45
18
24
-25
-60
47
46
-114
-60
119
86
-93
-205
-46
194
198
-111
-339
-176
239
358
4
-313
-245
98
283
133
-113
-217
-54
132
134
-12
-115
-17
25
-2
20
36
15
-80
-107
6
93
30
-122
-71
107
101
-142
-226
-16
235
170
-97
-239
-128
117
206
79
-77
-185
-156
92
232
161
-88
-256
-151
155
315
81
-234
-255
30
256
142
-131
-178
18
135
13
-144
-45
112
70
-24
-28
-5
-15
-4
51
108
43
-106
-150
70
267
139
-176
-272
-17
210
200
-41
-201
-136
57
177
97
-74
-125
-35
39
47
51
43
-56
-100
-22
141
118
-29
-112
-4
116
59
-105
-117
123
280
47
-284
-230
143
306
141
-176
-261
-43
181
196
27
-148
-170
-9
130
128
1
-119
-167
-29
141
150
1
-137
-113
55
94
12
-64
34
66
-39
-110
54
79
-76
-68
46
83
-49
-180
-72
164
205
-71
-323
-200
209
378
42
-354
-282
122
341
135
-187
-224
-7
162
87
-60
-83
15
7
-40
20
80
19
-120
-112
39
110
-14
-160
-44
141
99
-158
-265
-3
262
159
-118
-234
-102
96
170
110
-74
-218
-122
102
246
115
-106
-217
-147
125
307
111
-239
-290
31
260
145
-113
-177
-8
88
25
-46
-44
21
21
26
43
-24
-76
-38
95
177
40
-205
-165
132
305
106
-235
-259
3
239
214
-44
-218
-147
62
161
102
-40
-140
-79
57
90
45
8
-48
-96
-4
123
121
-37
-124
7
161
54
-158
-117
167
322
19
-342
-176
196
281
31
-147
-126
-33
52
114
101
-12
-165
-156
31
245
190
-165
-356
-76
274
285
-82
-303
-102
165
199
-18
-156
-48
130
52
-69
-39
-5
-53
14
85
70
-98
-203
-69
196
213
-66
-320
-208
173
356
75
-256
-261
32
244
158
-69
-177
-117
56
156
77
-72
-109
-20
18
54
64
-10
-102
-106
36
112
-3
-151
-70
123
128
-132
-262
-56
250
191
-100
-234
-139
87
188
116
-67
-199
-145
94
228
126
-100
-209
-107
97
208
132
-105
-230
-72
163
206
-32
-188
-66
92
63
-68
-78
26
62
59
14
-72
-81
11
126
137
-14
-149
-98
82
208
165
-119
-277
-119
194
299
20
-276
-213
68
241
135
-131
-195
-22
121
89
-19
-27
-28
-54
11
102
103
-20
-141
-7
167
68
-133
-140
127
291
68
-259
-239
102
298
132
-135
-227
-60
125
181
79
-101
-186
-77
78
146
94
-67
-182
-125
117
221
48
-172
-170
17
175
89
-97
-92
69
89
-54
-55
-11
-11
34
33
-6
-64
-105
-45
124
160
-47
-257
-193
120
299
98
-215
-244
1
228
144
-33
-145
-92
31
115
42
-31
-49
-52
-3
32
80
37
-108
-130
7
123
30
-156
-88
112
147
-92
-275
-84
210
235
-21
-254
-207
59
239
183
-75
-276
-178
137
307
138
-182
-253
-47
160
206
41
-143
-161
-4
130
94
-17
-95
-33
72
-2
-86
-22
82
25
-10
22
-9
-57
-32
68
171
75
-151
-222
47
311
189
-181
-280
-60
202
208
-5
-172
-143
9
142
113
-17
-119
-89
17
49
67
60
-49
-114
-36
121
132
-26
-120
-22
142
84
-169
-134
141
317
84
-274
-251
89
260
150
-96
-188
-80
68
131
127
-15
-176
-180
67
221
94
-144
-223
-40
163
159
-34
-142
-68
55
78
26
-66
-27
78
39
-51
-27
6
-54
-13
69
28
-35
-117
-78
73
148
30
-204
-239
33
287
201
-117
-317
-136
226
294
0
-248
-186
73
188
81
-92
-108
-10
40
54
18
-16
-54
-59
-5
41
8
-81
-59
98
89
-102
-226
-64
190
165
-42
-172
-138
8
150
153
13
-194
-211
48
264
177
-97
-240
-123
98
235
122
-134
-226
-25
157
150
-56
-146
-40
75
38
-53
-53
72
73
-53
-1
17
-16
-5
17
80
72
-57
-131
4
180
158
-39
-225
-123
118
205
78
-139
-192
-47
133
171
14
-130
-119
-11
91
96
37
-37
-128
-50
123
166
-8
-134
-36
141
84
-93
-169
80
306
131
-219
-259
23
231
199
-15
-218
-150
32
172
175
-27
-204
-176
33
211
176
-62
-259
-160
115
262
78
-163
-202
-9
169
143
-58
-129
11
98
-13
-61
26
-27
-59
18
98
11
-115
-153
21
207
137
-215
-344
-27
327
272
-124
-347
-122
239
267
-42
-219
-140
85
157
34
-46
-47
-27
-22
-21
75
57
-65
-122
-48
74
74
-89
-124
72
166
-46
-283
-146
190
246
0
-224
-202
33
188
153
-34
-183
-160
43
189
151
-37
-172
-144
44
209
137
-75
-212
-97
131
173
17
-144
-91
45
83
-34
-68
26
59
-20
32
36
-52
-59
27
141
114
-85
-185
-30
212
227
-39
-242
-177
110
267
108
-163
-232
-71
191
197
0
-163
-147
22
123
120
9
-115
-130
21
159
117
-34
-114
-40
145
107
-120
-161
63
313
187
-233
-319
16
276
215
-40
-228
-168
27
212
213
-42
-240
-203
83
228
132
-81
-228
-143
103
214
90
-124
-150
-34
121
91
-72
-54
69
55
-80
-85
115
37
-123
-71
100
108
-113
-211
26
270
107
-250
-337
20
385
245
-208
-356
-92
257
274
-4
-262
-154
90
158
44
-86
-39
5
-39
-10
91
62
-79
-156
-16
113
72
-87
-157
19
182
14
-251
-201
136
280
46
-186
-231
-71
180
232
31
-199
-241
1
230
217
-34
-222
-167
58
224
164
-73
-200
-118
89
178
66
-114
-145
-5
106
34
-54
-27
8
26
48
41
-53
-96
15
155
135
-64
-202
-63
193
261
28
-261
-226
48
285
188
-145
-283
-98
179
225
7
-170
-114
44
63
34
52
12
-86
-65
43
117
52
-72
-62
80
115
-51
-143
1
267
201
-152
-321
-51
256
239
-5
-208
-166
27
178
151
-32
-160
-151
-9
173
179
-22
-229
-182
83
231
100
-116
-194
-51
136
138
-16
-112
-22
84
12
-39
11
-58
-45
67
97
-2
-166
-135
61
219
77
-210
-282
-34
275
268
-77
-313
-179
159
291
77
-176
-214
-10
150
109
9
-83
-102
-26
59
106
27
-112
-148
0
114
74
-100
-166
40
197
43
-271
-270
148
335
67
-243
-265
3
232
154
-22
-159
-145
-9
142
164
33
-124
-165
-44
160
206
22
-207
-183
78
229
83
-154
-171
40
159
10
-148
-50
102
93
9
-60
-81
-20
89
135
58
-96
-149
-41
148
204
65
-174
-255
-11
286
210
-114
-292
-118
180
215
20
-164
-131
8
82
49
51
1
-103
-103
71
185
53
-129
-79
84
139
-46
-145
13
234
211
-107
-311
-69
204
224
23
-176
-164
6
150
164
25
-136
-188
-59
145
215
30
-225
-208
52
230
123
-122
-177
-15
119
57
-30
-28
42
16
-61
-8
66
-42
-86
36
102
13
-132
-170
37
227
106
-198
-299
-50
308
260
-71
-321
-189
183
296
47
-224
-177
59
163
60
-71
-35
10
-23
-46
40
85
2
-130
-106
57
94
-5
-113
-34
122
41
-188
-174
38
210
93
-112
-185
-83
107
163
98
-93
-249
-122
188
289
63
-229
-266
1
273
230
-65
-254
-140
126
191
42
-132
-88
53
67
-67
-72
62
89
-26
-34
46
15
-69
-24
97
169
21
-189
-176
142
309
72
-251
-238
47
253
174
-108
-222
-114
107
188
48
-97
-124
-24
57
50
38
37
-52
-99
9
126
92
-53
-94
39
116
8
-134
-60
218
248
-71
-316
-122
202
264
64
-186
-220
-20
154
209
51
-186
-225
-13
211
194
-10
-235
-215
61
245
126
-136
-215
-30
163
90
-55
-91
43
107
-28
-82
19
-36
-61
42
116
15
-148
-176
-3
236
153
-167
-338
-103
244
322
3
-305
-277
111
330
146
-153
-244
-82
155
184
-5
-123
-85
-14
71
72
-4
-88
-51
16
10
12
-49
-57
41
78
-13
-158
-186
43
232
130
-128
-247
-94
148
216
74
-126
-224
-92
161
240
48
-173
-195
-28
202
188
-16
-184
-134
61
160
74
-78
-124
-25
91
46
-75
-53
60
37
60
16
-94
-66
58
146
103
-55
-174
-85
141
262
60
-203
-253
28
271
209
-106
-285
-132
151
241
71
-173
-193
14
130
87
18
-52
-83
-37
62
144
49
-102
-80
54
133
21
-107
-73
153
243
-9
-276
-160
146
273
122
-157
-234
-76
133
244
68
-155
-224
-48
163
174
41
-179
-208
10
175
151
-39
-164
-76
80
119
-2
-81
-2
75
3
-67
-15
6
-48
21
89
20
-124
-175
32
213
107
-169
-288
-92
258
285
-29
-291
-211
124
263
86
-127
-162
-31
65
84
44
-44
-53
-50
-14
62
65
-19
-102
-82
37
90
-8
-149
-35
154
83
-184
-267
14
269
143
-111
-243
-137
130
234
102
-130
-263
-92
168
249
60
-164
-196
-45
158
224
35
-205
-185
35
196
97
-94
-151
-13
112
30
-98
-33
82
35
-39
10
9
-34
-26
68
128
52
-140
-167
61
259
162
-127
-274
-85
163
241
59
-213
-204
10
207
157
-79
-197
-61
94
100
39
-20
-73
-59
49
104
43
-43
-33
30
93
-3
-102
-17
168
206
-14
-239
-144
110
230
138
-94
-224
-105
100
238
119
-137
-245
-104
159
240
57
-203
-236
-2
247
154
-104
-197
-47
117
108
-17
-74
30
99
-27
-110
28
102
-67
-116
44
107
-26
-167
-95
129
188
-2
-262
-237
121
346
133
-251
-331
-14
301
243
-80
-249
-137
111
194
37
-91
-88
-16
8
57
72
-8
-124
-107
51
107
-25
-157
-47
154
99
-174
-231
24
242
81
-120
-156
-73
45
116
137
-12
-189
-199
60
290
159
-148
-269
-85
226
253
-22
-237
-143
82
163
85
-100
-116
-1
62
-2
-56
-20
41
19
33
33
-37
-91
-13
125
167
-13
-180
-109
115
220
85
-126
-185
-72
125
209
50
-177
-210
14
207
137
-62
-172
-73
61
103
54
-2
-58
-95
-3
125
109
-46
-114
6
160
49
-157
-108
186
310
-11
-313
-176
157
256
98
-139
-156
-46
72
125
80
-33
-158
-119
51
172
111
-104
-239
-78
152
209
8
-155
-134
22
117
65
-35
-32
36
11
-78
-10
59
-48
-64
55
94
-27
-196
-101
157
207
-31
-293
-233
144
331
108
-213
-299
-15
279
246
-88
-301
-114
187
192
-10
-147
-56
34
30
1
34
8
-81
-97
24
100
8
-144
-71
137
128
-135
-262
-38
233
172
-79
-212
-131
72
185
127
-29
-235
-174
91
278
152
-147
-251
-73
171
251
14
-177
-154
32
154
97
-46
-104
-35
45
-14
-44
24
65
-23
-42
62
60
-84
-76
94
168
52
-172
-165
81
261
156
-140
-270
-71
176
261
21
-233
-198
45
203
105
-63
-116
-46
10
23
79
83
-57
-139
-29
150
110
-60
-122
48
151
28
-150
-108
152
300
43
-283
-229
126
271
111
-100
-196
-92
71
187
105
-61
-201
-172
95
253
119
-152
-278
-67
190
208
-29
-173
-107
65
111
34
-72
-33
76
21
-90
-1
50
-68
-39
58
93
-59
-202
-92
150
247
-17
-319
-255
113
363
129
-233
-294
-11
278
223
-69
-241
-128
107
178
35
-96
-86
-8
9
37
65
28
-91
-125
-13
97
46
-117
-82
95
124
-114
-264
-46
225
182
-67
-234
-111
76
164
81
-54
-139
-116
43
166
143
-21
-181
-167
60
252
129
-144
-259
-17
213
153
-89
-184
-19
105
62
-69
-93
33
87
29
6
-46
-60
19
97
118
17
-141
-118
44
221
164
-96
-252
-127
160
267
82
-210
-256
-8
226
169
-31
-191
-123
51
146
77
-24
-97
-70
32
136
80
-72
-88
44
137
28
-122
-79
126
261
50
-248
-200
91
243
111
-72
-167
-84
50
140
118
-22
-168
-149
24
183
177
-59
-271
-150
138
247
72
-178
-190
5
159
107
-60
-75
40
38
-53
-11
19
-48
-38
62
60
-40
-144
-89
94
167
8
-195
-227
14
273
222
-125
-321
-135
212
293
25
-228
-183
59
169
63
-71
-85
-30
8
48
57
14
-49
-151
-12
109
46
-126
-100
90
121
-66
-246
-116
193
197
-22
-188
-153
15
149
124
22
-149
-202
-24
211
230
-15
-222
-200
36
266
199
-113
-298
-77
218
201
-50
-191
-53
103
36
-97
-58
65
72
0
1
-8
-46
-28
71
140
48
-127
-143
24
198
226
-51
-284
-171
150
271
93
-184
-225
-5
196
142
-60
-159
-55
69
96
14
-11
-3
-58
-46
40
118
53
-80
-74
94
130
-61
-165
59
285
127
-200
-252
43
230
200
-53
-208
-137
26
222
156
-77
-210
-144
90
214
100
-107
-218
-107
130
198
31
-127
-133
6
117
58
-42
-46
36
44
-47
-23
1
-35
-21
50
65
-10
-130
-113
62
181
41
-211
-236
26
281
178
-119
-289
-110
198
252
11
-200
-179
39
187
72
-67
-82
-8
-1
3
49
56
-56
-134
-46
96
98
-106
-166
30
192
7
-259
-193
142
276
41
-203
-225
1
197
178
-11
-216
-205
49
237
166
-68
-196
-134
68
214
150
-75
-230
-87
120
156
18
-120
-77
40
54
-27
-51
42
51
-62
5
78
12
-96
-56
163
189
-71
-252
-90
265
282
-27
-310
-189
120
264
123
-134
-230
-91
117
185
61
-112
-133
-41
70
123
73
-56
-150
-65
122
159
15
-106
-71
95
109
-52
-132
23
258
179
-186
-277
-22
231
222
-16
-188
-143
5
162
175
7
-209
-207
43
220
146
-74
-244
-103
111
172
41
-111
-96
-18
54
85
-6
-38
41
6
-58
1
70
-42
-79
33
87
7
-140
-126
72
189
63
-204
-258
-3
270
216
-92
-291
-137
184
252
44
-183
-181
27
177
85
-68
-83
-10
4
19
47
22
-56
-99
-17
84
30
-108
-82
93
127
-68
-238
-133
160
231
-1
-188
-168
-24
146
172
40
-151
-212
-26
188
205
0
-184
-175
17
225
174
-61
-204
-129
106
189
58
-114
-143
-10
87
29
-32
-27
10
21
74
47
-85
-123
45
170
119
-74
-201
-69
189
265
21
-280
-208
85
279
145
-170
-249
-66
170
194
19
-167
-131
35
113
49
20
-37
-89
-56
88
138
13
-96
-67
102
142
-60
-191
1
280
223
-131
-325
-79
240
266
20
-252
-192
35
193
181
-24
-189
-172
27
188
141
-34
-204
-153
72
176
81
-52
-146
-75
78
125
7
-66
1
25
-44
-28
71
9
-113
-33
92
84
-84
-183
-37
191
159
-137
-326
-106
303
315
-101
-331
-178
200
290
15
-197
-130
39
116
37
-51
-12
40
-43
-97
49
148
12
-192
-144
99
157
-53
-166
-18
148
35
-201
-197
82
268
67
-175
-196
-51
134
165
36
-114
-183
-73
139
230
72
-168
-241
-19
240
232
-58
-268
-127
144
204
24
-153
-81
47
68
-47
-70
31
99
4
-34
16
6
-49
-1
101
120
-12
-182
-96
177
284
4
-260
-221
84
298
165
-167
-278
-63
174
197
3
-175
-93
72
64
-6
-9
89
-1
-124
-53
136
151
-14
-143
-21
148
52
-125
-89
203
282
-86
-341
-110
255
285
-9
-270
-183
61
210
138
-37
-135
-142
-21
115
167
35
-210
-201
37
228
120
-112
-145
-25
89
68
-23
-39
43
31
-65
-22
88
-40
-123
28
123
44
-175
-192
48
260
125
-220
-343
-33
321
264
-102
-312
-177
153
267
79
-139
-208
-54
156
160
-28
-102
-87
-2
78
51
-7
-68
-100
-10
81
24
-83
-81
72
101
-46
-187
-135
100
220
56
-145
-193
-82
110
180
102
-97
-255
-96
175
255
34
-171
-195
-23
198
218
-43
-231
-130
108
168
42
-90
-93
6
64
-12
-74
2
58
47
16
3
-72
-78
58
164
108
-99
-201
-24
244
223
-50
-243
-139
62
191
160
-61
-215
-125
102
214
52
-114
-162
-23
107
103
49
-28
-133
-85
92
188
27
-140
-76
121
162
-45
-203
-26
277
246
-113
-341
-77
252
226
11
-154
-148
-33
81
167
90
-99
-207
-89
154
205
33
-184
-182
9
153
128
-6
-153
-117
63
136
39
-50
-43
34
9
-15
13
-54
-49
53
109
1
-173
-172
73
230
77
-206
-260
-34
243
225
-51
-235
-174
89
225
110
-81
-177
-92
88
141
31
-67
-76
-39
-9
66
88
-2
-133
-112
58
111
-22
-124
-41
100
61
-160
-198
43
232
97
-133
-209
-72
105
162
78
-107
-197
-77
150
221
73
-154
-231
-73
217
233
-27
-230
-136
83
177
59
-113
-113
8
59
2
-50
-2
38
-13
44
55
-48
-94
2
154
138
-61
-187
-86
169
253
48
-206
-235
-7
230
228
-71
-257
-146
127
215
60
-143
-133
19
86
35
10
34
-47
-107
1
145
127
-40
-144
-15
184
56
-154
-130
190
311
-10
-322
-176
184
290
88
-189
-220
-1
154
170
41
-148
-190
-27
160
161
12
-201
-182
52
208
109
-106
-147
-28
84
97
-3
-64
2
38
-4
-30
32
-26
-85
11
105
57
-96
-195
-17
223
162
-142
-352
-107
253
299
-19
-265
-225
87
281
133
-163
-203
-33
156
127
-43
-105
-10
2
0
26
50
10
-98
-97
17
82
0
-101
-16
125
44
-176
-237
35
247
141
-109
-221
-113
83
194
130
-98
-258
-121
168
260
49
-165
-165
-46
134
203
52
-160
-193
6
179
138
-78
-166
-34
112
23
-90
-32
96
30
-47
31
24
-70
-57
86
181
43
-188
-143
112
285
95
-230
-248
6
250
197
-79
-225
-129
79
203
92
-91
-176
-64
95
119
22
-62
-89
-25
39
112
81
-67
-94
40
131
32
-160
-99
196
293
-3
-319
-183
135
278
140
-145
-251
-79
144
230
44
-162
-168
-34
100
153
57
-117
-194
-62
146
187
2
-190
-123
100
151
14
-127
-12
123
-3
-85
-11
32
-27
-44
44
59
-51
-144
-86
144
199
-51
-297
-213
179
339
56
-251
-257
52
266
111
-104
-151
-50
80
76
18
-15
-41
-36
-49
26
116
32
-108
-125
-14
146
37
-147
-105
117
132
-134
-253
-28
263
180
-122
-259
-116
127
216
76
-114
-191
-67
91
193
104
-69
-183
-130
105
249
99
-172
-245
-9
219
167
-63
-173
-49
58
85
-13
-49
-23
-15
81
118
-52
-157
-56
165
216
-12
-217
-128
149
255
86
-200
-243
32
211
127
-55
-151
-66
27
86
89
1
-119
-89
28
73
92
12
-95
-96
39
158
77
-71
-104
33
162
27
-158
-110
179
299
35
-314
-214
139
305
122
-170
-216
-45
102
156
93
-70
-192
-109
102
199
78
-153
-216
-69
156
211
3
-174
-118
49
143
20
-100
-9
96
34
-137
-55
115
15
-67
-50
48
40
-109
-118
85
175
4
-269
-243
113
375
140
-281
-306
39
287
162
-110
-201
-56
94
106
20
-62
-45
-26
-5
33
59
20
-81
-117
-1
91
18
-90
-41
88
45
-129
-178
-24
191
116
-98
-141
-60
32
87
99
18
-130
-183
20
227
172
-98
-236
-118
154
253
56
-169
-191
4
178
104
-63
-129
-52
89
53
-80
-47
67
58
-22
-11
23
-35
-31
74
137
23
-148
-138
87
251
123
-171
-236
-23
178
191
-17
-187
-122
36
110
90
-13
-84
-48
16
3
34
78
0
-96
-63
86
144
15
-69
-38
89
44
-86
-66
143
224
47
-226
-190
103
225
131
-99
-185
-82
70
171
121
-71
-181
-147
85
214
115
-108
-275
-100
195
218
-7
-193
-131
67
162
34
-79
-51
74
38
-64
-14
34
-57
-51
43
104
1
-185
-169
117
264
42
-287
-287
95
365
118
-228
-267
-15
213
183
-25
-158
-125
59
109
44
-19
-63
-40
-16
51
81
-11
-102
-120
32
110
-3
-139
-48
113
112
-125
-262
-51
223
197
-78
-219
-134
61
169
133
-49
-185
-169
72
227
160
-103
-230
-105
119
226
91
-164
-206
-10
150
138
-16
-112
-102
9
95
19
-38
-33
-16
38
108
25
-103
-107
66
192
109
-132
-227
11
274
189
-99
-268
-109
140
257
75
-157
-219
-51
146
181
27
-140
-138
-10
106
99
46
-63
-131
-29
129
149
-10
-120
-65
101
142
-75
-157
58
296
134
-227
-273
53
281
167
-94
-235
-108
110
194
100
-85
-195
-98
81
187
91
-125
-188
-55
88
152
46
-74
-110
-33
62
70
12
-22
12
-8
-61
39
49
-102
-69
83
112
-30
-202
-116
158
213
-17
-285
-259
125
367
117
-236
-277
6
231
164
-35
-157
-125
42
132
56
-42
-48
-29
-24
33
65
23
-92
-128
-2
126
40
-130
-119
86
136
-41
-226
-129
164
198
2
-184
-174
-7
152
161
40
-177
-218
-4
246
203
-48
-235
-161
92
249
129
-113
-228
-44
161
100
-27
-88
-12
27
-24
-59
24
72
11
-36
19
22
-31
-30
46
103
84
-85
-154
-5
192
213
-58
-256
-115
130
241
46
-196
-166
16
147
105
-14
-105
-87
-5
100
74
-1
-76
-74
-11
101
133
4
-118
-53
102
114
-76
-154
59
279
153
-230
-308
37
305
226
-72
-287
-134
125
219
90
-104
-167
-98
49
153
113
-50
-208
-133
100
224
89
-158
-182
-13
164
94
-73
-82
63
59
-57
-35
19
-31
-10
45
34
-46
-126
-80
83
180
27
-194
-229
-4
266
191
-104
-272
-140
176
258
82
-188
-214
8
189
109
-60
-105
-21
13
23
49
25
-45
-86
-55
66
45
-65
-71
30
87
-46
-187
-93
120
178
12
-147
-163
-35
153
153
21
-131
-181
-40
157
222
36
-218
-221
43
284
177
-119
-241
-74
151
162
-7
-129
-71
25
67
-24
-61
14
27
23
86
-2
-130
-87
99
217
84
-177
-205
52
286
189
-135
-275
-102
150
236
56
-167
-199
-20
152
151
-22
-135
-76
45
31
4
49
66
-61
-127
17
161
108
-57
-118
32
115
-16
-128
13
252
162
-164
-272
-9
272
205
-74
-212
-108
61
155
125
-50
-162
-116
37
132
102
-35
-162
-138
63
172
88
-67
-139
-41
89
63
-43
-18
66
30
-83
-69
73
22
-62
0
48
15
-95
-127
45
171
79
-181
-257
-24
256
239
-92
-297
-145
173
258
45
-181
-181
32
165
81
-73
-86
-10
6
-5
34
74
-19
-145
-80
78
101
-53
-156
23
153
8
-227
-174
128
243
37
-181
-218
-24
176
194
6
-178
-191
-29
201
238
12
-237
-225
77
289
149
-130
-230
-75
140
162
11
-107
-74
9
9
-29
8
93
4
-101
3
136
16
-100
-86
119
215
15
-243
-141
222
313
10
-320
-208
135
272
79
-149
-189
-5
108
83
7
-34
-54
-39
-14
45
125
47
-129
-142
52
201
98
-122
-105
80
145
-34
-162
-13
254
227
-127
-302
-59
210
249
25
-195
-200
-25
199
206
-11
-195
-202
14
200
185
-53
-255
-165
119
245
87
-135
-202
-29
128
122
-40
-90
36
76
-51
-61
22
19
-39
12
47
4
-107
-129
24
189
73
-177
-254
-28
248
197
-66
-249
-143
114
208
82
-105
-152
-38
95
98
9
-54
-65
-54
-4
106
90
-45
-169
-84
101
71
-60
-116
12
136
6
-212
-170
108
246
12
-195
-143
23
123
77
5
-48
-130
-80
82
180
85
-107
-205
-46
172
196
20
-222
-148
74
179
74
-107
-108
8
69
18
-69
-30
46
33
27
28
-43
-94
21
152
125
-54
-200
-60
188
258
2
-273
-204
114
259
122
-138
-196
-52
90
138
59
-72
-121
-53
48
85
89
-7
-127
-84
102
167
29
-129
-90
119
169
-38
-195
-40
286
264
-128
-347
-123
242
316
38
-254
-219
29
192
189
-5
-188
-179
-1
159
141
13
-165
-169
-3
171
170
-25
-172
-134
61
158
52
-52
-52
4
-6
6
77
-58
-130
11
125
53
-117
-175
-1
177
146
-138
-293
-80
258
261
-65
-284
-160
154
251
50
-173
-141
30
126
65
-46
-37
-6
-36
-39
48
96
-24
-159
-72
102
120
-69
-179
-19
183
83
-202
-247
39
262
118
-159
-257
-72
183
219
22
-193
-169