#4
202
-124
-107
238
387
132
-140
-64
266
298
89
-19
91
231
123
-20
35
242
279
86
-91
-9
250
342
104
-97
8
176
204
119
62
108
109
84
79
133
180
148
65
15
68
168
205
145
50
9
45
160
238
132
-29
6
186
228
106
0
73
169
159
83
25
65
191
212
73
-26
52
188
152
53
44
112
119
55
44
116
169
117
-11
9
136
198
103
-2
37
168
206
69
-45
86
193
63
-46
50
264
242
-50
-195
64
328
263
-4
-135
2
197
194
50
16
104
127
16
-40
143
252
98
-126
-68
208
281
53
-156
22
244
161
-111
-90
234
312
-11
-186
43
265
190
-47
-106
89
214
129
-33
-41
99
184
80
-80
-3
166
213
75
-61
-28
150
187
48
-18
70
129
101
8
16
145
166
3
-74
72
203
122
-47
-44
106
140
100
63
37
68
58
33
42
142
179
36
-80
-22
152
219
114
-26
-54
23
138
186
90
-12
-24
56
140
128
42
14
92
83
14
10
116
197
89
-76
-99
133
310
105
-193
-104
237
323
47
-207
-79
241
291
45
-149
-52
170
283
98
-137
-58
135
181
69
-30
34
99
42
-8
62
142
89
-46
-57
97
223
100
-102
-86
132
262
88
-144
-34
163
144
-17
-79
104
235
81
-175
-130
160
317
121
-163
-180
107
274
108
-82
-52
72
103
17
39
119
79
-27
-79
70
150
38
-23
20
94
60
-51
-8
136
144
-46
-82
77
142
68
-30
-40
74
115
43
-26
-34
63
112
54
-55
-42
102
130
50
-13
-28
53
93
39
28
52
79
41
-50
42
147
103
-62
-113
56
213
128
-108
-136
65
160
111
11
-38
29
63
15
8
76
147
75
-85
-86
62
214
151
-53
-117
-28
111
172
73
-34
-42
31
87
86
44
2
7
82
54
6
11
76
160
39
-137
-50
176
211
-17
-165
7
204
148
-58
-100
78
182
85
-83
-110
90
241
104
-141
-107
129
182
25
-106
-6
135
74
-48
-31
97
101
-24
-63
29
160
111
-66
-122
69
258
107
-187
-97
185
161
-77
-137
49
255
123
-169
-208
70
286
191
-113
-223
-9
179
137
7
-22
3
-3
-21
51
143
63
-89
-115
58
166
86
-86
-74
55
110
-23
-70
83
121
-37
-106
62
138
51
-82
-82
94
155
14
-112
-59
82
127
44
-99
-77
82
132
13
-24
-5
9
50
35
24
66
55
-40
-65
58
156
59
-98
-101
78
162
56
-108
-68
76
54
36
77
58
-17
-75
-28
79
134
81
-31
-95
-22
104
122
30
-59
-2
55
1
-4
88
103
-26
-101
-8
135
153
4
-117
-24
142
96
-52
-10
98
107
-83
-138
115
224
-6
-149
-42
159
170
-36
-125
2
149
116
-70
-109
27
222
140
-115
-160
61
172
65
-79
-64
55
85
-9
-41
49
103
13
-94
-59
108
165
-18
-139
-30
179
140
-87
-88
49
59
-3
-60
39
156
82
-122
-185
47
222
131
-61
-180
-71
96
158
71
-44
-84
-54
28
105
105
-11
-85
-47
41
49
34
14
-1
6
-16
-50
12
98
98
-87
-149
80
156
16
-91
-106
60
139
15
-114
-85
63
144
32
-130
-104
103
142
1
-50
-36
33
48
14
36
31
14
-21
-31
57
111
41
-130
-95
124
164
-10
-147
-60
106
91
-19
-18
32
81
-5
-96
-27
119
120
5
-105
-69
43
132
140
-31
-128
-70
56
142
75
-20
-70
-51
19
126
106
-46
-114
26
144
44
-84
-38
137
121
-99
-164
72
238
29
-167
-64
131
180
-36
-167
0
170
137
-56
-180
-25
228
224
-90
-237
-12
184
119
-68
-132
28
125
19
-100
-39
124
139
-59
-157
-8
166
91
-70
-86
50
117
21
-48
-16
10
-3
-15
45
85
46
-75
-137
-15
168
125
-22
-150
-112
67
156
67
-54
-80
-28
44
59
37
-9
-56
-36
27
48
-2
-10
27
16
-28
-78
-48
124
145
-84
-202
31
204
66
-142
-160
52
184
50
-152
-112
30
158
51
-143
-106
95
124
-4
-54
-38
10
14
32
41
31
-22
-45
-6
55
76
26
-75
-82
25
120
58
-91
-97
44
91
-12
-24
48
83
-14
-130
-78
128
230
10
-215
-160
118
251
66
-150
-125
50
117
5
-30
34
39
-26
-63
0
110
101
-28
-86
-24
58
63
25
44
35
-58
-118
52
172
60
-106
-113
43
160
58
-87
-60
66
114
28
-54
-77
73
142
4
-85
-38
23
64
34
9
-11
-25
-33
1
75
64
-28
-83
-56
104
145
-44
-128
-35
138
136
-90
-119
44
89
2
-121
-15
163
112
-96
-209
-32
211
179
-54
-244
-105
163
155
-7
-81
-48
4
26
-3
34
57
-41
-87
-21
62
32
-17
-3
21
-45
-68
-11
108
94
-100
-153
97
183
-37
-202
-100
163
191
-44
-225
-89
148
160
-34
-196
-97
141
144
-43
-92
-31
33
68
29
-1
-30
-14
19
21
16
23
20
-29
-71
19
92
39
-72
-77
46
57
-31
5
71
39
-42
-122
-30
115
155
26
-146
-135
57
190
93
-103
-116
2
41
31
24
68
14
-82
-57
51
112
68
-82
-82
16
66
8
-16
71
74
-85
-114
50
179
44
-169
-93
139
193
-22
-208
-56
182
203
-39
-239
-106
237
263
-73
-300
-82
193
221
-20
-205
-90
141
99
-62
-90
19
92
-7
-67
-5
88
52
-86
-67
76
113
-26
-97
3
68
16
-68
-64
99
134
-15
-194
-121
142
238
6
-223
-168
86
194
51
-75
-73
-30
-11
34
98
35
-79
-124
-28
117
76
-56
-71
3
59
-14
-88
24
107
-6
-114
-22
88
29
-33
-49
-5
57
12
-55
-58
-5
73
48
-67
-127
-5
128
71
-43
-78
-15
44
44
3
15
7
-20
-34
3
65
82
-15
-141
-70
113
143
-33
-145
-45
64
71
33
1
-19
-44
-39
2
85
98
-12
-109
-67
65
113
12
-43
-19
-10
-16
-13
53
86
24
-97
-126
68
172
68
-106
-115
19
109
69
-16
-41
20
5
-67
26
118
16
-103
-45
73
126
0
-125
-73
122
154
-35
-150
-55
166
177
-73
-183
-24
131
86
-38
-71
-12
36
11
-34
-1
62
28
-49
-83
10
120
22
-111
-57
143
156
-114
-200
69
174
12
-202
-97
203
205
-86
-266
-95
191
223
14
-214
-172
51
176
86
-29
-76
-80
-13
66
71
-5
-45
-66
-23
18
32
26
-2
-24
-37
-39
2
65
76
-78
-148
52
176
9
-165
-142
111
181
-1
-170
-156
47
196
81
-154
-186
45
188
50
-106
-74
11
46
13
22
55
5
-66
-95
47
139
53
-77
-130
-1
151
66
-107
-112
15
74
15
-1
-3
33
-3
-78
-37
67
109
36
-72
-112
-22
122
115
-32
-98
-57
1
56
72
28
-42
-75
-6
75
70
-8
-49
-9
22
1
-11
25
79
37
-78
-116
30
198
47
-182
-75
96
171
41
-166
-94
108
181
15
-187
-111
168
231
-26
-222
-73
137
110
-18
-92
-38
46
12
-43
-13
54
21
-40
-29
17
65
18
-91
-39
84
113
-48
-105
36
93
-25
-124
-48
139
159
-47
-212
-133
131
246
26
-190
-157
24
134
83
0
-69
-66
-31
43
85
28
-59
-77
-51
26
60
37
3
-36
-57
-38
-19
56
90
-31
-140
-10
118
45
-80
-108
-4
103
53
-86
-99
-2
86
46
-84
-116
1
108
51
-31
-55
-42
12
41
36
6
2
-21
-39
-35
52
120
24
-145
-133
71
193
4
-174
-82
54
101
45
-44
-32
10
-7
-16
9
57
46
-6
-84
-71
59
147
42
-102
-111
-5
74
89
13
-55
-50
-11
67
67
-22
-32
4
38
-6
-30
33
77
46
-50
-133
-17
196
92
-138
-122
79
179
50
-148
-133
93
201
61
-172
-197
107
324
89
-268
-225
126
255
43
-175
-117
70
112
-12
-56
-1
32
17
-67
-41
77
67
-46
-110
28
171
42
-122
-60
25
23
-12
-21
39
55
12
-87
-103
52
134
65
-97
-136
-35
60
109
46
-40
-85
-68
26
85
55
-35
-107
-45
44
55
-3
-38
-10
18
-33
-90
-5
112
75
-142
-139
122
146
-54
-180
-50
150
126
-100
-220
-50
190
160
-135
-258
-4
229
101
-131
-146
-2
157
50
-87
-72
62
86
-58
-90
32
108
43
-132
-89
63
110
15
-101
-65
31
48
28
12
14
10
-81
-77
52
126
74
-75
-135
-48
106
146
11
-104
-91
-3
89
84
32
-29
-113
-41
65
101
52
-74
-72
43
66
1
-44
51
86
-26
-134
-10
164
63
-110
-79
80
115
-3
-124
-36
116
120
-25
-151
-65
138
201
-6
-215
-100
152
134
-36
-133
-31
88
39
-58
-52
60
89
-42
-112
-15
120
76
-88
-138
65
177
6
-133
-30
65
10
-48
-39
64
80
-19
-89
-87
21
145
92
-76
-179
-80
103
158
70
-84
-159
-58
78
124
26
-104
-88
4
60
44
-20
-39
-6
4
-49
-67
64
132
-14
-187
-76
202
145
-159
-230
21
260
98
-213
-216
39
204
97
-147
-189
37
153
56
-72
-74
-2
52
17
-24
-1
59
-12
-60
-26
57
106
-1
-147
-78
85
126
-17
-109
-66
37
48
33
16
10
-5
-64
-64
43
134
65
-95
-151
6
136
92
-21
-90
-51
2
38
19
42
41
-53
-92
-1
110
66
-34
-73
-3
30
35
-17
15
85
3
-127
-48
106
109
-42
-135
6
138
61
-71
-111
9
135
95
-60
-163
2
210
145
-124
-201
-23
149
130
-45
-121
-33
44
34
22
0
-29
-11
-23
6
51
20
-46
-53
46
99
-10
-101
-18
101
37
-106
-99
100
138
11
-145
-138
54
180
96
-117
-191
-37
129
125
16
-61
-79
-67
25
116
62
-101
-125
21
95
38
-56
-85
21
87
-23
-124
-40
132
118
-144
-165
72
116
15
-95
-80
47
77
-6
-112
-58
78
68
-41
-122
-34
109
63
-46
-69
-27
66
38
-1
-15
32
13
-68
-37
65
102
-12
-144
-52
136
74
-75
-112
7
93
-30
-71
44
95
32
-122
-123
44
192
100
-113
-162
-17
136
140
-50
-139
-19
51
31
-14
24
60
-19
-92
-37
83
105
-14
-50
-24
-1
28
41
44
22
-53
-82
-3
116
87
-72
-136
47
151
46
-117
-95
53
137
75
-88
-150
40
209
99
-146
-155
50
133
64
-74
-90
29
47
-21
-15
40
29
-54
-80
17
112
69
-115
-122
79
167
14
-141
-46
101
51
-89
-115
52
169
36
-138
-151
18
192
123
-85
-202
-79
106
109
29
-34
-74
-53
-13
42
73
26
-78
-100
-18
78
53
-46
-40
17
-16
-105
-35
155
102
-156
-157
66
156
10
-165
-118
97
172
9
-190
-143
79
181
19
-202
-124
103
137
8
-80
-60
-16
49
66
22
-23
-52
-16
11
26
58
35
-67
-89
16
86
16
-68
-43
4
18
36
41
8
-25
-46
-48
17
97
71
-18
-127
-71
92
131
18
-82
-45
14
20
1
42
16
-19
-54
-17
65
98
-4
-77
-30
48
32
-7
29
64
-7
-117
-69
158
154
-86
-182
11
186
85
-109
-126
32
167
90
-104
-163
29
230
91
-153
-149
50
159
51
-110
-100
40
112
2
-93
-48
60
71
-30
-95
-5
99
46
-61
-53
66
53
-54
-24
69
-6
-92
-55
69
140
37
-161
-170
35
187
135
-86
-224
-66
113
145
45
-72
-105
-79
22
110
66
-30
-121
-66
65
63
-8
-57
-25
13
-1
-80
-23
101
63
-129
-110
108
120
-49
-167
-80
166
142
-97
-191
-55
154
139
-79
-211
-56
168
113
-96
-98
12
56
4
-18
37
31
-37
-68
3
99
65
-44
-129
-67
106
130
-32
-147
-39
102
21
-40
10
54
22
-77
-90
13
126
114
-44
-156
-60
90
119
28
-71
-53
-13
17
9
41
48
-17
-73
-52
35
120
60
-80
-80
8
82
53
-6
-15
4
-52
-43
88
142
-69
-140
16
132
112
-106
-167
48
192
86
-131
-170
47
249
131
-176
-225
49
227
76
-153
-126
92
88
-50
-77
37
90
-3
-103
-59
86
118
-35
-141
-17
158
104
-113
-113
44
75
-20
-108
-2
172
92
-139
-196
0
188
144
-58
-200
-119
83
175
66
-71
-114
-51
17
58
72
-1
-96
-102
-5
113
43
-58
-50
20
24
-82
-65
110
97
-78
-157
38
152
-10
-141
-91
87
145
-19
-162
-76
71
108
13
-144
-110
42
130
32
-42
-75
-24
58
36
2
-6
-10
-6
-13
-7
34
84
-31
-122
-37
94
77
-46
-92
-40
29
77
38
-27
-24
-5
-47
-36
79
127
27
-139
-161
45
185
103
-69
-135
-61
37
86
81
-7
-82
-82
10
122
82
-54
-110
-11
78
60
-18
-1
44
-1
-81
-58
135
124
-126
-157
79
209
62
-186
-149
95
209
87
-150
-200
2
274
195
-160
-294
10
235
126
-97
-145
3
72
-10
-57
44
75
-12
-95
-71
83
109
-32
-104
-22
95
79
-72
-62
34
41
-45
-58
27
109
52
-80
-140
-36
115
114
-4
-116
-109
-19
117
141
-3
-134
-142
15
174
96
-85
-150
-32
101
59
-48
-42
0
5
-15
-77
-37
88
107
-81
-183
51
212
25
-193
-161
109
222
1
-233
-149
134
196
4
-217
-142
108
152
0
-66
-67
7
27
20
40
26
-22
-66
-19
85
84
-23
-131
-80
115
124
-29
-135
-60
83
54
-21
-31
32
64
-30
-101
-45
90
137
10
-121
-90
27
106
63
-29
-44
-64
-24
32
72
107
-17
-158
-97
128
196
-14
-158
-41
79
64
-37
-22
90
64
-91
-149
39
188
42
-130
-74
100
112
-22
-136
-42
143
152
-52
-210
-49
216
214
-82
-273
-40
170
139
-39
-148
-25
73
34
-33
-35
50
33
-77
-62
57
93
-29
-114
-1
147
81
-122
-106
68
107
-29
-150
-25
163
156
-83
-260
-97
181
223
10
-194
-183
47
168
74
-40
-90
-61
-14
49
88
27
-78
-106
-30
59
51
-16
-20
12
-36
-92
-32
116
125
-70
-205
8
190
43
-144
-143
71
162
6
-154
-117
40
136
49
-120
-126
0
102
73
-17
-69
-64
22
77
38
-6
-34
-32
-27
18
81
53
-48
-123
-25
92
103
-35
-131
-62
49
110
37
-41
-39
-2
-16
-26
46
89
39
-78
-115
-2
103
87
-11
-66
-66
-35
44
127
57
-66
-138
-47
124
164
-2
-142
-66
73
75
-12
-21
51
46
-87
-133
94
211
4
-230
-90
196
207
-77
-254
-49
250
191
-99
-240
-69
244
225
-94
-258
-20
146
110
-43
-90
-8
36
-10
-38
21
70
6
-71
-55
38
95
14
-99
-66
96
123
-47
-94
2
65
-19
-105
8
164
81
-128
-187
3
147
109
-18
-134
-107
15
114
70
0
-65
-84
-39
60
95
22
-73
-106
-4
75
43
-21
-69
-1
17
-28
-68
4
132
16
-149
-24
98
-9
-78
-35
66
72
-48
-110
-55
46
72
4
-98
-108
42
108
34
-57
-93
-13
88
47
12
-15
-39
-37
4
50
51
-9
-77
-65
50
79
-22
-66
-35
58
10
-67
7
99
71
-54
-166
-44
142
146
-14
-146
-84
62
96
31
-34
-15
-21
-63
-6
104
123
-39
-184
-88
129
205
19
-154
-90
51
98
17
-19
22
13
-37
-46
28
100
16
-102
-8
94
59
-47
-88
-1
95
84
-5
-120
-62
95
193
25
-169
-93
49
108
61
-52
-86
-35
33
73
5
-17
-25
-23
-6
19
56
8
-98
-17
124
88
-79
-128
12
115
39
-111
-85
99
168
-29
-199
-95
110
188
22
-146
-131
8
88
75
33
-42
-102
-95
39
150
82
-94
-163
-26
104
58
-53
-44
20
8
-83
-69
96
135
-65
-183
-5
155
52
-111
-127
19
154
53
-139
-133
13
134
73
-119
-148
2
128
34
-52
-12
4
-20
-29
17
112
48
-123
-137
47
184
84
-144
-196
9
217
125
-152
-198
19
145
50
-66
-35
48
52
-65
-104
26
163
88
-120
-185
11
186
110
-80
-145
-16
56
30
14
36
13
-44
-52
6
93
50
-43
-63
-1
46
21
20
61
34
-97
-118
65
168
23
-150
-85
123
146
-19
-165
-60
153
172
-50
-188
-66
191
204
-59
-226
-57
147
126
-49
-115
-11
85
7
-91
-20
110
59
-90
-128
35
164
44
-165
-95
158
176
-96
-200
22
182
41
-157
-141
112
247
10
-256
-179
107
235
98
-144
-193
-47
103
151
57
-67
-170
-108
90
177
72
-136
-187
10
152
63
-75
-87
16
55
-54
-101
30
167
13
-179
-58
145
99
-109
-177
15
202
79
-153
-227
19
236
106
-176
-242
6
226
116
-80
-137
-58
55
84
41
1
-45
-35
-53
44
112
19
-116
-116
67
151
23
-151
-87
62
76
-13
-30
-1
56
23
-76
-83
51
122
44
-64
-101
-38
56
97
55
-17
-102
-116
14
153
139
-49
-192
-79
112
174
36
-137
-92
81
79
-41
-44
78
95
-56
-160
-20
203
92
-163
-140
112
206
2
-232
-105
178
236
-7
-246
-148
172
280
25
-267
-162
149
171
17
-125
-73
44
42
-27
-22
42
35
-74
-45
54
85
-5
-112
-23
118
97
-76
-149
49
134
-5
-137
-68
105
164
-13
-189
-129
96
192
85
-120
-189
-49
143
134
9
-93
-115
-37
44
108
40
-53
-105
-58
49
80
23
-39
-64
-20
-5
-12
19
71
-2
-108
-51
134
64
-131
-130
50
166
53
-163
-186
20
187
106
-134
-218
-18
194
117
-62
-128
-57
58
83
13
-20
-24
-11
18
2
20
32
-41
-74
-1
84
40
-61
-71
9
38
9
1
21
72
7
-117
-95
55
152
49
-96
-112
-10
84
74
4
-30
-23
-33
-46
40
131
68
-110
-174
33
192
79
-83
-108
-9
82
47
-8
-1
61
4
-135
-21
156
98
-116
-158
81
211
32
-164
-128
105
191
43
-171
-161
109
281
75
-223
-204
88
215
64
-143
-137
60
128
-8
-140
-34
106
85
-73
-97
55
78
-18
-75
16
103
12
-80
-40
37
52
-28
-83
26
135
52
-160
-185
55
221
120
-123
-209
-86
118
177
46
-82
-133
-76
61
122
62
-56
-147
-60
99
80
-52
-83
2
49
-47
-106
9
170
74
-207
-148
158
193
-79
-261
-75
231
208
-146
-310
-76
260
223
-125
-330
-87
262
212
-78
-221
-86
134
119
-22
-69
-3
46
-23
-44
47
97
-28
-151
-60
131
130
-62
-174
-16
108
65
-59
-81
64
122
-32
-152
-49
163
177
-74
-201
-63
114
136
23
-71
-89
-27
37
82
69
5
-95
-97
30
135
92
-82
-101
23
100
22
-42
3
65
13
-98
-36
120
93
-95
-138
76
227
47
-238
-162
169
275
41
-271
-219
164
381
97
-344
-248
159
272
53
-204
-145
107
109
-39
-89
42
90
-37
-105
-12
134
64
-132
-121
105
181
-17
-184
-23
114
69
-62
-130
16
179
77
-152
-201
17
228
135
-111
-218
-71
130
161
30
-122
-122
12
74
43
1
-33
-62
-51
29
50
-9
-32
4
14
-31
-96
-10
135
70
-148
-107
86
111
-36
-126
-32
115
67
-127
-142
13
139
65
-109
-152
-12
123
90
-27
-104
-39
65
50
-14
-15
-9
-10
-12
17
35
39
-35
-94
-17
101
69
-63
-100
4
39
12
12
30
26
-14
-64
-67
13
119
88
-21
-133
-94
77
146
56
-71
-86
-28
7
47
86
54
-75
-137
-10
145
105
-26
-100
-37
72
50
-29
9
73
26
-127
-74
114
101
-36
-91
46
105
-8
-119
-57
103
164
23
-149
-153
50
252
138
-164
-231
-8
185
141
-66
-134
-49
68
65
-3
-54
-34
30
14
3
35
-7
-75
-34
84
122
-39
-132
-17
124
81
-123
-163
54
197
105
-163
-230
-10
219
170
-103
-209
-61
69
121
72
-9
-110
-141
-17
168
174
-54
-229
-101
101
140
13
-107
-42
38
14
-96
-72
121
147
-112
-179
45
151
37
-160
-158
118
209
-11
-236
-140
125
194
15
-224
-157
121
179
6
-123
-102
54
94
21
-36
-9
26
-2
-50
4
82
32
-102
-76
72
95
-8
-92
-58
20
57
36
-17
-15
32
-15
-52
-24
79
80
-28
-91
-27
43
55
34
-1
-44
-78
-48
77
149
40
-143
-147
29
171
109
-76
-132
-20
104
73
-51
-40
76
44
-111
-85
126
155
-68
-166
14
170
83
-153
-150
101
206
77
-147
-234
43
330
182
-224
-308
14
271
181
-133
-241
-14
152
85
-70
-79
21
26
-17
-17
53
44
-56
-72
43
111
23
-94
-34
52
35
-35
-82
4
120
89
-76
-200
-62
186
192
-49
-218
-138
86
175
78
-61
-118
-64
8
78
88
-19
-106
-48
42
30
-41
-18
73
18
-101
-135
3
182
90
-144
-153
83
157
-25
-165
-65
151
134
-108
-230
-54
163
175
-47
-203
-134
120
184
2
-98
-83
-20
50
72
51
-22
-85
-52
51
112
63
-91
-143
-10
159
91
-106
-150
12
108
33
-36
-29
10
51
28
-73
-92
23
134
101
-70
-138
-68
91
176
36
-121
-169
-32
150
160
-3
-116
-125
33
135
51
-39
-38
-12
28
-12
15
89
52
-57
-113
-14
142
89
-90
-146
53
186
40
-130
-127
70
196
67
-146
-167
26
221
158
-109
-206
-20
154
109
-66
-112
-2
74
20
-54
-20
28
15
-15
-11
10
30
-21
-61
27
91
10
-87
-9
85
37
-100
-111
60
168
66
-156
-196
25
199
149
-77
-212
-122
84
177
101
-85
-144
-94
55
144
49
-79
-119
-67
47
92
18
-68
-26
16
6
-71
-53
88
95
-84
-122
68
146
-83
-201
-4
183
103
-109
-200
-81
140
186
-18
-226
-159
134
215
21
-129
-145
14
113
72
7
-21
-55
-66
24
96
81
-37
-158
-72
122
148
-36
-145
-42
87
52
-29
-47
30
79
-11
-106
-70
84
168
22
-130
-108
21
112
81
-9
-76
-79
-26
60
130
80
-105
-152
-1
141
120
-42
-106
-29
51
54
5
10
50
7
-85
-76
75
139
-56
-128
34
151
64
-142
-149
92
230
71
-170
-208
41
270
193
-139
-290
-19
186
153
-65
-125
-24
33
32
-7
-20
26
12
-30
-61
51
84
-37
-111
51
143
-8
-152
-34
147
74
-123
-169
47
221
81
-165
-207
18
207
129
-81
-186
-66
67
90
34
21
-33
-96
-92
44
162
65
-117
-172
-2
151
39
-100
-73
52
63
-85
-123
72
157
-28
-186
-29
183
61
-183
-155
127
222
-31
-251
-144
125
218
7
-220
-158
109
174
12
-80
-107
-12
62
54
42
7
-51
-67
0
68
84
-24
-106
-32
75
64
-53
-87
22
44
-22
-2
41
37
5
-49
-57
-40
71
108
21
-86
-97
-13
71
92
37
-63
-107
-71
61
159
79
-96
-160
-5
165
90
-67
-117
10
107
13
-66
8
104
88
-98
-189
42
197
59
-166
-104
145
171
-67
-200
-31
215
172
-89
-243
-57
257
253
-79
-313
-94
186
206
-1
-179
-109
60
94
28
-42
-45
6
14
-6
54
36
-75
-90
71
168
9
-166
-76
130
129
-90
-183
-4
184
125
-98
-186
-53
144
158
3
-139
-156
-24
121
146
39
-118
-156
-21
136
115
-9
-141
-109
43
111
8
-67
-28
18
-4
-97
-49
119
148
-102
-220
36
224
23
-214
-157
133
237
8
-269
-186
125
250
41
-245
-221
119
235
57
-125
-162
-1
93
95
9
-76
-41
5
35
33
10
-9
-52
-48
43
84
2
-92
-74
32
61
36
-46
-34
51
48
-56
-93
-10
127
117
-37
-164
-101
88
190
85
-137
-221
-3
185
143
-13
-145
-109
59
137
65
-83
-82
43
57
-15
-42
49
105
14
-126
-93
103
151
-33
-149
-25
134
127
-50
-186
-35
204
194
-105
-283
-64
291
266
-106
-314
-101
209
243
-34
-246
-91
140
124
-49
-116
-1
77
4
-60
-10
81
-7
-94
31
130
30
-125
-69
81
98
-23
-156
-65
145
156
-22
-212
-117
138
202
19
-175
-157
41
127
79
10
-78
-113
-38
67
149
29
-137
-138
19
113
33
-57
-48
30
26
-100
-83
97
168
-50
-203
-7
157
44
-120
-131
43
175
37
-171
-160
56
192
42
-159
-146
8
145
86
-39
-83
-62
19
43
50
27
-39
-30
-7
41
76
8
-86
-89
26
124
27
-95
-67
19
61
47
-36
-44
24
46
-22
-83
-16
123
103
-71
-159
-19
106
93
20
-68
-94
-27
49
96
58
-28
-114
-68
100
129
11
-93
-56
23
43
25
36
33
-3
-69
-57
58
91
-12
-108
-7
165
73
-113
-146
29
173
119
-61
-204
-83
197
246
5
-253
-152
112
199
55
-140
-127
6
90
59
-1
-39
-44
-30
19
61
67
-46
-109
-1
126
56
-98
-52
40
69
-27
-104
-15
113
123
-53
-185
-77
102
145
60
-94
-163
-79
101
167
63
-71
-167
-98
95
160
68
-129
-179
9
139
63
-65
-65
22
15
-68
-78
59
156
-19
-179
-34
122
67
-119
-119
78
127
-2
-154
-116
59
175
25
-153
-177
22
202
97
-94
-138
-51
70
125
33
-77
-77
28
67
19
-26
-7
-10
-28
-8
35
36
-19
-56
-11
-12
25
36
-11
27
21
-39
-79
-15
103
94
-39
-120
-48
47
105
67
-29
-112
-103
44
125
108
-31
-147
-104
93
176
40
-126
-88
58
81
17
-30
29
58
-37
-111
19
123
40
-91
-56
53
121
18
-108
-86
98
175
33
-170
-163
119
304
85
-260
-206
70
230
109
-158
-164
24
129
44
-78
-47
57
54
-57
-79
52
101
-25
-77
7
89
26
-53
-51
12
67
-30
-91
25
124
42
-138
-161
41
218
114
-145
-242
-45
187
193
-2
-166
-122
19
93
73
-7
-60
-74
-33
42
50
-6
-14
-8
-33
-63
-58
64
135
-28
-167
-60
155
99
-140
-169
32
200
71
-197
-208
42
235
90
-201
-227
26
233
102
-127
-141
-12
95
44
-3
17
-23
-39
-46
1
92
85
-70
-147
-10
173
73
-133
-147
58
111
3
-58
-21
60
65
-69
-130
23
162
78
-90
-126
-15
80
81
40
-20
-75
-84
5
116
108
-24
-155
-113
99
191
51
-115
-86
45
63
6
-11
37
78
-16
-137
-40
114
103
-72
-76
98
112
-52
-139
-2
154
124
-63
-158
-61
146
217
24
-225
-179
130
231
54
-162
-175
42
133
36
-51
-35
-16
-10
11
68
41
-92
-109
57
183
62
-181
-128
107
180
-20
-209
-118
157
223
8
-227
-176
88
230
67
-137
-190
-38
92
136
74
-33
-148
-157
41
191
127
-105
-212
-66
130
141
-48
-134
-5
69
-16
-122
-6
149
25
-155
-64
135
106
-151
-183
54
235
42
-224
-171
58
207
96
-157
-215
-28
155
132
-14
-108
-116
4
106
116
-7
-115
-90
51
132
44
-72
-85
-28
62
61
-33
-74
-12
82
10
-65
7
47
57
-7
-91
-70
41
122
50
-59
-74
-22
35
63
56
22
-85
-135
-23
151
143
-41
-173
-82
112
179
11
-137
-88
76
94
-17
-45
57
94
-36
-132
-41
157
72
-90
-107
51
178
42
-164
-155
101
247
59
-211
-212
116
302
117
-232
-232
82
192
58
-98
-81
1
16
6
12
31
-12
-67
-9
37
56
-3
-84
9
93
38
-88
-103
87
142
-19
-182
-106
156
236
-40
-283
-163
162
273
41
-217
-209
33
199
105
-49
-107
-56
-6
19
67
44
-50
-80
-67
37
104
29
-54
-92
-1
46
-35
-29
58
54
-48
-55
32
42
-74
-95
23
149
61
-152
-170
-1
200
127
-118
-244
-79
189
204
-17
-176
-153
48
155
90
-38
-85
-40
34
60
25
11
-51
-40
-13
42
46
-19
-34
-4
-29
-9
37
41
-4
-19
-28
-19
13
62
50
-30
-65
-22
14
29
95
25
-90
-132
-12
149
137
-35
-151
-94
79
162
42
-104
-88
43
74
10
-16
16
61
-5
-111
-50
113
90
-80
-96
83
140
-2
-145
-101
127
214
19
-235
-198
161
370
107
-318
-295
129
313
81
-204
-209
72
199
17
-118
-61
69
64
-65
-61
39
39
-19
-16
40
55
-41
-71
20
82
33
-97
-109
44
157
51
-144
-157
33
164
94
-88
-135
-53
34
88
95
22
-106
-138
4
111
101
-37
-145
-67
69
72
-15
-65
27
63
-73
-149
-22
218
140
-201
-194
92
194
-26
-211
-79
178
154
-124
-219
-44
177
147
-82
-238
-88
169
163
0
-134
-118
15
93
84
5
-64
-55
-9
65
53
-2
-44
-70
2
77
49
-23
-72
-15
-4
7
49
8
9
-6
-24
-27
-18
54
93
9
-94
-80
12
88
92
10
-108
-119
-2
131
153
-22
-174
-94
86
175
47
-115
-92
54
83
-12
-55
50
88
14
-112
-73
86
107
-14
-75
11
102
9
-125
-60
125
166
-11
-178
-129
119
268
76
-219
-201
69
178
97
-81
-127
-34
30
61
41
0
-66
-39
6
21
56
30
-53
-26
45
44
-39
-37
31
34
-12
-88
-72
94
142
2
-150
-125
61
145
45
-82
-103
-33
16
71
115
8
-123
-135
14
150
103
-72
-183
-45
103
75
-31
-45
4
16
-29
-102
-33
142
110
-139
-151
85
139
-50
-205
-30
230
135
-176
-261
-31
251
180
-142
-272
-95
197
200
-28
-144
-118
7
120
84
0
-66
-71
-11
76
45
-4
-26
-28
-11
24
17
-13
-12
17
-25
-33
39
45
17
-16
-28
-30
-26
31
86
67
-70
-127
-29
122
151
-16
-154
-116
42
155
103
-45
-119
-99
66
147
54
-79
-74
42
53
-20
-15
41
81
9
-96
-76
73
83
-4
-65
19
75
45
-69
-80
37
142
56
-83
-164
-5
233
175
-110
-256
-47
172
163
-14
-140
-92
36
83
39
-46
-62
12
26
1
15
1
-25
-31
52
75
-38
-51
7
21
2
-36
-41
27
71
47
-64
-104
-40
72
130
20
-106
-145
-31
140
148
13
-132
-169
-25
151
155
-6
-192
-133
86
126
12
-85
-26
31
-3
-99
-72
126
134
-90
-143
22
136
6
-153
-97
129
159
-67
-218
-90
141
174
-13
-220
-154
114
220
-5
-138
-66
30
62
34
-4
-22
-20
-23
14
38
58
25
-96
-123
23
139
88
-82
-123
-55
92
116
-44
-81
18
64
-4
-86
-19
118
89
-36
-134
-83
83
184
51
-128
-185
-37
156
178
7
-174
-150
53
210
96
-122
-132
40
99
5
-64
37
131
13
-167
-113
134
207
-49
-225
-16
207
134
-124
-211
29
229
142
-147
-253
8
295
232
-163
-310
-49
212
233
-37
-220
-127
76
146
48
-65
-83
-10
50
16
13
12
-30
-36
21
77
-14
-79
13
61
40
-69
-96
34
147
46
-114
-131
14
136
79
-38
-105
-111
-2
99
136
32
-128
-194
-12
201
163
-73
-201
-95
121
152
-72
-137
24
107
-5
-186
-85
187
171
-122
-209
40
189
-3
-197
-74
154
170
-105
-241
-50
175
162
-75
-218
-116
116
183
3
-80
-77
-14
64
46
36
-20
-79
-34
59
63
10
-37
-43
-22
29
48
-9
-12
-20
-47
-13
58
44
10
-27
-8
-24
-41
11
95
91
-48
-140
-88
77
194
74
-133
-206
-55
162
196
20
-181
-160
57
185
92
-84
-125
30
90
-7
-56
33
94
26
-98
-78
29
93
53
-45
-22
74
32
-78
-115
55
196
101
-151
-245
16
304
229
-160
-340
-21
262
179
-79
-219
-70
129
91
-36
-56
12
49
-33
-57
27
102
-6
-96
-29
90
65
-27
-78
-14
86
-4
-106
-48
126
153
-77
-203
-96
150
217
-2
-183
-162
27
164
115
-19
-124
-130
-7
106
108
6
-109
-123
-14
92
88
-11
-63
-56
-10
-5
-30
56
58
-84
-81
64
93
-49
-163
-34
153
151
-75
-248
-105
170
189
-30
-216
-150
105
204
42
-109
-112
-37
78
98
54
-54
-111
-42
84
89
23
-62
-99
-9
75
65
-18
-71
-4
30
-24
2
31
44
20
-51
-77
-17
66
97
13
-70
-77
-27
58
123
63
-67
-154
-79
76
162
105
-90
-203
-53
169
189
-16
-155
-75
69
99
-21
-33
48
60
-44
-125
22
147
21
-122
-61
131
112
-69
-160
-22
199
184
-88
-260
-81
239
298
-54
-327
-131
177
240
-3
-192
-113
71
115
-11
-54
-12
5
-7
-25
32
66
-38
-69
28
102
9
-87
-19
31
40
-17
-78
-19
101
85
-53
-145
-73
94
168
50
-135
-184
-46
149
166
23
-110
-157
-71
129
194
1
-192
-156
59
167
41
-104
-84
33
44
-66
-75
62
118
-41
-128
7
102
-23
-102
-26
93
92
-63
-144
-55
81
118
-22
-145
-104
41
113
48
-7
-92
-91
50
119
71
-68
-115
-1
87
71
-18
-63
-11
3
-16
-7
14
41
7
-72
-60
57
85
4
-31
-35
-18
-24
25
94
59
-33
-113
-74
35
149
111
-80
-184
-110
120
229
57
-180
-186
66
213
68
-115
-112
46
117
2
-59
0
86
53
-92
-91
67
111
-18
-115
-14
176
114
-131
-204
32
250
142
-155
-249
-7
274
218
-83
-266
-91
150
185
58
-149
-170
14
132
77
-36
-80
-5
34
-1
6
25
-2
-48
3
86
28
-71
-21
54
13
-65
-62
17
110
70
-58
-143
-77
79
148
73
-90
-166
-97
111
180
70
-112
-177
-55
132
141
-12
-145
-97
44
62
17
-46
-22
44
-7
-104
-91
72
190
14
-200
-110
106
134
-64
-173
-21
180
109
-173
-224
22
235
128
-172
-282
-17
243
180
-74
-225
-105
103
181
69
-105
-144
-19
132
96
-41
-76
-46
16
28
20
6
-24
-20
-24
-16
59
15
-47
27
56
-13
-107
-61
112
152
18
-147
-172
27
209
169
-90
-245
-93
142
196
46
-139
-143
11
136
103
-49
-85
-8
71
41
-62
-1
95
75
-56
-145
10
131
41
-89
-53
112
103
-82
-149
23
200
115
-104
-201
-47
202
258
-37
-285
-131
163
237
26
-191
-153
45
162
62
-82
-95
-10
76
49
-31
-27
-21
4
59
42
-25
-70
-7
68
55
-31
-146
-44
143
156
-48
-223
-111
157
206
2
-168
-141
19
109
80
40
-49
-121
-81
58
147
38
-112
-132
0
100
42
-62
-33
37
2
-105
-74
90
158
-34
-214
-42
162
78
-141
-143
78
220
7
-235
-184
88
244
62
-200
-224
29
242
101
-135
-121
-9
80
54
-15
-16
-1
13
-7
-15
35
52
-10
-87
-37
73
57
-5
-66
-74
-13
104
58
-14
-25
-6
-20
-48
0
83
85
-25
-100
-66
12
109
133
-13
-165
-164
54
227
137
-114
-228
-46
182
178
-18
-131
-87
58
90
27
-35
-19
47
21
-63
-43
11
55
30
12
25
-25
-46
-13
59
97
44
-85
-144
-2
209
179
-74
-258
-76
172
153
-5
-135
-91
45
70
7
-39
-17
39
-11
-40
4
73
3
-79
-13
85
41
-73
-14
55
16
-64
-91
12
113
61
-53
-110
-42
49
96
65
-58
-126
-99
45
165
129
-52
-222
-149
103
215
82
-160
-181
29
119
60
-80
-64
62
22
-112
-114
93
210
-33
-226
-64
178
136
-176
-204
93
259
40
-249
-228
94
262
85
-213
-216
11
221
134
-95
-152
-30
71
67
38
25
-35
-77
-26
66
74
33
-58
-89
-8
82
58
-38
-78
-32
-2
97
50
-70
-39
36
44
-46
-71
46
133
45
-116
-172
-13
200
188
-50
-249
-151
129
242
97
-144
-195
-48
157
189
-30
-163
-61
104
88
-44
-30
71
56
-45
-107
-10
94
55
-63
-48
99
91
-93
-160
5
229
182
-138
-267
-46
252
267
-80
-326
-108
250
214
-77
-197
-69
124
105
-40
-124
-12
106
50
-69
-83
41
87
-22
-67
1
68
16
-68
-32
62
46
-69
-89
33
122
71
-107
-167
-2
173
145
-49
-212
-124
106
182
72
-81
-151
-94
46
157
91
-81
-149
-60
88
96
-30
-79
-38
34
-5
-79
-6
119
25
-116
-75
73
85
-66
-137
-13
170
92
-123
-206
-52
200
148
-109
-224
-71
185
154
-45
-132
-80
41
102
55
-23
-59
-33
9
13
40
67
9
-95
-95
38
123
40
-101
-105
26
112
17
-76
-15
79
48
-105
-114
63
182
62
-137
-181
-31
165
183
0
-190
-178
40
207
168
-52
-211
-120
129
214
23
-150
-98
73
109
-6
-72
38
116
-11
-124
-26
94
75
-50
-78
71
130
-38
-157
-39
181
181
-52
-256
-114
219
298
19
-285
-195
152
223
25
-150
-128
28
90
25
-19
-30
-3
5
-31
20
53
-4
-60
-3
79
19
-65
-44
30
82
2
-110
-69
91
140
4
-154
-134
52
159
108
-69
-158
-118
46
181
121
-67
-191
-107
104
185
44
-140
-152
-8
102
79
-42
-57
-19
-2
-27
-71
6
127
19
-115
-60
84
93
-121
-142
60
175
21
-201
-173
68
216
74
-149
-215
-25
174
123
-43
-111
-94
27
92
100
-19
-91
-85
12
131
74
-37
-94
-62
47
74
-7
-59
-15
40
-27
-39
22
58
45
-3
-57
-58
2
81
76
1
-78
-88
-14
92
136
45
-146
-161
-13
180
206
-50
-236
-88
120
169
33
-124
-57
74
62
-55
-37
91
104
-54
-147
-19
162
61
-110
-100
120
180
-39
-217
-72
191
193
-29
-233
-133
170
298
57
-269
-225
88
232
112
-107
-168
-61
107
133
-13
-101
-56
55
78
-14
-87
-12
31
56
13
-32
-51
23
57
4
-34
-61
-47
45
112
55
-113
-164
-14
160
160
-25
-191
-168
54
224
130
-96
-218
-84
110
143
45
-99
-116
-22
64
70
-29
-45
-12
14
-23
-77
18
101
28
-128
-82
99
121
-70
-171
-20
183
118
-117
-207
-67
197
174
-75
-258
-135
183
233
2
-216
-159
101
199
50
-117
-128
30
118
38
-63
-31
41
32
-69
-28
37
37
-12
-52
-65
31
77
44
2
-39
-45
-32
24
56
41
20
-51
-93
-61
74
194
48
-158
-199
-7
226
172
-71
-220
-102
146
202
29
-158
-124
78
130
-3
-80
18
121
8
-158
-62
133
96
-62
-95
82
131
-30
-172
-72
167
215
-13
-241
-181
168
349
84
-310
-276
124
296
90
-165
-208
-2
144
93
-24
-101
-37
56
46
-20
-42
0
23
6
16
10
-21
-5
3
26
32
-58
-61
1
112
84
-71
-149
-76
132
182
20
-171
-191
-4
202
171
-33
-195
-136
52
165
94
-65
-138
-51
68
63
-19
-33
17
8
-68
-99
3
155
94
-138
-140
77
137
-48
-177
-24
191
142
-171
-272
-23
254
216
-153
-330
-83
246
218
-48
-210
-96
71
95
42
-12
-21
-38
-14
64
39
-1
-25
-43
-32
13
57
38
-57
-84
-37
91
112
-40
-77
0
66
-4
-96
-11
110
90
-54
-137
-61
95
179
23
-165
-140
23
140
102
-9
-102
-98
14
122
79
-13
-79
-63
42
69
6
18
52
-13
-105
-50
125
88
-54
-105
32
138
14
-148
-98
135
209
19
-212
-166
111
296
86
-258
-189
120
195
50
-135
-127
40
95
16
-44
-24
16
32
-24
-49
5
68
19
-53
-9
41
-5
-10
21
6
-21
-71
-37
71
119
34
-121
-163
12
169
135
-31
-188
-137
33
181
141
-46
-183
-111
60
160
47
-76
-107
-51
25
57
23
5
-34
-71
-45
-26
25
118
42
-178
-111
153
178
-108
-267
-16
276
161
-206
-331
3
293
189
-160
-299
-98
210
238
-41
-181
-132
41
147
85
-14
-79
-67
0
37
74
53
-35
-108
-66
78
95
-11
-65
-36
8
59
15
-45
8
70
23
-101
-95
59
177
62
-126
-164
-16
146
156
12
-140
-144
-22
125
165
32
-153
-170
38
196
118
-92
-156
-3
114
71
-28
-14
77
25
-84
-61
29
64
27
-62
22
78
14
-86
-98
72
186
67
-139
-184
38
240
172
-109
-277
-57
183
191
10
-184
-141
65
150
50
-91
-101
6
74
32
-44
-35
4
38
34
-15
-41
29
54
-16
-51
-48
-10
27
87
56
-68
-127
-59
98
138
29
-113
-176
-39
159
173
5
-139
-151
9
137
116
-37
-158
-81
46
85
15
-44
-32
3
-6
-88
-48
111
95
-75
-106
-7
109
-7
-140
-39
113
150
-72
-257
-93
183
210
-30
-250
-176
103
228
72
-130
-154
-33
113
132
20
-87
-102
-21
102
78
-5
-64
-61
11
66
18
-34
-29
28
-29
-25
28
17
23
21
20
-40
-99
-4
139
127
-58
-190
-102
109
225
62
-175
-212
0
199
171
-36
-183
-108
72
151
52
-56
-70
5
48
14
-9
62
61
-8
-75
-72
28
82
46
-61
-24
129
34
-136
-99
101
210
80
-183
-252
60
339
217
-214
-388
12
357
192
-158
-270
-30
198
111
-85
-92
7
84
14
-87
-21
79
22
-28
-14
10
7
19
17
-20
-17
-33
-50
36
57
43
-15
-84
-80
18
149
102
-87
-204
-106
152
248
52
-228
-207
32
204
117
-65
-168
-91
69
81
0
-46
-2
1
-46
-108
14
153
64
-138
-117
83
153
-72
-232
-29
224
170
-145
-303
-72
218
261
-56
-316
-189
149
280
41
-192
-162
23
152
69
-37
-51
-52
0
59
40
-21
-6
17
-46
-62
9
77
57
-67
-120
-4
108
63
-31
-29
7
-19
-55
-14
100
115
-35
-157
-118
74
202
90
-130
-189
-53
132
202
47
-173
-170
42
190
103
-95
-120
3
99
23
-22
34
73
2
-88
-46
14
48
48
-32
-21
74
42
-58
-88
5
160
134
-81
-244
-47
283
254
-114
-338
-79
254
207
-78
-204
-72
98
91
-1
-55
-36
30
41
-3
-48
-23
15
47
40
-11
-84
-17
98
43
-28
-83
-50
30
108
66
-47
-141
-88
79
166
45
-104
-169
-55
136
167
48
-127
-203
-23
162
142
-23
-176
-98
51
109
12
-75
-17
34
-12
-74
-81
67
130
-12
-95
-60
59
21
-113
-50
99
137
-63
-219
-88
150
184
-15
-217
-172
75
200
86
-89
-143
-64
69
140
62
-68
-123
-35
106
84
-17
-37
-33
-22
-8
15
52
34
-27
-86
-26
62
60
18
-33
-36
-12
4
8
42
62
12
-71
-103
-18
126
158
-14
-197
-173
74
262
145
-151
-268
-64
231
206
-62
-173
-38
115
69
-46
-18
73
64
-57
-142
34
132
19
-112
-34
154
84
-134
-197
43
299
149
-177
-292
-37
313
286
-89
-355
-132
206
261
23
-216
-170
46
139
44
-37
-51
-18
-1
15
16
8
-9
10
5
17
-21
-7
28
-12
19
-11
-61
-54
38
141
51
-149
-185
30
224
144
-114
-262
-86
161
218
56
-163
-207
-24
167
148
-34
-166
-112
62
119
24
-79
-47
28
8
-80
-89
85
137
-45
-143
-24
113
40
-132
-86
98
156
-35
-209
-141
113
238
35
-224
-244
67
276
137
-134
-227
-54
175
173
-30
-168
-54
133
89
-46
-113
22
123
5
-124
-83
89
150
-2
-165
-114
144
141
-59
-92
14
56
-27
-62
26
131
57
-118
-163
-27
204
204
-77
-282
-144
187
271
29
-210
-197
63
207
92
-90
-99
24
76
-23
-24
40
87
26
-120
-83
86
94
-24
-84
8
156
10
-152
-94
120
183
39
-130
-174
-10
232
220
-64
-288
-114
162
215
34
-193
-161
52
165
55
-89
-85
17
85
8
-84
-50
81
103
-4
-133
-85
124
145
-42
-144
-70
80
66
-8
6
21
-37
-103
-22
119
120
-22
-179
-169
61
232
162
-102
-280
-82
154
195
13
-179
-138
50
101
0
-68
18
44
-50
-110
-68
119
171
-56
-196
-27
168
70
-189
-153
113
232
-7
-288
-174
147
288
40
-281
-258
73
314
109
-176
-191
-16
133
116
-6
-82
-50
29
34
10
2
36
25
-90
-106
45
134
53
-78
-112
-40
95
52
-17
-14
32
1
-91
-43
108
116
5
-132
-153
37
202
136
-84
-200
-99
91
195
90
-115
-164
-55
138
171
-5
-131
-47
82
53
-36
-4
79
58
-75
-126
29
111
27
-67
-24
111
70
-106
-119
29
202
126
-124
-234
-48
258
298
-63
-338
-158
222
256
-9
-205
-139
85
141
15
-88
-63
47
73
-26
-89
3
68
31
-6
-20
-35
2
88
46
-78
-84
-38
51
89
40
-35
-111
-66
53
101
69
-50
-124
-71
42
129
96
-73
-148
-80
65
158
73
-95
-164
-58
100
99
-12
-90
-20
17
-49
-75
42
142
3
-139
-45
78
61
-111
-121
70
194
31
-250
-226
133
326
61
-310
-327
75
388
163
-220
-263
-18
211
148
-43
-115
-58
37
63
15
-26
24
24
-44
-81
5
117
54
-102
-134
21
156
32
-97
-33
86
44
-95
-93
59
166
55
-135
-157
-9
166
180
-39
-202
-160
81
225
122
-121
-212
-38
184
165
-37
-149
-34
110
56
-66
-41
94
113
-56
-122
-16
50
39
3
-13
56
48
-53
-116
19
175
127
-74
-250
-75
264
272
-60
-322
-153
212
248
-8
-194
-144
59
145
54
-103
-100
36
94
23
-83
-76
41
109
34
-94
-107
31
146
50
-104
-125
-14
100
71
7
-50
-59
-31
13
61
45
11
-87
-148
-10
160
175
-16
-210
-168
72
201
90
-125
-188
-28
137
99
-66
-89
2
42
-54
-110
34
174
15
-136
-66
74
64
-105
-104
83
186
-2
-233
-182
111
262
86
-232
-280
45
278
146
-139
-191
-49
124
134
18
-60
-68
-33
54
56
34
-24
-46
-35
11
26
37
13
-20
-55
-54
73
49
-20
-9
17
28
-51
-88
45
123
65
-85
-160
-35
147
185
-12
-201
-146
55
194
99
-84
-153
-54
90
150
30
-80
-63
10
44
-5
4
63
67
-40
-105
-20
44
56
26
-65
25
80
-29
-117
-15
138
160
-25
-218
-166
161
348
73
-300
-265
121
286
86
-176
-187
16
135
66
-38
-59
-19
26
4
-22
20
17
-4
-1
0
5
-3
35
-7
-36
19
-30
-54
1
104
114
-75
-222
-78
224
229
-57
-277
-157
128
260
99
-136
-212
-83
124
176
28
-111
-162
-10
99
63
-39
-36
20
2
-72
-90
57
154
-5
-132
-41
77
45
-111
-94
98
178
-17
-234
-161
122
270
56
-263
-275
51
307
149
-138
-197
-67
110
131
25
-47
-63
-38
26
76
16
-24
0
-26
-44
15
53
12
-43
-51
16
71
8
-64
1
85
26
-127
-117
66
199
79
-157
-203
-31
197
221
-38
-240
-187
66
239
147
-92
-207
-78
135
148
11
-89
-73
48
53
-26
-3
75
72
-48
-98
-7
67
30
-45
-26
120
107
-114
-188
5
227
156
-69
-206
-113
144
283
89
-233
-260
48
234
141
-104
-204
-29
115
111
14
-76
-74
1
38
30
0
-12
-12
24
19
-44
-26
58
29
-18
-40
-55
-17
46
107
53
-93
-147
-47
151
182
-22
-205
-175
86
211
118
-110
-193
-74
97
155
34
-118
-131
6
105
66
-77
-60
34
29
-74
-113
49
171
-4
-125
-46
66
54
-106
-98
85
145
-17
-172
-134
61
179
94
-147
-245
-55
185
189
-17
-162
-133
23
168
125
-36
-157
-119
93
169
3
-105
-49
45
42
-40
-43
46
60
-29
-80
-1
57
5
0
19
43
-59
-115
20
162
103
-97
-188
-67
160
219
15
-212
-195
43
203
147
-62
-170
-91
93
167
41
-125
-77
82
88
-54
-70
77
144
8
-160
-87
85
90
26
-52
31
74
-40
-127
-19
179
166
-57
-256
-115
214
316
7
-290
-203
114
245
90
-142
-180
-19
134
92
-19
-90
-70
60
80
-16
-70
-33
60
86
-3
-100
-52
79
68
-23
-63
-64
11
59
50
32
-54
-109
-49
72
131
46
-116
-183
-52
170
210
-2
-207
-199
48
238
114
-128
-198
-38
129
72
-41
-83
12
61
-50
-130
-34
167
104
-102
-134
27
105
-42
-141
5
166
60
-164
-194
28
219
140
-130
-275
-133
205
264
-14
-213
-172
72
197
101
-73
-152
-35
100
90
-43
-73
18
66
-16
-72
-41
85
103
-60
-130
0
67
47
12
9
-14
-91
-64
68
149
81
-112
-180
-59
157
218
-2
-204
-172
22
203
155
-42
-189
-103
84
165
47
-100
-74
49
51
-11
-32
79
116
-44
-178
-35
156
102
-84
-121
75
181
-14
-222
-92
198
247
-3
-267
-211
152
373
151
-268
-337
49
301
155
-116
-217
-59
130
93
-19
-37
-17
15
-26
-32
29
75
-6
-50
4
4
26
11
-33
-11
23
-10
-31
-26
64
76
-51
-139
-57
131
131
9
-124
-157
-15
145
150
24
-158
-156
-12
156
128
-42
-133
-83
61
91
-49
-80
60
62
-94
-163
9
209
116
-161
-166
54
159
-48
-212
-10
221
128
-181
-296
8
313
199
-211
-348
-63
286
246
-109
-257
-58
132
128
0
-76
-18
11
-20
18
21
6
5
7
-44
-75
15
111
38
-79
-113
32
115
7
-32
-8
7
-35
-65
20
97
76
-38
-135
-80
67
187
83
-149
-209
-7
178
162
-23
-149
-109
53
150
49
-71
-69
12
67
18
-24
8
66
39
-48
-64
-1
14
49
24
-1
35
-33
-80
4
104
120
7
-151
-158
66
280
160
-175
-273
-16
247
187
-99
-257
-72
146
170
-18
-130
-75
47
88
1
-60
-36
36
94
18
-111
-70
89
113
-18
-88
-63
-18
51
85
48
-47
-114
-65
57
143
81
-104
-213
-63
150
212
20
-179
-158
20
173
106
-65
-161
-75
86
79
-34
-57
10
20
-60
-114
0
165
100
-136
-147
50
155
-1
-180
-84
155
144
-81
-223
-97
179
226
-51
-287
-189
159
269
35
-173
-160
-19
162
137
-5
-121
-98
27
79
44
-17
-35
-12
-12
22
8
-1
18
-25
-45
18
39
-15
-9
37
33
-49
-77
-6
96
97
-15
-112
-121
36
202
112
-112
-211
-61
144
189
52
-148
-170
16
184
123
-73
-121
-23
87
46
-14
4
42
12
-33
-29
-39
-15
77
56
14
-1
-54
-39
0
70
115
63
-111
-201
3
275
226
-164
-344
-21
294
171
-98
-214
-56
127
108
-35
-112
-24
92
51
-61
-108
25
107
71
-51
-110
-45
112
116
-47
-121
-52
51
72
38
-45
-44
-33
-13
43
52
16
-20
-87
-90
40
151
88
-93
-172
-48
135
154
-29
-166
-98
58
111
-26
-91
10
46
-23
-106
-35
113
89
-85
-84
21
97
-45
-193
6
209
147
-160
-306
-67
283
265
-120
-394
-141
260
310
-28
-257
-154
69
191
90
-78
-105
-22
62
78
-24
-51
17
44
-23
-59
19
57
17
-42
-87
22
106
-9
-59
15
74
1
-116
-51
105
159
-2
-176
-136
53
208
149
-105
-255
-99
170
224
21
-178
-153
53
181
78
-67
-73
8
63
-23
-40
82
119
-16
-160
-80
82
116
24
-88
-38
111
51
-79
-100
35
184
96
-158
-218
39
315
184
-190
-314
-10
281
160
-111
-175
-34
116
62
-61
-51
11
45
14
-46
-39
47
39
3
-38
-28
1
51
57
-37
-46
-25
-25
10
48
76
-2
-113
-128
33
172
119
-101
-211
-73
135
188
54
-133
-164
-22
130
125
-5
-137
-105
9
62
22
-7
-16
8
-42
-100
-39
136
113
-77
-112
-6
62
-33
-102
0
134
93
-107
-208
-61
178
224
-60
-314
-187
190
298
10
-225
-172
66
211
91
-104
-143
-10
111
58
-50
-75
44
100
-32
-129
-39
113
98
-55
-110
6
80
10
-62
19
125
-12
-175
-81
163
213
-1
-215
-195
85
255
134
-137
-228
-96
133
226
73
-171
-191
11
165
98
-2
-77
-43
36
31
7
3
59
13
-53
-6
23
-13
-16
28
85
69
-59
-154
-65
171
228
-7
-216
-173
70
272
187
-127
-293
-78
204
225
22
-233
-167
96
163
25
-106
-62
54
69
-8
-69
-31
57
69
-1
-59
-77
41
108
34
-39
-91
-73
13
103
128
-26
-165
-134
79
221
88
-173
-220
-13
188
159
-31
-170
-96
37
85
63
-12
-56
-74
-46
65
66
-18
-52
-25
-1
-54
-58
53
111
13
-57
-97
-9
31
-35
-3
62
76
-64
-181
-68
138
206
-28
-274
-183
126
288
61
-201
-170
14
151
107
-32
-83
-51
18
66
13
-39
0
45
-22
-96
3
114
75
-87
-141
16
118
20
-36
-3
46
4
-100
-46
90
146
23
-178
-157
75
219
103
-123
-201
-70
123
188
51
-125
-133
-22
120
123
1
-93
-41
49
44
-37
5
89
56
-72
-129
15
84
45
-7
-17
61
22
-102
-91
72
184
75
-150
-212
-6
304
244
-135
-335
-83
268
226
-55
-223
-130
100
164
8
-113
-73
51
57
0
-73
-40
58
104
-19
-112
-48
93
79
-52
-24
-4
-55
-37
24
126
53
-118
-151
-11
177
158
-61
-239
-143
131
243
83
-146
-210
-59
153
181
-6
-176
-140
36
124
30
-83
-51
47
31
-87
-87
57
122
-3
-110
-44
62
75
-96
-112
90
172
-22
-201
-170
93
268
68
-240
-264
37
262
169
-94
-210
-85
135
164
13
-142
-93
34
107
70
-54
-52
23
34
-39
-47
41
82
-28
-117
-15
94
46
-43
-10
48
11
-76
-76
60
147
70
-126
-216
-43
255
247
-60
-322
-183
187
313
21
-261
-181
125
229
35
-150
-98
93
113
-32
-105
23
156
78
-154
-137
61
125
12
-75
-17
91
52
-99
-118
83
208
75
-157
-242
16
300
226
-134
-327
-76
255
217
-38
-250
-142
112
175
31
-133
-94
52
76
6
-81
-25
69
39
-17
-40
-29
24
32
21
19
-45
-82
-13
89
124
0
-150
-149
44
186
137
-97
-239
-97
161
202
57
-147
-175
-10
122
92
-14
-97
-46
6
38
-10
-26
23
20
-12
-98
-113
78
186
17
-165
-97
92
114
-97
-144
49
191
2
-247
-158
157
287
19
-301
-244
85
314
125
-206
-202
32
183
90
-68
-82
-16
29
26
-36
9
77
32
-74
-99
-6
100
107
-48
-148
-35
109
42
-50
-6
92
34
-156
-136
113
241
71
-237
-230
74
260
130
-129
-218
-92
112
188
81
-94
-157
-49
112
124
-10
-64
-32
32
29
-16
7
61
66
-39
-106
-10
49
46
32
0
27
-3
-78
-39
63
126
57
-86
-172
-42
219
253
-61
-283
-149
207
266
-30
-228
-144
105
150
16
-80
-72
31
74
-29
-58
-4
54
52
-16
-66
-41
62
78
-13
-28
-30
-76
-17
78
120
20
-153
-151
34
180
130
-65
-184
-83
51
126
105
-16
-157
-149
52
190
84
-90
-174
-41
72
82
-4
-44
-28
-31
-68
-19
60
96
-24
-113
-26
84
37
-120
-124
100
210
13
-263
-229
129
311
76
-271
-304
46
340
167
-170
-254
-44
190
156
-28
-113
-95
35
94
45
-57
-27
44
19
-59
-57
46
98
9
-105
-77
65
89
10
-34
-6
16
-39
-63
18
121
94
-62
-192
-99
169
242
5
-247
-213
106
268
110
-136
-203
-33
144
154
-1
-120
-63
82
77
-29
-31
63
79
-41
-95
-17
45
66
16
-29
26
40
-40
-105
3
172
144
-64
-230
-115
214
324
24
-321
-239
154
314
71
-235
-217
69
200
72
-130
-121
60
113
-6
-113
-25
66
55
-14
-72
-35
70
72
3
-26
-91
-60
20
72
77
-10
-84
-81
-4
88
91
10
-130
-166
29
198
128
-82
-185
-80
72
144
50
-102
-122
-29
63
64
-28
-43
18
23
-75
-121
33
178
61
-133
-120
51
90
-91
-87
75
163
-26
-229
-137
113
239
61
-269
-262
71
299
143
-175
-219
-23
156
154
-7
-97
-89
-11
103
75
-32
-64
6
31
-27
-52
42
67
14
-94
-67
71
49
-12
-16
18
32
-67
-99
49
147
87
-107
-202
-52
197
218
-23
-240
-164
68
216
145
-97
-204
-68
148
176
-24
-128
-29
87
61
-71
-36
90
97
-34
-134
-29
52
69
31
-53
40
41
-57
-90
32
187
109
-114
-216
-79
200
304
35
-292
-245
151
276
48
-173
-162
24
143
65
-41
-82
-31
45
38
-25
-31
24
59
7
-72
-56
39
116
-5
-94
-21
13
20
-11
20
69
-5
-105
-106
58
179
85
-152
-235
-8
246
201
-78
-240
-118
104
186
39
-124
-132
1
83
17
-45
-19
54
-7
-115
-110
70
203
30
-172
-100
84
111
-93
-143
41
187
43
-202
-205
78
267
96
-236
-275
41
287
146
-157
-205
-31
157
123
-23
-106
-51
37
67
23
-35
-31
33
13
-56
-39
16
78
19
-82
-64
58
47
-41
-25
76
66
-94
-142
28
184
116
-86
-230
-91
196
243
-16
-240
-176
84
228
130
-91
-223
-94
131
204
30
-122
-82
41
73
-4
-20
67
62
-44
-90
-32
24
73
34
-8
5
-3
-34
-29
29
97
85
-56
-155
-67
139
222
41
-201
-188
77
218
106
-137
-212
-11
152
113
-55
-127
-17
70
65
-36
-89
-5
90
76
-24
-132
-42
121
103
-20
-104
-95
14
90
86
17
-88
-105
-23
74
129
44
-134
-183
1
183
161
-18
-194
-148
49
172
105
-94
-161
-53
66
97
-17
-74
1
32
-56
-96
13
141
42
-72
-75
-6
53
-40
-114
32
176
66
-185
-219
15
264
185
-183
-340
-88
278
286
-63
-275
-150
127
215
56
-106
-121
-13
92
73
-24
-63
6
50
-35
-81
14
118
46
-117
-99
62
84
-4
-39
43
50
-76
-133
11
171
140
-65
-219
-94
154
228
40
-214
-210
25
214
166
-72
-197
-61
128
141
-11
-81
-29
58
47
-56
-28
80
90
5
-103
-64
23
62
41
-23
17
42
-39
-77
9
123
115
-41
-173
-114
138
289
85
-261
-251
90
296
115
-187
-231
-4
193
132
-91
-179
-23
167
77
-123
-139
49
156
62
-139
-127
71
188
12
-165
-59
52
25
-26
8
91
20
-126
-141
66
218
75
-174
-221
-9
220
176
-42
-202
-138
64
162
66
-88
-134
-25
83
30
-56
-24
53
28
-115
-143
42
197
50
-148
-88
56
90
-65
-126
49
156
24
-189
-169
60
219
109
-165
-278
-64
258
258
-102
-292
-113
174
213
-3
-132
-81
73
80
-28
-66
-9
80
59
-75
-100
21
124
47
-89
-75
47
53
-19
-14
63
42
-82
-116
0
168
153
-58
-221
-138
126
270
87
-202
-261
9
240
159
-43
-182
-107
93
151
32
-93
-38
63
38
-80
-11
140
116
-71
-167
-19
107
36
-15
-22
52
80
-50
-138
-18
156
162
-25
-229
-141
173
310
79
-243
-252
80
231
95
-107
-151
-20
80
53
-20
-42
1
42
-12
-33
-49
21
97
41
-72
-119
23
151
48
-80
-101
-16
44
19
34
38
-25
-99
-92
67
164
57
-145
-178
-7
160
164
-15
-178
-115
42
141
68
-61
-84
-41
8
19
-7
7
28
-34
-97
-65
40
120
55
-100
-106
4
115
3
-134
-32
121
123
-108
-230
-14
214
132
-163
-235
-23
186
173
-86
-161
-36
78
92
-30
-61
34
33
-9
-47
-6
28
45
-4
-64
-66
37
109
28
-94
-84
60
58
-24
-19
41
68
-51
-139
-36
164
187
-61
-272
-128
186
271
25
-227
-216
48
234
128
-116
-160
-16
134
92
-66
-78
49
94
-9
-101
-15
142
110
-43
-118
-16
36
-11
19
78
70
-4
-151
-104
107
206
75
-148
-189
18
202
185
-39
-201
-143
104
202
24
-116
-101
-1
92
54
-29
-66
-29
34
38
-11
-32
-10
40
69
-21
-101
-30
107
64
-30
-41
-77
-28
41
84
75
-71
-126
-45
70
117
53
-85
-145
-66
101
178
64
-120
-192
-38
143
127
2
-137
-86
27
46
3
-4
14
-15
-75
-100
12
129
73
-81
-99
24
55
-30
-101
26
127
58
-119
-185
-46
182
206
-86
-303
-126
189
232
-7
-193
-136
58
152
58
-40
-75
-23
30
26
4
-20
36
21
-61
-60
28
106
32
-87
-92
26
77
11
-22
58
29
-78
-111
24
149
107
-69
-189
-91
134
213
61
-157
-176
-12
137
128
-11
-117
-84
46
95
41
-30
-40
11
34
3
-12
49
71
-9
-80
-32
-12
16
89
54
-42
-17
-6
-43
-23
84
124
7
-142
-127
86
231
108
-137
-264
-15
275
173
-123
-248
-57
163
135
-57
-138
-23
100
60
-73
-115
19
116
77
-69
-131
11
138
33
-70
-52
1
-17
3
48
48
4
-53
-105
-30
126
153
-51
-219
-101
132
205
68
-164
-197
-10
152
138
-26
-154
-81
30
79
2
-48
2
35
-49
-125
-41
166
129
-91
-133
-11
95
-5
-118
-21
138
120
-127
-240
-34
213
207
-112
-309
-80
212
207
-44
-195
-101
55
158
80
-55
-109
-15
76
52
-32
-40
42
38
-44
-74
8
92
56
-45
-151
-15
127
65
-42
-39
61
13
-101
-50
104
157
27
-182
-173
36
260
149
-161
-270
-67
225
224
-38
-226
-119
97
180
37
-106
-62
51
79
-38
-54
77
115
-17
-133
-45
60
26
8
15
36
66
-66
-146
-13
183
196
-67
-262
-111
189
269
36
-229
-193
83
220
67
-104
-138
-30
85
63
-41
-44
-3
32
11
-38
-49
8
81
64
-46
-126
-28
96
95
12
-48
-88
-59
35
104
88
-46
-148
-70
62
125
75
-73
-160
-79
106
187
54
-130
-171
-15
116
102
-12
-116
-48
48
10
-45
-1
58
37
-92
-135
-21
129
125
-44
-105
-55
37
83
-63
-94
85
126
-22
-206
-151
134
233
15
-242
-193
89
232
76
-118
-168
-40
108
154
0
-102
-61
29
51
37
-8
-24
-13
-28
1
20
34
8
-51
-66
35
72
-17
-58
38
100
-8
-137
-88
97
176
41
-157
-184
18
233
159
-93
-267
-113
179
246
33
-196
-169
30
153
103
-23
-79
-14
21
12
33
51
25
-36
-36
33
-23
-70
28
110
74
-27
-91
-82
12
139
148
-28
-180
-104
127
217
71
-149
-200
9
165
127
-35
-152
-105
88
126
1
-95
-39
37
53
-10
-60
-11
65
72
-49
-110
-4
133
62
-56
-85
-21
16
12
20
71
11
-97
-97
24
126
109
-60
-187
-94
117
176
38
-135
-143
-32
102
141
10
-141
-98
2
82
34
-35
-27
19
3
-101
-104
81
160
17
-124
-129
42
109
-49
-93
44
113
-6
-180
-137
123
259
17
-305
-232
120
294
92
-199
-193
3
176
133
-63
-119
-51
73
87
-10
-72
-31
61
29
-81
-49
60
90
9
-90
-60
-3
53
68
8
-14
-18
-56
-39
45
119
58
-101
-161
-36
173
193
-30
-194
-158
46
205
127
-74
-178
-85
129
169
-8
-98
-49
57
35
-27
8
78
65
-55
-104
-8
33
62
78
6
-35
-40
-38
-5
56
109
51
-109
-122
31
187
147
-87
-199
-64
161
132
-13
-126
-110
38
110
37
-61
-66
-1
58
21
-55
-52
38
112
17
-125
-96
97
144
-22
-114
-68
51
63
-40
-10
69
16
-88
-113
60
160
48
-147
-195
22
225
165
-112
-244
-92
159
188
1
-184
-117
84
90
-50
-52
29
58
-46
-144
-65
117
130
-31
-94
-44
37
52
-82
-94
94
150
-29
-199
-141
106
234
35
-226
-205
52
206
114
-90
-135
-51
69
106
58