#4
468
-781
-853
479
1002
-59
-948
-390
712
707
-413
-887
26
937
399
-789
-753
428
935
28
-869
-494
607
846
-220
-927
-186
800
545
-499
-771
143
907
297
-791
-610
548
885
-98
-852
-331
680
722
-283
-858
-109
857
525
-615
-760
261
874
181
-794
-550
550
857
-153
-959
-274
787
639
-441
-851
48
882
383
-715
-720
410
935
27
-910
-438
685
811
-238
-945
-164
881
579
-572
-803
225
892
254
-777
-646
542
964
-54
-977
-422
769
805
-312
-908
-147
854
556
-579
-779
231
851
181
-751
-546
487
817
-77
-866
-348
670
647
-315
-770
-113
661
444
-464
-678
191
741
105
-684
-436
444
630
-101
-684
-224
651
511
-425
-640
151
687
215
-564
-527
357
723
-13
-717
-292
574
579
-261
-704
-88
671
438
-473
-671
218
726
71
-665
-363
467
595
-182
-725
-170
633
452
-415
-605
84
605
194
-475
-415
267
572
-44
-637
-209
529
470
-276
-629
-51
648
384
-467
-584
215
680
97
-603
-324
477
552
-190
-656
-91
690
421
-488
-609
184
724
222
-578
-524
353
739
6
-723
-310
557
560
-233
-682
-74
672
400
-518
-613
205
695
149
-600
-459
373
640
-53
-709
-250
618
531
-366
-671
19
701
390
-526
-651
284
782
82
-687
-379
500
659
-151
-779
-177
773
599
-496
-839
131
898
359
-650
-691
337
881
67
-826
-424
574
664
-231
-777
-172
717
559
-482
-809
129
844
256
-690
-609
341
781
10
-785
-367
605
611
-335
-769
-47
697
423
-479
-696
145
816
225
-694
-527
413
682
-4
-679
-331
564
639
-275
-771
-79
747
448
-502
-700
154
828
241
-734
-572
485
719
-131
-749
-247
603
529
-391
-715
58
719
268
-598
-532
285
611
57
-557
-345
362
510
-146
-573
-100
530
355
-346
-554
84
628
242
-520
-438
320
552
-42
-510
-182
398
428
-219
-523
63
576
175
-446
-342
285
523
24
-507
-261
439
478
-224
-539
-9
498
274
-355
-457
174
584
79
-555
-343
372
514
-96
-541
-196
424
433
-235
-547
29
539
223
-407
-422
193
573
112
-561
-337
468
528
-200
-558
-64
513
331
-329
-509
135
649
150
-595
-389
395
605
-50
-653
-265
586
517
-330
-608
21
580
242
-421
-449
197
579
67
-623
-350
482
550
-230
-643
-143
531
430
-328
-637
7
631
250
-495
-503
212
633
119
-596
-397
402
584
-136
-610
-186
515
466
-253
-606
-16
621
290
-479
-468
278
580
5
-546
-302
377
549
-137
-647
-165
567
412
-380
-581
72
575
185
-500
-440
309
599
-48
-627
-252
445
470
-158
-604
-143
537
366
-361
-492
124
503
115
-406
-331
281
510
-65
-529
-140
428
318
-203
-400
21
413
217
-332
-317
226
396
-12
-377
-147
313
337
-122
-425
-61
432
274
-295
-400
76
406
171
-337
-338
210
438
-31
-472
-178
361
343
-183
-434
-42
450
261
-385
-392
210
414
19
-364
-205
306
414
-145
-472
-43
456
247
-285
-356
110
387
99
-329
-220
293
359
-178
-400
-42
413
287
-254
-473
50
517
206
-390
-381
189
448
22
-411
-266
298
415
-173
-500
-45
478
259
-386
-482
124
533
144
-471
-418
253
518
-34
-542
-224
432
417
-232
-524
-57
519
301
-403
-472
175
557
129
-484
-362
332
542
-97
-569
-118
500
349
-321
-535
55
595
230
-484
-471
206
537
54
-494
-300
275
420
-64
-497
-195
439
365
-289
-493
-17
481
302
-384
-511
144
563
86
-495
-284
290
426
-33
-476
-207
419
400
-240
-483
-1
461
257
-294
-412
82
480
169
-335
-298
203
384
-17
-348
-127
291
312
-133
-379
-35
355
226
-236
-338
91
348
78
-301
-213
203
289
-90
-327
-65
302
201
-206
-356
37
403
143
-341
-310
171
387
14
-344
-145
297
294
-169
-366
22
395
152
-293
-273
174
367
5
-367
-95
316
182
-184
-216
70
287
73
-258
-204
170
292
-17
-291
-100
209
174
-81
-197
-28
182
104
-210
-211
116
255
-46
-276
-133
184
249
-76
-340
-99
284
210
-235
-297
74
303
79
-280
-201
190
291
-83
-313
-65
286
201
-135
-257
-17
260
177
-214
-247
132
281
-20
-280
-115
250
232
-127
-317
-61
273
171
-182
-271
22
227
98
-207
-225
139
280
-35
-324
-197
253
363
-81
-451
-175
378
359
-205
-448
-10
392
203
-278
-336
147
409
25
-384
-203
273
365
-47
-408
-179
334
393
-107
-426
-71
359
235
-192
-312
54
369
110
-351
-246
274
390
-82
-411
-104
329
276
-170
-373
-13
372
161
-317
-277
154
314
58
-351
-255
290
415
-108
-445
-86
355
265
-176
-353
-4
393
188
-296
-322
174
416
34
-369
-236
258
392
-41
-347
-130
250
241
-130
-256
32
283
88
-240
-205
156
317
-51
-334
-113
266
220
-139
-240
-17
201
97
-168
-171
96
171
-62
-211
-82
176
175
-101
-262
-48
240
140
-188
-205
50
222
81
-199
-188
132
254
-58
-238
-53
208
201
-98
-299
-12
330
139
-219
-215
67
231
58
-212
-155
180
240
-101
-323
-52
269
156
-193
-242
26
240
75
-230
-181
153
207
-40
-253
-119
226
257
-123
-387
-37
358
194
-240
-281
66
293
104
-232
-205
157
270
-49
-286
-38
280
196
-172
-288
67
347
132
-244
-255
137
300
23
-256
-117
222
219
-96
-270
-26
291
163
-213
-256
84
281
104
-225
-251
80
305
39
-283
-177
186
274
-73
-307
-79
288
214
-209
-309
69
323
93
-221
-194
109
250
30
-228
-122
193
218
-43
-263
-101
276
270
-109
-295
-65
261
179
-128
-198
6
195
101
-146
-181
123
217
-41
-223
-66
146
157
-36
-199
-83
162
119
-97
-136
-32
61
56
-40
-115
10
99
-37
-108
-1
73
13
-44
-52
-19
57
39
-75
-58
96
75
-86
-67
55
78
25
-93
-77
71
142
5
-119
-89
64
127
5
-128
-47
115
103
-115
-194
46
197
44
-202
-167
98
179
-28
-171
-54
127
66
-136
-120
124
137
-66
-195
-65
173
156
-101
-222
21
212
68
-147
-129
104
196
-26
-202
-87
211
215
-86
-252
-67
233
261
-97
-321
-42
305
200
-159
-253
61
296
92
-238
-210
179
298
-61
-290
-62
222
194
-113
-291
-50
301
132
-221
-218
84
236
49
-225
-191
172
291
-32
-310
-118
234
226
-76
-218
-62
200
174
-126
-183
90
222
22
-198
-127
126
257
66
-237
-239
144
309
24
-239
-158
123
247
-6
-228
-55
209
135
-162
-204
37
214
92
-184
-203
55
223
52
-194
-177
83
199
-23
-210
-84
146
89
-121
-129
50
126
-7
-156
-82
130
159
-92
-189
28
192
51
-144
-130
87
197
18
-182
-87
98
161
-10
-156
-76
83
121
8
-136
-54
109
47
-114
-75
74
85
-49
-130
-35
97
82
-105
-142
54
120
-34
-115
-3
74
58
-36
-119
-10
148
29
-135
-80
64
87
23
-46
-61
23
86
-22
-91
41
165
-36
-128
17
132
111
-40
-143
-34
149
100
-74
-94
41
87
51
-35
-91
15
148
14
-152
-40
115
64
-33
-110
-49
101
131
-62
-163
-15
138
44
-121
-94
54
156
43
-191
-133
156
198
-16
-167
-84
122
198
-51
-190
21
194
48
-154
-70
105
137
49
-129
-153
116
227
-8
-169
-67
107
127
-31
-128
-48
144
67
-142
-118
78
124
27
-106
-144
13
170
62
-160
-127
24
104
42
-100
-93
66
77
-73
-121
1
107
30
-87
-101
55
132
1
-132
-19
117
54
-86
-61
52
95
16
-98
-70
60
115
29
-129
-86
78
124
16
-101
-68
67
53
-56
-114
15
103
20
-102
-123
3
125
63
-109
-137
18
103
4
-43
-42
-19
40
-19
-48
17
46
-19
-48
-33
31
82
22
-64
-37
63
55
-69
-58
80
66
-17
-67
-22
102
120
-57
-161
26
196
68
-124
-66
53
116
47
-91
-118
80
162
-52
-150
-4
114
90
-92
-172
3
178
72
-161
-115
63
103
1
-101
-60
83
119
-58
-146
-7
169
110
-77
-153
13
189
90
-132
-122
91
174
-3
-157
-52
118
192
8
-276
-95
237
234
-94
-271
-49
241
162
-126
-235
41
244
37
-195
-121
94
187
-6
-208
-115
132
160
-82
-216
-54
148
117
-93
-178
-19
138
50
-141
-105
69
91
-5
-84
-76
49
127
-12
-115
-30
85
52
-30
-48
7
43
54
-30
-101
26
159
19
-144
-64
91
113
-31
-151
-76
128
95
-126
-116
78
78
-15
-81
-74
59
147
-31
-179
-63
90
76
19
-91
-116
25
93
7
-56
-24
41
10
-31
-17
17
45
28
-54
-40
42
53
8
-18
-28
13
54
41
7
2
-11
-23
7
75
32
-40
-9
42
15
-18
-9
19
24
-2
-45
-8
40
41
-8
-45
-35
-13
54
45
-33
-65
23
44
-28
-45
-13
79
64
-73
-151
25
165
47
-61
-85
-3
93
96
-35
-128
0
164
41
-129
-47
107
125
-20
-172
-73
176
190
-79
-235
-16
183
121
-101
-163
2
203
84
-197
-165
115
188
6
-186
-159
82
212
-10
-226
-112
145
138
-60
-160
-58
109
87
-85
-140
30
150
4
-157
-71
93
117
-30
-146
-66
124
163
-62
-161
-9
139
96
-55
-170
-9
212
102
-174
-173
89
201
18
-181
-126
78
157
-43
-171
-19
128
36
-114
-128
37
161
33
-199
-160
77
172
36
-137
-161
40
199
38
-203
-88
168
113
-100
-114
26
126
56
-94
-112
27
118
34
-45
-19
-21
36
74
16
-34
-16
42
19
16
11
-1
39
47
-30
-48
60
38
-35
-11
16
-12
10
49
-6
-50
-25
-17
12
47
17
-47
-40
-4
-3
28
45
-22
-42
15
13
3
6
73
13
-68
-39
69
76
14
-42
-21
57
24
-48
1
78
58
-20
-89
-10
83
101
-20
-111
-39
89
90
-21
-58
-29
15
38
5
-55
2
54
9
-80
-64
26
85
6
-113
-105
38
97
19
-69
-114
-48
108
85
-126
-123
93
93
-55
-74
11
55
54
-61
-108
29
165
33
-137
-66
88
97
-5
-115
-46
127
108
-114
-166
42
168
46
-115
-142
-9
163
55
-150
-118
112
109
-74
-149
-48
130
155
-102
-229
-43
175
130
-106
-164
-3
111
79
-57
-128
5
103
3
-80
-18
64
99
-27
-118
-24
112
76
-33
-48
-6
30
54
53
-24
-37
20
26
11
21
4
5
9
23
-22
4
56
2
-45
-11
20
28
9
-19
-18
4
22
-9
-32
-18
12
25
18
-72
-70
71
116
-1
-105
-74
43
71
74
-34
-103
14
73
25
-5
36
-12
-15
36
-1
-12
47
105
-9
-116
-14
78
81
20
-92
-85
74
95
-17
-61
3
-27
27
62
-53
-74
34
69
-7
-82
-58
57
95
-28
-185
-56
131
88
-96
-122
-2
81
37
-68
-99
38
95
-41
-94
10
73
28
-20
-79
-44
76
79
-28
-63
10
86
63
-77
-92
35
143
-7
-169
-52
136
120
-43
-140
-64
52
102
-40
-119
-21
91
1
-106
-51
59
80
-13
-143
-65
97
142
-24
-170
-83
87
152
-7
-169
-75
125
95
-75
-105
39
104
32
-79
-106
20
165
72
-113
-127
37
124
108
-54
-164
-3
201
75
-123
-81
72
126
57
-119
-116
125
157
-68
-175
-15
138
88
-101
-160
11
192
53
-189
-113
104
147
-27
-164
-62
151
150
-64
-214
-46
177
147
-64
-147
-48
143
136
-66
-156
16
158
54
-108
-61
64
116
54
-94
-143
36
198
64
-106
-108
7
118
78
-70
-84
41
73
-32
-51
-17
40
50
-11
-90
-61
52
65
-16
-77
-124
-1
141
54
-128
-123
21
77
15
-66
-69
33
80
-40
-90
18
90
-6
-30
-27
-16
39
66
-13
-63
-8
53
29
-20
-35
-32
48
79
-68
-109
56
100
1
-75
-66
-9
67
30
-66
-47
27
-20
-44
17
43
5
-62
-78
-40
66
135
-31
-164
-79
101
115
-41
-117
-26
78
79
-53
-114
60
140
19
-118
-93
52
167
99
-157
-188
80
251
60
-150
-160
76
192
28
-149
-53
141
100
-78
-102
18
126
83
-105
-160
62
199
38
-172
-127
100
181
-22
-219
-101
180
160
-123
-209
9
166
123
-86
-207
-16
211
115
-125
-118
84
126
1
-104
-64
99
165
-33
-170
-17
161
87
-32
-55
-64
51
116
-14
-71
10
35
1
15
-4
0
10
-33
-46
2
64
0
-47
-6
-1
-45
9
51
-8
-78
-56
-4
41
29
-35
-62
-37
-9
-17
6
18
-29
-28
5
26
15
-11
-35
-4
17
1
-8
5
31
29
-16
-21
-17
31
71
1
-79
-23
61
34
-44
-20
32
-5
-45
-12
-14
1
8
-28
-59
-6
2
18
31
-29
-72
-10
14
-12
54
37
-67
-85
-4
81
58
-26
-104
-38
95
40
-82
-44
77
27
-25
-25
-38
51
130
-1
-141
-23
136
73
-11
-67
-74
76
149
-6
-112
14
111
38
-98
-95
79
146
5
-157
-63
122
75
-35
-72
-31
39
59
-7
-78
-22
79
23
-102
-27
83
81
-47
-131
-38
151
125
-82
-152
31
135
25
-59
-54
21
100
36
-93
-64
80
117
32
-54
-121
-16
142
112
-62
-130
-6
102
63
-21
-108
-33
87
64
-66
-90
6
79
52
-66
-144
19
179
19
-210
-108
83
119
-10
-109
-76
33
66
-45
-80
33
43
-23
-65
8
55
30
-14
-42
-36
17
50
32
-6
-54
-31
80
57
-72
-58
88
54
-66
-46
5
58
54
-29
-99
-39
80
41
-64
-45
20
-4
-29
-22
6
27
6
-73
-58
6
-8
69
41
-74
-100
-6
94
78
-28
-60
-70
44
150
-6
-133
-50
106
81
-33
-89
1
127
72
-131
-128
112
207
-2
-163
-70
118
155
-10
-154
-35
151
93
-91
-113
47
123
-1
-99
-41
100
89
-69
-116
2
92
50
-26
-93
-57
79
67
-81
-57
36
69
23
-69
-72
29
119
67
-73
-86
59
82
-4
-30
-11
45
63
-42
-85
53
109
37
-33
-72
-46
78
116
-30
-110
2
77
40
-9
-56
-36
64
47
-76
-79
84
108
-59
-131
-17
86
77
-48
-119
-58
77
72
-53
-63
-13
16
-4
-45
-39
25
58
-16
-95
-15
100
58
-69
-93
-9
98
86
-30
-71
17
63
8
-31
-6
38
76
-32
-141
-28
146
62
-88
-72
-4
33
18
-15
-57
8
19
-25
-34
-25
-30
45
66
-81
-135
-7
86
64
5
-94
-102
36
135
1
-154
-65
77
55
21
-49
-63
53
93
-42
-83
26
104
42
-29
-54
-39
89
111
-11
-80
3
29
64
54
-32
-47
34
46
-37
-21
56
7
-32
-28
19
52
12
-56
-39
27
26
-25
-28
18
1
-38
-16
0
27
9
-13
-38
-6
49
15
-33
21
44
-10
-27
12
21
-2
12
19
11
-5
-15
40
65
56
-53
-87
12
81
75
-20
-94
-11
72
62
-28
-39
-9
16
23
-11
-47
29
91
-26
-128
-65
67
108
-9
-135
-99
63
109
-49
-73
5
14
-40
-36
10
11
-2
-3
-47
-4
59
-29
-44
32
8
-25
40
34
-30
-12
29
-12
26
41
6
-34
10
-12
-51
22
75
-17
-63
-7
3
26
13
-41
-52
32
18
-59
-58
1
41
25
-55
-70
-31
29
62
19
-48
-85
-3
87
60
-59
-75
3
29
21
-7
-11
27
18
-14
-42
-19
57
71
-21
-51
4
50
48
37
-30
-41
16
43
50
20
-11
-27
15
22
11
43
-13
-68
9
54
-8
-21
12
-31
-35
56
15
-64
-29
23
42
19
-36
-44
-11
96
38
-70
-78
7
71
71
10
-92
-31
99
50
-32
-1
28
-25
4
19
-12
30
59
17
-84
-54
46
120
52
-97
-101
63
122
-6
-85
-4
28
10
-10
-19
-10
-3
27
-5
-66
-38
56
73
-47
-162
-60
147
84
-79
-122
-30
100
36
-86
-79
28
79
-16
-89
-2
56
52
-33
-82
-18
114
79
-71
-103
24
115
36
-93
-36
70
56
-34
-91
-27
75
75
-21
-69
-61
-7
89
37
-97
-67
19
44
11
-80
-60
58
52
-52
-110
-45
117
115
-85
-150
-68
134
150
-106
-171
29
171
24
-117
-31
68
91
6
-128
-40
185
108
-140
-138
56
183
86
-114
-124
50
139
26
-85
-28
66
89
8
-120
-42
80
99
-39
-93
-5
82
34
-77
-63
16
58
5
-45
-21
35
60
-33
-97
13
84
22
-72
-60
6
50
53
-15
-24
12
24
-2
-2
31
18
-6
23
34
-11
-32
37
80
24
-97
-85
75
139
14
-99
-99
61
141
-21
-116
-13
84
6
-52
-42
33
89
-9
-117
-65
93
103
-67
-157
-74
87
124
-13
-156
-81
115
54
-98
-101
-12
90
64
-71
-103
45
128
-28
-107
-25
41
47
27
-29
-29
42
33
-17
-3
24
3
9
-4
-39
-32
43
82
1
-100
-89
28
89
11
-104
-58
25
50
-17
-78
-14
69
28
-73
-126
-3
148
71
-127
-159
19
175
62
-152
-130
77
144
-5
-167
-28
132
100
-74
-149
21
162
57
-110
-113
88
181
21
-144
-76
119
111
-33
-92
25
114
49
-55
-57
-10
70
82
-47
-125
-8
112
47
-67
-67
12
48
16
-27
-42
1
66
-16
-33
5
16
6
3
-40
-22
63
29
-45
9
79
-28
-46
41
27
22
39
-24
-63
-3
81
65
15
-29
-71
24
114
26
-66
-50
20
64
21
-31
-20
22
10
-16
-25
7
23
17
7
-46
-62
21
76
37
-96
-122
-25
103
42
-55
-69
-28
2
19
10
-24
-60
17
38
-4
-32
-22
7
47
9
-57
-17
32
54
8
-53
-49
53
72
-24
-57
36
51
-35
-53
21
87
-17
-87
-48
24
56
4
-71
-54
20
22
-38
-29
23
18
-28
-53
-35
-10
99
56
-110
-122
14
110
17
-53
-24
-16
46
16
-71
22
111
-30
-93
2
88
53
-10
-52
-34
44
74
2
-25
-9
17
55
21
-19
-1
19
39
6
-23
-26
16
56
3
-57
-55
59
106
-11
-140
-44
85
57
-46
-68
-22
81
46
-72
-74
29
118
30
-117
-82
64
109
45
-59
-80
10
90
59
-48
-65
70
107
-39
-100
-3
123
88
-30
-136
-50
135
106
-60
-114
-10
77
51
-2
-45
-22
2
37
-10
-30
-8
34
36
-19
-82
-33
84
49
-112
-107
39
85
11
-68
-89
-9
90
3
-87
-33
58
31
-18
-52
-29
69
76
-59
-91
6
83
33
-36
-17
-5
30
52
-16
-37
34
38
-23
-68
13
56
31
-20
-63
-42
2
46
21
-57
-28
5
9
-22
-36
3
33
-4
-63
-75
-29
138
80
-119
-139
23
150
76
-128
-125
39
131
25
-88
-56
63
71
-6
-61
-28
74
106
-2
-114
-20
91
109
-10
-78
-22
61
66
15
-57
3
86
11
-69
-35
55
55
2
-53
-52
35
85
32
-102
-85
60
92
-4
-103
-98
99
161
-83
-176
21
171
57
-121
-161
20
235
123
-167
-171
66
171
71
-104
-116
79
162
-23
-146
-25
148
115
-14
-148
-93
118
161
-11
-124
-89
81
114
-24
-113
-33
86
65
-66
-75
27
59
25
-78
-100
36
126
-15
-111
-121
35
154
9
-152
-116
65
125
-35
-140
-58
92
105
-74
-142
37
142
23
-89
-83
13
89
55
-50
-46
10
46
11
-48
-27
80
61
-75
-75
26
58
25
2
-50
-58
23
66
-15
-82
-17
19
-7
-26
-64
22
109
-15
-175
-75
119
130
-25
-136
-91
55
161
-19
-168
-36
128
40
-74
-73
37
103
16
-106
-66
86
125
-6
-81
-68
51
121
72
-77
-100
27
90
72
-24
-58
10
78
41
-53
-75
56
87
25
-76
-58
41
69
22
-98
-72
65
104
-10
-143
-71
113
105
-84
-108
36
123
55
-121
-124
73
165
41
-128
-81
90
116
-13
-125
14
139
71
-97
-127
64
190
48
-123
-131
50
152
55
-51
-107
-9
96
47
-63
-32
36
22
-18
-42
-28
43
55
-21
-64
-34
19
38
11
-62
-98
5
128
-19
-114
-4
30
-17
-22
-12
-14
25
31
-64
-40
57
54
-50
-41
7
8
11
20
-2
2
17
-16
-9
20
16
-5
0
-17
11
6
9
36
-13
-53
-32
12
43
-45
-75
10
58
-25
-94
-33
87
68
-87
-124
-32
72
113
-12
-129
-75
46
112
-11
-82
-25
21
41
-7
-51
7
55
22
-39
-49
10
38
67
31
-68
-78
38
145
70
-95
-75
58
79
16
-57
-15
62
59
-44
-63
37
82
14
-90
-53
29
105
50
-116
-119
59
114
-18
-70
-37
41
56
-45
-102
30
144
7
-155
-58
100
108
5
-68
-49
68
93
-37
-62
39
88
16
-63
-58
68
93
5
-32
-58
-27
92
92
-17
-87
-39
63
46
-8
-40
-4
21
-7
-18
-2
7
-8
6
-18
-50
-2
38
21
-32
-98
-28
105
55
-75
-100
-24
29
30
-25
-41
-9
19
-5
-47
23
64
-7
-38
-10
-16
24
58
-4
-44
18
8
6
0
-22
9
51
4
-71
-29
81
65
-54
-76
-13
12
31
-21
-88
18
74
-7
-91
-55
42
44
-2
-68
-85
14
138
25
-122
-63
6
65
78
-47
-105
-1
65
8
-48
1
41
17
-13
-31
-2
47
58
6
-73
-29
49
111
52
-77
-70
30
111
57
-65
-31
44
44
-12
-24
13
19
-1
-24
-30
20
60
23
-70
-64
18
88
-5
-97
-35
95
62
-114
-112
69
149
-8
-146
-63
74
93
25
-48
-33
10
57
38
-49
-22
65
59
-25
-63
13
63
62
25
-107
-68
105
120
-5
-88
-74
48
110
13
-86
-48
47
52
4
-53
-77
27
122
-32
-172
-23
162
57
-99
-141
-50
150
130
-132
-199
15
156
17
-128
-83
80
90
-55
-134
25
145
23
-133
-93
52
137
33
-104
-78
79
101
-10
-92
-60
119
117
-66
-165
-22
172
91
-133
-141
23
120
34
-101
-85
51
102
-30
-128
-64
89
106
-47
-137
-39
46
84
22
-77
-85
2
85
43
-54
-74
23
42
-7
-39
-1
71
41
-30
-81
-32
104
119
-57
-171
13
188
86
-90
-109
40
138
40
-71
-44
81
93
-34
-89
-36
80
110
-28
-146
-39
150
94
-73
-106
-4
89
85
-74
-158
26
158
-11
-143
-36
93
61
-44
-89
-22
106
86
-83
-73
68
113
-19
-109
-1
142
77
-80
-106
9
137
87
-68
-49
-7
-10
49
38
23
-17
-48
-9
46
33
9
-31
-39
-8
8
20
-1
-21
10
-17
-62
-18
73
53
-65
-103
-57
72
77
-52
-98
-23
76
27
-102
-61
69
97
-57
-135
-9
120
74
-92
-110
18
119
56
-75
-80
59
106
-17
-119
-9
121
66
-78
-106
-4
83
83
-80
-132
16
89
-2
-68
-16
7
0
-12
-39
-28
63
40
-117
-79
35
30
43
27
-83
-80
15
71
12
-41
-20
-7
6
13
-12
-2
13
32
-13
-41
-4
52
72
-18
-93
3
124
85
-64
-88
25
101
19
-38
-10
28
53
-2
-50
-7
57
40
-38
-66
12
64
34
-22
-63
-31
44
50
-45
-41
12
60
-9
-48
9
41
-8
-26
-4
5
-26
-17
35
60
38
-66
-71
69
117
30
-66
-43
21
44
60
19
-22
12
-17
-55
51
115
23
-92
-82
15
97
65
-72
-97
36
81
-16
-45
2
-7
5
25
-67
-87
44
121
-41
-167
-48
126
83
-79
-142
-12
108
58
-89
-101
30
83
-35
-85
-6
79
64
-38
-95
-45
112
97
-45
-113
32
101
53
-69
-81
56
110
-11
-127
-47
101
97
-44
-118
-69
52
94
-7
-103
-33
31
12
-28
-34
0
39
1
-69
-75
-13
83
86
-38
-137
-88
103
129
-38
-105
-52
72
75
-31
-90
3
99
19
-69
-29
37
74
9
-71
-53
66
111
21
-66
-26
63
57
-1
-47
15
116
14
-135
-26
129
73
-47
-93
-59
73
139
-22
-159
-23
86
42
-32
-54
-25
52
50
-65
-68
31
92
6
-85
-55
40
91
38
-56
-49
6
79
19
-45
4
61
44
-36
-60
43
88
25
-1
-82
-51
78
99
18
-66
-94
15
132
64
-73
-113
20
104
15
-97
-58
71
71
-65
-119
-12
123
57
-110
-150
19
141
32
-129
-115
49
112
-30
-124
-61
111
96
-105
-110
43
132
40
-108
-109
24
132
46
-95
-86
58
98
22
-68
-66
79
95
-50
-109
6
77
41
-27
-55
-49
23
73
-26
-77
4
25
-32
7
-27
-36
61
53
-94
-122
-7
151
92
-96
-152
-44
151
102
-108
-119
28
100
12
-80
-32
85
85
-48
-115
-7
123
83
-65
-112
16
139
68
-56
-99
16
143
51
-63
-79
53
126
28
-98
-80
84
110
-7
-124
-54
88
108
-56
-98
-30
100
72
-54
-107
-17
87
62
-68
-107
3
118
72
-81
-121
8
89
95
-30
-109
-21
81
82
-2
-27
-8
46
29
-29
-23
57
72
9
-106
-66
80
124
17
-113
-85
110
100
-60
-82
24
73
24
-60
-107
14
143
41
-160
-124
87
167
-7
-186
-131
86
137
-17
-167
-64
110
56
-86
-108
26
106
44
-116
-85
73
122
-28
-105
-41
56
78
-15
-73
13
83
11
-49
-19
43
49
-8
-75
-42
37
62
12
-60
-40
17
-1
-16
-28
21
8
-44
-58
13
6
-12
9
-8
-34
-41
-36
62
85
-45
-136
-77
119
140
-74
-159
5
121
18
-66
-28
46
61
-34
-94
10
97
68
-44
-90
-7
101
83
-11
-89
1
96
31
-28
8
6
16
26
-5
-25
52
72
-74
-81
47
50
2
-17
-9
-29
3
42
-14
-26
-27
25
36
-20
-53
-16
56
63
-37
-85
-6
84
45
-40
-46
23
54
19
-32
-4
56
46
-23
-66
-1
87
99
5
-99
-73
95
133
19
-113
-95
57
129
11
-117
-73
92
68
-27
-83
-26
64
75
-38
-132
-22
113
89
-100
-138
-18
100
51
-58
-80
-5
20
-26
-19
-5
-1
48
-27
-91
11
87
23
-66
-40
-13
40
56
-9
-54
29
41
-11
10
16
-21
-5
45
5
-42
9
29
-6
-23
-48
-80
15
103
-15
-80
-46
17
18
-17
-5
33
2
-52
-89
-19
107
89
-81
-140
-7
131
68
-88
-126
26
104
13
-64
-39
48
61
-15
-77
-11
62
93
2
-111
-37
103
111
-15
-119
-15
113
84
-35
-77
26
87
52
-51
-68
10
95
31
-57
-85
3
113
58
-66
-89
-5
69
32
-41
-76
15
65
23
-63
-74
59
124
12
-148
-92
72
154
48
-102
-109
62
159
-8
-110
-14
113
43
-93
-77
59
194
75
-196
-159
151
200
-21
-163
-98
101
196
-8
-195
-64
170
90
-133
-106
58
116
11
-106
-113
23
122
32
-107
-121
-15
99
55
-67
-87
-29
49
29
-36
-54
36
59
-41
-98
21
114
34
-92
-79
-1
73
78
-17
-73
-33
61
61
-7
-58
8
69
14
-72
-35
48
68
-25
-60
-31
17
40
-19
-64
-14
49
-1
-70
-76
42
96
-6
-146
-102
30
180
93
-166
-180
63
193
37
-155
-103
81
130
-66
-149
25
168
38
-129
-76
72
127
37
-99
-113
86
120
16
-51
-49
11
78
38
-35
-41
88
49
-85
-22
62
32
-3
-7
-38
-32
49
64
-28
-53
-9
38
5
-25
-40
-20
34
42
-31
-55
-11
66
54
-36
-106
-17
95
83
-25
-88
-32
72
73
-10
-45
-1
54
23
-16
-11
13
57
87
-60
-143
30
163
65
-115
-113
61
131
17
-105
-49
65
46
-45
-46
15
81
30
-93
-79
10
84
27
-87
-75
-4
33
29
-61
-76
-12
69
7
-95
-33
54
56
-33
-86
-6
118
63
-87
-88
44
74
40
-39
-55
8
93
49
-104
-67
109
77
-54
-80
-33
68
121
-35
-156
-40
118
67
-77
-100
16
67
-6
-98
-80
64
115
-8
-151
-79
64
127
39
-135
-132
36
125
34
-111
-74
76
76
-41
-86
33
107
45
-98
-93
56
117
27
-79
-58
72
86
2
-35
13
48
-27
-39
41
75
1
-40
3
38
10
5
-2
-9
-17
-6
24
35
-9
-43
-13
23
25
3
-33
-50
25
59
-32
-89
12
92
24
-38
-76
-21
90
73
-43
-49
26
50
16
-36
-37
69
135
-69
-155
42
168
45
-47
-84
-46
94
132
-23
-112
-25
81
31
4
3
-53
-3
49
-17
-92
-21
98
71
-65
-152
-50
164
119
-121
-185
2
150
61
-99
-99
-7
45
-1
-46
-26
-4
-8
-19
-9
33
35
-10
-37
-15
-7
32
22
-2
-9
15
1
13
-19
-19
41
30
-22
-33
-14
41
45
-9
-53
-72
4
53
6
-57
-28
6
5
-21
-63
-3
88
-11
-142
-69
95
65
33
-41
-98
-16
77
59
-45
-51
1
4
22
-7
-32
17
58
-20
-63
64
60
13
-10
-65
-33
99
110
-11
-84
11
30
15
70
-8
-76
60
104
-62
-86
75
68
-38
-35
-20
6
65
17
-76
-6
59
1
-26
-10
-18
-16
31
19
-64
-8
71
41
-35
-61
-22
68
95
-19
-90
-4
93
47
-39
-57
18
101
39
-113
-62
105
140
-6
-139
-90
79
181
61
-151
-123
101
135
-20
-93
-28
47
60
-27
-89
-25
84
54
-58
-107
-30
74
99
-48
-170
-62
135
89
-90
-137
-35
110
90
-94
-183
33
207
24
-159
-94
44
143
60
-147
-146
97
180
-24
-131
-35
87
94
-6
-129
-15
159
46
-145
-76
88
99
-6
-71
-108
5
140
15
-130
-49
36
28
-20
-75
-27
79
56
-121
-151
41
147
62
-105
-165
-29
137
135
-96
-137
31
111
22
-58
-66
31
111
8
-142
-54
127
130
-44
-126
-54
94
182
32
-173
-96
107
109
38
-35
-77
16
129
11
-124
0
129
-7
-102
-38
56
80
21
-83
-84
66
60
-47
-38
13
-14
-8
3
-37
-7
64
19
-44
-43
23
26
19
22
-1
0
8
-26
7
89
45
-69
-58
9
43
93
34
-80
-95
45
99
31
-2
-31
-51
36
62
9
-52
3
26
-14
4
-25
-29
37
46
-43
-75
-1
61
34
-25
-96
-64
69
43
-82
-47
31
-24
-39
1
-3
-17
35
-26
-78
25
80
0
-30
-7
-11
19
36
-9
-8
32
38
-44
-57
44
92
20
-94
-119
36
170
35
-133
-73
32
42
37
-54
-90
22
97
-48
-132
-5
78
30
-21
-96
-79
9
115
45
-91
-74
-15
59
50
-43
-70
16
24
-15
-12
18
6
28
49
-55
-77
80
128
-48
-116
19
71
94
51
-112
-80
107
104
-62
-62
41
38
19
22
-55
-42
76
50
-51
-57
28
86
28
-69
-72
20
68
-1
-59
-16
19
18
5
-20
-23
11
48
6
-53
-3
33
9
26
-13
-34
40
39
-47
-17
72
57
-63
-51
44
67
33
27
-60
-66
61
79
37
-32
-88
-20
89
71
-42
-74
17
39
19
-35
-45
34
81
-18
-130
-76
109
93
-61
-131
-71
111
111
-85
-159
-10
93
15
-6
-91
-98
83
120
-87
-135
57
93
-5
-50
-81
8
146
38
-122
-30
106
38
-59
-31
57
28
-3
-42
-63
58
102
-18
-105
-42
0
31
49
-29
-90
-6
52
-26
-77
24
53
5
-74
-98
-15
110
104
-95
-141
-9
98
92
-38
-123
-31
87
72
-50
-54
19
32
26
-23
-49
27
123
35
-127
-64
75
113
73
-42
-113
-2
145
89
-81
-78
68
115
-7
-130
-55
123
118
-65
-147
-12
109
78
-34
-90
-56
79
103
-40
-102
-22
76
33
-21
-36
-14
72
18
-91
-24
68
68
15
-41
-65
14
112
22
-79
18
80
-15
-59
23
24
64
90
-75
-168
56
206
42
-152
-101
69
166
51
-159
-106
113
140
-101
-151
24
140
68
-108
-204
-20
214
119
-174
-192
18
156
81
-110
-167
-3
153
20
-140
-62
65
66
-30
-100
-23
109
80
-99
-101
42
113
24
-56
-40
17
61
13
-72
-1
78
46
-67
-74
-8
89
91
-66
-111
-18
85
30
-64
-59
15
30
9
-73
-78
37
90
0
-120
-90
4
126
90
-123
-144
34
143
50
-90
-101
-4
108
53
-104
-78
131
118
-67
-97
-27
47
165
49
-184
-125
142
192
-5
-133
-72
64
150
38
-139
-40
154
99
-81
-101
11
110
71
-102
-118
37
157
19
-117
-86
36
93
31
-99
-108
52
132
-38
-143
-12
123
94
-57
-142
0
134
76
-66
-82
45
46
11
30
-11
-6
67
18
-62
-14
78
47
31
-56
-122
10
177
77
-118
-106
30
93
89
-36
-133
4
127
36
-100
-59
45
83
11
-136
-88
130
126
-111
-194
-7
122
57
-94
-129
21
155
4
-188
-57
129
85
-91
-117
25
136
58
-126
-125
74
142
-3
-124
-9
91
71
9
-96
-69
139
124
-105
-149
34
118
56
-57
-123
-31
90
61
-92
-86
60
92
-41
-120
-72
101
121
-53
-190
-57
91
108
16
-119
-120
11
134
52
-130
-79
62
67
-7
-41
-35
65
79
-35
-84
-11
81
91
21
-122
-117
105
228
7
-185
-62
124
127
3
-94
-47
121
99
-107
-133
57
150
18
-135
-97
65
185
-5
-172
-51
131
61
-93
-59
47
55
6
-101
-66
97
73
-70
-70
8
39
43
9
-33
1
87
6
-76
23
77
-39
-13
47
-8
-34
74
60
-13
-49
-65
16
145
67
-131
-100
93
119
-20
-95
-52
59
70
-33
-91
0
82
56
-28
-80
-64
65
115
-57
-166
-60
130
87
-72
-126
-47
78
71
-82
-123
29
127
-19
-121
-42
92
69
5
-83
-68
65
99
-41
-62
17
55
20
7
-19
-5
26
-13
-39
20
39
-42
4
36
-46
-74
10
31
-16
-8
-15
-42
-14
-15
-4
64
35
-88
-105
25
76
45
-47
-99
-73
116
125
-80
-124
25
53
32
0
-69
-25
120
26
-119
-47
143
99
-50
-93
-47
84
168
37
-165
-63
101
105
-4
-70
-20
86
92
-38
-120
6
123
42
-85
-76
18
84
69
-81
-123
20
95
11
-52
-51
15
87
28
-124
-48
123
99
-80
-117
22
73
70
-8
-92
-13
87
38
-45
-47
36
77
39
-77
-53
61
141
62
-134
-146
83
189
45
-155
-132
103
172
-37
-140
-39
96
67
-41
-89
-10
83
63
-73
-125
-25
88
94
-45
-160
-72
164
110
-131
-128
5
85
53
-68
-124
-5
158
29
-169
-81
111
96
-38
-99
-98
73
195
-10
-180
-8
128
76
-50
-86
8
111
49
-117
-106
67
146
-31
-110
-30
-5
35
44
-54
-49
13
-6
-29
35
6
-52
-26
7
-49
-58
46
91
-43
-118
-54
89
152
-49
-178
-32
129
64
-59
-70
28
108
51
-100
-112
85
160
-25
-139
-50
110
144
19
-133
-71
137
122
-60
-78
19
69
59
-28
-77
1
110
23
-94
-61
71
69
8
-56
-73
30
83
-31
-54
-12
-5
47
17
-77
-68
82
103
-50
-112
22
86
41
11
-43
-46
54
75
-47
-26
72
54
-14
-47
-19
46
92
27
-114
-86
117
125
-27
-86
-36
60
80
-9
-68
-2
48
12
-34
-8
-6
30
42
-41
-121
2
118
34
-92
-137
-10
115
80
-132
-134
45
100
-8
-95
-48
45
62
-4
-122
-34
124
50
-100
-64
48
69
34
-46
-71
35
76
-8
-52
13
54
4
-25
-41
-32
61
118
-28
-141
-30
70
48
1
-85
-87
57
88
-40
-135
-25
109
93
-103
-181
-19
195
110
-154
-183
24
144
94
-75
-166
-27
159
68
-119
-63
88
82
-13
-78
-70
59
178
30
-176
-82
137
139
2
-95
-72
82
99
-27
-73
32
108
12
-49
-28
22
54
28
-74
-72
51
80
2
-48
-52
-6
55
-2
-40
-22
30
27
-55
-39
43
44
16
-22
-67
-15
42
65
9
-35
-28
7
66
32
-28
-28
67
25
-18
-23
13
69
91
-60
-153
35
178
46
-104
-92
-5
81
62
-24
-37
30
7
-41
-1
38
4
6
-6
-29
-26
51
4
-32
-29
-52
9
57
-1
-75
-29
25
-18
-23
27
-36
-41
46
36
-71
-48
50
72
4
-78
-77
51
156
5
-149
-24
118
50
-55
-21
39
-2
12
-19
-50
24
55
-15
-54
-45
-4
34
45
-40
-59
-15
29
-12
-22
-4
2
-1
-37
-86
10
151
22
-171
-123
70
137
54
-135
-128
51
168
19
-142
-33
99
59
-26
-88
-21
118
111
-102
-149
66
177
77
-86
-129
11
148
91
-70
-113
53
141
37
-113
-71
69
105
-20
-118
-12
93
66
-42
-109
-52
86
88
-24
-97
-27
58
26
-13
-28
-41
42
82
-24
-102
18
105
32
-48
-20
10
53
26
-35
-20
73
44
-80
-45
110
78
8
-74
-111
54
165
41
-109
-68
23
89
48
-43
-81
2
90
-12
-77
5
40
17
-16
-64
-54
85
80
-81
-149
-1
132
38
-112
-110
13
122
21
-131
-94
59
116
-5
-130
-69
102
126
-52
-138
-14
104
49
-57
-53
26
63
43
-47
-52
31
100
5
-77
-44
17
73
47
-76
-124
6
132
44
-116
-122
16
108
3
-130
-68
108
97
-80
-138
-57
130
193
-75
-275
-62
239
152
-134
-155
7
104
61
-61
-118
60
147
-1
-149
-53
80
147
55
-122
-131
111
212
15
-179
-71
140
123
-23
-87
-13
115
85
-111
-97
85
115
-20
-85
-59
55
121
-12
-117
-42
61
38
-42
-25
-10
3
63
-8
-83
-10
102
33
-38
-59
-23
54
84
-9
-109
-5
116
62
-58
-59
29
87
20
-108
-19
133
64
-42
-51
-44
60
110
9
-88
-76
56
72
-9
-63
1
57
30
-59
-81
63
112
-21
-75
-50
5
48
53
-75
-107
-16
72
24
-34
-58
-70
13
92
-21
-108
19
97
-11
-96
-2
48
39
2
-78
-27
83
55
-66
-74
62
69
5
-48
-56
48
136
-16
-172
-43
145
106
-79
-98
-2
54
10
-43
-73
55
69
-72
-97
12
68
33
-45
-138
-45
76
95
2
-97
-98
32
112
52
-125
-64
98
68
-87
-72
50
90
-1
-76
-45
55
89
6
-65
-29
30
51
61
26
-75
-38
89
67
-20
-12
-5
9
33
16
-20
-8
2
27
61
-43
-87
38
87
-7
-59
-41
8
43
56
-47
-113
34
79
-29
-63
24
48
-1
-46
-26
45
90
45
-71
-28
40
44
5
-13
-14
50
68
-44
-86
55
135
31
-88
-97
28
152
85
-96
-141
39
156
11
-104
-49
61
70
-23
-112
-10
108
38
-66
-85
-21
98
69
-72
-120
-33
87
46
-64
-59
-6
30
-27
-71
-36
27
66
-39
-100
27
106
15
-78
-49
10
43
62
-20
-64
26
78
-22
-43
-15
42
61
-26
-68
-29
48
95
0
-116
-76
58
103
-12
-123
-45
70
36
-24
-79
-46
69
63
-94
-101
8
64
43
-5
-40
-85
4
116
16
-97
-23
0
11
16
12
-42
11
57
7
-35
8
74
55
-66
-90
28
157
80
-113
-109
72
132
17
-37
-41
5
58
41
-42
-18
28
20
14
4
-25
-5
35
6
-86
-30
51
27
-3
-41
-40
41
45
-71
-46
68
88
-25
-114
-4
99
61
-43
-112
12
115
78
-79
-76
81
123
-9
-122
-63
108
150
23
-120
-130
51
174
70
-118
-122
27
152
32
-100
-71
37
78
2
-81
-44
64
66
-19
-73
-61
17
79
19
-120
-117
71
153
-34
-149
-55
49
77
-15
-91
-72
100
79
-100
-101
53
118
3
-104
-76
11
126
57
-94
-83
49
91
11
-77
-21
92
57
-100
-83
83
111
-15
-137
-66
62
77
4
-115
-78
74
61
-42
-74
-29
46
64
-50
-103
-34
77
87
-56
-95
-51
35
102
3
-116
-60
91
66
-62
-36
54
39
-17
-48
-32
15
88
29
-69
-77
53
147
72
-96
-87
81
107
-11
-51
0
57
68
-22
-128
6
146
44
-92
-86
30
106
21
-81
-90
46
107
-27
-85
-8
59
16
-41
-51
23
66
14
-82
-70
81
92
-15
-61
-24
50
73
20
-76
-57
99
152
-29
-157
-74
122
156
0
-121
-132
89
215
36
-142
-138
68
169
21
-138
-75
89
95
-38
-106
-25
80
55
-35
-122
-57
101
101
-45
-144
-97
109
170
-41
-202
-73
120
69
-81
-114
-24
95
68
-84
-101
69
124
-20
-100
-21
57
40
11
-30
-20
14
6
4
8
19
19
-3
-28
-3
40
36
-35
-52
-4
17
-6
19
-33
-33
65
26
-107
-92
72
96
-23
-131
-75
34
111
54
-106
-108
61
82
12
-42
-38
-11
43
9
-53
-9
78
20
-48
-58
15
73
69
-37
-79
9
101
63
-27
-68
-34
103
83
-58
-71
32
90
50
-20
-77
-26
83
82
-26
-101
-8
75
53
-36
-85
-42
72
67
-61
-86
-7
65
3
-74
5
63
47
-31
-62
13
49
14
-18
16
50
-15
-49
-3
54
74
26
-75
-71
48
107
4
-21
11
-27
3
30
16
39
-10
-67
-6
47
41
-19
-53
-2
44
34
-61
-57
80
76
-104
-133
87
152
-68
-171
-60
108
144
-47
-197
-62
150
65
-89
-95
26
109
8
-132
-87
104
139
-54
-132
-32
76
90
-18
-63
3
73
3
-36
-20
49
72
-32
-73
-37
37
83
12
-96
-78
42
56
-18
-60
-24
38
20
-54
-63
28
74
-11
-92
-49
-32
32
117
-7
-155
-75
86
119
-15
-113
-74
41
103
19
-54
-71
6
60
37
-41
-44
63
93
-31
-122
-9
140
151
-32
-191
-45
175
134
-75
-123
44
95
20
-72
-37
66
83
-41
-112
19
130
47
-71
-89
1
60
63
-29
-117
-25
92
44
-92
-49
48
80
33
-97
-103
56
137
47
-91
-85
30
123
60
-74
-63
81
110
-58
-129
29
132
91
-59
-176
2
192
101
-125
-132
34
132
58
-75
-87
31
69
-5
-92
-32
50
74
-3
-115
-89
83
148
-25
-182
-85
96
107
-40
-138
-67
89
96
-93
-132
17
142
25
-129
-73
40
93
28
-64
-52
15
86
40
-60
-50
37
65
-12
-66
-14
71
37
-49
-48
1
86
53
-77
-82
9
52
5
-19
-52
-51
44
47
-66
-112
64
112
-43
-137
-54
92
148
-23
-190
-93
129
150
-46
-152
-45
118
69
-94
-95
55
139
16
-151
-94
101
184
48
-158
-169
114
253
38
-186
-120
74
183
78
-105
-131
79
174
-5
-144
-35
120
85
-44
-139
-20
137
87
-99
-145
12
127
19
-72
-82
7
78
23
-80
-35
83
37
-66
-30
7
18
42
-3
-34
19
31
-7
-12
18
36
29
18
-67
-42
78
116
25
-88
-125
46
194
56
-160
-99
63
144
37
-98
-100
33
124
0
-137
-45
132
82
-87
-147
-26
125
97
-86
-173
-25
156
45
-102
-95
44
88
-42
-127
-50
112
94
-56
-147
-23
131
114
-75
-154
-2
156
63
-71
-91
41
106
10
-47
-70
30
126
10
-116
-78
62
121
5
-103
-75
17
75
0
-50
-11
1
-13
10
-9
-55
0
56
6
-122
-80
67
141
-1
-161
-116
63
154
18
-132
-47
76
70
-41
-68
8
75
55
-86
-82
55
112
52
-81
-135
49
173
59
-84
-90
50
103
52
-46
-80
41
151
6
-126
-45
90
70
-27
-69
-46
73
89
-52
-97
11
63
1
-31
-16
-30
22
5
-57
-26
56
6
-43
-4
12
-1
37
26
-1
-11
-3
17
31
22
1
-24
18
-3
-2
36
46
28
-32
-85
-43
116
127
-30
-109
-22
84
76
-12
-65
-50
31
46
-47
-46
37
57
-49
-101
-10
94
34
-63
-104
-29
70
69
-73
-89
17
59
-43
-53
-1
-9
34
42
-49
-57
5
45
44
-5
-68
-35
67
73
4
-61
-39
41
86
-35
-57
47
36
-27
-58
-2
68
46
-19
-100
-59
82
90
-79
-133
22
96
-32
-75
-45
38
85
-19
-130
-75
87
119
-17
-147
-91
73
121
8
-120
-63
61
52
-1
-31
-24
5
46
14
-44
-6
55
39
-11
-59
-16
114
120
-47
-144
41
117
27
-44
-53
40
99
15
-105
-19
116
47
-72
-51
-1
38
50
8
-62
-56
36
68
-33
-64
-33
21
33
-11
-36
24
63
-24
-99
-34
79
93
-11
-82
-53
75
114
-18
-99
21
121
47
-79
-61
69
107
50
-89
-138
21
167
91
-103
-130
18
142
51
-120
-71
99
60
-58
-60
24
51
45
-34
-109
-9
90
21
-56
-87
-47
33
87
-35
-139
-11
89
23
-94
-67
34
93
14
-126
-90
91
126
-21
-142
-41
78
96
-14
-108
-6
118
87
-80
-125
42
149
56
-126
-178
27
234
83
-190
-172
50
139
49
-88
-118
26
106
10
-129
-45
86
70
-32
-130
-81
64
163
1
-182
-109
89
172
16
-160
-99
106
142
-72
-100
23
107
14
-121
-78
84
135
27
-114
-90
77
154
41
-109
-78
64
152
3
-93
-23
118
77
-46
-97
-29
150
114
-132
-138
62
146
11
-95
-88
29
95
2
-74
-30
62
46
-63
-75
26
90
33
-76
-82
9
95
54
-42
-47
-17
35
80
2
-76
-10
101
63
-76
-77
28
119
81
-53
-151
-1
153
98
-80
-108
-20
101
96
-43
-102
29
77
-37
-52
-6
24
7
-10
-64
-50
76
81
-51
-100
-58
27
66
33
-70
-86
15
56
-38
-84
-12
72
55
-51
-91
4
82
24
-60
-82
48
123
32
-86
-57
59
90
-14
-92
-13
94
44
-74
-134
37
203
42
-212
-134
108
143
-24
-135
-61
71
75
-61
-147
-21
180
76
-149
-155
7
165
118
-119
-212
26
181
42
-140
-83
77
74
-8
-97
-25
90
73
-37
-88
-19
68
99
35
-96
-94
73
139
21
-85
-52
65
76
-10
-76
20
143
55
-127
-75
95
121
-37
-114
-16
64
43
-32
-76
27
74
-25
-96
-18
69
39
-26
-81
-45
70
74
-11
-42
-74
-27
52
125
16
-125
-61
97
96
-15
-72
11
72
47
-60
-29
80
71
-10
-26
-39
-23
73
44
-31
-17
0
-15
21
63
7
-53
-6
-8
-3
44
0
-55
-22
17
-14
-26
28
16
-65
-37
2
-1
-12
-5
-15
2
-5
-24
-22
23
19
-25
-43
-5
31
51
11
-70
-53
31
67
18
-31
-31
9
55
25
-28
-9
35
7
-50
-23
5
30
38
-18
-57
-25
10
21
-5
-28
-5
-10
-30
-44
9
56
-6
-85
-56
10
37
29
11
-61
-64
-2
73
34
-41
-75
-5
65
34
-37
-43
13
52
12
-13
-17
-3
44
33
-56
-39
87
98
-18
-53
-15
25
80
45
-78
-31
65
75
-43
-69
38
94
31
-101
-96
81
141
-5
-123
-48
37
58
24
-45
-64
21
13
-28
-23
44
31
-19
-43
-18
8
56
44
-29
-40
13
43
47
8
-46
-2
80
28
-58
-38
58
112
26
-152
-68
146
158
-41
-165
-53
116
106
-11
-103
-62
54
80
-45
-77
19
79
10
-99
-107
45
150
22
-171
-132
58
142
5
-136
-100
49
84
-45
-96
-35
98
75
-83
-109
64
117
-25
-125
-9
96
80
-40
-82
3
82
53
-35
-124
30
163
33
-155
-97
91
125
25
-107
-111
6
101
53
-92
-86
31
59
-17
-86
-23
63
57
-44
-123
-43
93
121
-23
-139
-100
71
159
-10
-155
-59
109
64
-76
-55
32
97
36
-103
-71
54
104
33
-55
-51
12
96
77
-63
-100
55
103
23
-44
-41
21
93
44
-69
-47
70
60
-20
-42
-49
29
81
24
-87
-58
29
21
5
-15
-33
7
51
-29
-57
18
81
9
-78
-73
31
105
42
-80
-55
49
80
-14
-43
-11
85
69
-63
-100
51
151
55
-77
-81
18
110
83
-54
-137
6
126
19
-59
-17
25
39
1
-34
-51
22
73
-23
-107
-71
57
92
-30
-121
-84
64
74
-11
-92
-39
35
35
-37
-66
-26
82
49
-88
-105
51
125
-19
-92
-64
41
111
10
-93
-10
105
74
-75
-109
24
136
47
-108
-131
40
182
54
-159
-148
8
134
89
-113
-151
33
131
1
-125
-70
69
91
-34
-125
-64
79
116
-38
-122
-42
55
62
2
-69
-11
38
34
-39
-34
53
54
-41
-57
-12
74
69
-28
-58
8
34
20
83
0
-61
4
35
23
25
8
-15
27
66
-44
-65
64
85
-27
-87
-20
53
88
7
-119
-52
82
55
-51
-41
3
23
-1
-58
-45
60
99
-18
-128
-44
88
86
-19
-73
-4
115
42
-67
-65
73
134
-15
-158
-25
159
120
-35
-133
-51
109
112
-31
-80
-38
26
72
14
-33
-6
20
2
-47
-21
32
21
28
-7
-81
-82
52
99
-30
-109
-66
16
94
37
-93
-119
23
81
5
-92
-65
60
100
-24
-118
-9
122
48
-55
-78
-23
91
66
-65
-42
48
5
-15
6
32
23
17
-37
-55
7
71
41
-68
-80
-33
56
61
-18
-58
-48
10
31
-49
-45
7
28
-7
-60
-57
25
75
17
-61
-72
-37
39
56
-6
-45
-21
-19
6
38
25
-30
-27
21
38
-17
-2
50
29
-44
-75
26
114
70
-102
-80
54
121
33
-69
-39
66
89
-38
-108
35
131
17
-112
-92
68
141
31
-136
-108
67
112
-34
-123
-41
127
67
-89
-102
61
114
-6
-98
-64
38
94
27
-39
-18
16
18
5
9
5
32
-6
-22
3
61
38
44
-3
-88
-19
99
73
-4
-94
-58
70
128
7
-146
-64
117
71
-64
-108
19
108
18
-98
-112
57
124
-25
-139
-75
67
86
-49
-94
-29
54
32
-73
-60
12
49
45
-43
-96
-5
111
51
-85
-104
-9
125
93
-74
-124
22
136
38
-106
-45
86
86
-21
-131
-55
136
121
-94
-170
-35
121
116
-83
-139
-23
112
48
-107
-88
49
91
-9
-93
-70
2
113
81
-101
-131
3
126
49
-101
-82
39
65
23
-64
-50
42
92
23
-104
-83
119
154
-81
-187
14
201
142
-103
-175
23
189
94
-115
-128
70
186
43
-158
-110
114
169
-23
-171
-77
137
172
-30
-184
-77
98
124
-46
-145
-46
141
97
-125
-149
54
134
16
-103
-75
65
116
12
-78
-34
47
54
-7
-38
-24
74
72
-62
-101
33
111
92
-32
-155
-38
166
102
-75
-105
19
87
24
-53
-61
32
97
-28
-127
-48
107
78
-35
-104
-81
48
141
15
-161
-145
65
145
-18
-137
-64
90
94
-79
-149
26
147
23
-143
-97
103
151
-53
-164
16
124
42
-73
-39
37
42
23
-22
-53
28
96
-27
-85
-6
50
60
10
-54
-50
-8
14
15
-19
-37
-4
11
-17
-46
-20
64
36
-84
-105
8
66
86
-7
-112
-43
56
52
-9
-61
2
42
7
-20
-23
45
30
-26
-14
-4
12
31
22
-4
-16
14
43
17
-34
-10
54
48
-21
-36
12
87
69
-66
-138
30
174
74
-114
-146
12
157
79
-121
-115
49
129
-42
-125
-1
97
53
-47
-145
-14
158
93
-91
-147
8
123
80
-47
-79
11
66
5
-29
29
51
20
-5
-45
3
82
52
-24
-10
-59
-25
96
90
-42
-89
12
75
20
-42
-35
14
50
-1
-54
-20
49
50
-36
-83
-44
34
75
-21
-109
-82
32
88
-4
-79
-57
5
51
-2
-77
-32
56
48
-43
-98
-10
141
82
-91
-122
7
149
63
-115
-99
46
122
20
-106
-27
107
72
-89
-97
2
130
26
-55
-88
-37
56
64
-33
-96
-12
81
-1
-76
-42
12
60
-7
-103
-112
23
158
33
-121
-114
18
148
49
-99
-81
9
63
26
-59
-39
48
76
-23
-74
-6
80
82
-13
-86
-35
97
86
-23
-80
28
67
-2
8
15
28
22
-26
-38
-10
77
51
-28
-55
-22
51
85
-4
-124
-31
83
23
-62
-40
26
65
4
-116
-41
121
93
-32
-125
-59
83
82
32
-58
-58
53
82
5
-64
-21
61
91
-15
-120
3
123
98
-18
-136
-42
92
112
23
-104
-59
50
86
14
-52
-53
-5
33
2
-50
8
65
37
-106
-107
60
119
-15
-133
-78
53
96
-23
-104
-41
78
44
-99
-107
54
125
-21
-130
-46
78
68
-9
-66
-59
26
111
37
-77
-57
55
63
-10
-63
-6
83
66
-50
-120
-14
122
78
-86
-117
-7
94
50
-120
-116
88
109
-72
-165
-14
159
87
-139
-185
19
152
88
-87
-147
-5
86
91
-26
-135
-75
84
131
-27
-130
3
110
64
-70
-108
12
151
78
-120
-115
31
168
80
-100
-126
49
155
28
-92
-35
81
89
-6
-118
-43
126
100
-82
-97
42
75
-3
-27
-11
-17
10
25
-24
-20
-23
11
17
-36
-14
15
37
25
-55
-68
32
73
76
-57
-107
45
105
-21
-59
15
72
49
-42
-96
27
119
85
-61
-171
-33
189
158
-58
-177
-47
149
113
-64
-98
3
67
11
-73
-39
51
74
-27
-108
-51
76
80
-52
-136
-56
94
57
-68
-95
3
75
0
-123
-82
74
140
-20
-152
-71
132
130
-82
-124
1
96
67
-47
-94
14
109
24
-68
-51
54
109
-16
-87
-51
71
54
-4
-58
-21
-5
-8
-11
35
5
-25
-68
-48
24
37
9
4
-35
-62
-33
1
78
26
-78
-86
25
125
11
-150
-45
150
75
-130
-90
83
144
9
-149
-96
123
209
-37
-206
-30
179
138
-40
-153
-21
162
105
-118
-97
79
120
46
-43
-119
4
151
49
-150
-106
100
152
2
-105
-82
58
108
-41
-126
13
100
10
-69
-76
15
100
62
-63
-110
-2
85
61
-16
-49
-19
45
26
-14
-13
21
12
41
-7
-44
0
69
76
-3
-85
-43
65
95
19
-107
-60
96
85
-57
-65
38
92
-32
-116
-6
108
48
-66
-89
-30
66
90
-46
-134
-53
72
57
-60
-107
22
69
-50
-74
18
1
9
29
-53
-63
41
69
-25
-36
-10
7
50
24
-44
-6
48
13
-30
-20
42
69
-5
-74
-58
49
89
-4
-73
-29
4
-7
19
1
-63
-33
44
-1
-43
-24
33
39
-14
-94
-90
35
137
4
-121
-63
34
63
36
-36
-75
8
54
24
-28
-36
0
34
32
-31
-60
37
99
44
-64
-74
31
123
50
-93
-53
67
72
22
-19
6
17
12
-8
-18
28
9
5
19
-9
-26
25
33
-3
-38
-26
20
8
6
-8
-17
-2
-16
-43
8
87
45
-109
-85
98
107
-26
-81
-37
61
79
-6
-69
20
81
12
-75
-29
61
73
26
8
-68
-56
69
106
44
-86
-68
51
92
8
-63
-30
24
39
3
-58
-40
62
64
-78
-139
20
152
45
-139
-151
30
161
44
-150
-118
54
107
-29
-166
-33
116
83
-90
-117
12
108
28
-68
-68
10
68
40
-9
-32
-4
23
41
11
-37
-2
43
15
-60
-71
30
115
1
-143
-79
52
100
20
-128
-87
72
77
-76
-124
33
133
6
-126
-128
22
187
52
-178
-115
76
130
27
-108
-88
60
106
-47
-108
52
105
-2
-98
-57
59
109
43
-96
-89
48
114
67
-45
-88
-5
118
71
-71
-61
52
97
21
-77
-73
47
118
12
-97
-61
90
101
-22
-119
-43
115
72
-80
-91
32
100
-22
-132
-42
121
105
-43
-137
-33
110
88
-26
-90
-1
81
63
-77
-70
50
97
35
-83
-97
73
152
44
-96
-115
1
146
89
-71
-131
19
144
36
-90
-65
56
80
-18
-108
-42
88
94
-47
-114
-50
76
99
-51
-152
-60
89
101
-39
-140
-79
69
114
-57
-168
-7
151
55
-106
-108
50
115
11
-82
-49
33
88
16
-63
-38
26
36
-4
-38
6
81
34
-60
-59
19
63
30
-39
-48
-38
-6
23
27
8
-43
-53
-13
14
-16
10
31
-23
-62
-56
13
93
19
-104
-90
50
110
43
-100
-78
83
70
-39
-95
14
108
67
-84
-119
14
153
109
-87
-176
11
177
97
-87
-100
46
101
19
-32
-19
35
55
39
-100
-52
103
73
-56
-88
-7
74
45
-30
-73
-31
58
54
-19
-84
-48
94
69
-89
-90
42
90
11
-61
-76
-15
115
89
-58
-112
-4
106
71
-57
-83
37
143
-13
-145
-21
171
121
-60
-160
-24
117
123
-12
-112
-82
80
135
9
-128
-64
110
89
-94
-132
37
120
41
-94
-124
24
151
35
-149
-128
24
114
25
-115
-85
53
83
-39
-110
-31
56
64
-33
-71
-8
37
22
5
0
-52
-21
78
67
1
-67
-20
84
41
-48
-39
27
31
-51
-47
43
77
-32
-56
-18
-1
39
-7
-62
-37
32
1
-24
-34
-13
49
13
-65
-60
-29
65
78
-36
-123
-56
82
105
-17
-97
-66
41
110
31
-64
-70
11
94
17
-119
-4
113
72
-86
-90
77
152
2
-121
-57
81
100
22
-66
-16
73
41
-54
-54
64
70
-22
-63
-12
45
29
17
-39
-61
6
26
19
-13
-62
5
51
-6
-63
-4
72
38
-36
-63
-41
85
119
-19
-127
-35
100
79
-51
-67
40
77
7
-67
-26
96
90
-26
-113
-33
121
90
-24
-70
-28
43
91
6
-91
-37
54
37
-20
-50
-23
54
48
-50
-99
-26
108
68
-105
-178
-3
171
40
-135
-91
26
89
3
-129
-60
92
107
-85
-160
12
157
52
-108
-113
11
119
63
-38
-86
2
89
57
-51
-58
32
91
1
-97
-68
82
124
-17
-131
-97
41
120
21
-122
-111
36
77
-27
-95
-8
80
10
-102
-89
33
120
45
-126
-88
32
95
37
-96
-83
32
78
14
-76
-13
86
46
-38
-85
-5
85
97
3
-105
-80
99
167
36
-169
-120
127
214
-11
-172
-57
135
141
-38
-180
-13
198
105
-136
-160
49
180
60
-163
-137
96
142
-29
-111
-60
79
108
-67
-149
27
154
27
-128
-89
64
125
28
-84
-39
50
91
4
-59
-22
83
85
-32
-108
-8
133
99
-24
-135
-86
133
166
-17
-169
-97
137
187
-10
-160
-59
134
83
-107
-130
53
173
18
-191
-153
123
202
-47
-234
-78
118
94
-75
-109
-24
69
20
-76
-74
23
68
32
-72
-86
22
108
64
-68
-108
-18
116
101
-49
-121
17
123
21
-105
-38
102
68
-55
-99
-9
115
97
-104
-144
13
122
43
-84
-111
5
108
8
-110
-76
73
108
-53
-166
-81
88
158
17
-161
-125
48
134
59
-114
-106
54
116
8
-102
-39
71
109
-16
-168
-20
165
105
-91
-133
57
138
31
-35
-45
16
51
19
7
15
10
13
12
-10
-30
27
68
-8
-59
-49
36
75
34
-94
-86
54
93
-15
-93
-35
57
62
-50
-106
27
114
29
-132
-92
84
127
9
-117
-57
106
87
-56
-78
26
80
31
-51
-56
44
93
35
10
-57
-51
51
102
4
-68
-62
26
82
34
-48
-28
27
6
-55
-7
46
61
-30
-106
-63
81
105
-33
-123
-65
61
91
-45
-120
-17
69
3
-120
-64
74
101
-7
-144
-63
108
104
-42
-111
-28
86
61
-11
-80
-1
77
75
-29
-60
-18
94
73
-79
-120
1
123
74
-93
-119
-2
83
19
-71
-52
42
50
-47
-92
-14
70
45
-58
-99
-28
36
101
10
-105
-86
24
95
10
-107
-57
68
71
-41
-97
25
87
29
-45
-43
-12
88
70
-53
-137
0
154
99
-83
-102
36
128
50
-57
-56
21
98
39
-56
-106
5
124
43
-61
-76
6
82
49
-59
-101
-9
95
37
-62
-54
21
33
-7
-41
-11
44
38
-28
-45
-4
38
43
-24
-57
21
43
19
4
-9
8
45
3
-64
-26
89
103
20
-131
-86
93
134
22
-111
-85
91
121
-24
-87
-11
67
16
-43
-48
32
38
-6
-54
-51
3
76
30
-74
-123
-22
101
31
-60
-51
11
21
-18
-52
-45
25
90
-25
-112
-22
95
41
-62
-82
10
66
44
-29
-46
3
38
61
-16
-68
39
81
-32
-100
-28
66
98
2
-142
-88
83
112
2
-125
-98
75
100
-53
-124
6
72
23
-66
-112
-20
125
84
-103
-131
8
137
70
-96
-115
55
120
8
-128
-23
134
85
-88
-128
18
129
58
-56
-76
14
67
59
34
-12
-30
8
38
36
7
-27
-1
64
9
-71
-11
107
56
-78
-90
32
95
41
-77
-115
10
123
45
-94
-103
69
147
-35
-166
-41
141
94
-87
-125
-8
125
122
-51
-129
2
118
78
-27
-86
5
99
71
-94
-100
57
154
63
-132
-144
83
199
49
-171
-136
85
145
-4
-109
-39
96
59
-91
-73
64
107
-13
-127
-107
65
160
25
-200
-162
75
181
-3
-160
-95
78
97
-62
-143
-37
107
79
-77
-96
17
95
23
-68
-38
16
45
24
-23
3
39
7
-19
-35
9
42
11
-46
-35
-6
64
44
-48
-88
-13
44
29
-28
-77
-8
73
10
-113
-65
50
101
-30
-128
-86
51
135
19
-133
-90
48
111
25
-121
-72
38
91
20
-65
-20
56
48
-19
-87
19
127
40
-83
-96
39
154
77
-58
-120
26
140
33
-86
-71
70
134
41
-115
-100
69
129
3
-103
-64
83
89
-35
-115
-46
79
72
-39
-75
-17
73
52
-50
-80
8
81
35
-80
-72
51
76
17
-66
-22
69
41
-8
-56
2
105
68
-79
-117
75
148
17
-64
-67
24
123
59
-77
-81
18
70
10
-18
-5
19
16
1
-59
-36
38
65
21
-87
-94
17
106
16
-111
-95
58
103
-13
-129
-81
103
105
-83
-178
-29
146
81
-105
-139
27
133
50
-66
-82
-14
63
64
0
-52
3
37
27
-8
-5
38
58
-45
-99
11
99
52
-75
-105
-12
50
21
-42
-23
11
4
-17
-38
-29
16
50
-20
-75
-66
-15
94
59
-71
-101
-18
75
46
-60
-63
17
80
-5
-97
0
78
56
-51
-63
10
52
46
-18
-69
4
84
56
-6
-28
-18
43
39
16
-12
-22
31
50
-17
-42
16
44
10
-43
-42
6
70
48
-55
-71
33
45
-19
-47
-38
22
43
-35
-66
16
72
33
-30
-48
-28
61
90
10
-61
-46
14
87
19
-37
-23
22
26
21
-13
10
32
61
-25
-84
14
121
91
-100
-126
62
124
12
-48
-56
34
66
4
-69
-49
45
61
-31
-121
-36
119
102
-95
-185
7
123
52
-89
-111
6
73
3
-101
-59
54
106
11
-107
-81
67
130
-5
-154
-74
124
130
-60
-129
3
110
59
-68
-69
71
77
-16
-70
-37
32
74
7
-70
-53
-6
64
2
-42
-26
8
1
-30
-46
7
33
-19
-67
-84
-2
98
69
-65
-115
-48
101
99
-56
-106
4
92
25
-72
-18
75
61
-24
-80
-37
70
122
17
-127
-58
114
145
7
-145
-61
125
126
-34
-90
-10
104
96
-75
-127
41
168
11
-133
-66
49
113
43
-89
-99
20
96
23
-91
-73
37
122
-19
-152
-29
146
119
-81
-172
-61
152
184
-58
-204
-40
173
133
-50
-127
0
163
74
-123
-97
78
142
63
-104
-145
51
179
75
-135
-144
46
166
38
-105
-87
50
111
-10
-107
-48
87
81
-53
-122
-35
105
104
-102
-169
-32
138
37
-104
-79
40
73
-68
-116
7
78
46
-61
-111
-12
114
62
-57
-117
-6
95
87
3
-85
-44
67
62
-6
-57
5
89
22
-97
-79
75
117
-12
-111
-81
53
93