#4
481
-415
-556
151
608
139
-503
-345
330
441
-78
-412
-110
334
255
-205
-333
51
371
138
-273
-252
126
351
95
-282
-217
172
319
20
-254
-129
185
230
-54
-224
-34
206
123
-137
-201
49
247
122
-197
-199
70
246
71
-182
-128
122
184
-44
-202
-47
198
130
-113
-185
33
187
106
-120
-163
13
184
65
-131
-123
61
136
-20
-161
-48
134
44
-127
-97
58
146
6
-134
-90
79
141
-28
-199
-58
190
101
-167
-173
48
163
73
-148
-191
58
209
15
-218
-89
150
88
-127
-133
59
123
-40
-156
-41
121
91
-112
-174
26
152
37
-107
-90
22
102
-14
-130
-11
121
45
-101
-114
-9
138
87
-110
-130
55
106
4
-103
-62
65
89
-15
-120
-46
116
103
-25
-78
-46
61
107
19
-82
-56
46
135
22
-130
-46
94
130
-17
-115
-18
116
100
-49
-81
19
95
54
-59
-31
67
75
-16
-85
12
130
51
-85
-62
89
134
-28
-120
6
118
73
-11
-58
-16
77
68
-41
-24
69
58
-49
-63
32
137
54
-102
-127
35
158
61
-128
-77
101
132
-20
-139
-38
139
123
-74
-166
-6
175
67
-126
-93
98
102
-31
-114
-35
124
95
-116
-166
29
174
28
-154
-124
32
175
-6
-192
-66
126
104
-71
-143
-13
128
80
-111
-129
30
143
24
-127
-120
67
125
-33
-169
-29
127
35
-113
-110
43
139
10
-156
-119
83
169
10
-189
-134
124
171
-24
-188
-62
131
144
-72
-199
-36
196
142
-151
-232
47
262
52
-223
-160
119
167
-12
-154
-69
128
155
-104
-172
51
188
33
-140
-115
59
157
66
-117
-127
64
219
74
-218
-131
173
223
-42
-239
-80
239
227
-131
-293
25
305
127
-208
-198
104
284
42
-251
-119
223
241
-78
-256
-48
297
223
-181
-311
67
372
144
-263
-244
139
287
59
-218
-179
158
266
-52
-274
-51
256
183
-149
-254
36
268
109
-183
-190
66
255
50
-204
-151
153
230
-17
-244
-102
171
220
-66
-257
-87
214
183
-128
-228
2
190
93
-140
-157
48
177
40
-197
-112
121
135
-36
-152
-100
93
140
-47
-176
-27
134
57
-68
-85
0
88
49
-92
-117
9
91
23
-85
-109
-3
129
39
-124
-144
29
143
5
-141
-50
74
30
-53
-63
-13
99
56
-112
-114
72
123
-5
-107
-72
37
99
-18
-98
-51
77
71
-58
-102
14
96
35
-53
-59
-10
45
39
-20
-22
6
-5
3
41
8
-5
-7
-3
50
57
-6
-57
-7
60
61
-18
-53
-5
74
25
-60
-46
67
104
11
-83
-56
100
89
-48
-54
46
93
20
-70
-46
94
141
-13
-150
-24
166
114
-48
-102
-20
78
146
7
-140
-35
134
49
-55
-14
62
55
-37
-58
7
96
58
-42
-54
15
77
-5
-68
6
78
55
-67
-71
19
88
24
-45
-42
7
43
40
-21
-67
-14
66
9
-94
-36
46
31
9
-52
-70
24
94
7
-123
-66
56
90
-49
-96
-10
43
21
-26
-62
-17
42
60
-53
-102
23
85
-11
-94
-67
23
93
4
-132
-73
67
78
-33
-134
-13
94
6
-118
-45
71
89
-37
-134
-50
83
95
-9
-109
-77
73
127
-42
-164
-22
152
77
-120
-129
-2
148
66
-117
-131
72
127
-22
-109
1
126
20
-111
-50
77
115
-1
-110
-39
141
103
-106
-108
76
161
19
-103
-68
68
119
4
-131
-22
139
69
-89
-84
49
109
55
-79
-76
75
128
17
-80
-42
88
110
7
-92
-34
96
122
-28
-109
-67
90
160
9
-166
-57
106
102
-34
-88
6
118
65
-105
-114
47
196
38
-156
-120
106
176
-28
-165
-13
158
87
-106
-134
51
177
35
-180
-100
123
157
-29
-199
-48
103
83
5
-128
-138
98
177
-50
-181
-51
113
85
-36
-125
-43
114
77
-101
-159
34
160
12
-159
-92
100
100
-85
-154
-8
161
80
-157
-163
66
156
10
-135
-145
9
131
64
-100
-102
-34
48
71
-14
-76
-3
40
-2
-52
-21
30
53
8
-54
-81
26
91
11
-80
-63
57
56
-50
-72
42
99
0
-129
-69
103
114
-60
-112
-14
113
96
-52
-84
16
60
25
21
-13
-33
2
45
29
24
-17
1
39
48
-13
-50
-17
63
56
-17
-35
-11
86
68
-69
-68
93
98
-35
-78
24
134
79
-53
-124
-16
240
121
-141
-176
29
175
119
-75
-169
12
165
58
-98
-94
47
144
28
-131
-102
77
192
42
-192
-129
116
196
-12
-130
-64
87
117
-42
-177
16
223
66
-207
-140
123
198
-28
-235
-102
153
171
-73
-172
-50
123
85
-104
-101
44
80
25
-108
-61
48
75
-2
-79
-62
51
64
-40
-103
-8
85
13
-64
-65
0
51
31
-68
-122
19
110
4
-102
-108
13
109
47
-93
-105
13
71
-5
-87
-49
88
72
-119
-119
75
114
-23
-100
-14
38
24
0
-72
-6
109
6
-154
-59
96
119
-21
-106
-73
42
140
32
-153
-78
95
131
-14
-129
-16
109
105
-61
-102
-6
110
82
-87
-103
65
128
63
-96
-111
79
150
-26
-114
-31
110
103
-45
-99
-34
131
87
-88
-96
51
113
59
-45
-67
59
94
3
-35
17
62
24
-53
-63
67
116
-9
-93
-70
70
132
36
-91
-80
36
101
35
-60
-35
66
77
-23
-92
-36
114
115
-24
-135
-47
92
124
-28
-104
-11
75
64
-74
-109
83
113
-64
-121
-24
107
99
-86
-161
2
161
51
-149
-108
52
72
-34
-36
-21
30
29
-31
-32
-18
-14
7
2
-18
-53
-21
51
17
-70
-56
35
16
-26
-33
-9
17
-3
-55
-55
28
69
-33
-108
-67
65
91
-3
-107
-81
50
82
-27
-74
-3
57
0
-93
-32
58
66
-33
-74
-16
26
24
2
-4
-4
-9
-26
-25
34
36
-10
-11
1
-2
-3
15
14
32
-10
-44
32
76
-15
-65
-1
76
39
-20
-39
50
94
14
-75
-43
84
93
-36
-59
24
60
0
-8
24
18
46
13
-59
-20
150
67
-77
-41
47
84
51
-1
-62
-39
34
94
42
-66
-46
27
32
23
5
-16
15
11
-31
-8
40
81
-8
-59
-39
72
84
-33
-85
35
94
-26
-81
3
38
67
34
-78
-87
37
85
14
-60
-67
14
42
12
-33
-76
-50
73
77
-53
-126
-38
102
81
-100
-138
3
154
61
-153
-162
77
178
-42
-194
-64
143
110
-129
-215
7
226
102
-220
-240
81
253
42
-236
-202
112
250
-7
-220
-113
110
115
-41
-125
-49
67
86
-57
-125
-3
132
64
-82
-122
-10
94
97
-65
-151
15
148
17
-149
-75
142
125
-59
-195
-34
177
114
-104
-171
17
182
58
-125
-82
57
82
28
-36
-63
63
77
-16
-42
-11
41
70
-4
-80
-14
68
58
-19
-26
-17
40
92
4
-110
-36
137
95
-66
-118
25
181
89
-123
-126
82
184
55
-125
-109
85
132
5
-95
-32
86
80
-72
-88
42
139
41
-131
-118
58
133
38
-78
-84
48
104
12
-85
-49
85
109
-49
-113
-33
104
94
-3
-148
-65
147
108
-115
-114
54
99
-24
-75
-33
21
42
-5
-93
-52
79
63
-76
-123
45
114
4
-109
-42
71
54
-43
-101
-25
98
42
-70
-98
-35
86
76
-87
-103
20
44
-5
-28
-25
-21
14
10
-66
-46
45
40
-49
-62
-30
17
62
19
-64
-89
4
113
16
-104
-68
43
48
-15
-49
-11
44
55
-21
-92
-75
103
119
-36
-143
-37
105
99
-48
-114
-3
102
48
-74
-57
85
84
-50
-72
32
87
27
-34
-47
28
68
45
1
-53
-40
66
125
-38
-130
23
151
77
-84
-104
17
149
109
-120
-142
71
171
43
-67
-64
28
100
48
-43
-26
56
36
-22
-4
51
44
-52
-54
27
36
33
34
-21
-49
-1
37
43
18
-34
-39
35
67
-16
-36
-7
51
75
-22
-81
-25
72
55
-15
-46
-26
40
33
-27
-22
6
-4
-45
-20
37
19
-74
-45
49
55
-9
-97
-34
46
23
-39
-44
-1
33
16
-79
-64
34
78
-12
-103
-37
38
17
-57
-61
21
62
3
-102
-50
28
62
11
-110
-77
34
84
49
-91
-156
19
148
29
-107
-96
10
103
35
-116
-100
94
130
-63
-179
-26
146
84
-84
-149
-4
124
67
-89
-101
12
110
50
-97
-110
26
146
56
-142
-111
69
138
53
-60
-114
13
166
45
-149
-54
114
113
-37
-142
-22
158
149
-91
-186
20
230
81
-163
-125
100
179
2
-155
-50
134
108
-50
-111
27
166
62
-121
-82
85
144
21
-81
-56
32
87
64
-41
-72
22
74
16
-43
-31
59
69
-46
-90
20
103
66
-61
-125
21
126
69
-87
-89
73
157
-31
-183
-31
170
116
-74
-170
-49
180
157
-112
-190
20
122
53
-70
-95
-53
67
72
-15
-110
-68
50
83
-17
-92
-57
52
108
-19
-170
-50
174
71
-161
-146
34
153
39
-181
-120
102
161
-91
-214
-33
170
123
-112
-226
-15
195
79
-123
-140
-4
101
51
-68
-76
45
44
-31
-86
-26
86
83
-46
-133
-38
102
95
-69
-92
-10
88
39
-50
-76
24
97
23
-92
-108
64
142
13
-113
-63
75
120
-2
-86
-35
60
54
7
-46
2
51
6
-44
30
94
2
-51
-1
31
20
16
-9
-47
39
101
-19
-63
-19
40
56
66
2
-78
-11
108
127
-43
-155
4
200
148
-107
-196
25
230
104
-153
-139
94
166
-18
-131
-38
131
130
-97
-180
37
172
71
-89
-119
-2
158
84
-134
-127
92
155
-12
-134
-59
90
95
-7
-109
-53
66
92
-16
-113
-50
85
80
-52
-126
-14
102
77
-81
-151
6
134
44
-140
-121
75
134
-26
-153
-60
89
103
-58
-141
-11
109
39
-86
-99
-11
73
60
-46
-108
-34
82
70
-35
-111
-91
48
136
5
-134
-59
24
30
10
-53
-64
44
76
-50
-106
12
103
37
-89
-81
10
86
8
-75
-68
69
70
-55
-119
24
113
34
-102
-80
34
107
30
-124
-47
129
75
-81
-81
55
93
3
-72
-19
94
44
-35
-70
10
98
81
-50
-97
11
118
67
-78
-85
30
92
52
-58
-76
28
95
53
-51
-45
57
70
-21
-21
34
43
-8
-18
32
87
23
-67
-68
45
135
46
-111
-79
59
99
24
-39
-46
19
44
5
-22
-32
59
54
-28
-21
29
-6
-3
28
25
-26
-3
24
-20
45
47
-52
-55
64
53
-41
-42
11
22
-10
-44
26
38
-63
-91
13
64
19
-75
-85
39
92
-5
-100
-61
73
92
-41
-151
-25
116
20
-119
-72
61
70
-46
-120
-7
99
41
-109
-94
56
75
-19
-91
-53
39
43
7
-42
-93
-31
96
69
-91
-90
19
66
2
-45
-55
42
74
-11
-102
-71
71
112
-19
-130
-55
86
88
-72
-125
-6
145
81
-116
-134
70
145
18
-134
-91
63
142
40
-100
-87
38
110
75
-54
-102
18
151
79
-122
-87
80
130
33
-136
-135
103
216
-11
-201
-21
179
89
-101
-102
82
155
22
-124
-54
122
145
-48
-117
34
142
57
-89
-65
48
85
48
-52
-49
21
39
8
4
-16
12
46
-3
-44
-24
36
77
51
-72
-98
53
139
-10
-132
-57
113
101
-65
-108
13
110
74
-104
-112
36
135
41
-107
-124
22
121
39
-97
-123
36
138
5
-131
-76
68
97
-56
-117
-1
72
28
-60
-76
17
55
-17
-92
-45
50
74
-34
-124
-53
82
117
-44
-188
-73
175
113
-120
-183
-42
124
122
-98
-175
-2
147
47
-122
-111
59
110
-10
-110
-82
87
127
-26
-156
-52
74
80
-27
-96
-48
55
92
-29
-154
-16
152
95
-105
-167
-6
182
131
-128
-189
43
215
48
-150
-121
90
166
28
-137
-74
119
135
-34
-133
-17
149
104
-82
-136
48
158
46
-114
-93
83
132
1
-122
-50
117
123
-31
-129
-6
133
111
-28
-112
6
129
101
-68
-92
35
118
35
-65
-39
67
77
6
-91
-72
82
129
6
-142
-78
130
178
-50
-163
-41
129
106
-30
-134
-46
164
117
-124
-135
66
134
19
-83
-78
24
81
18
-65
-39
13
16
3
-50
-24
-6
-1
25
-15
-42
2
12
8
-31
-68
-16
57
20
-70
-58
29
17
-37
-35
-5
26
-4
-53
-36
52
42
-18
-65
-50
13
63
-28
-48
-44
-26
33
18
-24
-21
-18
-33
20
32
-14
-39
-14
-5
10
-23
-18
10
33
-24
-52
-8
41
26
-45
-45
0
25
-16
-39
6
48
4
-61
-42
35
58
-5
-32
17
15
-48
-32
93
105
-76
-113
72
149
-21
-75
-29
65
111
-23
-130
35
149
10
-107
-75
56
117
26
-83
-30
61
62
-31
-49
31
90
26
-30
2
11
41
47
-3
-45
-1
49
47
8
-52
-60
63
143
1
-129
-43
66
129
26
-118
-75
94
109
-37
-100
13
113
45
-101
-94
52
112
34
-68
-72
23
85
38
-61
-37
68
51
-36
-83
-13
102
77
-92
-123
-1
98
82
-58
-166
4
147
67
-137
-140
42
147
18
-164
-102
89
128
-35
-160
-33
133
66
-99
-123
48
103
-31
-105
-4
33
15
-42
-79
-30
89
63
-99
-143
12
90
45
-11
-109
-105
48
150
4
-120
-81
53
94
0
-134
-59
118
128
-101
-209
6
184
58
-129
-149
43
167
16
-172
-78
141
112
-81
-145
0
128
88
-63
-131
-4
125
46
-54
-58
14
101
62
-94
-38
83
70
-37
-56
5
91
54
-63
-88
9
107
50
-33
-53
14
98
18
-63
-29
74
107
14
-85
-81
127
171
-45
-147
-4
143
118
-69
-131
0
138
96
-38
-80
17
112
11
-85
-17
93
58
-24
-78
-65
65
122
0
-92
-31
91
58
-30
-48
-5
57
74
-31
-106
-43
122
132
-84
-186
-10
178
128
-126
-214
29
200
30
-153
-100
54
133
11
-150
-93
102
96
-100
-119
23
83
-11
-42
-55
-8
49
9
-67
-37
19
35
2
-58
-68
-2
51
18
-64
-113
29
134
-2
-171
-125
105
148
-33
-151
-73
42
105
-3
-147
-47
125
79
-105
-139
30
152
47
-139
-109
64
107
-7
-114
-65
48
67
-2
-90
-43
69
60
2
-73
-58
19
90
71
-67
-100
51
125
8
-99
-12
55
80
28
-71
-60
95
108
-73
-121
50
140
29
-118
-49
92
87
-18
-71
4
78
71
-36
-70
49
101
16
-43
-33
27
65
35
-64
-20
59
67
48
-5
-63
15
83
19
-21
2
17
15
2
-47
14
89
60
-60
-108
19
112
43
-51
-50
22
51
1
-37
-3
50
39
-31
-64
16
51
17
-22
-38
-9
29
11
-12
-12
14
19
-31
-68
13
53
-27
-91
-26
36
41
-30
-59
-14
34
18
-32
-31
3
-9
-16
45
-13
-76
-18
74
19
-63
-91
17
35
18
-68
-51
10
50
-26
-59
3
17
-29
-42
9
56
16
-103
-93
46
94
19
-92
-69
61
49
-54
-57
-11
30
21
-58
-61
46
59
-38
-64
11
25
1
19
-13
-48
-11
30
22
-22
-22
-32
47
54
-34
-51
31
103
39
-103
-94
93
156
-22
-117
-29
101
100
-34
-103
-13
104
89
-47
-117
32
135
42
-81
-31
51
47
-5
20
13
-3
-5
-3
37
60
13
-6
7
-14
44
61
9
-38
-27
11
82
99
-57
-146
9
128
47
-42
-43
-4
39
52
-60
-41
100
88
-82
-89
50
96
-5
-76
-2
82
30
-80
-58
40
99
20
-108
-39
102
72
-29
-88
-30
57
57
-70
-84
-4
78
26
-63
-65
-21
60
55
-87
-96
4
66
40
-31
-77
-58
47
93
-24
-131
-62
92
97
-64
-134
-29
95
66
-109
-163
49
139
22
-151
-151
83
183
-4
-171
-117
70
159
-7
-169
-87
127
111
-84
-143
9
117
50
-99
-134
26
151
30
-136
-113
85
143
-32
-181
-56
152
147
-73
-231
-37
219
121
-111
-137
-39
133
153
-46
-173
-14
127
90
-38
-90
-13
79
66
-8
-70
-6
97
38
-51
-23
53
56
7
-61
-24
60
90
-38
-94
25
122
39
-75
-110
35
211
102
-172
-142
117
229
48
-154
-165
98
240
53
-181
-128
130
166
-37
-143
-17
136
102
-93
-140
18
136
96
-69
-160
-1
151
105
-100
-141
35
157
61
-133
-103
97
188
-16
-210
-88
144
139
-48
-169
-62
92
121
-33
-139
-64
93
96
-64
-133
10
96
37
-89
-104
62
103
-43
-95
-14
19
41
-29
-79
-9
71
27
-73
-87
9
39
36
-15
-120
-74
85
114
-49
-162
-62
119
96
-62
-137
-42
85
50
-91
-75
47
71
-44
-88
-53
48
131
-9
-188
-39
125
87
-81
-103
0
84
42
-102
-76
68
92
-29
-107
-43
82
114
-9
-125
-12
93
22
-77
-38
89
72
-35
-46
39
59
22
-61
-41
66
69
19
-26
-24
33
46
-4
-29
-6
30
49
18
-25
-54
19
111
51
-77
-73
58
147
72
-121
-114
95
147
-7
-103
-3
76
3
-21
22
66
14
-34
-45
24
88
17
-34
15
5
-27
9
43
25
-30
-57
49
101
-43
-118
-4
144
67
-105
-108
61
141
20
-123
-116
82
105
-31
-130
-25
129
64
-146
-97
82
57
-45
-60
-41
44
65
-45
-137
-25
96
45
-57
-76
0
29
34
-24
-49
-35
40
35
-43
-74
-13
47
15
-66
-47
-36
18
81
-17
-108
-60
49
68
-46
-70
22
53
-52
-75
22
49
14
-53
-57
22
53
3
-45
-35
9
11
-29
-30
36
40
-31
-39
19
-3
-24
18
16
-33
-11
2
-28
35
45
-33
-71
20
24
-1
33
52
-37
-54
51
125
-2
-119
-54
94
133
3
-117
-60
121
145
-61
-158
25
154
82
-103
-117
54
172
1
-131
-30
116
92
-13
-95
23
121
48
-94
-92
76
143
21
-88
-49
32
117
67
-74
-113
38
116
34
-94
-59
76
74
-44
-78
2
105
90
-51
-115
20
127
44
-96
-81
102
108
-29
-121
-37
92
101
-66
-119
-10
102
79
-62
-100
-7
79
35
-25
-78
-33
93
34
-76
-40
5
27
19
-52
-97
36
125
-15
-132
-64
62
83
-33
-133
-33
119
75
-118
-131
22
93
53
-112
-160
39
161
39
-178
-161
80
134
-32
-127
-62
46
73
15
-120
-46
95
17
-98
-53
55
63
19
-61
-81
-18
76
57
-34
-58
-30
4
35
-16
-44
-2
41
27
-57
-87
41
117
11
-105
-85
57
128
21
-78
-37
45
81
40
-75
-70
40
96
47
-77
-101
66
118
0
-112
-36
119
122
-81
-137
84
186
8
-181
-69
181
178
-65
-198
-32
184
163
-76
-184
-21
210
159
-104
-164
21
141
107
-31
-126
-28
140
83
-113
-77
90
142
-31
-142
-28
136
101
-30
-113
-35
96
67
-54
-71
27
69
18
-45
-30
24
63
-17
-48
-1
35
23
-2
-39
-43
19
47
-48
-49
-12
-12
46
13
-75
-31
53
32
-87
-101
44
109
9
-119
-66
62
93
-6
-107
-85
64
93
-6
-141
-72
74
94
-44
-140
-64
121
101
-118
-154
26
120
-10
-125
-61
91
69
-64
-106
0
85
56
-86
-113
0
111
54
-64
-116
-8
63
65
-34
-97
10
81
-8
-87
-42
50
110
-16
-120
-75
101
114
-57
-130
29
117
25
-77
-38
60
104
2
-101
-15
93
54
-26
-70
4
61
81
30
-97
-57
114
92
-63
-38
10
54
64
-29
-95
32
124
34
-70
-70
56
123
23
-70
-52
59
85
6
-4
17
-2
-2
-10
-17
59
52
-16
-58
-2
43
67
2
-16
-23
-14
37
34
-12
5
11
-18
6
-2
4
28
18
7
-18
-25
11
39
24
-24
-28
-15
31
26
-29
-37
8
46
-41
-90
34
99
-68
-112
25
74
-16
-67
-28
21
22
-18
-84
-47
81
65
-88
-99
22
75
22
-55
-67
-7
31
-7
-57
-30
19
9
-62
-20
1
-20
16
-22
-81
-39
70
71
-21
-108
-94
48
133
25
-123
-92
50
97
-15
-80
-35
74
63
-90
-122
47
124
-13
-157
-76
105
111
-47
-135
-24
122
77
-105
-123
43
149
39
-103
-96
58
114
32
-96
-91
47
134
37
-103
-82
50
146
28
-127
-46
103
106
-20
-106
-20
105
64
-54
-46
19
92
51
-42
-90
69
130
4
-129
-33
133
107
-49
-114
-22
158
138
-111
-133
65
140
35
-84
-82
93
85
-20
-75
-8
71
79
-52
-110
-28
96
86
-2
-110
-73
103
146
-32
-126
-28
100
101
-22
-126
-38
164
85
-145
-138
59
134
32
-149
-123
80
177
11
-168
-145
89
188
-12
-170
-82
95
119
-20
-139
-67
84
94
-50
-119
-45
96
57
-68
-121
3
112
28
-130
-107
64
116
-15
-159
-83
107
114
-73
-153
-40
126
90
-61
-141
-51
68
81
-63
-90
16
86
11
-103
-57
60
56
-36
-50
-35
15
92
11
-107
-37
77
20
-52
-10
14
25
12
-19
-69
-8
88
53
-55
-86
11
100
36
-82
-53
61
109
22
-96
-51
85
92
-15
-86
-38
132
118
-115
-153
38
156
49
-68
-93
34
142
30
-107
-35
101
99
-35
-85
-6
97
115
-33
-128
-7
138
93
-36
-101
1
93
56
-9
-17
-20
43
44
-17
-35
13
94
22
-80
-75
47
125
42
-98
-93
87
128
-63
-120
24
137
53
-102
-107
52
137
44
-97
-122
32
130
15
-95
-41
16
45
40
-37
-98
-57
80
82
-73
-103
-14
85
65
-97
-111
40
77
-20
-58
-45
52
25
-58
-73
32
75
-4
-112
-64
70
57
-63
-75
-21
21
27
-30
-65
-6
22
-30
-47
36
12
-71
-25
21
19
-4
-9
-43
-33
-18
23
59
0
-105
-64
69
70
-10
-108
-91
56
128
19
-140
-80
114
126
-40
-149
-51
111
116
-100
-131
35
128
15
-112
-58
117
115
-54
-90
44
73
22
-60
-55
56
101
29
-82
-38
89
102
-59
-87
33
99
31
-10
-41
-50
47
121
19
-82
-18
55
44
54
27
-62
2
81
41
-23
-5
28
11
-15
39
57
-36
-75
18
70
17
-23
-17
20
51
11
-59
-38
86
99
-2
-94
-63
66
104
-6
-70
-8
19
17
30
-3
-19
13
-5
-20
18
32
-19
-33
13
21
-29
-35
19
-5
-19
-15
-29
0
33
-13
-34
-12
11
-18
-48
-2
53
9
-81
-56
31
44
-22
-70
-27
30
40
-6
-54
-31
37
20
-70
-59
16
50
-30
-96
-50
67
66
-41
-102
-42
52
75
9
-73
-100
44
131
-21
-144
-22
102
79
-53
-161
-24
167
113
-144
-154
58
153
-17
-147
-38
112
91
-67
-134
5
120
69
-60
-107
19
87
48
-21
-62
-34
110
102
-94
-119
56
118
32
-59
-60
42
110
28
-99
-57
71
115
2
-85
-47
76
101
1
-107
2
140
86
-113
-98
105
169
-31
-127
-40
140
139
-61
-158
-38
166
135
-47
-165
-31
167
105
-83
-116
8
144
63
-91
-103
25
98
63
-72
-83
42
99
-8
-77
-22
63
72
-13
-65
-28
70
111
-34
-178
-25
184
118
-134
-157
0
124
40
-76
-148
-13
212
52
-202
-122
115
154
-56
-214
-14
157
84
-113
-135
21
134
8
-121
-84
74
93
-12
-139
-114
87
141
-20
-158
-118
83
158
-12
-211
-146
149
169
-59
-185
-82
99
144
-33
-173
-57
122
75
-99
-148
54
176
47
-179
-167
88
183
9
-171
-93
110
118
-47
-145
-17
127
100
-68
-150
-5
159
87
-106
-137
-6
158
74
-95
-112
66
143
11
-85
-62
67
107
7
-91
-15
61
88
0
-75
-48
60
96
-15
-95
30
75
27
-25
-39
-1
91
75
-64
-64
45
107
51
-67
-79
62
113
42
-87
-59
42
78
11
-28
-26
52
101
-36
-127
3
157
128
-110
-169
-10
161
149
-70
-185
-7
195
70
-120
-88
82
118
-27
-146
-26
139
77
-88
-105
23
97
6
-57
-35
19
22
-37
-33
19
25
-42
-49
10
21
-17
-58
-13
38
3
-61
-18
35
31
-19
-57
-12
12
-18
-11
18
19
-54
-43
18
48
-22
-78
-48
2
52
11
-64
-69
0
46
4
-65
-7
41
-46
-60
49
28
-24
-12
-19
-5
24
-8
-24
7
23
-19
-67
-40
58
40
-21
-57
-17
2
25
18
-19
-30
7
29
10
11
-24
-30
45
39
-42
-35
38
49
10
-44
-61
74
125
-23
-118
-19
108
82
-10
-78
-1
97
90
-50
-94
23
110
42
-51
-38
39
51
1
-31
30
60
18
-26
4
49
19
3
-22
31
61
23
-23
-24
12
41
57
9
-56
-27
15
58
33
-15
-53
1
45
7
-19
-7
63
46
-51
-55
17
80
52
-49
-69
36
71
-20
-53
8
39
7
26
-55
-90
40
109
0
-87
-72
20
77
25
-119
-85
59
65
-17
-89
-45
61
69
-40
-91
-40
55
78
-42
-135
-6
79
17
-65
-89
-12
63
9
-92
-42
58
30
-81
-26
20
23
-18
-82
-73
57
72
-29
-84
-57
26
78
-26
-45
-2
5
-23
-26
8
48
15
-37
-28
-30
15
62
4
-77
-40
34
47
-23
-52
-26
46
77
-28
-137
-38
134
88
-69
-118
3
120
87
-73
-96
16
99
63
-60
-94
56
109
5
-89
12
88
28
-42
3
0
38
52
-37
-88
45
94
12
-14
-16
1
67
92
-46
-129
21
201
88
-133
-141
88
209
39
-166
-112
118
195
-27
-167
-49
150
116
-90
-141
45
200
49
-164
-112
84
132
36
-72
-91
23
96
18
-84
-53
69
91
-34
-93
-15
81
84
-14
-103
-47
81
87
-19
-89
-52
36
54
-8
-71
-62
28
72
-37
-85
5
77
22
-83
-73
60
86
-21
-95
-71
59
92
-14
-108
-42
62
61
-66
-90
-20
51
84
-37
-186
-42
160
94
-83
-168
-55
131
153
-103
-192
-21
129
59
-85
-111
34
127
-6
-161
-69
135
133
-101
-159
11
110
44
-86
-103
48
97
-39
-111
-4
115
34
-76
-64
7
45
77
-41
-79
14
55
7
-24
-24
21
57
13
-24
-11
1
21
23
23
-15
-3
35
17
-1
-23
13
32
23
-26
-24
31
69
6
-74
-46
65
99
0
-73
-30
80
105
-20
-74
30
122
39
-98
-75
86
115
-69
-72
64
92
-10
-88
-42
76
84
-4
-54
-20
29
63
3
-41
4
47
11
-6
-5
-25
23
74
1
-90
14
25
7
35
-9
-86
11
94
-6
-89
2
75
30
-86
-73
46
59
-33
-100
-18
87
34
-101
-75
35
53
-19
-66
-38
58
62
-56
-93
10
27
-28
-14
19
-36
-34
23
35
-6
-74
-78
16
108
-13
-128
-44
71
30
-64
-58
44
30
-87
-75
52
112
-15
-136
-56
64
60
-6
-49
-12
28
-14
-57
-5
41
21
-31
-43
-24
12
9
11
-16
-42
-15
21
26
-4
-32
16
61
9
-50
6
44
60
-12
-84
7
90
39
-53
-95
26
155
36
-97
-25
68
54
10
-37
-17
62
27
-14
-2
36
9
-5
27
45
-11
-5
19
16
21
48
-9
-32
34
89
21
-51
0
20
20
44
26
-30
0
17
-13
27
23
-40
31
44
-50
-67
47
69
21
-22
-34
-3
70
23
-58
-30
62
58
-33
-66
-6
97
79
-70
-104
21
80
45
-46
-86
-22
55
26
-26
-84
-32
90
65
-92
-126
7
102
62
-95
-127
13
140
49
-117
-140
26
131
42
-132
-132
73
127
-55
-145
-48
108
110
-113
-197
24
202
43
-146
-177
55
184
43
-166
-176
60
188
0
-189
-109
140
116
-97
-139
5
149
66
-95
-127
-6
105
53
-60
-79
-37
85
45
-76
-80
54
77
0
-65
-81
18
115
44
-82
-99
56
112
8
-99
-72
74
162
15
-168
-49
133
106
-58
-106
11
130
53
-73
-83
31
100
55
-60
-50
60
81
-14
-76
-34
97
126
-28
-114
-19
185
124
-99
-155
37
176
121
-104
-156
9
174
97
-80
-125
47
133
5
-133
-34
115
114
-38
-164
-28
160
125
-74
-130
-14
109
86
-24
-129
-9
163
61
-154
-91
87
125
29
-144
-111
106
151
-11
-143
-71
72
89
-33
-112
-58
31
117
-19
-137
-48
65
42
-37
-85
-29
79
76
-64
-138
-13
142
65
-123
-154
54
183
3
-207
-94
141
141
-63
-207
-86
162
122
-98
-169
-47
107
95
-52
-113
-36
47
47
-28
-80
16
46
-19
-70
-36
75
58
-51
-64
-31
19
39
-11
-38
7
44
-10
-59
-31
34
42
-7
-28
-45
-1
90
30
-94
-52
65
93
-25
-123
27
144
28
-82
-39
26
75
36
-89
-55
107
115
-37
-75
-14
46
54
-5
-60
8
76
75
-12
-87
-31
91
93
-27
-86
0
106
92
-41
-109
22
96
72
-14
-37
29
77
-50
-61
95
90
-72
-83
33
82
46
-36
-67
13
76
6
-51
-24
83
53
17
-55
-34
22
56
50
-6
-61
-41
60
85
-30
-66
-30
56
67
-27
-92
-6
62
30
-53
-58
37
24
-62
-14
17
22
6
-64
-74
9
67
7
-73
-62
41
57
-21
-63
-19
10
34
-17
-37
-19
-19
-8
16
12
-30
-48
-55
50
28
-17
-64
-61
27
59
-36
-36
1
-12
-11
-3
-21
10
-1
-55
-44
16
55
13
-56
-9
33
-21
-25
29
7
-21
-39
-53
33
72
-39
-112
22
92
-4
-98
-30
42
68
-1
-84
-10
74
61
-2
-16
-55
9
99
76
-91
-85
37
118
47
-93
-74
72
121
13
-122
-22
115
80
-30
-69
16
84
49
-26
-50
35
111
30
-94
-45
137
88
-87
-114
67
171
75
-122
-112
66
160
58
-109
-129
58
170
14
-106
-46
65
80
18
-77
-68
56
138
-2
-134
-48
80
102
8
-73
-46
53
61
-25
-80
-28
116
110
-95
-132
19
141
50
-114
-136
62
137
1
-119
-88
48
119
-5
-128
-73
73
54
-56
-83
-19
48
100
-27
-154
-45
120
80
-95
-149
26
161
41
-170
-176
73
219
-9
-253
-144
143
198
-54
-244
-76
181
157
-92
-198
-40
115
84
-62
-118
3
92
12
-92
-57
57
84
-6
-99
-85
40
103
14
-75
-68
25
72
-6
-75
-18
70
53
-40
-97
-15
91
59
-18
-104
-22
133
82
-95
-89
61
112
54
-79
-116
56
156
29
-120
-56
111
86
-11
-81
-11
62
79
-42
-82
32
101
21
-80
-38
88
106
-23
-100
-53
114
173
-41
-176
8
143
104
-13
-121
-61
117
117
-39
-101
-6
126
68
-108
-91
83
155
10
-181
-108
128
163
-20
-154
-70
142
125
-72
-129
25
135
53
-137
-91
55
132
34
-120
-132
70
173
6
-162
-108
88
163
-22
-162
-57
98
82
-58
-129
-11
84
44
-73
-109
12
74
41
-75
-64
10
79
23
-108
-96
71
129
-50
-147
-50
82
105
-31
-149
-82
120
111
-103
-177
-41
105
95
-69
-116
27
85
-20
-83
-43
41
55
-30
-81
-41
39
77
-2
-102
-57
58
28
-27
-55
-34
41
86
-27
-140
-51
125
103
-72
-158
-26
159
109
-108
-139
48
128
20
-88
-29
70
67
-32
-42
30
57
23
-32
-27
49
43
-2
-40
-1
55
29
-30
-44
21
80
55
-37
-77
-2
77
95
-13
-98
-16
89
83
-22
-76
3
74
55
-23
-34
35
77
18
-36
-8
64
50
-25
-75
-7
82
39
-5
-18
-74
-4
96
37
-49
-3
18
16
27
-2
-34
18
59
14
-43
-45
54
82
8
-76
-55
56
72
-30
-106
-20
84
29
-61
-72
3
57
11
-64
-40
63
7
-83
-21
40
-4
-32
-45
5
65
4
-102
-42
41
42
-36
-89
-5
65
-28
-74
-29
48
45
-79
-87
12
60
8
-66
-72
22
74
15
-60
-50
-21
32
14
-30
-17
-28
-3
24
5
-35
-7
-7
-5
-6
-18
-9
27
18
-6
-67
-10
48
50
-58
-88
41
105
-40
-145
8
130
42
-77
-82
10
109
73
-63
-77
68
101
-8
-84
-22
21
66
45
-1
-72
-14
75
89
-40
-99
8
123
88
-78
-101
47
133
-3
-72
-8
86
64
-36
-56
86
129
-35
-124
35
134
51
-74
-93
18
127
78
-79
-113
33
128
53
-69
-95
47
132
42
-119
-101
57
139
57
-126
-116
72
148
52
-107
-95
41
116
31
-89
-86
62
131
-9
-136
-58
126
119
-81
-134
-5
116
56
-99
-143
9
150
14
-92
-97
29
91
14
-115
-65
51
64
-11
-77
-64
33
74
-16
-106
-37
82
45
-71
-79
23
61
11
-120
-91
68
100
-31
-133
-110
65
128
-16
-140
-86
80
158
-34
-189
-27
139
60
-112
-159
27
198
79
-203
-209
101
235
37
-206
-153
106
200
-14
-196
-58
159
109
-80
-149
-11
176
107
-129
-162
57
155
42
-124
-80
86
121
15
-91
-57
74
115
-20
-98
-7
112
66
-70
-95
24
111
43
-68
-93
68
130
6
-115
-49
96
129
-1
-99
-66
80
161
41
-141
-106
111
196
6
-148
-78
83
133
58
-89
-116
70
161
-22
-125
-12
98
87
-29
-142
-36
152
105
-65
-139
2
162
77
-145
-106
130
156
-72
-166
0
170
65
-100
-130
23
113
40
-87
-110
22
94
10
-96
-60
28
99
44
-107
-124
42
106
12
-113
-96
23
106
22
-120
-81
67
84
-30
-120
-43
137
83
-101
-153
-15
116
106
-81
-171
-48
119
97
-55
-151
-57
84
86
-76
-112
-14
74
46
-64
-81
23
76
-21
-75
-27
68
36
-58
-71
7
13
14
-5
-7
11
-8
-21
-38
-34
18
97
27
-105
-49
70
53
-47
-69
3
95
59
-77
-80
78
128
-50
-79
48
71
-22
-42
-7
72
35
-54
-40
50
78
-10
-91
31
97
-14
-39
17
42
9
-33
-18
98
70
-75
-101
65
127
35
-101
-66
64
138
30
-115
-64
97
72
-28
-70
26
102
31
-69
-48
82
54
-32
-61
25
79
6
-92
3
84
18
-46
-33
28
58
31
-4
-25
13
28
-6
-20
14
1
-13
29
5
-14
-18
-9
-2
-19
-18
34
1
-81
-59
62
68
-16
-115
-84
86
131
-34
-180
-38
156
69
-137
-141
27
143
44
-132
-143
74
122
-43
-149
-15
105
18
-116
-70
26
55
8
-109
-56
80
43
-31
-45
-72
-7
83
33
-75
-37
15
17
-9
-11
-23
-9
26
-17
-60
-22
55
38
-17
-83
-41
81
76
-56
-100
-17
91
52
-67
-84
30
89
27
-93
-75
44
105
42
-92
-110
62
189
32
-122
-82
76
135
33
-126
-59
101
121
-39
-117
-15
144
84
-90
-94
67
133
3
-113
-28
113
100
-25
-92
33
137
43
-96
-64
72
160
19
-136
-56
77
79
68
-34
-79
27
66
1
-33
-13
74
64
-70
-94
0
114
91
-46
-113
9
114
39
-93
-71
63
99
-11
-94
-38
100
113
-71
-113
13
64
38
-22
-108
-11
88
46
-64
-97
-27
95
66
-76
-112
11
98
27
-117
-62
73
92
-33
-142
-87
81
131
-36
-146
-66
108
94
-56
-147
-34
117
81
-105
-208
-9
194
84
-162
-218
32
200
67
-174
-179
28
169
64
-169
-112
109
155
-45
-186
-58
158
138
-85
-190
-51
144
140
-133
-170
67
159
-5
-152
-94
108
183
-23
-208
-78
181
140
-93
-170
-1
130
102
-69
-110
11
128
74
-43
-99
-1
106
62
-39
-78
-13
136
86
-98
-100
38
117
53
-104
-120
79
171
6
-154
-41
152
119
-66
-140
9
189
104
-119
-112
70
134
51
-88
-96
68
111
3
-60
0
65
60
-56
-67
27
70
66
-21
-81
-2
69
46
-38
-56
-1
72
57
-41
-88
46
132
16
-119
-71
86
122
12
-124
-86
78
67
-21
-69
-30
38
45
-21
-82
-31
26
28
11
-45
-22
18
50
-19
-105
-32
46
29
-19
-44
-42
12
49
-31
-71
-5
69
3
-92
-55
54
68
-32
-77
-72
62
98
-75
-129
23
86
-6
-93
-50
39
46
-59
-71
0
97
38
-101
-71
16
87
35
-96
-96
55
51
-38
-33
7
13
-21
-48
-13
27
36
-2
-72
-19
63
30
-40
-34
-25
60
41
-30
-46
9
58
51
-35
-33
57
69
-25
-26
-27
67
76
-3
-71
-15
68
71
-24
-95
-13
105
80
-43
-57
-2
55
49
9
-27
20
44
-12
-19
73
29
-11
-12
34
36
30
1
-53
-14
48
56
56
-25
-82
-23
82
114
-22
-105
-5
88
51
-50
-78
43
115
16
-117
-72
95
107
-43
-75
-2
76
42
-64
-82
74
110
-59
-72
40
61
-2
-57
-55
17
53
21
-65
-65
-14
25
2
29
-39
-74
-21
69
50
-61
-114
-13
125
42
-129
-107
64
102
-19
-117
-53
77
78
-92
-129
6
126
-1
-120
-64
70
72
-77
-133
7
119
55
-76
-140
-20
123
77
-93
-118
6
106
36
-119
-64
63
75
15
-100
-109
57
122
-23
-129
-53
89
71
-73
-91
21
84
44
-52
-85
19
88
31
-57
-90
29
91
33
-58
-102
27
168
53
-150
-90
70
146
65
-116
-69
105
115
-64
-91
17
67
44
-33
-50
39
90
-6
-53
11
74
31
-13
-30
16
96
59
-44
-43
36
92
46
-37
-67
7
78
74
-28
-122
16
116
45
-78
-55
81
110
-42
-140
-26
141
96
-58
-151
-16
167
98
-135
-154
59
195
27
-130
-91
58
140
11
-122
-55
76
104
-34
-143
-58
70
94
-18
-126
-111
86
153
-8
-165
-78
89
110
-48
-172
-20
126
59
-84
-113
-7
83
7
-98
-63
48
56
-24
-114
-39
80
83
-31
-130
-104
93
114
-67
-190
-28
124
76
-105
-137
-10
79
73
-73
-125
1
102
30
-87
-90
32
136
25
-164
-113
103
148
-82
-173
9
147
51
-126
-109
88
145
-9
-122
-81
52
100
18
-59
-45
34
55
-4
-29
5
7
4
49
-16
-31
6
49
13
3
1
-6
10
23
12
21
3
-1
1
-16
29
42
37
-60
-86
46
168
16
-112
-73
76
159
65
-164
-118
142
208
-32
-195
-55
162
129
-47
-124
13
159
60
-143
-102
92
157
-22
-131
-43
102
101
-42
-84
-33
65
58
-18
-33
-6
37
61
-7
-88
-7
81
46
-40
-97
-6
94
37
-81
-83
42
72
-16
-92
-1
29
-33
-47
-16
22
37
-17
-57
-21
17
45
-35
-86
-1
87
-19
-85
-58
37
62
-11
-84
-35
36
27
-12
-35
-12
-26
-25
5
18
-14
-32
-19
5
-18
-37
9
29
-51
-45
-2
4
40
3
-84
-21
55
26
-34
-41
6
12
-11
-30
-2
32
16
-75
-67
30
68
32
-65
-82
44
78
-12
-78
-44
63
106
3
-95
-59
39
111
50
-106
-69
124
81
-34
-58
-8
54
84
-13
-73
-5
90
42
-47
-36
29
63
16
-44
-19
46
32
13
12
22
8
11
-1
29
59
-10
-32
2
44
79
25
-80
-32
26
74
53
-32
-62
-2
31
25
-5
16
48
9
-51
-1
37
28
12
-6
-28
8
22
19
-17
-28
-9
22
25
28
6
-11
8
7
-9
-35
24
72
-9
-97
-19
26
30
23
-35
-102
35
77
-48
-77
-4
64
34
-69
-103
-6
103
90
-79
-157
11
112
18
-82
-101
43
95
-30
-154
-55
102
97
-95
-142
-28
121
88
-100
-171
7
144
28
-114
-109
-2
110
85
-89
-116
46
92
3
-111
-53
105
99
-79
-145
-8
116
67
-76
-100
-15
81
40
-69
-85
30
101
19
-78
-106
66
136
6
-135
-78
84
151
-32
-151
-42
155
129
-49
-167
-23
152
118
-50
-153
-11
177
133
-72
-144
-7
142
111
-88
-126
60
128
21
-101
-72
80
189
22
-173
-75
169
184
-32
-190
-58
165
219
-35
-224
-79
167
184
-26
-163
-73
138
141
-65
-139
11
156
81
-110
-123
26
147
78
-95
-132
56
131
22
-93
-47
72
94
-59
-140
12
152
71
-82
-127
4
143
94
-98
-168
-10
164
69
-127
-158
11
169
58
-153
-118
58
142
7
-150
-77
102
129
-38
-161
-46
84
60
-44
-96
-34
62
56
-73
-107
25
112
22
-127
-160
67
172
3
-206
-118
94
157
-15
-165
-49
69
33
-7
-47
-40
31
19
-62
-61
55
80
-9
-77
-39
13
63
40
-79
-80
28
86
-5
-132
-42
97
89
-33
-139
-77
162
179
-100
-160
7
160
65
-99
-95
87
128
-13
-103
-2
77
41
-44
-28
52
82
1
-78
5
90
18
-65
-21
52
71
-9
-44
-16
31
66
29
-18
-29
7
45
57
33
-49
-35
57
91
24
-42
-33
42
28
-19
6
46
27
-8
-41
-17
77
77
-19
-68
-31
28
70
27
-30
-26
32
43
-14
-72
-13
97
60
-58
-72
18
61
72
9
-81
-76
81
71
-33
-50
-22
13
45
-29
-73
-13
33
26
2
-70
-29
14
-7
-20
4
-8
3
5
-25
20
-11
-46
-33
19
25
-7
-39
-40
-25
13
-11
-29
23
6
-101
3
89
4
-81
-96
21
99
26
-107
-66
56
47
-40
-55
-6
42
-5
-63
-45
33
68
9
-90
-41
41
21
-37
-30
38
10
-49
-53
11
25
23
-40
-27
16
6
-2
8
-11
8
39
18
-27
-1
18
3
-21
14
61
14
-51
-1
36
55
18
-53
-4
57
39
16
-26
-61
46
105
-21
-75
23
61
16
-54
-46
61
127
13
-125
-60
169
153
-79
-156
4
172
128
-76
-165
-25
156
131
-99
-148
31
141
27
-82
-52
64
75
-26
-73
11
75
54
9
-67
-46
30
52
11
12
-33
-21
32
34
-17
-67
18
100
14
-80
-61
78
112
-33
-132
-20
107
74
-68
-168
0
154
43
-127
-114
23
130
30
-130
-108
50
133
0
-151
-79
102
98
-65
-147
-15
107
56
-109
-122
31
124
1
-169
-108
133
143
-81
-179
-52
111
112
-49
-151
-70
100
115
-54
-110
-33
73
66
-27
-124
-13
125
68
-91
-144
-16
148
92
-101
-165
34
132
7
-135
-53
113
67
-28
-99
-49
108
101
-48
-99
-22
73
77
3
-93
-57
77
132
-20
-129
-25
104
96
-33
-110
2
134
41
-79
-72
38
129
64
-109
-110
99
159
-29
-141
-19
170
104
-82
-137
26
202
93
-126
-110
68
178
48
-143
-96
120
152
-9
-92
-54
101
100
-75
-123
30
141
65
-115
-104
46
141
76
-73
-126
11
148
62
-108
-90
82
137
-25
-159
15
121
60
-62
-116
-4
149
86
-90
-138
21
143
2
-165
-63
74
83
7
-127
-50
80
73
-39
-78
-51
43
55
-7
-77
-34
32
44
-33
-65
-35
64
61
-79
-154
38
149
19
-144
-132
49
154
2
-179
-91
95
106
-54
-130
-28
72
30
-24
-79
-22
60
27
-75
-89
-1
108
59
-88
-101
7
91
67
-63
-107
22
95
21
-109
-100
68
119
-22
-102
-53
65
106
6
-105
-21
72
42
3
-16
9
39
-10
6
41
10
21
-18
-38
51
55
-4
-32
-27
30
77
14
-68
2
89
57
-34
-73
-5
82
77
5
-64
-53
45
88
58
-68
-62
64
107
44
-52
-54
45
64
-8
-53
42
37
0
-32
-39
25
120
46
-91
-52
25
74
44
-63
-45
64
80
-27
-88
24
81
40
-38
-70
-17
77
43
-33
-29
-2
20
22
12
-26
-15
-10
3
-20
-26
22
5
-48
-25
5
7
12
-46
-27
4
4
-21
-39
-3
53
19
-46
-50
11
38
2
-44
-31
15
-15
-70
5
18
17
-47
-56
33
85
-40
-114
-25
68
23
-23
-10
-49
-49
37
59
-25
-6
-51
-33
14
26
5
-12
-39
5
16
-37
-32
29
14
-7
-34
-44
56
62
-63
-110
12
116
57
-124
-111
72
167
-13
-159
-67
140
151
-29
-182
-80
162
183
-97
-185
30
186
90
-119
-116
74
162
27
-104
-81
83
140
-9
-119
-22
95
109
-37
-108
-12
108
88
-60
-93
80
147
-4
-114
-17
124
98
-38
-99
-8
78
80
22
-50
-58
27
40
9
-10
6
18
20
-1
-56
-34
113
134
-70
-139
-3
109
110
-16
-143
-38
124
83
-103
-99
42
147
30
-126
-80
94
151
-24
-189
-74
126
124
-41
-177
-87
136
137
-60
-183
-40
133
81
-73
-148
-25
131
87
-137
-157
66
129
-48
-107
-19
61
31
-95
-93
58
94
-46
-132
-87
78
123
-34
-158
-73
73
93
-2
-67
-80
-11
51
6
-71
-16
60
16
-49
-67
16
90
42
-82
-104
2
100
37
-102
-80
61
99
-44
-124
-18
106
71
-63
-115
-33
111
93
-55
-70
-9
54
55
-12
-45
13
40
25
25
-31
-34
45
35
19
-21
-24
37
68
-1
-103
-38
116
131
-52
-129
31
163
45
-130
-79
102
132
-14
-155
-46
173
158
-102
-185
50
221
111
-126
-174
71
197
15
-105
-48
76
99
-22
-112
1
141
82
-128
-128
43
140
74
-56
-105
5
135
51
-123
-83
77
143
16
-149
-81
105
152
-22
-171
-82
118
132
-57
-137
-9
113
62
-97
-90
19
57
49
-63
-132
8
119
29
-113
-103
23
97
26
-106
-68
48
110
-45
-146
-52
140
89
-103
-153
-22
121
75
-94
-166
-28
145
82
-110
-141
-13
125
66
-98
-110
33
37
-15
-53
-21
26
51
-2
-81
-81
29
124
-5
-141
-48
71
36
-10
-77
-26
87
70
-86
-113
45
95
3
-76
-95
-4
112
52
-81
-59
29
79
29
-52
-36
68
96
-16
-74
1
76
51
-51
-52
40
76
28
-80
-47
92
83
-45
-65
-5
74
84
1
-97
-24
91
77
-17
-89
-24
94
103
-24
-91
8
99
41
-16
-41
24
70
17
-56
15
64
9
-44
-41
39
55
32
-12
-62
-17
91
57
-92
-22
75
31
-30
-44
20
66
26
-69
-39
53
47
-45
-35
24
48
-2
-31
-27
32
24
-21
-36
-19
6
31
-32
-62
-11
28
1
-35
-49
-21
51
-1
-75
-37
10
47
5
-64
-35
44
-2
-25
-16
-3
-19
-23
-14
6
-16
-37
1
-17
-39
-14
-5
21
-6
-43
-24
35
65
-37
-113
-56
84
82
-24
-100
-65
65
84
-58
-93
17
66
22
-93
-89
70
118
-12
-137
-73
69
102
-2
-103
-79
66
112
-40
-116
19
111
31
-92
-102
65
137
34
-104
-87
61
158
38
-112
-116
50
162
30
-118
-76
76
121
41
-112
-102
92
174
-9
-144
-46
138
108
-41
-121
1
116
92
-81
-116
62
145
42
-69
-73
53
129
13
-86
-67
73
140
15
-137
-53
98
115
-55
-129
11
146
32
-126
-89
92
162
5
-176
-77
132
148
-38
-163
-7
168
76
-122
-133
48
158
42
-134
-110
80
141
-10
-133
-62
78
75
-30
-78
-58
49
96
-34
-96
-31
38
50
-24
-101
-27
49
53
-41
-80
-37
80
60
-65
-108
25
87
-1
-106
-74
42
104
3
-182
-116
120
147
-42
-204
-95
173
141
-102
-199
-32
155
124
-137
-168
33
130
51
-98
-160
55
187
-9
-193
-86
125
120
-44
-136
-49
115
108
-103
-153
36
157
35
-118
-146
53
190
30
-163
-118
78
172
22
-137
-65
105
135
-6
-117
-78
111
128
-12
-141
-47
144
128
-59
-153
-18
153
118
-70
-160
12
168
97
-111
-125
84
168
26
-130
-65
103
145
-37
-135
4
144
106
-68
-115
28
123
55
-46
-53
18
85
19
-102
-28
106
120
-16
-164
-88
125
169
-23
-155
-43
110
119
-31
-137
-10
142
74
-79
-119
13
128
63
-65
-135
-20
135
99
-106
-148
31
117
11
-88
-93
7
125
43
-149
-96
70
41
-17
-77
-40
41
63
-42
-46
-1
15
-5
-33
-39
27
18
-32
-62
0
31
-5
-48
-25
-51
-29
25
8
-6
-28
-50
-11
36
25
-22
-85
-41
34
51
-16
-27
-20
-28
-30
8
27
2
-37
-38
-6
7
14
-13
-1
23
4
-40
-33
19
56
4
-70
-34
45
9
1
-37
-13
35
57
-14
-59
21
90
14
-65
3
78
34
-21
-61
5
124
73
-69
-120
41
122
34
-110
-60
92
111
-9
-115
-49
126
125
-45
-107
-16
108
96
-42
-109
42
106
47
-62
-49
43
79
12
-83
-66
118
151
-32
-110
-19
15
52
29
-5
-20
16
12
6
2
12
44
-6
-21
-2
10
31
29
-8
-16
-2
32
10
-4
-20
-1
-21
3
28
11
-43
-35
45
34
-35
-55
14
15
-31
-55
-1
61
7
-84
-64
48
68
-40
-108
-43
94
79
-84
-135
19
131
25
-115
-56
65
47
-66
-105
7
108
-11
-128
-61
66
66
-46
-101
-38
74
74
-26
-91
-67
35
74
-22
-52
2
16
-21
-37
7
37
18
-46
-60
-46
45
73
-19
-88
-33
53
40
-35
-55
13
44
39
-67
-95
31
106
17
-70
-77
31
95
14
-69
-34
36
106
55
-84
-93
68
115
1
-125
-42
103
89
-39
-81
4
124
89
-96
-110
67
160
5
-130
-54
85
109
11
-67
-56
79
110
-21
-81
-37
118
141
-48
-148
-6
137
102
-55
-141
11
154
54
-102
-52
75
96
-34
-105
-42
91
75
3
-72
-36
41
44
12
-8
-18
-9
37
26
-21
-38
54
64
-38
-107
-18
76
65
-56
-107
7
98
13
-64
-66
-9
109
17
-118
-56
63
75
-37
-100
-26
68
69
-50
-139
-45
135
82
-120
-155
42
171
31
-166
-132
69
153
57
-166
-194
60
197
29
-197
-185
71
188
23
-171
-105
28
152
27
-136
-56
88
63
-86
-143
-2
179
72
-148
-148
32
156
60
-139
-122
86
128
-40
-139
-60
121
100
-39
-143
-43
113
113
-66
-122
5
148
69
-108
-88
58
123
36
-56
-74
32
77
50
-53
-63
50
105
-6
-56
-20
31
49
31
-50
-50
69
66
-11
-14
-9
21
97
19
-64
-22
92
65
-67
-67
41
117
62
-99
-83
106
146
-43
-95
-18
105
81
-66
-96
27
132
57
-99
-90
56
119
2
-101
-36
74
99
-28
-85
-19
92
68
-50
-94
31
99
41
-71
-102
8
111
58
-88
-98
44
99
-44
-130
-1
107
-4
-71
-59
58
75
-28
-137
-63
68
99
-41
-113
-19
85
38
-39
-85
-39
46
60
-35
-78
-35
50
13
-42
-39
-14
-19
17
-8
-54
-60
-3
45
40
-44
-41
-8
4
-3
-19
-27
-9
4
1
-39
-60
22
71
-29
-57
-18
-1
1
3
-42
16
67
-41
-100
-16
103
53
-86
-100
41
100
25
-76
-56
25
67
-6
-44
-32
55
85
-9
-92
19
102
45
-57
-47
44
77
-4
-48
-8
40
50
-9
-38
-10
37
39
33
-20
-26
1
43
48
-1
-40
7
70
34
-9
-28
35
33
16
3
11
-6
37
-6
-25
39
57
-26
-34
4
39
34
8
-46
1
40
2
-21
-17
45
52
-10
-40
-10
29
34
11
3
-46
-10
36
19
-33
0
21
7
-13
-29
-8
58
9
-89
-40
48
69
-17
-121
-29
90
54
-64
-115
18
90
-3
-94
-72
21
91
31
-101
-111
24
94
-8
-113
-25
68
45
-85
-78
33
90
-9
-143
-71
92
90
-61
-138
-49
128
71
-111
-131
9
115
49
-88
-93
42
103
-10
-121
-58
97
114
-37
-130
-81
44
118
17
-97
-65
18
73
27
-63
-70
37
87
-6
-120
-7
116
50
-62
-113
-40
130
116
-44
-129
-40
140
147
-68
-187
24
197
92
-101
-149
25
187
62
-119
-113
41
163
57
-135
-79
91
131
-17
-117
2
147
107
-80
-169
9
237
123
-169
-181
82
247
79
-208
-171
123
249
45
-202
-103
159
163
-82
-171
-8
190
114
-127
-188
0
191
156
-81
-203
-43
161
135
-61
-137
-1
134
66
-106
-125
52
184
41
-200
-110
142
155
-59
-168
-24
111
73
-77
-127
-18
98
88
-56
-110
-24
69
62
-50
-110
8
92
15
-89
-75
41
59
-65
-109
24
110
40
-111
-113
24
101
35
-112
-153
19
177
33
-175
-170
48
177
50
-158
-167
23
166
45
-144
-79
102
80
-61
-131
-42
106
84
-85
-135
-28
97
92
-69
-84
4
67
3
-67
-51
47
78
-3
-94
-50
63
97
-45
-89
18
89
-5
-75
10
85
29
-82
-4
88
50
-32
-61
6
80
53
-29
-76
7
83
51
-46
-58
14
94
75
-50
-114
-6
117
111
-14
-121
-39
138
142
3
-129
-106
130
156
-6
-143
-44
138
93
-66
-60
39
85
36
-62
-88
29
134
76
-87
-144
9
169
98
-99
-136
13
153
58
-108
-81
82
123
-1
-144
-35
122
56
-77
-59
-6
85
56
-60
-106
25
82
-15
-76
-18
45
-19
-28
-9
16
-9
0
-4
-20
-31
-22
-1
-2
-16
-7
-15
35
19
-46
-58
8
69
2
-91
-80
45
56
-23
-84
-41
23
72
-10
-75
-82
6
42
19
-36
-48
-28
16
24
-11
-27
9
23
-37
-43
9
37
-15
-41
-8
32
-10
-43
-13
37
36
-55
-64
-10
67
56
-52
-90
24
72
9
-38
-19
17
22
-35
-24
44
53
3
-43
-52
91
118
-55
-124
13
144
78
-73
-110
45
173
44
-145
-96
112
136
-8
-126
-48
132
112
-66
-104
39
103
46
-54
-46
73
96
3
-94
-18
113
95
-51
-88
-13
74
87
-3
-86
-26
50
49
6
-2
9
11
0
-15
-52
3
114
65
-74
-89
18
101
67
-67
-78
30
98
13
-64
-52
27
101
20
-113
-69
97
103
-64
-136
-29
120
76
-63
-158
-14
155
51
-154
-110
70
125
-9
-136
-58
51
79
-17
-93
-63
51
65
-27
-120
-48
84
73
-72
-136
-6
114
73
-128
-154
33
163
34
-189
-161
88
160
-28
-150
-65
52
99
-21
-109
1
63
-1
-68
-49
38
70
2
-33
-71
-47
66
81
-50
-124
-12
91
59
-63
-115
-6
101
103
-81
-155
24
163
65
-113
-122
48
125
36
-97
-76
49
114
38
-129
-58
130
136
-21
-119
-19
119
45
-45
-57
23
50
18
-33
9
58
21
-36
-40
49
96
38
-62
-43
45
104
32
-72
-76
44
141
58
-106
-77
51
113
46
-63
-71
44
113
32
-111
-69
94
129
-45
-154
-5
140
109
-58
-153
-8
137
44
-96
-79
56
126
52
-128
-101
76
136
21
-120
-102
76
147
-24
-166
-50
94
69
-47
-97
-29
46
73
-25
-104
-9
86
40
-74
-100
32
71
-15
-81
-48
56
61
-50
-134
-24
126
96
-105
-176
0
118
75
-69
-155
-42
114
79
-75
-146
-44
110
85
-82
-101
-5
51
19
-59
-65
40
72
-9
-69
-47
51
57
-30
-87
-33
44
78
-26
-116
-16
107
50
-96
-116
53
153
25
-174
-94
91
180
-12
-179
-55
130
92
-62
-115
12
152
47
-109
-39
77
77
-7
-66
-20
66
80
-19
-56
-11
58
17
-15
-24
9
47
52
-29
-33
-2
59
85
-9
-84
-13
91
85
9
-63
-14
83
68
-25
-50
-18
64
66
-5
-32
17
23
35
-39
-40
53
87
33
-69
-86
16
106
68
-39
-80
16
102
-3
-96
-32
97
106
-56
-116
-21
127
103
-49
-132
-23
116
78
-62
-113
-11
107
39
-117
-85
53
87
-45
-95
-33
59
20
-36
-54
17
62
-29
-96
-27
75
53
-87
-112
-16
101
95
-60
-140
-37
81
35
-49
-56
-43
17
73
-30
-97
-20
29
-20
-35
-2
33
17
-87
-87
89
113
-52
-98
-40
65
48
-54
-63
21
54
9
-93
-86
64
88
-16
-95
-79
43
61
-3
-54
-29
36
47
-44
-62
36
85
39
-71
-62
30
85
43
-60
-87
41
133
26
-111
-45
65
118
-4
-87
-19
93
87
-12
-88
-50
95
102
3
-87
-50
62
105
-8
-84
6
108
55
-49
-64
67
111
24
-104
-49
125
132
-57
-159
-23
159
134
-76
-164
14
145
93
-119
-151
87
210
15
-192
-122
129
224
-2
-242
-126
185
195
-62
-171
-40
136
115
-73
-156
32
165
23
-133
-59
87
108
-30
-118
-62
65
56
-28
-63
-57
22
65
-2
-69
-51
21
45
6
-42
-60
-16
49
43
-68
-80
15
40
-16
-79
-33
67
35
-78
-90
32
99
3
-169
-81
128
128
-64
-201
-64
125
144
-82
-186
-51
137
107
-84
-130
23
106
17
-97
-83
62
136
-6
-147
-114
74
160
-27
-139
-37
79
30
-52
-49
26
64
14
-53
-63
15
84
24
-69
-43
38
58
-1
-64
-36
61
89
29
-118
-41
87
61
-18
-39
15
79
10
-45
-19
27
22
20
-5
-29
5
54
35
-39
-22
81
99
-24
-107
-33
116
143
-18
-136
-22
138
129
-56
-151
4
158
75
-70
-108
32
148
37
-119
-78
103
139
4
-150
-82
126
144
-28
-143
-84
137
161
-57
-175
-28
178
101
-126
-156
74
192
65
-148
-184
97
213
7
-176
-100
102
87
-53
-99
-22
0
49
30
-63
-44
45
33
-31
-76
-19
60
30
-66
-80
17
90
13
-110
-90
53
110
-46
-160
-37
135
58
-85
-96
-36
51
73
-39
-110
-51
61
65
-24
-108
-55
61
71
-32
-131
-53
113
87
-89
-132
10
154
68
-111
-141
-21
92
90
-76
-110
31
82
8
-48
-49
2
44
4
-42
-14
39
58
-18
-61
7
34
14
-42
5
40
11
-22
30
61
-26
-34
29
36
22
0
-6
-2
5
26
45
-29
-40
10
45
77
-1
-58
-51
62
131
18
-117
-71
100
166
22
-122
-74
91
150
11
-127
-45
93
78
-40
-18
27
10
21
-15
-43
48
77
-11
-21
-14
-12
35
43
-15
-19
19
17
0
-17
-11
35
59
-20
-60
16
64
-1
-59
-6
40
42
-8
-55
-23
39
39
-54
-72
28
56
-46
-88
24
45
2
-48
-65
-6
28
-9
-9
4
8
-6
-36
-63
19
32
-3
-46
-33
15
33
-32
-85
-25
94
48
-100
-93
-1
77
31
-78
-110
12
82
9
-50
-77
-38
70
54
-48
-72
-7
38
35
-34
-64
6
38
25
-56
-67
17
62
10
-41
-69
-15
40
22
-33
-23
-2
12
11
-6
8
24
-11
-37
20
51
-11
-38
46
-11
-46
39
82
-25
-55
2
76
83
-42
-120
65
147
36
-114
-93
84
153
-14
-118
-8
132
58
-94
-71
68
123
21
-97
-69
114
143
-50
-146
12
166
111
-82
-156
15
182
81
-103
-130
32
152
48
-91
-93
32
116
54
-74
-69
37
102
37
-80
-69
49
73
-7
-37
18
38
12
-42
-30
27
71
30
-83
-66
48
90
15
-79
-96
33
92
19
-106
-115
12
150
40
-131
-131
45
149
36
-164
-120
71
143
14
-181
-92
97
114
-48
-151
-53
124
78
-133
-154
68
144
10
-176
-131
83
167
-34
-204
-115
165
179
-92
-232
-66
159
127
-113
-211
36
225
56
-195
-144
114
205
-11
-206
-126
131
175
-37
-167
-72
133
107
-108
-171
6
194
112
-139
-200
16
224
106
-138
-168
34
184
74
-112
-97
43
96
48
-40
-88
8
119
51
-66
-65
50
116
11
-99
-10
106
75
-56
-100
38
136
44
-120
-103
93
160
14
-127
-53
90
167
15
-154
-66
129
176
-1
-176
-90
161
145
-59
-126
-12
124
116
-99
-162
67
189
73
-141
-130
44
161
81
-122
-141
50
142
36
-103
-54
64
65
-21
-73
-11
65
50
0
-81
-34
64
55
-22
-93
-32
94
55
-99
-107
2
99
53
-103
-106
56
93
-14
-101
-57
49
80
-39
-91
22
64
-8
-62
-55
22
42
7
-65
-92
2
80
45
-84
-119
-31
108
71
-99
-139
-1
120
40
-104
-107
33
73
8
-73
-77
35
83
-46
-96
-12
65
24
-23
-37
12
2
-46
-29
29
44
-8
-82
-51
43
67
7
-56
-55
14
86
33
-96
-60
112
58
-70
-69
22
99
33
-109
-30
122
56
-57
-66
21
124
64
-65
-104
19
133
69
-85
-90
47
128
15
-103
-59
61
114
24
-57
-57
48
68
9
-10
14
-2
54
47
-41
-35
42
80
19
-76
-59
99
121
-12
-131
-71
111
150
-11
-135
-59
121
112
-53
-101
14
134
32
-74
-55
46
72
13
-70
-14
45
49
-14
-14
8
-4
-30
9
8
0
-1
-6
-8
-18
-13
23
1
-73
-38
71
70
-64
-143
-24
100
38
-87
-99
30
140
25
-177
-93
96
114
-45
-129
-87
87
108
-74
-140
3
115
26
-138
-69
60
50
-50
-82
2
58
25
-44
-67
-56
31
56
-7
-32
-23
-4
26
-26
-47
3
49
29
-63
-81
4
87
24
-70
-74
24
74
9
-80
-38
28
42
-21
-87
15
106
33
-66
-66
23
78
50
-17
-63
-41
91
104
-59
-114
26
136
75
-60
-89
21
99
27
-54
-20
51
50
-4
-6
7
30
12
-20
-4
27
58
6
-45
-48
107
147
-50
-132
7
135
97
-58
-109
-3
119
86
-40
-74
-2
63
19
-38
-32
41
68
-18
-80
-15
67
89
18
-58
-70
19
78
40
-64
-65
40
108
4
-95
-65
81
145
-14
-172
-59
146
112
-77
-148
-7
136
48
-110
-148
-8
179
53
-150
-109
92
119
-41
-177
-50
145
98
-88
-141
-31
134
84
-121
-166
37
172
29
-186
-140
100
131
-6
-162
-117
77
170
7
-168
-128
56
143
19
-105
-107
-18
74
64
-81
-92
39
94
-6
-101
-59
95
83
-56
-118
-17
91
66
-61
-105
21
109
-3
-107
-53
56
56
8
-54
-91
74
144
-30
-151
-32
121
122
-41
-139
-46
122
105
21
-116
-78
106
133
-49
-128
-2
159
97
-111
-133
70
178
18
-129
-71
130
126
-53
-136
-2
145
94
-79
-76
15
101
111
-41
-105
15
135
87
-54
-108
2
114
74
-53
-80
16
102
21
-86
-21
90
67
-40
-72
0
62
53
-22
-52
-22
59
74
-41
-91
9
111
42
-97
-75
56
95
23
-108
-74
90
124
-37
-121
-40
77
59
-47
-74
-7
10
18
-23
-35
10
-9
-17
6
-5
-19
-9
-23
-21
48
27
-80
-54
20
62
9
-68
-74
3
65
16
-48
-71
3
1
22
-14
-72
-52
25
61
3
-102
-51
52
25
-62
-52
37
58
-6
-72
-67
24
65
-8
-41
-26
8
12
15
-26
-37
7
18
12
-41
-64
5
73
9
-66
-13
30
30
30
-29
-41
21
47
5
-25
-22
60
33
-31
11
44
-2
-17
-10
39
55
9
-55
-22
49
59
-1
-43
10
50
21
-18
-18
15
21
-13
37
31
-9
-1
22
17
30
13
-17
16
62
6
-12
32
13
-36
-5
57
74
-20
-83
-40
47
101
4
-61
-18
40
45
-14
-52
21
71
10
-59
-8
52
49
-1
-34
-22
32
42
-16
-57
9
63
-6
-54
-20
36
76
4
-92
-64
25
63
14
-100
-98
92
112
-40
-159
-72
105
101
-61
-132
-28
95
70
-45
-94
-33
50
25
-10
-61
-2
30
-19
-67
-1
41
10
-81
-76
24
88
11
-113
-96
59
109
-3
-108
-83
48
91
-22
-133
-26
92
37
-65
-101
-7
102
88
-82
-158
-27
102
102
-30
-150
-59
128
77
-98
-93
51
113
-3
-156
-89
155
168
-79