#4
386
-658
-648
387
774
-102
-773
-207
638
465
-385
-648
36
692
302
-570
-537
332
678
-38
-662
-281
520
557
-252
-667
-20
672
287
-516
-505
272
652
74
-630
-374
438
632
-132
-660
-149
562
403
-310
-558
27
630
287
-533
-507
308
611
34
-578
-325
405
574
-135
-637
-97
605
394
-424
-571
168
681
250
-598
-523
369
702
-28
-669
-258
540
532
-266
-669
-39
713
398
-515
-666
201
750
199
-634
-518
382
676
-40
-684
-237
565
482
-333
-643
22
652
279
-512
-518
260
644
39
-631
-367
439
551
-165
-651
-177
572
409
-365
-585
100
587
150
-511
-407
297
557
-39
-604
-270
478
465
-257
-585
-78
586
361
-423
-594
153
667
130
-585
-431
359
550
-83
-587
-212
466
386
-295
-505
47
528
183
-448
-422
229
576
34
-533
-284
342
395
-138
-452
-96
402
325
-288
-452
78
466
193
-359
-371
192
472
32
-478
-235
417
422
-243
-526
-5
526
298
-388
-425
207
539
61
-514
-252
409
452
-157
-520
-84
527
363
-356
-506
126
572
199
-462
-430
288
599
21
-593
-255
460
478
-186
-544
-79
486
351
-286
-452
96
505
141
-434
-313
298
480
-14
-512
-194
420
414
-196
-483
6
464
216
-350
-354
194
479
48
-490
-275
388
450
-167
-533
-129
480
397
-308
-563
60
603
197
-506
-422
288
543
-1
-547
-277
414
452
-222
-557
-58
492
297
-334
-505
88
562
128
-507
-353
313
442
-58
-486
-212
418
404
-270
-529
9
499
191
-390
-368
157
454
68
-434
-289
284
402
-84
-440
-155
324
334
-162
-432
-30
405
149
-334
-269
209
358
-43
-392
-175
310
346
-130
-424
-90
365
264
-215
-331
26
372
164
-342
-286
218
388
-46
-395
-102
335
269
-216
-371
58
436
139
-377
-280
256
402
-28
-395
-164
329
360
-167
-434
10
437
228
-337
-382
189
498
55
-455
-256
330
411
-80
-459
-131
432
363
-270
-503
72
514
159
-408
-341
241
473
43
-459
-223
425
390
-246
-478
47
524
221
-385
-402
178
514
112
-436
-302
321
418
-121
-447
-77
439
302
-301
-453
106
500
122
-412
-331
235
466
9
-483
-259
373
434
-190
-507
-83
445
335
-255
-523
-4
538
215
-471
-425
274
541
-1
-536
-280
407
474
-202
-557
-82
466
292
-316
-453
76
505
140
-453
-357
282
465
-84
-464
-177
365
353
-198
-458
-46
433
242
-332
-407
93
446
155
-393
-362
218
450
-21
-459
-206
344
351
-176
-454
-78
436
295
-334
-453
95
455
138
-353
-351
204
453
-29
-448
-151
342
298
-192
-372
5
385
203
-311
-330
180
427
4
-415
-151
345
316
-133
-368
-78
346
257
-206
-322
98
348
79
-297
-200
232
360
-63
-391
-89
362
265
-233
-355
56
385
179
-297
-309
183
388
0
-380
-165
291
319
-68
-349
-73
352
194
-237
-274
140
324
54
-276
-204
205
353
0
-370
-171
310
316
-106
-303
-31
310
178
-253
-279
163
324
-22
-324
-137
261
273
-114
-349
-59
296
161
-171
-239
28
284
140
-243
-282
133
356
-28
-377
-128
287
253
-173
-358
-55
363
224
-308
-344
111
393
54
-366
-246
249
340
-98
-389
-127
332
260
-221
-341
46
331
92
-293
-246
165
307
-60
-346
-104
289
258
-161
-368
-60
356
256
-257
-385
65
335
84
-293
-220
206
337
-71
-405
-126
318
268
-124
-330
-84
268
228
-150
-324
30
333
81
-271
-199
168
271
4
-279
-125
238
227
-132
-268
41
270
154
-164
-256
46
290
106
-235
-168
170
232
-32
-208
-61
213
166
-155
-200
99
251
28
-195
-119
142
256
-4
-292
-124
282
257
-124
-288
-27
284
203
-180
-275
72
313
61
-247
-134
211
223
-56
-256
-81
273
251
-153
-321
10
297
118
-177
-188
111
256
-46
-286
-70
266
192
-177
-258
37
276
102
-240
-217
136
278
-10
-286
-158
190
275
-40
-294
-161
224
253
-157
-321
-20
319
138
-260
-240
96
309
42
-317
-223
196
323
-64
-337
-106
207
266
-127
-361
-65
339
197
-236
-307
48
322
132
-266
-267
119
297
-28
-301
-99
231
208
-149
-313
-11
313
131
-259
-237
96
240
46
-239
-172
198
241
-143
-316
0
311
177
-212
-293
16
305
162
-253
-280
150
335
29
-299
-165
194
286
-24
-298
-113
243
214
-124
-215
23
235
128
-184
-236
108
304
50
-273
-130
180
186
-30
-175
-36
159
122
-89
-148
63
144
-10
-97
3
91
78
-42
-99
9
110
34
-61
-68
29
104
52
-80
-104
44
179
23
-151
-44
131
90
-70
-122
14
204
97
-176
-192
79
234
73
-136
-147
83
170
-32
-166
-32
163
66
-133
-129
72
167
-7
-201
-95
161
162
-119
-246
16
260
93
-214
-208
82
227
6
-240
-101
163
143
-95
-191
-44
172
150
-153
-238
39
240
48
-210
-137
96
194
19
-225
-123
162
166
-103
-214
1
169
93
-134
-178
44
187
15
-215
-96
178
137
-103
-176
-51
167
129
-117
-201
25
153
34
-113
-125
62
166
-2
-257
-156
206
251
-63
-291
-76
227
185
-101
-261
-21
263
142
-189
-236
72
262
106
-213
-245
95
305
71
-258
-176
193
280
-30
-309
-93
312
249
-206
-319
92
353
122
-279
-267
159
360
27
-352
-141
297
260
-109
-307
-33
312
182
-184
-245
88
271
30
-211
-120
173
235
-36
-275
-112
241
227
-155
-213
81
263
63
-220
-158
184
290
-54
-325
-109
268
240
-88
-247
-37
196
140
-97
-176
18
182
44
-126
-76
74
100
-62
-92
-11
119
51
-146
-69
153
97
-101
-116
-23
81
88
-73
-116
40
97
-7
-89
-39
23
74
20
-128
-91
103
128
-54
-149
-24
59
56
-41
-137
-17
123
42
-111
-80
53
93
16
-138
-115
97
118
-33
-157
-21
119
58
-92
-169
-7
191
74
-180
-162
76
169
26
-170
-104
151
165
-110
-275
-28
280
171
-185
-244
28
264
135
-235
-257
136
303
22
-273
-134
181
220
-12
-210
-114
139
208
-3
-197
-54
176
141
-73
-191
-10
194
78
-109
-95
68
130
29
-79
-72
69
105
-12
-93
-22
111
72
-16
-67
-13
64
77
-30
-86
38
84
-8
-33
18
48
21
0
-56
11
96
46
-56
-33
60
63
-10
-36
-15
80
73
-64
-111
57
138
35
-59
-54
-19
53
42
-35
-10
24
2
-27
12
11
-28
-10
4
-18
0
53
-24
-84
8
85
11
-50
-39
-26
7
26
-26
-30
1
-6
-12
1
12
-23
-13
-25
-51
30
77
-22
-103
-18
69
39
-35
-108
-61
107
109
-88
-142
16
120
10
-88
-97
28
97
16
-122
-69
103
85
-71
-154
-41
149
86
-107
-157
21
175
24
-156
-113
85
142
-49
-178
-66
167
154
-75
-197
-25
170
104
-81
-135
-22
181
127
-149
-189
78
214
45
-130
-149
42
209
57
-170
-113
148
179
-47
-206
-20
226
137
-155
-190
63
230
49
-159
-110
109
206
-17
-186
-51
140
124
-51
-115
-17
88
86
-22
-101
-29
117
74
-80
-72
77
103
-15
-91
-96
67
183
10
-134
-43
103
113
5
-106
-48
82
102
-65
-114
37
154
39
-98
-89
5
127
44
-126
-91
89
128
-35
-122
-50
106
129
-76
-175
-4
165
34
-108
-75
18
96
45
-114
-138
48
121
-4
-89
-72
-1
67
17
-59
-48
41
52
-61
-69
7
45
-13
-59
-25
37
42
-57
-77
29
64
-21
-49
6
31
7
-12
-65
-18
36
-16
-22
17
-5
-22
-34
-41
32
66
-5
-86
-77
60
95
-75
-76
63
70
-58
-100
-2
103
99
-77
-197
13
209
92
-138
-138
14
149
115
-115
-158
55
163
19
-108
-65
44
130
43
-113
-73
124
121
-64
-135
-17
113
140
-16
-159
-56
161
132
-83
-127
33
142
55
-91
-96
47
168
-10
-126
7
94
2
-45
-25
16
56
79
-62
-88
66
128
7
-100
-72
69
155
42
-126
-69
94
97
-50
-55
31
82
51
-96
-123
63
181
67
-107
-146
-1
180
76
-165
-122
77
130
-26
-125
-43
66
91
-12
-115
-14
104
40
-72
-68
36
46
4
-88
-74
45
123
-12
-135
-67
74
78
-53
-70
-13
39
22
-39
-54
43
47
-31
-75
-25
39
41
-21
-88
-15
83
10
-87
-47
65
28
-32
-47
-76
18
86
-29
-107
6
82
5
-71
-72
9
86
39
-104
-130
61
116
-10
-92
-66
17
60
23
-93
-10
110
14
-102
-15
84
35
-53
-48
-12
69
67
-36
-86
11
120
60
-98
-145
41
184
48
-140
-50
126
90
-68
-98
43
114
8
-119
-78
103
173
-2
-134
-54
100
108
-7
-114
-45
110
140
-75
-159
23
146
81
-58
-124
-6
163
105
-137
-116
108
168
25
-193
-90
162
213
-20
-219
-63
189
145
-49
-86
-26
83
60
-75
-52
87
103
-38
-104
-4
79
37
-29
-73
-19
102
74
-82
-96
37
59
22
-64
-64
47
77
-9
-72
-27
50
50
-22
-89
-46
78
77
-40
-118
-12
88
20
-52
-66
-28
62
56
-81
-119
34
112
-19
-127
-47
50
78
-7
-106
-14
85
-3
-68
-23
23
-4
-17
-44
-47
35
5
14
-5
-54
-51
-14
48
6
-70
-31
25
-12
-7
35
-15
-36
-21
-30
17
12
-35
-18
68
50
-98
-63
96
79
-59
-98
-4
100
60
-66
-104
50
145
26
-121
-97
80
137
45
-107
-99
88
125
-19
-109
6
125
70
-42
-96
8
123
69
-69
-66
54
55
4
-7
-26
-15
84
87
-54
-75
43
52
-12
-31
-17
40
61
-19
-58
32
109
39
-119
-50
86
111
14
-118
-47
117
98
-63
-101
33
126
12
-107
-74
119
160
-36
-167
-71
110
128
-4
-137
-71
120
117
-81
-127
20
125
23
-86
-64
35
80
-9
-53
-37
44
50
-34
-79
-27
27
54
-1
-97
-60
95
64
-61
-103
-19
72
46
-51
-111
-24
105
11
-113
1
70
-13
-49
-43
15
78
-8
-110
-28
67
35
-45
-50
-33
20
53
19
-83
-37
52
16
-56
-9
-4
2
-7
-39
-21
44
50
-19
-32
-19
-18
8
22
-3
-17
21
32
-52
-36
23
28
15
-12
-19
-6
46
24
-62
-17
67
43
-41
-85
0
124
55
-89
-71
74
93
-30
-62
50
51
26
-46
-66
50
110
11
-110
-16
102
36
-29
-48
-24
59
111
-1
-111
-36
111
73
-30
-102
-32
110
68
-50
-34
82
42
-57
-10
72
42
-28
-13
-36
44
79
7
-56
1
65
-8
-52
-2
43
78
1
-92
-46
53
69
-27
-45
-22
4
70
48
-64
-81
37
76
-9
-80
-40
43
96
17
-123
-92
97
99
-79
-113
-4
104
71
-101
-151
28
128
31
-81
-82
-18
49
96
-37
-148
5
105
21
-84
-50
12
46
-12
-42
-28
8
17
-3
-27
-37
6
24
-24
-74
-7
68
7
-81
-55
34
2
-37
-7
21
-4
-41
-26
14
55
31
-49
-60
-33
0
51
63
-46
-106
35
97
10
-71
-68
54
89
4
-72
-60
65
78
-22
-39
-16
-9
19
56
5
-64
31
61
6
0
5
13
18
21
2
5
-11
-18
48
58
-63
-54
72
91
-51
-52
-1
39
71
-2
-44
-5
42
14
-37
-9
41
64
3
-49
-49
52
139
-3
-122
-9
95
73
0
-73
-36
84
96
-13
-51
-17
38
21
-13
-27
36
94
11
-122
-88
101
134
9
-105
-102
56
178
10
-179
-90
115
139
-10
-162
-141
127
246
-34
-293
-86
231
108
-152
-171
36
176
14
-196
-108
127
165
-67
-194
-59
127
126
-58
-164
-25
142
60
-117
-103
44
58
-24
-64
-38
60
78
-45
-126
-7
115
23
-103
-93
15
113
51
-129
-163
58
149
3
-120
-49
30
65
3
-101
-56
80
80
-22
-118
-87
36
168
47
-180
-116
116
125
-55
-104
-12
75
31
-25
-33
28
42
-36
-25
15
9
17
26
11
-19
5
56
30
-26
-1
33
47
8
-53
-38
71
78
-16
-15
6
14
30
-16
-35
25
71
13
-58
-5
69
39
-39
-61
19
70
56
-39
-65
17
99
46
-1
-58
-77
61
143
36
-93
-57
44
49
35
-29
-66
31
71
-34
-37
54
76
-25
-28
-24
-19
28
37
6
-36
-40
13
48
17
-61
-50
59
48
-64
-52
22
40
35
-1
-84
-36
57
8
-64
-12
25
-10
-23
-15
-18
-13
35
-2
-63
-45
19
48
-16
-68
-11
38
-2
-53
-25
20
3
-21
-33
-12
19
20
-23
-66
-23
75
36
-113
-73
58
51
4
-61
-80
1
68
33
-63
-24
30
-6
-19
-24
-16
59
63
-92
-142
30
92
22
-26
-15
8
11
1
-39
-18
29
25
-10
-40
-9
43
48
29
-62
-37
41
9
12
15
1
-5
29
12
-43
7
69
15
-26
-13
-11
7
80
19
-55
5
59
15
-23
-24
-6
23
57
18
-43
-17
57
30
-45
-36
8
90
56
-91
-68
96
131
-30
-139
-13
150
93
-92
-115
69
134
-12
-106
10
83
49
-42
-107
-23
106
110
-73
-98
60
53
-37
-42
24
31
-40
-25
12
45
0
-76
-36
86
52
-98
-79
33
91
16
-99
-96
52
106
-44
-178
-4
162
25
-139
-93
58
123
20
-144
-110
93
101
-61
-117
-3
59
47
-38
-97
-18
92
37
-78
-86
15
36
44
-26
-128
-23
114
35
-102
-71
27
77
36
-83
-132
6
134
17
-107
-71
5
82
35
-101
-83
98
85
-96
-134
31
114
35
-83
-103
0
94
93
-54
-118
-10
75
80
-50
-86
16
107
36
-88
-89
17
125
84
-79
-113
80
154
-43
-145
15
136
84
-63
-107
-7
135
100
-101
-110
73
117
-29
-85
11
82
64
-18
-90
3
101
38
-77
-49
51
55
34
-68
-74
92
150
-23
-145
-43
111
108
31
-101
-101
82
126
-21
-74
21
75
52
-26
-111
-26
167
134
-108
-180
-8
152
102
-70
-108
0
120
47
-84
-57
27
50
1
-8
-20
-63
15
86
28
-62
-103
-33
94
68
-67
-99
-9
34
38
-28
-62
-38
78
31
-92
-109
33
93
-10
-85
-47
40
48
-21
-104
-14
69
-4
-41
-26
10
9
5
-54
-56
71
47
-91
-94
20
117
47
-87
-156
-9
171
58
-124
-122
48
63
9
-44
-52
49
70
-63
-155
4
149
54
-106
-107
-2
126
89
-99
-126
63
115
-7
-92
-48
67
84
7
-65
-45
44
51
-7
-31
15
31
33
9
-43
-2
72
16
-52
0
14
28
51
50
-38
-28
63
35
-60
-25
65
70
-14
-52
-6
82
59
-55
-88
67
100
9
-64
-42
43
106
23
-81
-67
80
95
-6
-55
-15
72
59
-41
-55
56
81
-20
-87
-45
64
110
20
-109
-47
67
61
-63
-55
67
36
-52
-34
12
8
18
-31
-41
14
47
-23
-69
27
80
-27
-61
-21
3
20
-15
-56
-13
57
-40
-46
26
-6
-20
5
3
-44
7
18
-51
-20
38
-22
-36
36
-6
-68
-20
21
-1
26
-16
-87
-21
81
25
-84
-67
-2
39
30
-21
-61
-26
19
-20
4
34
-46
-62
34
28
-70
-19
41
26
-20
-66
-48
43
57
54
-37
-70
-41
44
74
-4
-93
-12
108
45
-63
-71
29
84
29
-28
-73
-35
89
78
-30
-63
18
97
49
-67
-105
78
122
0
-84
-13
55
56
27
-32
-77
22
102
7
-28
-21
-13
11
78
29
-64
2
44
4
-23
25
12
0
6
13
32
33
0
-50
4
72
24
4
-6
-22
30
69
19
-57
3
22
-28
1
41
21
8
21
29
-19
-36
-32
23
86
-10
-96
-10
90
13
-105
-28
55
16
-14
-46
-25
61
77
-65
-96
4
64
12
-54
-50
19
59
-23
-105
-38
52
75
-7
-106
-99
39
109
35
-99
-92
19
82
46
-60
-114
-25
105
49
-82
-39
54
18
-44
-47
-3
31
9
-62
-48
52
55
-46
-70
-10
3
45
-4
-77
-37
49
26
-67
-8
64
9
-74
-63
9
43
62
-38
-106
7
76
14
-26
-48
-24
65
59
-54
-85
47
95
11
-36
-62
-83
85
147
-32
-103
17
106
32
-61
-40
57
116
-20
-145
-25
136
95
-58
-98
-7
113
107
-88
-136
42
149
52
-89
-64
20
48
41
-25
-45
14
41
24
-6
2
0
0
35
10
-21
-2
42
46
17
-42
-60
80
97
-30
-77
10
46
-7
-29
26
66
58
-42
-123
-5
142
55
-58
-83
-26
70
74
-15
-101
-15
115
30
-82
-74
-6
90
111
-63
-186
-22
165
70
-121
-125
22
98
40
-78
-88
14
61
-11
-83
-27
37
45
-18
-62
-32
33
28
-29
-21
-30
-37
1
52
0
-54
-50
7
39
8
-39
-81
-5
50
-21
-41
11
13
-54
-35
-9
7
36
26
-38
-65
-11
21
28
30
-23
-103
-49
67
84
-3
-56
-61
8
64
4
-40
-38
3
50
39
-3
-72
2
73
-35
-71
31
66
29
-35
-86
-15
164
119
-111
-144
54
164
29
-87
-88
15
150
61
-103
-73
38
101
58
-83
-86
66
164
7
-131
-37
93
67
-7
-65
-31
66
103
3
-104
15
120
59
-60
-94
-8
124
82
-66
-102
71
124
-17
-77
-9
84
34
-33
-64
-2
82
57
-21
-35
-32
-30
66
77
-47
-100
2
90
41
-53
-57
-26
75
70
-74
-83
-22
29
63
12
-68
-53
20
31
-35
-52
-3
31
-9
-36
-23
1
52
29
-97
-70
42
54
-12
-73
-57
50
68
-65
-88
8
49
-29
-34
12
0
3
-15
-46
-13
49
-3
-104
-38
33
29
27
-34
-84
-43
51
55
-34
-38
-25
-28
36
49
-36
-34
-7
-15
-13
18
-16
-36
43
23
-52
-27
33
40
-12
-42
-22
52
94
-27
-117
-8
96
84
-23
-100
-47
112
133
-59
-142
27
138
39
-104
-55
87
104
22
-123
-50
115
102
-26
-96
-1
65
68
-18
-82
-40
74
103
-5
-99
-42
93
108
-37
-105
8
120
47
-101
-43
96
106
-32
-154
-42
172
160
-77
-209
-1
166
121
-28
-146
-57
120
109
-64
-89
50
72
16
-33
-86
-16
105
69
-97
-88
66
82
-34
-86
-37
54
97
-29
-111
-25
88
68
-30
-113
-79
56
106
-43
-148
-40
127
54
-103
-82
3
90
60
-108
-110
52
87
-30
-99
-19
52
31
-14
-75
-27
72
18
-92
-39
58
53
-38
-92
-21
85
66
-93
-127
47
114
10
-78
-86
-23
84
64
-95
-137
41
128
14
-117
-100
84
149
-16
-190
-61
109
71
-67
-66
48
54
-27
-61
3
63
19
-71
-41
65
32
-9
20
10
-19
-15
-1
26
12
6
-16
14
76
-30
-95
34
122
39
-82
-62
33
115
62
-69
-63
51
78
-40
-27
20
25
16
15
-17
-13
59
27
-76
-23
72
66
21
-55
-77
62
144
0
-120
-21
103
91
-20
-106
-50
93
122
-39
-94
20
84
38
-54
-72
-2
156
90
-102
-101
43
93
19
-31
-62
-23
75
70
-51
-56
-15
31
27
12
-56
-43
49
81
-5
-80
-20
46
16
-50
-48
15
78
-24
-137
-22
117
66
-62
-136
-31
127
75
-111
-145
80
137
-49
-104
-28
15
14
-20
-56
8
75
-14
-84
-22
-6
9
35
-45
-81
8
136
13
-141
-88
31
72
9
-78
-78
38
75
-39
-92
1
84
13
-70
-51
28
47
-31
-23
15
16
-50
-38
83
64
-101
-78
35
97
27
-76
-73
59
135
-33
-152
-20
148
65
-73
-59
20
82
51
-69
-59
66
88
-27
-68
-26
68
120
9
-97
-53
69
73
-3
-10
-15
-17
58
54
-30
-44
23
43
13
-18
-20
49
43
-30
-20
64
53
-81
-41
126
78
-66
-37
28
60
30
-42
-55
77
105
-52
-102
15
112
66
-16
-106
-53
84
104
-36
-76
7
8
15
43
-35
-52
20
38
-18
-19
6
-40
-16
87
25
-89
-63
46
57
-17
-74
-55
67
53
-73
-98
10
69
22
-37
-85
-28
76
40
-68
-63
19
42
15
-4
-59
-51
50
41
-42
-50
28
12
-32
-31
-27
-9
28
7
-82
-13
96
-9
-109
-29
48
7
-34
-8
-32
-20
-1
16
37
-9
-81
-42
59
48
-55
-54
23
56
26
-79
-93
62
128
-18
-117
-6
68
62
24
-66
-87
54
141
-45
-115
15
111
41
-7
-39
-2
41
30
-31
-9
51
38
-4
-37
-8
47
96
-13
-100
34
109
1
-49
-31
8
53
52
-5
-14
15
-5
-43
-1
43
36
10
-21
-45
45
120
-3
-129
-11
126
44
-12
-44
-43
55
112
35
-67
-67
-63
36
105
50
-86
-59
72
84
-37
-84
-31
91
97
-71
-124
6
145
40
-110
-93
61
100
-5
-112
-93
82
137
-59
-166
-25
144
40
-130
-114
50
148
-15
-200
-48
132
84
-85
-136
-24
93
90
-75
-120
19
80
-18
-74
-56
-3
35
30
-40
-50
38
21
-35
-28
18
-9
-28
-32
-28
-36
86
43
-110
-81
42
77
-14
-62
-53
-5
69
26
-78
-8
55
22
-56
-47
-12
33
83
-23
-113
-10
73
52
-11
-54
-74
52
98
-22
-99
-6
80
59
-29
-95
-37
110
95
-65
-87
46
109
18
-65
-69
47
122
4
-107
-40
117
77
-63
-61
25
81
22
-54
-43
38
70
15
-25
-16
14
42
22
-31
-36
32
94
12
-60
-23
60
57
-22
-77
5
126
61
-76
-74
56
101
5
-49
-51
40
105
-1
-127
-53
130
134
-25
-121
-47
72
84
-41
-70
8
19
13
30
0
-52
-6
54
8
-31
3
-11
-33
57
28
-70
-42
10
10
-17
1
-43
-3
54
-6
-86
-2
78
-5
-76
-24
-4
39
47
-64
-73
33
69
-23
-57
-51
15
79
-14
-121
-18
109
23
-144
-40
117
18
-139
-73
92
91
-55
-162
-37
130
78
-101
-123
38
92
-26
-77
-58
45
111
16
-134
-110
46
100
46
-68
-114
8
114
62
-70
-91
18
42
21
19
-33
-11
17
26
-4
-1
-30
-13
49
14
-11
3
41
18
-11
-15
-9
29
57
8
-65
-17
77
59
-15
-55
-5
31
-6
19
12
0
-14
2
49
56
-30
-85
-21
105
57
-12
-52
-17
117
103
-44
-128
-4
134
81
-51
-126
27
152
24
-139
-61
143
119
-54
-126
-29
117
113
-30
-112
7
83
22
-45
-42
11
47
-13
-29
-2
61
13
-92
-34
69
44
-63
-49
41
41
-8
-81
-34
69
20
-89
-52
41
19
-47
12
8
-52
-4
17
-19
-21
-34
-33
28
23
-8
-42
-12
41
-3
-51
-44
-22
52
21
-63
-79
53
91
-65
-87
-35
24
50
12
-45
-40
19
3
-48
-33
0
19
40
-11
-87
-34
62
43
-15
-45
-56
-17
39
18
5
-8
-32
-21
5
43
4
-28
-30
-5
27
45
-17
-57
-4
68
62
-43
-89
13
129
68
-102
-87
83
139
-34
-128
16
116
52
-57
-94
10
123
61
-55
-68
35
87
33
-41
-53
7
77
29
-39
-6
52
30
-13
-32
-31
44
96
17
-86
-37
83
71
-26
-74
-27
63
50
0
4
10
-39
-2
56
48
-37
-49
-5
25
51
8
-36
15
23
-50
-10
57
33
-52
-70
61
91
-38
-106
-30
66
74
-39
-93
-4
69
54
-57
-81
-14
73
44
-86
-90
26
83
-16
-84
-32
15
40
-14
-59
-14
-2
8
-24
1
19
-30
-28
11
26
-37
-79
-16
52
43
-53
-75
26
44
-44
-61
10
30
-10
-39
-6
27
6
-36
-50
14
40
-27
-44
-32
5
31
-19
-38
25
55
-65
-87
13
64
46
-6
-53
-55
36
77
-5
-73
-49
44
73
19
-45
-54
9
74
42
-50
-76
31
98
45
-82
-54
73
82
-38
-98
17
130
54
-85
-90
28
113
53
-55
-83
60
81
-30
-104
22
122
57
-34
-104
-7
163
69
-137
-104
81
133
3
-107
-83
79
169
19
-135
-80
87
149
6
-104
-82
72
122
-13
-88
-8
80
46
-48
-83
19
137
37
-96
-69
48
47
-5
-16
-17
-21
11
20
5
12
-3
-53
-10
43
4
-31
-16
37
25
-16
-25
-26
25
-9
-69
-27
43
41
-46
-40
6
47
3
-72
-35
25
30
-27
-20
1
-50
-6
51
37
-44
-84
-14
39
29
21
-51
-80
-7
44
31
-37
-66
-21
61
37
-72
-79
27
61
-54
-77
27
54
-39
-85
0
45
25
-5
-39
-25
-10
1
-25
-6
27
4
-18
-30
-13
45
36
-21
-32
6
39
19
-18
-45
1
76
21
-74
-63
80
101
-15
-61
-13
93
94
-68
-104
35
105
32
-79
-67
72
148
-1
-138
-69
149
105
-64
-116
-37
112
118
-20
-102
-10
89
40
-43
-49
34
96
33
-78
-44
60
82
-2
-41
-11
58
68
-5
-71
-33
67
81
0
-36
4
35
12
-22
-28
69
73
-38
-81
-11
70
36
-27
-18
-8
18
50
-18
-68
20
82
1
-64
-32
-2
23
35
10
-54
-24
32
-4
-55
-33
12
22
-25
-47
14
18
-8
-26
-1
-17
-18
-6
13
-21
-27
-7
10
-1
-19
-55
-49
43
68
-49
-72
37
62
4
-85
-88
48
65
-32
-83
-1
42
1
-23
-36
-56
-11
52
26
-24
-68
-72
37
115
9
-96
-82
18
51
-11
-38
-12
28
25
-33
-51
27
94
-30
-93
14
97
45
-61
-88
3
112
70
-104
-118
69
129
-1
-61
-23
83
87
-67
-93
37
120
48
-72
-80
-6
74
145
17
-138
-60
111
99
-36
-113
-6
116
104
-61
-127
33
140
-2
-84
-3
80
45
-59
-43
98
117
-53
-141
-14
136
90
-41
-78
-16
100
34
-42
-14
24
26
3
-59
7
71
60
-11
-82
-50
54
76
-20
-63
-31
39
74
-2
-73
-51
28
79
37
-69
-83
14
112
33
-108
-90
77
60
-53
-76
-44
67
64
-34
-99
-29
48
41
-21
-85
-58
56
84
-35
-113
-19
71
18
-37
-36
-17
-2
10
-21
-16
48
25
-75
-86
37
83
-23
-96
-80
42
117
5
-142
-53
91
53
-58
-55
-5
35
22
-52
-50
49
83
-42
-97
-15
48
26
1
-39
-27
40
32
-10
-19
-37
-27
70
64
-47
-68
5
70
68
-26
-113
-22
125
79
-68
-65
27
91
32
-83
-69
90
125
-14
-124
-48
118
101
-12
-93
-53
62
90
-9
-98
-6
86
45
-15
-21
-4
4
20
-7
27
24
-3
3
-7
16
59
15
-47
-20
72
66
-56
-68
40
109
25
-74
-66
49
123
14
-129
-103
86
160
-2
-112
-31
39
57
15
-36
-52
14
62
-1
-28
-16
-6
19
60
-35
-87
1
48
23
-4
-54
-66
27
68
-15
-87
-39
90
70
-94
-114
40
98
-27
-130
-8
96
20
-46
-67
-9
49
50
-48
-81
24
53
-22
-60
-17
60
55
-66
-115
-12
108
42
-99
-94
26
73
6
-57
-79
-5
57
47
-79
-61
29
42
-50
-44
3
58
24
-64
-73
42
51
-75
-32
41
41
-20
-55
-12
45
21
-55
-20
16
31
24
2
-19
23
56
13
-85
-46
68
80
0
-52
-3
30
53
12
-45
-28
67
63
-68
-66
64
96
20
-80
-63
65
139
-18
-146
-12
124
80
-39
-78
21
51
5
-11
26
53
-5
-58
8
91
52
-64
-75
29
98
29
-53
-15
26
33
12
-3
0
14
33
4
-38
-22
75
43
-48
-9
12
-6
14
31
23
-13
-31
-30
50
61
-44
-64
18
65
-4
-51
-54
4
82
21
-101
-55
48
56
-26
-70
-43
22
44
-29
-77
-12
76
0
-80
-32
33
28
-24
-58
-30
29
42
-36
-53
-35
9
49
-14
-55
-28
37
33
-60
-50
20
40
-23
-72
0
49
10
-40
-73
-4
43
8
-29
-37
-6
13
27
-1
-49
-20
27
-9
-23
-14
-31
12
90
-2
-109
-67
67
103
-5
-92
-38
73
59
-57
-55
38
70
-3
-50
-3
31
30
7
3
5
-9
-1
38
15
-30
8
71
34
-32
-25
42
55
-2
-13
6
8
9
16
4
17
18
1
8
19
31
4
-3
7
10
8
58
13
-10
6
33
35
-14
-46
-1
78
39
-21
-23
15
39
18
8
-4
-5
12
3
-25
27
78
10
-43
-19
-1
8
27
-3
-13
-18
10
2
8
-1
-29
-4
22
-7
-23
18
33
-3
-51
-65
31
89
-37
-116
-43
77
46
-86
-63
30
58
12
-68
-81
14
81
-3
-81
-56
14
45
24
-48
-54
16
-2
-49
-28
41
47
-24
-44
-46
-23
61
63
-81
-121
34
100
-11
-96
-37
62
42
-84
-76
31
56
-6
-55
-19
17
27
50
-54
-92
-4
48
22
8
-4
-26
-12
-8
19
-1
-18
14
19
10
-18
-26
16
46
36
-57
-49
28
75
47
-59
-42
28
75
-18
-63
65
65
-30
-39
-8
20
50
45
-19
-59
24
62
8
-21
-22
43
47
-10
-38
35
60
-51
-91
46
108
20
-53
-71
52
121
35
-90
-43
81
87
-47
-68
22
76
43
-61
-70
52
117
-2
-95
-30
50
82
33
-40
-33
31
25
-40
-6
21
-15
-34
13
49
-15
-30
9
26
-18
-53
-13
48
60
29
-63
-90
-7
118
33
-104
-99
20
119
-15
-124
-39
36
45
24
-36
-78
-24
56
22
-22
-19
-34
6
8
4
-34
-8
16
-28
-24
44
30
-63
-59
3
32
31
0
-62
-30
26
37
-29
-45
-25
-4
5
-21
-32
38
55
-75
-91
24
85
45
-47
-110
-50
54
79
15
-15
-37
-72
31
93
13
-102
-26
69
37
-25
-51
-7
58
59
-22
-76
7
71
66
-10
-78
-15
100
62
-61
-54
61
80
-13
-72
-8
66
57
22
-34
-9
26
34
11
-19
3
35
33
-10
-38
36
37
-33
-35
8
46
64
6
-30
-13
35
12
31
15
-33
-27
39
68
14
-58
-62
38
96
86
-20
-139
-74
110
127
-6
-100
-17
77
30
-55
-53
75
98
-63
-110
31
101
16
-83
-53
43
48
-30
-36
25
44
11
-73
-22
44
34
-15
-74
-64
69
84
-76
-149
-22
140
82
-112
-148
-13
130
93
-100
-129
2
86
86
-65
-124
-51
75
70
-50
-66
2
24
6
-64
-48
15
48
-3
-56
-33
23
43
-14
-64
-63
9
57
-18
-40
16
22
-70
-54
54
87
-14
-131
-92
65
141
28
-90
-73
-2
46
56
-29
-73
-6
56
14
-43
-22
12
40
53
-44
-80
34
132
15
-110
-7
65
51
20
-44
-52
82
119
-47
-124
10
124
101
-35
-120
-4
122
46
-53
-35
19
48
32
26
-12
3
45
-2
-45
-20
72
71
-20
-63
-6
95
57
-62
-23
48
42
7
6
23
-18
-9
36
18
9
27
1
-34
-57
12
95
62
-50
-105
-19
103
64
-55
-68
12
37
31
-14
-36
-25
11
41
8
-45
-55
5
35
7
-32
-2
-2
-17
-12
21
-17
-19
-25
-14
-11
-5
7
-18
-23
-20
-26
16
28
-50
-55
57
54
-49
-46
6
-2
-32
5
1
-9
6
-12
-43
-31
-10
31
14
-50
-68
36
63
-24
-68
-33
62
6
-45
-49
6
46
-20
-59
-14
68
59
-32
-80
-53
28
59
16
-47
-58
10
56
27
-33
-53
9
59
57
-42
-53
6
46
42
-22
-75
-6
83
68
-71
-45
68
65
21
-52
-39
41
99
21
-88
-50
74
94
4
-95
-39
58
87
-14
-63
8
22
20
43
36
-14
-45
-5
37
31
-5
3
21
-2
2
17
2
8
2
20
21
20
-16
57
32
-57
-16
74
62
-21
-70
-37
23
79
47
-58
-29
47
10
-31
-4
9
18
6
0
-4
-5
40
15
-32
-50
-10
13
23
-4
-10
-11
-4
-19
14
2
-44
1
12
-11
-23
5
-1
-38
4
13
-15
-20
-21
11
45
-15
-74
-38
42
35
-21
-45
-5
-4
3
17
-5
19
-15
-69
-42
54
70
-41
-118
-19
98
52
-84
-94
23
79
-16
-84
8
85
21
-77
-95
38
96
31
-86
-88
29
61
-1
-24
-29
-10
15
4
-48
-6
85
32
-92
-31
69
49
-25
-49
1
78
33
-90
-61
105
88
-43
-61
31
61
24
-10
-30
-15
47
47
-34
-24
26
58
18
-42
-14
26
44
-19
-15
19
37
28
-16
-19
19
40
-9
-38
16
95
27
-77
-38
81
68
-15
-46
-30
40
44
26
25
-16
-33
-13
50
66
6
-66
-44
32
82
55
-53
-88
88
92
-25
-88
-20
62
33
-43
-29
23
22
11
-24
-1
21
-24
-32
4
43
40
-59
-102
31
96
0
-87
-57
-26
30
47
-25
-53
4
42
3
-38
-39
-9
5
16
15
-42
-65
26
32
-7
-45
-68
-19
57
80
-47
-88
4
26
21
-10
-32
-56
-11
35
9
-10
-41
-20
2
6
-5
1
6
-14
-46
-25
21
36
14
-42
-61
0
41
-27
-25
53
45
-75
-110
40
113
13
-144
-48
121
104
-70
-125
35
148
19
-118
-80
77
143
5
-136
-62
131
146
-62
-127
-9
138
87
-68
-122
26
137
38
-69
-51
53
73
22
-17
-48
-5
51
54
22
-52
-20
24
43
-7
-4
77
38
-93
-61
118
116
-68
-76
10
65
70
-13
-66
12
81
16
-62
0
54
34
-7
-43
-31
97
83
-65
-59
22
20
9
-7
-6
-4
-2
20
-16
-15
-13
6
30
29
-52
-56
14
66
7
-56
-51
11
40
-8
-40
-15
3
-22
-11
-6
15
-11
-12
-6
-33
-29
-4
36
3
-27
-26
-24
-9
26
20
-52
-104
8
72
60
-52
-120
8
68
32
-34
-77
-50
17
90
0
-138
-58
87
59
-69
-89
30
70
-4
-102
-38
48
61
-21
-51
-32
0
31
17
-6
-23
20
11
2
-7
14
-14
-3
-17
-27
35
55
0
-32
12
13
-4
9
-3
-3
10
37
35
-14
-6
16
27
-3
-14
41
42
-37
-55
47
106
21
-63
-39
35
63
43
-21
-65
4
48
61
-3
-12
-22
-20
29
46
44
19
-85
-68
118
153
-53
-147
11
129
75
-86
-59
97
82
-45
-84
17
125
27
-112
-68
53
120
42
-74
-65
35
78
-3
-62
-9
67
16
-58
-32
39
69
-31
-89
-23
72
36
-53
-39
27
40
-16
-62
-33
23
44
-43
-55
26
13
-5
-15
-17
-21
11
9
-70
-27
58
15
-80
-17
50
24
-15
-23
-53
-3
34
-22
-18
24
-7
-44
-28
-4
34
16
-38
-71
-13
66
8
-31
-26
-25
16
7
-39
-25
14
31
-21
-64
-19
32
33
-23
-49
-15
26
-2
1
17
18
-58
-60
59
86
-34
-108
-56
90
144
-38
-166
-1
144
43
-108
-99
61
121
26
-72
-57
50
99
18
-38
-49
30
59
4
-37
8
48
41
-36
-39
17
54
42
-23
-24
-10
36
46
-19
-12
9
-6
-11
37
22
19
2
-32
-4
57
40
-46
-32
68
45
-25
14
12
-11
29
23
-30
48
60
-64
-47
12
80
13
-27
18
11
-10
-21
15
54
3
-65
-15
61
17
-44
3
21
23
-11
-44
-53
29
72
-3
-86
-48
69
48
-46
-97
-14
92
27
-94
-58
50
62
-43
-74
-47
16
65
2
-74
-33
36
28
-33
-42
-8
-14
23
-7
-49
9
47
-15
-79
-41
24
42
11
-85
-59
42
25
-15
-18
-48
-46
17
51
10
-57
-13
28
3
-35
-45
36
37
-41
-59
-10
83
43
-78
-55
0
27
51
13
-57
-50
56
34
-6
-35
-25
38
67
-8
-83
-8
103
37
-82
-53
34
80
65
-47
-82
71
131
-19
-118
0
106
53
-10
-61
-16
73
57
-64
-47
55
45
-10
60
23
-44
-27
12
20
81
67
-62
-83
54
114
21
-87
-43
65
84
-7
-90
20
120
30
-76
-50
40
80
49
-72
-94
26
127
59
-65
-45
32
24
18
-29
-44
25
19
-25
13
40
-26
-20
9
-6
-3
12
-15
5
29
-3
-79
-30
60
16
-53
-53
-37
37
67
-39
-115
23
102
-20
-91
-1
21
-15
-30
-41
12
46
-15
-64
-21
63
-12
-80
-40
16
64
33
-79
-120
16
111
8
-133
-116
54
127
15
-101
-86
55
74
-76
-97
-4
64
50
-47
-101
-1
119
41
-121
-92
55
71
-17
-59
-13
56
33
-66
-50
68
69
-31
-45
-14
32
63
20
-44
-44
29
63
17
-9
-28
-39
64
101
-22
-95
1
94
44
-3
-53
-50
53
110
4
-70
3
24
-5
20
20
10
5
-17
-23
75
58
-76
-51
56
59
3
-11
-12
-1
33
44
9
-18
-21
30
62
23
-63
-43
86
83
-71
-83
53
102
37
-43
-92
-1
119
73
-64
-55
32
8
-30
29
9
-14
9
-30
3
43
2
-51
-9
15
-15
-15
-7
24
-7
-17
-21
-37
36
1
-83
2
54
-6
-64
-37
15
7
20
7
-56
-38
18
20
-1
-30
-49
-8
50
5
-40
-32
-37
-12
57
51
-32
-56
-30
13
-18
-3
25
-10
-49
-22
16
9
12
-28
-53
14
25
0
-10
-48
-16
22
31
-25
-20
34
11
-68
-25
28
8
14
18
-38
-61
-1
57
59
-8
-89
-68
73
115
-44
-78
15
73
18
-53
-24
44
76
-10
-64
27
85
-4
-74
8
64
27
9
-34
6
51
19
2
19
13
-57
-28
106
70
-60
-49
-24
75
114
-15
-149
-38
120
111
-11
-68
-43
-4
108
85
-106
-98
70
83
3
-46
-44
47
100
3
-90
-21
89
71
-36
-67
-35
37
93
13
-56
-7
6
-19
9
32
3
-13
-36
-27
76
75
-51
-102
21
90
-22
-117
-26
120
101
-49
-145
-46
111
77
-65
-119
0
65
-5
-42
-39
22
45
-8
-111
-53
97
36
-52
-52
-7
50
7
-83
-40
46
10
-78
-28
73
40
-59
-79
-31
6
51
2
-60
-5
36
-24
-28
0
-30
-31
17
14
-31
-18
7
-2
-27
11
-13
37
37
-99
-62
95
42
-69
-29
40
2
11
10
-75
-24
83
44
-73
-38
12
36
78
-9
-106
-1
110
16
-42
-5
-4
13
60
4
-80
28
94
3
-59
-7
33
49
13
-24
-11
75
40
-97
-26
105
56
-19
-62
-12
65
91
-12
-114
-1
110
45
-13
-26
-27
18
79
2
-62
49
68
-26
-5
53
20
-14
39
-13
-43
42
80
-26
-51
-18
27
107
35
-76
-44
35
31
9
17
-21
-55
-1
67
41
-82
-52
66
49
-20
-93
-37
114
55
-109
-53
53
35
-28
-10
-48
-53
97
54
-118
-85
60
52
5
-10
-63
-51
37
51
-25
-7
-16
-73
-4
63
11
-52
-47
-15
16
71
4
-140
-47
84
51
-45
-55
-59
15
92
-47
-114
41
47
-85
-48
39
-13
-10
31
-23
-80
21
75
-9
-38
-48
-35
63
33
-75
-22
79
20
-83
-12
32
8
4
13
-29
1
69
1
-56
29
13
-32
23
26
4
-14
16
22
30
31
-42
-23
68
78
-33
-64
8
33
42
33
-28
-36
22
36
27
40
-10
-73
-13
87
85
-32
-52
-30
-6
98
47
-60
-51
16
72
65
-9
-107
-5
136
25
-126
0
154
43
-96
-72
1
106
106
-72
-139
40
114
34
-33
-53
-12
62
51
-85
-94
87
118
-38
-85
-10
30
62
5
-111
-52
101
30
-87
-5
58
9
-50
-60
-21
52
50
-106
-96
73
82
-63
-103
-18
53
66
-31
-143
-40
137
72
-64
-83
-69
18
122
8
-144
-75
69
83
-20
-60
-28
9
9
-2
13
-8
-63
-55
59
61
-67
-96
59
86
-58
-84
-9
22
67
3
-99
-46
107
60
-74
-65
8
38
-6
-32
-16
48
34
-77
-56
96
65
-93
-73
32
89
32
-59
-89
65
129
-63
-132
54
128
-38
-71
30
83
41
-31
-92
15
115
58
-78
-50
41
52
54
-19
-80
12
122
45
-77
-21
31
-1
38
76
-44
-64
44
23
16
43
7
-40
-3
10
17
39
-2
-62
36
87
-33
-60
66
78
-57
-58
32
37
47
-11
-79
-17
61
35
-23
34
57
-50
-75
14
69
37
-55
-98
15
121
26
-65
-28
15
10
24
-9
-59
1
51
-1
-61
7
52
-36
-29
-9
-31
37
47
-78
-94
60
94
-44
-64
-53
8
77
39
-77
-67
35
24
-31
-17
-38
-39
35
48
-52
-36
27
-32
-27
-4
-34
-32
39
19
-81
-49
37
44
-4
-60
-87
-12
85
35
-80
-36
-22
6
46
-2
-67
-20
68
-8
-98
24
99
-18
-98
-53
39
96
39
-101
-67
103
66
-87
-55
49
57
14
-46
-56
21
72
8
-55
14
44
6
5
-3
-2
26
19
-37
-37
82
48
-41
-7
8
33
59
6
-86
-8
115
20
-92
26
80
2
-35
-29
-25
79
120
-32
-86
29
55
28
44
-27
-57
24
65
-16
29
66
-32
-69
27
63
51
13
-79
-66
97
110
-34
-96
37
28
-12
15
1
-37
17
31
-49
7
44
-5
-39
-3
12
-6
7
-17
-47
38
34
-74
-54
85
37
-110
-39
36
29
2
-72
-86
27
98
-6
-94
-55
-32
50
101
-23
-129
-22
127
33
-104
-56
0
22
-1
-14
-4
13
-9
-70
-30
48
25
-40
-37
-11
-15
15
-15
-32
32
-20
-96
-30
97
63
-73
-109
-41
88
121
-9
-177
-84
110
63
-23
-7
-26
-42
2
31
-20
2
19
-45
-9
66
-10
-29
16
19
3
49
0
-105
14
136
30
-69
-52
37
93
64
-98
-94
101
150
-44
-115
16
78
75
11
-83
-52
100
93
-62
-43
44
-2
23
52
-27
-43
24
22
-19
57
36
-77
-11
70
28
-31
26
5
-46
14
32
43
47
0
-86
-41
86
81
-35
-79
-45
28
100
44
-85
-30
83
17
-45
-31
30
48
-7
-59
-25
77
57
-78
-57
57
18
-49
14
31
-29
-4
-8
-38
3
29
-51
-56
32
36
-16
-29
-90
-25
107
63
-115
-117
52
62
-24
-31
-40
0
60
-2
-89
-4
34
-35
-24
20
29
-45
-29
-24
-19
65
39
-117
-83
93
74
-71
-62
16
34
12
-84
-54
88
81
-87
-84
40
43
-9
13
-26
-44
18
33
-56
-9
81
11
-63
-24
19
18
30
-34
-76
18
89
-8
-74
35
71
-22
-51
-35
16
83
24
-73
-6
95
28
-49
-19
44
41
25
-55
-74
65
127
0
-63
-33
6
57
60
-46
-74
58
76
5
-4
-13
-15
20
31
-9
-13
63
29
-58
10
57
3
-18
49
8
-34
-6
50
62
-18
-116
-24
138
91
-95
-89
53
41
-13
27
15
-31
18
5
-49
23
76
-20
-73
-6
42
37
30
-62
-101
61
98
-37
-71
15
16
17
43
-63
-77
29
50
-32
-55
26
20
-24
-30
-31
27
66
-28
-123
-46
110
57
-52
-75
-34
48
77
-39
-99
-11
32
1
-8
11
-42
-40
35
-21
-65
43
28
-76
-27
28
-28
-31
17
-18
-6
-18
-42
-2
41
31
-75
-58
56
32
4
-53
-69
-6
55
4
-40
30
21
-69
-2
53
3
-30
7
1
-62
42
75
-7
-25
2
-18
22
50
-39
-25
37
33
9
7
14
-21
35
41
-44
-22
41
21
-15
16
41
18
19
-13
-51
19
68
-1
-49
31
67
12
-20
-21
-11
53
50
-46
-13
100
2
-69
52
52
-18
-18
64
3
-57
18
71
52
-15
-68
-14
103
82
-96
-75
62
86
32
-52
-43
40
85
-25
-105
39
115
10
-70
-48
11
71
70
-85
-106
57
78
-32
-53
-6
-5
39
22
-67
-44
7
14
-43
8
36
-45
-26
26
-25
-15
50
-37
-129
34
97
-2
-80
-74
10
82
33
-81
-96
29
39
-21
22
-4
-76
-14
57
-10
-52
0
-36
-17
63
-23
-88
29
62
-56
-77
1
40
24
-9
-89
-65
92
78
-65
-74
-32
-12
49
64
-50
-83
27
44
-3
-26
6
-1
12
20
-24
-21
46
-18
-16
58
33
-48
-21
46
33
-10
-16
13
23
63
4
-58
22
57
-3
15
29
-38
-40
85
76
-17
-42
-30
39
88
27
-92
-45
112
60
-26
-7
-46
-10
105
62
-97
-32
67
3
-33
34
17
9
3
-31
-42
92
77
-101
-49
86
50
-12
-3
-32
-43
51
50
-10
0
19
-12
-31
26
-6
-2
57
5
-57
3
51
-5
-37
-6
-32
12
55
-10
-32
22
1
-45
-1
37
-17
-41
-12
-30
-17
51
-1
-102
-13
64
15
-31
-22
-31
-46
3
37
4
-2
-64
-62
40
90
-44
-92
-6
27
46
12
-102
-94
48
105
-31
-99
-27
32
73
-14
-110
-37
113
22
-144
-46
84
55
0
-44
-89
3
108
17
-71
-36
27
4
-16
21
-2
-11
21
-28
-9
58
-18
-71
10
65
-15
-13
54
-3
-27
-25
16
48
19
-56
-63
45
107
-14
-42
2
-6
-1
88
36
-75
-24
34
44
82
20
-97
-61
94
83
-51
-45
10
30
74
25
-77
-1
86
-56
-86
77
119
-30
-88
2
63
61
8
-47
-3
56
12
-28
55
24
-41
-7
40
0
-23
37
40
-38
-26
19
55
77
-21
-130
-26
122
26
-51
-34
-32
30
105
13
-96
-57
51
58
2
-59
-38
40
60
-4
-64
-15
27
-15
-16
-22
-43
13
73
-29
-101
13
59
32
-55
-97
-34
61
98
-37
-93
11
32
3
7
-29
-109
5
93
11
-51
-53
-28
34
54
-57
-95
20
73
-5
-84
-63
27
87
16
-159
-139
122
149
-44
-125
-53
61
77
9
-95
-73
70
52
-80
-50
48
43
7
-18
-66
20
103
-14
-108
-34
67
42
19
-4
-48
-27
41
52
4
-9
-54
-16
136
55
-81
-58
61
77
4
-13
-76
-37
108
76
-20
-21
7
9
8
59
-14
-33
31
24
-21
40
59
-56
-61
39
51
47
2
-43
-10
53
72
-9
-51
8
70
56
-19
-85
32
156
25
-144
-65
94
145
22
-91
-107
42
164
6
-122
2
61
23
-24
-13
9
76
23
-108
-52
111
87
-66
-95
-7
67
37
-19
-52
-20
39
-7
-35
29
-29
-51
21
8
-61
-34
51
1
-54
3
39
-2
-63
-62
6
87
17
-150
-42
139
49
-86
-78
-14
44
38
-18
-51
-4
-3
-47
-15
20
-25
-26
21
19
-33
-41
-15
10
19
-4
-91
-48
110
88
-74
-116
-15
74
75
-33
-141
-46
113
30
-26
2
-6
-34
10
32
-45
21
51
-54
-49
72
43
-44
-52
-7
24
52
-5
-74
35
100
-13
-58
28
50
38
1
-47
-26
76
64
-56
-61
49
95
26
-73
-68
41
116
34
-106
-33
77
53
-5
-19
-13
14
40
-5
-35
52
80
-47
-77
18
74
43
17
-39
-35
10
52
50
11
-13
-45
0
73
54
-35
-52
-13
-4
62
62
-35
-28
34
1
-49
23
31
-31
7
16
-14
35
21
-61
-55
51
37
-34
-14
-7
-20
24
31
-65
-49
47
17
-70
-54
13
36
17
-42
-67
14
67
-28
-78
-24
-9
20
48
-34
-83
29
41
-44
-54
21
12
-15
9
-32
-37
16
-4
-39
-23
4
-4
-23
3
-44
-43
87
63
-58
-83
-20
38
84
-7
-150
-68
118
120
-61
-108
-34
23
86
-16
-110
10
116
20
-112
-28
43
30
20
-43
-52
55
92
-19
-58
13
-3
-5
31
12
-16
-11
18
11
3
49
1
-55
1
63
39
-5
-29
-9
35
48
5
-15
4
-39
-18
98
43
-90
-40
36
67
50
1
-69
-46
58
96
2
-27
-32
-1
47
63
-30
-15
58
-12
-58
35
95
3
-67
-15
30
33
33
-40
-27
22
13
36
61
-34
-80
65
81
-67
-82
42
81
18
-59
-75
23
130
43
-139
-85
81
58
-34
-4
-30
-19
43
10
-41
-27
12
-41
-20
50
20
-48
-52
15
45
46
-36
-100
-24
60
37
-25
-55
-45
1
55
27
-52
-39
-24
1
22
49
-38
-96
-28
36
36
20
-44
-102
8
92
-17
-68
2
28
-20
-60
-41
7
67
33
-89
-89
35
97
22
-58
-94
-41
96
76
-68
-74
15
38
-1
-33
-30
22
44
-20
-46
2
61
36
-9
-51
-46
54
104
-29
-83
-3
67
47
4
-33
-45
28
68
6
-39
4
6
3
53
36
-60
-29
22
38
48
34
-60
-84
65
98
9
-57
-42
-18
80
114
-39
-91
31
76
19
-28
-46
-4
80
110
-59
-108
52
119
25
-43
-64
-18
115
42
-82
-11
64
11
-25
56
24
-49
-35
15
24
24
18
-27
-53
31
43
19
-5
-60
-64
47
59
-32
-11
8
-31
-30
20
34
-18
-65
-44
-13
91
30
-129
-83
69
74
-23
-45
-59
-20
76
41
-70
-79
-3
24
26
8
-43
-68
-30
29
41
20
-49
-89
15
90
-24
-74
-31
-5
14
42
-32
-99
23
113
-35
-147
-23
94
71
-33
-146
-72
122
103
-73
-128
-6
58
35
-5
-60
-23
61
11
-56
-56
69
69
-61
-73
-2
103
75
-71
-98
43
117
-8
-88
-1
54
36
-2
-56
-11
131
65
-87
-73
49
102
44
-58
-90
35
144
23
-111
-32
85
61
-33
-32
-11
23
103
34
-64
-51
17
49
49
-14
-66
23
96
-1
-63
-4
58
29
29
-50
-61
98
146
-51
-150
-21
96
105
17
-108
-96
106
121
-39
-86
35
72
-9
-53
-42
38
77
-6
-79
-23
71
24
-21
-49
-49
40
91
-4
-122
-42
89
45
-49
-51
-26
16
63
-38
-82
24
23
-30
-32
-18
-16
20
19
-56
-63
45
41
-63
-54
29
33
-48
-26
0
13
-6
-56
-18
61
42
-98
-48
37
8
-41
-7
20
5
-19
-59
0
84
-1
-155
-43
143
86
-62
-106
-66
60
135
-26
-138
-52
87
22
-76
5
54
26
-32
-52
4
80
15
-116
-38
101
71
-26
-65
-18
41
77
-20
-111
30
106
-8
-75
4
52
62
10
-90
-25
124
87
-78
-81
6
70
95
25
-98
-56
105
92
-50
-67
27
38
29
29
-32
-13
16
-3
8
61
12
-52
39
73
-34
-68
52
89
29
-51
-92
42
173
30
-117
-96
62
118
23
-78
-82
41
117
6
-104
-5
103
4
-108
-23
78
62
-50
-105
-5
116
48
-118
-46
86
47
-42
-37
10
4
8
-28
-33
39
14
-69
-16
18
10
19
12
-75
-68
57
81
-36
-101
-35
36
79
19
-105
-64
64
53
-64
-60
19
11
-3
-10
-4
19
4
-55
-62
46
58
-60
-66
4
30
5
-38
-56
39
58
-83
-98
46
95
-6
-92
-85
-1
102
88
-84
-115
21
76
5
-41
-20
-13
31
26
-69
-46
67
29
-71
-8
53
12
-11
-24
-18
44
58
-23
-70
26
66
-11
-12
-21
24
74
39
-67
-18
76
41
-36
-51
27
72
40
-33
-101
20
125
29
-72
-28
17
76
44
-48
-85
42
85
-11
-36
36
57
-26
5
31
13
6
20
-18
-2
8
32
55
52
-36
-71
11
88
41
-9
-60
-52
53
98
1
-73
15
83
-23
-72
-6
37
81
3
-101
-32
113
47
-92
-53
39
41
12
-19
-46
27
58
-61
-92
46
75
-11
-102
-61
34
98
0
-125
-37
77
39
-62
-88
-7
35
60
18
-92
-65
54
49
-6
-36
-83
-68
89
79
-86
-74
24
42
-32
-24
-41
17
60
-45
-113
-18
104
89
-55
-160
-85
116
151
-31
-182
-65
132
84
-61
-94
-34
57
48
-87
-54
98
51
-87
-78
25
70
49
-51
-113
-4
132
47
-93
-33
74
20
-19
-24
-28
56
74
-44
-48
28
60
17
-12
-1
-1
66
65
-48
-69
22
94
21
-41
-44
10
93
23
-63
-19
46
26
34
50
-51
-59
41
84
21
-51
-9
45
51
29
-75
-37
92
99
-56
-119
45
156
60
-92
-128
0
155
101
-120
-99
47
75
37
-22
-36
42
39
-50
-59
73
71
-63
-56
-2
46
69
-10
-121
-45
125
78
-71
-80
5
55
48
-65
-145
7
154
32
-126
-95
47
98
-10
-110
-81
86
86
-69
-124
30
92
2
-60
-93
-7
96
16
-95
-45
44
-10
-32
23
4
-52
-27
10
-8
-13
12
-30
6
5
-62
-50
42
67
-41
-94
-2
42
43
12
-67
-78
44
86
0
-58
-62
5
52
-11
-69
17
100
-28
-118
3
94
40
-30
-57
-36
60
101
-14
-70
-9
25
17
18
-28
-4
48
25
-35
14
63
17
-54
-30
48
70
22
-47
-77
51
139
0
-136
-38
103
89
-19
-86
-22
94
62
-61
-37
69
19
-50
2
54
18
16
28
-30
-3
33
-8
27
52
-54
-65
53
97
-10
-27
-12
-34
36
94
-3
-79
-22
27
48
54
-37
-57
17
54
-26
-34
28
14
-36
-12
23
23
2
-18
-51
-2
46
-32
1
21
2
-29
0
-18
-34
6
2
-55
-29
47
16
-70
-23
42
41
7
-53
-82
-3
50
18
-14
-18
-32
-10
14
-16
-63
-29
41
22
-24
2
-26
-1
10
-23
-51
-1
27
1
27
-36
-114
5
158
40
-215
-137
130
161
5
-183
-155
74
213
21
-204
-121
94
113
-36
-124
-33
136
63
-135
-109
94
112
-22
-133
-43
98
110
-42
-108
9
107
13
-62
-15
20
6
55
4
-56
31
87
-28
-57
55
82
-40
-56
-3
49
69
-12
-62
17
75
-24
-48
53
54
-35
-57
11
99
82
-52
-140
4
185
60
-120
-90
86
138
4
-119
-37
145
98
-142
-120
162
181
-70
-169
-48
129
169
-26
-162
-24
130
83
-43
-72
21
71
13
-77
-34
99
93
-88
-127
36
120
49
-41
-102
-50
103
74
-48
-75
2
53
35
-26
-47
-30
36
-15
-83
10
74
-3
-85
-36
26
40
9
-68
-73
30
63
-31
-45
-12
-8
-2
33
-13
-71
-54
32
28
4
-45
-83
7
55
-30
-54
3
33
-8
-33
-45
-29
73
51
-111
-116
61
93
-24
-73
-50
5
54
41
-61
-56
23
-18
-46
36
65
-12
-59
-31
-9
55
72
-40
-104
-23
64
51
-8
-45
-34
49
31
-39
19
52
-9
-20
16
-14
3
101
8
-110
-6
131
59
-50
-84
-9
119
116
-36
-162
-34
158
102
-19
-81
-59
70
98
14
-66
-1
26
10
24
3
1
31
50
-22
-65
18
81
55
-5
-113
-47
156
146
-110
-151
62
133
30
-90
-88
14
115
43
-101
-19
100
29
-88
-73
38
80
65
-29
-133
-32
129
87
-87
-139
5
113
95
-81
-130
38
113
-10
-77
-43
-4
39
38
-67
-93
54
72
-65
-64
8
35
30
-14
-96
-74
59
75
-48
-47
2
-33
-11
40
-34
-80
16
59
11
-27
-63
-65
41
58
-40
-63
19
18
-29
6
-42
-33
71
-15
-119
-53
121
87
-80
-134
-21
117
108
-64
-151
-1
105
-31
-70
24
59
9
-37
-40
1
75
36
-94
-61
53
65
19
-9
-54
-32
54
36
-30
3
43
8
-23
14
14
23
35
-21
8
45
-2
-48
-2
53
15
23
-6
-33
0
48
12
-14
27
32
-44
-12
52
49
-33
-49
17
53
49
-34
-58
35
75
-26
-38
29
42
30
-21
-62
3
130
58
-71
-95
34
95
50
-26
-80
-16
82
66
-49
-43
50
9
-49
-22
30
30
31
-40
-95
41
114
10
-70
-63
-4
56
76
-44
-110
4
77
-6
-41
-32
-35
8
45
-23
-48
-15
12
13
9
-12
-67
11
41
-33
-29
26
-1
-54
-19
5
17
40
-31
-113
-19
101
50
-54
-54
-46
18
56
-30
-104
35
120
-58
-161
-29
131
104
-72
-191
-73
174
158
-119
-196
-16
141
127
-60
-174
-52
154
82
-165
-98
82
107
-6
-105
-73
72
111
-33
-146
-3
124
41
-29
-56
-41
37
93
-21
-65
25
68
-7
-44
14
34
21
0
-22
38
63
27
-53
-51
21
47
60
-3
-120
-27
123
108
-59
-109
-13
82
100
-22
-123
-13
113
38
-67
-7
46
48
27
-40
-43
60
107
-27
-97
-13
108
101
-43
-115
-28
116
112
-72
-94
8
86
70
1
-83
-37
105
71
-102
-76
48
90
0
-81
-61
61
120
-19
-107
-24
63
16
9
24
-74
-39
78
13
-82
3
45
-57
-73
13
44
45
-26
-109
-36
101
38
-77
-65
-39
23
101
1
-120
-61
59
46
-31
-45
-54
-33
46
67
-41
-84
-11
0
9
13
-56
-38
41
12
-86
-26
99
24
-103
-112
16
115
54
-95
-128
44
121
-6
-78
-44
15
40
2
-72
-49
102
50
-89
-66
23
44
26
-26
-97
-19
101
54
-56
-32
1
31
41
9
-50
-12
106
64
-98
-72
103
122
-3
-115
-93
90
140
-11
-123
7
128
47
-33
-70
-19
122
56
-94
-55
84
68
-9
-26
-20
20
38
20
-29
0
76
5
-41
24
41
41
37
-23
-59
-3
91
50
-13
-3
-46
-11
79
24
-75
-8
69
7
-51
-5
50
71
14
-122
-59
87
104
-23
-87
-51
55
110
-16
-143
-50
102
63
-63
-40
14
-2
27
-10
-58
14
46
-11
-99
-44
66
65
-32
-122
-55
119
100
-97
-158
10
104
44
-67
-86
0
43
11
-57
-13
30
-57
-48
58
66
-53
-104
-42
28
67
11
-115
-61
94
38
-111
-36
100
43
-72
-85
-18
82
54
-95
-109
63
132
-10
-95
-51
34
48
4
-69
-8
84
7
-77
-37
43
57
-4
-80
-51
102
124
-46
-115
-31
76
47
-12
-24
-14
27
39
-29
-9
81
28
-63
-18
72
28
11
-15
-71
-20
125
61
-79
-69
20
77
39
-25
-54
24
55
-14
15
43
-48
-50
64
81
-23
-31
-21
22
66
26
-66
-14
116
45
-120
-23
105
64
-29
-79
-9
94
69
-63
-83
46
98
9
-44
-19
18
38
12
-75
-17
85
62
-38
-77
-4
59
58
-19
-112
-44
56
87
4
-64
-66
-12
83
8
-101
-42
81
14
-56
-29
-3
12
15
-35
-41
35
49
-52
-72
16
56
38
-37
-79
-46
68
59
-36
-75
-42
13
78
32
-105
-95
56
81
-60
-53
12
29
12
-30
-94
-29
129
53
-137
-91
45
102
53
-86
-134
0
142
44
-101
-59
2
17
-11
10
-25
0
38
-24
-50
10
29
36
16
-61
-67
84
98
-51
-98
33
100
-25
-35
-10
21
76
13
-67
13
94
-12
-80
16
65
41
11
-54
-30
89
101
-21
-90
-48
72
87
1
-59
-67
63
101
-4
-60
-44
10
103
90
-60
-111
56
149
-2
-102
-66
53
147
42
-194
-81
215
162
-121
-181
3
166
140
-50
-156
-47
127
101
-32
-88
18
85
48
-62
-81
29
106
-10
-101
-1
91
38
-35
-74
-33
70
66
-29
-79
-3
40
12
-3
-76
-32
81
20
-126
-41
117
27
-108
-67
52
84
7
-112
-103
56
140
-14
-105
-81
6
50
13
-62
-95
6
86
5
-41
-14
-15
2
27
-43
-95
17
69
-21
-71
-52
33
92
-2
-136
-84
101
89
-29
-90
-65
22
88
28
-94
-75
38
52
-19
-22
-15
-15
35
0
-63
-1
68
2
-72
-29
35
37
44
-13
-83
-16
76
53
-18
-12
-34
19
74
-18
-49
59
44
-59
-24
80
38
-37
-37
44
88
36
-37
-82
39
98
13
-32
-13
6
23
52
57
-12
-26
-42
-11
66
57
-2
-26
12
23
22
25
-9
29
44
-55
-63
137
169
-81
-201
-21
202
116
-89
-136
-25
123
123
-95
-125
91
151
-25
-129
-70
59
155
20
-174
-94
140
115
-54
-92
-31
51
69
-27
-68
-5
36
-43
-21
31
-9
-38
-33
-30
14
46
-19
-69
-5
31
22
2
-37
-67
-19
69
31
-109
-44
31
14
10
12
-43
-84
-9
61
8
-7
-58
-78
23
74
-36
-82
-9
17
17
-2
-43
1
51
-38
-119
6
124
39
-124
-100
10
84
58
-37
-126
-4
84
26
-31
9
1
4
21
-19
-67
27
55
-19
-43
0
34
26
56
-56
-91
45
107
24
-80
-46
46
97
38
-67
-37
46
37
-17
11
46
4
-30
-24
21
91
58
-97
-98
90
128
-34
-72
-8
41
27
55
-13
-56
8
40
17
30
4
-34
12
54
-24
4
53
3
24
0
-24
30
78
18
-68
-41
63
55
5
0
-21
-42
22
54
43
19
-42
-77
19
106
-3
-73
14
7
-30
22
58
-24
-55
-5
11
34
24
-58
-40
28
21
-5
-4
-11
-55
-10
32
32
2
-24
-53
-59
58
70
-78
-110
4
68
92
6
-138
-76
118
57
-86
-58
36
-6
-19
30
-13
-28
-3
-22
-23
27
12
-58
-4
47
-56
-51
12
67
26
-82
-83
-1
94
77
-65
-114
3
63
28
-29
-71
4
85
-25
-135
-15
118
64
-68
-124
-41
112
121
-79
-174
45
200
27
-126
-70
16
86
64
-87
-95
64
100
-2
-39
20
40
45
-29
-35
-8
64
75
-35
-41
24
60
58
-55
-128
42
166
27
-121
-59
57
73
77
-17
-134
-44
139
96
-47
-78
-3
101
58
-96
-101
98
162
-13
-136
-48
94
143
55
-135
-123
89
166
-23
-115
-36
74
61
29
-68
-46
88
58
-82
-63
60
44
-1
-29
-53
46
107
-36
-130
9
106
10
-51
-25
-6
31
43
-34
-70
45
46
-63
-66
3
43
0
-35
-43
38
77
-43
-125
-20
54
48
-1
-86
-92
49
105
-51
-116
8
30
-33
-18
27
-16
-17
-10
-14
-21
-2
-12
-22
36
2
-91
-68
63
103
-39
-157
-48
107
145
-46
-206
-35
126
81
-67
-99
-20
75
61
-90
-88
75
93
-53
-91
19
58
25
-48
-60
22
77
-9
-52
-2
20
-8
32
47
-34
-52
55
41
-29
2
54
23
-31
-22
1
67
68
-71
-92
73
107
31
-31
-83
-20
88
102
-61
-89
41
75
38
-17
-65
-35
130
98
-77
-96
69
112
36
-86
-96
71
186
15
-179
-67
186
154
-83
-138
-20
150
121
-111
-110
48
95
-12
-60
19
36
26
3
-71
-40
68
70
-42
-72
-2
47
55
-13
-91
-19
64
34
-24
-26
-28
-12
17
20
-30
-34
15
25
-48
-38
18
16
-31
-29
1
23
26
-51
-55
-8
16
26
15
-49
-101
23
121
9
-109
-84
9
48
26
-58
-68
28
48
-42
-46
2
6
2
-25
-67
-31
90
67
-118
-143
14
126
66
-55
-117
-15
100
58
-80
-95
19
43
11
-47
-59
76
87
-39
-86
-5
61
22
-15
-45
-47
56
110
-5
-98
-36
30
59
72
-32
-81
32
113
1
-78
15
74
13
-23
-23
18
74
-1
-107
13
149
74
-76
-106
-2
91
103
-23
-145
-5
108
60
1
-47
-51
28
117
39
-89
-48
75
68
-31
-41
0
89
93
-95
-157
87
238
29
-176
-118
104
193
8
-180
-69
120
121
-20
-103
-16
82
74
-37
-89
-9
76
25
-40
-33
7
43
36
-41
-75
-22
71
55
-49
-46
6
8
29
-15
-62
-19
34
-29
-32
37
22
-41
-42
-27
16
65
-15
-133
-54
81
58
-29
-61
-3
-9
11
-1
-10
-13
-35
13
53
4
-93
-66
83
31
-91
-55
53
55
-25
-48
-78
25
165
-19
-215
-89