#4
439
-774
-810
514
985
-103
-983
-303
815
671
-446
-861
-8
879
424
-683
-691
366
841
15
-795
-418
596
741
-235
-869
-167
774
521
-498
-721
131
732
235
-603
-557
344
700
-21
-728
-307
524
551
-254
-704
-130
658
416
-514
-658
160
691
162
-616
-524
336
711
-32
-808
-373
588
555
-327
-713
-111
584
372
-418
-614
116
620
99
-590
-355
330
486
-106
-593
-195
499
403
-363
-575
64
533
195
-486
-484
251
592
-30
-616
-237
441
385
-239
-513
-83
452
303
-341
-498
125
487
62
-424
-283
228
395
-51
-491
-172
455
365
-321
-497
69
475
190
-369
-441
177
537
46
-466
-238
308
344
-98
-412
-89
419
304
-329
-430
179
478
43
-375
-212
290
419
-86
-465
-39
501
279
-329
-401
116
464
176
-349
-345
264
482
-42
-461
-147
393
336
-209
-413
4
493
239
-428
-389
263
513
9
-469
-258
337
438
-86
-487
-121
467
309
-315
-419
118
506
153
-431
-381
293
546
-65
-553
-209
416
421
-199
-544
-62
580
331
-477
-529
241
603
50
-594
-361
416
589
-180
-704
-122
597
320
-426
-551
125
613
175
-618
-493
407
651
-137
-724
-283
525
532
-266
-713
-101
632
348
-524
-588
206
655
131
-640
-520
366
713
-43
-747
-339
516
576
-247
-740
-137
658
442
-499
-685
191
723
122
-665
-509
362
696
7
-720
-390
506
599
-214
-654
-107
560
406
-371
-650
102
715
203
-632
-485
363
622
-41
-636
-290
508
548
-249
-646
-36
620
339
-394
-540
108
639
218
-539
-424
341
550
-3
-486
-245
374
462
-136
-524
-34
565
290
-422
-426
196
542
135
-483
-339
378
516
-110
-526
-95
439
302
-246
-407
95
474
110
-393
-258
277
370
-86
-358
-111
329
359
-190
-428
42
448
143
-343
-264
217
396
21
-407
-214
327
367
-150
-423
-39
351
244
-200
-392
67
431
99
-385
-259
242
327
-71
-371
-122
305
302
-248
-427
79
403
74
-332
-255
169
345
-25
-429
-188
348
332
-237
-458
-41
388
209
-268
-425
43
458
108
-432
-296
276
391
-105
-432
-152
345
298
-253
-431
24
375
150
-266
-349
69
398
113
-387
-316
235
394
-90
-435
-173
305
375
-149
-507
-76
448
230
-309
-359
78
382
128
-359
-310
245
412
-96
-435
-115
332
305
-193
-437
-12
460
231
-377
-380
194
443
51
-374
-271
253
421
-45
-423
-130
372
291
-167
-293
36
326
152
-228
-233
208
314
-107
-318
7
334
205
-202
-314
78
394
132
-325
-233
213
331
19
-306
-176
249
379
-122
-446
-40
471
234
-324
-372
114
460
166
-385
-318
261
424
-67
-361
-71
289
264
-162
-363
40
441
137
-385
-272
257
367
-70
-420
-130
405
294
-292
-420
131
460
91
-382
-313
180
433
39
-463
-256
341
337
-212
-430
-35
394
256
-321
-462
93
491
119
-464
-336
238
385
-19
-416
-254
301
361
-184
-473
-18
401
189
-289
-416
49
492
165
-474
-418
294
498
-56
-500
-263
331
446
-132
-558
-142
441
295
-272
-461
9
477
253
-397
-512
161
578
75
-515
-295
325
433
-84
-517
-171
463
381
-304
-534
25
550
213
-431
-427
213
601
44
-609
-288
489
510
-225
-583
-99
573
435
-384
-626
139
710
218
-526
-450
261
602
113
-501
-311
396
470
-144
-426
-63
404
293
-203
-382
63
457
142
-366
-255
215
338
34
-300
-198
221
356
-63
-339
-36
284
190
-136
-264
23
322
128
-273
-197
176
239
-31
-174
-77
143
186
-67
-216
8
236
77
-158
-139
62
199
42
-189
-143
162
190
-76
-181
-21
98
82
-24
-145
-82
148
127
-129
-172
56
110
2
-76
-88
-18
55
-9
-117
-27
91
-25
-138
-37
75
62
-38
-114
-67
83
90
-86
-117
17
67
11
-88
-115
21
144
-35
-208
-40
187
55
-169
-145
35
170
47
-208
-167
167
192
-135
-222
-22
186
136
-85
-263
-78
259
197
-200
-259
58
268
51
-234
-194
171
270
-65
-302
-47
276
148
-163
-224
16
279
136
-273
-242
186
316
-30
-288
-84
222
268
-48
-326
-99
345
274
-198
-301
20
317
207
-197
-290
125
371
31
-335
-119
296
289
-95
-350
-58
398
237
-293
-288
183
332
-8
-240
-134
152
271
24
-303
-115
267
233
-137
-261
5
261
219
-159
-300
44
326
113
-215
-175
106
224
65
-231
-152
196
248
-97
-279
-52
227
186
-125
-224
35
274
85
-266
-201
176
244
-47
-256
-123
207
226
-130
-319
-23
294
112
-219
-222
58
204
56
-234
-184
160
221
-120
-262
-79
215
172
-139
-287
-17
260
109
-228
-232
80
250
60
-252
-216
149
258
-80
-323
-56
267
158
-169
-310
-44
309
158
-243
-303
67
280
47
-235
-169
139
237
-71
-328
-73
311
171
-244
-289
78
301
96
-251
-256
142
331
-32
-363
-81
287
200
-153
-281
11
330
132
-291
-211
196
266
-31
-231
-91
172
263
-64
-274
-26
296
154
-165
-191
53
240
138
-168
-182
123
251
6
-197
-52
167
160
-55
-167
-18
226
101
-159
-134
114
203
50
-164
-159
107
279
28
-236
-100
172
190
-55
-208
-33
208
176
-137
-235
50
242
123
-125
-176
10
214
106
-189
-155
136
224
-31
-198
-58
153
150
-60
-194
-36
211
117
-147
-157
36
151
72
-138
-155
66
175
-25
-201
-68
107
101
-22
-146
-134
45
139
-23
-129
-36
26
-3
-31
-16
-10
13
-28
-96
-3
82
-10
-84
-27
-22
5
19
-17
-70
8
0
-85
8
107
-29
-167
-53
94
99
-33
-151
-83
101
128
-93
-190
9
164
100
-129
-217
-4
229
106
-191
-184
86
168
8
-123
-85
24
141
33
-164
-59
144
93
-116
-126
56
166
59
-175
-148
157
234
-67
-207
-13
194
165
-92
-245
-25
316
204
-208
-275
66
297
157
-143
-220
80
270
60
-239
-94
212
202
-55
-200
-46
212
214
-114
-274
68
320
98
-224
-210
109
306
96
-235
-196
191
288
-50
-259
-100
209
282
-44
-340
-113
307
264
-156
-291
7
272
167
-194
-256
103
300
8
-269
-102
210
182
-48
-236
-120
253
244
-173
-327
1
294
158
-176
-301
12
350
106
-366
-262
243
291
-61
-304
-187
186
277
-102
-345
-56
302
128
-251
-261
80
256
57
-253
-237
138
263
-32
-276
-107
165
159
-68
-232
-85
181
102
-131
-150
-7
88
43
-88
-112
40
158
-43
-215
-57
174
73
-103
-118
1
94
46
-136
-112
106
128
-63
-178
-17
125
121
-49
-169
-52
199
111
-171
-151
77
149
54
-110
-115
67
153
-8
-94
11
56
23
21
20
-27
12
24
8
52
78
-18
-82
25
103
64
-4
-76
-1
112
68
-74
-63
96
69
-43
-12
46
41
24
2
-23
31
68
23
-45
-14
43
19
44
32
-69
-39
108
32
-55
7
64
52
-3
-55
-33
48
110
11
-65
-2
8
30
60
-15
-59
62
75
-69
-89
66
92
16
-65
-103
49
165
12
-198
-96
192
132
-143
-173
24
141
52
-169
-179
87
206
-38
-202
-61
98
50
-25
-78
-36
19
-13
-66
1
32
-17
-52
-20
-33
0
46
-21
-95
-21
47
21
-35
-65
-25
26
17
-74
-30
41
22
-66
-71
18
41
33
-28
-109
-15
68
1
-79
1
72
16
-84
-82
22
119
33
-91
-115
53
90
-28
-94
-47
60
106
-24
-153
-25
123
62
-85
-47
91
70
-34
-86
-15
110
87
-89
-86
80
131
-3
-114
-60
109
176
44
-139
-125
95
206
78
-130
-150
58
236
94
-193
-159
159
244
-28
-184
-49
157
186
-57
-218
-17
252
142
-142
-179
24
210
145
-143
-223
114
265
-21
-210
-75
143
160
-4
-184
-109
197
222
-94
-225
-39
217
190
-131
-259
31
284
99
-243
-185
138
256
27
-270
-168
225
279
-130
-329
3
300
87
-211
-187
90
211
-7
-237
-105
153
173
-81
-230
-94
153
183
-59
-240
-118
136
169
-88
-185
-69
139
123
-114
-230
-1
208
52
-192
-170
47
185
53
-209
-216
111
251
-10
-263
-127
130
151
-49
-187
-47
150
76
-152
-158
66
185
-32
-180
-89
92
150
7
-171
-67
71
70
7
-34
-57
-7
67
28
-87
-47
8
71
61
-53
-118
24
165
36
-151
-35
117
81
-24
-78
-33
115
110
-85
-135
47
144
92
-61
-118
-4
146
128
-53
-90
23
60
59
31
-56
-31
101
80
-67
-57
76
90
25
-60
-66
64
155
35
-124
-50
103
104
-15
-64
-45
86
122
-41
-132
38
153
71
-109
-115
29
171
103
-112
-143
65
142
21
-108
-77
64
167
23
-196
-94
164
154
-97
-203
16
196
88
-173
-218
116
283
-19
-303
-133
226
211
-134
-312
-70
275
233
-215
-382
22
332
118
-262
-245
49
261
51
-298
-188
224
243
-137
-292
-45
221
159
-146
-287
4
247
85
-170
-212
14
172
104
-140
-190
38
163
-9
-143
-71
77
92
-29
-153
-91
112
112
-79
-121
-21
38
76
20
-135
-58
139
90
-146
-152
65
136
72
-135
-163
74
182
-3
-154
-76
84
125
31
-130
-120
107
196
-11
-190
-23
171
116
-53
-97
-13
107
97
-32
-54
15
61
9
12
37
10
10
27
-16
-8
68
67
-24
-24
42
35
20
-17
-28
54
88
-41
-66
79
63
-59
-32
49
87
69
-42
-137
-20
177
91
-86
-62
7
80
58
-31
-59
64
86
-61
-62
46
57
3
-17
-13
-7
42
32
-20
-12
30
10
-17
4
4
-28
21
-20
-43
43
25
-49
-23
33
-25
-76
22
42
-32
-20
-8
-54
-14
2
-2
1
-21
-100
-69
92
62
-103
-82
16
33
21
-51
-107
-5
92
4
-105
-61
25
37
-7
-65
-96
28
134
-12
-158
-93
48
83
3
-74
-47
12
47
-6
-73
-37
35
57
10
-119
-104
93
158
-65
-188
-19
120
68
-28
-141
-67
151
115
-127
-184
75
173
9
-103
-97
50
155
13
-164
-84
112
141
-2
-84
-25
107
107
-63
-130
44
176
50
-98
-83
37
125
106
-30
-110
-9
100
95
9
-69
-25
90
115
-54
-116
51
167
50
-82
-101
61
174
68
-142
-123
107
194
22
-128
-111
88
163
15
-142
-31
152
92
-105
-109
50
151
85
-129
-182
58
213
78
-147
-151
54
177
91
-132
-166
71
217
-34
-225
0
170
57
-136
-116
71
137
-44
-204
-27
217
78
-197
-170
35
184
87
-188
-218
91
217
-5
-171
-119
2
114
50
-122
-130
58
121
-51
-152
-71
104
124
-81
-202
-34
173
77
-132
-178
-21
164
107
-121
-221
-21
172
68
-142
-134
48
138
5
-147
-111
114
144
-56
-171
-48
97
110
-30
-183
-75
179
141
-130
-194
24
182
84
-126
-193
11
237
103
-213
-179
144
242
10
-234
-142
168
260
-47
-265
-48
263
174
-121
-224
-13
232
187
-101
-229
14
219
126
-83
-146
32
177
82
-140
-144
121
244
-24
-180
-36
145
160
-4
-170
-49
181
121
-106
-98
57
84
36
7
-62
14
81
1
-51
18
78
12
15
-15
-65
40
121
25
-87
-28
53
41
33
-40
-82
51
130
-37
-127
38
118
11
-47
-86
-19
119
63
-111
-117
72
99
-30
-93
-49
58
94
-102
-189
15
148
44
-78
-80
-45
27
73
-46
-105
14
19
-74
-43
55
5
-65
-39
-28
-26
43
1
-73
-10
6
-42
-4
59
-35
-142
-32
121
41
-86
-78
-28
16
43
-23
-57
13
31
-51
-45
-10
22
16
-8
-52
-40
25
14
-24
-24
-18
14
22
-33
-64
10
78
-7
-82
-5
14
12
47
-39
-66
29
112
-5
-85
-12
61
60
-25
-83
7
145
51
-123
-30
75
56
36
21
-54
-6
103
19
-26
26
66
15
-4
3
-14
47
87
-31
-61
74
85
-42
-29
63
31
5
24
-12
-10
84
22
-53
14
85
39
-42
-61
-26
71
109
-49
-95
55
105
5
-46
-17
37
97
42
-139
-100
136
182
-68
-153
-32
108
118
-41
-162
7
186
32
-159
-70
116
52
-57
-67
-37
45
51
-20
-53
-30
-11
17
41
-30
-78
34
42
-96
-89
59
85
-26
-122
-115
28
158
31
-204
-118
122
95
-75
-124
-74
92
112
-66
-189
-19
159
33
-132
-85
32
104
14
-165
-126
95
151
-66
-147
-20
65
26
-54
-99
19
152
23
-202
-106
125
124
-41
-105
-87
74
156
-27
-189
-48
145
81
-61
-123
-48
137
141
-135
-182
98
221
-11
-180
-93
88
215
38
-219
-81
223
198
-139
-244
-3
226
186
-98
-242
2
280
166
-141
-173
55
185
79
-98
-120
88
174
-15
-122
-9
87
80
19
-78
-88
133
189
-65
-213
6
192
138
-46
-153
-16
184
55
-138
-59
124
106
-10
-100
-59
98
170
-28
-170
-17
150
59
-53
-56
-1
77
94
-70
-147
36
135
26
-85
-100
53
143
41
-160
-141
109
168
-52
-179
-52
115
136
-85
-269
-60
265
165
-193
-251
-14
200
119
-131
-214
-1
172
37
-156
-99
25
76
42
-73
-140
23
116
0
-140
-65
47
57
22
-115
-144
45
151
3
-161
-94
50
93
34
-129
-121
83
131
-78
-155
-35
81
87
-21
-179
-76
176
123
-116
-140
15
128
70
-109
-178
47
225
2
-234
-85
139
139
-39
-156
-59
160
174
-98
-213
44
213
65
-139
-148
84
249
69
-231
-166
205
276
-40
-217
-77
153
200
16
-189
-60
200
132
-85
-119
-5
154
151
-89
-167
44
187
64
-122
-78
61
142
78
-96
-117
62
197
21
-124
-32
84
100
-19
-120
-12
172
100
-101
-125
56
99
30
-25
-55
-12
112
78
-130
-80
115
109
-10
-90
-55
77
140
-48
-182
-2
175
73
-122
-148
-15
170
111
-180
-184
113
194
-58
-183
-77
93
110
-20
-163
-92
100
82
-105
-125
14
62
7
-76
-97
74
117
-106
-178
34
114
-22
-69
-61
-55
43
66
-56
-98
-2
21
-23
-15
0
-24
-22
-33
-48
34
84
-51
-109
-24
27
33
22
-53
-78
45
94
-63
-114
15
76
16
-34
-75
-24
86
34
-94
-40
66
29
-58
-34
35
26
-1
-40
-24
61
44
-57
-29
53
40
-28
27
35
-9
15
19
-29
3
87
21
-43
1
13
7
99
79
-56
-13
23
10
36
83
6
-61
24
79
27
23
-25
-28
58
83
-31
-20
51
34
-21
-15
21
43
83
-10
-138
-7
166
91
-88
-74
31
73
71
-66
-118
78
123
-58
-88
42
109
-5
-49
-21
28
66
15
-86
-23
88
36
-71
-35
27
30
-6
-50
-32
50
32
-100
-23
95
0
-109
-36
29
21
9
-26
-94
-25
49
23
-10
-12
-82
-95
64
64
-34
-54
-59
-33
50
62
-82
-139
46
115
-18
-140
-53
51
58
-55
-144
-5
149
-1
-165
-76
87
93
8
-109
-119
44
133
-21
-177
-38
114
75
-33
-128
-96
115
129
-76
-134
13
80
33
-54
-96
-7
154
82
-162
-157
116
178
-41
-137
-62
157
171
-109
-213
40
222
45
-159
-81
93
153
49
-153
-142
134
244
8
-193
-95
118
231
62
-224
-122
172
205
-24
-147
-19
115
118
2
-141
-24
195
105
-113
-112
92
161
58
-142
-172
75
265
65
-201
-116
121
174
10
-154
-82
158
207
-97
-240
19
247
135
-115
-194
-2
222
135
-163
-179
102
196
-16
-142
-84
92
167
-8
-216
-87
199
146
-110
-236
-36
216
153
-178
-244
104
261
-41
-259
-123
141
215
-5
-266
-181
160
219
-46
-207
-110
33
129
51
-146
-138
83
102
-85
-99
28
26
3
-61
-80
13
107
-11
-127
-102
49
78
21
-61
-129
-28
90
27
-79
-44
34
-5
-9
-44
-61
39
82
-46
-73
-33
5
35
31
-42
-97
-2
91
-17
-65
27
46
-27
-40
-12
45
45
-7
-100
-25
107
81
-61
-93
0
85
97
-37
-148
33
218
68
-167
-143
87
212
82
-172
-147
150
190
-53
-96
34
105
39
-40
-38
50
120
28
-120
-18
119
93
-3
-83
-73
85
164
24
-123
-44
87
60
26
-36
-47
41
98
-21
-78
36
86
61
0
-82
-32
105
84
-72
-74
65
70
2
-36
-27
12
107
16
-99
-36
103
52
-81
-26
34
32
18
-36
-80
22
105
16
-108
-55
35
71
33
-111
-156
56
159
-14
-141
-78
23
76
20
-111
-76
66
30
-98
-75
56
63
-75
-96
-36
42
72
-38
-149
-60
148
53
-120
-119
16
82
43
-112
-117
65
83
-49
-113
-38
80
49
-32
-123
-43
104
21
-97
-29
51
29
-35
-43
-29
17
73
-2
-100
-10
49
11
-6
-3
-43
5
48
-41
-51
39
27
-4
13
-13
-73
23
106
7
-56
-13
-6
39
111
20
-97
-22
70
49
18
40
-50
-22
75
40
-4
37
36
-50
0
90
22
-26
16
-9
0
75
38
-28
27
22
-20
25
72
22
-32
-21
-3
56
107
24
-89
-66
76
93
4
-38
-45
55
82
-29
-79
15
103
61
-49
-108
-28
137
125
-54
-158
-28
127
94
-68
-101
10
155
38
-156
-61
94
71
-57
-89
-20
55
73
-26
-120
-38
69
26
-66
-62
-1
74
30
-121
-151
59
146
-6
-134
-105
13
103
47
-124
-142
52
138
3
-149
-84
60
114
-15
-192
-93
183
136
-174
-233
37
207
72
-175
-210
29
216
35
-215
-85
112
92
-66
-162
-31
154
121
-115
-202
22
184
8
-110
-90
6
111
87
-119
-164
43
194
39
-150
-139
63
197
25
-189
-92
175
152
-95
-149
1
148
112
-87
-137
54
198
40
-131
-111
69
164
80
-88
-141
48
194
90
-105
-111
47
145
98
-94
-111
86
157
-6
-101
-41
82
142
6
-138
-60
176
160
-74
-142
-11
126
132
-30
-135
-28
144
107
-76
-82
33
103
48
-50
-101
40
154
42
-158
-47
128
90
-57
-90
-15
104
99
-56
-100
28
82
30
-37
-84
-16
109
51
-120
-94
75
91
-44
-96
-28
48
64
-54
-152
-14
147
75
-120
-133
-36
82
92
-25
-155
-104
59
103
-56
-101
-12
37
24
-56
-71
15
34
-53
-75
17
48
25
-57
-156
-35
180
98
-181
-192
69
154
-3
-143
-97
90
150
-94
-222
-9
198
100
-122
-181
-3
142
96
-119
-158
30
125
27
-80
-76
-16
75
65
-90
-106
62
98
15
-86
-69
50
106
11
-120
-24
124
77
-63
-68
-8
80
145
-4
-186
-65
181
139
-46
-127
-9
109
110
-12
-107
15
151
24
-100
-3
91
76
-4
-89
-9
157
107
-115
-133
101
160
32
-84
-86
56
143
28
-126
-53
128
86
-41
-85
-30
92
117
-16
-114
-1
115
25
-36
-12
26
26
22
-17
-13
25
22
-16
3
27
5
0
8
-19
6
23
-13
-29
9
31
-30
-2
-7
-34
8
41
-26
-54
3
7
-54
3
37
-42
-50
-44
-23
42
60
-28
-120
-73
50
52
-9
-73
-85
26
44
-53
-50
16
7
-34
-23
-42
-23
33
13
-92
-66
60
78
-41
-108
-47
35
51
-12
-64
-12
31
-35
-87
36
84
-50
-67
-9
-6
24
25
-69
-77
70
67
-24
-82
-42
36
89
29
-101
-64
58
96
-6
-80
-51
36
116
31
-113
-62
87
96
21
-60
-59
61
113
-38
-143
14
168
96
-54
-83
-24
76
154
31
-115
-48
77
105
34
-63
-82
73
143
17
-82
-21
63
102
21
-102
-39
137
118
-73
-108
49
130
43
-39
-94
-15
118
94
-56
-59
63
57
-13
7
-12
-16
52
60
-48
-58
70
65
-10
-66
-56
68
120
-39
-140
6
127
48
-96
-73
28
99
35
-110
-96
88
118
-76
-109
2
43
43
-22
-139
-87
138
136
-143
-198
14
160
61
-116
-194
-45
177
101
-110
-200
-25
170
93
-150
-200
53
192
-10
-200
-79
138
101
-86
-182
-64
168
129
-150
-226
26
183
53
-132
-147
12
154
9
-213
-105
153
114
-21
-104
-104
32
137
17
-145
-80
87
89
-21
-102
-74
78
99
-35
-121
-23
126
83
-95
-114
17
163
99
-136
-155
110
202
-33
-172
-34
165
170
-68
-221
-16
286
161
-189
-199
88
208
112
-106
-178
77
230
26
-158
-50
138
89
-23
-75
-28
137
153
-85
-182
23
210
113
-113
-180
22
223
117
-133
-134
87
154
-18
-99
-20
97
120
-57
-171
36
188
52
-96
-71
24
97
30
-76
-77
68
122
-19
-93
-19
33
71
55
-58
-106
49
131
-20
-123
-68
55
123
-6
-169
-62
146
87
-121
-180
-14
143
101
-97
-223
-23
173
96
-135
-116
4
52
44
-70
-114
17
92
-31
-128
-41
71
47
-43
-107
-63
90
115
-68
-188
-51
109
73
-34
-115
-85
95
109
-110
-145
52
113
-31
-104
-70
44
125
-1
-152
-43
109
33
-68
-59
-1
8
39
17
-82
-44
55
59
-32
-75
-20
40
72
-24
-115
-9
139
60
-81
-110
23
164
105
-154
-153
139
213
-18
-182
-69
136
163
11
-144
-66
160
115
-32
-59
-15
57
94
-12
-76
40
136
17
-111
-9
116
81
-15
-90
-12
117
107
-34
-49
32
17
-2
49
51
0
-18
-3
-14
26
89
5
-41
3
22
22
26
-20
-23
74
41
-63
-42
81
70
-41
-44
3
19
47
-1
-50
-11
66
7
-55
52
55
-78
-65
50
47
-48
-54
-17
57
59
-64
-132
-8
132
47
-128
-109
44
80
-8
-115
-18
60
-42
-95
-3
65
21
-81
-91
-7
79
40
-105
-108
60
68
-57
-46
-13
-18
-8
-35
-63
26
91
-46
-153
-42
88
73
-18
-116
-83
45
96
-64
-104
20
120
18
-116
-111
33
164
29
-189
-101
127
120
-74
-145
-28
112
103
-55
-176
-19
178
68
-88
-79
38
84
41
-43
-84
50
89
-44
-17
53
35
9
-27
-33
35
117
42
-94
-54
73
93
63
-19
-83
-20
113
100
-42
-53
30
37
38
37
-24
-25
60
59
-31
-32
46
66
30
-31
-60
51
116
14
-101
-11
92
50
-13
-50
-6
81
37
-73
-28
79
71
0
-41
-23
24
79
33
-86
-59
86
81
-57
-104
34
113
51
-108
-115
92
147
-64
-162
11
115
20
-60
-80
-56
91
86
-101
-141
15
139
49
-101
-161
-42
156
73
-125
-126
-9
73
54
-40
-128
-58
102
63
-102
-109
-5
47
32
-46
-111
24
110
-42
-178
-34
138
90
-98
-148
-49
87
119
-41
-178
-45
117
52
-92
-110
14
110
46
-123
-156
55
167
-3
-161
-84
97
152
-21
-189
-82
133
142
-46
-170
-64
136
164
-108
-238
31
275
76
-207
-134
119
199
31
-172
-111
131
196
-13
-174
-58
123
167
17
-151
-73
150
170
-9
-147
-25
135
91
-34
-112
24
185
39
-140
-39
143
99
-40
-112
-49
158
197
-61
-223
-44
179
154
-16
-121
-83
77
142
-5
-100
14
127
73
-88
-119
25
174
93
-150
-130
102
182
11
-156
-81
81
158
25
-188
-116
154
177
-58
-182
-54
150
165
-77
-260
-11
268
83
-208
-156
88
197
-24
-236
-144
158
236
-68
-286
-109
154
159
-56
-188
-62
70
61
-74
-69
27
17
-26
-48
-63
14
53
-24
-105
-47
61
30
-39
-88
-82
45
90
-34
-101
-3
38
-28
-66
-12
25
31
-23
-105
-35
70
63
-31
-99
-28
58
40
-35
-92
-16
101
20
-96
-54
23
33
22
-26
-87
4
90
37
-66
-76
3
58
89
-11
-131
6
146
17
-114
-57
107
119
12
-119
-42
119
122
-69
-60
72
68
-27
-40
43
83
55
-23
-93
19
156
64
-113
-97
69
157
48
-116
-82
106
112
-9
-55
4
30
19
13
22
27
55
11
-62
-29
65
73
-6
-38
-1
32
48
-35
-64
37
105
13
-63
-21
7
44
60
-28
-59
10
61
2
-25
-28
-13
39
66
-16
-86
-4
31
5
0
-43
-42
52
73
-55
-136
-2
77
62
-43
-127
-27
115
3
-147
-66
123
63
-138
-112
89
77
-10
-131
-119
81
105
-65
-113
-11
22
8
43
-27
-112
6
48
-52
-33
22
-1
-43
-52
-52
-36
73
53
-72
-122
-10
78
30
-46
-82
14
88
12
-123
-54
83
42
-29
-57
-19
23
31
-13
-44
11
31
-26
-22
-24
1
42
28
-70
-48
102
75
-76
-56
40
71
12
-8
-18
39
70
-19
-101
23
107
63
-15
-76
-47
76
159
20
-141
-38
120
117
-7
-117
-59
126
136
-49
-111
28
123
52
-39
-87
-1
169
117
-151
-172
110
207
44
-114
-137
40
193
62
-167
-67
142
93
-54
-66
9
102
89
-93
-145
97
189
-24
-133
-35
86
125
7
-166
-113
159
186
-88
-200
-9
179
110
-143
-168
45
170
11
-171
-71
107
100
-82
-156
-39
135
121
-109
-206
-40
133
109
-29
-163
-141
57
160
19
-168
-104
41
106
25
-119
-126
63
103
-64
-132
-12
72
20
-58
-116
-25
120
67
-139
-158
63
145
23
-147
-114
80
132
-65
-199
3
174
38
-136
-121
33
112
41
-98
-135
56
138
-13
-135
-69
62
112
13
-148
-99
140
172
-108
-210
24
210
90
-120
-187
36
264
66
-229
-101
173
182
6
-140
-135
92
235
32
-183
-60
111
88
40
5
-64
-20
111
102
-7
-85
-26
66
104
24
-86
-22
104
69
-38
-26
31
92
50
-76
-94
76
149
23
-79
-61
29
98
27
-91
-15
138
69
-129
-66
80
122
34
-86
-92
78
160
-36
-181
12
173
42
-136
-106
84
183
14
-184
-123
142
186
-84
-217
-33
168
113
-75
-196
-7
201
42
-198
-142
94
165
28
-167
-172
56
138
9
-116
-65
-10
18
26
-31
-64
-17
1
-44
-44
33
20
-76
-26
15
-16
-3
-1
-62
-56
19
2
-53
37
17
-90
-62
15
29
37
-15
-70
-61
20
34
-6
-2
-51
-24
27
39
-39
-64
-12
32
43
3
-91
-43
82
88
-80
-125
16
91
53
-21
-109
-53
107
97
-56
-83
30
88
45
-62
-104
41
156
39
-96
-53
48
69
37
-12
-28
11
84
3
-9
41
19
-6
19
32
4
25
36
-23
-5
79
18
-38
31
51
7
-9
3
8
50
72
-39
-60
47
78
38
-29
-72
8
114
77
-69
-55
67
31
-9
18
-10
-35
65
72
-42
-55
17
26
22
30
-48
-59
56
77
-57
-80
55
72
-4
-29
-10
-25
-16
26
-7
-36
1
17
-3
-33
-45
1
25
-41
-28
69
14
-100
-84
45
79
8
-87
-140
36
139
-10
-169
-66
110
83
-72
-132
-68
107
109
-96
-199
-2
176
32
-140
-109
17
142
33
-193
-133
93
132
-37
-121
-80
30
105
-8
-151
-57
114
79
-62
-130
-52
117
125
-63
-184
-36
157
90
-96
-135
-12
114
105
-45
-163
-2
139
30
-117
-25
81
32
-11
-54
-28
114
60
-100
-40
123
94
-51
-94
-23
103
125
27
-145
-87
121
191
52
-153
-116
119
193
11
-187
-50
148
105
-38
-53
-6
90
67
-74
-112
103
190
36
-148
-128
90
227
77
-187
-151
121
181
-8
-106
-29
103
98
-42
-107
1
135
70
-56
-48
-6
83
64
-41
-129
3
166
94
-120
-119
29
137
91
-116
-174
69
214
39
-232
-143
163
236
-61
-300
-82
230
156
-167
-258
40
259
73
-218
-235
32
251
97
-178
-238
-23
196
154
-139
-265
-26
251
95
-223
-174
95
121
-23
-148
-79
105
148
-114
-245
-17
210
99
-162
-235
13
201
63
-138
-133
43
115
-5
-118
-84
82
79
-43
-91
-22
54
18
-46
-21
21
16
3
-66
-70
42
104
-19
-122
-39
87
76
-18
-122
-53
134
137
-61
-147
28
109
39
-52
-111
38
191
72
-164
-118
104
155
49
-48
-68
25
71
40
21
-17
-10
40
65
23
-58
17
96
29
-38
-3
47
58
15
-61
-12
72
93
-1
-66
29
71
24
-7
4
19
-18
10
-13
32
82
20
-78
-32
67
67
24
-48
-53
28
96
39
-77
-68
69
87
18
-81
-69
51
85
2
-92
-5
80
80
-48
-140
-36
135
91
-112
-172
-16
169
122
-123
-245
-30
232
142
-150
-214
4
143
65
-111
-133
18
68
-23
-79
10
41
-78
-87
14
48
32
-48
-127
-56
116
51
-94
-101
-2
35
20
-21
-64
-7
34
-27
-86
-37
48
49
-34
-92
-51
60
61
-40
-73
-10
63
36
-79
-52
8
31
11
-29
-4
1
-45
-35
38
63
-17
-43
-8
32
39
-14
-68
6
104
22
-82
-17
116
49
-83
-75
53
134
28
-104
-69
104
102
19
-41
-53
10
74
63
11
-37
9
43
7
42
39
-24
-7
22
53
23
34
17
-20
-27
17
69
84
4
-71
-42
52
76
24
-13
-55
-21
62
81
11
-35
4
17
28
2
-45
-11
89
68
-76
-41
52
35
29
15
-57
-46
62
58
-24
-54
-9
72
36
-53
-73
39
76
-39
-69
-5
42
31
-35
-25
-13
-2
-24
-35
-3
42
8
-32
-47
-69
-39
86
91
-72
-197
-37
138
103
-72
-178
-83
133
130
-78
-201
-42
151
94
-131
-181
48
151
-24
-177
-101
125
179
-87
-260
-91
218
174
-111
-272
-73
219
142
-133
-238
-6
245
112
-203
-238
70
242
29
-187
-135
78
175
-12
-185
-87
164
118
-79
-152
-30
156
97
-110
-170
73
216
10
-170
-68
116
112
-29
-106
-26
154
125
-126
-138
47
177
104
-76
-151
-5
173
161
-86
-152
52
162
75
-87
-104
38
143
43
-64
-29
44
67
19
-61
-28
109
118
-35
-146
-12
180
124
-64
-131
-43
127
130
-56
-108
27
120
20
-44
-30
-2
54
81
-25
-81
21
93
17
-88
-39
72
85
-8
-84
-44
54
89
31
-85
-85
75
101
-59
-127
11
114
43
-81
-69
15
28
-28
-68
-42
71
65
-72
-113
-18
37
45
-10
-106
-131
59
140
-62
-160
-8
65
3
-33
-63
2
21
-62
-83
23
76
14
-98
-99
-26
96
94
-73
-186
-37
119
55
-96
-124
19
114
31
-134
-142
82
170
-24
-149
-83
69
131
1
-187
-106
158
204
-101
-219
-46
161
136
-92
-208
6
217
78
-177
-151
96
194
41
-163
-135
112
199
1
-180
-89
167
232
-44
-259
-72
232
214
-82
-198
-1
160
109
-16
-90
-33
109
103
-36
-67
64
88
-8
-88
-20
126
128
-44
-126
-4
158
111
-48
-133
-4
134
104
-44
-108
55
100
-23
-57
2
38
74
51
-83
-91
85
122
-28
-72
-1
54
51
10
-50
-49
51
72
1
-68
-40
75
86
-48
-113
6
121
60
-104
-111
48
128
-10
-129
-76
86
135
-83
-187
-55
113
110
-21
-148
-98
74
115
-43
-98
-26
-9
-39
21
29
-26
-23
-33
-58
-23
53
21
-84
-101
8
91
15
-91
-87
19
42
-16
-83
-35
43
-3
-57
-51
20
62
0
-105
-73
40
48
1
-47
-101
13
103
4
-122
-47
86
63
-37
-68
-32
55
55
-78
-98
66
109
-57
-120
28
115
27
-50
-49
11
65
20
-43
8
34
1
3
40
11
7
12
-37
-6
61
68
-9
-13
7
2
48
86
-9
-68
11
70
67
-11
-64
-21
98
92
-16
-57
20
56
16
-7
4
52
67
-17
-107
17
191
74
-84
-118
-4
124
123
-62
-146
20
153
80
-75
-136
18
189
76
-113
-134
43
186
86
-153
-155
95
200
6
-204
-107
163
169
-68
-178
-10
145
42
-101
-114
25
123
9
-99
-46
37
15
-40
-30
-37
26
57
-46
-115
-34
69
66
-24
-153
-132
98
196
-48
-220
-81
128
105
-30
-164
-113
76
141
-27
-190
-57
147
77
-130
-142
3
143
62
-150
-149
31
130
77
-80
-150
-55
108
49
-88
-76
31
42
-5
-42
-27
2
34
-19
-33
21
35
-37
-39
-2
24
12
2
-43
-25
88
59
-90
-101
59
149
14
-133
-78
125
108
-52
-105
18
147
98
-112
-168
16
202
115
-73
-132
-1
132
102
-10
-84
0
93
75
-19
-55
26
70
23
-23
-11
31
61
20
-91
-41
131
132
-27
-122
-88
103
209
5
-213
-88
170
164
-49
-133
-10
157
110
-98
-145
44
155
41
-105
-43
94
96
-41
-124
-26
142
116
-81
-146
-9
150
96
-87
-145
-12
158
94
-133
-150
53
149
43
-153
-123
100
144
-42
-232
-84
204
134
-97
-181
-95
91
153
-25
-189
-83
83
94
-41
-127
-48
64
38
-65
-101
11
72
-26
-110
-38
64
64
-36
-140
-79
74
70
-4
-60
-99
-43
62
33
-44
-20
-4
-24
-25
-20
-12
11
9
-20
-49
4
21
10
-29
-36
-9
54
45
-48
-104
14
97
25
-94
-46
17
94
23
-130
-63
110
123
-54
-155
-3
181
114
-150
-187
119
251
29
-237
-107
202
186
-62
-129
-10
113
98
-24
-57
9
66
45
20
-2
-24
22
60
15
-13
55
38
-44
9
45
-2
42
78
-30
-57
38
67
24
14
24
8
1
-21
20
63
30
-26
-56
-4
95
54
-20
-62
24
59
8
-33
-9
48
24
-36
-28
33
27
-7
-29
-27
43
63
-57
-46
46
24
-35
-45
6
45
-4
-66
-14
77
-16
-159
-59
141
99
-122
-149
-6
73
20
-70
-32
29
-19
-65
-22
61
27
-84
-84
4
63
27
-84
-137
25
111
5
-115
-69
32
46
-56
-84
-1
78
-9
-93
-72
34
83
6
-100
-87
-8
91
54
-72
-132
37
116
-20
-125
-62
84
68
-12
-96
-23
88
35
-76
-46
23
50
12
-26
-50
10
35
2
-2
-6
15
34
18
2
-13
-8
34
32
24
-11
-6
27
54
-49
-62
105
127
-55
-134
12
205
129
-128
-182
44
226
100
-153
-142
87
172
65
-94
-127
39
177
51
-96
-48
82
81
1
-86
-38
136
129
-80
-143
46
157
38
-90
-59
61
105
32
-89
-81
76
132
19
-116
-79
113
144
-23
-145
-18
152
52
-86
-68
9
60
32
-51
-48
37
50
-44
-86
12
55
8
-32
-36
-15
52
24
-115
-60
97
53
-73
-81
-43
21
53
23
-78
-127
-11
116
48
-109
-127
24
93
-4
-88
-51
24
37
-30
-81
-4
71
-7
-135
-100
85
135
-10
-158
-134
72
173
31
-185
-157
92
160
-74
-155
14
110
41
-93
-150
15
174
30
-182
-112
115
144
-13
-176
-102
137
169
-69
-198
-24
171
107
-114
-173
34
222
81
-190
-159
123
213
16
-198
-116
127
232
24
-258
-115
236
248
-83
-237
-69
206
220
-31
-215
-66
200
189
-31
-149
-54
120
145
-8
-138
1
137
68
-78
-72
56
149
72
-148
-152
87
244
74
-166
-121
79
155
30
-97
-39
103
96
-64
-99
11
114
67
-62
-73
33
119
18
-114
-57
84
102
-15
-99
-32
106
116
-69
-136
13
134
57
-119
-146
49
190
1
-219
-95
199
153
-115
-224
-74
160
209
-59
-264
-107
143
121
-60
-132
-60
28
73
8
-93
-69
-16
33
16
-53
-51
-7
38
-24
-74
-40
42
29
-61
-100
-16
76
40
-88
-99
16
85
-26
-86
9
29
-8
-40
-101
-16
114
50
-130
-91
62
68
-10
-90
-82
63
124
-11
-136
-36
93
89
-27
-115
-48
79
62
-27
-65
-37
54
105
-45
-123
27
139
64
-114
-96
92
112
3
-54
-33
31
81
12
-33
24
52
-7
-40
82
88
-7
-43
-48
29
134
57
-89
-47
55
86
39
-32
-56
14
110
69
-14
-19
-7
-22
16
75
68
0
-26
-21
-2
44
55
4
-16
2
-15
35
36
25
-52
-23
65
58
-19
-56
-15
65
74
-6
-94
-36
80
90
-31
-123
-34
124
119
-99
-177
35
152
34
-123
-107
9
158
81
-192
-171
71
189
3
-189
-107
110
106
-75
-156
-6
135
3
-182
-119
112
162
-47
-200
-58
132
99
-81
-172
-28
104
53
-80
-112
-33
56
34
-61
-63
46
25
-48
-70
-39
44
61
-33
-110
-20
51
-2
-23
-36
-53
32
89
-47
-124
-2
87
13
-64
-58
24
79
-1
-109
-51
103
46
-58
-60
32
60
14
-47
-37
53
86
-39
-89
14
93
15
-14
25
73
32
-77
-57
73
92
24
-28
-2
0
-10
91
76
-58
-57
86
121
-11
-69
-24
53
98
50
-59
-54
69
79
-17
-58
15
105
78
-63
-116
29
173
114
-84
-168
-16
185
136
-123
-154
75
174
23
-144
-89
109
154
16
-163
-84
162
146
-109
-163
30
191
90
-112
-171
39
202
48
-153
-86
65
80
-12
-64
-89
22
97
-19
-106
2
44
-8
-56
-68
16
107
1
-136
-124
42
124
37
-104
-145
-25
124
68
-113
-124
11
65
39
-63
-119
-23
77
48
-92
-87
91
47
-95
-106
0
92
76
-115
-206
11
196
80
-143
-156
-1
139
76
-136
-172
72
172
-12
-155
-91
66
128
1
-147
-89
95
133
-15
-137
-92
82
159
-16
-179
-60
113
113
-59
-118
31
126
26
-107
-83
99
160
-9
-157
-36
149
126
-59
-159
8
162
115
-74
-142
2
144
153
-28
-194
-43
193
184
-89
-153
42
161
66
-80
-74
54
152
24
-158
-47
188
144
-121
-162
18
172
154
-80
-174
9
164
60
-75
-47
49
93
-9
-97
-14
127
90
-99
-113
71
159
29
-131
-118
91
154
-5
-136
-64
79
84
-2
-46
-43
39
100
-26
-118
-14
81
0
-44
-50
5
30
26
-37
-74
-13
70
49
-70
-104
-13
70
48
-77
-74
-28
-7
13
12
-32
-22
-9
-16
-39
-27
35
-6
-70
-44
11
33
27
-79
-132
-15
113
72
-76
-142
-51
87
82
-98
-109
73
78
-75
-121
-5
87
51
-67
-107
13
119
8
-131
-64
68
73
-34
-57
-46
24
49
-2
-29
-7
30
7
-23
-5
-1
11
51
-10
-70
12
79
64
-69
-121
26
175
92
-119
-140
86
184
-5
-100
-27
71
85
3
-68
43
97
9
-81
1
98
67
1
-50
-50
78
160
-19
-122
-16
113
78
-1
-37
-20
53
38
8
15
34
10
6
-18
-25
50
116
12
-102
-34
95
78
-33
-81
-4
95
100
-90
-93
37
101
13
-82
-17
87
70
-58
-129
-3
165
68
-140
-105
48
87
-3
-69
-53
26
53
-24
-56
-18
22
-31
-48
23
26
-7
-27
-56
-48
15
51
3
-72
-98
-38
87
70
-97
-165
9
132
63
-86
-152
-38
108
98
-85
-143
-4
60
-20
-60
-53
15
81
-29
-193
-73
162
131
-108
-183
-40
127
117
-70
-178
-53
145
100
-98
-155
1
136
47
-104
-103
44
103
0
-102
-79
55
112
-14
-100
-37
92
59
-82
-41
65
80
-10
-44
-8
44
38
-17
-42
31
91
29
-68
-25
36
117
89
-67
-121
-2
137
150
-35
-153
-57
180
200
-101
-201
41
189
102
-60
-118
-4
156
81
-132
-82
152
187
-57
-227
-53
239
218
-102
-246
-44
251
167
-134
-198
70
212
62
-151
-136
105
173
-6
-154
-52
124
96
-23
-115
-56
146
143
-101
-165
34
179
61
-108
-134
22
188
76
-190
-214
89
235
11
-235
-125
140
174
-66
-238
-43
187
112
-154
-205
-21
173
114
-102
-202
-77
134
109
-78
-143
-36
98
69
-115
-142
58
96
-62
-138
-16
116
66
-140
-173
34
193
31
-164
-125
26
113
45
-99
-103
34
89
-34
-115
-2
79
32
-35
-64
-34
64
50
-70
-97
30
92
5
-76
-65
46
89
8
-110
-52
97
78
-58
-89
-23
95
108
-36
-129
2
132
46
-96
-63
45
119
98
-74
-158
40
196
68
-91
-96
26
111
86
-24
-106
37
107
8
-30
-13
31
93
23
-42
-11
78
62
-16
-108
-30
181
130
-92
-154
-2
139
110
-22
-83
-21
52
61
0
-48
20
84
19
-82
-22
69
76
-10
-76
-14
104
84
-73
-110
3
102
126
-17
-165
-91
151
169
-109
-168
17
150
64
-126
-142
62
167
6
-181
-95
141
143
-83
-209
-79
166
177
-93
-230
-22
149
90
-100
-135
1
68
18
-85
-104
43
105
-58
-130
-5
96
36
-113
-119
31
131
11
-148
-121
52
75
-9
-40
-75
-26
57
7
-72
-41
41
23
-45
-54
-13
22
49
-32
-80
-19
38
18
-35
-44
-18
32
61
-47
-97
27
84
-18
-56
-8
23
59
18
-99
-53
95
76
-1
-78
-66
58
119
7
-141
-42
153
101
-2
-86
-83
91
151
-20
-98
20
78
-7
-13
86
35
-44
-18
11
74
114
-17
-138
-24
166
113
-44
-88
11
65
57
35
-28
5
26
-19
6
80
45
-36
-6
1
-16
39
110
16
-45
-39
17
82
69
-69
-106
61
120
5
-64
-37
20
75
45
-86
-52
125
56
-114
-27
97
35
-30
-50
-27
9
48
1
-59
-18
22
-7
-13
-8
-33
-34
6
7
7
15
-49
-54
-1
-14
-10
41
-3
-138
-79
136
90
-123
-128
-33
59
80
-32
-148
-44
107
64
-95
-119
38
109
-9
-171
-102
125
146
-94
-208
-59
125
128
-43
-209
-104
165
145
-122
-164
-2
118
51
-53
-113
-29
101
24
-98
-44
68
33
-46
-52
-6
53
58
-37
-106
3
96
39
-78
-46
33
71
21
-45
-37
66
88
-53
-69
40
109
58
-53
-86
6
131
89
-57
-105
18
122
110
-27
-126
-16
148
120
-62
-96
17
101
76
-8
-61
-11
96
54
-77
-30
90
98
9
-106
-100
118
224
-8
-202
-69
136
141
22
-117
-71
107
119
-45
-98
11
73
62
2
-75
1
119
0
-128
-23
127
48
-26
-78
-29
83
81
-59
-85
38
87
-38
-86
3
36
20
17
-68
-64
66
43
-70
-99
-15
67
55
-23
-116
-87
78
67
-41
-86
-71
-15
79
22
-90
-76
9
36
-18
-21
-11
-48
-30
-5
-25
17
51
-51
-128
-28
82
69
-19
-121
-112
57
112
-10
-121
-46
45
64
-42
-104
-2
104
3
-125
-27
92
54
-73
-106
0
111
75
-107
-180
31
197
19
-171
-69
91
123
15
-127
-125
114
216
-32
-196
-67
140
176
9
-221
-120
215
243
-62
-250
-86
207
228
-32
-228
-60
189
142
-31
-79
-14
43
77
23
-57
10
95
1
-88
23
149
36
-48
-46
6
109
113
-41
-116
27
96
47
6
-46
-33
53
73
-29
-64
43
78
27
-27
-52
-4
100
33
-77
-14
78
22
-14
-26
-21
27
60
15
-67
-4
51
36
-37
-69
19
68
44
-70
-121
45
109
-18
-93
-63
26
108
10
-128
-110
93
123
-68
-144
-10
73
29
-67
-85
38
69
-73
-139
57
125
-45
-155
-57
50
86
-7
-125
-89
75
66
-54
-70
-57
-7
69
7
-93
-34
37
-16
-56
-34
4
30
13
-69
-100
11
105
11
-97
-55
20
52
37
-41
-108
-25
92
31
-51
-39
14
-16
2
5
-24
-5
15
-19
9
54
-4
-53
17
52
19
23
-28
-58
19
96
24
-71
-9
44
39
10
-36
-24
70
100
12
-85
-46
92
160
10
-151
-71
140
169
-29
-140
-35
126
149
20
-118
-57
112
87
-44
-28
54
40
-1
-19
-24
87
108
-30
-124
4
105
56
-3
-29
-21
55
65
-6
-39
5
17
10
40
2
-34
40
52
-17
-55
12
51
14
-42
-42
24
91
29
-89
-44
47
26
-18
-39
-41
22
59
-9
-85
-55
49
23
-49
-6
-24
6
27
-70
-106
6
143
36
-155
-144
22
145
53
-125
-196
30
160
30
-142
-148
14
123
61
-131
-114
67
77
-73
-128
12
142
20
-184
-136
87
178
-33
-193
-84
114
90
-83
-123
-9
106
54
-103
-99
69
77
-47
-59
17
0
12
11
-95
-51
96
74
-56
-81
-10
69
52
-35
-77
24
90
10
-42
-26
30
56
9
-55
-25
109
97
-51
-104
6
92
114
34
-87
-100
83
184
44
-99
-73
51
117
73
-63
-93
58
120
30
-40
-34
13
103
28
-90
-13
141
85
-107
-114
60
187
67
-123
-141
68
182
20
-144
-28
123
61
-27
-79
-37
90
133
-38
-131
27
157
14
-154
-72
96
129
8
-132
-81
97
97
-36
-100
-24
116
86
-89
-135
0
144
66
-137
-122
61
119
20
-149
-175
85
214
-12
-211
-123
72
135
31
-142
-180
31
177
34
-152
-148
38
140
10
-173
-70
110
48
-128
-86
46
95
3
-145
-131
61
172
-3
-205
-127
77
133
4
-107
-97
32
122
-19
-158
-30
118
52
-71
-87
6
88
39
-118
-101
79
120
11
-98
-105
34
141
45
-153
-110
119
128
-42
-127
-42
124
149
-65
-190
0
213
92
-142
-120
67
154
77
-84
-146
34
146
67
-58
-57
7
83
81
10
-72
-17
71
70
14
-11
4
22
21
-17
1
75
40
-67
-36
112
130
-21
-123
-18
90
85
5
-47
-2
54
30
-31
-32
24
86
57
-96
-104
70
114
2
-70
-31
46
98
67
-79
-114
49
118
0
-69
-25
52
62
-14
-112
-17
139
64
-107
-105
54
100
6
-113
-108
58
169
-15
-189
-101
87
129
32
-153
-147
48
132
-25
-103
11
21
-63
-51
-9
23
43
-36
-124
-23
132
52
-138
-183
-12
164
96
-119
-193
-22
146
60
-107
-117
38
84
-31
-121
-52
114
74
-92
-153
-4
120
71
-97
-170
12
197
55
-184
-146
87
164
11
-136
-111
68
145
-17
-154
-35
117
75
-46
-112
-62
99
104
-22
-84
-14
96
66
-46
-74
-3
95
46
-28
-13
22
8
-28
15
64
43
7
-28
-47
60
135
32
-105
-44
77
121
52
-67
-123
31
209
85
-130
-122
62
142
50
-48
-71
74
113
-54
-108
58
157
46
-100
-105
45
171
78
-139
-92
92
114
0
-40
-43
1
78
54
-46
-30
50
33
-19
-22
7
67
42
-51
-63
7
63
-2
-24
-5
-8
-16
-3
-5
-16
37
-6
-71
5
29
-11
-43
-30
-25
8
64
-44
-76
-50
-9
32
44
-54
-128
-16
133
45
-116
-148
-24
125
114
-107
-212
-20
142
44
-123
-81
39
40
-32
-78
-29
89
64
-103
-160
-6
149
101
-76
-222
-82
179
154
-143
-204
42
165
14
-125
-94
58
116
-42
-146
-29
144
72
-114
-125
18
143
86
-133
-174
76
191
-7
-154
-60
120
128
-19
-148
-65
144
138
-65
-126
3
145
99
-92
-149
38
216
107
-161
-172
84
241
107
-140
-174
83
236
32
-160
-58
127
103
7
-59
-9
85
77
-87
-132
122
206
-15
-167
-94
110
219
33
-163
-82
95
113
19
-71
-59
79
111
-27
-144
-22
158
102
-68
-107
-7
139
125
-109
-201
58
231
57
-172
-114
88
137
7
-130
-113
88
154
-33
-164
-34
97
103
-38
-152
-15
170
46
-195
-159
94
163
28
-142
-161
17
155
38
-141
-91
33
31
-7
-48
-57
-2
38
-33
-76
8
49
-34
-101
-9
64
23
-12
-83
-96
2
74
53
-59
-142
-49
86
85
-55
-87
-8
-5
3
26
-17
-47
8
28
-33
-24
29
-6
-45
-6
3
16
44
-24
-87
-13
61
19
-20
-40
10
56
17
-49
-76
44
110
-4
-103
-18
99
75
-39
-124
6
193
89
-153
-126
91
147
33
-79
-49
64
99
-8
-49
32
58
-1
10
27
20
22
33
-28
-41
73
118
-10
-62
-28
8
106
94
-50
-109
20
109
62
6
-34
-27
31
7
-33
53
125
-34
-121
-31
107
123
-15
-136
-71
117
165
-4
-170
-98
108
156
16
-121
-95
74
140
-4
-156
-53
105
114
-20
-168
-66
152
129
-102
-180
-18
135
108
-78
-201
-55
153
137
-114
-197
15
140
16
-134
-85
66
76
-70
-128
23
118
-10
-146
-86
112
121
-52
-206
-95
171
153
-111
-176
-47
58
85
-35
-134
-30
101
2
-115
-45
62
57
-11
-93
-96
27
111
-13
-118
-35
68
29
-18
-66
-89
35
105
-3
-83
-15
34
8
-11
-36
-29
35
51
-34
-48
27
19
-26
-21
15
48
37
-10
-62
26
85
13
-50
32
45
1
-28
-16
24
73
66
-42
-56
42
79
42
-26
-59
5
116
84
-28
-53
28
49
72
14
-51
-14
75
16
-11
0
34
63
10
-72
-27
107
123
-37
-108
-35
97
95
-13
-48
-29
40
93
-13
-77
14
79
36
-20
-25
5
43
28
-53
-48
80
80
-44
-81
-33
73
108
-27
-121
-8
122
53
-123
-97
32
87
16
-89
-64
46
85
-79
-136
28
111
-2
-75
-101
-52
89
115
-69
-171
-63
85
105
-36
-118
-71
49
71
-33
-79
-42
-2
18
-29
-39
41
-17
-89
-62
12
75
39
-57
-124
-87
81
182
-41
-211
-73
125
116
-70
-161
-34
134
91
-136
-161
62
179
-6
-184
-92
120
146
-63
-198
-27
180
104
-129
-133
52
119
28
-113
-86
103
140
-49
-99
28
72
9
-21
-33
3
102
89
-89
-116
51
144
61
-51
-92
-4
129
101
-52
-101
40
135
72
-57
-80
15
121
69
-68
-32
78
81
-20
-74
6
158
100
-112
-149
50
184
89
-91
-123
-7
124
113
-25
-103
3
100
39
-49
-69
53
99
21
-99
-53
94
97
-30
-95
-5
98
98
-46
-130
-10
129
68
-114
-93
72
89
1
-126
-88
92
131
-70
-163
7
159
50
-131
-143
12
144
59
-149
-128
40
88
2
-66
-58
-20
4
-14
-13
11
40
-72
-125
-20
103
52
-70
-137
-41
98
89
-38
-128
-116
36
143
38
-141
-131
31
107
-3
-117
-46
69
52
-65
-123
-21
133
66
-92
-106
-7
83
74
-76
-124
-13
124
97
-98
-139
-2
133
86
-65
-156
-9
143
81
-83
-129
6
167
98
-128
-138
58
196
41
-174
-98
153
174
-61
-176
0
177
97
-91
-72
59
85
16
-26
11
50
41
0
-59
4
126
57
-74
-59
53
145
45
-94
-103
41
153
99
-76
-121
19
128
94
-53
-97
50
143
5
-133
-26
138
104
-48
-141
-4
159
89
-94
-113
42
130
46
-84
-89
32
102
31
-60
-31
34
27
-12
-41
3
66
12
-86
-33
57
52
-50
-92
16
64
18
-51
-68
-23
20
6
3
-36
-54
25
42
-63
-90
20
78
6
-128
-132
62
160
5
-214
-121
119
152
-52
-183
-113
123
149
-78
-164
-35
88
36
-86
-84
36
80
-32
-157
-44
130
112
-93
-209
-35
153
96
-79
-171
-44
150
79
-111
-122
30
102
-17
-107
-5
75
29
-45
-78
1
55
50
-35
-60
-16
31
43
-3
-35
-19
40
54
0
-77
-33
67
65
14
-30
2
30
24
6
-2
31
70
36
-60
-88
74
188
28
-184
-86
172
189
-13
-174
-47
163
122
-44
-87
-8
100
67
-49
-49
60
116
13
-137
-64
130
205
-3
-224
-81
209
173
-70
-166
-4
123
83
-39
-101
3
124
74
-62
-95
38
84
19
-74
-48
74
110
-23
-123
-13
106
49
-53
-74
6
85
38
-61
-95
3
83
45
-69
-70
22
39
-8
-85
-61
59
80
-32
-142
-98
77
135
-10
-154
-145
63
161
-3
-182
-117
67
145
-17
-154
-75
52
70
-48
-86
7
64
-41
-92
-72
48
84
-13
-130
-111
44
133
43
-123
-135
28
89
14
-71
-77
29
84
-26
-109
-24
70
36
-70
-66
36
53
-6
-85
-88
106
134
-63
-176
-6
157
56
-82
-112
16
129
42
-112
-78
111
117
-26
-114
-12
114
104
-41
-113
-24
102
117
-13
-75
-13
69
71
26
-21
-21
21
30
43
40
-14
-22
45
51
-2
-2
39
40
-31
-47
135
110
-68
-123
4
122
114
-3
-110
-42
96
81
-21
-52
17
87
32
-77
-43
67
91
-16
-104
-40
106
136
-27
-164
-48
136
136
-32
-144
-56
129
108
-90
-154
55
162
29
-154
-136
84
151
-17
-174
-70
152
123
-112
-190
-9
162
104
-126
-182
9
135
36
-113
-82
5
30
17
-69
-65
34
44
-70
-108
5
83
21
-96
-95
-17
120
89
-101
-248
-40
204
97
-139
-161
1
96
32
-65
-71
7
49
2
-69
-75
17
75
13
-91
-88
65
105
-4
-130
-76
82
101
-4
-125
-59
80
66
-29
-51
3
42
52
-23
-95
23
116
37
-83
-66
55
105
19
-99
-65
95
133
6
-87
-64
61
95
33
-37
-26
36
45
3
10
40
11
-10
-22
28
91
52
-62
-71
61
149
52
-68
-86
17
78
99
-1
-57
-4
7
24
63
45
-35
-33
1
11
51
63
-22
-21
29
27
10
5
9
-21
-23
34
64
18
-43
-42
27
58
-9
-60
16
50
10
-52
1
75
24
-59
-44
22
59
8
-93
-99
56
116
19
-135
-115
41
104
21
-89
-77
40
73
-53
-120
-27
111
51
-121
-146
29
140
47
-151
-185
17
178
60
-164
-177
53
191
8
-168
-84
46
72
-38
-114
-10
101
33
-136
-140
50
153
38
-162
-155
46
137
38
-122
-85
56
84
-13
-88
-53
26
34
-35
-24
11
19
-29
-22
-19
-4
104
43
-114
-99
53
103
32
-67
-77
39
128
17
-130
-62
99
119
-23
-99
-9
110
95
-62
-126
17
189
114
-104
-165
31
201
121
-115
-148
61
194
64
-134
-105
66
147
62
-66
-114
28
148
52
-55
-6
63
66
-36
-77
30
126
52
-78
-89
39
126
70
-55
-51
10
44
37
-13
-15
12
24
25
1
33
45
-29
-82
-8
90
76
-17
-82
-40
63
74
-10
-70
-26
69
60
-71
-100
2
92
51
-77
-84
7
80
-3
-90
-69
51
76
-10
-125
-101
68
105
0
-109
-122
9
116
58
-151
-170
38
131
-7
-113
-58
56
35
-45
-75
-19
70
26
-129
-103
39
133
17
-140
-165
4
148
71
-98
-140
16
104
-4
-89
-74
40
105
-23
-124
-27
99
46
-104
-100
64
122
2
-169
-107
115
158
-4
-172
-88
135
127
-93
-142
14
199
94
-148
-159
71
211
61
-186
-134
119
224
9
-207
-105
169
199
-13
-185
-70
193
164
-63
-137
5
144
80
-76
-69
59
111
8
-91
4
137
69
-49
-100
-24
173
150
-74
-152
6
130
104
2
-95
-78
79
123
-16
-91
4
130
56
-95
-94
61
128
13
-111
-27
134
104
-68
-113
-2
80
70
-6
-89
-40
56
84
6
-75
-25
68
49
-57
-102
11
103
20
-106
-86
68
80
-38
-114
-78
67
115
-22
-142
-54
79
57
-59
-101
-10
55
11
-110
-57
62
53
-47
-109
-26
36
47
-31
-107
-27
65
29
-43
-96
-77
33
92
4
-95
-72
25
62
-23
-73
-6
37
-6
-81
-37
71
28
-76
-52
-16
44
58
-16
-139
-59
132
110
-56
-125
-35
56
89
-42
-106
27
127
-18
-127
-33
113
102
-30
-112
-5
100
71
-54
-98
12
138
74
-40
-92
-14
108
87
-49
-82
45
127
25
-91
-36
87
130
36
-126
-48
134
157
-75
-165
-10
192
147
-83
-154
7
174
124
-66
-118
20
113
49
-64
-44
66
114
-12
-135
-56
139
162
-19
-169
-78
152
161
-47
-168
-33
164
146
-47
-181
-37
147
102
-102
-123
64
153
17
-162
-101
108
156
-25
-145
-83
107
102
-23
-149
-59
134
105
-89
-150
-11
68
37
-9
-68
-52
46
13
-82
-67
58
27
-50
-84
-30
61
92
-64
-169
-43
140
85
-93
-164
-50
105
95
-71
-141
-3
60
3
-59
-51
21
55
-67
-103
3
103
35
-67
-115
-38
52
67
-31
-72
-27
47
22
-55
-50
-4
-12
11
32
1
-1
-29
-35
-10
39
39
8
-40
-48
-30
72
71
-58
-99
58
127
-2
-100
-29
53
97
-15
-106
25
131
4
-105
-18
89
100
28
-70
-102
44
145
52
-61
-68
39
89
66
-25
-82
23
102
43
-7
-18
1
37
26
-15
35
86
5
-97
-39
89
118
26
-78
-82
24
139
83
-84
-64
44
80
59
-67
-95
44
146
4
-121
3
155
37
-115
-99
61
178
44
-159
-128
89
188
7
-174
-87
99
130
-27
-128
-68
86
92
-31
-95
-35
69
38
-91
-126
50
145
-14
-147
-79
30
48
68
-37
-159
-55
115
51
-111
-109
37
82
-9
-112
-58
81
33
-98
-84
34
87
-3
-129
-120
43
149
31
-165
-157
34
114
52
-89
-137
6
125
11
-110
-67
47
61
-35
-71
-41
59
62
-71
-113
33
138
41
-119
-154
8
157
87
-127
-139
70
136
-4
-110
-52
83
106
-6
-122
-52
103
85
-42
-58
14
87
79
-65
-103
36
162
60
-95
-84
62
93
50
13
-70
-23
83
75
-14
-20
14
36
40
-4
-14
40
60
-7
-42
18
102
50
-45
-52
15
81
61
0
-37
-7
-11
47
46
-17
5
50
-15
-31
33
62
-2
-35
-14
39
39
29
-31
-65
20
59
14
-31
3
15
-1
11
-37
5
69
14
-47
-33
3
-8
12
-4
-75
-4
83
16
-104
-101
25
92
33
-106
-117
72
96
-73
-129
15
83
-20
-116
-49
58
70
-38
-151
-49
103
75
-76
-148
-50
89
93
-28
-151
-117
88
122
-61
-118
-21
63
8
-85
-83
52
95
-64
-146
-8
113
54
-27
-98
-75
76
115
-36
-126
-61
44
82
44
-101
-88
60
104
-41
-100
-7
83
37
-54
-105
16
130
75
-76
-90
36
95
50
-38
-111
-6
164
90
-71
-112
7
129
69
-54
-80
76
142
-27
-127
28
151
50
-65
-81
23
153
70
-127
-117
98
199
43
-128
-90
53
163
95
-103
-109
78
103
15
-43
3
60
34
-74
-86
76
171
14
-134
-51
97
125
-6
-114
-77
112
141
-22
-110
-26
73
63
-46
-42
30
83
12
-120
-50
114
83
-52
-117
-19
96
77
-73
-141
6
126
34
-80
-115
-27
96
43
-101
-117
43
106
9
-106
-96
47
98
-17
-157
-109
111
148
-58
-157
-91
52
126
10
-177
-115
76
100
-40
-59
-38
-62
11
41
-26
-20
13
-55
-81
11
70
23
-18
-82
-75
26
65
-38
-76
4
28
-9
-23
-10
-8
9
-34
-52
37
85
-18
-121
-50
36
65
62
-54
-114
-13
70
65
-2
-46
-32
54
89
-13
-92
8
74
8
-18
11
42
-15
-11
0
24
79
47
-26
-57
17
97
74
-6
-83
-31
94
105
-37
-58
14
61
83
7
-56
-1
68
36
-48
33
72
30
8
-63
-77
117
182
-17
-180
-52
139
133
-13
-138
-60
154
146
-106
-162
84
186
22
-109
-98
92
184
-13
-229
-62
221
156
-122
-184
-11
161
127
-105
-179
40
161
20
-115
-95
27
90
32
-85
-77
64
77
-82
-99
21
73
32
-54
-102
-39
57
62
-40
-95
-70
-1
75
35
-112
-85
42
53
-31
-43
-39
-44
1
0
-29
-31
30
-11
-76
-28
44
36
2
-63
-101
-1
91
17
-106
-37
34
0
-64
-18
17
59
1
-118
-50
99
47
-53
-89
-26
74
98
-55
-159
-27
130
70
-58
-83
22
62
15
-76
-49
81
83
-59
-54
36
66
23
-34
-43
-4
122
81
-125
-119
113
133
-11
-82
-34
120
111
-41
-120
36
147
59
-83
-71
67
145
48
-114
-91
121
192
-29
-179
-79
133
234
37
-189
-126
130
183
2
-92
-44
37
88
36
-100
-27
140
100
-107
-91
57
106
40
-45
-96
-20
129
113
-74
-156
-13
134
142
-36
-184
-55
152
114
-103
-152
35
131
44
-131
-117
66
131
-12
-124
-33
67
73
-35
-141
-79
95
121
-80
-154
-1
72
22
-51
-68
3
35
-38
-108
17
82
-23
-126
-62
59
94
-23
-156
-121
84
132
-27
-103
-89
-22
78
33
-66
-71
32
-24
-71
17
60
-19
-40
-28
-51
-22
89
20
-108
-87
29
91
60
-87
-180
2
182
67
-124
-97
50
74
24
-71
-78
61
104
-45
-113
19
105
19
-53
-36
44
105
13
-130
-65
130
110
-24
-72
-12
65
90
-19
-107
38
166
45
-133
-63
122
136
-1
-141
-63
148
164
-50
-132
9
124
94
-17
-100
-16
112
78
-49
-55
9
88
60
-48
-79
77
170
14
-180
-59
153
121
-20
-84
-39
91
108
-32
-115
11
92
6
-1
-1
-12
15
56
-41
-43
61
78
-59
-77
15
43
47
-3
-62
-45
59
35
-48
-46
3
12
8
-36
-28
8
43
-31
-81
6
46
31
-34
-107
-97
66
143
-45
-193
-73
109
115
-24
-170
-124
109
159
-55
-187
-38
99
71
-72
-111
-20
55
34
-79
-94
41
75
-34
-110
-93
65
152
-9
-197
-108
97
113
-16
-120
-103
59
144
-9
-148
-15
74
32
-66
-76
0
99
69
-127
-133
61
158
22
-129
-93
49
110
40
-120
-98
116
136
-46
-118
-18
121
97
-47
-141
68
195
6
-167
-68
131
136
21
-123
-86
139
188
-32
-146
-38
99
128
38
-87
-88
96
147
-16
-83
13
72
44
-62
-38
117
118
-60
-164
31
210
68
-109
-82
30
94
51
-28
-43
56
75
-51
-60
45
76
-5
-38
-7
13
66
38
-74
-66
41
71
11
-18
-17
-15
47
55
-52
-67
18
53
26
-36
-80
-1
86
6
-115
-49
83
55
-53
-104
-63
89
99
-56
-153
-25
76
53
-22
-95
-68
56
60
-75
-86
18
35
-18
-48
-37
11
37
-38
-113
-38
86
77
-82
-147
-32
91
94
-61
-168
-66
111
60
-68
-55
5
16
-7
-47
-50
42
60
-62
-86
11
62
47
-29
-129
-58
104
122
-62
-135
-26
88
44
-16
-89
-9
89
28
-113
-49
73
85
33
-55
-101
38
174
50
-187
-120
158
193
-18
-183
-82
159
214
-44
-202
-4
180
95
-32
-84
-1
101
91
-63
-70
89
93
-32
-67
26
117
107
-71
-128
12
172
87
-70
-62
11
68
75
-19
-64
20
83
-6
-68
20
96
38
-33
-72
-15
131
88
-81
-122
31
125
93
-33
-159
-68
164
154
-73
-164
-1
117
66
-79
-100
15
135
15
-145
-45
96
27
-54
-34
-16
7
37
2
-75
-57
10
19
3
-26
-52
22
18
-65
-48
51
34
-70
-75
9
55
18
-55
-149
-32
156
79
-169
-176
49
134
11
-101
-129
-21
140
53
-167
-102
118
69
-92
-89
-24
92
86
-84
-167
-28
107
51
-43
-74
-52
57
88
-44
-109
-4
72
33
-50
-52
-9
28
28
-59
-27
97
46
-83
-89
-6
103
87
-80
-101
68
143
-4
-123
-18
103
65
-2
-53
-37
64
72
-22
-55
10
103
85
-59
-96
20
170
112
-144
-148
121
189
34
-125
-112
71
208
74
-136
-115
58
125
59
-69
-98
86
173
-53
-172
51
221
92
-144
-175
25
221
140
-134
-221
55
234
73
-134
-99
51
104
94
-42
-97
16
68
-2
-28
-6
27
52
-8
-99
-11
101
28
-62
-57
9
68
54
-87
-130
12
152
31
-113
-73
20
40
20
-72
-55
47
65
-73
-131
-18
118
66
-100
-164
-17
154
105
-125
-187
-8
108
61
-65
-128
-43
62
55
-43
-54
-32
-49
-1
43
-9
-34
19
-26
-98
10
96
-3
-98
-53
13
45
14
-74
-77
55
48
-60
-69
-9
41
22
-58
-52
48
87
-26
-121
-43
57
100
26
-135
-104
72
108
11
-85
-20
42
23
31
-5
-49
36
81
-13
-59
67
75
-42
-71
-12
69
123
26
-114
-61
126
119
-13
-64
-25
71
101