#4
629
-326
-674
-3
651
279
-473
-455
268
564
5
-515
-238
380
377
-142
-412
-36
377
236
-267
-324
138
360
41
-279
-172
233
277
-74
-252
-27
236
153
-127
-183
69
203
59
-102
-121
47
226
87
-152
-146
85
217
71
-135
-124
107
204
4
-146
-33
128
99
-64
-96
39
137
21
-73
-22
77
58
-5
-59
-20
63
61
-8
-37
0
60
-2
-44
21
65
9
-94
-18
97
75
-37
-51
2
58
41
-24
-42
39
64
17
-23
-35
15
67
33
-22
-48
29
79
29
-40
-40
36
69
-6
-80
-16
86
54
-48
-71
-21
90
56
-80
-72
38
70
3
-92
-46
127
79
-115
-134
63
157
34
-137
-102
87
179
34
-168
-133
107
227
18
-233
-125
214
251
-72
-264
-37
270
186
-204
-244
92
297
88
-246
-189
184
295
-21
-276
-118
214
238
-92
-247
11
264
89
-195
-166
125
238
-3
-231
-82
223
204
-155
-253
46
259
92
-226
-190
159
289
25
-215
-132
131
231
14
-218
-48
224
170
-127
-209
27
262
145
-181
-204
93
278
54
-193
-137
154
234
-12
-223
-58
206
146
-113
-151
54
200
64
-178
-102
130
143
-34
-150
-24
130
104
-37
-138
-34
137
88
-98
-113
25
133
40
-127
-114
130
212
-19
-241
-81
221
187
-104
-248
-24
267
213
-175
-292
36
307
139
-205
-251
81
308
114
-231
-206
127
256
14
-235
-141
197
252
-93
-286
-87
226
210
-91
-297
-81
261
190
-202
-243
95
274
32
-287
-146
234
256
-129
-305
0
306
145
-219
-263
116
324
43
-313
-165
239
275
-94
-280
-41
263
161
-164
-214
69
250
60
-188
-126
104
210
18
-185
-103
128
184
-14
-199
-75
188
134
-120
-161
20
159
88
-107
-141
58
155
18
-126
-66
81
90
-32
-77
-3
74
79
-21
-91
-17
105
73
-43
-61
30
121
52
-120
-61
139
124
-62
-154
29
160
90
-81
-111
47
128
17
-57
-16
6
31
22
-23
-10
38
28
13
-11
-29
6
74
24
-65
-26
103
71
-49
-97
-26
119
73
-105
-113
66
106
7
-67
-55
60
80
-27
-89
-11
95
49
-65
-38
52
58
-2
-69
-18
74
58
-57
-50
49
67
-12
-59
-11
41
26
-58
-27
38
28
-28
-63
-3
102
30
-102
-95
49
95
0
-112
-72
66
114
-15
-166
-58
147
135
-107
-207
16
202
99
-144
-167
63
219
64
-201
-169
149
242
-16
-246
-101
240
183
-164
-238
44
302
114
-243
-242
145
316
17
-274
-173
170
278
-24
-272
-91
224
194
-110
-223
-25
193
138
-107
-184
31
177
44
-109
-115
20
167
54
-157
-115
133
207
-12
-209
-86
178
210
-43
-217
-68
233
200
-128
-244
49
273
111
-210
-211
129
287
35
-229
-139
179
226
-43
-243
-98
221
244
-90
-289
-38
292
180
-190
-286
57
280
90
-232
-201
173
272
-56
-264
-66
242
188
-163
-263
36
258
90
-208
-172
120
233
-8
-248
-105
194
205
-81
-224
-27
219
96
-174
-147
123
221
-3
-241
-70
219
183
-127
-254
2
218
108
-170
-210
52
228
33
-239
-127
130
172
-17
-203
-91
127
135
-38
-159
-59
96
98
-68
-137
7
151
12
-133
-73
114
113
-47
-157
-48
128
129
-64
-146
-25
149
110
-93
-139
11
118
98
-61
-135
28
128
73
-88
-99
38
127
9
-107
-84
75
144
-19
-180
-25
163
89
-116
-132
44
164
49
-141
-100
92
132
-33
-154
-64
123
144
-14
-161
-44
139
124
-63
-159
-11
141
129
-42
-148
-9
151
100
-48
-91
11
101
59
-53
-55
57
77
-28
-66
11
63
36
-64
-62
60
93
-27
-71
22
86
26
-100
-52
87
92
-70
-116
75
133
-29
-145
-23
90
87
-36
-124
-28
91
64
-43
-85
1
59
33
-27
-47
-11
34
28
-5
2
6
-6
-11
15
23
0
-48
-12
29
36
28
-29
-62
11
67
-2
-53
-27
-9
32
29
-43
-81
47
94
-11
-114
-50
66
60
-13
-91
-27
29
34
-27
-43
-43
28
45
2
-52
-20
29
52
-14
-74
-7
47
5
3
1
-4
8
-5
1
-1
-2
-25
19
50
35
-25
-35
-12
66
58
-54
-88
-9
67
56
4
-59
-58
36
94
8
-85
-80
50
128
-15
-143
-17
92
70
-35
-93
-34
99
102
-54
-139
23
162
71
-140
-146
79
227
51
-198
-128
147
202
-28
-161
-35
149
118
-69
-150
-1
180
89
-129
-125
72
166
30
-172
-96
141
180
-53
-198
-57
201
164
-138
-224
37
209
75
-169
-137
91
191
28
-182
-127
133
199
-25
-206
-97
174
211
-84
-259
-39
218
140
-176
-190
81
223
20
-200
-111
142
189
-32
-195
-63
146
156
-29
-159
-35
91
58
-31
-82
-45
72
82
-49
-128
-35
97
94
-77
-145
-6
139
42
-133
-99
96
150
-42
-191
-90
136
164
-61
-216
-43
166
117
-87
-185
-19
179
74
-134
-144
56
180
54
-137
-117
77
124
-10
-144
-58
115
149
-59
-186
6
177
66
-100
-102
50
98
-2
-119
-11
102
53
-79
-88
48
85
-15
-63
-21
30
37
-5
-38
-12
39
6
-41
-34
30
47
35
-30
-58
-2
69
25
-26
-9
13
30
11
14
9
40
35
19
-16
-51
0
42
55
31
-19
-32
-10
14
62
46
-55
-82
20
100
48
-63
-72
29
86
15
-66
-43
26
37
11
-8
37
-22
-40
-5
26
22
-23
-28
-11
-1
37
37
-32
-57
27
19
-23
-4
36
23
-37
-27
17
45
-5
-50
-21
36
63
-20
-108
-1
98
59
-24
-85
-51
61
86
-40
-150
-4
131
50
-122
-120
20
136
54
-110
-154
-10
116
94
-62
-157
-9
113
44
-68
-76
-7
62
19
-60
-39
16
45
21
-20
-80
-9
75
48
-38
-68
-6
96
51
-71
-112
18
145
67
-93
-111
44
143
25
-81
-64
73
73
-64
-91
77
114
-50
-130
-16
133
90
-99
-156
18
163
60
-107
-88
65
111
-28
-104
-48
45
97
23
-61
-53
35
87
19
-52
-47
52
75
-23
-63
2
102
64
-37
-76
-11
80
74
-14
-28
1
40
29
-32
-23
51
45
-85
-52
61
75
-12
-81
-34
94
68
-72
-96
3
81
62
-28
-65
-3
70
13
-65
-53
36
65
-4
-76
-40
55
60
1
-94
-77
52
105
2
-94
-64
62
114
-8
-139
-40
117
100
-43
-147
-48
168
136
-128
-164
42
182
28
-168
-120
89
155
-31
-171
-43
124
89
-87
-130
-10
146
48
-154
-96
116
131
-54
-146
-71
82
119
-24
-135
-67
68
147
3
-180
-123
128
170
-25
-196
-80
196
165
-110
-233
22
229
51
-165
-114
95
185
-12
-179
-90
161
157
-94
-206
-16
163
102
-72
-111
17
123
40
-97
-92
30
95
39
-62
-75
19
49
17
-23
-25
-47
10
56
33
-54
-26
76
79
-36
-85
-20
81
86
-25
-95
-1
117
75
-54
-96
23
112
27
-85
-31
79
120
-9
-117
-47
118
99
-63
-138
11
146
41
-86
-93
28
132
26
-114
-53
87
80
-61
-54
29
46
15
-56
-67
17
69
32
-52
-82
13
104
37
-75
-55
41
60
9
-55
-68
24
76
7
-38
-49
13
87
21
-72
-50
41
41
19
-9
-20
-26
14
10
-14
-28
-5
23
-4
-29
-16
11
-11
-18
-4
-41
-22
11
-13
2
32
0
-34
-58
-43
82
94
-87
-109
31
118
29
-89
-106
32
125
-15
-127
-40
86
88
-43
-117
-22
133
91
-129
-128
81
169
60
-122
-148
71
165
28
-103
-88
19
89
13
-42
-26
29
5
-46
-10
63
24
-38
-37
-10
32
46
-33
-93
7
110
60
-90
-130
22
144
80
-95
-125
56
153
15
-124
-68
99
139
-32
-125
-30
136
154
-55
-172
-15
177
131
-86
-163
28
159
94
-110
-121
19
114
49
-55
-78
22
69
34
-40
-65
1
54
41
-33
-76
18
129
19
-134
-70
100
118
-72
-138
-12
96
68
-57
-114
-37
131
91
-113
-106
27
113
66
-82
-78
39
67
8
-35
-29
11
50
-16
-54
-2
47
21
-44
-61
-7
49
15
-46
-47
36
52
-51
-46
-4
20
43
-11
-94
-70
54
91
-14
-104
-34
63
38
-80
-75
46
74
-28
-97
-11
85
44
-87
-76
45
86
-25
-76
-14
40
81
-5
-85
-35
57
55
-4
-49
-11
48
45
-29
-64
19
57
4
-47
-18
57
51
-9
-41
-17
42
52
-14
-79
-57
69
97
-14
-99
-36
73
76
-48
-109
-25
95
90
-27
-103
12
98
37
-61
-48
49
71
6
-58
0
63
35
-29
3
0
23
17
26
-10
-27
53
69
-9
-84
-14
110
67
-102
-125
93
161
-7
-120
-63
70
109
-25
-122
-43
109
73
-64
-71
25
67
28
-86
-79
57
99
5
-90
-54
34
89
19
-86
-73
28
98
24
-113
-84
89
121
-23
-121
-28
85
80
-15
-101
-67
101
145
-58
-151
-30
96
112
-53
-158
-21
123
99
-98
-147
10
142
52
-130
-130
15
109
62
-87
-89
32
80
24
-94
-95
54
122
4
-118
-80
68
126
0
-162
-59
132
84
-104
-105
53
130
13
-113
-65
96
94
-56
-99
-13
98
104
-52
-160
-16
186
103
-128
-169
30
140
102
-74
-149
-3
165
62
-122
-107
32
116
57
-90
-105
21
126
29
-107
-100
60
111
4
-120
-27
125
79
-93
-100
21
120
69
-71
-78
56
92
4
-62
-17
87
84
-70
-113
65
159
16
-135
-80
65
149
20
-131
-101
80
146
13
-134
-83
72
158
7
-175
-79
150
128
-87
-147
37
150
31
-153
-106
101
148
-35
-152
-45
88
99
-28
-126
-36
126
80
-71
-110
-14
116
94
-66
-147
15
166
72
-158
-138
86
192
10
-166
-98
110
131
-34
-146
-53
100
104
-59
-165
7
152
32
-136
-97
47
98
-11
-107
-68
66
119
-28
-148
-77
69
120
-29
-147
-85
114
150
-21
-156
-72
99
126
-37
-139
-44
90
121
-26
-135
-57
111
136
-66
-166
-21
137
111
-45
-152
-13
157
119
-91
-152
8
155
50
-100
-78
44
96
-1
-94
-28
48
18
-27
-16
-6
30
15
-29
-10
-14
-1
14
-11
-6
12
28
-2
-1
19
-19
13
53
-21
-20
25
21
-1
-15
28
53
51
-24
-73
-2
72
57
8
-17
-35
2
82
53
-62
-73
24
83
43
-42
-70
-10
117
47
-108
-83
70
105
-18
-109
5
86
46
-84
-94
33
121
13
-101
-76
75
78
-7
-53
-28
34
31
-23
-63
-5
39
31
0
-22
-22
1
35
-4
-26
28
17
-48
12
77
16
-78
-62
33
49
0
-63
-60
35
72
-20
-100
-37
70
56
-43
-92
-42
81
80
-38
-130
-22
84
52
-92
-85
41
109
-37
-142
-23
113
89
-59
-128
-10
131
50
-104
-82
51
111
-18
-106
-8
59
23
-44
-23
55
64
-24
-78
-17
60
74
6
-78
-67
29
71
30
-25
-56
-39
68
112
-19
-142
-38
133
113
-84
-168
-22
181
126
-146
-203
38
199
91
-178
-146
111
195
8
-192
-92
177
193
-100
-201
23
186
106
-75
-157
19
179
56
-143
-84
95
137
-40
-148
-18
141
112
-90
-159
32
178
77
-115
-129
53
169
39
-132
-120
70
152
-38
-134
-34
106
92
-82
-143
12
131
29
-98
-97
31
152
68
-133
-125
51
127
18
-89
-60
41
57
-8
-69
-11
64
24
-36
-34
-5
47
67
-11
-81
-22
53
29
-35
-61
-23
35
66
-34
-83
-32
55
72
-53
-105
-7
81
29
-95
-51
53
59
-54
-103
-24
95
67
-74
-116
-5
162
121
-143
-195
63
196
42
-182
-130
87
171
16
-180
-106
151
156
-105
-161
30
172
51
-141
-117
98
175
10
-182
-98
107
132
-7
-124
-44
94
97
-52
-129
-6
85
38
-36
-86
1
93
45
-54
-51
18
39
-31
-24
22
41
34
-38
-61
41
70
-6
-46
-16
60
39
1
-43
18
71
3
-25
3
12
7
38
61
-23
-67
-17
74
91
-15
-148
-47
150
119
-90
-148
12
164
62
-133
-132
58
168
23
-178
-88
142
141
-79
-170
-10
128
95
-75
-142
-12
144
95
-104
-137
17
162
46
-169
-155
94
219
2
-178
-55
113
109
-32
-116
-20
96
58
-44
-89
4
96
45
-82
-102
7
106
57
-112
-128
62
109
-17
-105
-43
62
47
-80
-94
26
79
28
-43
-60
-46
-14
80
43
-78
-82
15
98
52
-104
-122
47
132
7
-136
-64
109
147
-39
-191
-6
189
77
-168
-126
83
165
12
-140
-105
100
147
-36
-143
-22
114
39
-62
-10
45
35
-42
-66
25
81
1
-100
-65
64
112
-11
-158
-44
148
80
-126
-155
63
178
36
-117
-81
79
93
-33
-77
-14
109
80
-64
-98
26
110
67
-39
-76
-8
68
48
-2
-27
7
-3
4
2
36
29
-18
-47
20
62
22
-44
-46
26
71
-15
-60
-26
38
52
-5
-62
8
25
-38
-16
37
10
-29
-19
-4
18
31
-33
-40
30
54
-29
-103
-3
112
97
-77
-148
13
176
49
-151
-122
95
167
-15
-175
-69
168
163
-99
-203
3
190
66
-169
-109
78
114
-8
-128
-91
79
102
-36
-128
-83
49
118
12
-120
-80
69
105
-49
-93
-19
45
45
-41
-64
18
54
-1
-65
-31
29
16
-13
-26
14
30
-3
-28
-8
11
2
-2
11
3
3
-20
-1
12
13
26
2
-24
-4
36
-12
-23
33
4
-38
-4
26
34
-22
-60
-5
96
55
-52
-117
-4
140
57
-132
-103
86
161
0
-130
-39
95
62
-41
-43
43
51
-7
-49
-2
104
41
-55
-38
48
66
7
-52
-29
61
98
10
-96
-44
81
89
-37
-138
15
116
57
-72
-101
40
141
29
-131
-86
95
93
-33
-88
17
74
-3
-61
-35
32
24
-6
-25
-61
-11
92
45
-53
-62
-22
33
81
7
-73
-28
64
46
-32
-73
4
88
24
-82
-66
45
112
11
-115
-49
86
65
-47
-88
-37
79
88
-55
-133
-35
80
105
-36
-172
-41
133
93
-127
-128
52
114
4
-117
-103
65
146
-34
-150
-48
118
121
-77
-183
-28
196
125
-140
-179
36
201
69
-144
-176
68
216
6
-188
-72
137
148
-29
-195
-87
165
199
-61
-237
-60
198
144
-89
-181
-11
169
86
-98
-138
-21
111
103
-97
-141
40
135
64
-115
-134
20
157
60
-131
-107
97
166
15
-134
-109
94
167
-5
-147
-55
122
128
-33
-116
-10
135
70
-119
-102
85
167
2
-121
-59
89
140
14
-163
-117
115
166
-15
-154
-84
114
182
-33
-202
-35
146
73
-104
-100
71
127
-20
-159
-54
139
128
-99
-159
-18
141
85
-89
-93
69
72
-33
-90
13
65
20
-39
-71
39
79
-13
-73
2
84
4
-51
6
52
17
-31
-27
0
15
17
-23
-23
0
-12
-8
2
-13
-20
-14
5
-6
-47
-38
8
33
44
-42
-93
-30
74
57
-70
-89
9
66
45
-21
-77
-38
44
34
-39
-14
13
12
-15
-6
7
33
51
-22
-97
-5
120
58
-51
-80
-5
107
57
-92
-72
30
70
18
-49
-42
52
74
-37
-95
13
67
19
-40
-54
19
75
23
-79
-56
76
76
-55
-114
-10
86
77
-15
-83
-24
75
48
-19
-29
-23
49
68
-10
-47
15
44
36
-20
-58
3
107
75
-50
-84
24
89
26
-60
-34
51
24
-12
-35
-7
53
51
-23
-46
-8
48
57
-45
-74
-10
85
76
-66
-86
8
67
13
-56
-81
3
92
37
-88
-64
50
101
-7
-120
-72
84
129
0
-139
-54
121
123
-73
-159
-11
150
71
-88
-116
48
139
-5
-137
-48
85
73
-42
-104
-15
108
25
-78
-56
28
20
-9
-38
-60
0
37
-2
-44
-25
29
14
-59
-72
29
80
2
-75
-46
75
54
-42
-84
-24
40
74
-18
-108
-28
84
65
-31
-78
-12
55
60
-50
-89
27
117
31
-108
-84
67
147
-7
-166
-66
107
125
-32
-126
-16
131
68
-95
-102
12
112
37
-104
-70
49
76
12
-66
-68
41
89
24
-82
-30
58
88
15
-84
-82
72
143
10
-131
-78
116
139
-24
-122
-43
110
116
-57
-129
25
171
60
-122
-120
77
198
10
-237
-85
212
174
-121
-208
14
192
107
-147
-188
89
176
-5
-152
-50
112
96
-48
-119
-49
96
108
-40
-132
-69
88
134
-8
-158
-60
130
107
-76
-125
-12
122
89
-68
-110
-27
126
108
-71
-159
12
144
77
-90
-124
3
134
56
-140
-126
52
164
30
-168
-126
90
137
-24
-141
-56
55
51
-16
-67
-42
43
72
-31
-135
-20
129
71
-110
-124
21
157
66
-153
-156
55
181
28
-167
-119
110
194
-25
-197
-38
176
95
-136
-92
61
123
10
-119
-83
84
143
-20
-152
-34
111
71
-1
-103
-42
90
79
-60
-92
-32
70
93
-5
-113
-46
86
92
-56
-105
-2
81
59
-83
-103
45
157
8
-116
-56
98
105
-4
-95
-42
110
90
-64
-56
70
88
-24
-118
-4
111
84
-51
-89
-2
85
58
-19
-60
14
38
32
-16
-42
-8
59
38
-63
-71
40
50
7
-70
-51
78
109
-46
-143
-46
114
93
-62
-136
-40
124
126
-65
-164
4
154
29
-141
-91
80
129
20
-89
-89
64
85
-25
-94
-29
81
102
-16
-116
-46
96
84
-36
-93
-46
64
127
-39
-162
-21
98
57
-51
-101
-18
90
24
-137
-84
86
133
-41
-162
-44
104
74
-41
-131
-24
99
87
-45
-103
-47
68
117
-49
-168
-12
149
80
-67
-88
-32
58
68
-31
-88
-19
78
68
3
-53
-20
57
59
-15
-69
-22
58
37
-26
-57
-6
31
11
-28
-33
24
42
-40
-27
37
36
-13
-41
9
10
20
-21
-59
5
73
24
-60
-53
57
76
-2
-76
-12
101
41
-81
-48
67
79
14
-55
-9
-7
47
65
-3
-33
13
14
9
35
5
-24
-6
-9
-6
33
43
-15
-62
-7
64
26
-53
-55
30
83
-19
-54
7
31
-1
1
-7
-13
14
12
-33
-40
32
64
-24
-53
-29
27
59
23
-54
-49
23
60
27
-45
-46
-19
53
37
2
-33
-43
16
79
27
-92
-71
81
86
-72
-115
9
89
33
-78
-114
29
125
25
-110
-110
35
106
-1
-92
-47
31
43
-43
-115
9
117
30
-122
-114
73
166
4
-176
-89
111
138
-19
-169
-89
140
151
-35
-197
-65
156
116
-68
-124
10
124
75
-94
-124
33
152
62
-152
-119
72
161
38
-158
-101
84
148
10
-140
-88
87
132
-17
-120
-52
89
88
-40
-111
-21
69
95
-19
-103
-8
119
76
-94
-109
91
139
13
-108
-73
79
120
23
-74
-46
57
81
-21
-86
0
93
81
-48
-117
13
130
58
-92
-108
39
128
65
-88
-150
50
170
15
-131
-97
72
136
-19
-128
-32
106
84
-107
-119
50
143
32
-161
-113
98
162
-11
-140
-36
64
76
-13
-69
-74
46
94
-18
-93
-21
88
42
-33
-64
-1
82
85
-55
-97
27
54
-4
-41
-38
22
42
-14
-86
-43
42
51
-6
-69
-20
8
23
-29
-53
15
51
-5
-34
-43
-45
33
61
-46
-63
26
66
25
-81
-75
42
75
-12
-109
-24
117
93
-83
-136
9
173
72
-155
-113
71
179
67
-150
-142
69
166
44
-112
-144
28
171
62
-145
-115
84
118
-18
-120
-65
99
119
-42
-168
0
151
70
-96
-116
38
119
3
-95
-58
70
119
0
-125
-55
97
128
-16
-124
-45
120
113
-60
-84
50
111
41
-83
-82
67
142
-11
-111
-13
36
69
25
-69
-97
35
129
12
-79
-62
63
125
27
-125
-91
58
121
3
-142
-57
119
112
-67
-166
-16
161
108
-118
-181
-1
175
116
-124
-173
51
166
29
-152
-98
98
125
-28
-110
5
94
48
-70
-61
40
66
0
-55
-32
55
42
-34
-97
-26
96
74
-85
-84
23
64
-6
-36
-23
-17
30
-8
-49
-16
-2
4
11
8
-26
-61
-29
32
24
-3
-47
-55
29
103
-8
-94
-39
53
87
-2
-104
-40
98
45
-83
-38
90
34
-72
-50
41
53
35
-62
-83
44
106
-2
-58
-50
19
66
23
-56
2
25
9
-1
-4
-3
-27
-24
11
5
16
-17
-38
-15
72
34
-56
-63
18
85
67
-55
-109
1
136
61
-107
-105
110
144
-48
-130
0
135
105
-60
-126
-7
120
69
-58
-85
36
114
5
-104
-20
107
55
-98
-53
70
82
-7
-63
-44
49
85
-34
-92
-12
87
17
-44
-6
30
28
-13
-47
-8
34
31
-30
-42
-23
45
70
7
-82
-75
56
81
-2
-68
-42
29
84
13
-104
-46
89
77
-13
-88
-82
71
149
2
-126
-77
82
79
-30
-101
-57
72
127
-39
-184
-49
163
123
-119
-204
-44
196
140
-135
-197
39
145
35
-133
-98
55
126
6
-148
-67
114
92
-73
-128
-23
117
87
-95
-135
49
144
51
-116
-99
57
97
-15
-79
-37
70
67
-44
-76
43
81
-8
-29
-39
-24
43
82
-39
-92
9
79
27
-63
-75
32
81
18
-75
-41
37
60
12
-53
-72
25
82
22
-74
-36
76
69
-40
-70
35
81
42
-47
-62
22
108
22
-56
-20
31
67
24
-50
-21
60
66
-33
-79
2
92
93
-61
-133
8
153
51
-116
-102
65
165
45
-205
-148
160
213
-62
-214
-15
182
70
-137
-153
43
197
28
-168
-128
115
172
-25
-162
-57
112
113
-40
-150
-28
139
100
-75
-145
-25
127
101
-78
-141
-8
133
95
-56
-109
-30
88
107
-61
-151
7
137
36
-132
-123
42
125
39
-133
-138
41
139
-14
-148
-28
122
85
-111
-154
17
128
85
-101
-139
-9
125
116
-75
-188
-12
179
93
-143
-168
41
208
94
-157
-204
62
280
6
-267
-109
192
210
-51
-238
-52
218
173
-146
-225
39
216
77
-155
-170
66
229
38
-213
-128
116
153
-12
-142
-97
121
154
-62
-172
-13
142
68
-100
-88
43
126
42
-88
-83
18
110
63
-86
-79
43
112
38
-66
-44
71
95
-47
-100
30
134
82
-67
-109
6
114
82
-65
-103
-9
69
53
-8
-66
-34
39
75
-5
-75
-16
52
45
-43
-84
64
98
-40
-115
-11
107
42
-68
-71
-27
54
84
-33
-90
8
58
0
-39
-28
17
70
-20
-97
12
117
10
-116
-63
94
123
-24
-131
-53
133
118
-98
-141
29
91
24
-101
-54
71
77
-61
-129
54
149
-14
-148
-78
48
113
-3
-109
-60
83
64
-52
-86
-11
52
34
-34
-79
2
59
23
-51
-41
24
34
-25
-28
21
45
-14
-14
-9
10
-30
-20
61
54
-55
-62
49
79
-18
-78
-6
45
32
-12
-45
22
84
-7
-99
-47
117
92
-84
-137
-6
140
60
-83
-115
6
117
38
-104
-96
44
133
65
-147
-114
120
176
-6
-148
-63
96
148
9
-191
-69
174
143
-49
-143
-29
113
133
-61
-158
-7
152
88
-76
-97
14
100
27
-56
-59
38
56
-27
-36
26
29
4
-4
-49
-10
27
24
-10
18
-21
-44
-5
56
7
-40
-16
6
4
22
9
-5
6
-41
-46
50
46
-24
-71
10
70
50
-70
-88
16
107
62
-105
-117
51
124
3
-69
-44
22
38
8
-49
-48
27
59
-1
-42
-42
-8
22
-8
-10
-26
-52
0
57
0
-68
-18
49
7
-66
-15
55
23
-63
-41
64
53
-56
-130
-26
156
76
-149
-165
123
182
-17
-177
-68
132
148
-51
-180
-9
193
75
-146
-144
61
185
52
-154
-134
74
132
8
-87
-40
30
82
27
-63
-70
24
54
7
-42
-41
-27
70
85
-57
-139
17
150
49
-110
-90
88
140
-36
-164
-27
188
116
-103
-155
30
205
64
-139
-122
101
193
-4
-168
-74
133
153
-12
-163
-79
155
174
-80
-213
-31
170
124
-78
-165
-4
173
126
-131
-185
19
190
63
-145
-89
75
117
-8
-136
-58
116
90
-71
-124
-32
112
135
-60
-157
-21
128
60
-49
-71
-20
42
75
7
-91
-59
85
112
-37
-116
-43
106
89
-65
-126
17
131
46
-128
-129
50
176
33
-162
-115
113
129
-41
-138
-77
52
85
-12
-130
-27
85
48
-83
-83
14
94
27
-93
-90
37
133
27
-148
-107
81
145
7
-180
-97
152
175
-83
-203
3
199
47
-151
-127
86
187
-6
-196
-50
169
120
-77
-124
-7
124
63
-93
-102
20
124
46
-100
-80
37
71
20
-54
-50
26
38
-39
-17
57
3
-66
-26
52
76
6
-64
-33
74
55
-60
-33
53
49
5
-18
-34
25
76
51
-47
-73
-1
80
58
-22
-39
11
35
16
21
12
-39
-40
50
76
-19
-61
-1
41
39
-22
-81
-30
101
45
-89
-77
81
106
-42
-141
-3
135
80
-103
-139
19
125
35
-118
-107
84
151
-41
-154
-45
139
83
-88
-115
50
136
10
-115
-67
50
107
3
-135
-53
142
111
-80
-119
-19
72
60
-65
-90
29
78
-2
-102
-52
54
76
-21
-114
-68
85
106
-33
-125
-36
41
44
-20
-59
3
75
-13
-99
9
79
-16
-52
0
-17
-6
30
0
-3
34
-20
-40
22
62
-26
-77
-2
90
69
-42
-83
14
104
-14
-87
3
55
20
-55
-40
58
86
-12
-116
-35
136
83
-122
-105
57
125
1
-107
-70
99
97
-81
-147
11
127
65
-71
-72
10
100
51
-86
-46
50
105
7
-83
-31
75
91
7
-92
-32
74
55
-20
-39
32
44
-13
-18
-4
24
57
-10
-89
-18
86
53
-54
-74
31
88
5
-86
-49
99
77
-62
-74
10
37
16
-24
-57
-9
59
18
-43
-50
16
44
53
17
-105
-73
101
113
-42
-136
-21
133
115
-68
-169
-16
168
93
-121
-152
-8
183
122
-129
-179
36
155
22
-143
-71
84
120
-22
-167
-103
156
160
-84
-210
-43
149
102
-79
-169
-13
123
52
-115
-131
60
174
16
-182
-99
132
173
-67
-217
-35
188
99
-111
-153
18
146
76
-136
-147
65
145
21
-112
-78
77
116
-3
-114
-43
129
121
-68
-193
-34
177
119
-86
-170
-7
144
105
-93
-159
-25
113
124
-46
-163
-61
156
144
-76
-165
-30
127
125
-90
-173
44
195
53
-160
-117
108
174
24
-162
-99
116
161
-35
-134
6
113
37
-52
-49
67
104
-11
-90
-30
74
78
17
-70
-93
43
157
30
-133
-82
101
115
-46
-157
-30
140
99
-133
-115
103
138
-37
-160
-34
153
77
-87
-141
-7
137
108
-92
-129
19
69
50
-48
-108
16
119
40
-75
-35
-2
28
47
8
-57
-27
35
50
16
-32
-43
-27
54
24
-55
-42
9
33
3
-21
-27
-3
32
-24
-35
29
6
-74
-30
73
25
-66
-67
-19
35
69
-17
-123
-23
75
40
-2
-53
-70
40
104
-45
-122
-28
101
70
-55
-111
27
129
45
-116
-72
85
107
-31
-108
-9
75
62
-27
-95
-3
102
39
-76
-31
27
42
14
-29
-39
18
37
-10
-32
4
18
-3
-12
-14
-5
15
1
-22
-32
28
55
15
-36
-28
14
45
43
-37
-41
60
58
-31
-38
13
80
68
-38
-102
8
112
46
-57
-33
43
68
20
-59
-50
54
46
10
-44
-37
31
72
36
-44
-101
8
110
30
-86
-79
42
101
19
-109
-82
105
111
-76
-119
1
86
50
-57
-93
48
75
-34
-72
-9
49
25
-36
-17
1
23
25
14
-29
-43
-7
65
57
-41
-70
19
56
-4
-38
-29
-22
42
23
-30
-34
-8
1
-4
-26
-8
18
-2
-65
-47
10
72
14
-80
-45
43
32
-28
-43
-8
-10
7
2
-2
12
1
-36
-25
29
39
-20
-65
2
80
66
-66
-113
2
85
52
-57
-64
53
72
-7
-65
-16
66
61
-42
-74
-10
58
55
9
-54
-84
49
85
-15
-97
-24
67
78
-17
-92
-49
108
72
-82
-89
9
58
38
-20
-54
5
77
27
-81
-47
58
95
35
-75
-83
88
139
43
-103
-69
61
86
27
-81
-70
78
108
-68
-107
33
143
36
-130
-97
86
180
-15
-200
-54
178
156
-102
-195
-27
172
93
-107
-110
15
108
41
-93
-85
40
78
20
-89
-70
69
103
-35
-109
-36
86
79
-10
-108
-46
96
83
-47
-80
-12
60
82
-18
-123
-55
101
151
-1
-183
-117
98
174
-43
-183
-57
141
125
-110
-152
-5
110
99
-46
-150
-55
115
71
-99
-112
-8
79
59
-77
-122
18
142
20
-155
-64
136
92
-101
-143
28
163
66
-155
-127
116
159
-29
-190
-87
129
152
-50
-181
-29
171
115
-107
-144
39
170
86
-122
-180
54
185
36
-142
-114
72
120
21
-96
-84
29
100
-1
-73
-47
53
63
-20
-63
-21
60
8
-50
7
38
12
-24
5
17
35
55
-13
-64
-15
71
57
-37
-62
20
104
72
-82
-117
27
139
87
-65
-110
25
139
73
-115
-143
69
160
28
-104
-105
68
145
8
-192
-95
139
132
-54
-125
-9
104
67
-88
-115
32
133
18
-128
-84
43
119
51
-86
-115
34
114
25
-151
-64
127
120
-88
-149
0
182
72
-130
-111
49
122
37
-71
-77
48
101
-17
-132
-55
108
120
-64
-168
-74
108
118
-46
-146
-41
91
78
-67
-115
7
109
67
-117
-146
16
130
41
-119
-117
49
139
17
-150
-78
79
88
-31
-68
-36
31
89
37
-92
-90
64
117
-23
-143
-28
122
108
-77
-153
15
170
68
-106
-120
15
102
67
-86
-107
42
133
-14
-97
-34
41
52
30
-89
-88
83
104
-39
-83
6
49
9
-41
-41
39
88
-1
-75
-26
49
53
-12
-60
32
78
11
-81
-14
128
105
-48
-111
-27
98
117
-15
-107
-14
99
70
-58
-49
7
26
0
0
42
38
-34
-43
22
52
-10
-62
-17
89
21
-85
-17
65
9
-56
-80
1
120
25
-125
-65
69
80
-14
-46
-14
16
0
-38
-15
43
28
-48
-23
32
27
-38
-52
15
78
43
-67
-80
70
116
-29
-147
-35
83
57
-42
-73
-35
63
68
-38
-76
-19
34
48
4
-129
-55
111
50
-94
-84
22
53
-5
-53
-51
63
92
-55
-151
38
165
27
-168
-134
94
210
10
-216
-106
153
177
-64
-177
-45
127
91
-69
-108
40
130
-6
-105
-15
93
73
-29
-95
-23
58
57
-6
-36
-26
13
47
28
-58
-72
23
79
36
-83
-81
40
118
46
-115
-115
34
170
36
-127
-73
66
134
1
-133
-77
131
152
-47
-158
-19
156
118
-84
-127
26
122
58
-62
-76
63
102
-5
-90
-62
93
142
-59
-207
-15
193
125
-119
-160
6
165
103
-129
-180
46
175
19
-103
-70
39
77
0
-104
-52
95
75
-84
-78
43
85
-4
-65
-36
49
61
-44
-79
31
60
6
-22
-37
23
72
3
-92
-43
76
52
11
-22
-34
-21
15
58
-14
-77
-30
45
65
-19
-113
-43
68
54
-71
-66
-1
36
-9
-43
5
12
10
-39
-90
26
90
5
-69
-72
11
87
50
-104
-132
40
141
62
-142
-125
103
176
-14
-179
-65
147
117
-78
-155
6
153
81
-138
-157
97
205
4
-186
-99
145
147
-28
-143
-81
129
162
-70
-213
-9
145
89
-60
-129
-30
127
92
-61
-144
-13
119
82
-59
-97
16
111
65
-88
-100
49
113
24
-53
-50
21
127
31
-110
-36
109
85
-49
-74
5
85
90
-50
-133
-2
149
130
-76
-181
16
199
77
-159
-151
76
221
35
-189
-151
107
221
-4
-253
-81
222
141
-148
-175
19
164
97
-133
-176
51
214
64
-180
-125
82
148
9
-161
-91
108
110
-24
-95
-57
71
103
-22
-86
-21
68
81
-12
-68
-11
60
15
-50
-48
-1
59
15
-77
-68
52
49
-28
-45
-42
-8
31
25
-56
-49
52
47
-23
-87
-17
47
54
-25
-96
-36
59
66
23
-88
-98
60
114
-13
-139
-47
111
91
-57
-96
0
109
20
-121
-57
124
150
-71
-181
0
189
76
-123
-144
43
164
27
-142
-63
81
104
-25
-117
-17
78
61
-64
-68
44
91
-12
-88
-44
72
75
-26
-106
-16
113
44
-75
-55
35
61
12
-20
-22
28
49
-13
-39
5
63
79
-10
-88
-54
98
128
-25
-106
14
85
27
-44
-63
18
54
23
-57
-38
85
47
-73
-39
54
50
-12
-69
-37
63
55
-28
-21
20
3
-41
13
7
-31
-51
-7
30
16
-6
-37
23
55
-41
-48
12
87
36
-59
-72
23
111
7
-122
-82
91
127
-32
-163
-12
149
93
-99
-165
16
166
76
-150
-161
57
169
33
-170
-141
78
178
-6
-199
-96
110
156
-18
-179
-109
91
136
-26
-132
-57
51
71
-10
-71
-21
63
49
-44
-72
30
48
-40
-53
47
87
-8
-72
-34
58
74
-48
-73
4
56
35
10
-66
-32
75
55
-64
-44
42
23
25
19
-31
-48
38
55
-39
-73
-21
67
69
-21
-107
-41
94
86
-47
-113
-19
123
106
-62
-154
7
170
81
-123
-93
46
115
38
-103
-86
82
144
6
-82
-38
38
76
17
-60
-13
82
43
-56
-52
22
78
13
-82
-47
83
105
-51
-121
-2
138
64
-108
-94
34
86
-1
-64
-39
59
58
-34
-93
-9
94
43
-76
-79
49
134
-5
-116
-44
40
62
-5
-80
-24
58
61
-23
-51
-2
61
38
-32
-38
24
32
9
9
-23
-3
13
-3
-11
7
-34
-34
56
-1
-101
-51
64
54
-26
-82
-48
38
63
-56
-86
16
93
-7
-106
-91
50
139
13
-177
-111
165
198
-89
-236
-48
203
159
-160
-237
45
294
68
-226
-171
114
215
6
-193
-110
146
197
-58
-215
-31
194
141
-134
-204
35
195
71
-142
-146
72
166
40
-122
-106
33
129
38
-123
-85
72
113
-18
-105
-77
36
104
-9
-74
-3
86
43
-51
-70
22
82
47
-48
-62
0
90
79
-44
-83
14
122
45
-69
-62
39
88
22
-60
-34
7
77
72
-74
-131
48
153
48
-127
-90
86
140
-43
-176
-27
166
94
-151
-103
106
123
-34
-146
-41
131
72
-113
-116
49
120
25
-112
-57
69
95
-26
-129
-42
123
106
-65
-112
1
84
26
-41
-47
1
45
14
-30
-3
42
23
-29
-50
-2
41
4
-51
-34
30
25
-23
-46
-38
12
41
1
-110
-59
77
83
-16
-87
-82
40
112
-18
-124
-23
93
30
-75
-46
45
30
-21
-38
-25
25
2
-21
18
28
-46
-6
65
31
-56
-52
42
50
9
-62
-53
88
97
-70
-107
49
107
-1
-119
-28
102
85
-65
-121
-6
151
47
-137
-105
78
127
1
-130
-53
134
117
-87
-159
8
122
82
-43
-91
-12
97
58
-59
-49
27
65
46
-58
-59
39
103
72
-67
-102
21
145
66
-70
-75
12
64
41
-50
-44
17
32
14
1
2
14
15
-29
-8
54
-14
-31
9
29
-47
-21
78
28
-59
-48
10
75
29
-79
-94
20
70
26
-52
-44
35
41
-36
-48
8
74
19
-89
-13
123
24
-122
-52
68
99
-10
-117
-53
123
113
-109
-122
39
77
6
-56
-61
10
69
13
-96
-53
74
66
-51
-106
-37
64
45
-33
-53
14
23
-46
-68
17
65
-12
-47
-59
10
98
52
-97
-101
61
127
30
-117
-119
67
172
7
-162
-106
104
135
-12
-111
-35
95
66
-50
-76
-7
92
60
-50
-102
-10
86
81
-42
-121
4
99
80
-64
-133
-23
145
102
-115
-147
30
135
58
-92
-140
2
153
68
-111
-101
68
137
27
-107
-52
107
112
-51
-144
9
155
47
-81
-44
37
52
9
-39
-42
82
125
-45
-132
14
122
73
-38
-117
-37
115
113
-59
-130
-31
92
114
-36
-151
-29
148
78
-81
-86
10
52
34
-38
-46
33
16
-25
-49
39
34
3
-22
-37
5
43
49
-46
-51
8
56
45
-24
-65
-37
49
84
3
-82
-50
52
118
7
-107
-67
73
91
-40
-118
-7
113
59
-93
-137
-6
136
64
-116
-139
18
121
18
-125
-62
53
102
-41
-139
-39
161
129
-139
-222
15
248
112
-197
-210
82
202
12
-173
-110
106
170
9
-164
-98
161
135
-109
-125
52
114
20
-69
-61
41
103
11
-125
-55
103
83
-60
-70
15
74
39
-40
-76
-17
56
64
-8
-84
-64
83
112
-45
-106
-34
69
76
-4
-99
-27
104
104
-80
-111
18
111
54
-51
-77
46
97
-9
-56
29
74
-4
-85
21
91
74
-43
-107
-2
123
77
-95
-109
38
141
34
-107
-73
63
105
26
-79
-75
34
95
20
-108
-98
106
148
-29
-151
-63
112
126
-70
-182
-27
157
115
-80
-157
-1
132
45
-75
-78
9
82
26
-66
-44
71
75
-57
-61
27
55
20
-44
-32
9
46
8
-58
-58
17
52
39
-51
-51
2
47
28
-75
-65
39
61
-21
-126
-63
103
116
-72
-176
-24
98
100
-39
-131
-44
88
83
-33
-65
-34
19
59
1
-63
-42
10
60
34
-51
-68
48
77
-29
-120
23
119
44
-91
-99
43
130
22
-78
-109
26
151
20
-124
-42
85
54
-40
-79
3
73
39
-70
-51
67
60
-43
-89
-14
85
40
-52
-68
40
89
11
-55
-30
34
41
10
-16
9
73
33
-97
-52
68
104
8
-53
-55
-19
80
109
-25
-84
8
75
32
-53
-37
45
65
-19
-85
5
94
28
-69
-62
59
87
-12
-106
-27
73
45
-19
-36
9
42
-10
-31
-15
1
20
5
-43
8
58
-4
-54
-59
0
60
59
-18
-86
-21
74
89
-33
-112
-31
105
90
-42
-118
-35
117
108
-41
-143
-65
95
128
-40
-181
-36
147
64
-101
-135
9
152
49
-144
-166
67
156
5
-162
-86
86
132
-38
-197
-19
183
85
-158
-149
94
183
1
-203
-132
155
192
-85
-213
10
214
115
-146
-173
14
170
100
-122
-156
48
197
50
-139
-142
41
200
59
-207
-136
129
214
-7
-203
-84
148
162
-59
-193
-62
148
122
-42
-146
-63
95
142
-28
-163
-73
139
125
-47
-128
-36
107
87
-33
-80
-7
88
85
-26
-90
-14
98
74
-40
-66
8
52
47
-42
-18
44
85
-32
-93
3
126
58
-108
-112
36
171
77
-142
-159
88
208
-8
-198
-116
119
174
-22
-146
-62
99
108
-81
-147
20
159
9
-128
-83
83
142
-29
-176
-29
133
84
-74
-91
-2
90
76
-49
-142
-5
163
58
-117
-86
29
85
64
-14
-67
-9
40
-8
-45
1
17
1
-6
-29
-18
40
18
-59
-37
15
-11
-13
-2
-55
-15
65
28
-103
-89
35
126
31
-123
-126
91
172
-2
-196
-111
139
173
-73
-211
-27
212
108
-151
-160
64
185
25
-183
-136
140
249
19
-272
-131
205
229
-40
-250
-122
178
204
-70
-225
-57
194
117
-92
-144
-3
116
70
-58
-88
9
88
26
-61
-51
17
48
10
-63
-46
43
98
16
-90
-77
52
140
42
-122
-116
120
184
-59
-167
30
144
63
-108
-100
71
148
37
-123
-83
65
120
23
-92
-81
25
120
36
-82
-49
24
62
28
-60
-51
39
93
-7
-79
3
60
2
-33
-26
-6
39
45
-41
-87
5
107
31
-91
-88
68
95
-36
-101
-15
87
58
-35
-75
-13
74
67
-40
-84
19
104
-9
-81
-9
54
49
-35
-86
-30
69
26
-57
-32
8
24
28
-16
-48
-25
31
53
-48
-93
-25
81
45
-100
-110
23
117
3
-92
-55
33
77
24
-50
-65
2
54
-10
-38
24
11
-31
-8
49
15
-50
-22
15
-3
26
23
-49
-13
26
-6
-6
11
45
-10
-58
21
28
9
9
-8
-12
-17
-11
32
15
-29
-32
11
28
-2
0
0
-31
24
24
-57
-51
62
96
27
-83
-50
42
71
-1
-56
-15
61
92
-32
-90
7
110
78
-60
-107
35
106
28
-79
-34
59
99
-5
-121
-33
145
61
-124
-97
68
161
40
-133
-116
95
140
-24
-146
-41
102
66
-28
-72
-39
48
58
-22
-53
22
23
-11
-12
-2
-4
12
57
-14
-94
-17
23
42
15
-51
-49
50
100
-34
-120
-15
110
68
-79
-102
49
147
60
-140
-138
32
137
-4
-132
-46
79
88
-59
-116
-27
88
67
-68
-105
-5
55
23
-51
-58
23
38
-12
-69
-42
56
67
-37
-98
4
101
34
-74
-78
35
77
-21
-108
-22
99
87
-46
-122
-14
123
28
-63
-40
-1
58
33
-50
-44
50
68
3
-65
-49
8
66
50
-59
-67
28
54
-2
-34
-33
-9
46
38
-28
-61
-1
39
37
2
-58
-28
55
64
-56
-49
31
69
-7
-36
13
36
53
-1
-75
-2
120
66
-58
-75
37
78
16
-67
-25
60
85
13
-88
-29
91
81
-29
-124
-16
116
71
-108
-113
76
152
8
-130
-86
78
123
-31
-125
-3
105
20
-89
-89
65
130
-19
-156
-79
110
154
-36
-132
-55
78
132
-50
-169
-14
155
71
-75
-93
1
72
78
-47
-102
-9
99
60
-36
-85
-26
52
79
-36
-109
-11
95
47
-106
-120
48
116
9
-109
-91
56
106
-19
-125
-75
82
113
-41
-139
-70
121
148
-77
-187
-1
152
83
-122
-162
4
199
104
-157
-199
71
254
57
-223
-189
127
256
-15
-265
-85
226
185
-138
-250
51
269
108
-208
-197
116
239
3
-190
-104
95
148
-7
-146
-85
85
108
-14
-88
-44
66
47
-16
-34
-19
-17
21
19
-2
-14
2
19
9
1
-21
10
45
5
-37
-35
55
96
-25
-56
45
79
-37
-54
-15
63
81
-9
-118
-42
109
112
-23
-104
-55
84
120
-25
-101
-33
99
59
-53
-105
12
106
51
-77
-86
55
120
-18
-128
-39
91
74
-64
-109
-13
110
118
-51
-159
-9
138
21
-143
-45
88
78
-21
-94
-21
94
59
-83
-84
59
140
-26
-170
-13
172
109
-141
-208
56
206
35
-191
-111
83
141
-7
-147
-52
119
105
-91
-160
6
146
54
-113
-140
23
125
22
-137
-60
48
85
6
-83
-46
47
61
-31
-71
0
25
10
-3
11
-3
21
1
-40
-9
1
3
23
42
-48
-77
33
89
12
-46
-14
-1
34
-27
-63
45
95
-17
-109
-44
98
108
-44
-150
-36
113
112
-67
-159
10
148
82
-97
-130
-17
117
99
-49
-105
28
130
39
-68
-50
64
81
-16
-75
-15
93
104
-26
-98
2
85
62
-27
-49
1
71
22
-30
-13
34
9
-43
-23
44
67
22
-62
-71
68
97
-32
-80
-17
54
27
-27
-8
9
-14
-20
-2
-14
8
38
-19
-36
4
23
25
7
-9
-39
-16
30
59
-24
-94
-20
73
68
-60
-67
3
62
53
-47
-81
23
101
34
-72
-57
35
38
-12
-50
-18
38
41
-50
-92
-9
85
41
-87
-110
8
98
2
-92
-26
37
27
-28
-64
-24
63
71
-70
-139
12
159
87
-115
-174
9
160
96
-145
-158
79
193
6
-162
-79
128
107
-74
-103
50
135
-5
-164
-32
153
112
-65
-165
-36
159
130
-88
-152
13
157
36
-120
-116
36
97
56
-46
-93
-11
89
67
-27
-91
-50
72
109
-34
-110
-15
101
94
-75
-142
30
185
71
-127
-122
64
176
58
-103
-101
72
137
-6
-118
-41
133
138
-73
-186
-18
181
127
-92
-193
-9
200
118
-141
-158
41
202
74
-221
-164
147
229
-39
-209
-47
144
117
-82
-203
2
199
87
-162
-173
69
173
33
-121
-96
45
110
2
-123
-48
76
63
-24
-41
5
36
27
-12
-26
2
-11
4
68
5
-67
-28
37
-6
-48
1
31
32
7
-77
-57
58
67
-37
-111
-35
69
52
-52
-90
35
101
-19
-146
-89
98
134
-49
-168
-56
137
131
-71
-176
-36
118
95
-53
-122
-23
124
95
-76
-122
18
124
11
-99
-59
61
117
-12
-129
-57
117
151
-34
-151
-55
108
101
-44
-72
4
65
7
-54
3
34
-27
-47
14
42
47
-19
-90
-2
124
9
-137
-74
83
104
17
-35
-51
-2
52
38
6
-13
-37
-18
44
85
-45
-65
46
113
10
-81
-66
62
121
4
-110
-32
113
60
-61
-35
-10
35
62
-26
-57
1
59
7
-29
-35
13
51
9
-89
-38
109
84
-79
-112
20
142
35
-122
-109
49
122
3
-87
-56
50
96
9
-113
-73
99
121
-55
-128
8
93
46
-59
-91
17
110
26
-98
-45
69
71
-5
-96
-42
42
60
-13
-66
-19
35
44
-38
-91
-30
77
67
-70
-152
6
126
63
-85
-100
1
60
61
-22
-101
-48
51
32
-36
-19
3
21
12
-19
-51
5
67
31
-52
-73
13
87
42
-93
-99
80
102
-11
-76
-31
43
47
3
-25
-3
28
-27
-66
45
105
-15
-106
-23
76
60
-43
-114
-13
125
74
-79
-100
19
103
50
-82
-108
3
111
75
-84
-83
19
116
51
-70
-58
46
110
18
-89
-60
59
114
37
-79
-65
40
98
41
-52
-39
45
38
-19
-39
18
53
-7
-69
6
68
34
-40
-57
19
87
16
-111
-84
79
118
-18
-95
-28
44
30
3
-48
-42
45
53
-33
-85
7
122
24
-71
-86
-19
139
69
-96
-135
17
165
70
-131
-178
45
222
81
-196
-169
93
213
49
-188
-119
109
174
-54
-195
-45
158
109
-103
-176
-14
131
76
-97
-150
-24
119
60
-100
-109
14
102
25
-106
-102
62
114
-7
-131
-92
76
157
-9
-163
-67
112
104
-72
-121
-2
134
81
-116
-128
58
150
10
-147
-46
132
129
-49
-165
-19
151
118
-100
-164
20
139
74
-63
-112
14
110
66
-93
-119
3
94
90
-58
-145
-16
165
80
-135
-120
41
135
40
-86
-102
53
146
-3
-129
-46
101
99
-48
-86
24
75
52
-28
-41
43
85
-9
-90
-18
101
120
-1
-152
-75
146
129
-59
-152
-51
127
104
-53
-100
3
113
71
-108
-138
43
173
49
-175
-100
138
136
-48
-154
-61
122
135
-51
-191
-69
145
147
-82
-153
-3
122
76
-75
-144
-2
151
51
-89
-70
34
82
-4
-51
-17
49
8
-16
1
22
25
-23
-51
-12
4
34
8
-43
-43
22
50
8
-33
-68
-32
41
20
-89
-54
94
76
-73
-92
-2
59
47
-22
-111
-60
82
97
-43
-121
-19
107
69
-75
-117
25
143
46
-121
-87
86
115
-46
-148
2
146
86
-106
-120
39
150
30
-105
-85
52
119
5
-97
-22
46
61
-4
-85
-50
82
102
-64
-131
5
96
53
-53
-99
3
97
46
-91
-72
54
93
34
-63
-81
39
102
10
-71
-9
73
13
-31
-6
15
17
35
34
-36
-57
28
91
38
-65
-60
36
113
8
-105
-56
83
91
-21
-78
-13
67
64
-14
-93
-21
80
38
-72
-50
40
72
-9
-44
-40
23
78
8
-99
-56
59
52
5
-45
-29
29
6
-17
-3
30
-4
-19
15
31
-16
-32
3
7
19
6
-19
-15
13
32
-3
-14
-14
-11
-12
-3
11
2
-14
-22
-12
-9
-11
-8
-7
-9
-47
-38
29
47
7
-62
-65
29
48
-42
-42
35
15
-18
-28
-27
8
47
13
-85
-30
63
54
-37
-62
-1
80
13
-58
-48
19
30
21
-9
-5
29
-3
-24
-30
0
64
33
-82
-68
39
87
39
-36
-84
-29
69
98
-47
-139
4
101
45
-37
-62
-37
74
108
-24
-147
-56
120
102
-32
-107
-14
93
69
-55
-66
58
106
2
-84
-16
64
94
10
-98
-38
106
79
-37
-92
-25
122
115
-50
-129
15
134
41
-120
-91
78
148
-2
-158
-79
124
122
-43
-146
-49
153
103
-94
-139
27
131
35
-105
-91
46
99
21
-110
-78
85
99
-28
-90
-28
41
71
-3
-72
-44
53
102
-1
-96
-47
43
64
17
-81
-65
80
114
-28
-120
-30
100
75
-61
-132
-32
111
65
-117
-84
64
81
-6
-109
-111
17
116
22
-95
-71
27
36
1
-40
-38
-4
42
19
-65
-55
58
87
-4
-106
-50
77
72
-51
-95
29
94
6
-82
-29
48
43
-7
-40
-31
57
61
-46
-51
62
107
-13
-127
-52
86
84
-11
-77
-32
40
83
-9
-96
-47
76
67
-33
-75
0
39
22
-24
-49
-16
39
28
-15
-8
10
-1
17
13
-15
11
35
15
-24
-28
15
72
26
-26
-33
36
64
-3
-28
10
38
37
-10
-50
2
75
49
-64
-96
48
96
-18
-81
-36
59
88
-11
-132
-26
118
65
-116
-82
115
75
-63
-101
-15
107
90
-76
-154
-31
130
110
-71
-147
-22
117
98
-77
-130
15
123
44
-65
-85
8
89
41
-70
-69
36
77
4
-53
-19
42
28
-55
-64
1
64
30
-50
-64
10
38
23
-37
-37
5
17
-38
-36
-13
32
27
-28
-82
-26
51
23
5
-25
-50
-30
63
69
-63
-123
-5
124
57
-128
-113
56
143
25
-108
-57
73
87
-70
-97
37
113
47
-100
-107
70
145
22
-142
-111
61
146
30
-98
-88
51
128
-3
-129
-21
97
10
-53
-29
21
39
-17
-77
-15
102
35
-104
-103
67
175
47
-140
-122
88
166
9
-161
-49
134
101
-45
-91
-16
124
133
-73
-156
-12
121
99
-27
-100
-8
85
41
-64
-35
40
23
-7
-18
1
43
22
-48
-9
36
-19
-7
30
-36
-47
29
100
-5
-106
-45
60
61
-18
-84
-14
79
25
-61
-19
41
33
-50
-37
11
30
-1
-13
-35
0
61
31
-33
-53
-16
39
72
-45
-104
46
132
2
-139
-51
96
48
-52
-66
-32
79
79
-83
-165
27
170
36
-169
-181
48
206
73
-175
-144
86
145
-61
-183
-27
148
91
-103
-157
42
176
34
-186
-119
106
164
-28
-161
-61
141
133
-43
-162
-31
100
77
-9
-87
-61
68
92
-21
-65
-15
59
46
-39
-75
-11
89
46
-68
-65
-6
88
74
-87
-136
31
158
37
-152
-120
81
177
33
-177
-140
120
176
-12
-138
-54
123
103
-60
-109
13
130
52
-81
-61
49
103
40
-46
-71
40
89
23
-91
-39
105
76
-34
-68
-15
98
104
-90
-152
32
192
43
-189
-114
144
163
-69
-173
-50
129
137
-62
-141
22
120
17
-136
-62
102
98
-64
-141
-43
167
93
-101
-117
24
107
73
-47
-121
-23
132
64
-77
-103
28
115
46
-61
-98
-14
63
93
8
-100
-58
71
74
-61
-109
16
104
38
-109
-117
26
136
15
-163
-107
98
127
-65
-150
-17
129
68
-135
-155
63
167
36
-158
-122
55
169
31
-167
-133
76
172
4
-179
-97
159
178
-55
-190
-57
176
111
-143
-142
63
160
47
-104
-150
78
221
32
-220
-124
144
171
-25
-175
-67
138
129
-76
-157
6
140
50
-75
-86
40
83
-2
-84
-32
43
58
-51
-72
30
67
36
-9
-63
-33
50
101
12
-77
-39
39
71
30
-43
-33
55
68
-8
-65
9
78
67
-40
-100
12
120
80
-94
-127
23
163
80
-136
-157
49
190
60
-181
-133
96
202
-2
-197
-78
161
130
-113
-174
14
142
77
-119
-146
16
153
64
-101
-118
29
129
45
-117
-98
62
122
7
-108
-41
62
72
-37
-59
-4
59
22
-45
-27
76
70
-104
-86
55
47
-43
-40
15
1
-17
-21
-4
-3
-12
-41
-24
37
20
-32
-31
7
4
-23
-34
-2
45
4
-51
-72
30
71
39
-45
-52
-1
38
7
-51
-40
51
45
-12
-48
-18
46
7
-62
-6
92
26
-59
-53
22
80
36
-49
-69
23
82
-18
-60
15
38
29
-8
-55
8
59
6
-69
-38
47
68
5
-77
-54
53
48
-51
-95
12
145
55
-106
-88
65
107
0
-88
-19
90
73
-65
-110
39
151
71
-90
-101
17
115
71
-92
-80
90
104
-63
-77
42
59
-14
-35
-19
29
57
9
-69
-7
60
10
-31
-15
3
4
17
35
-26
-48
-4
22
19
28
-25
-70
5
69
27
-32
-42
12
64
0
-70
-33
75
55
-69
-78
53
128
-19
-140
-34
116
116
-84
-152
12
169
90
-133
-179
31
162
23
-136
-88
38
127
18
-155
-107
126
140
-80
-174
-58
99
105
-28
-132
-28
84
41
-46
-56
-15
33
31
-27
-31
18
38
-7
-31
-23
-21
0
12
13
-5
4
19
-4
-15
12
-20
-16
12
56
23
-50
-23
1
23
15
9
-26
-21
23
27
12
-24
-24
-17
22
19
-6
-60
-22
52
71
-25
-89
-61
78
138
-54
-164
-8
149
77
-84
-100
50
136
5
-138
-37
124
122
-73
-147
36
197
64
-132
-104
107
137
-32
-121
4
140
74
-85
-85
27
86
40
-68
-51
14
71
65
-48
-117
11
139
20
-142
-73
66
134
12
-140
-78
116
124
-66
-180
-17
176
87
-123
-163
46
179
42
-153
-112
98
150
-19
-110
-62
70
118
0
-128
-68
87
87
-15
-65
-34
53
113
-8
-142
-49
109
83
-80
-142
7
141
85
-109
-187
18
179
69
-181
-167
54
147
54
-124
-121
50
152
-26
-196
-83
153
149
-89
-204
-66
197
194
-113
-251
-19
180
126
-123
-193
20
217
115
-164
-193
66
217
7
-163
-75
129
153
-54
-174
1
173
95
-109
-168
-4
188
111
-113
-155
31
141
40
-67
-85
-27
79
88
-79
-108
40
98
21
-53
-40
-2
31
-21
-29
24
31
24
6
-19
-41
42
91
-16
-82
10
87
33
-8
-36
-35
79
99
-49
-139
54
175
31
-116
-71
52
126
54
-115
-133
62
152
16
-100
-41
85
75
-90
-121
41
144
17
-119
-42
135
67
-114
-92
59
96
21
-135
-111
77
145
3
-152
-46
106
64
-77
-92
25
90
22
-75
-86
83
105
-14
-132
-31
112
99
-68
-141
1
140
82
-82
-146
-3
114
37
-79
-73
7
23
32
4
-38
-61
14
39
-24
-85
-17
98
47
-87
-96
1
85
32
-72
-77
37
67
10
-38
-58
31
71
11
-73
-60
29
73
26
-87
-47
74
107
-36
-164
-10
164
82
-120
-123
-6
136
105
-82
-124
12
145
48
-93
-100
26
117
12
-85
-23
86
28
-114
-36
111
77
-76
-112
-12
125
73
-117
-130
60
136
13
-90
-38
60
64
-6
-45
-15
45
68
12
-67
-50
57
118
7
-106
-45
77
98
1
-64
-50
51
80
-4
-91
8
76
10
-69
-20
63
46
-46
-72
55
74
-48
-68
28
74
4
-45
-23
7
4
-8
2
4
-23
-20
-1
48
8
-33
-67
30
98
4
-121
-51
84
112
-36
-137
-9
158
31
-145
-59
106
99
-61
-101
18
130
48
-108
-124
36
138
-13
-142
-58
103
97
-78
-147
-20
158
70
-152
-147
58
97
-21
-65
-12
32
8
-36
-72
0
115
34
-102
-99
33
145
14
-134
-93
76
133
3
-153
-98
109
145
-11
-165
-56
111
90
-44
-72
3
79
36
-75
-63
59
55
8
-62
-57
-10
83
62
-57
-77
20
83
25
-70
-85
-16
94
61
-57
-82
-14
90
77
-61
-143
7
159
57
-125
-103
96
153
-12
-144
-76
125
169
-35
-170
-48
178
146
-83
-130
37
100
43
-35
-31
24
79
5
-75
-27
83
75
-35
-107
1
107
65
-62
-118
8
158
59
-129
-111
31
119
42
-100
-75
66
84
-44
-114
9
84
23
-54
-77
3
118
79
-109
-123
19
123
56
-96
-101
53
117
26
-78
-60
11
77
31
-47
-38
14
-3
40
60
-45
-89
14
46
-26
-47
22
44
-12
-56
-45
31
41
-2
-69
-52
4
62
2
-63
-41
22
53
-1
-110
-43
85
26
-54
-66
-2
106
18
-143
-90
122
123
-78
-156
-6
175
75
-115
-149
43
165
35
-144
-85
117
122
-63
-178
1
177
108
-113
-169
17
140
74
-71
-72
23
53
-11
-21
-8
16
34
4
-55
-25
46
44
-63
-26
31
34
-22
-49
-1
23
15
34
-9
-15
-29
41
69
1
-62
-14
62
49
-22
-21
17
71
30
-62
-53
61
91
-15
-83
-6
112
84
-73
-110
1
94
65
-60
-96
25
142
74
-120
-136
55
109
-5
-107
-35
97
106
-37
-151
-13
102
63
-78
-89
1
83
67
-60
-130
20
105
9
-79
-34
22
75
38
-60
-65
28
50
-20
-35
-15
50
21
-55
-36
34
62
17
-62
-61
21
62
14
-47
-62
-20
41
54
-70
-84
39
76
22
-96
-91
16
100
27
-105
-112
30
112
36
-81
-83
5
78
47
-35
-75
-25
35
21
-30
-39
14
49
18
-27
-23
-8
26
-20
-19
18
44
-9
-65
-5
72
54
-12
-48
-41
25
36
-17
-28
17
45
-32
-36
23
52
6
-59
-30
47
44
-11
-54
-5
38
-6
-22
-15
30
43
29
-52
-61
55
65
-41
-23
69
55
-36
-30
15
46
21
17
-23
-24
27
9
-39
18
54
19
2
-5
-28
3
46
45
-57
-76
18
65
37
-31
-74
6
99
17
-72
-53
27
86
47
-49
-123
-14
127
55
-92
-112
38
137
32
-129
-95
91
147
-3
-170
-80
138
141
-59
-198
-42
162
154
-52
-193
-64
166
156
-82
-182
2
195
99
-134
-171
28
183
56
-204
-141
139
182
-73
-202
-73
162
140
-107
-222
-25
175
124
-149
-170
56
126
31
-130
-112
55
155
8
-135
-101
80
139
-8
-161
-82
122
131
-53
-183
-13
176
84
-122
-142
22
121
69
-67
-119
27
144
30
-136
-75
106
133
-3
-172
-110
121
180
-48
-208
-20
143
101
-34
-141
-72
104
149
-45
-145
-62
80
116
31
-117
-99
54
112
18
-95
-41
107
103
-68
-128
49
160
37
-131
-109
92
171
35
-142
-101
111
144
-23
-99
-36
108
117
-70
-153
28
178
92
-144
-134
64
175
35
-160
-123
109
178
-48
-198
-37
164
135
-84
-187
12
157
53
-142
-114
81
122
-18
-134
-67
98
142
-26
-161
-60
133
105
-89
-142
32
156
56
-89
-85
4
98
59
-58
-75
19
60
26
-34
-14
27
15
-33
-72
2
61
17
-66
-56
3
47
42
-45
-98
14
60
-15
-70
-28
33
45
-49
-118
-38
103
111
-46
-175
-61
123
155
-70
-202
-69
168
164
-79
-219
-53
198
160
-131
-191
45
180
30
-138
-101
79
153
15
-141
-79
95
138
-13
-141
-71
100
121
-32
-105
-9
111
89
-67
-141
-19
136
86
-95
-120
60
145
-2
-120
-40
36
55
-16
-70
-7
104
113
-76
-156
31
144
44
-88
-86
33
91
55
-70
-65
76
113
-5
-111
-51
84
128
13
-103
-96
83
164
12
-139
-82
70
137
17
-105
-77
63
112
15
-120
-41
60
82
-16
-123
-30
107
87
-90
-114
51
129
5
-99
-89
30
93
66
-61
-103
10
74
15
-71
-28
29
48
11
-19
-28
3
31
2
-8
12
-21
-68
4
103
25
-54
-91
-9
59
38
-25
-41
-15
21
25
-56
-58
20
33
0
-40
-64
29
44
-10
-12
-28
-30
-20
29
30
-36
-51
-5
18
41
16
-57
-56
28
57
-4
-44
-38
14
57
30
-56
-59
39
56
-33
-52
16
41
3
-12
4
7
13
36
11
-48
-30
0
45
69
-32
-73
-15
75
61
-27
-101
-33
98
103
-26
-124
-74
76
116
5
-131
-73
89
145
-29
-143
-48
131
106
-74
-122
46
147
19
-97
-60
65
131
63
-117
-122
60
138
11
-83
-71
63
106
3
-78
-21
70
36
-47
-48
25
75
4
-85
-44
92
69
-66
-117
26
117
32
-72
-65
30
81
8
-47
-70
5
54
1
-23
-14
5
22
22
11
-53
-22
60
54
-56
-63
-12
90
73
-71
-107
26
120
45
-84
-73
46
111
9
-122
-85
57
120
-20
-113
-45
65
60
-55
-124
-24
121
80
-91
-155
-23
128
71
-92
-123
6
97
26
-84
-66
22
69
10
-57
-22
56
38
-61
-59
12
44
23
-41
-54
44
77
-2
-73
-38
8
31
33
6
-58
-2
66
16
-30
-25
47
45
-27
-72
-14
62
51
-61
-79
18
81
32
-59
-79
10
124
33
-98
-79
62
97
-19
-108
-37
35
71
10
-63
-40
79
85
-50
-69
76
88
-47
-89
17
104
59
-51
-33
30
72
26
-71
-44
102
89
-16
-75
-17
79
69
-41
-96
0
91
67
-27
-82
-59
90
134
-47
-155
-35
160
127
-102
-151
27
145
27
-140
-66
60
102
8
-121
-77
99
112
-34
-114
-60
53
135
-9
-157
-61
125
117
-40
-110
-32
85
97
-45
-115
-7
99
89
-54
-118
-6
120
70
-110
-138
30
155
25
-169
-103
74
126
3
-111
-83
47
82
-50
-76
-9
51
25
-55
-96
-31
90
79
-99
-147
38
172
55
-148
-127
45
159
56
-145
-149
65
188
45
-176
-123
121
174
-36
-172
-55
162
151
-109
-198
35
216
73
-161
-159
71
189
50
-141
-114
92
140
-39
-119
-25
86
58
-67
-68
33
56
-2
-56
-9
57
38
-40
-72
15
71
36
-42
-26
-9
49
56
-24
-40
24
25
16
-8
-9
30
60
-3
-59
-28
69
62
-15
-31
-17
2
39
36
-9
-42
7
68
39
-36
-64
1
96
53
-77
-88
45
101
23
-66
-77
41
96
-20
-127
-48
124
112
-87
-142
22
130
33
-94
-76
61
93
-25
-113
-35
88
56
-74
-82
53
97
-8
-108
-39
117
93
-107
-128
72
136
6
-100
-102
22
127
21
-146
-79
108
93
-75
-128
19
106
21
-105
-130
10
154
64
-137
-115
37
130
11
-137
-69
79
82
-20
-100
-26
78
88
-48
-108
-24
87
88
-45
-104
-11
108
80
-93
-151
22
147
82
-101
-119
36
129
45
-97
-87
50
102
0
-99
-58
57
117
22
-125
-87
77
106
-22
-130
-59
124
166
-34
-222
-68
199
151
-152
-200
37
212
97
-152
-172
119
212
-19
-208
-57
180
144
-89
-154
19
152
120
-91
-127
20
145
40
-95
-65
87
94
-10
-100
-38
96
85
-53
-78
-2
78
78
-44
-91
10
74
5
-41
-55
-13
50
51
-8
-59
-21
42
25
-34
-39
27
24
-45
-25
40
45
-27
-24
-24
7
42
23
-29
-30
-3
50
38
-21
-64
-14
53
54
-24
-52
-18
78
75
-64
-102
7
106
15
-140
-61
122
105
-89
-170
-31
150
107
-136
-182
-5
196
91
-177
-149
63
143
-18
-140
-46
97
96
-60
-157
-14
178
89
-115
-133
12
128
25
-112
-93
103
148
-29
-171
-28
134
69
-73
-105
7
110
73
-76
-136
60
176
9
-159
-81
88
105
8
-89
-57
60
56
-2
-72
-61
11
95
41
-99
-76
59
88
9
-112
-73
85
103
-48
-96
1
103
83
-67
-153
13
207
106
-135
-158
40
202
111
-141
-147
83
172
17
-134
-51
136
153
-49
-182
-12
175
137
-128
-202
36
192
84
-115
-133
32
167
87
-165
-174
80
215
15
-193
-88
104
120
-21
-127
-83
82
147
-36
-179
-42
142
99
-73
-100
0
70
23
-71
-21
73
25
-70
-39
36
51
20
-29
-37
39
39
-29
-21
19
8
-18
-8
31
-14
-42
-34
27
40
-39
-62
-6
55
41
-65
-81
15
50
4
-58
2
26
-22
-49
-7
30
34
-43
-73
-36
59
68
3
-63
-54
10
67
22
-68
-95
52
125
-15
-113
-24