#4
-74
251
351
14
-373
-347
84
393
114
-338
-378
-68
180
81
-127
-230
-167
-46
74
84
-62
-241
-206
105
331
84
-338
-305
154
414
187
-195
-229
92
277
200
79
21
-1
30
155
295
180
-91
-106
182
395
223
-160
-206
131
375
187
-171
-187
48
165
97
-21
-80
-112
-123
-6
109
14
-233
-308
-61
213
88
-266
-396
-67
240
153
-203
-330
-146
158
249
83
-170
-258
-40
290
349
37
-307
-197
285
544
228
-265
-287
164
481
301
-89
-246
-24
285
314
104
-139
-219
-6
272
251
-56
-342
-258
148
368
80
-327
-356
-28
172
43
-183
-223
-123
-22
7
-28
-122
-186
-146
9
99
-5
-213
-212
40
206
128
-111
-207
-16
226
228
24
-84
19
148
165
140
81
-1
29
177
257
128
-100
-103
141
336
178
-156
-258
17
308
188
-160
-295
-100
157
160
-45
-227
-259
-110
90
170
-28
-324
-354
-55
259
213
-197
-363
-114
181
184
-29
-160
-63
60
77
98
74
27
-31
-2
126
263
172
-35
-72
97
269
219
29
-18
86
142
128
91
85
28
5
66
131
52
-105
-111
97
211
4
-251
-194
44
110
-78
-253
-161
27
45
-122
-173
-89
-39
-48
-15
7
-119
-203
-46
203
187
-104
-284
-60
306
309
-49
-249
-16
304
324
66
-112
-45
125
245
203
62
-102
-94
127
287
209
-99
-285
-45
311
226
-115
-273
-105
134
112
-67
-127
-106
-121
-136
-21
84
-46
-316
-259
68
171
-90
-362
-216
157
187
-133
-348
-142
189
187
-4
-151
-116
48
139
129
67
16
-25
87
261
222
-40
-155
76
350
290
-66
-213
27
320
302
3
-232
-162
103
237
143
-68
-279
-251
85
312
92
-356
-459
-62
341
204
-305
-498
-145
272
225
-155
-361
-183
76
183
100
-86
-199
-114
111
277
171
-133
-220
34
279
250
58
-75
-9
143
195
187
98
-2
5
127
228
173
-24
-114
24
281
247
-110
-275
-38
248
217
-86
-263
-129
66
67
-85
-186
-133
-49
-22
-49
-85
-154
-172
-42
84
30
-199
-331
-73
283
258
-123
-355
-121
260
345
36
-231
-153
184
325
206
9
-100
-50
154
308
236
-59
-203
-4
300
311
33
-246
-157
166
228
4
-136
-121
-49
44
54
-7
-104
-230
-162
64
146
-100
-360
-278
95
213
-107
-395
-255
110
211
-45
-315
-229
71
170
51
-65
-123
-101
33
202
216
26
-145
-44
237
303
57
-100
4
195
215
83
4
23
56
70
140
185
-18
-232
-100
246
283
-89
-403
-214
197
286
-64
-367
-279
38
152
-5
-182
-198
-118
-37
52
30
-136
-253
-175
139
335
37
-344
-276
175
399
152
-217
-215
98
271
223
83
-63
-49
85
270
297
39
-183
-20
290
333
45
-181
-49
221
253
3
-170
-25
138
67
-38
-40
-7
-88
-157
-65
77
4
-226
-272
-17
153
-12
-291
-270
7
163
5
-280
-278
10
234
146
-111
-219
-113
130
285
149
-170
-234
91
415
340
-69
-298
-51
360
428
46
-245
-158
184
362
169
-83
-169
-65
144
188
27
-162
-192
-45
170
139
-119
-258
-171
19
33
-78
-136
-113
-101
-104
-87
-52
-66
-143
-165
-76
82
44
-140
-199
-36
124
123
-82
-169
17
180
157
28
-51
42
147
177
139
42
-30
27
190
262
90
-132
-84
208
328
48
-292
-215
233
383
18
-403
-331
135
376
75
-349
-418
-109
170
168
-66
-324
-335
-55
249
186
-213
-462
-192
257
371
-4
-386
-265
147
323
134
-149
-162
102
198
120
57
26
-10
39
148
273
176
-63
-86
150
308
181
-83
-105
75
219
156
-17
-91
-27
-7
98
136
-23
-219
-214
9
139
-7
-262
-228
-5
100
-81
-264
-171
34
61
-79
-199
-153
-55
32
115
72
-85
-228
-109
230
347
27
-323
-183
299
494
169
-233
-213
126
364
289
14
-178
-128
132
337
266
-52
-346
-206
296
449
-2
-425
-326
152
366
33
-331
-276
-8
75
-22
-130
-146
-143
-161
-27
107
-39
-330
-355
29
312
87
-334
-407
-3
332
175
-158
-263
-60
170
232
112
-45
-87
24
211
268
94
-118
-79
206
347
121
-169
-118
184
333
110
-149
-152
28
141
125
12
-144
-222
-83
114
133
-105
-308
-215
62
158
-45
-283
-273
-29
145
37
-174
-192
-68
33
76
63
-52
-140
-102
85
237
166
-109
-206
15
263
286
76
-100
-72
117
273
220
52
-55
-14
144
258
162
-32
-93
26
190
141
-49
-138
-22
140
104
-87
-150
-89
-26
-36
-61
-64
-97
-161
-117
-5
23
-117
-226
-134
58
89
-151
-262
-65
188
157
-123
-253
-42
219
254
18
-162
-82
152
290
239
-11
-188
-75
264
413
159
-224
-262
147
423
233
-147
-320
-44
295
227
-112
-258
-122
56
141
36
-131
-193
-198
-78
93
37
-198
-294
-117
125
62
-227
-313
-95
140
55
-186
-246
-70
132
122
-49
-104
-88
-48
94
205
143
-58
-132
92
299
224
-39
-151
58
301
254
18
-116
-40
138
225
191
-11
-209
-181
144
349
136
-334
-449
4
416
184
-363
-483
-112
274
173
-214
-337
-145
64
83
0
-173
-225
-108
110
225
11
-299
-227
170
361
94
-247
-190
155
300
117
-60
9
157
147
39
97
148
74
-18
94
248
216
-55
-172
52
316
215
-114
-217
9
161
110
-19
-108
-116
-111
-22
69
-6
-214
-297
-99
173
82
-260
-380
-90
211
148
-191
-377
-163
178
236
22
-230
-215
3
245
260
33
-171
-155
139
392
262
-118
-245
23
355
357
42
-206
-122
158
288
152
-51
-194
-123
118
254
132
-190
-357
-103
262
250
-149
-410
-262
70
187
-7
-248
-319
-129
85
44
-127
-220
-208
-21
113
26
-207
-267
-20
232
184
-116
-311
-96
273
307
32
-171
-82
189
284
126
-34
-29
104
189
184
65
-58
-41
132
261
144
-158
-223
27
287
200
-143
-319
-140
164
196
-80
-292
-235
-55
60
54
-40
-217
-296
-115
177
189
-168
-400
-172
212
294
-29
-350
-196
170
292
122
-104
-141
-2
102
226
235
61
-111
-65
180
340
183
-110
-132
159
349
196
-71
-115
47
200
172
17
-92
-131
-18
173
188
-75
-326
-212
93
206
-71
-349
-261
68
154
-94
-306
-200
41
83
-44
-176
-197
-95
62
165
93
-136
-295
-61
311
371
-3
-323
-162
287
454
121
-227
-169
178
356
234
-13
-146
-98
142
316
214
-101
-313
-77
317
282
-128
-391
-181
206
255
-42
-280
-251
-56
63
33
-39
-203
-323
-156
157
177
-187
-481
-269
214
321
-73
-438
-297
161
313
67
-204
-203
24
180
177
66
-29
-42
60
213
244
71
-111
-22
226
300
78
-159
-72
181
301
112
-169
-180
28
202
161
-54
-250
-233
51
227
57
-288
-380
-83
234
161
-242
-424
-192
151
191
-91
-344
-183
108
142
40
-113
-165
-45
98
168
104
-49
-139
-2
176
219
107
-31
-17
119
197
185
99
-40
-19
143
280
173
-74
-119
66
242
198
-77
-207
-32
172
185
-41
-233
-154
53
84
-62
-239
-197
-49
23
-23
-101
-167
-199
-86
80
83
-137
-310
-175
165
315
21
-341
-299
115
420
278
-153
-319
-27
334
378
117
-172
-182
90
400
345
-33
-321
-125
306
408
107
-291
-292
132
362
116
-222
-240
-55
103
106
-29
-141
-247
-195
39
182
-1
-356
-386
25
257
-9
-376
-371
33
292
50
-304
-317
-33
202
130
-33
-124
-162
-32
188
258
73
-148
-99
188
349
149
-148
-136
171
375
202
-72
-141
25
191
244
97
-129
-191
-19
243
230
-120
-363
-216
171
282
-57
-396
-298
67
244
-22
-302
-279
-59
80
62
-90
-186
-144
-39
109
167
-63
-257
-118
189
269
32
-203
-96
178
220
74
7
71
99
56
74
189
193
25
-69
85
264
190
-46
-120
54
219
144
-93
-96
67
107
21
-70
-85
-65
-65
-60
-13
-55
-169
-189
-32
53
-62
-232
-186
32
100
-84
-262
-192
56
188
46
-175
-171
9
156
170
59
-90
-92
81
275
229
-1
-145
-30
235
341
152
-142
-189
94
325
196
-59
-155
-73
107
186
53
-115
-228
-108
146
202
-55
-305
-276
-12
160
24
-219
-269
-131
26
21
-101
-190
-206
-91
59
79
-97
-253
-176
89
227
55
-186
-216
42
271
195
-39
-101
36
187
179
83
30
31
69
157
175
60
-72
-25
152
280
97
-201
-229
77
283
133
-198
-306
-79
165
118
-121
-247
-179
-59
67
33
-125
-299
-221
62
243
54
-310
-377
-58
328
268
-167
-391
-123
229
338
80
-173
-159
2
182
304
209
-83
-196
23
372
370
-15
-276
-22
392
392
-24
-275
-83
258
333
66
-165
-153
-21
119
158
29
-146
-239
-130
100
134
-125
-320
-204
44
95
-94
-235
-180
-47
42
42
-73
-229
-199
41
253
137
-222
-329
34
436
311
-188
-361
39
448
382
-73
-269
-22
324
320
54
-136
-89
106
257
172
-20
-183
-125
155
253
-14
-223
-179
46
170
19
-217
-197
-25
-5
-80
-131
-71
-71
-168
-161
-11
40
-146
-285
-132
126
85
-171
-252
-34
192
71
-139
-167
8
164
111
5
10
63
102
112
111
83
48
30
131
214
110
-78
-73
140
267
165
-101
-206
-39
176
206
26
-230
-293
-63
241
208
-170
-445
-273
167
311
-32
-468
-419
42
345
135
-329
-388
-57
241
183
-95
-245
-80
156
157
23
-47
-70
38
116
158
147
49
-22
43
138
174
115
31
35
97
172
156
60
-30
2
111
185
85
-104
-137
15
190
122
-138
-252
-81
99
41
-160
-241
-103
39
15
-83
-167
-201
-132
-9
97
29
-209
-320
-54
270
224
-158
-377
-90
339
358
-36
-285
-92
253
325
100
-77
-49
83
212
224
80
-94
-110
112
294
192
-60
-231
-100
202
229
-18
-211
-164
3
106
36
-84
-157
-194
-137
25
88
-88
-317
-251
86
164
-128
-387
-225
127
188
-97
-285
-155
64
118
-17
-55
-50
-47
-2
144
185
57
-89
-13
206
258
56
-128
10
279
273
11
-147
-36
213
315
139
-171
-245
-27
241
279
2
-345
-311
90
348
66
-400
-418
-5
292
98
-328
-384
-86
134
82
-73
-175
-168
-102
13
167
103
-187
-282
6
318
280
-92
-293
-58
249
289
116
-77
-63
96
224
256
126
-89
-114
148
388
260
-132
-276
17
400
339
-110
-340
-105
219
248
13
-197
-191
-55
34
34
-44
-180
-263
-95
92
62
-172
-315
-129
142
120
-191
-359
-132
215
245
-52
-276
-170
113
271
171
-57
-163
-59
163
321
223
-49
-181
3
297
352
68
-226
-161
195
352
165
-110
-251
-66
226
258
1
-270
-293
14
281
162
-208
-385
-193
136
191
-106
-351
-276
24
153
-37
-269
-284
-69
104
81
-102
-255
-191
60
184
46
-148
-174
37
218
159
-58
-140
65
262
222
8
-93
28
215
204
79
-10
11
64
117
153
121
-38
-180
-81
176
252
8
-286
-292
29
246
85
-210
-283
-157
12
93
-1
-201
-318
-148
175
225
-120
-395
-248
133
317
47
-316
-209
155
279
94
-131
-110
85
145
110
105
105
48
-16
71
233
196
-10
-81
102
292
193
-36
-95
51
194
138
-21
-48
-32
-11
69
112
-13
-179
-200
-29
101
-15
-240
-228
10
95
-85
-264
-176
51
63
-84
-164
-129
-69
-5
93
58
-105
-195
-39
263
316
-1
-294
-153
309
469
149
-287
-264
176
486
336
-87
-328
-121
301
451
187
-246
-428
-34
463
356
-162
-468
-246
241
355
-48
-371
-276
8
117
7
-154
-193
-184
-100
36
31
-150
-317
-184
117
180
-70
-331
-262
127
303
71
-244
-240
51
258
161
-30
-95
12
170
211
141
-1
-71
17
227
278
83
-113
-102
134
317
173
-145
-233
-6
218
188
-67
-277
-211
66
241
30
-288
-361
-110
194
193
-148
-427
-290
113
306
28
-357
-349
-18
233
209
-84
-263
-166
89
263
208
-44
-189
-89
140
297
179
-70
-115
97
291
251
27
-114
38
230
229
86
-61
-55
79
198
201
-17
-188
-113
102
204
49
-167
-205
-59
54
-3
-147
-182
-124
-24
-1
-79
-152
-150
-92
13
15
-76
-198
-172
42
204
76
-175
-239
41
306
191
-106
-190
34
260
265
88
-68
-84
52
242
287
131
-130
-156
94
299
205
-107
-253
-18
255
168
-133
-223
-86
80
75
-31
-93
-150
-181
-75
54
24
-210
-329
-91
170
69
-291
-382
-72
218
97
-216
-279
-50
148
89
-74
-120
-69
21
127
156
63
-55
-63
132
311
186
-96
-157
123
353
221
-93
-155
44
250
243
38
-165
-186
34
253
220
-89
-365
-272
148
341
8
-438
-394
60
314
80
-314
-437
-119
191
201
-66
-313
-268
-27
220
254
-61
-332
-212
129
358
199
-159
-254
29
258
242
97
-14
-54
27
187
287
138
-79
-107
135
347
231
-113
-212
80
359
219
-142
-237
-34
169
154
-38
-168
-154
-71
1
40
-44
-191
-239
-93
70
20
-154
-226
-80
74
29
-179
-233
-68
143
147
-61
-213
-116
129
272
136
-129
-202
39
322
348
68
-220
-161
188
427
258
-147
-321
-2
421
377
-33
-327
-214
157
325
82
-206
-248
-57
144
132
-50
-223
-235
-61
100
-2
-210
-275
-101
63
42
-144
-265
-157
7
63
-35
-156
-168
-67
51
98
39
-100
-177
-2
230
210
-14
-130
0
213
264
90
-65
-25
108
219
172
44
-55
-43
122
277
152
-183
-274
53
346
197
-228
-391
-94
248
221
-130
-377
-269
19
173
78
-179
-355
-234
100
257
30
-333
-357
-24
319
236
-210
-359
-41
322
281
-26
-223
-102
126
215
194
88
-13
-51
50
245
277
37
-147
16
289
296
18
-203
-46
232
274
37
-148
-127
7
119
157
10
-186
-245
-88
123
128
-178
-372
-195
134
171
-138
-361
-238
85
173
-8
-223
-273
-113
127
235
75
-237
-299
47
427
338
-134
-384
-53
397
434
16
-284
-118
277
412
157
-150
-198
42
282
249
51
-167
-184
55
244
116
-156
-229
-54
145
67
-128
-150
-106
-83
-76
-59
-38
-95
-198
-178
-16
58
-77
-270
-228
52
171
-45
-296
-195
119
201
13
-152
-136
39
171
160
64
-35
-51
61
203
238
71
-71
-30
170
264
89
-99
-56
169
259
54
-187
-148
108
253
85
-195
-296
-65
190
178
-119
-381
-305
55
290
65
-341
-450
-114
251
211
-167
-376
-175
116
207
25
-182
-150
55
118
71
29
4
14
20
62
171
168
39
-36
16
191
269
102
-70
-24
157
254
117
-77
-73
127
237
74
-131
-136
22
189
138
-130
-290
-143
117
144
-82
-267
-229
-38
56
1
-152
-225
-147
23
90
-34
-230
-252
-17
257
190
-164
-378
-110
361
417
-28
-392
-204
338
523
168
-246
-256
111
399
320
-4
-216
-114
204
364
153
-137
-240
-56
222
232
-51
-233
-156
50
150
31
-142
-181
-168
-104
58
82
-107
-329
-293
34
215
-21
-361
-345
9
266
72
-301
-357
-47
264
197
-75
-265
-158
138
302
189
-69
-202
-8
292
361
81
-192
-125
209
377
153
-144
-133
102
282
219
-24
-190
-139
98
244
118
-179
-314
-110
203
216
-125
-398
-275
82
194
-28
-277
-242
-60
77
58
-89
-184
-195
-68
170
189
-74
-267
-112
178
271
88
-166
-160
67
252
245
67
-92
-48
113
288
244
6
-145
32
286
321
23
-206
-81
235
342
52
-249
-184
98
244
87
-152
-224
-94
31
58
-55
-197
-231
-79
85
62
-162
-345
-204
127
235
-86
-418
-312
145
381
111
-302
-328
29
356
281
-64
-247
-94
200
330
192
-46
-124
0
228
332
118
-168
-183
128
336
216
-64
-261
-107
223
260
-10
-243
-259
2
238
142
-159
-352
-256
55
226
10
-325
-376
-60
209
81
-271
-381
-146
129
153
-74
-271
-217
19
177
95
-92
-211
-85
181
276
91
-140
-102
157
263
126
-25
-32
107
202
139
36
22
40
67
116
138
22
-96
-68
105
175
-7
-205
-224
20
216
67
-226
-311
-116
91
86
-84
-263
-224
-57
122
94
-123
-299
-206
118
288
47
-318
-262
125
354
142
-195
-197
92
226
143
37
20
34
74
133
171
141
-2
-35
123
247
173
-31
-106
59
229
162
-35
-113
-50
51
123
80
-68
-177
-175
-35
120
28
-232
-315
-75
148
53
-228
-298
-92
104
89
-126
-270
-185
48
223
140
-161
-326
-105
310
420
54
-352
-260
248
556
273
-248
-365
96
526
386
-97
-349
-70
332
357
85
-185
-249
2
274
218
-103
-295
-188
121
233
7
-233
-240
-82
55
23
-90
-176
-226
-146
50
77
-81
-314
-272
68
244
-7
-348
-311
85
279
96
-176
-232
1
193
190
48
-55
-1
113
169
139
65
-8
16
143
225
148
-38
-101
51
248
220
-41
-235
-83
185
261
24
-302
-308
35
272
85
-275
-370
-162
165
202
-98
-367
-289
53
251
18
-329
-287
33
185
89
-126
-192
-36
104
128
70
-2
-31
1
50
134
184
81
-33
-9
140
272
168
-96
-74
162
316
188
-89
-180
49
284
245
-49
-232
-89
129
224
52
-224
-248
-38
140
44
-177
-266
-163
24
70
-58
-188
-211
-101
31
57
-73
-255
-219
71
309
139
-288
-383
32
448
304
-152
-319
-11
376
343
18
-181
-48
177
259
169
36
-71
-53
118
234
140
-104
-201
6
230
139
-125
-193
-60
80
47
-75
-92
-95
-142
-147
-20
61
-77
-264
-194
34
80
-131
-295
-168
84
101
-97
-241
-136
31
106
59
-22
-89
-87
32
189
218
30
-142
-39
218
326
125
-130
-97
186
313
100
-130
-55
183
279
106
-153
-215
6
242
236
-55
-310
-285
68
308
72
-349
-426
-61
230
141
-170
-361
-219
63
176
41
-236
-313
-124
174
320
34
-324
-280
70
345
270
-105
-321
-81
267
344
131
-84
-109
81
246
257
102
-83
-72
151
329
200
-107
-210
73
342
237
-101
-226
-59
146
162
23
-158
-182
-59
46
11
-97
-212
-223
-51
87
30
-175
-295
-117
132
146
-139
-357
-199
183
307
-15
-310
-227
141
351
173
-136
-222
-7
311
361
87
-236
-171
180
427
296
-123
-330
-26
400
387
-5
-302
-241
117
322
142
-158
-272
-119
92
159
23
-182
-280
-173
62
126
-59
-307
-286
-12
158
-3
-245
-326
-139
116
119
-98
-235
-180
36
201
134
-114
-287
-100
241
333
94
-192
-165
158
386
234
-67
-159
19
268
308
69
-130
-114
108
311
194
-111
-279
-49
311
290
-128
-420
-233
203
327
-21
-412
-403
-22
249
146
-182
-395
-270
96
279
31
-355
-366
-14
324
257
-183
-416
-109
299
311
-12
-227
-81
189
220
92
30
26
45
73
158
214
80
-69
-15
234
350
126
-199
-171
159
348
175
-128
-215
-33
154
198
22
-207
-261
-68
125
114
-140
-319
-225
56
156
-92
-306
-216
44
111
-68
-228
-209
-13
160
119
-72
-228
-135
154
331
155
-198
-284
108
437
311
-105
-289
-16
361
397
83
-203
-133
148
316
151
-81
-180
-66
155
225
9
-174
-178
-21
124
53
-109
-144
-101
-81
-86
-63
-34
-74
-183
-186
-17
65
-85
-288
-242
61
211
-24
-329
-281
116
310
80
-260
-299
29
342
285
-30
-199
-50
221
320
138
-99
-125
105
312
255
-47
-179
35
282
286
-2
-267
-162
179
322
59
-263
-307
-37
213
143
-158
-332
-219
30
147
30
-203
-324
-183
91
178
-62
-275
-228
6
178
111
-102
-198
-50
144
176
44
-83
-76
51
173
176
109
-23
-52
77
249
274
18
-146
26
288
327
62
-188
-101
158
298
155
-100
-204
-73
176
216
-5
-240
-224
7
123
-15
-221
-247
-57
98
20
-199
-239
-105
60
47
-99
-245
-188
21
187
161
-112
-315
-138
261
381
33
-313
-167
250
425
185
-154
-191
84
317
295
49
-153
-118
146
303
150
-88
-205
-58
213
228
-40
-253
-170
53
155
28
-118
-172
-154
-64
4
10
-88
-230
-234
-50
120
-18
-268
-268
-8
164
6
-256
-279
-11
218
112
-86
-146
-67
65
162
137
26
-38
-3
120
208
131
-6
-15
119
223
136
-38
-59
102
217
145
-21
-115
-67
82
158
65
-123
-225
-105
123
162
-128
-367
-249
113
251
-43
-378
-326
-4
218
96
-208
-313
-142
95
216
71
-193
-242
-22
229
228
-18
-200
-57
185
239
115
-40
-17
127
148
144
97
49
42
115
166
138
17
-69
37
212
212
-11
-180
-90
86
179
69
-110
-172
-85
29
6
-98
-174
-163
-85
10
-1
-99
-189
-182
-21
81
-23
-217
-236
-3
219
124
-148
-228
-60
175
242
88
-131
-173
83
319
295
30
-173
-98
190
382
208
-138
-246
52
326
274
-5
-247
-164
135
248
83
-140
-194
-88
63
87
-8
-153
-231
-171
20
118
-33
-282
-287
-38
97
-18
-218
-229
-59
72
18
-105
-177
-106
22
129
76
-74
-177
-16
199
204
17
-90
16
198
220
78
-26
29
110
175
116
15
-12
43
154
183
53
-142
-146
77
257
87
-228
-301
-24
209
127
-203
-377
-186
145
205
-93
-375
-313
9
252
153
-241
-443
-199
235
376
38
-411
-349
156
446
183
-245
-283
90
310
203
12
-43
25
105
145
186
137
-11
-26
109
259
214
-41
-163
-2
272
307
18
-254
-168
86
218
116
-122
-238
-136
34
111
-30
-238
-270
-78
130
42
-211
-313
-121
113
102
-103
-257
-196
37
210
106
-126
-256
-99
208
344
111
-251
-245
154
490
326
-174
-348
6
449
462
12
-330
-196
220
410
216
-136
-316
-114
283
335
2
-334
-338
39
363
160
-264
-391
-159
108
151
-76
-308
-280
-27
179
50
-260
-411
-194
193
274
-45
-421
-361
106
375
154
-223
-332
-43
280
284
14
-140
-63
159
260
173
12
-65
13
178
257
128
-67
-114
51
261
260
-24
-261
-150
166
300
75
-281
-328
-10
256
135
-203
-367
-225
88
235
-6
-361
-399
-37
297
181
-248
-403
-132
200
233
-33
-241
-146
65
162
125
18
-29
-41
-32
120
264
199
-35
-134
52
291
288
26
-135
13
217
259
80
-79
-51
114
198
67
-101
-77
-5
100
103
-38
-178
-159
-54
25
-23
-112
-171
-141
-51
-22
-52
-119
-118
-101
-73
-32
-39
-102
-82
29
84
-53
-131
13
207
159
-77
-165
44
299
273
-4
-177
-1
261
268
87
-67
-70
85
203
140
15
-70
-49
85
154
14
-142
-111
22
93
-14
-147
-98
-24
-83
-123
-68
8
-59
-211
-197
-5
71
-95
-285
-198
64
140
-58
-268
-209
86
195
51
-127
-155
-18
148
165
68
-34
-51
96
246
201
0
-89
34
263
249
25
-105
-16
157
187
92
-67
-107
29
173
105
-113
-231
-126
110
203
-54
-333
-301
-23
185
68
-210
-329
-162
69
133
-25
-216
-210
-72
88
156
10
-179
-153
26
175
173
-13
-140
-60
130
234
142
7
-21
40
134
228
165
-3
-47
60
230
261
35
-154
-58
193
273
47
-185
-121
76
174
75
-131
-202
-120
32
82
-37
-228
-274
-77
123
51
-201
-326
-148
151
165
-146
-380
-213
208
327
-9
-347
-264
145
391
222
-133
-280
-40
318
372
104
-181
-164
135
381
288
-31
-223
-41
243
273
85
-129
-159
61
209
49
-115
-106
-31
22
-4
-30
-34
-97
-174
-156
-17
51
-91
-242
-171
-2
49
-98
-246
-162
11
59
-37
-173
-167
23
118
47
-84
-150
-26
169
212
53
-118
-59
205
317
103
-120
-77
165
296
183
-57
-105
52
184
232
108
-142
-200
34
269
210
-129
-360
-201
170
279
-17
-365
-343
-24
209
65
-215
-319
-191
49
173
23
-242
-293
-88
168
214
-74
-303
-93
188
240
47
-165
-105
114
198
114
55
43
34
38
145
281
121
-139
-108
215
462
201
-246
-297
130
482
263
-262
-354
-21
307
295
-57
-333
-281
1
170
89
-155
-310
-227
29
142
-37
-249
-273
-72
94
73
-124
-253
-160
71
218
70
-227
-271
27
375
344
-66
-410
-164
389
557
142
-336
-287
206
531
314
-174
-322
6
360
316
6
-208
-172
99
269
97
-155
-195
-58
103
88
-58
-169
-194
-95
14
26
-71
-196
-229
-94
85
45
-197
-314
-164
99
167
-60
-308
-244
95
284
86
-196
-262
-6
273
227
-5
-99
24
190
176
65
13
35
126
166
122
34
-58
29
205
227
44
-162
-141
81
232
115
-150
-282
-113
145
178
-56
-308
-310
-31
193
73
-203
-361
-218
81
260
1
-346
-349
-28
284
244
-160
-354
-97
230
275
26
-194
-132
95
222
203
84
-38
-82
75
271
302
24
-187
-34
290
354
60
-183
-99
165
285
134
-121
-185
-39
159
209
-31
-251
-205
-13
133
29
-181
-270
-120
63
37
-145
-265
-154
45
86
-47
-221
-240
-27
209
177
-128
-331
-131
255
398
77
-308
-229
231
466
229
-166
-262
65
359
331
21
-183
-102
181
302
155
-70
-186
-80
177
231
-18
-211
-154
42
133
9
-96
-143
-151
-80
0
42
-58
-240
-288
-72
142
19
-276
-343
-52
240
156
-223
-404
-146
218
262
-23
-238
-180
56
257
260
27
-187
-94
181
343
209
-90
-183
86
374
265
-95
-223
45
337
300
-37
-272
-163
160
314
110
-240
-343
-82
217
199
-105
-356
-278
6
183
52
-215
-318
-185
62
147
-22
-208
-195
-53
115
134
-17
-180
-135
60
206
141
-58
-143
-39
157
267
170
-12
-81
7
210
294
130
-66
-80
125
278
166
-47
-121
53
232
172
-41
-139
-81
80
174
33
-188
-233
-67
116
66
-157
-274
-156
14
40
-104
-233
-167
12
93
-41
-221
-227
-10
207
132
-155
-257
-48
255
280
5
-237
-122
233
373
174
-123
-173
52
297
325
73
-209
-175
163
380
223
-106
-302
-94
263
267
-37
-243
-178
48
157
41
-125
-195
-172
-32
34
-38
-144
-199
-127
0
-4
-126
-217
-126
29
81
-62
-223
-205
20
167
58
-66
-135
-93
66
200
174
10
-105
32
224
235
61
-82
2
186
226
90
-21
-18
80
157
166
51
-120
-138
42
212
112
-153
-288
-107
167
182
-146
-361
-224
102
206
-53
-341
-320
-30
194
135
-190
-364
-177
148
301
42
-342
-291
124
372
173
-180
-229
50
227
174
41
26
68
47
69
176
196
44
-66
15
251
287
30
-174
-71
220
335
72
-249
-212
85
230
120
-130
-261
-155
78
155
-13
-291
-309
-45
164
62
-245
-352
-131
159
143
-139
-318
-185
87
251
88
-209
-297
-25
284
335
42
-279
-217
187
466
288
-128
-306
-16
419
416
40
-256
-164
211
329
141
-96
-206
-39
188
190
3
-171
-200
-30
130
97
-81
-210
-190
-70
23
-21
-82
-170
-183
-58
39
-47
-210
-226
-55
111
66
-150
-261
-74
143
149
-45
-193
-113
140
255
126
-88
-85
108
226
177
56
-36
1
136
233
158
-25
-86
36
233
256
-18
-266
-165
205
354
73
-336
-387
6
353
187
-290
-493
-201
215
291
-81
-437
-387
24
322
152
-295
-448
-120
220
266
-19
-278
-207
73
242
161
-35
-129
-78
86
234
225
77
-85
-64
142
283
185
-47
-98
119
288
215
2
-144
-26
206
262
36
-179
-123
57
173
103
-95
-203
-142
-39
52
-19
-140
-183
-130
-21
-1
-94
-186
-134
-30
29
-53
-149
-173
-33
173
148
-133
-311
-96
293
364
23
-310
-146
285
423
121
-208
-173
151
376
259
-13
-181
-50
198
237
116
-60
-180
-31
201
172
-95
-215
-87
78
99
-33
-129
-128
-90
-76
-58
-29
-91
-208
-151
26
48
-142
-293
-185
98
130
-118
-293
-157
135
186
-26
-175
-138
37
165
150
44
-32
12
109
177
162
42
-52
22
205
229
73
-79
-67
137
288
177
-110
-254
-68
259
302
-48
-377
-326
77
400
162
-379
-543
-137
322
274
-201
-517
-300
168
347
-2
-427
-370
37
299
204
-129
-330
-135
208
270
43
-174
-134
86
216
176
46
-34
58
119
137
163
107
18
31
105
178
148
21
-28
35
167
190
-5
-142
-93
44
165
82
-119
-187
-121
7
55
-27
-154
-228
-131
0
23
-121
-234
-147
49
129
-65
-290
-237
65
280
113
-253
-317
32
376
296
-91
-320
-109
309
428
135
-215
-193
132
373
307
-17
-275
-118
272
382
158
-190
-294
-12
309
240
-81
-282
-182
73
160
62
-124
-243
-216
-31
108
5
-196
-287
-119
108
65
-195
-345
-192
114
184
-36
-275
-275
-9
217
147
-78
-237
-118
166
304
147
-120
-128
91
278
212
11
-106
29
231
246
51
-82
-35
121
255
161
-95
-236
-41
246
260
-63
-330
-272
93
298
62
-344
-440
-85
276
188
-198
-423
-296
96
307
76
-317
-383
-104
232
257
-80
-322
-157
185
297
54
-183
-114
121
196
120
18
36
72
85
116
193
106
-60
-29
212
344
152
-170
-201
123
380
226
-170
-275
-31
204
233
-2
-254
-231
-18
109
43
-172
-277
-129
44
43
-124
-252
-143
25
67
-91
-200
-156
-16
116
72
-87
-165
-83
153
245
89
-147
-172
74
325
306
15
-214
-74
250
369
168
-153
-200
111
353
216
-64
-172
-86
137
200
33
-117
-129
-67
24
45
-5
-87
-172
-142
-42
9
-5
-151
-242
-137
41
68
-145
-337
-231
89
224
-13
-316
-311
56
323
148
-202
-303
-51
281
284
16
-170
-69
213
317
161
-86
-127
93
296
242
-23
-130
6
235
254
51
-189
-183
89
290
130
-206
-322
-99
216
218
-149
-430
-265
141
263
-21
-350
-352
-82
161
158
-91
-288
-189
8
149
97
-87
-181
-41
72
106
96
16
-40
-39
23
185
267
99
-101
-111
172
384
201
-140
-155
151
392
233
-128
-222
59
354
231
-99
-257
-98
183
238
17
-247
-251
-35
163
86
-208
-348
-194
72
137
-75
-284
-234
22
118
-9
-200
-248
-99
147
202
12
-248
-221
119
353
191
-177
-243
82
389
280
-77
-210
23
307
325
111
-147
-154
70
274
229
65
-151
-221
20
261
157
-100
-214
-146
48
133
39
-131
-255
-194
2
126
7
-244
-325
-108
165
95
-252
-404
-146
222
203
-159
-402
-207
219
285
-3
-254
-210
97
284
187
-58
-154
-2
239
295
129
-96
-96
121
315
218
-44
-161
15
250
268
39
-174
-147
43
192
114
-110
-222
-103
103
116
-94
-301
-239
39
168
-21
-240
-276
-95
98
108
-87
-252
-172
8
150
125
-124
-210
-34
162
162
45
-91
-53
64
146
146
70
6
69
108
148
147
65
-6
82
210
179
8
-79
-5
153
234
99
-106
-145
-14
133
156
-12
-203
-207
-77
64
69
-89
-249
-220
-33
81
-16
-233
-264
-44
147
47
-205
-312
-87
243
233
-105
-349
-178
239
410
134
-275
-262
135
419
301
-64
-220
-28
234
363
198
-128
-225
25
340
294
-5
-274
-178
179
300
45
-233
-250
-23
175
111
-111
-246
-193
-15
76
-20
-178
-251
-138
79
99
-182
-357
-212
121
203
-67
-302
-243
27
217
105
-115
-188
-82
128
194
84
-44
-48
121
245
170
-12
-83
64
228
224
50
-89
-34
127
230
179
-17
-184
-139
100
272
131
-198
-326
-117
191
247
-107
-424
-315
105
280
15
-379
-417
-91
260
233
-128
-424
-270
104
310
126
-226
-353
-28
292
261
-11
-196
-61
140
208
137
30
-23
20
118
246
196
-4
-86
47
283
304
24
-223
-102
237
391
114
-262
-263
78
259
162
-126
-274
-136
53
104
-42
-239
-257
-71
99
31
-206
-322
-104
145
107
-117
-281
-217
44
237
122
-187
-289
-72
266
316
63
-220
-213
161
444
289
-119
-295
-25
391
452
69
-287
-201
191
406
204
-127
-269
-90
243
252
-4
-197
-186
-12
115
50
-80
-149
-161
-116
-39
9
-11
-158
-268
-109
54
32
-151
-279
-159
81
129
-80
-276
-183
90
203
59
-126
-189
21
224
194
14
-82
30
195
201
81
-33
-9
138
227
135
-5
-28
47
155
199
26
-162
-106
143
237
25
-249
-259
7
233
102
-256
-367
-134
146
157
-98
-328
-263
-6
154
46
-227
-257
-42
134
104
-68
-215
-47
176
114
-42
-93
23
161
85
25
57
98
104
74
60
156
179
51
-49
49
242
262
9
-168
-36
215
285
71
-194
-175
41
191
138
-61
-220
-190
-3
109
-21
-224
-247
-58
82
8
-193
-274
-108
92
104
-114
-274
-203
53
237
96
-222
-305
10
343
314
-62
-335
-129
318
480
191
-198
-257
61
385
366
47
-222
-136
174
322
203
-76
-252
-124
198
290
33
-222
-246
3
190
60
-126
-222
-182
-42
60
14
-146
-289
-213
41
126
-59
-320
-287
31
219
22
-288
-298
3
237
114
-129
-207
-49
156
201
72
-52
-28
107
202
167
60
-36
-4
151
264
142
-71
-99
95
279
224
-62
-252
-80
197
240
-17
-273
-220
31
212
66
-232
-346
-163
114
160
-61
-277
-277
-63
150
92
-169
-279
-130
69
192
54
-166
-183
-11
159
212
42
-151
-113
79
248
216
45
-42
-5
106
235
195
8
-71
80
250
234
10
-135
-10
206
256
22
-167
-108
81
170
58
-153
-191
-55
69
33
-139
-238
-146
4
34
-41
-204
-244
-102
95
87
-120
-278
-194
87
244
78
-211
-266
-10
289
310
5
-287
-161
221
450
238
-155
-277
27
388
417
46
-283
-183
221
408
207
-163
-308
-43
286
207
-104
-224
-73
91
62
-89
-122
-62
-70
-125
-118
-37
-6
-145
-205
-78
2
-69
-195
-187
-7
67
-29
-156
-182
-34
107
96
-38
-124
-94
71
196
139
3
-77
57
235
222
36
-94
17
231
258
60
-101
-43
152
244
157
-68
-202
-83
168
251
40
-265
-314
-4
278
141
-266
-433
-175
183
240
-94
-397
-332
20
239
108
-263
-337
-138
173
300
19
-318
-235
110
293
148
-112
-155
11
183
217
90
-15
-6
54
152
246
160
-52
-86
107
324
264
-62
-233
-40
292
331
8
-241
-145
94
232
81
-200
-248
-54
127
93
-172
-338
-196
100
147
-111
-328
-263
45
190
0
-257
-302
-49
215
194
-93
-290
-125
200
309
91
-193
-214
65
382
350
-4
-260
-132
243
429
216
-156
-239
44
350
296
-33
-226
-133
118
236
60
-105
-155
-80
22
43
21
-45
-170
-222
-96
45
62
-107
-261
-212
3
98
-99
-310
-229
45
179
1
-274
-276
39
235
79
-159
-196
-7
231
215
-7
-129
-12
225
284
103
-92
-98
128
303
232
-1
-149
-25
220
301
95
-192
-234
31
304
226
-118
-348
-201
142
234
-37
-361
-303
18
234
71
-263
-417
-194
173
261
-39
-360
-300
5
245
193
-131
-301
-105
165
227
87
-106
-105
19
158
191
91
15
13
85
186
209
57
-89
5
271
318
55
-212
-106
215
355
114
-218
-200
53
214
140
-98
-229
-130
56
55
-54
-169
-209
-118
26
22
-106
-197
-151
-27
24
-24
-128
-191
-109
84
157
20
-205
-196
101
311
190
-140
-247
25
363
339
-8
-222
-33
229
317
149
-78
-117
49
212
212
53
-92
-155
-7
156
141
-13
-152
-179
-24
122
85
-97
-294
-216
-3
108
29
-191
-332
-170
109
98
-162
-345
-211
121
214
-54
-331
-271
73
263
103
-149
-216
-42
197
233
61
-74
-40
105
226
195
33
-86
31
225
231
59
-97
-21
179
244
94
-166
-180
50
210
142
-89
-252
-157
70
179
-11
-271
-285
-59
137
48
-175
-296
-169
55
151
-30
-242
-209
-53
128
129
-61
-197
-66
126
179
52
-79
-69
69
140
132
94
50
55
66
118
165
105
1
48
179
217
89
-72
-58
105
220
145
-72
-136
-36
89
121
13
-136
-143
-66
14
-13
-131
-176
-95
0
-26
-128
-166
-128
-36
8
-29
-110
-191
-118
108
181
-28
-254
-156
157
301
112
-153
-179
97
322
263
-14
-159
-41
227
359
184
-153
-222
84
380
259
-78
-278
-129
259
341
-19
-318
-250
66
247
66
-199
-276
-122
81
58
-114
-226
-184
-78
36
8
-169
-277
-167
54
127
-42
-255
-223
4
171
73
-123
-144
-48
93
160
120
-5
-63
48
196
208
66
-69
-26
184
290
134
-93
-81
109
241
178
-37
-173
-102
139
248
96
-180
-318
-138
163
270
-36
-418
-395
40
315
109
-316
-464
-161
229
250
-108
-378
-297
47
302
183
-192
-321
-55
253
249
-10
-182
-74
129
189
137
34
20
68
72
156
189
92
-20
-3
151
284
148
-106
-139
92
296
214
-119
-231
-21
179
176
-13
-200
-193
-56
50
32
-114
-225
-183
-12
74
-51
-239
-246
-27
129
30
-182
-278
-86
189
190
-74
-296
-160
213
368
132
-247
-278
126
460
310
-117
-291
6
404
428
26
-312
-173
262
406
149
-175
-245
-23
253
220
-68
-226
-140
64
140
15
-134
-183
-151
-36
11
-21
-96
-208
-217
-39
87
-17
-230
-301
-97
140
109
-135
-314
-143
151
187
-4
-179
-126
79
189
134
6
-31
35
132
160
117
61
14
69
143
154
53
-23
40
154
179
27
-160
-129
138
283
76
-279
-345
-28
303
178
-250
-452
-176
222
249
-135
-424
-298
36
230
75
-267
-319
-50
145
114
-54
-188
-68
136
95
-17
-45
63
140
28
-26
44
174
159
42
15
130
204
72
-56
54
245
246
11
-146
1
242
257
5
-192
-100
107
152
40
-82
-150
-94
-17
11
-75
-153
-133
-61
-17
-63
-170
-167
-59
37
-2
-122
-192
-137
19
140
87
-152
-250
-14
282
284
-31
-284
-119
277
423
126
-198
-178
162
373
267
-41
-178
-72
179
272
145
-47
-167
-75
148
197
3
-197
-186
10
107
47
-99
-159
-115
-79
-54
-36
-36
-160
-219
-74
56
-32
-256
-254
-33
160
30
-214
-272
-42
182
137
-59
-198
-105
113
209
117
-16
-27
41
157
204
106
-37
-18
160
253
136
-77
-109
87
288
220
-62
-260
-126
197
352
45
-344
-349
18
304
167
-240
-451
-199
178
245
-83
-418
-348
42
295
84
-298
-340
-49
192
186
-33
-258
-180
106
242
106
-98
-113
40
156
167
75
-12
30
122
151
164
59
-37
44
190
251
131
-59
-95
72
231
183
-13
-155
-62
75
154
80
-98
-208
-148
-5
72
-21
-169
-209
-114
27
15
-124
-232
-151
34
89
-72
-244
-212
25
236
124
-188
-299
-28
303
295
-5
-261
-118
244
385
174
-133
-170
65
278
279
60
-136
-76
158
236
125
-39
-172
-59
178
161
-54
-181
-105
34
58
-42
-59
-54
-126
-159
-102
2
13
-180
-237
-70
73
-34
-261
-253
-10
164
31
-201
-271
-69
173
149
-49
-167
-122
105
238
145
-48
-95
65
246
216
15
-116
49
300
278
-13
-158
-12
207
264
91
-156
-170
47
250
173
-139
-331
-174
146
266
6
-336
-369
-45
230
131
-227
-374
-223
100
198
-23
-281
-257
-23
137
131
-33
-208
-108
103
171
53
-81
-44
71
150
123
34
11
109
134
87
128
89
15
36
165
241
109
-96
-94
107
276
186
-108
-227
-16
193
183
-17
-215
-185
-12
66
5
-156
-215
-110
6
19
-90
-217
-191
-22
85
-10
-175
-224
-84
106
129
-25
-190
-129
83
238
178
-36
-182
-86
234
373
166
-152
-216
95
387
333
-13
-261
-103
277
354
77
-184
-205
32
243
164
-82
-195
-127
45
82
11
-102
-180
-154
-53
17
-29
-147
-219
-132
30
43
-152
-303
-200
55
188
-15
-300
-297
30
287
154
-152
-259
-88
217
269
33
-98
-12
150
222
120
-10
-44
105
226
213
44
-107
-56
158
281
144
-135
-211
10
246
197
-99
-326
-198
119
258
20
-350
-368
-30
231
110
-231
-397
-222
120
209
-34
-297
-236
9
161
100
-111
-211
-38
173
136
-22
-65
39
96
69
49
83
126
94
7
66
204
169
6
-17
136
242
171
-64
-100
69
211
133
-42
-92
-1
53
75
62
-36
-174
-192
-62
107
47
-174
-282
-143
68
69
-144
-270
-157
65
101
-81
-263
-181
88
224
38
-227
-225
69
329
234
-133
-316
-34
411
417
-19
-282
-102
288
397
136
-153
-148
91
267
181
0
-93
-84
38
173
88
-63
-172
-152
34
110
28
-125
-226
-144
-14
45
-42
-180
-229
-134
48
22
-159
-274
-148
89
92
-104
-244
-167
87
168
2
-142
-135
6
154
160
59
-16
-20
78
190
191
90
-35
8
158
224
90
-62
-15
151
209
67
-127
-127
87
224
109
-170
-277
-87
178
174
-120
-364
-262
52
209
15
-283
-335
-102
131
144
-93
-280
-181
1
124
90
-84
-186
-48
134
148
43
-73
-51
81
158
131
43
-4
69
170
186
132
-9
-70
78
288
284
63
-173
-138
169
351
196
-157
-265
-31
244
245
-24
-289
-275
-21
187
101
-201
-340
-183
95
153
-94
-356
-286
55
205
27
-254
-312
-114
211
242
-55
-296
-184
162
378
190
-203
-331
12
437
425
4
-301
-198
236
517
300
-175
-356
-52
407
442
77
-337
-356
95
418
219
-204
-366
-107
187
200
-43
-253
-236
-76
52
20
-80
-213
-250
-102
91
29
-217
-294
-103
143
91
-180
-299
-121
154
155
-38
-145
-96
60
147
134
37
-58
-6
139
243
177
-36
-106
96
282
207
-27
-125
29
232
226
14
-156
-83
116
170
42
-157
-210
-61
131
143
-120
-342
-250
69
227
-10
-331
-360
-99
201
157
-130
-306
-199
48
194
89
-186
-202
14
183
141
-32
-99
8
120
119
43
45
119
123
41
54
176
162
36
-20
73
225
220
22
-142
-41
206
258
29
-198
-109
98
204
58
-188
-251
-92
82
53
-118
-227
-156
-17
46
-84
-225
-177
13
81
-51
-234
-217
7
226
120
-174
-274
-52
260
296
47
-235
-215
145
435
293
-97
-277
-20
347
407
100
-243
-219
198
401
179
-133
-227
-51
221
219
-40
-210
-144
32
124
33
-131
-195
-115
-18
-2
-52
-151
-224
-148
28
88
-85
-296
-312
-34
219
123
-221
-377
-154
229
264
-30
-275
-185
114
308
171
-82
-145
64
283
249
-15
-163
16
309
326
43
-200
-99
171
333
217
-87
-259
-104
195
289
45
-281
-312
-7
267
170
-221
-436
-207
166
222
-66
-354
-302
-20
172
79
-168
-285
-136
69
141
31
-142
-151
27
146
127
7
-56
-33
48
112
159
115
46
19
78
161
173
62
-47
37
244
279
50
-173
-80
227
351
89
-256
-214
96
243
121
-129
-246
-105
58
70
-94
-224
-175
-24
62
-39
-234
-250
-74
110
88
-117
-257
-196
6
186
134
-122
-269
-102
222
300
77
-201
-177
176
388
210
-113
-221
42
358
347
35
-234
-103
220
305
110
-95
-157
-45
150
162
3
-134
-126
-13
39
5
-40
-117
-134
-103
-80
-37
-51
-166
-174
-39
34
-79
-265
-255
-4
186
59
-231
-341
-98
218
208
-64
-206
-137
68
216
178
30
-85
-24
151
256
169
-21
-95
81
260
224
4
-127
3
190
274
66
-210
-169
131
278
41
-244
-295
-39
259
181
-206
-433
-256
150
278
-9
-396
-431
-35
330
209
-246
-470
-189
214
311
54
-304
-279
86
310
152
-133
-192
29
221
220
62
-43
18
147
169
123
63
3
53
159
206
139
6
-63
43
166
166
37
-93
-63
11
77
84
-29
-131
-128
-76
7
18
-91
-205
-180
-38
28
-70
-176
-153
-27
52
-59
-176
-158
-12
107
66
-100
-170
-14
185
203
27
-144
-81
182
311
152
-121
-110
120
288
230
7
-129
-37
177
236
112
-92
-139
4
163
126
-75
-131
-44
21
-30
-91
-31
13
-81
-209
-203
-17
119
-62
-292
-217
-4
54
-110
-248
-138
59
67
-100
-211
-115
87
127
-4
-92
-104
8
145
158
46
-50
21
179
218
80
-54
3
213
248
60
-82
-36
167
248
120
-113
-186
1
209
218
-38
-291
-245
66
258
79
-298
-407
-116
217
186
-175
-405
-286
92
263
23
-339
-314
-23
174
160
-57
-226
-127
140
207
39
-132
-38
123
153
84
6
25
122
146
96
110
85
26
43
158
232
149
-42
-141
18
276
284
-19
-262
-118
136
253
80
-237
-277
-34
143
47
-160
-267
-166
16
86
-53
-225
-256
-90
111
88
-130
-310
-199
118
269
69
-279
-304
70
396
296
-144
-402
-95
448
557
72
-402
-300
248
582
344
-206
-396
-21
464
432
-34
-339
-211
166
340
75
-225
-197
10
128
10
-103
-91
-70
-88
-123
-75
-24
-63
-174
-179
-76
31
-38
-218
-229
-35
123
10
-216
-230
-21
186
121
-88
-197
-68
145
205
45
-57
-7
139
212
120
13
-18
89
179
150
49
4
37
104
144
107
-19
-90
-14
109
111
-48
-205
-143
75
158
-36
-279
-268
-19
147
53
-224
-313
-156
90
148
-63
-277
-201
30
116
42
-109
-147
0
143
118
-11
-77
3
61
90
108
107
113
56
-11
59
257
209
-23
-112
104
332
224
-89
-173
54
314
252
-73
-253
-62
162
181
-20
-194
-147
2
61
-13
-168
-232
-132
48
62
-128
-274
-184
38
97
-47
-205
-216
-65
125
152
-12
-240
-191
101
290
181
-102
-217
25
337
319
-31
-215
-47
267
352
142
-131
-169
87
297
211
3
-142
-119
55
209
114
-76
-184
-127
44
91
-10
-96
-169
-134
-46
-23
-64
-124
-150
-119
-59
-70
-124
-140
-72
-21
-9
-99
-173
-100
78
111
-34
-109
-90
32
126
136
29
-40
37
125
167
123
55
3
70
178
170
49
-58
-2
176
242
72
-150
-158
87
252
138
-173
-302
-96
159
182
-96
-313
-257
18
174
23
-245
-328
-136
108
166
-54
-281
-226
-38
152
154
-68
-215
-93
119
174
48
-80
-48
53
132
156
83
21
38
64
138
218
120
-27
-24
155
231
142
-28
-45
68
173
141
4
-99
-45
51
94
21
-110
-132
-56
29
-14
-131
-199
-122
-2
34
-84
-224
-202
-20
109
22
-190
-281
-113
183
261
-43
-351
-250
170
405
214
-176
-336
-23
422
439
14
-303
-159
241
459
244
-174
-306
18
407
359
-27
-298
-196
172
315
69
-210
-220
-24
123
62
-54
-134
-162
-111
-55
-42
-34
-82
-186
-160
-26
-3
-121
-210
-174
15
104
-58
-243
-174
61
163
47
-107
-158
-32
140
199
94
-53
-53
104
214
189
39
-71
21
221
226
16
-92
25
202
229
53
-162
-150
70
234
142
-148
-299
-145
140
235
-47
-374
-336
13
254
96
-283
-433
-180
208
251
-92
-365
-256
59
199
93
-107
-181
-15
108
77
33
15
48
18
-37
67
205
225
62
-140
-29
278
300
59
-137
-12
281
318
25
-191
-66
241
296
18
-202
-119
59
189
82
-141
-197
-86
11
14
-97
-163
-105
-43
-56
-113
-139
-111
-39
0
-56
-158
-159
-29
119
86
-111
-174
-36
147
207
73
-96
-139
63
305
301
7
-204
-94
228
382
197
-146
-221
79
325
232
-40
-215
-128
157
201
20
-135
-140
-15
51
10
-61
-112
-107
-77
-87
-86
-66
-111
-162
-74
10
-51
-220
-233
-16
133
18
-226
-275
-51
202
168
-103
-237
-114
125
264
108
-83
-90
94
250
206
28
-85
2
203
259
86
-92
-41
138
232
146
-52
-148
-43
131
209
38
-218
-260
-46
211
179
-154
-417
-262
143
261
-20
-342
-371
-73
214
130
-184
-317
-133
108
155
30
-170
-194
34
173
141
2
-78
-44
60
146
176
106
-10
-20
84
225
227
51
-94
-4
247
315
84
-159
-125
160
322
157
-147
-230
-20
194
187
-16
-197
-194
-61
57
43
-133
-236
-195
-9
73
-44
-217
-227
-63
96
17
-163
-244
-92
150
177
-55
-248
-135
154
319
143
-188
-247
75
388
317
-36
-228
-40
281
352
103
-141
-95
120
227
135
-17
-73
-60
70
108
7
-94
-80
-20
-2
-18
-41
-80
-91
-102
-103
-81
-60
-91
-123
-102
-75
-111
-128
-133
-45
19
-36
-149
-158
-41
100
88
-72
-125
-58
80
148
88
-17
-2
81
176
171
72
-21
11
134
232
150
-45
-102
89
258
216
-34
-247
-104
209
284
16
-289
-264
28
215
128
-209
-379
-169
142
179
-105
-348
-293
-3
201
68
-245
-305
-59
131
136
-31
-195
-119
103
151
24
-69
36
102
43
39
93
120
117
57
16
108
217
119
-25
3
169
255
99
-100
-87
131
279
128
-108
-174
-25
136
160
-30
-217
-185
-1
114
-10
-225
-254
-66
93
21
-185
-263
-116
80
78
-125
-263
-183
71
227
62
-218
-269
-1
301
298
-22
-283
-162
247
462
217
-193
-284
54
408
414
28
-290
-157
220
401
174
-162
-248
-31
257
231
-68
-283
-133
107
138
-64
-191
-83
-16
-96
-165
-111
-5
-47
-124
-125
-63
-64
-166
-208
-68
107
45
-155
-264
-108
141
167
-20
-173
-132
72
203
133
9
-35
46
191
198
68
-61
16
219
222
42
-99
-13
198
237
86
-103
-153
19
170
169
-23
-213
-191
11
201
89
-238
-373
-156
152
167
-108
-337
-294
-3
222
91
-277
-343
-99
172
206
4
-247
-209
94
263
121
-111
-132
43
171
155
50
-8
64
164
143
104
72
21
36
167
238
143
-57
-121
72
282
235
-59
-251
-86
176
217
24
-168
-204
-47
30
7
-88
-162
-143
-74
-6
-22
-151
-204
-103
35
51
-100
-220
-169
40
188
76
-189
-251
15
310
274
-28
-297
-162
282
470
202
-222
-303
68
491
442
-45
-377
-147
331
458
92
-261
-246
50
314
191
-130
-238
-99
79
83
-20
-90
-99
-137
-108
-41
-20
-79
-186
-206
-69
67
-43
-236
-232
-52
98
51
-169
-245
-79
163
123
-46
-186
-146
87
257
164
-14
-91
-9
175
268
154
-53
-60
115
228
163
21
-69
19
165
190
21
-152
-77
132
182
18
-241
-252
34
252
96
-295
-421
-94
251
172
-239
-460
-213
202
283
-94
-413
-260
77
189
64
-127
-166
-15
127
81
-27
-39
66
133
58
-8
27
128
165
60
31
158
180
22
-54
91
319
258
-56
-205
4
300
295
-36
-254
-101
169
207
42
-163
-211
-79
50
31
-99
-209
-153
-43
25
-53
-166
-199
-79
39
17
-115
-196
-119
51
130
25
-172
-178
54
251
197
-46
-242
-69
307
399
84
-223
-181
200
425
258
-125
-270
1
347
323
7
-223
-171
102
283
104
-163
-219
-62
129
103
-85
-164
-151
-56
-17
-58
-128
-144
-132
-82
2
-29
-156
-230
-147
41
117
-53
-272
-255
24
238
98
-137
-187
-35
178
194
39
-71
1
148
214
130
-22
-42
101
237
213
21
-154
-47
242
309
96
-208
-226
79
319
185
-196
-345
-121
211
236
-85
-394
-311
20
236
87
-263
-388
-182
125
211
-38
-305
-244
-20
151
112
-57
-194
-74
87
124
62
-3
19
26
15
93
161
133
34
-19
56
207
191
43
-19
74
230
227
9
-152
-42
213
302
75
-223
-189
82
252
124
-168
-289
-123
95
118
-114
-299
-199
9
127
-18
-272
-279
-19
147
15
-212
-275
-116
170
237
-22
-283
-232
130
357
214
-152
-296
-18
370
384
52
-228
-147
202
411
249
-121
-268
-16
324
336
47
-222
-218
75
306
140
-158
-247
-83
112
77
-73
-127
-147
-84
-32
-43
-61
-123
-187
-130
-21
10
-106
-240
-162
67
121
-81
-287
-235
60
248
81
-182
-211
4
204
204
51
-72
-48
144
256
144
-31
-59
108
250
178
-4
-90
52
216
200
24
-147
-112
95
220
91
-169
-247
-88
132
152
-87
-321
-264
31
209
42
-297
-392
-120
211
211
-167
-394
-187
152
191
-8
-191
-160
80
203
35
-111
-28
118
121
53
28
59
135
137
37
28
150
166
61
-13
119
234
163
-40
-126
43
262
220
-61
-243
-67
180
229
31
-226
-237
-55
84
59
-137
-256
-162
14
49
-87
-215
-202
-35
98
5
-164
-225
-92
123
151
-38
-215
-157
133
294
153
-128
-238
36
382
345
-8
-255
-119
272
476
195
-245
-279
141
426
243
-120
-264
-76
225
248
-28
-223
-134
64
91
-30
-109
-124
-78
-54
-85
-78
-80
-138
-183
-64
30
-37
-202
-245
-90
90
72
-138
-284
-146
145
196
-29
-167
-117
62
181
109
-3
-8
82
153
121
59
22
67
137
163
104
8
1
66
137
162
63
-104
-129
42
198
139
-119
-281
-157
163
233
-63
-397
-315
59
273
22
-356
-409
-74
237
177
-212
-377
-139
150
164
2
-202
-190
64
235
138
-90
-135
33
164
135
68
2
69
163
135
87
74
28
59
133
199
170
35
-91
-12
187
229
68
-128
-125
59
139
94
-55
-146
-136
-49
21
-4
-128
-180
-125
-10
25
-111
-228
-177
25
107
-37
-245
-254
-8
208
152
-125
-279
-93
228
275
37
-193
-127
172
349
184
-91
-160
54
310
295
38
-175
-77
202
277
76
-67
-95
-39
98
134
25
-107
-136
-47
34
9
-35
-133
-145
-86
-44
-53
-59
-153
-203
-84
22
-32
-177
-246
-114
72
86
-104
-244
-169
75
181
15
-161
-141
13
175
196
66
-38
-32
112
192
145
24
-28
75
220
204
41
-78
-8
156
227
54
-156
-137
91
239
98
-193
-266
-70
193
151
-159
-373
-215
83
208
-1
-322
-367
-91
201
155
-124
-312
-213
47
192
116
-158
-228
-26
190
163
-11
-89
20
104
122
93
21
78
127
115
82
86
49
44
165
215
113
-12
-54
60
184
181
32
-115
-73
61
107
65
-42
-109
-106
-94
-48
-18
-76
-145
-145
-59
-18
-63
-153
-177
-60
58
22
-140
-242
-110
147
169
-79
-270
-95
221
287
65
-192
-164
146
372
216
-81
-172
37
289
295
41
-130
-43
173
235
63
-86
-80
46
154
65
-133
-107
50
88
-78
-173
-74
52
36
-141
-282
-153
70
27
-164
-201
-76
-14
-86
-183
-123
20
53
-98
-204
-153
70
163
-10
-139
-95
61
170
115
12
-24
57
148
193
113
-35
-35
148
265
136
-78
-99
120
306
194
-77
-211
-84
169
269
45
-259
-300
-12
258
180
-219
-466
-222
214
305
-77
-472
-420
32
347
159
-322
-454
-107
232
258
-19
-302
-228
111
272
136
-104
-129
18
164
200
109
-29
3
101
164
193
102
-53
-44
159
340
218
-84
-236
2
324
351
19
-308
-195
157
286
99
-192
-274
-77
91
47
-105
-214
-145
-26
-11
-58
-157
-167
-77
-9
-31
-83
-138
-116
-9
92
63
-79
-176
-42
186
198
29
-156
-94
193
333
170
-112
-137
96
297
287
36
-172
-68
195
267
77
-109
-92
48
131
57
-59
-48
-18
-17
-64
-110
-3
62
-76
-233
-224
-18
119
-73
-247
-179
-38
24
-100
-229
-138
66
72
-122
-241
-120
121
138
-43
-126
-85
75
172
122
9
-27
58
163
179
66
-37
52
200
201
52
-58
-1
155
208
102
-86
-125
13
179
148
-62
-243
-186
60
211
43
-301
-343
-49
192
104
-207
-363
-215
89
211
-36
-303
-249
10
137
107
-46
-169
-118
64
161
95
-29
-90
13
126
173
79
6
16
118
177
166
57
-34
23
170
257
167
-25
-108
2
203
219
42
-132
-104
49
143
74
-74
-160
-131
-33
16
-19
-165
-196
-89
40
18
-153
-265
-141
68
103
-72
-266
-233
77
260
79
-256
-295
41
347
269
-70
-315
-118
350
465
90
-285
-199
230
474
244
-171
-280
31
346
311
1
-188
-121
74
195
74
-123
-140
-41
58
23
-50
-79
-108
-104
-36
-42
-109
-149
-164
-96
21
1
-155
-255
-146
34
78
-65
-201
-185
5
152
51
-97
-138
-22
126
147
90
6
-8
51
150
169
104
-20
-4
171
237
112
-68
-76
91
264
188
-96
-230
-33
239
229
-80
-299
-180
99
212
9
-284
-325
-39
167
36
-225
-276
-108
88
73
-120
-244
-127
25
87
40
-72
-135
-39
94
103
37
-28
2
42
71
84
100
113
98
4
13
197
235
46
-54
49
233
255
15
-154
-61
203
331
89
-216
-223
47
268
174
-161
-327
-137
131
148
-110
-308
-225
1
115
-41
-253
-239
-11
140
-1
-206
-258
-102
132
181
-34
-230
-178
95
258
183
-15
-196
-84
239
370
129
-144
-151
97
348
302
-3
-226
-70
232
306
101
-110
-189
-12
209
154
-77
-193
-111
47
84
-35
-128
-147
-85
-44
-85
-77
-87
-158
-134
-18
8
-115
-283
-209
74
188
-26
-316
-315
51
282
107
-174
-228
-30
227
215
37
-70
3
130
178
101
13
33
120
173
112
38
2
60
104
123
95
-30
-84
14
143
96
-97
-196
-93
77
113
-28
-241
-260
-45
153
63
-226
-385
-189
139
212
-39
-337
-266
25
173
66
-113
-170
-4
152
69
-62
-23
96
127
51
13
40
133
189
73
-13
87
155
117
88
83
116
140
56
-42
32
162
173
9
-149
-57
112
138
4
-162
-132
-17
16
-40
-158
-160
-86
-21
-21
-98
-194
-170
-11
73
-31
-204
-195
-53
132
170
-67
-259
-150
174
316
124
-202
-272
77
466
356
-86
-298
-68
314
445
154
-224
-246
126
396
265
-82
-229
-85
184
233
-4
-230
-147
50
115
-3
-104
-148
-133
-55
-12
-43
-86
-177
-229
-81
106
28
-256
-342
-107
184
159
-160
-382
-208
184
284
9
-234
-208
30
256
245
10
-148
-51
190
270
129
-43
-45
141
242
166
-12
-92
12
184
253
88
-150
-178
55
265
187
-163
-370
-170
215
278
-73
-441
-336
93
294
30
-343
-434
-125
248
207
-193
-351
-143
106
118
2
-96
-129
-14
85
75
59
30
1
-19
59
185
156
62
1
5
142
271
130
-81
-52
207
347
138
-152
-175
126
349
215
-135
-253
-33
188
163
-22
-185
-147
-33
6
-35
-113
-139
-98
-69
-44
-75
-153
-144
-39
26
-34
-164
-190
-51
165
143
-137
-272
-100
209
319
92
-214
-228
128
425
284
-92
-247
-33
308
407
138
-206
-193
153
342
157
-78
-138
-16
126
127
-35
-117
-47
52
9
-120
-114
-42
9
-39
-137
-192
-94
-36
-91
-99
-64
-95
-147
-164
-78
35
13
-136
-215
-105
106
188
-33
-236
-132
110
254
154
-86
-140
69
285
254
44
-90
7
181
231
110
-46
-60
70
188
212
59
-157
-148
70
232
121
-149
-274
-129
150
208
-77
-359
-290
31
207
37
-284
-358
-111
218
161
-189
-360
-177
106
191
79
-184
-242
29
195
120
-37
-72
47
126
77
42
43
142
169
40
16
117
145
80
58
114
179
129
-32
-80
103
240
127
-92
-152
3
145
137
-41
-200
-161
5
91
-27
-208
-246
-80
84
32
-181
-284
-134
77
121
-90
-296
-211
75
228
69
-214
-259
15
256
233
-13
-217
-104
238
358
147
-142
-158
94
340
285
-16
-185
-63
230
316
102
-154
-134
71
157
74
-121
-101
39
45
-52
-113
-51
15
-34
-134
-206
-127
22
-1
-164
-201
-78
3
-70
-192
-169
5
73
-74
-214
-169
66
151
-1
-127
-77
63
149
115
-3
-21
82
172
166
52
-25
17
201
232
77
-81
-49
144
254
137
-75
-174
-16
179
204
-1
-239
-233
0
200
137
-185
-408
-204
155
230
-75
-386
-360
1
267
123
-255
-351
-85
129
132
20
-142
-159
6
149
128
-10
-46
-17
52
143
157
77
13
9
102
224
200
10
-94
72
282
264
6
-191
-79
233
366
108
-257
-226
91
267
125
-138
-266
-113
91
67
-110
-246
-185
-13
70
-25
-210
-255
-77
93
60
-139
-249
-165
57
192
65
-182
-258
-42
250
301
47
-241
-188
200
437
225
-164
-256
72
397
344
-32
-243
-58
268
334
61
-189
-158
87
197
75
-133
-113
23
55
-56
-129
-36
42
-72
-167
-169
-93
12
-56
-187
-138
-31
-38
-153
-197
-78
60
3
-142
-194
-70
116
106
-76
-115
-43
57
123
73
24
58
121
100
58
63
82
80
123
142
87
-20
20
131
165
61
-49
-72
16
144
127
-61
-200
-142
52
142
12
-260
-297
-49
157
86
-179
-353
-213
91
212
-31
-336
-263
65
197
55
-132
-194
-27
146
112
-37
-89
54
140
81
-3
17
119
190
114
15
70
126
74
51
121
207
157
0
-105
36
228
228
-15
-183
-50
153
139
-36
-148
-118
-2
35
-50
-160
-173
-101
-13
15
-73
-220
-229
-28
125
8
-194
-261
-119
128
206
19
-243
-261
46
336
278
-68
-284
-118
270
446
178
-210
-244
100
438
336
-62
-274
-45
285
310
64
-147
-163
28
220
131
-99
-176
-74
45
63
-40
-114
-133
-98
-41
-45
-97
-120
-138
-108
-52
-22
-111
-199
-163
-12
81
-30
-181
-186
-22
123
52
-97
-125
-9
114
161
68
-25
-15
102
195
181
61
-59
18
207
248
97
-90
-88
131
267
164
-65
-210
-63
210
256
-30
-302
-249
72
249
23
-298
-348
-71
195
117
-180
-338
-224
28
142
20
-193
-209
-82
32
61
7
-68
-66
27
53
29
46
44
47
49
70
84
107
112
62
55
157
161
34
9
95
207
183
-8
-106
16
213
257
22
-188
-130
111
196
62
-136
-218
-113
32
59
-66
-219
-192
-61
42
-25
-184
-215
-88
67
21
-138
-195
-119
54
172
25
-171
-200
9
224
216
3
-225
-72
257
358
120
-157
-148
115
364
313
-41
-258
-50
293
321
74
-168
-181
57
235
117
-121
-174
-53
80
43
-87
-134
-106
-52
-75
-112
-86
-37
-117
-175
-69
22
-75
-244
-250
-20
187
70
-248
-362
-63
260
204
-108
-276
-138
196
321
127
-126
-151
116
292
208
17
-91
22
228
255
58
-114
-40
170
253
90
-132
-133
61
239
124
-161
-276
-87
154
157
-84
-340
-299
31
236
44
-302
-378
-135
195
198
-137
-381
-200
139
205
-24
-228
-163
93
207
22
-148
-25
201
176
-6
-77
26
217
239
47
-70
77
211
147
19
42
168
183
35
-63
14
187
230
15
-208
-98
151
199
11
-206
-186
-23
93
14
-194
-262
-101
71
37
-154
-269
-169
38
91
-36
-159
-206
-108
80
161
4
-195
-184
62
247
193
-35
-204
-39
292
341
59
-206
-116
215
410
221
-139
-241
36
338
308
-8
-237
-165
129
283
88
-179
-210
-58
114
78
-54
-139
-132
-69
-45
-74
-100
-106
-164
-122
9
3
-177
-288
-141
118
162
-118
-349
-219
119
242
30
-204
-182
9
226
192
21
-80
-10
174
233
108
-31
-29
104
218
179
27
-54
25
159
180
78
-77
-140
18
190
148
-89
-259
-185
122
233
-11
-348
-343
4
228
74
-254
-363
-166
127
189
-85
-320
-220
57
151
85
-97
-201
-56
106
148
67
-4
-62
-41
108
207
121
7
13
88
154
195
86
-45
26
174
232
125
-45
-66
73
226
176
-27
-115
-37
77
71
2
-85
-115
-103
-49
13
-13
-147
-200
-131
22
24
-103
-222
-165
-4
68
-28
-217
-188
45
163
29
-187
-163
82
244
142
-87
-169
13
305
324
-6
-205
-48
275
347
130
-160
-158
127
295
165
-45
-91
-6
72
91
-7
-74
-42
-5
-46
-82
-25
9
-66
-137
-139
-82
-20
-90
-173
-122
-28
-43
-150
-184
-112
24
36
-102
-205
-129
59
124
1
-153
-124
28
183
160
5
-97
16
203
257
102
-103
-88
145
342
239
-63
-182
-10
255
313
72
-199
-211
68
285
176
-159
-320
-133
156
208
-85
-378
-291