#4
-135
164
460
296
-148
-284
42
408
304
-105
-240
-31
174
113
-24
-72
-70
-115
-103
30
96
-32
-220
-194
4
20
-167
-209
-69
-10
-93
-160
-111
11
-8
-128
-153
8
96
-22
-79
43
67
-24
-43
55
168
126
-24
-58
79
206
139
40
39
83
38
8
142
213
27
-189
-69
213
258
-51
-341
-209
199
321
-53
-403
-253
65
124
-67
-214
-225
-119
-19
-23
-124
-234
-214
-43
121
52
-222
-306
-10
246
111
-217
-208
99
248
70
-131
-16
188
139
-65
-34
177
283
98
-75
27
259
231
-1
-60
108
225
104
-48
-24
94
85
-18
-44
14
1
-60
-16
66
-16
-192
-196
20
144
-43
-309
-256
39
180
8
-247
-270
-13
169
75
-103
-185
-98
81
237
183
-115
-277
-26
370
392
-16
-305
-50
436
454
-5
-249
21
397
359
16
-147
45
194
178
70
-21
-7
15
12
52
28
-57
-100
-40
58
-26
-160
-126
39
24
-170
-268
-96
88
-16
-225
-209
-15
50
-108
-173
-44
91
-21
-176
-44
179
171
-92
-206
1
213
180
12
-4
68
55
28
144
260
153
-148
-191
171
418
176
-245
-268
104
385
177
-208
-343
-122
186
260
-2
-291
-363
-139
203
247
-160
-546
-342
170
297
-119
-560
-387
173
364
-24
-422
-336
113
275
48
-175
-153
4
104
139
91
-6
-61
-8
202
257
48
-107
12
262
283
70
-79
28
170
181
85
15
2
16
25
98
113
-42
-188
-95
154
185
-60
-330
-224
88
199
-19
-272
-251
-63
50
40
-10
-116
-240
-150
110
211
-20
-279
-219
186
403
104
-304
-254
193
426
199
-112
-121
87
277
245
103
31
27
87
226
274
110
-136
-126
181
344
123
-176
-195
74
227
57
-154
-140
-8
7
-72
-68
10
-50
-192
-159
-38
6
-118
-214
-116
45
-11
-215
-181
39
102
-61
-170
-76
78
108
10
-49
-3
28
17
88
169
107
-37
-86
121
310
198
-84
-166
49
300
248
-42
-193
-64
126
187
69
-98
-214
-151
132
249
-44
-371
-323
52
237
3
-376
-366
32
192
-87
-388
-316
41
157
-25
-216
-230
-65
84
99
-6
-100
-136
2
191
203
-35
-186
22
242
201
-23
-83
124
307
178
-50
-29
159
222
110
-3
-10
76
102
91
61
23
-104
-119
51
195
48
-190
-232
21
140
-49
-201
-111
33
-40
-217
-164
67
154
-107
-337
-133
209
166
-151
-256
-33
246
211
-22
-196
-85
144
259
208
50
-140
-86
245
440
207
-174
-160
262
493
174
-246
-191
197
405
163
-198
-188
41
173
110
-17
-115
-146
-86
22
88
2
-179
-252
-75
99
-26
-254
-247
-28
81
-56
-195
-160
-50
15
-30
-45
-5
-37
-88
-9
117
99
-52
-101
57
209
142
-44
-55
94
173
135
98
73
4
-62
62
234
210
-51
-243
-27
266
200
-164
-368
-94
296
247
-218
-408
-165
107
107
-88
-254
-223
-97
-37
-18
-106
-233
-223
-39
143
31
-262
-272
13
187
109
-127
-156
52
147
30
-21
122
150
-50
-114
101
310
219
-36
-92
139
297
136
-75
6
211
168
-24
-72
75
169
39
-116
-95
51
96
-28
-93
-61
-46
-109
-82
53
30
-172
-306
-107
133
101
-124
-280
-167
70
147
22
-130
-153
-49
128
228
112
-141
-216
52
333
321
18
-224
-46
367
364
32
-136
54
315
265
-1
-51
51
141
154
81
-20
-75
-38
44
142
46
-162
-195
11
121
-32
-190
-133
8
41
-131
-272
-111
63
-37
-219
-190
-2
42
-92
-139
-73
11
-2
-64
0
92
19
-121
-23
149
181
29
-76
21
144
130
49
99
143
64
-81
-3
256
247
-54
-257
-47
328
262
-157
-336
-104
193
184
-79
-268
-190
-57
37
29
-105
-297
-264
-7
149
-58
-378
-357
3
242
63
-320
-340
21
239
63
-161
-156
-7
81
96
72
59
25
-24
14
158
205
54
-58
76
233
198
9
-44
117
220
109
-39
-4
114
87
1
0
15
-38
-53
5
72
2
-161
-188
-16
119
6
-195
-227
-89
34
-18
-80
-79
-113
-134
-45
109
106
-117
-271
-65
292
317
-66
-339
-72
356
362
13
-180
-47
227
347
177
-29
-49
72
238
285
155
-62
-164
50
333
288
-99
-293
-86
224
252
-52
-277
-165
85
106
-57
-103
-98
-125
-132
-57
-2
-82
-231
-198
22
97
-118
-274
-166
105
113
-85
-202
-46
141
96
-75
-60
54
74
27
92
146
49
-84
-9
215
299
66
-176
-110
210
347
98
-183
-134
91
217
92
-93
-173
-135
1
163
98
-166
-345
-201
116
189
-125
-437
-265
102
127
-185
-356
-173
56
47
-80
-184
-101
-8
2
-4
27
-19
-105
-18
159
151
-36
-108
69
199
118
-16
9
141
218
103
31
78
130
85
69
114
117
6
-61
41
178
115
-153
-225
15
240
124
-188
-288
-79
106
30
-108
-117
-98
-132
-123
0
119
-27
-307
-238
131
276
-18
-324
-223
157
332
119
-194
-215
73
283
229
73
-54
-86
85
320
329
61
-169
-38
355
436
48
-272
-118
287
384
47
-239
-129
108
152
29
-82
-94
-60
-59
-42
-12
1
-113
-160
-66
-48
-131
-168
-89
-4
-53
-156
-151
-58
5
-62
-106
-16
32
-31
-52
23
89
18
-84
-32
135
211
68
-100
-44
164
244
145
-28
-52
28
124
196
153
-42
-208
-68
237
292
-52
-390
-260
210
403
-24
-499
-380
93
302
26
-373
-412
-96
149
75
-199
-335
-256
-25
142
97
-192
-339
-105
194
186
-68
-235
-62
186
161
-24
-72
76
161
52
-48
90
227
147
-37
8
202
259
71
-67
17
201
158
-4
-71
42
101
14
-45
-25
38
-28
-73
-7
27
-90
-218
-83
126
72
-222
-342
-82
186
113
-212
-333
-78
202
144
-117
-219
-93
98
187
144
-55
-216
-61
274
368
108
-197
-149
244
439
186
-132
-92
233
361
124
-61
-22
109
171
109
12
-21
-30
-46
47
122
40
-117
-185
-76
46
30
-65
-124
-112
-116
-131
-94
-4
-45
-171
-203
-54
26
-53
-168
-109
54
48
-91
-100
49
120
-9
-86
-6
123
148
55
10
28
62
63
123
197
129
-78
-146
94
355
207
-190
-280
73
394
176
-264
-381
-43
288
196
-175
-332
-162
18
56
-33
-186
-272
-171
15
49
-143
-330
-229
56
150
-73
-281
-179
81
119
-66
-143
13
139
61
-88
-50
136
195
34
-83
45
160
149
73
94
103
84
84
123
113
44
3
72
126
105
-38
-69
34
63
-23
-84
-1
74
-16
-182
-172
-19
101
32
-202
-275
-99
67
62
-40
-165
-195
-91
91
150
-24
-247
-198
149
368
145
-277
-308
139
474
286
-133
-239
52
369
331
35
-105
26
239
284
149
-9
-122
-5
249
306
34
-235
-190
122
291
67
-217
-198
8
105
-37
-148
-48
3
-137
-219
-101
21
-15
-185
-245
-77
44
-29
-148
-112
10
-24
-100
-32
90
104
-69
-150
22
171
109
5
17
69
65
29
98
203
144
-48
-125
91
292
176
-107
-175
19
203
151
-57
-157
-115
-8
70
66
-97
-234
-198
-22
141
8
-352
-369
-3
193
-28
-358
-349
-32
146
10
-185
-183
-61
23
-5
2
26
-28
-59
-7
69
103
64
51
40
29
29
76
197
239
65
-96
17
238
240
32
-61
36
175
130
-34
-40
64
88
-59
-111
12
114
16
-165
-168
-34
39
-6
-89
-138
-181
-129
15
137
24
-280
-351
-23
325
207
-242
-384
-20
368
287
-136
-304
-43
334
317
61
-121
-90
111
332
312
27
-176
-23
345
446
111
-253
-206
222
458
165
-263
-260
76
284
126
-143
-196
-46
32
16
-41
-63
-85
-148
-128
-31
-37
-152
-175
-90
-3
-49
-188
-155
3
22
-80
-120
-9
61
-15
-73
-3
94
66
-63
-38
138
193
34
-98
25
214
222
56
-69
-42
93
213
193
23
-167
-180
73
317
218
-182
-436
-157
317
333
-166
-500
-296
161
280
-67
-421
-355
-43
138
30
-209
-329
-214
16
151
19
-254
-297
-6
250
181
-133
-282
-54
254
215
-5
-90
2
70
98
124
142
87
25
25
141
248
111
-68
-9
200
218
11
-106
20
163
81
-99
-98
49
80
-58
-100
-11
24
-108
-186
-57
80
-18
-236
-246
-3
166
46
-248
-297
-23
193
97
-96
-161
-95
80
230
138
-108
-194
36
315
322
12
-230
-27
377
404
36
-208
-10
330
330
45
-119
-5
177
199
50
-45
-37
-10
13
58
39
-65
-138
-60
26
-18
-95
-102
-59
-45
-117
-175
-102
-1
-73
-175
-149
-19
-9
-123
-129
-9
54
-8
-126
-70
110
124
-49
-112
7
166
167
44
-38
22
86
129
151
132
15
-100
-27
247
308
26
-270
-180
194
352
47
-300
-294
46
286
86
-256
-316
-100
61
70
-77
-273
-308
-96
113
65
-251
-392
-159
163
199
-153
-417
-161
199
200
-56
-216
-87
143
168
46
-38
11
66
30
75
135
106
46
73
151
165
42
5
98
189
103
-37
-33
122
163
24
-91
-47
42
31
-9
-39
-37
-82
-158
-87
57
95
-90
-285
-225
3
118
35
-144
-251
-169
63
200
90
-189
-300
-68
319
352
-57
-401
-140
373
468
77
-284
-170
260
482
220
-126
-142
110
330
317
119
-118
-167
96
354
268
-109
-317
-113
256
296
-39
-322
-201
88
140
-58
-141
-105
-99
-118
-110
-46
-21
-126
-219
-111
29
7
-124
-168
-64
18
-23
-63
-32
65
32
-48
-38
61
98
25
11
118
147
0
-77
95
292
209
-93
-219
56
357
234
-97
-232
-46
189
200
0
-188
-211
-25
201
156
-171
-390
-269
115
282
-46
-464
-395
46
232
-57
-399
-328
2
165
12
-237
-221
-15
65
30
17
-30
-101
-54
98
183
92
-87
-84
95
206
149
22
47
147
139
62
70
99
116
78
59
89
59
-16
3
72
105
-32
-137
-37
88
78
-103
-191
-84
42
27
-87
-120
-122
-116
-81
3
69
-56
-261
-208
98
255
30
-287
-271
130
383
162
-230
-264
96
356
224
26
-94
-41
160
310
245
14
-113
57
352
365
12
-215
-76
270
334
36
-245
-124
163
175
-35
-161
-41
71
-22
-158
-107
37
7
-145
-163
-94
-60
-117
-136
-83
-39
-83
-134
-82
-23
-32
-98
-59
17
27
-10
-29
30
72
5
-63
18
181
181
3
-100
23
207
226
66
-79
-58
116
210
129
2
-110
-81
76
175
78
-187
-257
-20
259
110
-271
-368
-103
178
93
-250
-364
-142
83
35
-176
-296
-198
-11
81
25
-175
-256
-78
107
169
15
-183
-173
92
229
104
-55
-77
58
121
109
141
129
53
15
66
197
207
37
-81
55
225
161
-19
-82
36
127
23
-72
-45
37
20
-45
-39
-30
-94
-138
-61
61
25
-180
-302
-107
173
162
-197
-372
-104
230
194
-119
-288
-103
156
253
113
-127
-208
-6
278
347
114
-211
-182
249
502
244
-188
-223
182
474
294
-62
-186
-18
219
245
81
-75
-114
-63
66
140
44
-149
-205
-47
94
46
-142
-195
-88
17
-75
-190
-164
-56
-17
-90
-141
-78
-63
-81
-71
-1
39
-35
-106
-41
92
73
-21
-39
51
141
101
18
9
51
77
101
150
145
26
-114
1
211
233
-10
-207
-58
213
184
-90
-262
-120
140
160
-84
-258
-196
-30
41
-23
-169
-239
-161
-29
28
-92
-265
-248
-39
151
38
-267
-288
10
209
78
-110
-167
-4
104
94
56
43
31
1
29
159
201
53
-69
58
242
236
36
-93
54
222
163
9
-59
48
112
49
-62
-74
34
60
7
-52
-100
-118
-70
19
50
-57
-219
-207
-34
64
4
-113
-179
-123
1
64
36
-57
-139
-84
99
221
109
-141
-196
77
342
285
-46
-218
12
331
338
93
-80
-28
170
272
191
65
-65
-49
131
258
115
-152
-202
4
269
178
-184
-294
-73
145
83
-107
-139
-100
-70
-99
-122
-74
-81
-136
-121
-32
-30
-131
-154
-57
42
8
-119
-110
53
160
22
-125
-69
103
155
50
-8
47
100
67
39
113
161
78
-65
-37
178
265
37
-170
-93
109
175
38
-100
-157
-108
59
126
-31
-228
-271
-71
138
79
-253
-425
-129
168
109
-281
-421
-128
170
125
-167
-306
-150
88
137
-1
-92
-69
-3
65
83
69
19
-11
27
89
153
99
52
109
129
74
60
86
151
111
31
14
102
118
18
-47
31
79
-21
-117
-47
79
80
-75
-197
-129
7
44
-33
-125
-161
-135
-55
62
74
-140
-286
-142
164
231
-67
-324
-156
238
338
69
-268
-179
179
356
171
-46
-101
34
265
300
149
-41
-73
135
353
277
-27
-211
-6
317
258
-87
-222
-38
192
171
-51
-175
-104
-4
12
-56
-57
-26
-100
-165
-96
-49
-108
-143
-102
-25
-28
-136
-189
-69
40
-30
-125
-71
42
48
4
-26
8
24
-24
30
165
162
-13
-118
22
243
272
39
-171
-71
152
316
195
-95
-236
-93
197
300
69
-272
-359
-54
338
300
-200
-547
-313
185
317
-55
-454
-389
-7
191
11
-269
-340
-161
45
97
-26
-189
-215
-49
128
140
-28
-160
-60
104
117
29
5
83
103
29
-3
115
224
162
2
1
142
175
54
-6
92
180
82
-41
-2
121
71
-70
-83
30
81
-29
-114
-88
-21
-52
-106
-42
42
-68
-265
-209
66
226
-29
-393
-287
138
333
42
-341
-303
92
343
240
-111
-270
-73
242
338
156
-98
-197
82
431
354
-36
-216
41
412
390
-17
-257
-75
284
340
36
-192
-104
78
139
77
-50
-118
-145
-37
75
26
-116
-174
-128
-16
-6
-142
-224
-121
-11
-19
-121
-165
-102
-9
0
-72
-68
-24
-29
-5
53
41
-36
-75
37
165
129
-21
-45
51
173
171
98
41
19
-8
20
180
218
11
-181
-112
170
278
22
-287
-223
85
244
27
-292
-291
-50
100
40
-166
-290
-204
-48
39
-40
-218
-272
-126
96
89
-155
-313
-120
152
156
-56
-158
-46
122
96
-36
-18
130
142
-27
-60
115
243
179
12
-19
103
181
127
52
56
91
93
58
50
39
-5
-16
25
49
-9
-96
-54
40
11
-158
-198
-19
138
19
-232
-301
-87
145
92
-141
-272
-140
85
161
39
-166
-225
-65
223
321
54
-269
-216
169
415
255
-115
-227
91
409
315
-15
-146
40
307
294
98
-66
-94
75
228
198
-2
-178
-131
108
230
45
-200
-221
-13
102
-1
-103
-129
-95
-89
-106
-82
-36
-106
-207
-129
34
27
-147
-235
-61
112
70
-121
-178
17
152
60
-52
-30
35
88
95
111
36
-40
-11
178
291
154
-129
-215
84
386
253
-147
-304
-18
297
225
-102
-269
-165
91
209
61
-222
-352
-195
82
201
-59
-406
-359
10
213
-22
-366
-341
-42
162
65
-230
-282
-36
158
95
-42
-126
-84
20
105
132
59
-36
-56
55
200
186
42
22
107
144
102
70
98
110
47
18
82
132
78
-17
-49
26
73
-2
-66
-40
21
-26
-109
-93
-19
6
-44
-133
-181
-114
5
30
-17
-105
-206
-142
92
196
14
-256
-215
103
365
171
-206
-300
66
381
275
-21
-163
-9
285
361
113
-109
-82
169
390
304
-40
-221
-39
260
342
55
-249
-137
160
203
0
-176
-103
35
2
-110
-102
17
5
-157
-203
-126
4
-21
-133
-190
-83
-20
-56
-119
-74
-27
-32
-50
-31
29
13
-18
-24
32
51
16
23
123
136
-14
-83
48
258
262
26
-156
-82
172
298
122
-114
-204
-7
208
193
-33
-258
-232
48
272
74
-300
-377
-88
220
128
-258
-438
-154
155
84
-236
-391
-186
80
132
-27
-226
-244
-47
122
123
-13
-157
-103
55
168
111
-17
-48
71
102
70
91
150
154
40
-20
121
233
171
-3
-55
62
169
128
5
-33
15
13
-9
-9
40
13
-74
-111
-37
-2
-62
-89
-34
-10
-143
-242
-113
122
171
-143
-402
-202
221
322
-39
-371
-242
153
389
190
-192
-288
22
322
344
83
-211
-153
240
485
262
-160
-230
178
490
276
-137
-217
60
320
237
-92
-175
9
144
66
-87
-86
1
21
-55
-129
-94
-16
-1
-66
-153
-201
-143
5
21
-87
-240
-199
-41
82
7
-165
-188
4
93
40
-28
-51
-5
31
26
51
121
104
3
-44
34
143
178
134
28
-45
-28
135
231
117
-102
-162
29
251
154
-134
-280
-98
163
188
-112
-334
-196
22
107
-7
-248
-328
-144
57
62
-134
-320
-253
6
224
47
-317
-355
-3
282
175
-154
-287
-34
218
176
19
-52
13
60
69
110
141
100
28
62
140
191
70
-35
54
182
158
31
-21
19
77
57
-8
-43
-17
-12
-32
-19
4
-63
-155
-115
45
66
-103
-278
-189
43
136
1
-233
-280
-63
185
179
-99
-267
-137
157
309
147
-190
-260
74
385
295
-63
-232
-6
367
383
38
-171
28
313
332
70
-93
-58
81
202
173
19
-98
-67
22
133
78
-97
-178
-80
65
32
-98
-136
-93
-43
-71
-147
-119
-29
-64
-154
-126
-43
-45
-102
-100
-33
10
-35
-80
-19
72
60
-21
-40
25
71
63
98
110
11
-40
41
229
270
37
-201
-120
233
374
117
-239
-247
78
337
179
-166
-315
-125
154
194
-41
-286
-284
-57
143
74
-227
-400
-207
99
118
-167
-374
-229
75
183
-29
-281
-217
22
103
57
-33
-95
-65
53
133
117
40
-41
-40
63
206
180
43
23
66
127
149
122
58
37
45
63
136
127
2
-69
-5
49
29
-19
-36
-21
4
-42
-85
-115
-69
-12
-26
-72
-147
-151
-90
46
52
-122
-230
-113
130
167
-71
-278
-130
217
366
74
-308
-254
209
442
214
-131
-208
79
356
341
79
-95
-30
183
319
216
-7
-147
4
263
255
-35
-179
-88
96
181
42
-142
-173
-63
37
21
-19
-28
-157
-245
-140
13
53
-112
-256
-184
36
68
-127
-199
-81
8
1
-29
-18
-1
-1
10
6
30
-19
-11
145
193
46
-121
-32
198
304
146
-116
-176
88
320
193
-70
-183
-44
176
190
22
-197
-254
-25
249
171
-208
-410
-225
142
258
-66
-477
-421
20
265
30
-364
-418
-107
196
144
-139
-317
-226
46
202
104
-103
-203
-79
154
204
44
-67
0
90
118
102
100
103
96
35
90
161
148
46
-13
72
149
152
48
-50
-24
40
34
-17
-16
6
-24
-65
-61
-23
-60
-112
-69
8
-26
-165
-206
-45
129
41
-227
-240
20
180
33
-179
-149
43
162
123
-37
-92
-15
131
200
138
28
-28
61
248
261
87
-51
13
229
288
126
-77
-77
144
256
96
-95
-85
-4
95
76
-35
-71
-82
-84
-9
18
-55
-115
-135
-72
-36
-97
-161
-132
-61
-42
-91
-163
-110
-7
27
-66
-108
-52
9
39
33
-8
-24
10
32
72
89
74
1
5
67
161
172
84
-34
-70
35
238
247
-19
-238
-123
186
329
44
-339
-351
89
395
125
-388
-462
-60
282
136
-275
-432
-191
105
112
-137
-338
-281
-1
151
50
-189
-338
-118
203
205
-75
-245
-96
144
186
56
-39
-6
75
59
63
122
152
105
28
36
149
189
85
-7
36
144
151
54
-14
2
43
16
-17
6
-3
-45
-42
10
2
-123
-178
-63
83
45
-181
-301
-142
144
187
-107
-362
-223
90
250
71
-192
-228
-16
208
247
6
-212
-127
175
366
190
-134
-166
148
416
252
-51
-108
120
305
213
21
-43
42
119
139
82
3
-67
-46
55
88
-2
-94
-95
-48
-20
-68
-21
0
-95
-192
-187
-62
58
-44
-246
-226
-26
94
-13
-186
-207
-34
91
58
-66
-77
13
62
55
-3
-26
21
105
147
111
-17
-76
79
255
240
-29
-203
-24
305
314
-34
-283
-111
225
273
-7
-305
-234
58
281
73
-282
-358
-133
137
180
-113
-436
-330
37
197
-50
-370
-328
12
197
14
-301
-288
52
227
48
-175
-170
1
149
134
26
-33
1
68
77
120
114
50
56
133
164
94
29
32
128
174
93
4
24
71
50
3
-21
5
11
-7
-23
-20
-28
-78
-137
-80
36
23
-95
-203
-157
-32
40
10
-111
-185
-129
12
148
45
-144
-172
14
220
190
-76
-200
13
263
278
68
-120
-78
189
368
213
-13
-92
56
259
311
139
-95
-156
99
310
179
-94
-218
-43
184
157
-74
-197
-106
23
11
-57
-33
-44
-147
-181
-113
15
-6
-169
-243
-119
49
36
-120
-186
-107
9
58
2
-67
-43
-3
43
77
30
-45
19
145
179
14
-140
-12
274
354
72
-256
-198
223
446
179
-226
-325
5
358
271
-116
-360
-222
134
304
34
-371
-377
-57
251
124
-297
-480
-169
200
146
-226
-432
-235
91
163
-14
-256
-248
-43
139
145
-17
-180
-148
71
230
131
-39
-89
43
146
141
53
45
111
130
89
97
116
83
56
52
111
125
57
-9
-19
62
71
4
-79
-50
10
31
-15
-81
-103
-113
-66
30
39
-136
-290
-169
111
209
-55
-386
-282
141
344
41
-330
-300
100
412
251
-193
-352
-16
388
424
90
-258
-218
243
540
295
-187
-277
110
519
401
-59
-304
-74
296
370
38
-260
-135
95
180
62
-91
-144
-97
-17
17
-1
-40
-148
-184
-123
-19
-24
-120
-181
-130
-32
-54
-106
-112
-65
-43
8
7
-44
-84
-18
84
94
14
-89
-38
148
201
74
-86
-54
149
271
160
-52
-136
30
244
257
27
-176
-165
92
286
134
-175
-331
-102
232
249
-133
-414
-245
86
186
-55
-334
-310
-59
91
-8
-205
-285
-152
15
73
-18
-211
-214
-10
142
83
-88
-180
-18
164
151
-3
-81
60
140
50
31
134
174
96
-16
34
210
209
31
-38
47
171
153
41
-35
-9
19
27
25
21
-15
-54
-47
5
-51
-150
-121
58
104
-110
-331
-232
81
215
-6
-327
-316
49
277
100
-208
-285
-50
229
302
69
-239
-252
96
407
311
-49
-234
-40
345
416
96
-172
-54
278
402
109
-170
-104
152
306
179
-95
-189
-57
128
193
68
-166
-251
-91
118
89
-62
-161
-167
-103
-50
-55
-66
-92
-177
-174
-42
60
-32
-219
-208
-19
127
78
-119
-157
3
133
91
-22
-79
4
128
190
86
-55
-80
81
252
270
63
-168
-109
160
294
138
-121
-181
38
212
102
-121
-200
-77
108
84
-101
-196
-176
-74
35
41
-149
-346
-214
19
88
-119
-308
-233
-1
140
-18
-252
-195
58
130
11
-108
-101
23
107
55
41
43
70
28
1
117
179
115
51
77
120
92
64
76
137
114
8
-7
71
125
74
-48
-91
-12
53
37
-23
-66
-88
-78
-60
-14
-10
-48
-155
-184
-75
24
35
-51
-189
-203
-46
136
152
-70
-243
-157
160
326
135
-228
-259
90
385
288
-35
-187
7
305
334
115
-64
-12
194
298
147
-6
-46
18
163
173
26
-82
-49
54
72
-8
-56
-62
-58
-89
-74
30
46
-119
-237
-174
-22
46
-76
-220
-189
-17
16
-80
-140
-63
-14
-47
-43
24
40
-5
-64
-44
79
127
61
10
48
58
32
33
117
207
126
-56
-111
93
289
150
-104
-165
5
209
173
-56
-236
-188
30
204
102
-197
-351
-179
112
184
-91
-433
-362
42
245
-19
-396
-430
-56
237
122
-204
-358
-151
138
204
29
-168
-192
5
193
182
6
-89
-7
132
152
80
13
55
178
135
60
70
124
89
60
63
107
103
33
7
22
38
-11
-66
7
27
8
-71
-97
-34
-3
-51
-104
-91
-51
-85
-165
-99
83
73
-176
-267
-78
176
168
-82
-248
-103
166
284
71
-224
-163
176
361
214
-93
-202
48
379
376
90
-175
-101
253
453
221
-157
-256
52
408
277
-117
-272
-112
159
258
48
-176
-244
-107
92
111
-43
-186
-231
-110
32
-1
-129
-186
-156
-38
-4
-66
-142
-119
-68
-24
25
6
-42
-36
10
62
70
-20
-87
-1
163
208
64
-117
-69
177
324
167
-111
-183
43
286
237
-17
-197
-113
137
255
81
-233
-311
-22
286
178
-225
-414
-214
119
202
-67
-381
-346
-29
177
16
-268
-356
-141
108
139
-79
-292
-210
78
171
58
-104
-142
-2
125
124
37
22
54
18
23
107
187
157
42
-12
102
206
144
19
-1
75
156
119
25
-28
-27
2
42
54
48
-40
-135
-80
20
15
-74
-113
-41
-15
-114
-197
-111
82
103
-150
-322
-149
135
192
-30
-211
-154
55
223
158
-76
-199
-15
263
335
94
-183
-128
230
440
216
-148
-170
165
413
265
-53
-166
9
268
283
4
-193
-111
68
166
98
-85
-180
-133
11
66
-22
-111
-107
-98
-76
-102
-100
-79
-102
-139
-114
-32
-29
-81
-131
-103
-14
43
13
-56
-38
15
28
3
-3
33
92
121
95
3
-44
49
196
219
75
-115
-134
109
360
254
-139
-333
-67
318
320
-53
-344
-261
109
311
63
-323
-375
-87
165
131
-147
-397
-295
31
169
-42
-350
-368
-21
232
95
-256
-360
-73
212
155
-94
-192
-60
140
153
47
-21
14
46
0
78
196
179
54
-24
69
185
162
62
28
79
81
53
60
58
62
18
-15
-59
-16
28
25
-12
-50
-106
-116
-42
23
15
-103
-220
-197
-10
105
40
-175
-261
-110
95
185
5
-217
-194
34
257
226
-72
-264
-43
314
335
46
-179
-53
276
379
118
-141
-85
228
405
217
-73
-162
19
283
276
6
-209
-137
113
233
77
-171
-213
-60
108
35
-125
-118
-56
-71
-105
-110
-56
-67
-170
-166
-54
-3
-41
-134
-147
-40
42
15
-50
-62
-10
46
30
3
2
29
63
105
118
32
-45
6
186
272
105
-147
-138
157
353
151
-193
-237
47
282
210
-81
-323
-244
89
289
68
-308
-378
-113
214
161
-233
-485
-239
140
171
-136
-385
-274
37
149
11
-225
-259
-61
130
115
1
-111
-102
36
128
126
35
-19
-12
50
128
147
93
56
43
101
185
161
44
-30
15
136
199
124
-42
-130
-18
134
103
-37
-116
-64
34
40
-45
-138
-143
-35
59
-23
-190
-236
-64
131
74
-160
-293
-140
152
211
-41
-293
-180
167
324
133
-207
-226
88
348
243
11
-148
-28
257
354
161
-46
-83
131
315
234
35
-128
-41
213
269
56
-147
-143
27
170
107
-53
-154
-152
-54
35
70
-6
-182
-240
-104
11
-15
-138
-209
-105
-9
-41
-110
-110
-64
-41
-55
-40
-2
29
4
-16
1
31
2
21
114
146
55
-63
-42
130
278
194
-23
-172
-45
227
317
102
-189
-216
42
271
170
-117
-314
-170
158
276
-28
-359
-321
-5
210
37
-311
-371
-108
90
21
-193
-295
-180
11
83
2
-191
-225
-39
85
111
27
-138
-113
42
186
135
3
-60
-36
61
188
228
123
-31
-78
119
317
220
-38
-123
50
265
212
-22
-135
-15
120
98
-31
-92
-63
6
58
7
-113
-168
-103
30
87
-77
-280
-234
41
206
9
-296
-296
-8
228
130
-165
-240
-46
148
213
98
-105
-171
40
261
284
51
-154
-44
299
387
122
-156
-105
256
409
160
-139
-121
118
273
153
-70
-116
17
83
28
-24
-43
-51
-57
-62
-67
-18
-4
-97
-163
-143
-72
-31
-74
-150
-160
-55
-14
-41
-118
-159
-76
61
64
-51
-106
-6
78
71
-8
-46
17
134
152
46
-39
9
124
237
175
-40
-173
9
276
281
8
-234
-171
173
308
66
-243
-310
-46
247
207
-153
-379
-251
34
190
39
-304
-421
-158
143
115
-177
-394
-251
62
231
16
-333
-308
38
242
138
-127
-210
-44
161
164
49
-52
-20
75
131
152
119
34
22
91
173
182
73
-18
-1
102
177
145
7
-74
-50
31
95
60
-25
-104
-70
31
38
-93
-212
-97
111
94
-149
-339
-187
110
180
-39
-319
-280
42
250
142
-148
-286
-111
221
325
71
-276
-231
190
447
255
-142
-259
54
415
391
46
-181
-56
279
388
156
-108
-142
45
270
252
-13
-199
-112
106
195
42
-182
-184
-23
72
-7
-86
-97
-124
-96
-75
-79
-58
-113
-156
-106
-38
-30
-49
-102
-118
-85
-27
29
38
20
-28
-77
5
108
80
-10
-24
108
172
52
-63
9
205
244
15
-171
5
277
257
-35
-214
-98
187
212
-3
-195
-178
-14
142
87
-146
-268
-200
6
115
-47
-287
-300
-53
111
-31
-286
-320
-73
123
86
-164
-294
-131
104
145
41
-106
-170
-47
150
228
81
-93
-98
63
175
186
73
-8
55
133
172
113
27
34
135
113
62
23
19
50
85
10
-48
-45
-7
3
-14
-20
-50
-69
-96
-79
-26
-9
-91
-185
-141
-3
101
26
-229
-277
-30
229
175
-144
-319
-108
274
362
26
-321
-215
248
449
225
-142
-225
78
409
359
23
-184
-32
290
374
109
-129
-109
139
307
133
-162
-155
51
169
73
-91
-125
-63
-16
-32
-35
-3
-55
-165
-165
-67
-23
-40
-160
-206
-81
23
-7
-134
-154
-71
-17
4
4
-12
-53
-23
37
79
36
-26
-11
98
152
63
-59
-15
164
252
142
-76
-144
81
285
215
-41
-232
-120
176
289
86
-240
-327
-74
276
225
-195
-457
-249
152
265
-64
-439
-366
-32
154
21
-267
-326
-97
133
61
-150
-267
-128
103
155
9
-155
-142
75
207
124
-45
-82
20
105
138
137
113
68
38
53
132
182
85
27
30
96
145
100
21
-6
-15
-10
21
46
3
-60
-73
-27
3
-29
-125
-121
6
57
-104
-254
-199
37
171
-19
-271
-243
30
229
77
-180
-233
-5
221
218
-3
-190
-84
184
318
181
-86
-167
89
401
314
-40
-180
54
383
331
13
-171
-53
222
282
23
-161
-63
67
118
24
-79
-89
-65
-38
-9
-62
-78
-31
-60
-116
-179
-135
-26
-6
-93
-204
-154
3
17
-79
-155
-105
5
67
41
-28
-45
4
35
25
7
51
125
122
7
-51
9
190
292
128
-131
-182
90
352
261
-102
-305
-68
248
264
-19
-282
-244
80
258
42
-311
-350
-60
177
112
-201
-412
-252
44
165
-57
-361
-326
-21
182
83
-230
-328
-83
240
187
-100
-229
-96
163
200
54
-40
-19
61
61
88
138
97
58
49
106
183
121
27
39
103
102
54
36
55
75
49
-57
-62
22
42
-27
-45
-38
-67
-95
-81
-3
10
-69
-210
-188
-28
84
22
-184
-234
-69
106
128
-35
-173
-146
32
219
211
-60
-241
-50
282
353
116
-181
-154
178
412
264
-38
-125
82
318
284
36
-114
-58
185
262
104
-106
-190
-54
166
194
-12
-191
-214
-41
103
70
-45
-156
-235
-122
15
32
-82
-248
-241
-31
114
16
-200
-241
-62
105
57
-73
-94
19
90
15
-53
-17
81
134
118
46
-52
-40
85
249
263
42
-187
-100
198
337
124
-163
-226
31
258
172
-90
-262
-164
61
194
65
-218
-335
-185
91
163
-109
-402
-293
22
153
-72
-348
-281
-13
109
14
-176
-192
-23
53
4
-32
-7
3
1
15
43
124
104
-13
-60
63
197
223
90
-39
-10
163
220
125
14
5
47
104
117
62
-8
-35
-8
14
-12
-23
-4
31
-17
-125
-151
-60
67
24
-120
-241
-187
-2
146
70
-204
-322
-85
177
225
-81
-307
-152
172
318
123
-196
-244
69
379
315
-4
-210
-65
282
414
185
-108
-131
144
391
298
-25
-219
-50
258
327
37
-206
-166
70
235
101
-128
-206
-84
64
36
-63
-110
-137
-124
-57
-29
-86
-158
-152
-69
2
-60
-162
-164
-46
55
14
-73
-105
-15
69
53
-15
-22
-7
45
115
124
41
-53
-52
133
287
216
-47
-212
-34
290
340
45
-270
-211
134
323
142
-200
-327
-127
188
240
-48
-365
-320
-26
186
90
-231
-385
-249
47
127
-92
-295
-240
-57
70
39
-140
-208
-89
61
120
47
-96
-117
-3
137
162
67
-26
-50
24
162
214
141
12
-64
73
267
225
19
-67
21
163
204
75
-78
-68
49
86
23
-52
-54
-12
7
-14
-90
-128
-75
39
64
-108
-279
-234
26
221
60
-275
-349
-57
251
218
-133
-307
-114
193
300
79
-219
-203
138
366
243
-37
-163
-7
288
359
107
-119
-32
249
338
126
-111
-119
108
300
157
-71
-137
-27
92
116
0
-90
-118
-66
13
-7
-34
-83
-130
-122
-84
-78
-92
-95
-108
-98
-67
-82
-91
-72
-60
-69
-32
18
-5
-32
-45
1
60
79
0
-27
65
161
98
-27
-45
83
215
223
48
-133
-116
161
340
148
-195
-276
43
337
227
-160
-369
-169
206
280
-72
-419
-328
39
247
68
-325
-446
-148
162
118
-192
-377
-235
20
189
34
-276
-272
-11
179
147
-21
-153
-103
56
131
122
68
17
-49
-23
145
264
179
-1
-77
68
240
211
42
-37
33
132
122
72
-2
-21
-35
23
85
15
-90
-71
20
12
-83
-182
-97
75
63
-158
-325
-177
131
211
-40
-323
-271
16
252
133
-179
-244
-59
189
260
45
-204
-162
164
371
199
-100
-178
79
376
313
16
-124
60
283
274
29
-77
-3
150
188
75
-45
-59
10
58
25
-28
-46
-44
-41
-59
-69
-5
-5
-98
-186
-179
-87
40
-9
-185
-232
-80
56
25
-122
-205
-116
57
103
-11
-95
-40
33
60
45
-15
4
94
167
98
-71
-84
119
327
248
-81
-260
-14
355
329
-41
-301
-136
245
327
27
-309
-306
20
260
127
-214
-350
-179
81
137
-64
-312
-342
-73
146
20
-297
-359
-104
150
135
-149
-325
-157
103
154
41
-77
-124
-34
70
128
127
12
-36
-11
94
196
175
27
-11
54
150
206
141
23
-36
18
137
189
117
-41
-119
-57
76
125
9
-118
-105
16
54
-52
-172
-127
33
52
-112
-243
-192
23
162
18
-222
-279
-59
214
178
-105
-272
-133
178
318
84
-184
-157
141
315
179
-38
-102
84
303
263
59
-49
19
208
284
131
-51
-78
77
238
155
-54
-129
-42
79
106
4
-82
-88
-77
-68
-11
62
-26
-190
-244
-119
54
52
-154
-285
-155
54
54
-107
-189
-110
-38
39
19
-27
-27
15
15
21
0
11
60
136
127
-1
-78
-1
198
301
125
-164
-166
132
349
205
-120
-281
-46
262
267
-28
-292
-252
40
256
93
-263
-374
-133
169
165
-176
-460
-271
108
153
-145
-384
-256
55
154
-20
-233
-235
4
146
64
-51
-133
-78
71
151
85
-14
-46
46
118
105
97
93
111
70
48
117
184
129
27
0
69
152
126
1
-65
15
50
42
24
-31
-87
-45
-1
2
-60
-132
-100
4
25
-109
-243
-162
62
161
-25
-295
-243
42
231
95
-204
-273
-21
294
284
-35
-275
-133
225
388
170
-112
-166
109
408
317
-3
-165
-1
319
340
65
-135
-79
164
289
102
-133
-128
14
116
66
-47
-103
-78
-50
-34
-21
-9
-78
-156
-169
-82
4
-36
-168
-208
-100
-1
-7
-73
-156
-143
-20
60
36
-20
-62
-50
39
94
38
-39
5
142
154
9
-67
15
197
266
103
-129
-126
111
289
197
-51
-228
-82
170
248
30
-238
-259
12
279
107
-278
-376
-115
156
102
-178
-380
-240
44
134
-101
-372
-289
16
156
37
-208
-291
-68
165
149
-23
-148
-88
48
124
109
40
13
11
5
105
185
162
70
-14
38
179
175
64
9
58
122
111
78
-1
-37
3
25
30
12
-17
-50
-25
-9
-52
-109
-127
-25
65
-23
-206
-255
-53
118
102
-139
-291
-152
133
202
-36
-242
-173
67
259
203
-51
-240
-86
252
373
161
-155
-165
150
413
269
-47
-139
89
325
283
41
-94
-44
118
217
113
-60
-125
-34
101
118
-9
-110
-149
-71
16
20
-25
-92
-169
-166
-69
10
-12
-178
-232
-101
22
-6
-91
-155
-97
7
47
1
-54
-37
9
41
42
31
9
42
108
140
38
-79
-12
200
305
148
-159
-202
101
348
218
-96
-267
-38
259
249
-98
-346
-193
143
262
7
-330
-351
-89
198
146
-225
-464
-266
124
202
-98
-430
-367
40
268
73
-295
-359
-22
209
186
-45
-228
-134
95
207
171
-1
-109
-63
88
228
202
42
-15
26
152
201
128
11
13
94
117
71
40
17
28
18
-3
5
15
-10
-43
-43
-34
-74
-75
-67
-8
-19
-119
-161
-134
-34
47
24
-114
-195
-129
40
121
52
-109
-157
-37
178
236
17
-183
-46
220
260
91
-88
-41
211
307
152
-38
-26
163
305
201
-17
-129
7
232
250
13
-159
-109
65
155
84
-87
-184
-103
16
10
-18
-27
-116
-195
-151
-26
21
-95
-234
-170
-5
43
-74
-183
-121
-9
17
-24
-22
-30
2
25
12
21
16
4
76
162
118
-44
-101
73
292
264
-19
-235
-66
252
354
99
-210
-247
36
304
225
-110
-342
-241
110
322
64
-369
-428
-73
241
154
-256
-472
-234
144
172
-130
-398
-301
7
189
88
-183
-307
-127
123
204
67
-193
-203
36
250
187
7
-100
-65
63
213
222
100
-15
-21
103
218
193
75
-11
-9
85
166
122
9
-61
-31
29
46
24
-38
-47
-27
-10
-59
-98
-93
-21
19
-77
-222
-193
6
169
31
-244
-295
-59
215
192
-100
-274
-122
148
270
128
-116
-171
43
273
258
39
-123
-25
234
335
165
-62
-91
147
376
252
-42
-187
-15
263
243
-1
-176
-125
53
178
84
-94
-211
-146
38
96
36
-125
-233
-188
-31
29
-45
-156
-206
-142
-23
27
-43
-132
-167
-76
23
64
33
-58
-93
-62
85
129
56
-20
-1
101
118
39
-9
79
191
155
14
-100
16
207
210
31
-149
-103
116
195
68
-163
-247
-58
186
162
-158
-346
-210
64
149
-50
-313
-311
-56
98
-1
-253
-327
-141
103
140
-66
-295
-212
59
179
74
-98
-163
-41
116
169
103
-12
-62
-34
81
228
230
74
-71
-45
172
310
170
-68
-91
72
228
192
10
-93
-21
51
40
12
-7
-62
-42
8
-14
-91
-134
-81
24
24
-131
-250
-166
65
169
-47
-274
-234
10
179
84
-106
-172
-68
130
225
78
-127
-141
72
278
245
44
-141
-22
276
319
106
-66
4
201
279
124
-32
-35
78
161
110
13
-29
-49
-6
53
59
12
-104
-178
-85
37
79
-12
-213
-255
-111
51
38
-122
-272
-209
-5
125
-2
-217
-223
-36
128
77
-78
-118
-5
100
101
-14
-70
-6
122
205
110
-82
-83
109
278
243
-12
-209
-83
258
335
72
-228
-212
92
274
164
-172
-317
-118
175
214
-67
-325
-315
-44
187
67
-268
-403
-169
107
114
-185
-352
-199
43
124
-45
-228
-157
35
74
29
-38
-67
-21
61
103
102
54
-29
-28
78
180
150
65
26
64
149
144
84
58
70
66
73
94
71
16
-32
-35
23
62
21
-88
-70
16
-15
-89
-122
-70
-1
0
-130
-203
-123
72
93
-105
-244
-156
48
170
47
-156
-200
-29
218
262
28
-216
-170
182
363
203
-97
-176
82
390
331
27
-153
-3
275
348
129
-108
-119
92
275
203
-88
-198
-63
131
170
22
-149
-166
-50
13
15
-2
-65
-175
-200
-114
-1
17
-118
-232
-169
-11
58
-47
-151
-164
-83
42
90
26
-61
-112
-35
127
143
-5
-90
19
178
166
-4
-83
84
253
216
-48
-178
29
269
219
-29
-177
-64
137
186
8
-177
-206
-16
167
79
-189
-317
-160
91
123
-127
-366
-251
24
124
-104
-348
-255
-12
82
22
-157
-179
-48
36
15
6
-6
-34
-25
13
79
130
93
-11
-62
41
197
228
118
-42
-66
136
295
205
-12
-116
-8
217
248
53
-122
-98
33
107
56
-61
-90
13
16
-69
-141
-105
-26
58
4
-178
-266
-136
123
162
-110
-309
-240
99
283
47
-270
-228
68
282
192
-87
-204
-1
272
281
46
-136
-28
226
327
158
-29
-45
127
311
232
13
-92
-4
155
186
66
-53
-39
19
3
0
5
9
-37
-126
-131
-38
87
18
-195
-260
-148
31
40
-130
-217
-161
-39
11
-69
-144
-122
-10
79
29
-76
-90
-16
95
100
-23
-104
27
208
192
-1
-129
-1
252
294
66
-177
-113
200
319
116
-157
-199
45
240
137
-116
-251
-134
132
216
-20
-303
-274
-40
129
37
-233
-318
-127
27
2
-169
-282
-198
27
97
-35
-208
-185
-29
101
71
-39
-74
-37
48
85
75
58
52
25
-27
29
210
222
89
-68
-17
200
295
115
-97
-53
130
245
117
-69
-99
21
74
58
-4
-77
-72
18
51
-67
-197
-146
43
139
-19
-301
-335
-44
268
160
-245
-390
-166
193
281
-11
-285
-229
65
303
270
-37
-283
-160
220
394
219
-114
-180
105
368
279
16
-87
47
262
269
70
-85
-60
132
229
112
-63
-132
-37
77
96
14
-80
-135
-94
-8
25
5
-100
-184
-165
-99
-20
-30
-111
-180
-148
-50
29
-20
-124
-154
-84
34
91
24
-43
-70
-22
71
74
18
44
117
108
16
-32
23
183
256
112
-151
-131
164
310
160
-130
-225
15
236
155
-128
-246
-96
126
168
-75
-291
-243
-35
100
21
-218
-327
-177
42
57
-124
-314
-225
11
115
5
-198
-236
-19
105
81
-43
-75
-37
25
78
84
94
41
-27
-11
113
192
125
32
12
92
188
153
45
4
78
127
104
54
28
-18
-31
15
66
19
-51
-86
-17
29
-46
-136
-144
-15
68
-35
-236
-218
-19
149
58
-205
-299
-79
175
185
-83
-265
-124
150
275
103
-170
-179
117
348
203
-34
-140
38
313
309
55
-92
29
250
289
91
-82
-39
117
229
125
-75
-110
14
94
80
-28
-107
-64
-7
-9
-59
-92
-36
-35
-128
-152
-108
-22
-31
-147
-188
-117
-19
-9
-71
-141
-97
-22
15
32
12
-62
-58
39
117
63
-3
0
75
127
80
-31
7
188
280
66
-210
-106
231
375
120
-257
-310
68
392
243
-184
-433
-206
237
350
-27
-448
-400
3
289
118
-349
-496
-177
223
175
-254
-483
-242
160
262
-39
-362
-284
69
212
90
-101
-177
-55
108
164
98
6
-10
-3
36
135
168
140
75
-8
40
171
226
118
-29
-70
63
219
195
-3
-151
-106
59
158
79
-111
-168
-30
87
7
-156
-185
-26
105
-12
-219
-259
-77
171
132
-187
-350
-156
166
266
15
-249
-216
51
303
216
-96
-233
-32
284
326
113
-120
-93
172
356
218
-31
-98
121
323
243
1
-130
-21
218
231
20
-127
-129
-2
140
120
-35
-167
-186
-58
72
82
-13
-197
-262
-129
20
61
-83
-271
-231
-19
80
16
-140
-209
-132
38
124
60
-98
-154
-16
178
138
-47
-146
30
256
197
-41
-146
36
266
263
14
-176
-57
209
311
107
-187
-203
57
256
155
-116
-275
-147
112
177
-73
-283
-224
3
82
-54
-253
-254
-80
65
-41
-251
-296
-91
93
83
-121
-257
-152
86
170
17
-136
-109
15
129
93
4
13
98
58
11
75
165
152
68
17
67
177
171
59
-4
25
128
164
78
-38
-67
-5
55
85
10
-124
-123
17
87
-7
-195
-201
5
137
-36
-278
-274
-4
213
51
-292
-301
-15
264
162
-162
-295
-63
248
260
-13
-237
-105
231
350
155
-139
-197
122
449
347
-26
-217
-21
352
428
90
-224
-146
174
338
155
-126
-185
-43
141
174
23
-165
-198
-73
72
56
-51
-117
-168
-115
-39
-34
-76
-154
-191
-95
12
3
-100
-190
-145
16
107
29
-83
-113
-27
102
131
-16
-116
-1
193
238
56
-158
-88
162
360
234
-127
-254
19
349
317
-4
-304
-193
161
336
145
-241
-362
-95
261
230
-165
-400
-247
83
204
-54
-366
-357
-63
150
32
-259
-354
-125
122
121
-136
-280
-111
102
122
-1
-120
-93
49
95
58
41
68
28
-43
45
192
209
85
-40
-5
160
229
152
22
-28
22
125
156
82
-13
-56
-30
10
65
8
-53
-58
-15
-39
-99
-120
-32
65
-5
-193
-261
-132
97
141
-97
-277
-179
54
186
52
-161
-169
-5
178
190
5
-134
-49
152
230
159
-4
-77
118
302
223
28
-44
72
262
260
70
-91
-21
163
195
58
-66
-32
11
32
23
-15
-39
-64
-40
-61
-79
-29
-29
-83
-139
-137
-94
-64
-69
-110
-97
-72
-80
-89
-80
-29
-32
-49
-47
-5
38
44
0
-16
-23
18
83
145
98
4
-57
31
206
254
104
-162
-151
152
332
196
-121
-272
-43
248
260
-25
-278
-242
8
229
129
-181
-337
-229
37
196
3
-363
-413
-97
139
77
-232
-361
-151
113
122
-103
-275
-156
64
163
92
-96
-183
-24
164
175
51
-62
-42
45
164
192
88
15
1
113
234
160
5
-44
59
151
193
77
-63
-71
25
102
63
-15
-92
-80
18
46
-61
-170
-147
-1
100
9
-197
-301
-149
152
191
-98
-328
-244
67
269
107
-202
-294
-28
307
315
-19
-267
-171
184
407
255
-100
-222
66
405
381
26
-195
-22
305
365
124
-135
-154
107
308
198
-90
-190
-69
102
154
23
-125
-161
-107
8
43
23
-118
-211
-178
-58
39
-43
-190
-198
-95
-13
-22
-73
-107
-112
-95
-4
97
55
-61
-120
-34
138
118
-5
-51
50
190
111
-41
-59
139
240
137
-87
-122
115
277
165
-87
-187
-16
186
160
-33
-224
-198
36
218
61
-266
-311
-106
106
81
-179
-362
-180
63
73
-147
-305
-216
5
91
10
-207
-240
-8
129
78
-23
-103
-58
62
93
63
33
32
50
14
55
178
195
78
-31
20
180
233
97
-34
-29
107
194
137
-36
-93
-16
83
101
23
-101
-117
-8
81
21
-159
-231
-54
139
59
-235
-342
-98
197
165
-146
-335
-218
98
288
88
-235
-286
-21
313
307
-45
-289
-109
283
410
147
-202
-189
183
440
275
-98
-163
103
371
279
0
-122
-34
162
249
87
-106
-94
-8
74
54
-36
-65
-90
-77
-54
10
25
-98
-203
-182
-60
64
-23
-209
-236
-97
42
66
-87
-210
-177
19
139
58
-94
-118
-11
117
98
6
-47
0
147
155
21
-44
49
189
195
57
-77
-61
135
217
112
-80
-131
31
176
102
-100
-199
-86
89
92
-75
-224
-186
-54
55
-8
-200
-282
-154
39
34
-145
-304
-208
36
100
-58
-222
-162
50
91
-30
-83
-43
70
87
13
-29
57
156
74
-70
-22
203
277
124
-114
-86
209
329
139
-120
-105
131
282
189
-81
-201
-40
149
157
-18
-179
-153
63
146
-16
-259
-249
47
220
5
-319
-383
-30
276
134
-242
-377
-137
211
247
-19
-272
-214
93
327
206
-134
-260
-14
334
343
64
-176
-72
264
401
184
-98
-117
135
348
273
-12
-145
-39
186
268
100
-112
-164
-59
125
167
7
-184
-180
-30
79
50
-69
-199
-185
-65
-3
-32
-113
-189
-170
-42
31
-24
-141
-167
-85
32
78
-13
-77
-75
24
98
53
-39
-31
100
195
114
-64
-113
95
294
248
-38
-225
-52
289
336
32
-255
-176
167
314
64
-257
-307
-19
233
172
-148
-367
-254
40
187
7
-325
-396
-117
157
69
-252
-380
-166
134
124
-114
-268
-138
73
83
-6
-41
-33
-12
11
50
110
105
38
-52
-21
158
257
160
-18
-97
80
282
255
52
-111
-62
164
262
132
-85
-178
-32
153
184
-11
-216
-128
75
113
-52
-227
-189
46
165
-12
-288
-344
-40
264
120
-252
-367
-101
258
241
-82
-309
-191
176
375
132
-235
-237
106
382
269
-48
-172
22
318
323
80
-79
-5
206
302
131
-67
-57
92
222
149
-56
-119
-2
86
79
-15
-89
-92
-80
-14
-27
-23
3
-103
-207
-159
-25
38
-68
-224
-246
-78
104
47
-143
-248
-139
62
160
38
-114
-122
12
134
88
-46
-58
86
181
103
-64
-63
124
283
184
-74
-181
23
281
249
-2
-200
-102
107
205
82
-133
-240
-93
133
147
-98
-291
-245
10
178
-24
-369
-367
-24
195
33
-291
-389
-136
138
149
-121
-294
-160
66
115
49
-31
-91
-57
45
125
144
53
-60
-62
58
224
227
95
-54
-55
165
304
188
-58
-101
38
226
227
34
-122
-97
38
124
79
-79
-135
-43
79
39
-112
-229
-108
97
124
-141
-337
-216
103
249
-8
-358
-320
38
294
150
-181
-287
-80
231
298
46
-240
-206
172
403
247
-74
-225
14
379
372
54
-147
-26
270
346
127
-94
-114
78
247
160
-17
-111
-78
30
85
76
-23
-138
-169
-58
71
93
-38
-256
-250
-81
75
47
-158
-296
-199
24
121
-7
-205
-266
-84
127
141
-10
-134
-137
45
199
134
-91
-129
73
269
174
-90
-134
83
308
265
-45
-222
-8
268
295
22
-233
-166
118
287
109
-196
-303
-101
206
213
-165
-390
-220
94
165
-91
-365
-297
20
132
-79
-317
-290
-12
131
37
-205
-289
-64
185
151
-82
-196
-84
110
166
67
12
7
35
19
72
157
166
77
-20
23
171
228
110
-22
-35
91
184
155
10
-88
-60
37
87
82
-27
-168
-118
60
117
-50
-244
-199
63
149
-79
-313
-238
63
211
-10
-304
-275
30
259
118
-186
-254
-55
245
302
15
-276
-169
202
408
240
-104
-218
70
405
334
17
-149
32
284
278
78
-87
-52
142
229
83
-62
-79
-5
67
30
-15
-59
-59
-53
-67
-77
15
4
-112
-176
-139
-47
-15
-108
-210
-117
6
24
-104
-184
-130
32
111
15
-101
-120
-11
139
135
-29
-122
8
180
213
33
-132
-36
224
322
108
-206
-172
173
381
209
-154
-293
-37
258
275
-29
-298
-242
32
245
88
-267
-343
-84
130
75
-207
-375
-203
66
114
-118
-355
-257
12
132
6
-227
-236
-4
139
26
-79
-74
16
62
41
32
66
92
25
-44
80
213
188
32
-54
32
226
248
93
-78
-57
113
249
174
-39
-140
-57
82
160
41
-168
-163
46
151
13
-209
-233
-22
166
60
-264
-380
-120
216
195
-155
-373
-201
172
324
10
-321
-262
81
326
232
-114
-282
-31
305
365
120
-182
-180
161
444
327
-40
-205
2
353
389
73
-182
-116
139
308
139
-107
-168
-61
108
136
5
-112
-139
-79
-9
31
31
-95
-238
-196
-46
63
-24
-240
-229
-54
77
-17
-175
-219
-80
74
111
9
-139
-140
26
179
124
-35
-144
-26
202
272
49
-195
-104
223
394
174
-209
-250
111
379
264
-137
-295
-51
240
249
-27
-278
-224
48
242
65
-287
-347
-115
142
125
-172
-375
-246
31
107
-65
-285
-258
-61
94
43
-164
-238
-84
93
120
27
-109
-142
0
173
212
83
-77
-132
-1
227
288
122
-70
-90
117
316
246
-9
-111
-15
169
241
121
-43
-110
-30
81
107
4
-123
-109
12
94
0
-190
-207
0
136
-9
-271
-313
-53
207
135
-190
-337
-159
177
240
-20
-281
-229
103
330
196
-121
-244
0
301
290
73
-157
-82
263
398
171
-123
-110
179
373
224
-74
-159
31
260
235
-26
-170
-31
102
107
-10
-96
-80
-31
-45
-80
-49
40
-37
-188
-207
-106
27
-8
-156
-195
-97
-22
-24
-74
-116
-110
-49
20
38
16
-36
-37
22
73
28
-4
49
134
113
-10
-65
67
242
248
34
-158
-87
155
270
154
-79
-188
7
195
175
-68
-269
-183
88
235
-4
-334
-313
-24
176
45
-287
-375
-127
111
70
-192
-357
-203
44
137
-17
-247
-234
21
166
88
-55
-137
-72
47
127
116
63
-7
-33
-20
143
265
161
-18
-97
54
269
262
77
-82
-47
139
218
106
-66
-75
0
64
78
-26
-109
-58
50
46
-83
-197
-133
37
94
-62
-271
-275
0
201
57
-222
-265
-56
161
132
-87
-236
-135
131
288
176
-134
-242
2
306
329
94
-193
-124
264
457
224
-131
-190
119
431
332
-36
-225
-80
216
328
123
-152
-200
-56
152
182
10
-184
-224
-89
83
150
0
-262
-316
-114
102
110
-113
-324
-244
14
125
13
-199
-269
-93
132
159
-23
-189
-142
60
209
102
-89
-122
77
237
169
-63
-147
78
315
282
-56
-271
-50
326
386
24
-280
-242
137
352
140
-215
-318
-106
195
201
-98
-340
-242
8
132
-12
-295
-318
-88
99
31
-232
-349
-168
112
135
-96
-306
-217
84
177
63
-98
-149
-39
95
131
96
19
3
10
17
122
202
184
38
-52
40
188
221
123
3
-54
40
177
188
39
-120
-130
16
169
95
-108
-181
-58
92
31
-157
-177
3
93
-69
-255
-221
24
156
2
-203
-238
-50
189
162
-91
-268
-158
164
346
138
-195
-248
91
364
286
-23
-185
-5
323
355
91
-86
3
215
265
102
-44
-22
101
192
116
-44
-95
-19
64
99
25
-93
-138
-82
-4
14
13
-48
-176
-223
-113
35
16
-156
-240
-145
36
41
-112
-217
-139
25
107
27
-99
-86
-7
75
91
3
-77
-7
164
222
51
-136
-80
197
339
158
-150
-199
85
304
225
-28
-208
-120
160
239
48
-210
-239
-29
191
111
-190
-331
-151
115
135
-117
-383
-283
26
128
-49
-331
-351
-64
172
102
-171
-295
-126
121
128
-11
-87
-76
-7
75
114
109
36
-39
-48
68
233
196
54
-44
3
183
298
97
-108
-79
174
298
170
-102
-191
-13
159
151
-28
-147
-106
40
129
-7
-181
-228
-82
114
94
-153
-331
-219
118
248
-3
-316
-326
7
260
163
-121
-242
-149
166
313
131
-205
-250
110
403
303
-36
-232
-21
350
411
125
-165
-133
202
435
259
-115
-252
35
341
253
-73
-231
-102
125
212
50
-157
-228
-128
97
137
0
-183
-278
-145
42
70
-105
-283
-216
-19
84
7
-145
-206
-146
26
100
39
-72
-133
-42
114
162
30
-122
-69
154
245
99
-106
-101
145
329
215
-116
-217
38
310
290
22
-246
-167
117
249
101
-198
-286
-88
189
192
-129
-355
-260
41
208
-27
-387
-351
-38
150
-2
-261
-342
-115
121
114
-104
-303
-190
54
208
128
-101
-203
-83
112
243
151
-40
-132
-48
142
258
192
28
-75
28
235
237
74
-63
-10
138
192
103
-26
-64
-7
39
67
36
-62
-90
-18
37
-8
-109
-168
-95
60
47
-148
-279
-155
109
115
-94
-238
-172
49
171
24
-163
-157
3
187
183
-8
-133
-34
173
249
138
-39
-96
119
361
278
-7
-146
48
318
310
86
-106
-100
110
249
143
-42
-128
-85
80
158
51
-121
-200
-102
57
78
0
-141
-233
-152
4
29
-90
-209
-176
-65
9
3
-74
-163
-135
-26
82
50
-51
-125
-59
115
164
18
-81
-19
123
199
78
-87
-59
157
300
178
-135
-189
69
309
263
-45
-260
-125
154
273
74
-244
-310
-52
244
181
-192
-388
-238
79
171
-82
-373
-312
-10
138
-44
-294
-302
-79
116
56
-148
-254
-92
112
91
-19
-60
-46
12
49
84
88
87
-11
-85
47
241
222
28
-71
62
225
219
68
-57
-16
121
206
148
-12
-109
-96
35
159
86
-121
-160
0
103
17
-162
-216
-38
145
47
-210
-342
-134
171
192
-106
-351
-231
103
296
84
-235
-292
-10
297
307
4
-280
-150
247
379
161
-119
-126
162
385
243
-27
-121
77
313
287
81
-93
-88
105
208
146
-5
-113
-116
15
145
100
-71
-203
-158
12
107
71
-155
-317
-205
48
154
-26
-343
-354
-28
211
92
-202
-333
-169
128
211
48
-180
-201
11
216
177
-55
-166
-29
216
266
18
-165
-12
238
287
80
-194
-101
195
290
134
-131
-190
-16
158
176
-17
-179
-179
-37
129
88
-166
-292
-168
31
93
-120
-319
-203
13
39
-159
-293
-181
18
93
-35
-218
-184
3
122
21
-74
-100
6
95
119
44
-8
15
27
52
122
152
101
38
27
149
203
103
1
-21
83
174
163
21
-69
-40
51
105
68
-38
-131
-77
42
69
-36
-202
-193
26
127
-22
-254
-268
-50
162
130
-145
-323
-179
117
211
3
-183
-174
37
242
188
-65
-211
-19
256
300
115
-110
-89
199
394
180
-126
-119
197
399
236
-91
-182
50
286
247
-14
-197
-115
92
188
87
-104
-203
-130
3
101
47
-81
-229
-223
-47
78
11
-202
-291
-130
73
102
-115
-268
-180
20
134
66
-71
-119
-58
52
133
75
-59
-56
82
204
149
-75
-134
78
321
298
-3
-256
-95
215
307
141
-129
-195
-16
187
195
-27
-266
-214
48
211
16
-240
-286
-122
81
46
-173
-266
-154
-25
-35
-134
-192
-149
-53
-7
-31
-129
-113
0
18
-15
-16
-14
-2
2
15
62
126
70
-55
-30
144
268
149
-57
-82
135
300
172
-24
-97
40
212
175
18
-80
-43
50
70
26
-29
-66
-53
4
25
-66
-165
-139
31
143
-67
-339
-304
53
276
71
-295
-383
-83
269
271
-117
-378
-176
241
381
111
-251
-245
128
406
272
-58
-221
15
397
415
46
-226
-63
332
437
110
-188
-135
155
349
167
-152
-199
25
189
109
-35
-114
-111
-66
8
33
7
-63
-179
-184
-77
0
-8
-126
-225
-168
-3
82
-28
-202
-193
-28
108
71
-66
-131
-35
77
150
24
-94
-47
152
228
77
-119
-108
143
348
230
-102
-258
22
316
284
-7
-236
-138
138
260
99
-198
-283
-75
161
145
-114
-271
-197
-33
72
-5
-246
-318
-151
56
35
-138
-290
-219
-10
115
16
-209
-229
-33
108
114
-7
-124
-72
33
89
127
81
-1
-52
-6
177
254
130
-59
-72
133
303
193
-13
-95
19
183
228
63
-105
-114
-8
93
146
1
-158
-112
43
85
-72
-206
-141
66
109
-131
-330
-208
123
225
-32
-306
-288
4
253
144
-136
-275
-91
198
308
90
-213
-210
126
380
265
-46
-205
9
365
373
92
-139
-76
236
370
203
-54
-146
18
231
233
25
-114
-91
36
118
40
-98
-131
-65
38
7
-40
-92
-152
-127
-72
-25
-58
-148
-192
-97
1
8
-65
-173
-151
-29
60
45
-29
-58
-24
35
75
12
-32
9
122
185
81
-79
-102
121
332
235
-93
-274
-6
350
352
14
-300
-215
138
302
101
-213
-312
-55
229
147
-177
-351
-213
64
144
-55
-309
-329
-67
94
-1
-232
-310
-123
92
74
-110
-216
-108
40
56
21
-26
-56
-22
28
66
111
73
28
-37
-5
156
218
140
-6
-37
106
246
222
40
-100
-56
147
263
133
-111
-177
-30
160
176
-32
-198
-126
66
106
-63
-245
-173
60
148
-71
-333
-270
65
234
29
-277
-338
-43
262
208
-89
-308
-172
188
359
146
-212
-245
130
402
250
-70
-166
60
323
310
57
-105
14
255
313
112
-93
-83
108
255
114
-72
-105
-31
53
89
47
-50
-107
-120
-74
15
74
-34
-234
-262
-91
119
76
-197
-342
-179
94
167
-57
-299
-259
-5
202
150
-98
-228
-100
169
257
22
-221
-120
202
358
101
-204
-149
205
413
200
-204
-282
80
389
321
-45
-306
-165
168
284
87
-216
-293
-59
202
144
-167
-334
-206
93
161
-108
-392
-306
40
144
-80
-320
-289
3
139
-9
-204
-221
-31
119
50
-40
-92
-54
38
99
94
39
6
1
-16
98
223
164
8
-68
35
262
282
56
-123
-68
159
308
148
-116
-213
-23
179
179
-24
-191
-162
56
159
-12
-228
-250
-33
187
82
-237
-361
-134
214
203
-164
-392
-237
145
301
74
-260
-270
33
279
217
-40
-203
-55
221
289
120
-73
-67
159
332
223
-1
-61
109
265
202
15
-58
31
183
209
35
-121
-66
51
107
43
-37
-90
-112
-55
14
44
-16
-173
-217
-93
-10
2
-88
-196
-164
-65
-2
-27
-113
-142
-79
3
57
33
-33
-87
-39
73
106
10
-81
0
201
231
2
-179
-42
270
360
121
-211
-211
125
391
252
-133
-345
-93
303
330
-25
-349
-326
63
311
114
-287
-369
-137
127
145
-155
-400
-272
27
133
-48
-302
-324
-73
132
89
-142
-274
-114
85
136
33
-123
-118
18
139
148
24
-43
-33
33
169
230
132
-6
-39
58
226
195
62
-44
-14
121
182
115
-5
-88
-44
70
91
34
-101
-118
-2
81
-14
-193
-195
-4
148
21
-262
-329
-71
235
155
-184
-373
-207
164
300
54
-278
-316
9
384
345
-60
-362
-150
291
481
204
-194
-224
135
462
343
-31
-186
22
343
353
57
-180
-92
177
285
119
-104
-160
-37
135
155
-22
-174
-177
-16
64
27
-29
-125
-205
-152
-49
18
-43
-185
-212
-98
8
15
-98
-175
-117
-6
69
59
-18
-89
-94
35
127
104
-12
-68
75
189
109
-36
-33
133
255
128
-126
-128
123
301
184
-114
-215
-16
198
176
-60
-245
-186
37
192
39
-225
-320
-151
111
107
-167
-370
-228
66
97
-150
-348
-219
52
124
-42
-246
-211
28
161
42
-92
-127
-30
99
114
83
44
18
-27
-26
128
216
150
30
-65
70
261
220
50
-73
-17
139
192
98
-48
-79
14
95
79
-62
-144
-37
94
70
-127
-269
-136
144
172
-118
-366
-282
48
267
98
-258
-366
-137
203
259
-8
-257
-226
79
319
239
-105
-307
-56
342
412
112
-240
-171
287
504
216
-183
-196
175
455
303
-94
-248
-21
327
320
-20
-232
-143
104
219
60
-144
-164
-73
13
23
1
-35
-154
-250
-125
21
62
-96
-248
-227
-36
103
22
-179
-232
-77
97
116
-13
-147
-113
85
184
49
-118
-101
101
280
197
-84
-196
29
326
341
4
-260
-103
211
356
172
-193
-281
18
293
232
-109
-362
-214
148
292
-9
-358
-330
-43
207
77
-298
-419
-168
143
95
-199
-361
-191
60
133
-35
-228
-207
-11
118
97
-8
-113
-125
9
131
183
106
-32
-130
-27
233
337
144
-106
-138
101
339
284
32
-160
-84
168
273
125
-63
-145
-58
90
171
64
-181
-201
-20
119
45
-155
-225
-64
109
47
-197
-313
-96
170
122
-141
-316
-155
160
235
-15
-260
-190
97
298
203
-107
-257
-18
297
345
107
-165
-106
236
392
192
-93
-79
170
352
198
-83
-120
60
234
203
-26
-134
-72
37
109
72
-35
-133
-159
-35
56
81
-21
-231
-271
-102
84
96
-157
-319
-183
17
85
-24
-180
-205
-60
108
118
-29
-154
-132
47
192
134
-41
-112
53
223
172
-52
-115
77
274
242
-36
-180
4
223
239
51
-174
-153
71
237
143
-163
-327
-86
199
188
-148
-367
-211
91
124
-100
-349
-294
-3
117
-61
-291
-276
-73
85
65
-141
-289
-122
121
152
-11
-123
-106
34
129
99
21
2
14
0
59
181
202
74
-49
-37
167
280
165
-35
-104
17
228
260
58
-134
-148
11
182
162
-80
-246
-116
141
169
-93
-332
-213
132
241
-74
-387
-331
75
316
87
-322
-413
-86
306
286
-84
-347
-212
171
389
187
-201
-306
55
410
357
-9
-238
-39
345
398
103
-141
-57
258
394
146
-134
-148
86
313
194
-96
-186
-31
144
149
-13
-128
-146
-70
4
17
-4
-79
-171
-169
-63
16
-31
-180
-216
-90
46
19
-141
-219
-108
59
98
-10
-124
-115
33
164
74
-90
-104
56
225
212
-4
-153
-59
222
340
141
-162
-180
101
325
219
-59
-220
-100
139
232
86
-164
-263
-137
115
163
-55
-252
-243
-71
94
16
-234
-327
-147
75
31
-210
-298
-150
67
130
-61
-260
-188
24
136
82
-43
-112
-63
64
154
124
5
-39
-3
65
191
202
64
-32
46
156
193
113
25
-8
30
138
184
74
-77
-115
-8
132
126
-38
-161
-92
53
81
-75
-241
-148
105
132
-131
-351
-214
150
243
-49
-347
-328
13
334
217
-192
-375
-126
282
382
77
-274
-231
168
390
244
-56
-171
59
349
309
36
-120
-13
266
338
128
-104
-108
92
262
156
-37
-122
-73